CHR_A	BP_A	SNP_A	CHR_B	BP_B	SNP_B	R2
19	41985587	rs11672691	19	41949870	rs3745286	0.0964647
19	41985587	rs11672691	19	41950737	rs60910096	0.101005
19	41985587	rs11672691	19	41951575	rs4293494	0.0980698
19	41985587	rs11672691	19	41951586	rs12975047	0.0980698
19	41985587	rs11672691	19	41952052	rs7259458	0.106958
19	41985587	rs11672691	19	41953928	rs2316973	0.106958
19	41985587	rs11672691	19	41955074	rs35917905	0.130302
19	41985587	rs11672691	19	41956828	rs10407688	0.105378
19	41985587	rs11672691	19	41960711	rs4803470	0.122659
19	41985587	rs11672691	19	41963613	rs10414933	0.105378
19	41985587	rs11672691	19	41963749	rs4803471	0.124488
19	41985587	rs11672691	19	41964705	rs7258077	0.124488
19	41985587	rs11672691	19	41964977	rs10402268	0.105378
19	41985587	rs11672691	19	41967693	rs587733831	0.104747
19	41985587	rs11672691	19	41973660	rs58969690	0.213196
19	41985587	rs11672691	19	41974301	rs112091118	0.205141
19	41985587	rs11672691	19	41974442	rs8101553	0.102113
19	41985587	rs11672691	19	41974444	rs8101740	0.102113
19	41985587	rs11672691	19	41974467	rs8101560	0.102113
19	41985587	rs11672691	19	41974643	rs8102586	0.106958
19	41985587	rs11672691	19	41975548	rs8106554	0.277555
19	41985587	rs11672691	19	41975688	rs10853752	0.422245
19	41985587	rs11672691	19	41975689	rs10853753	0.422245
19	41985587	rs11672691	19	41976039	rs10419737	0.105378
19	41985587	rs11672691	19	41976368	rs2109233	0.105378
19	41985587	rs11672691	19	41976754	rs8110081	0.440705
19	41985587	rs11672691	19	41976809	rs75968818	0.0961514
19	41985587	rs11672691	19	41977292	rs72480754	0.325323
19	41985587	rs11672691	19	41977449	rs79262657	0.325526
19	41985587	rs11672691	19	41977654	rs4803472	0.440705
19	41985587	rs11672691	19	41978366	rs10407360	0.293899
19	41985587	rs11672691	19	41978446	rs10409361	0.105378
19	41985587	rs11672691	19	41978596	rs7249489	0.325323
19	41985587	rs11672691	19	41979360	rs58040218	0.325323
19	41985587	rs11672691	19	41980415	rs2098106	0.105378
19	41985587	rs11672691	19	41980606	rs2079809	0.289034
19	41985587	rs11672691	19	41980622	rs2079810	0.325323
19	41985587	rs11672691	19	41981022	rs4803473	0.440705
19	41985587	rs11672691	19	41981195	rs7247630	0.105378
19	41985587	rs11672691	19	41981560	rs11083622	0.105378
19	41985587	rs11672691	19	41981664	rs11083623	0.105378
19	41985587	rs11672691	19	41981729	rs11083624	0.105378
19	41985587	rs11672691	19	41983107	rs7248484	0.443301
19	41985587	rs11672691	19	41983822	rs2005832	0.443301
19	41985587	rs11672691	19	41983952	rs144358554	0.328222
19	41985587	rs11672691	19	41984128	rs12462093	0.328222
19	41985587	rs11672691	19	41985587	rs11672691	1
19	41985587	rs11672691	19	41985624	rs887391	0.866547
19	41985587	rs11672691	19	41985802	rs887392	0.713834
19	41985587	rs11672691	19	41985931	rs11673591	0.994575
19	41985587	rs11672691	19	41986217	rs2079811	0.994575
19	41985587	rs11672691	19	41986536	rs2316974	0.994575
19	41985587	rs11672691	19	41986899	rs10407869	0.132977
19	41985587	rs11672691	19	41987019	rs10408516	0.132977
19	41985587	rs11672691	19	41987448	rs6508980	0.795104
19	41985587	rs11672691	19	41987873	rs8107333	0.606213
19	41985587	rs11672691	19	41989576	rs6508981	0.571186
19	41985587	rs11672691	19	41989711	rs8112363	0.809604
19	41985587	rs11672691	19	41989866	rs118014257	0.111942
19	41985587	rs11672691	19	41990045	rs61005330	0.10537
19	41985587	rs11672691	19	41990325	rs4802119	0.571186
19	41985587	rs11672691	19	41991524	rs758643	0.571729
19	41985587	rs11672691	19	41996923	rs113318216	0.111942
19	41985587	rs11672691	19	41999120	rs7248215	0.804744
19	41985587	rs11672691	19	42001210	rs2191139	0.804744
19	41985587	rs11672691	19	42003630	rs1005643	0.415613
19	41985587	rs11672691	19	42005425	rs117021063	0.111942
19	41985587	rs11672691	19	42005493	rs8105519	0.656568
19	41985587	rs11672691	19	42006301	rs112740915	0.106859
19	41985587	rs11672691	19	42006939	rs117699420	0.111942
19	41985587	rs11672691	19	42007228	rs150071903	0.106859
19	41985587	rs11672691	19	42007875	rs7249258	0.493788
19	41985587	rs11672691	19	42008023	rs7249512	0.159437
19	41985587	rs11672691	19	42008164	rs146064608	0.111942
19	41985587	rs11672691	19	42008477	rs10407939	0.524206
19	41985587	rs11672691	19	42009134	rs10414129	0.319114
19	41985587	rs11672691	19	42009673	rs12973063	0.524206
19	41985587	rs11672691	19	42009894	rs73558659	0.114829
19	41985587	rs11672691	19	42009969	rs73558664	0.113377
19	41985587	rs11672691	19	42010085	rs79199979	0.113377
19	41985587	rs11672691	19	42010900	rs7246192	0.113377
19	41985587	rs11672691	19	42012636	rs10424864	0.114829
19	41985587	rs11672691	19	42012654	rs10424379	0.114829
19	41985587	rs11672691	19	42012938	rs10404588	0.114829
19	41985587	rs11672691	19	42012945	rs200728182	0.114829
19	41985587	rs11672691	19	42013219	rs7248492	0.308042
19	41985587	rs11672691	19	42013812	rs11881871	0.114829
19	41985587	rs11672691	19	42013843	rs11881873	0.114829
19	41985587	rs11672691	19	42013850	rs140544123	0.113377
19	41985587	rs11672691	19	42014057	rs10411731	0.512015
19	41985587	rs11672691	19	42014269	rs10413940	0.114829
19	41985587	rs11672691	19	42014777	rs141374782	0.113377
19	41985587	rs11672691	19	42015417	rs11882747	0.114829
19	41985587	rs11672691	19	42015468	rs11882750	0.114829
19	41985587	rs11672691	19	42015530	rs12978846	0.261878
19	41985587	rs11672691	19	42016443	rs118171844	0.110526
19	41985587	rs11672691	19	42016880	rs8103195	0.116166
19	41985587	rs11672691	19	42019187	rs12981943	0.242741
19	41985587	rs11672691	19	42019689	rs10424020	0.114829
19	41985587	rs11672691	19	42020112	rs12610088	0.244639
19	41985587	rs11672691	19	42020151	rs60408420	0.114829
19	41985587	rs11672691	19	42020234	rs58874002	0.110601
19	41985587	rs11672691	19	42020337	rs117869547	0.113377
19	41985587	rs11672691	19	42020663	rs12976451	0.144077
19	41985587	rs11672691	19	42020942	rs10412700	0.490485
19	41985587	rs11672691	19	42021008	rs71181116	0.490485
19	41985587	rs11672691	19	42022245	rs10406545	0.29929
19	41985587	rs11672691	19	42022289	rs10406371	0.109136
19	41985587	rs11672691	19	42022444	rs10406988	0.490485
19	41985587	rs11672691	19	42023022	rs55982976	0.114829
19	41985587	rs11672691	19	42024602	rs75207258	0.114829
19	41985587	rs11672691	19	42025036	rs60857784	0.114829
19	41985587	rs11672691	19	42025212	rs10402466	0.114829
19	41985587	rs11672691	19	42025353	rs57626613	0.295243
19	41985587	rs11672691	19	42025413	rs11669873	0.490485
19	41985587	rs11672691	19	42025482	rs73933640	0.114829
19	41985587	rs11672691	19	42025724	rs2317312	0.111677
19	41985587	rs11672691	19	42026386	rs10410081	0.490485
19	41985587	rs11672691	19	42026451	rs544023491	0.136504
19	41985587	rs11672691	19	42026483	rs60577276	0.114829
19	41985587	rs11672691	19	42026607	rs10410890	0.114829
19	41985587	rs11672691	19	42027169	rs10417174	0.488145
19	41985587	rs11672691	19	42027500	rs4803475	0.486693
19	41985587	rs11672691	19	42027514	rs4803476	0.486693
19	41985587	rs11672691	19	42028642	rs113455685	0.10537
19	41985587	rs11672691	19	42028694	rs186596024	0.111942
19	41985587	rs11672691	19	42029845	rs118116774	0.10537
19	41985587	rs11672691	19	42029894	rs139716638	0.10537
19	41985587	rs11672691	19	42030273	rs117386466	0.106859
19	41985587	rs11672691	19	42030281	rs117725483	0.10537
19	41985587	rs11672691	19	42031348	rs8111181	0.141365
19	41985587	rs11672691	19	42031445	rs56229322	0.141365
19	41985587	rs11672691	19	42031592	rs11668699	0.437189
19	41985587	rs11672691	19	42032184	rs117906293	0.10537
19	41985587	rs11672691	19	42032270	rs372054424;rs571133334	0.10537
19	41985587	rs11672691	19	42032339	rs117650637	0.10537
19	41985587	rs11672691	19	42032497	rs117688675	0.10537
19	41985587	rs11672691	19	42032916	rs57590464	0.141365
19	41985587	rs11672691	19	42033304	rs7252624	0.440748
19	41985587	rs11672691	19	42033539	rs141156752	0.142987
19	41985587	rs11672691	19	42033703	rs7252454	0.261646
19	41985587	rs11672691	19	42033850	rs8109034	0.203049
19	41985587	rs11672691	19	42033890	rs12609438	0.440748
19	41985587	rs11672691	19	42033957	rs118115366	0.10537
19	41985587	rs11672691	19	42034033	rs62119375	0.142987
19	41985587	rs11672691	19	42034810	rs117694756	0.10537
19	41985587	rs11672691	19	42035174	rs8113621	0.261646
19	41985587	rs11672691	19	42035481	rs73933643	0.141365
19	41985587	rs11672691	19	42035716	rs3826716	0.440748
19	41985587	rs11672691	19	42036509	rs62119412	0.141365
19	41985587	rs11672691	19	42037969	rs12462897	0.440748
19	41985587	rs11672691	19	42038433	rs62119413	0.147917
19	41985587	rs11672691	19	42038469	rs62119414	0.147917
19	41985587	rs11672691	19	42039525	rs35239728	0.427697
19	41985587	rs11672691	19	42039797	rs140603363	0.0991759
19	41985587	rs11672691	19	42040581	rs200555000	0.0991759
19	41985587	rs11672691	19	42042330	rs145409348	0.100708
19	41985587	rs11672691	19	42042331	rs2286754	0.400953
19	41985587	rs11672691	19	42042771	rs7252861	0.100708
19	41985587	rs11672691	19	42042947	rs7257282	0.250559
19	41985587	rs11672691	19	42043314	rs73560826	0.100708
19	41985587	rs11672691	19	42044115	rs55712173	0.100708
19	41985587	rs11672691	19	42044960	rs73560834	0.100708
19	41985587	rs11672691	19	42045484	rs73560835	0.100708
19	41985587	rs11672691	19	42046986	rs11083626	0.379178
19	41985587	rs11672691	19	42047006	rs10423808	0.379178
19	41985587	rs11672691	19	42047480	rs10424376	0.379178
19	41985587	rs11672691	19	42047591	rs4802120	0.375901
19	41985587	rs11672691	19	42047924	rs4802122	0.375901
19	41985587	rs11672691	19	42048607	rs145988866	0.184547
19	41985587	rs11672691	19	42049389	rs11392110	0.11391
19	41985587	rs11672691	19	42049821	rs7255742	0.226584
19	41985587	rs11672691	19	42051115	rs58173572	0.100708
19	41985587	rs11672691	19	42051231	rs138176090	0.0991759
19	41985587	rs11672691	19	42051884	rs201340124	0.0991759
19	41985587	rs11672691	19	42052007	rs73560844	0.100708
19	41985587	rs11672691	19	42053600	rs36035948	0.1048
19	41985587	rs11672691	19	42053676	rs73560851	0.0991759
19	41985587	rs11672691	19	42057528	rs201162244	0.120348
19	41985587	rs11672691	19	42057604	rs4803479	0.31451
19	41985587	rs11672691	19	42057906	rs10153482	0.110355
19	41985587	rs11672691	19	42058025	rs16975338	0.177017
19	41985587	rs11672691	19	42059389	rs10421574	0.101359
19	41985587	rs11672691	19	42059674	rs7257565	0.293971
19	41985587	rs11672691	19	42059720	rs34631471	0.101359
19	41985587	rs11672691	19	42060315	rs138344212	0.101359
19	41985587	rs11672691	19	42063981	rs7255679	0.13793
19	41985587	rs11672691	19	42064462	rs10420992	0.351244
19	41985587	rs11672691	19	42066279	rs4803480	0.13793
19	41985587	rs11672691	19	42066556	rs4803481	0.351244
19	41985587	rs11672691	19	42068648	rs11673075	0.354229
19	41985587	rs11672691	19	42069171	rs10405039	0.354229
19	41985587	rs11672691	19	42069900	rs11083627	0.354229
19	41985587	rs11672691	19	42070360	rs12150975	0.354229
19	41985587	rs11672691	19	42070528	rs12983999	0.354229
19	41985587	rs11672691	19	42071289	rs3745937	0.13793
19	41985587	rs11672691	19	42071917	rs67586670	0.354229
19	41985587	rs11672691	19	42072289	rs12462194	0.354229
19	41985587	rs11672691	19	42072602	rs11882144	0.134932
19	41985587	rs11672691	19	42073433	rs10420470	0.13793
19	41985587	rs11672691	19	42075436	rs17710743	0.17208
19	41985587	rs11672691	19	42077072	rs1860255	0.357868
19	41985587	rs11672691	19	42077599	rs140838345	0.225572
19	41985587	rs11672691	19	42077832	rs11083628	0.345327
19	41985587	rs11672691	19	42077991	rs9304595	0.137394
19	41985587	rs11672691	19	42078603	rs10406221	0.351244
19	41985587	rs11672691	19	42080923	rs2191019	0.351244
19	41985587	rs11672691	19	42081907	rs4141218	0.167192
19	41985587	rs11672691	19	42083849	rs714106	0.351244
19	41985587	rs11672691	19	42084182	rs723902	0.225572
19	41985587	rs11672691	19	42084277	rs1476769	0.137394
19	41985587	rs11672691	19	42084385	rs1476770	0.137394
19	41985587	rs11672691	19	42084655	rs34093847	0.166434
19	41985587	rs11672691	19	42084795	rs873910	0.351244
19	41985587	rs11672691	19	42085106	rs758349	0.137394
19	41985587	rs11672691	19	42085873	rs2302188	0.31205
19	41985931	rs11673591	19	41949870	rs3745286	0.0979317
19	41985931	rs11673591	19	41950737	rs60910096	0.101121
19	41985931	rs11673591	19	41951575	rs4293494	0.0995428
19	41985931	rs11673591	19	41951586	rs12975047	0.0995428
19	41985931	rs11673591	19	41952052	rs7259458	0.106316
19	41985931	rs11673591	19	41953928	rs2316973	0.106316
19	41985931	rs11673591	19	41955074	rs35917905	0.132625
19	41985931	rs11673591	19	41956828	rs10407688	0.104749
19	41985931	rs11673591	19	41960711	rs4803470	0.124661
19	41985931	rs11673591	19	41963613	rs10414933	0.104749
19	41985931	rs11673591	19	41963749	rs4803471	0.126497
19	41985931	rs11673591	19	41964705	rs7258077	0.126497
19	41985931	rs11673591	19	41964977	rs10402268	0.104749
19	41985931	rs11673591	19	41967693	rs587733831	0.104747
19	41985931	rs11673591	19	41973660	rs58969690	0.212304
19	41985931	rs11673591	19	41974301	rs112091118	0.207681
19	41985931	rs11673591	19	41974442	rs8101553	0.1015
19	41985931	rs11673591	19	41974444	rs8101740	0.1015
19	41985931	rs11673591	19	41974467	rs8101560	0.1015
19	41985931	rs11673591	19	41974643	rs8102586	0.106316
19	41985931	rs11673591	19	41975548	rs8106554	0.27964
19	41985931	rs11673591	19	41975688	rs10853752	0.424203
19	41985931	rs11673591	19	41975689	rs10853753	0.424203
19	41985931	rs11673591	19	41976039	rs10419737	0.104749
19	41985931	rs11673591	19	41976368	rs2109233	0.104749
19	41985931	rs11673591	19	41976754	rs8110081	0.442842
19	41985931	rs11673591	19	41976809	rs75968818	0.0956819
19	41985931	rs11673591	19	41977292	rs72480754	0.328122
19	41985931	rs11673591	19	41977449	rs79262657	0.328351
19	41985931	rs11673591	19	41977654	rs4803472	0.442842
19	41985931	rs11673591	19	41978366	rs10407360	0.296173
19	41985931	rs11673591	19	41978446	rs10409361	0.104749
19	41985931	rs11673591	19	41978596	rs7249489	0.328122
19	41985931	rs11673591	19	41979360	rs58040218	0.328122
19	41985931	rs11673591	19	41980415	rs2098106	0.104749
19	41985931	rs11673591	19	41980606	rs2079809	0.291532
19	41985931	rs11673591	19	41980622	rs2079810	0.328122
19	41985931	rs11673591	19	41981022	rs4803473	0.442842
19	41985931	rs11673591	19	41981195	rs7247630	0.104749
19	41985931	rs11673591	19	41981560	rs11083622	0.104749
19	41985931	rs11673591	19	41981664	rs11083623	0.104749
19	41985931	rs11673591	19	41981729	rs11083624	0.104749
19	41985931	rs11673591	19	41983107	rs7248484	0.445455
19	41985931	rs11673591	19	41983822	rs2005832	0.445455
19	41985931	rs11673591	19	41983952	rs144358554	0.331045
19	41985931	rs11673591	19	41984128	rs12462093	0.331045
19	41985931	rs11673591	19	41985587	rs11672691	0.994575
19	41985931	rs11673591	19	41985624	rs887391	0.861816
19	41985931	rs11673591	19	41985802	rs887392	0.709867
19	41985931	rs11673591	19	41985931	rs11673591	1
19	41985931	rs11673591	19	41986217	rs2079811	1
19	41985931	rs11673591	19	41986536	rs2316974	1
19	41985931	rs11673591	19	41986899	rs10407869	0.13234
19	41985931	rs11673591	19	41987019	rs10408516	0.13234
19	41985931	rs11673591	19	41987448	rs6508980	0.800977
19	41985931	rs11673591	19	41987873	rs8107333	0.612084
19	41985931	rs11673591	19	41989576	rs6508981	0.5769
19	41985931	rs11673591	19	41989711	rs8112363	0.814883
19	41985931	rs11673591	19	41989866	rs118014257	0.111347
19	41985931	rs11673591	19	41990045	rs61005330	0.104784
19	41985931	rs11673591	19	41990325	rs4802119	0.5769
19	41985931	rs11673591	19	41991524	rs758643	0.577532
19	41985931	rs11673591	19	41996923	rs113318216	0.111347
19	41985931	rs11673591	19	41999120	rs7248215	0.810028
19	41985931	rs11673591	19	42001210	rs2191139	0.810028
19	41985931	rs11673591	19	42003630	rs1005643	0.421713
19	41985931	rs11673591	19	42005425	rs117021063	0.111347
19	41985931	rs11673591	19	42005493	rs8105519	0.661217
19	41985931	rs11673591	19	42006301	rs112740915	0.10626
19	41985931	rs11673591	19	42006939	rs117699420	0.111347
19	41985931	rs11673591	19	42007228	rs150071903	0.10626
19	41985931	rs11673591	19	42007875	rs7249258	0.497105
19	41985931	rs11673591	19	42008023	rs7249512	0.158575
19	41985931	rs11673591	19	42008164	rs146064608	0.111347
19	41985931	rs11673591	19	42008477	rs10407939	0.527826
19	41985931	rs11673591	19	42009134	rs10414129	0.322839
19	41985931	rs11673591	19	42009673	rs12973063	0.527826
19	41985931	rs11673591	19	42009894	rs73558659	0.114209
19	41985931	rs11673591	19	42009969	rs73558664	0.112769
19	41985931	rs11673591	19	42010085	rs79199979	0.112769
19	41985931	rs11673591	19	42010900	rs7246192	0.112769
19	41985931	rs11673591	19	42012636	rs10424864	0.114209
19	41985931	rs11673591	19	42012654	rs10424379	0.114209
19	41985931	rs11673591	19	42012938	rs10404588	0.114209
19	41985931	rs11673591	19	42012945	rs200728182	0.114209
19	41985931	rs11673591	19	42013219	rs7248492	0.311788
19	41985931	rs11673591	19	42013812	rs11881871	0.114209
19	41985931	rs11673591	19	42013843	rs11881873	0.114209
19	41985931	rs11673591	19	42013850	rs140544123	0.112769
19	41985931	rs11673591	19	42014057	rs10411731	0.515666
19	41985931	rs11673591	19	42014269	rs10413940	0.114209
19	41985931	rs11673591	19	42014777	rs141374782	0.112769
19	41985931	rs11673591	19	42015417	rs11882747	0.114209
19	41985931	rs11673591	19	42015468	rs11882750	0.114209
19	41985931	rs11673591	19	42015530	rs12978846	0.268231
19	41985931	rs11673591	19	42016443	rs118171844	0.109944
19	41985931	rs11673591	19	42016880	rs8103195	0.120935
19	41985931	rs11673591	19	42019187	rs12981943	0.248766
19	41985931	rs11673591	19	42019689	rs10424020	0.114209
19	41985931	rs11673591	19	42020112	rs12610088	0.250691
19	41985931	rs11673591	19	42020151	rs60408420	0.114209
19	41985931	rs11673591	19	42020234	rs58874002	0.109998
19	41985931	rs11673591	19	42020337	rs117869547	0.112769
19	41985931	rs11673591	19	42020663	rs12976451	0.144087
19	41985931	rs11673591	19	42020942	rs10412700	0.494007
19	41985931	rs11673591	19	42021008	rs71181116	0.494007
19	41985931	rs11673591	19	42022245	rs10406545	0.302874
19	41985931	rs11673591	19	42022289	rs10406371	0.11366
19	41985931	rs11673591	19	42022444	rs10406988	0.494007
19	41985931	rs11673591	19	42023022	rs55982976	0.114209
19	41985931	rs11673591	19	42024602	rs75207258	0.114209
19	41985931	rs11673591	19	42025036	rs60857784	0.114209
19	41985931	rs11673591	19	42025212	rs10402466	0.114209
19	41985931	rs11673591	19	42025353	rs57626613	0.298755
19	41985931	rs11673591	19	42025413	rs11669873	0.494007
19	41985931	rs11673591	19	42025482	rs73933640	0.114209
19	41985931	rs11673591	19	42025724	rs2317312	0.112896
19	41985931	rs11673591	19	42026386	rs10410081	0.494007
19	41985931	rs11673591	19	42026451	rs544023491	0.135686
19	41985931	rs11673591	19	42026483	rs60577276	0.114209
19	41985931	rs11673591	19	42026607	rs10410890	0.114209
19	41985931	rs11673591	19	42027169	rs10417174	0.491595
19	41985931	rs11673591	19	42027500	rs4803475	0.490216
19	41985931	rs11673591	19	42027514	rs4803476	0.490216
19	41985931	rs11673591	19	42028642	rs113455685	0.104784
19	41985931	rs11673591	19	42028694	rs186596024	0.111347
19	41985931	rs11673591	19	42029845	rs118116774	0.104784
19	41985931	rs11673591	19	42029894	rs139716638	0.104784
19	41985931	rs11673591	19	42030273	rs117386466	0.10626
19	41985931	rs11673591	19	42030281	rs117725483	0.104784
19	41985931	rs11673591	19	42031348	rs8111181	0.140562
19	41985931	rs11673591	19	42031445	rs56229322	0.140562
19	41985931	rs11673591	19	42031592	rs11668699	0.440611
19	41985931	rs11673591	19	42032184	rs117906293	0.104784
19	41985931	rs11673591	19	42032270	rs372054424;rs571133334	0.104784
19	41985931	rs11673591	19	42032339	rs117650637	0.104784
19	41985931	rs11673591	19	42032497	rs117688675	0.104784
19	41985931	rs11673591	19	42032916	rs57590464	0.140562
19	41985931	rs11673591	19	42033304	rs7252624	0.444171
19	41985931	rs11673591	19	42033539	rs141156752	0.14217
19	41985931	rs11673591	19	42033703	rs7252454	0.265062
19	41985931	rs11673591	19	42033850	rs8109034	0.209179
19	41985931	rs11673591	19	42033890	rs12609438	0.444171
19	41985931	rs11673591	19	42033957	rs118115366	0.104784
19	41985931	rs11673591	19	42034033	rs62119375	0.14217
19	41985931	rs11673591	19	42034810	rs117694756	0.104784
19	41985931	rs11673591	19	42035174	rs8113621	0.265062
19	41985931	rs11673591	19	42035481	rs73933643	0.140562
19	41985931	rs11673591	19	42035716	rs3826716	0.444171
19	41985931	rs11673591	19	42036509	rs62119412	0.140562
19	41985931	rs11673591	19	42037969	rs12462897	0.444171
19	41985931	rs11673591	19	42038433	rs62119413	0.147105
19	41985931	rs11673591	19	42038469	rs62119414	0.147105
19	41985931	rs11673591	19	42039525	rs35239728	0.431099
19	41985931	rs11673591	19	42039797	rs140603363	0.0985985
19	41985931	rs11673591	19	42040581	rs200555000	0.0985985
19	41985931	rs11673591	19	42042330	rs145409348	0.100118
19	41985931	rs11673591	19	42042331	rs2286754	0.404037
19	41985931	rs11673591	19	42042771	rs7252861	0.100118
19	41985931	rs11673591	19	42042947	rs7257282	0.253935
19	41985931	rs11673591	19	42043314	rs73560826	0.100118
19	41985931	rs11673591	19	42044115	rs55712173	0.100118
19	41985931	rs11673591	19	42044960	rs73560834	0.100118
19	41985931	rs11673591	19	42045484	rs73560835	0.100118
19	41985931	rs11673591	19	42046986	rs11083626	0.382564
19	41985931	rs11673591	19	42047006	rs10423808	0.382564
19	41985931	rs11673591	19	42047480	rs10424376	0.382564
19	41985931	rs11673591	19	42047591	rs4802120	0.379285
19	41985931	rs11673591	19	42047924	rs4802122	0.379285
19	41985931	rs11673591	19	42048607	rs145988866	0.190468
19	41985931	rs11673591	19	42049389	rs11392110	0.11395
19	41985931	rs11673591	19	42049821	rs7255742	0.229653
19	41985931	rs11673591	19	42051115	rs58173572	0.100118
19	41985931	rs11673591	19	42051231	rs138176090	0.0985985
19	41985931	rs11673591	19	42051884	rs201340124	0.0985985
19	41985931	rs11673591	19	42052007	rs73560844	0.100118
19	41985931	rs11673591	19	42053600	rs36035948	0.108044
19	41985931	rs11673591	19	42053676	rs73560851	0.0985985
19	41985931	rs11673591	19	42057528	rs201162244	0.123765
19	41985931	rs11673591	19	42057604	rs4803479	0.317391
19	41985931	rs11673591	19	42057906	rs10153482	0.113641
19	41985931	rs11673591	19	42058025	rs16975338	0.182853
19	41985931	rs11673591	19	42059389	rs10421574	0.104432
19	41985931	rs11673591	19	42059674	rs7257565	0.296696
19	41985931	rs11673591	19	42059720	rs34631471	0.104432
19	41985931	rs11673591	19	42060315	rs138344212	0.104432
19	41985931	rs11673591	19	42063981	rs7255679	0.140788
19	41985931	rs11673591	19	42064462	rs10420992	0.354087
19	41985931	rs11673591	19	42066279	rs4803480	0.140788
19	41985931	rs11673591	19	42066556	rs4803481	0.354087
19	41985931	rs11673591	19	42068648	rs11673075	0.357096
19	41985931	rs11673591	19	42069171	rs10405039	0.357096
19	41985931	rs11673591	19	42069900	rs11083627	0.357096
19	41985931	rs11673591	19	42070360	rs12150975	0.357096
19	41985931	rs11673591	19	42070528	rs12983999	0.357096
19	41985931	rs11673591	19	42071289	rs3745937	0.140788
19	41985931	rs11673591	19	42071917	rs67586670	0.357096
19	41985931	rs11673591	19	42072289	rs12462194	0.357096
19	41985931	rs11673591	19	42072602	rs11882144	0.137726
19	41985931	rs11673591	19	42073433	rs10420470	0.140788
19	41985931	rs11673591	19	42075436	rs17710743	0.177797
19	41985931	rs11673591	19	42077072	rs1860255	0.360765
19	41985931	rs11673591	19	42077599	rs140838345	0.228531
19	41985931	rs11673591	19	42077832	rs11083628	0.348172
19	41985931	rs11673591	19	42077991	rs9304595	0.140224
19	41985931	rs11673591	19	42078603	rs10406221	0.354087
19	41985931	rs11673591	19	42080923	rs2191019	0.354087
19	41985931	rs11673591	19	42081907	rs4141218	0.17013
19	41985931	rs11673591	19	42083849	rs714106	0.354087
19	41985931	rs11673591	19	42084182	rs723902	0.228531
19	41985931	rs11673591	19	42084277	rs1476769	0.140224
19	41985931	rs11673591	19	42084385	rs1476770	0.140224
19	41985931	rs11673591	19	42084655	rs34093847	0.16868
19	41985931	rs11673591	19	42084795	rs873910	0.354087
19	41985931	rs11673591	19	42085106	rs758349	0.140224
19	41985931	rs11673591	19	42085873	rs2302188	0.314888
