CHR_A	BP_A	SNP_A	CHR_B	BP_B	SNP_B	R2
17	46805705	rs138213197	17	47254852	rs138050697	0.165007
17	46805705	rs138213197	17	47411672	rs149609663	0.165007
17	46805705	rs138213197	17	47551734	rs149128694	0.198406
17	46915735	rs138263737	17	47246389	rs532015555	0.165007
17	46915735	rs138263737	17	47279492	rs568869758	0.165007
17	46915735	rs138263737	17	47297932	rs566911234	0.165007
17	46915735	rs138263737	17	47302884	rs569681546	0.165007
17	46915735	rs138263737	17	47303951	rs145267664	0.165007
17	46915735	rs138263737	17	47304569	rs535449526	0.165007
17	46915735	rs138263737	17	47311409	rs543900595	0.165007
17	46915735	rs138263737	17	47312402	rs189739857	0.165007
17	46915735	rs138263737	17	47337081	rs576091622	0.165007
17	46915735	rs138263737	17	47337258	rs561378262	0.165007
17	46915735	rs138263737	17	47348671	rs533984405	0.165007
17	46915735	rs138263737	17	47416885	rs540501758	0.165007
17	46915735	rs138263737	17	47426777	rs185106092	0.165007
17	46915735	rs138263737	17	47431977	rs147023303	0.165007
17	46915735	rs138263737	17	47456809	rs566851783	0.165007
17	46915735	rs138263737	17	47476529	rs532575147	0.165007
17	46915735	rs138263737	17	47534160	rs571326122	0.165007
17	46915735	rs138263737	17	47535794	rs535302964	0.165007
17	46915735	rs138263737	17	47536241	rs574449186	0.165007
17	46915735	rs138263737	17	47543329	rs536924954	0.165007
17	47345186	rs11650494	17	47256685	rs150634878	0.409295
17	47345186	rs11650494	17	47267001	rs149727893	0.110219
17	47345186	rs11650494	17	47276016	rs138081835	0.468569
17	47345186	rs11650494	17	47298966	rs77624269	0.468569
17	47345186	rs11650494	17	47301268	rs9889994	0.0942907
17	47345186	rs11650494	17	47304535	rs78551693	0.0950721
17	47345186	rs11650494	17	47306829	rs74584378	0.0950721
17	47345186	rs11650494	17	47310758	rs11654776	0.0942907
17	47345186	rs11650494	17	47312225	rs79006836	0.0950721
17	47345186	rs11650494	17	47314019	rs11658845	0.102606
17	47345186	rs11650494	17	47315878	rs7216884	0.102606
17	47345186	rs11650494	17	47316259	rs850522	0.107535
17	47345186	rs11650494	17	47316483	rs138529704	0.102606
17	47345186	rs11650494	17	47318565	rs117894669	0.106267
17	47345186	rs11650494	17	47320314	rs73340354	0.134338
17	47345186	rs11650494	17	47321419	rs673375	0.137012
17	47345186	rs11650494	17	47323666	rs12952749	0.112832
17	47345186	rs11650494	17	47325867	rs117821438	0.896927
17	47345186	rs11650494	17	47329255	rs9895945	0.12508
17	47345186	rs11650494	17	47330796	rs34367165	0.120391
17	47345186	rs11650494	17	47333478	rs12948327	0.113762
17	47345186	rs11650494	17	47333557	rs146575231	0.914011
17	47345186	rs11650494	17	47335348	rs146100660	0.914683
17	47345186	rs11650494	17	47335589	rs149261956	0.931173
17	47345186	rs11650494	17	47335887	rs76902084	0.120648
17	47345186	rs11650494	17	47336931	rs74659133	0.931173
17	47345186	rs11650494	17	47339741	rs11653139	0.948187
17	47345186	rs11650494	17	47342049	rs57438823	0.139463
17	47345186	rs11650494	17	47345186	rs11650494	1
17	47345186	rs11650494	17	47348066	rs147125686	0.897534
17	47345186	rs11650494	17	47356805	rs12602382	0.12254
17	47345186	rs11650494	17	47358308	rs73340392	0.914683
17	47345186	rs11650494	17	47358733	rs12942379	0.12182
17	47345186	rs11650494	17	47362923	rs11650087	0.897534
17	47345186	rs11650494	17	47362991	rs11653686	0.898692
17	47345186	rs11650494	17	47364913	rs117087923	0.897534
17	47345186	rs11650494	17	47365638	rs117180146	0.120648
17	47345186	rs11650494	17	47367751	rs148298271	0.898692
17	47345186	rs11650494	17	47370449	rs75904857	0.897534
17	47345186	rs11650494	17	47372328	rs77338752	0.897534
17	47345186	rs11650494	17	47372743	rs73340399	0.914683
17	47345186	rs11650494	17	47372764	rs2906100	0.133237
17	47345186	rs11650494	17	47374886	rs57390430	0.914683
17	47345186	rs11650494	17	47376440	rs2960168	0.132519
17	47345186	rs11650494	17	47378937	rs11651191	0.897534
17	47345186	rs11650494	17	47379581	rs2960172	0.134615
17	47345186	rs11650494	17	47379867	rs140302625	0.897534
17	47345186	rs11650494	17	47382240	rs10601579	0.0989443
17	47345186	rs11650494	17	47382256	rs57980718	0.128455
17	47345186	rs11650494	17	47382795	rs148171854	0.897534
17	47345186	rs11650494	17	47383994	rs11658111	0.883179
17	47345186	rs11650494	17	47384611	rs7214496	0.132519
17	47345186	rs11650494	17	47384974	rs113056032	0.883179
17	47345186	rs11650494	17	47390014	rs2072153	0.132519
17	47345186	rs11650494	17	47390136	rs11654557	0.897534
17	47345186	rs11650494	17	47395729	rs9907478	0.897534
17	47345186	rs11650494	17	47396628	rs76366926	0.897534
17	47345186	rs11650494	17	47398244	rs530923403	0.914683
17	47345186	rs11650494	17	47398245	rs565189650	0.897534
17	47345186	rs11650494	17	47398246	rs369322961	0.914683
17	47345186	rs11650494	17	47398282	rs78208413	0.897534
17	47345186	rs11650494	17	47399633	rs8076023	0.898692
17	47345186	rs11650494	17	47404669	rs4390639	0.132519
17	47345186	rs11650494	17	47405338	rs73324308	0.914683
17	47345186	rs11650494	17	47407342	rs9891264	0.898692
17	47345186	rs11650494	17	47407816	rs68160249	0.132519
17	47345186	rs11650494	17	47408475	rs12937923	0.132519
17	47345186	rs11650494	17	47410521	rs140503890	0.898692
17	47345186	rs11650494	17	47410889	rs11653762	0.897534
17	47345186	rs11650494	17	47411493	rs77247327	0.897534
17	47345186	rs11650494	17	47411814	rs111834333	0.898692
17	47345186	rs11650494	17	47412578	rs75092916	0.881563
17	47345186	rs11650494	17	47416672	rs548780657	0.0990325
17	47345186	rs11650494	17	47420054	rs73324323	0.914683
17	47345186	rs11650494	17	47421593	rs117853079	0.897534
17	47345186	rs11650494	17	47421779	rs144202373	0.914683
17	47345186	rs11650494	17	47422317	rs35822701	0.132519
17	47345186	rs11650494	17	47422363	rs11652146	0.132519
17	47345186	rs11650494	17	47425588	rs11656535	0.914683
17	47345186	rs11650494	17	47429834	rs2119931	0.132519
17	47345186	rs11650494	17	47431950	rs74830554	0.897534
17	47345186	rs11650494	17	47433192	rs140670503	0.897534
17	47345186	rs11650494	17	47433222	rs61286260	0.898692
17	47345186	rs11650494	17	47439593	rs542271356	0.0934593
17	47345186	rs11650494	17	47439987	rs36102386	0.897534
17	47345186	rs11650494	17	47444794	rs1317701	0.123244
17	47345186	rs11650494	17	47445346	rs142415707	0.880463
17	47345186	rs11650494	17	47445751	rs2411984	0.125344
17	47345186	rs11650494	17	47446968	rs79768864	0.880463
17	47345186	rs11650494	17	47447808	rs200644650	0.128323
17	47345186	rs11650494	17	47447836	rs118099826	0.880463
17	47345186	rs11650494	17	47447950	rs117801358	0.880463
17	47345186	rs11650494	17	47448172	rs11655704	0.12464
17	47345186	rs11650494	17	47448970	rs77488129	0.880463
17	47345186	rs11650494	17	47449193	rs11650886	0.864513
17	47345186	rs11650494	17	47451201	rs187085179	0.0934593
17	47345186	rs11650494	17	47452263	rs11655191	0.864513
17	47345186	rs11650494	17	47453471	rs146336970	0.864513
17	47345186	rs11650494	17	47454263	rs7216993	0.881563
17	47345186	rs11650494	17	47455752	rs73324348	0.881563
17	47345186	rs11650494	17	47456064	rs8065389	0.881563
17	47345186	rs11650494	17	47456754	rs11650001	0.864513
17	47345186	rs11650494	17	47457883	rs572896379	0.0918845
17	47345186	rs11650494	17	47457977	rs146060597	0.881563
17	47345186	rs11650494	17	47459877	rs76778410	0.601404
17	47345186	rs11650494	17	47466640	rs8072520	0.682067
17	47345186	rs11650494	17	47468546	rs57030023	0.697728
17	47345186	rs11650494	17	47468706	rs16948071	0.697728
17	47345186	rs11650494	17	47468747	rs569524103;rs568439260	0.564515
17	47345186	rs11650494	17	47468868	rs77653195	0.697728
17	47345186	rs11650494	17	47470720	rs8065814	0.697728
17	47345186	rs11650494	17	47471334	rs2119935	0.697728
17	47345186	rs11650494	17	47472123	rs11653701	0.697728
17	47345186	rs11650494	17	47472365	rs11653775	0.697728
17	47345186	rs11650494	17	47473580	rs61427980	0.697728
17	47345186	rs11650494	17	47473785	rs76651802	0.697728
17	47345186	rs11650494	17	47474165	rs562849373	0.154938
17	47345186	rs11650494	17	47474227	rs8081433	0.697728
17	47345186	rs11650494	17	47474571	rs11651666	0.697728
17	47345186	rs11650494	17	47474728	rs73987293	0.697728
17	47345186	rs11650494	17	47474730	rs73987294	0.697728
17	47345186	rs11650494	17	47474800	rs16948078	0.697728
17	47345186	rs11650494	17	47474957	rs151160502	0.697728
17	47345186	rs11650494	17	47475007	rs8066722	0.697728
17	47345186	rs11650494	17	47475811	rs142462277	0.231643
17	47345186	rs11650494	17	47475822	rs2165701	0.697728
17	47345186	rs11650494	17	47476041	rs113367969	0.697728
17	47345186	rs11650494	17	47476340	rs112882725	0.63488
17	47345186	rs11650494	17	47476363	rs7215657	0.554588
17	47345186	rs11650494	17	47476459	rs7217578	0.517097
17	47345186	rs11650494	17	47484286	rs2233666	0.546169
17	47345186	rs11650494	17	47484445	rs74619404	0.546169
17	47345186	rs11650494	17	47488913	rs76305536	0.546169
17	47345186	rs11650494	17	47492366	rs2233660	0.320138
17	47345186	rs11650494	17	47494203	rs13341862	0.320138
17	47345186	rs11650494	17	47496855	rs137884305	0.320138
17	47345186	rs11650494	17	47497693	rs7207152	0.36397
17	47345186	rs11650494	17	47502352	rs4640235	0.36397
17	47345186	rs11650494	17	47505383	rs117384420	0.320138
17	47345186	rs11650494	17	47507387	rs9910542	0.320138
17	47345186	rs11650494	17	47507494	rs9909935	0.320138
17	47345186	rs11650494	17	47512945	rs9900373	0.302513
17	47345186	rs11650494	17	47513127	rs9901650	0.302513
17	47345186	rs11650494	17	47513199	rs139177801	0.302513
17	47345186	rs11650494	17	47513891	rs9907942	0.302513
17	47345186	rs11650494	17	47514665	rs2584652	0.19711
17	47345186	rs11650494	17	47514916	rs5820760	0.19711
17	47345186	rs11650494	17	47515050	rs2671676	0.19711
17	47345186	rs11650494	17	47515172	rs2671675	0.199572
17	47345186	rs11650494	17	47515176	rs2671674	0.199572
17	47436749	rs7210100	17	47245972	rs7218644	1
17	47436749	rs7210100	17	47248483	rs12103835	1
17	47436749	rs7210100	17	47248597	rs112632972	1
17	47436749	rs7210100	17	47248947	rs112327180	1
17	47436749	rs7210100	17	47249542	rs57745799	1
17	47436749	rs7210100	17	47252363	rs9907610	1
17	47436749	rs7210100	17	47252404	rs9900924	1
17	47436749	rs7210100	17	47253201	rs28824520	1
17	47436749	rs7210100	17	47255139	rs59417842	1
17	47436749	rs7210100	17	47255869	rs73338337	1
17	47436749	rs7210100	17	47258164	rs113598646	1
17	47436749	rs7210100	17	47258925	rs9913242	1
17	47436749	rs7210100	17	47264413	rs8077905	1
17	47436749	rs7210100	17	47265159	rs112526306	1
17	47436749	rs7210100	17	47267385	rs200110135	1
17	47436749	rs7210100	17	47269431	rs549188194;rs144823041	1
17	47436749	rs7210100	17	47269979	rs73338357	1
17	47436749	rs7210100	17	47270236	rs145975161	1
17	47436749	rs7210100	17	47270294	rs73338358	1
17	47436749	rs7210100	17	47270920	rs539312901;rs552870776	0.499004
17	47436749	rs7210100	17	47272067	rs9890778	1
17	47436749	rs7210100	17	47278371	rs117058991	1
17	47436749	rs7210100	17	47279698	rs113925041	1
17	47436749	rs7210100	17	47281939	rs9900552	1
17	47436749	rs7210100	17	47285495	rs57257173	1
17	47436749	rs7210100	17	47294069	rs2233370	1
17	47436749	rs7210100	17	47296542	rs9893003	1
17	47436749	rs7210100	17	47296961	rs2233371	1
17	47436749	rs7210100	17	47297537	rs76617033	1
17	47436749	rs7210100	17	47324296	rs9897422	0.499004
17	47436749	rs7210100	17	47329082	rs57832761	1
17	47436749	rs7210100	17	47330472	rs9901674	1
17	47436749	rs7210100	17	47332503	rs13380848	1
17	47436749	rs7210100	17	47334112	rs681882	0.499004
17	47436749	rs7210100	17	47335240	rs73340380	1
17	47436749	rs7210100	17	47337742	rs9895214	1
17	47436749	rs7210100	17	47365548	rs73340394	1
17	47436749	rs7210100	17	47380278	rs184685846	1
17	47436749	rs7210100	17	47384032	rs73342364	1
17	47436749	rs7210100	17	47384463	rs73342367	1
17	47436749	rs7210100	17	47392876	rs557386410	1
17	47436749	rs7210100	17	47392877	rs571130059	1
17	47436749	rs7210100	17	47392880	rs540040611	1
17	47436749	rs7210100	17	47392881	rs553563244	1
17	47436749	rs7210100	17	47403092	rs28505616	1
17	47436749	rs7210100	17	47411324	rs139345584	0.499004
17	47436749	rs7210100	17	47419505	rs527411581	1
17	47436749	rs7210100	17	47425526	rs139006864	0.198406
17	47436749	rs7210100	17	47431972	rs562846972	1
17	47436749	rs7210100	17	47433028	rs181328865	1
17	47436749	rs7210100	17	47433185	rs57080166	1
17	47436749	rs7210100	17	47435239	rs61085429	1
17	47436749	rs7210100	17	47436047	rs112242888	1
17	47436749	rs7210100	17	47436749	rs7210100	1
17	47436749	rs7210100	17	47442038	rs7214521	1
17	47436749	rs7210100	17	47446228	rs111892770	0.499004
17	47436749	rs7210100	17	47450723	rs68145088	0.499004
17	47436749	rs7210100	17	47452093	rs571785610	1
17	47436749	rs7210100	17	47453506	rs143401218	0.198406
17	47436749	rs7210100	17	47454380	rs60676526	1
17	47436749	rs7210100	17	47454629	rs73324344	1
17	47436749	rs7210100	17	47455600	rs73324346	1
17	47436749	rs7210100	17	47455603	rs546905598	1
17	47436749	rs7210100	17	47456052	rs8065384	1
17	47436749	rs7210100	17	47467330	rs56788269	0.10934
17	47436749	rs7210100	17	47470574	rs111669003	0.10934
17	47436749	rs7210100	17	47473406	rs140952148_3	0.0982072
17	47436749	rs7210100	17	47483452	rs28637679	1
17	47436749	rs7210100	17	47488519	rs73324373	1
17	47436749	rs7210100	17	47495650	rs8079911	1
17	47436749	rs7210100	17	47501708	rs59302596	1
17	47436749	rs7210100	17	47509227	rs73324396	1
17	47436749	rs7210100	17	47511018	rs6504614	0.332005
17	47436749	rs7210100	17	47511089	rs112857952	1
17	47436749	rs7210100	17	47512648	rs73326213	1
17	47436749	rs7210100	17	47514739	rs73326220	1
17	47436749	rs7210100	17	47516021	rs113823712	1
17	47436749	rs7210100	17	47516093	rs571177395	1
17	47436749	rs7210100	17	47521159	rs58477320	0.499004
17	47436749	rs7210100	17	47522285	rs149391887	0.332005
17	47436749	rs7210100	17	47534221	rs114848176	0.499004
17	47436749	rs7210100	17	47543679	rs61561060	0.499004
17	47436749	rs7210100	17	47544531	rs2671630	0.198406
17	47436749	rs7210100	17	47545016	rs201510447	1
17	47436749	rs7210100	17	47546992	rs76909955	0.198406
17	47436749	rs7210100	17	47547180	rs16948149	0.165007
17	47452263	rs11655191	17	47256685	rs150634878	0.42395
17	47452263	rs11655191	17	47267001	rs149727893	0.114165
17	47452263	rs11655191	17	47276016	rs138081835	0.485347
17	47452263	rs11655191	17	47298966	rs77624269	0.485347
17	47452263	rs11655191	17	47314019	rs11658845	0.0932344
17	47452263	rs11655191	17	47315878	rs7216884	0.0932344
17	47452263	rs11655191	17	47316259	rs850522	0.0980184
17	47452263	rs11655191	17	47316483	rs138529704	0.0932344
17	47452263	rs11655191	17	47318565	rs117894669	0.0968631
17	47452263	rs11655191	17	47320314	rs73340354	0.124113
17	47452263	rs11655191	17	47321419	rs673375	0.126636
17	47452263	rs11655191	17	47323666	rs12952749	0.0979269
17	47452263	rs11655191	17	47325867	rs117821438	0.827053
17	47452263	rs11655191	17	47329255	rs9895945	0.109435
17	47452263	rs11655191	17	47330796	rs34367165	0.104886
17	47452263	rs11655191	17	47333478	rs12948327	0.0987244
17	47452263	rs11655191	17	47333557	rs146575231	0.844438
17	47452263	rs11655191	17	47335348	rs146100660	0.846414
17	47452263	rs11655191	17	47335589	rs149261956	0.861905
17	47452263	rs11655191	17	47335887	rs76902084	0.124968
17	47452263	rs11655191	17	47336931	rs74659133	0.861905
17	47452263	rs11655191	17	47339741	rs11653139	0.877888
17	47452263	rs11655191	17	47342049	rs57438823	0.123045
17	47452263	rs11655191	17	47345186	rs11650494	0.864513
17	47452263	rs11655191	17	47348066	rs147125686	0.964515
17	47452263	rs11655191	17	47356805	rs12602382	0.120082
17	47452263	rs11655191	17	47358308	rs73340392	0.947434
17	47452263	rs11655191	17	47358733	rs12942379	0.119353
17	47452263	rs11655191	17	47362923	rs11650087	0.964515
17	47452263	rs11655191	17	47362991	rs11653686	0.930871
17	47452263	rs11655191	17	47364913	rs117087923	0.964515
17	47452263	rs11655191	17	47365638	rs117180146	0.124968
17	47452263	rs11655191	17	47367751	rs148298271	0.930871
17	47452263	rs11655191	17	47370449	rs75904857	0.964515
17	47452263	rs11655191	17	47372328	rs77338752	0.964515
17	47452263	rs11655191	17	47372743	rs73340399	0.947434
17	47452263	rs11655191	17	47372764	rs2906100	0.124151
17	47452263	rs11655191	17	47374886	rs57390430	0.947434
17	47452263	rs11655191	17	47376440	rs2960168	0.123437
17	47452263	rs11655191	17	47378937	rs11651191	0.964515
17	47452263	rs11655191	17	47379581	rs2960172	0.125435
17	47452263	rs11655191	17	47379867	rs140302625	0.964515
17	47452263	rs11655191	17	47382240	rs10601579	0.102487
17	47452263	rs11655191	17	47382256	rs57980718	0.119565
17	47452263	rs11655191	17	47382795	rs148171854	0.964515
17	47452263	rs11655191	17	47383994	rs11658111	0.914802
17	47452263	rs11655191	17	47384611	rs7214496	0.123437
17	47452263	rs11655191	17	47384974	rs113056032	0.914802
17	47452263	rs11655191	17	47390014	rs2072153	0.123437
17	47452263	rs11655191	17	47390136	rs11654557	0.964515
17	47452263	rs11655191	17	47395729	rs9907478	0.964515
17	47452263	rs11655191	17	47396628	rs76366926	0.964515
17	47452263	rs11655191	17	47398244	rs530923403	0.947434
17	47452263	rs11655191	17	47398245	rs565189650	0.92967
17	47452263	rs11655191	17	47398246	rs369322961	0.947434
17	47452263	rs11655191	17	47398282	rs78208413	0.964515
17	47452263	rs11655191	17	47399633	rs8076023	0.930871
17	47452263	rs11655191	17	47404669	rs4390639	0.123437
17	47452263	rs11655191	17	47405338	rs73324308	0.947434
17	47452263	rs11655191	17	47407342	rs9891264	0.930871
17	47452263	rs11655191	17	47407816	rs68160249	0.123437
17	47452263	rs11655191	17	47408475	rs12937923	0.123437
17	47452263	rs11655191	17	47410521	rs140503890	0.930871
17	47452263	rs11655191	17	47410889	rs11653762	0.964515
17	47452263	rs11655191	17	47411493	rs77247327	0.964515
17	47452263	rs11655191	17	47411814	rs111834333	0.930871
17	47452263	rs11655191	17	47412578	rs75092916	0.947434
17	47452263	rs11655191	17	47416672	rs548780657	0.0960205
17	47452263	rs11655191	17	47420054	rs73324323	0.947434
17	47452263	rs11655191	17	47421593	rs117853079	0.964515
17	47452263	rs11655191	17	47421779	rs144202373	0.947434
17	47452263	rs11655191	17	47422317	rs35822701	0.123437
17	47452263	rs11655191	17	47422363	rs11652146	0.123437
17	47452263	rs11655191	17	47425588	rs11656535	0.947434
17	47452263	rs11655191	17	47429834	rs2119931	0.123437
17	47452263	rs11655191	17	47431950	rs74830554	0.964515
17	47452263	rs11655191	17	47433192	rs140670503	0.964515
17	47452263	rs11655191	17	47433222	rs61286260	0.930871
17	47452263	rs11655191	17	47439593	rs542271356	0.0968057
17	47452263	rs11655191	17	47439987	rs36102386	0.964515
17	47452263	rs11655191	17	47444794	rs1317701	0.162895
17	47452263	rs11655191	17	47445346	rs142415707	0.982138
17	47452263	rs11655191	17	47445751	rs2411984	0.165299
17	47452263	rs11655191	17	47446968	rs79768864	0.982138
17	47452263	rs11655191	17	47447808	rs200644650	0.169353
17	47452263	rs11655191	17	47447836	rs118099826	0.982138
17	47452263	rs11655191	17	47447950	rs117801358	0.982138
17	47452263	rs11655191	17	47448172	rs11655704	0.164493
17	47452263	rs11655191	17	47448970	rs77488129	0.982138
17	47452263	rs11655191	17	47449193	rs11650886	1
17	47452263	rs11655191	17	47451201	rs187085179	0.0968057
17	47452263	rs11655191	17	47452263	rs11655191	1
17	47452263	rs11655191	17	47453471	rs146336970	1
17	47452263	rs11655191	17	47454263	rs7216993	0.982373
17	47452263	rs11655191	17	47455752	rs73324348	0.982373
17	47452263	rs11655191	17	47456064	rs8065389	0.982373
17	47452263	rs11655191	17	47456754	rs11650001	1
17	47452263	rs11655191	17	47457883	rs572896379	0.124968
17	47452263	rs11655191	17	47457977	rs146060597	0.982373
17	47452263	rs11655191	17	47459877	rs76778410	0.677706
17	47452263	rs11655191	17	47461511	rs11655657	0.109365
17	47452263	rs11655191	17	47466640	rs8072520	0.807882
17	47452263	rs11655191	17	47468546	rs57030023	0.790881
17	47452263	rs11655191	17	47468706	rs16948071	0.790881
17	47452263	rs11655191	17	47468747	rs569524103;rs568439260	0.625334
17	47452263	rs11655191	17	47468868	rs77653195	0.790881
17	47452263	rs11655191	17	47470720	rs8065814	0.790881
17	47452263	rs11655191	17	47471334	rs2119935	0.790881
17	47452263	rs11655191	17	47472123	rs11653701	0.790881
17	47452263	rs11655191	17	47472365	rs11653775	0.790881
17	47452263	rs11655191	17	47473580	rs61427980	0.790881
17	47452263	rs11655191	17	47473785	rs76651802	0.790881
17	47452263	rs11655191	17	47474165	rs562849373	0.160485
17	47452263	rs11655191	17	47474227	rs8081433	0.790881
17	47452263	rs11655191	17	47474571	rs11651666	0.790881
17	47452263	rs11655191	17	47474728	rs73987293	0.790881
17	47452263	rs11655191	17	47474730	rs73987294	0.790881
17	47452263	rs11655191	17	47474800	rs16948078	0.790881
17	47452263	rs11655191	17	47474957	rs151160502	0.790881
17	47452263	rs11655191	17	47475007	rs8066722	0.790881
17	47452263	rs11655191	17	47475811	rs142462277	0.239937
17	47452263	rs11655191	17	47475822	rs2165701	0.790881
17	47452263	rs11655191	17	47476041	rs113367969	0.790881
17	47452263	rs11655191	17	47476340	rs112882725	0.756412
17	47452263	rs11655191	17	47476363	rs7215657	0.630133
17	47452263	rs11655191	17	47476459	rs7217578	0.586177
17	47452263	rs11655191	17	47484286	rs2233666	0.657613
17	47452263	rs11655191	17	47484445	rs74619404	0.657613
17	47452263	rs11655191	17	47488913	rs76305536	0.657613
17	47452263	rs11655191	17	47492366	rs2233660	0.38947
17	47452263	rs11655191	17	47494203	rs13341862	0.38947
17	47452263	rs11655191	17	47496855	rs137884305	0.38947
17	47452263	rs11655191	17	47497693	rs7207152	0.396806
17	47452263	rs11655191	17	47502352	rs4640235	0.396806
17	47452263	rs11655191	17	47505383	rs117384420	0.38947
17	47452263	rs11655191	17	47507387	rs9910542	0.38947
17	47452263	rs11655191	17	47507494	rs9909935	0.38947
17	47452263	rs11655191	17	47512945	rs9900373	0.369663
17	47452263	rs11655191	17	47513127	rs9901650	0.369663
17	47452263	rs11655191	17	47513199	rs139177801	0.369663
17	47452263	rs11655191	17	47513891	rs9907942	0.369663
17	47452263	rs11655191	17	47514665	rs2584652	0.216319
17	47452263	rs11655191	17	47514916	rs5820760	0.216319
17	47452263	rs11655191	17	47515050	rs2671676	0.216319
17	47452263	rs11655191	17	47515172	rs2671675	0.218975
17	47452263	rs11655191	17	47515176	rs2671674	0.218975
