CHR_A	BP_A	SNP_A	CHR_B	BP_B	SNP_B	R2
14	71092256	rs8014671	14	70992709	rs12590610	0.203325
14	71092256	rs8014671	14	70994611	rs10144289	0.254871
14	71092256	rs8014671	14	70994822	rs10144653	0.306055
14	71092256	rs8014671	14	70995394	rs74062733	0.140499
14	71092256	rs8014671	14	70995884	rs7154858	0.198939
14	71092256	rs8014671	14	70996568	rs56721095	0.203606
14	71092256	rs8014671	14	70997682	rs60870618	0.208404
14	71092256	rs8014671	14	70998833	rs7150354	0.208257
14	71092256	rs8014671	14	70999095	rs7154904	0.208257
14	71092256	rs8014671	14	70999238	rs77359887	0.140499
14	71092256	rs8014671	14	70999477	rs56392092	0.203606
14	71092256	rs8014671	14	70999873	rs28667286	0.124524
14	71092256	rs8014671	14	71000565	rs1953803	0.208257
14	71092256	rs8014671	14	71001017	rs12590401	0.208257
14	71092256	rs8014671	14	71001100	rs12590471	0.198171
14	71092256	rs8014671	14	71001222	rs58777530	0.14543
14	71092256	rs8014671	14	71002187	rs1538403	0.208404
14	71092256	rs8014671	14	71002310	rs73282153	0.14543
14	71092256	rs8014671	14	71002551	rs35062397	0.140499
14	71092256	rs8014671	14	71002681	rs10130071	0.306055
14	71092256	rs8014671	14	71003091	rs12586886	0.306055
14	71092256	rs8014671	14	71003501	rs60848570	0.208257
14	71092256	rs8014671	14	71004376	rs12587714	0.144829
14	71092256	rs8014671	14	71004878	rs59748874	0.198552
14	71092256	rs8014671	14	71006113	rs57032041	0.140499
14	71092256	rs8014671	14	71010166	rs7157618	0.144829
14	71092256	rs8014671	14	71010546	rs7158201	0.144737
14	71092256	rs8014671	14	71010967	rs60862805	0.140499
14	71092256	rs8014671	14	71011469	rs6573971	0.54138
14	71092256	rs8014671	14	71011734	rs10873239	0.208404
14	71092256	rs8014671	14	71011934	rs8006487	0.144829
14	71092256	rs8014671	14	71012112	rs8011847	0.306055
14	71092256	rs8014671	14	71012205	rs8012025	0.14543
14	71092256	rs8014671	14	71013164	rs58985060	0.198552
14	71092256	rs8014671	14	71013577	rs6573972	0.301595
14	71092256	rs8014671	14	71020468	rs202210758	0.106816
14	71092256	rs8014671	14	71022327	rs8018765	0.306055
14	71092256	rs8014671	14	71023411	rs74062743	0.140499
14	71092256	rs8014671	14	71023418	rs7141562	0.306055
14	71092256	rs8014671	14	71024468	rs529864654;rs529864654;rs550925181	0.17936
14	71092256	rs8014671	14	71024944	rs74062746	0.140499
14	71092256	rs8014671	14	71025206	rs28612538	0.144737
14	71092256	rs8014671	14	71026029	rs567590085;rs530913663	0.228251
14	71092256	rs8014671	14	71026052	rs74062750	0.140499
14	71092256	rs8014671	14	71026624	rs6573973	0.306055
14	71092256	rs8014671	14	71027964	rs4899359	0.54138
14	71092256	rs8014671	14	71028678	rs58092588	0.140499
14	71092256	rs8014671	14	71029919	rs60860517	0.144829
14	71092256	rs8014671	14	71030191	rs7150545	0.306055
14	71092256	rs8014671	14	71030355	rs10135356	0.144829
14	71092256	rs8014671	14	71030414	rs58346171	0.140499
14	71092256	rs8014671	14	71031171	rs60006057	0.14543
14	71092256	rs8014671	14	71033156	rs73283917	0.14543
14	71092256	rs8014671	14	71034216	rs1959477	0.144737
14	71092256	rs8014671	14	71034471	rs12587666	0.203775
14	71092256	rs8014671	14	71035077	rs59193515	0.233933
14	71092256	rs8014671	14	71036259	rs2877672	0.144737
14	71092256	rs8014671	14	71036510	rs7145530	0.14543
14	71092256	rs8014671	14	71039146	rs77335493	0.125706
14	71092256	rs8014671	14	71040022	rs74938470	0.140499
14	71092256	rs8014671	14	71040566	rs78731404	0.114555
14	71092256	rs8014671	14	71041502	rs60555424	0.14543
14	71092256	rs8014671	14	71041572	rs79604686	0.140499
14	71092256	rs8014671	14	71041621	rs58258245	0.203872
14	71092256	rs8014671	14	71043557	rs58069917	0.145161
14	71092256	rs8014671	14	71043704	rs59044667	0.145161
14	71092256	rs8014671	14	71045002	rs61388426	0.140499
14	71092256	rs8014671	14	71045341	rs56328037	0.140499
14	71092256	rs8014671	14	71045743	rs60867605	0.208799
14	71092256	rs8014671	14	71046425	rs1112478	0.241645
14	71092256	rs8014671	14	71047065	rs75429267	0.140499
14	71092256	rs8014671	14	71048532	rs10141744	0.2415
14	71092256	rs8014671	14	71048558	rs1057127	0.194566
14	71092256	rs8014671	14	71048562	rs148972133	0.140499
14	71092256	rs8014671	14	71049388	rs10134004	0.300038
14	71092256	rs8014671	14	71050660	rs59233924	0.140368
14	71092256	rs8014671	14	71050892	rs11158867	0.300038
14	71092256	rs8014671	14	71051088	rs45523543	0.140499
14	71092256	rs8014671	14	71051233	rs7150330	0.194566
14	71092256	rs8014671	14	71052127	rs2153114	0.300038
14	71092256	rs8014671	14	71052171	rs56922268	0.140499
14	71092256	rs8014671	14	71052278	rs112233021	0.210141
14	71092256	rs8014671	14	71054384	rs8010044	0.194566
14	71092256	rs8014671	14	71054478	rs10483830	0.140499
14	71092256	rs8014671	14	71054992	rs17108246	0.140499
14	71092256	rs8014671	14	71057558	rs11158869	0.140332
14	71092256	rs8014671	14	71058632	rs9323542	0.2415
14	71092256	rs8014671	14	71058702	rs17108252	0.140125
14	71092256	rs8014671	14	71059255	rs1137491	0.194566
14	71092256	rs8014671	14	71059312	rs1137490	0.194566
14	71092256	rs8014671	14	71060837	rs10483832	0.208799
14	71092256	rs8014671	14	71060952	rs6420902	0.300038
14	71092256	rs8014671	14	71061451	rs60251828	0.140499
14	71092256	rs8014671	14	71061462	rs7157073	0.208799
14	71092256	rs8014671	14	71061549	rs7156661	0.16272
14	71092256	rs8014671	14	71061733	rs60120955	0.140031
14	71092256	rs8014671	14	71061836	rs17113651	0.140031
14	71092256	rs8014671	14	71061844	rs7157685	0.16272
14	71092256	rs8014671	14	71061956	rs7158848	0.2415
14	71092256	rs8014671	14	71062241	rs3825720	0.343177
14	71092256	rs8014671	14	71062343	rs1962311	0.300038
14	71092256	rs8014671	14	71062432	rs2018131	0.17517
14	71092256	rs8014671	14	71062435	rs1962312	0.194566
14	71092256	rs8014671	14	71062851	rs8005893	0.208799
14	71092256	rs8014671	14	71064314	rs1007402	0.300038
14	71092256	rs8014671	14	71066295	rs10131740	0.300038
14	71092256	rs8014671	14	71066443	rs78077196	0.140031
14	71092256	rs8014671	14	71066484	rs17108264	0.140499
14	71092256	rs8014671	14	71066528	rs74532210	0.140499
14	71092256	rs8014671	14	71066593	rs60370428	0.208799
14	71092256	rs8014671	14	71066791	rs10132252	0.300038
14	71092256	rs8014671	14	71066795	rs10143254	0.208799
14	71092256	rs8014671	14	71067483	rs150061450	0.140499
14	71092256	rs8014671	14	71068401	rs57598551	0.140499
14	71092256	rs8014671	14	71068614	rs7359112	0.208799
14	71092256	rs8014671	14	71068637	rs17108267	0.208799
14	71092256	rs8014671	14	71068889	rs56687536	0.208799
14	71092256	rs8014671	14	71068978	rs60453577	0.208799
14	71092256	rs8014671	14	71069022	rs58919501	0.208799
14	71092256	rs8014671	14	71069598	rs10129782	0.208799
14	71092256	rs8014671	14	71069691	rs7141056	0.265884
14	71092256	rs8014671	14	71069814	rs7141713	0.208799
14	71092256	rs8014671	14	71069850	rs7141730	0.208799
14	71092256	rs8014671	14	71069951	rs11298051	0.208799
14	71092256	rs8014671	14	71069957	rs58136322	0.208799
14	71092256	rs8014671	14	71070119	rs11282056	0.208799
14	71092256	rs8014671	14	71070284	rs7157455	0.208799
14	71092256	rs8014671	14	71070401	rs17108274	0.140499
14	71092256	rs8014671	14	71070566	rs28754483	0.302719
14	71092256	rs8014671	14	71070576	rs74062769	0.140031
14	71092256	rs8014671	14	71070883	rs17108276	0.208799
14	71092256	rs8014671	14	71071136	rs59584255	0.208799
14	71092256	rs8014671	14	71071398	rs59115232	0.208799
14	71092256	rs8014671	14	71071493	rs17108278	0.208799
14	71092256	rs8014671	14	71071717	rs67193638	0.35847
14	71092256	rs8014671	14	71071880	rs79274373	0.212769
14	71092256	rs8014671	14	71072049	rs10144535	0.208799
14	71092256	rs8014671	14	71072090	rs10144696	0.208799
14	71092256	rs8014671	14	71072204	rs10133963	0.208799
14	71092256	rs8014671	14	71072437	rs56322604	0.208799
14	71092256	rs8014671	14	71072454	rs58928118	0.208799
14	71092256	rs8014671	14	71072528	rs76708358	0.208799
14	71092256	rs8014671	14	71072725	rs59599422	0.208799
14	71092256	rs8014671	14	71072781	rs17108280	0.208799
14	71092256	rs8014671	14	71072916	rs55965222	0.208799
14	71092256	rs8014671	14	71073155	rs56155089	0.208799
14	71092256	rs8014671	14	71073173	rs12590117	0.208799
14	71092256	rs8014671	14	71073199	rs12587866	0.208799
14	71092256	rs8014671	14	71073295	rs12590198	0.203294
14	71092256	rs8014671	14	71073304	rs59475121	0.203294
14	71092256	rs8014671	14	71073375	rs12590217	0.208799
14	71092256	rs8014671	14	71073809	rs7155088	0.208799
14	71092256	rs8014671	14	71073833	rs7155436	0.208799
14	71092256	rs8014671	14	71073839	rs575707964	0.130434
14	71092256	rs8014671	14	71073914	rs7155617	0.208799
14	71092256	rs8014671	14	71073938	rs7155629	0.208799
14	71092256	rs8014671	14	71074069	rs59073564	0.208799
14	71092256	rs8014671	14	71074087	rs8021817	0.246561
14	71092256	rs8014671	14	71074138	rs73286026	0.179989
14	71092256	rs8014671	14	71074343	rs8021911	0.212769
14	71092256	rs8014671	14	71078763	rs199842022	0.179113
14	71092256	rs8014671	14	71078765	rs200465864	0.232279
14	71092256	rs8014671	14	71078801	rs10142092	0.179113
14	71092256	rs8014671	14	71079018	rs10133532	0.300038
14	71092256	rs8014671	14	71079124	rs60079770	0.282609
14	71092256	rs8014671	14	71079230	rs7147224	0.300038
14	71092256	rs8014671	14	71079378	rs7147575	0.171691
14	71092256	rs8014671	14	71079790	rs7148319	0.171691
14	71092256	rs8014671	14	71080216	rs10148931	0.171691
14	71092256	rs8014671	14	71080985	rs10151905	0.171691
14	71092256	rs8014671	14	71081298	rs10140087	0.300038
14	71092256	rs8014671	14	71082233	rs2332432	0.227509
14	71092256	rs8014671	14	71082859	rs7146127	0.212922
14	71092256	rs8014671	14	71083307	rs57339942	0.140499
14	71092256	rs8014671	14	71084735	rs10150160	0.151585
14	71092256	rs8014671	14	71085059	rs8004054	0.156948
14	71092256	rs8014671	14	71085215	rs12586299	0.145161
14	71092256	rs8014671	14	71085469	rs12586392	0.14529
14	71092256	rs8014671	14	71085810	rs34462087	0.327136
14	71092256	rs8014671	14	71086918	rs1953795	0.344404
14	71092256	rs8014671	14	71087546	rs8016356	0.20178
14	71092256	rs8014671	14	71087731	rs111649181	0.167109
14	71092256	rs8014671	14	71088204	rs10139930	0.728609
14	71092256	rs8014671	14	71088256	rs10139775	0.495651
14	71092256	rs8014671	14	71088557	rs10139982	0.78542
14	71092256	rs8014671	14	71088868	rs77032044	0.172442
14	71092256	rs8014671	14	71089662	rs2153115	0.46842
14	71092256	rs8014671	14	71090521	rs5809491	0.924648
14	71092256	rs8014671	14	71091130	rs74247348	0.172442
14	71092256	rs8014671	14	71091142	rs11158871	0.676449
14	71092256	rs8014671	14	71091147	rs11845091	0.197351
14	71092256	rs8014671	14	71091256	rs11158872	0.676449
14	71092256	rs8014671	14	71092256	rs8014671	1
14	71092256	rs8014671	14	71092284	rs8014541	0.78858
14	71092256	rs8014671	14	71092685	rs143598014	0.153066
14	71092256	rs8014671	14	71092949	rs370045907	0.757225
14	71092256	rs8014671	14	71093028	rs7158131	0.172442
14	71092256	rs8014671	14	71093535	rs368492678	0.0974319
14	71092256	rs8014671	14	71093553	rs76812100	0.163287
14	71092256	rs8014671	14	71093555	rs11624552	0.118808
14	71092256	rs8014671	14	71093575	rs12588239	0.726453
14	71092256	rs8014671	14	71093669	rs74853408	0.153066
14	71092256	rs8014671	14	71095068	rs28710847	0.352529
14	71092256	rs8014671	14	71095177	rs111990191	0.653883
14	71092256	rs8014671	14	71095178	rs78978653	0.650877
14	71092256	rs8014671	14	71095628	rs58775580	0.650877
14	71092256	rs8014671	14	71095776	rs10162527	0.74045
14	71092256	rs8014671	14	71096344	rs9646133	0.650877
14	71092256	rs8014671	14	71096593	rs74393700	0.146308
14	71092256	rs8014671	14	71097355	rs57216408	0.160528
14	71092256	rs8014671	14	71097469	rs58631887	0.160528
14	71092256	rs8014671	14	71098523	rs7145863	0.606367
14	71092256	rs8014671	14	71098578	rs140194353	0.111033
14	71092256	rs8014671	14	71099240	rs9806089	0.121758
14	71092256	rs8014671	14	71099652	rs56913237	0.6581
14	71092256	rs8014671	14	71100831	rs12589512	0.286572
14	71092256	rs8014671	14	71101054	rs73286073	0.181658
14	71092256	rs8014671	14	71101397	rs60401194	0.115928
14	71092256	rs8014671	14	71101941	rs57599476	0.160528
14	71092256	rs8014671	14	71102009	rs77501494	0.160528
14	71092256	rs8014671	14	71102142	rs73286075	0.16476
14	71092256	rs8014671	14	71103391	rs28552569	0.106601
14	71092256	rs8014671	14	71104918	rs60147433	0.107059
14	71092256	rs8014671	14	71107670	rs10144574	0.0920569
14	71092256	rs8014671	14	71108344	rs138875473	0.091128
14	71092256	rs8014671	14	71108448	rs28397006	0.091128
14	71092256	rs8014671	14	71108942	rs7154268	0.101932
14	71092256	rs8014671	14	71111361	rs7160510	0.0930802
14	71092256	rs8014671	14	71112910	rs71425210	0.140844
14	71092256	rs8014671	14	71116160	rs35454477	0.158973
14	71092256	rs8014671	14	71124454	rs71425213	0.139899
14	71092256	rs8014671	14	71125495	rs34925522	0.0910274
14	71092256	rs8014671	14	71127107	rs61980473	0.0966059
14	71092256	rs8014671	14	71127700	rs1959482	0.128775
14	71092256	rs8014671	14	71129254	rs1953797	0.0907562
14	71092256	rs8014671	14	71129394	rs12436215	0.0907562
