CHR_A	BP_A	SNP_A	CHR_B	BP_B	SNP_B	R2
1	154834183	rs1218582	1	154814785	rs6704241	0.0905787
1	154834183	rs1218582	1	154814812	rs13376345	0.091483
1	154834183	rs1218582	1	154814917	rs6666891	0.0914153
1	154834183	rs1218582	1	154814992	rs6704449	0.0958632
1	154834183	rs1218582	1	154815044	rs6691945	0.0958632
1	154834183	rs1218582	1	154815051	rs6658392	0.0959352
1	154834183	rs1218582	1	154815257	rs6426987	0.0966936
1	154834183	rs1218582	1	154815320	rs6426988	0.0957928
1	154834183	rs1218582	1	154818403	rs36004974	0.0973195
1	154834183	rs1218582	1	154819359	rs11586348	0.0990545
1	154834183	rs1218582	1	154822517	rs906597	0.218337
1	154834183	rs1218582	1	154822551	rs906596	0.218337
1	154834183	rs1218582	1	154822907	rs906595	0.462635
1	154834183	rs1218582	1	154823021	rs6426998	0.416801
1	154834183	rs1218582	1	154823545	rs2878411	0.462635
1	154834183	rs1218582	1	154824238	rs6682335	0.218337
1	154834183	rs1218582	1	154824330	rs1218554	0.223381
1	154834183	rs1218582	1	154824686	rs35319660	0.191896
1	154834183	rs1218582	1	154824722	rs149811701	0.0929282
1	154834183	rs1218582	1	154824750	rs529285941	0.127407
1	154834183	rs1218582	1	154824792	rs4845395	0.222435
1	154834183	rs1218582	1	154824973	rs12084791	0.0929282
1	154834183	rs1218582	1	154825093	rs12058931	0.0946027
1	154834183	rs1218582	1	154825244	rs10908443	0.218337
1	154834183	rs1218582	1	154825270	rs11264275	0.459322
1	154834183	rs1218582	1	154825806	rs4845675	0.218337
1	154834183	rs1218582	1	154826061	rs12044470	0.462635
1	154834183	rs1218582	1	154826359	rs12045303	0.462635
1	154834183	rs1218582	1	154827366	rs12729486	0.0927491
1	154834183	rs1218582	1	154827520	rs12089941	0.094425
1	154834183	rs1218582	1	154827522	rs12089942	0.094425
1	154834183	rs1218582	1	154827694	rs143447598	0.403577
1	154834183	rs1218582	1	154827861	rs4845676	0.460304
1	154834183	rs1218582	1	154828160	rs2878412	0.206014
1	154834183	rs1218582	1	154828409	rs4845396	0.476574
1	154834183	rs1218582	1	154828683	rs56382016	0.111238
1	154834183	rs1218582	1	154830219	rs1218589	0.226948
1	154834183	rs1218582	1	154831143	rs34245846	0.228792
1	154834183	rs1218582	1	154831212	rs66459758	0.113881
1	154834183	rs1218582	1	154831336	rs1218588	0.226948
1	154834183	rs1218582	1	154831925	rs1218587	0.222309
1	154834183	rs1218582	1	154832290	rs1061122	0.222436
1	154834183	rs1218582	1	154832661	rs1218585	0.22795
1	154834183	rs1218582	1	154833067	rs1218584	0.230193
1	154834183	rs1218582	1	154834092	rs11264276	0.679644
1	154834183	rs1218582	1	154834183	rs1218582	1
1	154834183	rs1218582	1	154834911	rs6699080	0.751091
1	154834183	rs1218582	1	154837796	rs7553195	0.689587
1	154834183	rs1218582	1	154838050	rs4845677	0.702106
1	154834183	rs1218582	1	154839799	rs6656494	0.799116
1	154834183	rs1218582	1	154840287	rs10908444	0.799116
1	154834183	rs1218582	1	154840516	rs7531728	0.702106
1	154834183	rs1218582	1	154841428	rs9661036	0.190252
1	154834183	rs1218582	1	154841429	rs9662134	0.190252
1	154834183	rs1218582	1	154843347	rs2335407	0.69979
1	154834183	rs1218582	1	154844351	rs11369103	0.696341
1	154834183	rs1218582	1	154844585	rs7544528	0.69979
1	154834183	rs1218582	1	154844853	rs543444475	0.604878
1	154834183	rs1218582	1	154845484	rs6669791	0.796148
1	154834183	rs1218582	1	154845534	rs11264278	0.385285
1	154834183	rs1218582	1	154846274	rs883718	0.792392
1	154834183	rs1218582	1	154849260	rs35629379	0.69979
1	154834183	rs1218582	1	154849479	rs10796934	0.796148
1	154834183	rs1218582	1	154849590	rs10908445	0.792392
1	154834183	rs1218582	1	154849661	rs61811879	0.109333
1	154834183	rs1218582	1	154849771	rs12069356	0.792392
1	154834183	rs1218582	1	154850445	rs12144978	0.628053
1	154834183	rs1218582	1	154852307	rs6683557	0.796148
1	154834183	rs1218582	1	154853295	rs4845678	0.803455
1	154834183	rs1218582	1	154857217	rs2135219	0.635251
1	154834183	rs1218582	1	154859038	rs4845398	0.803455
1	154834183	rs1218582	1	154859581	rs869506	0.803455
1	154834183	rs1218582	1	154859940	rs12036859	0.703258
1	154834183	rs1218582	1	154860314	rs570475463	0.482597
1	154834183	rs1218582	1	154861187	rs4845679	0.706779
1	154834183	rs1218582	1	154862559	rs566558617	0.803455
1	154834183	rs1218582	1	154862952	rs11264280	0.38531
1	154834183	rs1218582	1	154863195	rs4845680	0.803455
1	154834183	rs1218582	1	154865125	rs1580943	0.803455
1	154834183	rs1218582	1	154866093	rs4845399	0.635251
1	154834183	rs1218582	1	154867221	rs11264281	0.706779
1	154834183	rs1218582	1	154867370	rs11264282	0.803455
1	154834183	rs1218582	1	154868055	rs4845681	0.687166
1	154834183	rs1218582	1	154869552	rs11264283	0.738
1	154834183	rs1218582	1	154869559	rs10908446	0.738
1	154834183	rs1218582	1	154869742	rs10908447	0.688296
1	154834183	rs1218582	1	154870744	rs11288691	0.443862
1	154834183	rs1218582	1	154871688	rs562327736	0.433573
1	154834183	rs1218582	1	154871690	rs4297285	0.725391
1	154834183	rs1218582	1	154871700	rs530975949	0.433573
1	154834183	rs1218582	1	154872338	rs386368368	0.2957
1	154834183	rs1218582	1	154872523	rs4845400	0.749681
1	154834183	rs1218582	1	154874440	rs7528532	0.749681
1	154834183	rs1218582	1	154875793	rs11264284	0.688296
1	154834183	rs1218582	1	154876093	rs61099643	0.632053
1	154834183	rs1218582	1	154876869	rs6656435	0.749681
1	154834183	rs1218582	1	154877105	rs4845682	0.749681
1	154834183	rs1218582	1	154877407	rs4845683	0.688296
1	154834183	rs1218582	1	154877722	rs535511482	0.380081
1	154834183	rs1218582	1	154878300	rs4845685	0.749681
1	154834183	rs1218582	1	154878845	rs35704440	0.634695
1	154834183	rs1218582	1	154878876	rs9794000	0.739699
1	154834183	rs1218582	1	154878878	rs9793588	0.739699
1	154834183	rs1218582	1	154878911	rs4845687	0.739699
1	154834183	rs1218582	1	154879743	rs1977879	0.749681
1	154834183	rs1218582	1	154879788	rs1976559	0.749681
1	154834183	rs1218582	1	154880386	rs12130132	0.616892
1	154834183	rs1218582	1	154881461	rs1007170	0.688296
1	154834183	rs1218582	1	154882544	rs10908448	0.749681
1	154834183	rs1218582	1	154884142	rs4845688	0.749681
1	154834183	rs1218582	1	154885255	rs906593	0.749681
1	154834183	rs1218582	1	154885524	rs4845689	0.749681
1	154834183	rs1218582	1	154885779	rs4240874	0.749681
1	154834183	rs1218582	1	154885782	rs4240875	0.749681
1	154834183	rs1218582	1	154886817	rs4845690	0.749681
1	154834183	rs1218582	1	154887784	rs553312608	0.448699
1	154834183	rs1218582	1	154887949	rs2174507	0.749681
1	154834183	rs1218582	1	154888348	rs59353081	0.749681
1	154834183	rs1218582	1	154888962	rs4339857	0.749681
1	154834183	rs1218582	1	154889319	rs575909872	0.380307
1	154834183	rs1218582	1	154889485	rs1218592	0.186415
1	154834183	rs1218582	1	154890005	rs564810024	0.703395
1	154834183	rs1218582	1	154890227	rs4845691	0.688296
1	154834183	rs1218582	1	154890311	rs4845692	0.749681
1	154834183	rs1218582	1	154890661	rs12406380	0.749681
1	154834183	rs1218582	1	154891363	rs10796935	0.749681
1	154834183	rs1218582	1	154891469	rs147094429	0.688296
1	154834183	rs1218582	1	154892339	rs113275210	0.707767
1	154834183	rs1218582	1	154892388	rs151107921	0.106376
1	154834183	rs1218582	1	154892753	rs6674853	0.688296
1	154834183	rs1218582	1	154900721	rs4578216	0.369321
1	154834183	rs1218582	1	154901250	rs369132355	0.220346
1	154834183	rs1218582	1	154909268	rs1109815	0.74643
1	154834183	rs1218582	1	154910012	rs877343	0.74643
1	154834183	rs1218582	1	154910930	rs58629129	0.610195
1	154834183	rs1218582	1	154911257	rs4845693	0.734837
1	154834183	rs1218582	1	154911651	rs4845694	0.742553
1	154834183	rs1218582	1	154911689	rs72702224	0.608315
1	154834183	rs1218582	1	154911798	rs4845695	0.610195
1	154834183	rs1218582	1	154911922	rs4845696	0.742553
1	154834183	rs1218582	1	154912017	rs12046459	0.728779
1	154834183	rs1218582	1	154912300	rs11264290	0.742553
1	154834183	rs1218582	1	154912409	rs59217610	0.654295
1	154834183	rs1218582	1	154912968	rs12095061	0.742553
1	154834183	rs1218582	1	154913021	rs6699043	0.742553
1	154834183	rs1218582	1	154913404	rs6686873	0.742553
1	154834183	rs1218582	1	154914797	rs11264291	0.742553
1	154834183	rs1218582	1	154915977	rs2335408	0.742553
1	154834183	rs1218582	1	154916068	rs2102423	0.742553
1	154834183	rs1218582	1	154916106	rs2335409	0.681425
1	154834183	rs1218582	1	154916992	rs11429731	0.613724
1	154834183	rs1218582	1	154917314	rs705094	0.724363
1	154834183	rs1218582	1	154919080	rs2061690	0.728179
1	154834183	rs1218582	1	154919565	rs3738026	0.724939
1	154834183	rs1218582	1	154941593	rs4845401	0.420214
1	154834183	rs1218582	1	154948327	rs12087657	0.382967
1	154834183	rs1218582	1	154969646	rs6427111	0.111503
1	154834183	rs1218582	1	154975068	rs539833661	0.269027
1	154834183	rs1218582	1	154976137	rs61811895	0.123466
1	154834183	rs1218582	1	154977929	rs4845402	0.101281
1	154834183	rs1218582	1	154980351	rs56103503	0.48778
1	154834183	rs1218582	1	154983539	rs6686021	0.201632
1	154834183	rs1218582	1	154986793	rs3820225	0.327042
1	154834183	rs1218582	1	154987526	rs11264295	0.311374
1	154834183	rs1218582	1	154988957	rs2242195	0.185062
1	154834183	rs1218582	1	154989595	rs6673081	0.154048
1	154834183	rs1218582	1	154990297	rs2242194	0.255415
1	154834183	rs1218582	1	154992244	rs35659598	0.178811
1	154834183	rs1218582	1	154992955	rs4845701	0.178811
1	154834183	rs1218582	1	154993085	rs4845702	0.154001
1	154834183	rs1218582	1	154993375	rs4845703	0.154001
1	154834183	rs1218582	1	154994042	rs555239671	0.137181
1	154834183	rs1218582	1	154994265	rs6671688	0.312793
1	154834183	rs1218582	1	154994750	rs11264296	0.312793
1	154834183	rs1218582	1	154995503	rs2242193	0.315158
1	154834183	rs1218582	1	154997674	rs6682611	0.279312
1	154834183	rs1218582	1	154999514	rs10796936	0.267401
1	154834183	rs1218582	1	155000370	rs60674412	0.262984
1	154834183	rs1218582	1	155001004	rs12404174	0.262984
1	154834183	rs1218582	1	155001929	rs10908452	0.263598
1	154834183	rs1218582	1	155006091	rs10908453	0.249955
1	154834183	rs1218582	1	155006999	rs6680600	0.241161
1	154834183	rs1218582	1	155007293	rs4845404	0.241972
1	154834183	rs1218582	1	155007302	rs4845405	0.241161
1	154834183	rs1218582	1	155007527	rs147557352	0.22852
1	154834183	rs1218582	1	155008318	rs4845704	0.241161
1	154834183	rs1218582	1	155008973	rs11264297	0.24559
1	154834183	rs1218582	1	155009258	rs11264298	0.239205
1	154834183	rs1218582	1	155009871	rs6657129	0.246927
1	154911798	rs4845695	1	154812059	rs66820270	0.0903269
1	154911798	rs4845695	1	154813619	rs6426985	0.0928831
1	154911798	rs4845695	1	154815366	rs883905	0.103634
1	154911798	rs4845695	1	154817008	rs1218568	0.119384
1	154911798	rs4845695	1	154817143	rs71586039	0.119384
1	154911798	rs4845695	1	154817420	rs1218567	0.118023
1	154911798	rs4845695	1	154817573	rs1218566	0.118313
1	154911798	rs4845695	1	154817687	rs1218565	0.119384
1	154911798	rs4845695	1	154822517	rs906597	0.11975
1	154911798	rs4845695	1	154822551	rs906596	0.11975
1	154911798	rs4845695	1	154822907	rs906595	0.406256
1	154911798	rs4845695	1	154823021	rs6426998	0.35823
1	154911798	rs4845695	1	154823545	rs2878411	0.406256
1	154911798	rs4845695	1	154824238	rs6682335	0.11975
1	154911798	rs4845695	1	154824330	rs1218554	0.120677
1	154911798	rs4845695	1	154824686	rs35319660	0.0986806
1	154911798	rs4845695	1	154824722	rs149811701	0.13892
1	154911798	rs4845695	1	154824750	rs529285941	0.136196
1	154911798	rs4845695	1	154824792	rs4845395	0.122317
1	154911798	rs4845695	1	154824973	rs12084791	0.13892
1	154911798	rs4845695	1	154825093	rs12058931	0.140228
1	154911798	rs4845695	1	154825244	rs10908443	0.11975
1	154911798	rs4845695	1	154825270	rs11264275	0.403805
1	154911798	rs4845695	1	154825806	rs4845675	0.11975
1	154911798	rs4845695	1	154826061	rs12044470	0.406256
1	154911798	rs4845695	1	154826359	rs12045303	0.406256
1	154911798	rs4845695	1	154827366	rs12729486	0.138109
1	154911798	rs4845695	1	154827520	rs12089941	0.13942
1	154911798	rs4845695	1	154827522	rs12089942	0.13942
1	154911798	rs4845695	1	154827694	rs143447598	0.35469
1	154911798	rs4845695	1	154827861	rs4845676	0.408715
1	154911798	rs4845695	1	154828160	rs2878412	0.115541
1	154911798	rs4845695	1	154828409	rs4845396	0.422666
1	154911798	rs4845695	1	154828683	rs56382016	0.16567
1	154911798	rs4845695	1	154830219	rs1218589	0.123971
1	154911798	rs4845695	1	154831143	rs34245846	0.142683
1	154911798	rs4845695	1	154831336	rs1218588	0.123971
1	154911798	rs4845695	1	154831925	rs1218587	0.123971
1	154911798	rs4845695	1	154832290	rs1061122	0.127493
1	154911798	rs4845695	1	154832304	rs4845397	0.211664
1	154911798	rs4845695	1	154832661	rs1218585	0.129394
1	154911798	rs4845695	1	154833067	rs1218584	0.128222
1	154911798	rs4845695	1	154834092	rs11264276	0.92255
1	154911798	rs4845695	1	154834183	rs1218582	0.610195
1	154911798	rs4845695	1	154834911	rs6699080	0.830709
1	154911798	rs4845695	1	154837796	rs7553195	0.849308
1	154911798	rs4845695	1	154838050	rs4845677	0.85968
1	154911798	rs4845695	1	154839799	rs6656494	0.7621
1	154911798	rs4845695	1	154840287	rs10908444	0.7621
1	154911798	rs4845695	1	154840516	rs7531728	0.85968
1	154911798	rs4845695	1	154841428	rs9661036	0.237995
1	154911798	rs4845695	1	154841429	rs9662134	0.237995
1	154911798	rs4845695	1	154843347	rs2335407	0.863454
1	154911798	rs4845695	1	154844351	rs11369103	0.866438
1	154911798	rs4845695	1	154844585	rs7544528	0.863454
1	154911798	rs4845695	1	154844853	rs543444475	0.715668
1	154911798	rs4845695	1	154845484	rs6669791	0.765423
1	154911798	rs4845695	1	154845534	rs11264278	0.254985
1	154911798	rs4845695	1	154846274	rs883718	0.767613
1	154911798	rs4845695	1	154849260	rs35629379	0.863454
1	154911798	rs4845695	1	154849479	rs10796934	0.765423
1	154911798	rs4845695	1	154849590	rs10908445	0.767613
1	154911798	rs4845695	1	154849661	rs61811879	0.161456
1	154911798	rs4845695	1	154849771	rs12069356	0.767613
1	154911798	rs4845695	1	154850445	rs12144978	0.952439
1	154911798	rs4845695	1	154852307	rs6683557	0.765423
1	154911798	rs4845695	1	154853295	rs4845678	0.769841
1	154911798	rs4845695	1	154857217	rs2135219	0.969368
1	154911798	rs4845695	1	154859038	rs4845398	0.769841
1	154911798	rs4845695	1	154859581	rs869506	0.769841
1	154911798	rs4845695	1	154859940	rs12036859	0.866438
1	154911798	rs4845695	1	154860314	rs570475463	0.523914
1	154911798	rs4845695	1	154861187	rs4845679	0.869474
1	154911798	rs4845695	1	154862559	rs566558617	0.769841
1	154911798	rs4845695	1	154862952	rs11264280	0.251372
1	154911798	rs4845695	1	154863195	rs4845680	0.769841
1	154911798	rs4845695	1	154865125	rs1580943	0.769841
1	154911798	rs4845695	1	154866093	rs4845399	0.969368
1	154911798	rs4845695	1	154867221	rs11264281	0.869474
1	154911798	rs4845695	1	154867370	rs11264282	0.769841
1	154911798	rs4845695	1	154868055	rs4845681	0.866817
1	154911798	rs4845695	1	154869552	rs11264283	0.756589
1	154911798	rs4845695	1	154869559	rs10908446	0.756589
1	154911798	rs4845695	1	154869742	rs10908447	0.889762
1	154911798	rs4845695	1	154870744	rs11288691	0.598573
1	154911798	rs4845695	1	154871688	rs562327736	0.395424
1	154911798	rs4845695	1	154871690	rs4297285	0.777991
1	154911798	rs4845695	1	154871700	rs530975949	0.395424
1	154911798	rs4845695	1	154872338	rs386368368	0.344532
1	154911798	rs4845695	1	154872523	rs4845400	0.76504
1	154911798	rs4845695	1	154874440	rs7528532	0.76504
1	154911798	rs4845695	1	154875793	rs11264284	0.889762
1	154911798	rs4845695	1	154876093	rs61099643	0.626527
1	154911798	rs4845695	1	154876869	rs6656435	0.76504
1	154911798	rs4845695	1	154877105	rs4845682	0.76504
1	154911798	rs4845695	1	154877407	rs4845683	0.889762
1	154911798	rs4845695	1	154877722	rs535511482	0.365053
1	154911798	rs4845695	1	154878300	rs4845685	0.76504
1	154911798	rs4845695	1	154878845	rs35704440	0.823103
1	154911798	rs4845695	1	154878876	rs9794000	0.760834
1	154911798	rs4845695	1	154878878	rs9793588	0.760834
1	154911798	rs4845695	1	154878911	rs4845687	0.760834
1	154911798	rs4845695	1	154879743	rs1977879	0.76504
1	154911798	rs4845695	1	154879788	rs1976559	0.76504
1	154911798	rs4845695	1	154880386	rs12130132	0.991187
1	154911798	rs4845695	1	154881461	rs1007170	0.889762
1	154911798	rs4845695	1	154882544	rs10908448	0.76504
1	154911798	rs4845695	1	154884142	rs4845688	0.76504
1	154911798	rs4845695	1	154885255	rs906593	0.76504
1	154911798	rs4845695	1	154885524	rs4845689	0.76504
1	154911798	rs4845695	1	154885779	rs4240874	0.76504
1	154911798	rs4845695	1	154885782	rs4240875	0.76504
1	154911798	rs4845695	1	154886817	rs4845690	0.76504
1	154911798	rs4845695	1	154887784	rs553312608	0.573597
1	154911798	rs4845695	1	154887949	rs2174507	0.76504
1	154911798	rs4845695	1	154888348	rs59353081	0.76504
1	154911798	rs4845695	1	154888893	rs142899835	0.111304
1	154911798	rs4845695	1	154888962	rs4339857	0.76504
1	154911798	rs4845695	1	154889319	rs575909872	0.290702
1	154911798	rs4845695	1	154889485	rs1218592	0.165421
1	154911798	rs4845695	1	154890005	rs564810024	0.767736
1	154911798	rs4845695	1	154890227	rs4845691	0.889762
1	154911798	rs4845695	1	154890311	rs4845692	0.76504
1	154911798	rs4845695	1	154890661	rs12406380	0.76504
1	154911798	rs4845695	1	154891363	rs10796935	0.76504
1	154911798	rs4845695	1	154891469	rs147094429	0.889762
1	154911798	rs4845695	1	154892339	rs113275210	0.711988
1	154911798	rs4845695	1	154892388	rs151107921	0.163275
1	154911798	rs4845695	1	154892753	rs6674853	0.889762
1	154911798	rs4845695	1	154900721	rs4578216	0.256888
1	154911798	rs4845695	1	154901250	rs369132355	0.260578
1	154911798	rs4845695	1	154909268	rs1109815	0.770435
1	154911798	rs4845695	1	154910012	rs877343	0.770435
1	154911798	rs4845695	1	154910930	rs58629129	1
1	154911798	rs4845695	1	154911257	rs4845693	0.776781
1	154911798	rs4845695	1	154911651	rs4845694	0.772514
1	154911798	rs4845695	1	154911689	rs72702224	0.995603
1	154911798	rs4845695	1	154911798	rs4845695	1
1	154911798	rs4845695	1	154911922	rs4845696	0.772514
1	154911798	rs4845695	1	154912017	rs12046459	0.770378
1	154911798	rs4845695	1	154912300	rs11264290	0.772514
1	154911798	rs4845695	1	154912409	rs59217610	0.695119
1	154911798	rs4845695	1	154912968	rs12095061	0.772514
1	154911798	rs4845695	1	154913021	rs6699043	0.772514
1	154911798	rs4845695	1	154913404	rs6686873	0.772514
1	154911798	rs4845695	1	154914797	rs11264291	0.772514
1	154911798	rs4845695	1	154915977	rs2335408	0.772514
1	154911798	rs4845695	1	154916068	rs2102423	0.772514
1	154911798	rs4845695	1	154916106	rs2335409	0.897871
1	154911798	rs4845695	1	154916992	rs11429731	0.934659
1	154911798	rs4845695	1	154917314	rs705094	0.769345
1	154911798	rs4845695	1	154919080	rs2061690	0.774693
1	154911798	rs4845695	1	154919565	rs3738026	0.765015
1	154911798	rs4845695	1	154941593	rs4845401	0.687532
1	154911798	rs4845695	1	154948327	rs12087657	0.278231
1	154911798	rs4845695	1	154969646	rs6427111	0.0936461
1	154911798	rs4845695	1	154975068	rs539833661	0.31633
1	154911798	rs4845695	1	154977929	rs4845402	0.0918002
1	154911798	rs4845695	1	154980351	rs56103503	0.762463
1	154911798	rs4845695	1	154981708	rs4845700	0.0969888
1	154911798	rs4845695	1	154983539	rs6686021	0.362706
1	154911798	rs4845695	1	154984363	rs1870940	0.12379
1	154911798	rs4845695	1	154986091	rs3753639	0.102037
1	154911798	rs4845695	1	154986793	rs3820225	0.349025
1	154911798	rs4845695	1	154987526	rs11264295	0.408717
1	154911798	rs4845695	1	154988957	rs2242195	0.259191
1	154911798	rs4845695	1	154989595	rs6673081	0.22055
1	154911798	rs4845695	1	154989823	rs148745415	0.112336
1	154911798	rs4845695	1	154990297	rs2242194	0.279143
1	154911798	rs4845695	1	154991389	rs905938	0.1124
1	154911798	rs4845695	1	154992244	rs35659598	0.249139
1	154911798	rs4845695	1	154992955	rs4845701	0.249139
1	154911798	rs4845695	1	154993085	rs4845702	0.139504
1	154911798	rs4845695	1	154993375	rs4845703	0.139504
1	154911798	rs4845695	1	154993915	rs112439021	0.1124
1	154911798	rs4845695	1	154994042	rs555239671	0.132774
1	154911798	rs4845695	1	154994265	rs6671688	0.405988
1	154911798	rs4845695	1	154994750	rs11264296	0.405988
1	154911798	rs4845695	1	154994978	rs76798800	0.112378
1	154911798	rs4845695	1	154995503	rs2242193	0.407293
1	154911798	rs4845695	1	154997674	rs6682611	0.3303
1	154911798	rs4845695	1	154999514	rs10796936	0.331303
1	154911798	rs4845695	1	155000370	rs60674412	0.326223
1	154911798	rs4845695	1	155001004	rs12404174	0.326223
1	154911798	rs4845695	1	155001929	rs10908452	0.317427
1	154911798	rs4845695	1	155006091	rs10908453	0.321182
1	154911798	rs4845695	1	155006450	rs74520550	0.0970987
1	154911798	rs4845695	1	155006451	rs76306191	0.0970987
1	154911798	rs4845695	1	155006999	rs6680600	0.313406
1	154911798	rs4845695	1	155007293	rs4845404	0.315261
1	154911798	rs4845695	1	155007302	rs4845405	0.313406
1	154911798	rs4845695	1	155007527	rs147557352	0.25544
1	154911798	rs4845695	1	155008318	rs4845704	0.313406
1	154911798	rs4845695	1	155008973	rs11264297	0.320526
1	154911798	rs4845695	1	155009258	rs11264298	0.312259
1	154911798	rs4845695	1	155009871	rs6657129	0.321469
