CHR_A	BP_A	SNP_A	CHR_B	BP_B	SNP_B	R2
10	122844709	rs2252004	10	122766013	rs118039785	0.0909328
10	122844709	rs2252004	10	122793916	rs140041018	0.0909328
10	122844709	rs2252004	10	122807190	rs116881878	0.180166
10	122844709	rs2252004	10	122807950	rs11362476	0.184813
10	122844709	rs2252004	10	122808053	rs7920826	0.101621
10	122844709	rs2252004	10	122809264	rs10736297	0.101621
10	122844709	rs2252004	10	122812361	rs11596249	0.285623
10	122844709	rs2252004	10	122812962	rs563700518	0.112167
10	122844709	rs2252004	10	122813319	rs12414906	0.295104
10	122844709	rs2252004	10	122813762	rs78643841	0.304995
10	122844709	rs2252004	10	122813793	rs7100346	0.108251
10	122844709	rs2252004	10	122813987	rs75070296	0.299996
10	122844709	rs2252004	10	122815724	rs17597155	0.304995
10	122844709	rs2252004	10	122816108	rs17597176	0.304995
10	122844709	rs2252004	10	122818338	rs145845363	0.276921
10	122844709	rs2252004	10	122825459	rs4752498	0.102008
10	122844709	rs2252004	10	122826977	rs117351944	0.180166
10	122844709	rs2252004	10	122827122	rs77512849	0.093093
10	122844709	rs2252004	10	122827955	rs141137006	0.117027
10	122844709	rs2252004	10	122829306	rs10886847	0.21543
10	122844709	rs2252004	10	122830043	rs11199747	0.157196
10	122844709	rs2252004	10	122833109	rs570885365;rs552686869	0.654145
10	122844709	rs2252004	10	122833144	rs11199751	0.973775
10	122844709	rs2252004	10	122833178	rs11199752	0.973775
10	122844709	rs2252004	10	122833913	rs4751824	0.946831
10	122844709	rs2252004	10	122834163	rs7078330	0.946831
10	122844709	rs2252004	10	122834630	rs7906864	0.946831
10	122844709	rs2252004	10	122834737	rs7907003	0.973775
10	122844709	rs2252004	10	122834787	rs7907115	0.973775
10	122844709	rs2252004	10	122835903	rs4567370	0.894488
10	122844709	rs2252004	10	122836478	rs2420911	0.973775
10	122844709	rs2252004	10	122836847	rs73361168	0.946831
10	122844709	rs2252004	10	122837553	rs17101395	0.973775
10	122844709	rs2252004	10	122837580	rs17101398	0.960074
10	122844709	rs2252004	10	122837705	rs2420912	0.933862
10	122844709	rs2252004	10	122837858	rs732640	0.261628
10	122844709	rs2252004	10	122838236	rs2011705	0.260167
10	122844709	rs2252004	10	122838775	rs11819556	1
10	122844709	rs2252004	10	122839313	rs2420913	1
10	122844709	rs2252004	10	122840244	rs2420914	0.960074
10	122844709	rs2252004	10	122840277	rs2420915	0.907571
10	122844709	rs2252004	10	122841079	rs11199756	0.973775
10	122844709	rs2252004	10	122841270	rs10886848	0.338803
10	122844709	rs2252004	10	122841529	rs12263945	0.960074
10	122844709	rs2252004	10	122842033	rs2252344	0.960074
10	122844709	rs2252004	10	122842937	rs2252219	0.973775
10	122844709	rs2252004	10	122843737	rs17101410	0.920535
10	122844709	rs2252004	10	122843761	rs2252117	1
10	122844709	rs2252004	10	122843983	rs11199758	0.907481
10	122844709	rs2252004	10	122844482	rs2252014	1
10	122844709	rs2252004	10	122844709	rs2252004	1
10	122844709	rs2252004	10	122846009	rs2251851	1
10	122844709	rs2252004	10	122846581	rs2251749	0.305511
10	122844709	rs2252004	10	122847055	rs2251723	1
10	122844709	rs2252004	10	122847153	rs544160781	0.933774
10	122844709	rs2252004	10	122847333	rs150322882	0.907481
10	122844709	rs2252004	10	122848007	rs74955043	0.907481
10	122844709	rs2252004	10	122848522	rs2248774	1
10	122844709	rs2252004	10	122850155	rs112672290	0.893914
10	122844709	rs2252004	10	122853958	rs73362918	0.893914
10	122844709	rs2252004	10	122853969	rs2248168	0.960407
10	122844709	rs2252004	10	122854480	rs2248064	0.973372
10	122844709	rs2252004	10	122854506	rs58755081	0.960407
10	122844709	rs2252004	10	122854749	rs2248051	0.973372
10	122844709	rs2252004	10	122854890	rs57153225	0.893914
10	122844709	rs2252004	10	122854917	rs2248039	0.973372
10	122844709	rs2252004	10	122857482	rs5788459	0.90697
10	122844709	rs2252004	10	122857596	rs2245095	0.946512
10	122844709	rs2252004	10	122859177	rs7079858	0.90697
10	122844709	rs2252004	10	122859270	rs80235628	0.620253
10	122844709	rs2252004	10	122859623	rs7083597	0.893914
10	122844709	rs2252004	10	122859815	rs58994027	0.880674
10	122844709	rs2252004	10	122860692	rs5788460	0.88092
10	122844709	rs2252004	10	122860694	rs2901285	0.88092
10	122844709	rs2252004	10	122861295	rs11199764	0.297282
10	122844709	rs2252004	10	122862370	rs2244506	0.323645
10	122844709	rs2252004	10	122862598	rs7906998	0.28495
10	122844709	rs2252004	10	122862682	rs59008722	0.893914
10	122844709	rs2252004	10	122862720	rs142445498	0.90697
10	122844709	rs2252004	10	122862810	rs7907275	0.28495
10	122844709	rs2252004	10	122863567	rs7071639	0.89452
10	122844709	rs2252004	10	122863589	rs7071645	0.880796
10	122844709	rs2252004	10	122863606	rs7087589	0.869514
10	122844709	rs2252004	10	122863793	rs7087772	0.880796
10	122844709	rs2252004	10	122865021	rs35774774	0.868166
10	122844709	rs2252004	10	122865363	rs11199768	0.880674
10	122844709	rs2252004	10	122867080	rs12416651	0.880674
10	122844709	rs2252004	10	122867288	rs78788763	0.270538
10	122844709	rs2252004	10	122867292	rs12416657	0.303174
10	122844709	rs2252004	10	122867613	rs2255060	0.244562
10	122844709	rs2252004	10	122867910	rs2451872	0.245955
10	122844709	rs2252004	10	122868026	rs2451873	0.245955
10	122844709	rs2252004	10	122868134	rs73362975	0.880674
10	122844709	rs2252004	10	122869290	rs2254798	0.299234
10	122844709	rs2252004	10	122869552	rs12415055	0.66658
10	122844709	rs2252004	10	122869632	rs7082353	0.251417
10	122844709	rs2252004	10	122869735	rs10749401	0.255911
10	122844709	rs2252004	10	122870045	rs7083192	0.251417
10	122844709	rs2252004	10	122870316	rs6585692	0.920685
10	122844709	rs2252004	10	122870416	rs7907754	0.948666
10	122844709	rs2252004	10	122870496	rs6585693	0.920685
10	122844709	rs2252004	10	122870532	rs7896335	0.652143
10	122844709	rs2252004	10	122870735	rs1907278	0.244562
10	122844709	rs2252004	10	122871046	rs2254671	0.244562
10	122844709	rs2252004	10	122871189	rs7088405	0.948666
10	122844709	rs2252004	10	122871285	rs73362996	0.920685
10	122844709	rs2252004	10	122871701	rs73362997	0.920685
10	122844709	rs2252004	10	122871745	rs17101435	0.920685
10	122844709	rs2252004	10	122872046	rs2438673	0.248767
10	122844709	rs2252004	10	122872517	rs2254455	0.948666
10	122844709	rs2252004	10	122872599	rs12414160	0.880674
10	122844709	rs2252004	10	122872635	rs12411477	0.66658
10	122844709	rs2252004	10	122872759	rs2918605	0.895642
10	122844709	rs2252004	10	122872792	rs2254450	0.638177
10	122844709	rs2252004	10	122873026	rs7072244	0.920685
10	122844709	rs2252004	10	122873110	rs7072051	0.920685
10	122844709	rs2252004	10	122873870	rs34216331	0.638177
10	122844709	rs2252004	10	122873944	rs2243612	0.638177
10	122844709	rs2252004	10	122874093	rs2243611	0.895642
10	122844709	rs2252004	10	122874195	rs7077066	0.610586
10	122844709	rs2252004	10	122874196	rs2254206	0.638177
10	122844709	rs2252004	10	122874270	rs5788461	0.638177
10	122844709	rs2252004	10	122874348	rs2243609	0.686962
10	122844709	rs2252004	10	122874922	rs11594964	0.652143
10	122844709	rs2252004	10	122875040	rs17101456	0.610586
10	122844709	rs2252004	10	122875356	rs2254079	0.638177
10	122844709	rs2252004	10	122875547	rs2254074	0.686962
10	122844709	rs2252004	10	122875589	rs2254069	0.608627
10	122844709	rs2252004	10	122875744	rs2254068	0.211129
10	122844709	rs2252004	10	122875985	rs2438672	0.686962
10	122844709	rs2252004	10	122876829	rs2264380	0.948666
10	122844709	rs2252004	10	122876975	rs2253920	0.686962
10	122844709	rs2252004	10	122877133	rs11343616	0.908023
10	122844709	rs2252004	10	122879732	rs2130779	0.778448
10	122844709	rs2252004	10	122885151	rs17101480	0.610586
10	122844709	rs2252004	10	122886240	rs4436487	0.177541
10	122844709	rs2252004	10	122886458	rs75921557	0.74085
10	122844709	rs2252004	10	122907460	rs149096234	0.165553
