CHR_A	BP_A	SNP_A	CHR_B	BP_B	SNP_B	R2
2	10117868	rs11902236	2	10087199	rs4668660	0.139654
2	10117868	rs11902236	2	10087826	rs112220609	0.216152
2	10117868	rs11902236	2	10088024	rs7604794	0.210591
2	10117868	rs11902236	2	10089323	rs140652155	0.195209
2	10117868	rs11902236	2	10090244	rs6755289	0.154551
2	10117868	rs11902236	2	10090572	rs1864539	0.119691
2	10117868	rs11902236	2	10090591	rs1864540	0.117723
2	10117868	rs11902236	2	10090646	rs1864541	0.151183
2	10117868	rs11902236	2	10090761	rs1864542	0.122871
2	10117868	rs11902236	2	10091422	rs115898376	0.625774
2	10117868	rs11902236	2	10091447	rs533381656	0.135593
2	10117868	rs11902236	2	10091456	rs541836159	0.30659
2	10117868	rs11902236	2	10091585	rs183994067	0.64113
2	10117868	rs11902236	2	10091952	rs111645870	0.200864
2	10117868	rs11902236	2	10092019	rs187290376	0.200864
2	10117868	rs11902236	2	10092236	rs149940396	0.645645
2	10117868	rs11902236	2	10092373	rs73913927	0.645645
2	10117868	rs11902236	2	10092933	rs141313862	0.352795
2	10117868	rs11902236	2	10093003	rs73913928	0.200864
2	10117868	rs11902236	2	10093908	rs7581701	0.466104
2	10117868	rs11902236	2	10093985	rs73913930	0.396209
2	10117868	rs11902236	2	10094318	rs3828262	0.198539
2	10117868	rs11902236	2	10094526	rs73913932	0.202789
2	10117868	rs11902236	2	10094992	rs2303918	0.239963
2	10117868	rs11902236	2	10095020	rs150405807	0.196406
2	10117868	rs11902236	2	10095185	rs16867251	0.396209
2	10117868	rs11902236	2	10095374	rs13401891	0.202111
2	10117868	rs11902236	2	10095974	rs6754701	0.396209
2	10117868	rs11902236	2	10096358	rs60026782	0.396209
2	10117868	rs11902236	2	10096654	rs141637245	0.385171
2	10117868	rs11902236	2	10097542	rs529918084	0.175984
2	10117868	rs11902236	2	10098227	rs6708858	0.420885
2	10117868	rs11902236	2	10098483	rs59658303	0.396209
2	10117868	rs11902236	2	10098604	rs60035701	0.396209
2	10117868	rs11902236	2	10098619	rs60857888	0.351802
2	10117868	rs11902236	2	10099691	rs16867254	0.396209
2	10117868	rs11902236	2	10100305	rs148986647	0.396209
2	10117868	rs11902236	2	10100385	rs143798837	0.396209
2	10117868	rs11902236	2	10101468	rs16867256	0.396209
2	10117868	rs11902236	2	10101669	rs16867257	0.396209
2	10117868	rs11902236	2	10101686	rs138724700	0.387208
2	10117868	rs11902236	2	10102735	rs41264179	0.199575
2	10117868	rs11902236	2	10103010	rs11902268	0.396209
2	10117868	rs11902236	2	10103041	rs13424292	0.277003
2	10117868	rs11902236	2	10104747	rs16867260	0.199575
2	10117868	rs11902236	2	10104917	rs72784430	0.198539
2	10117868	rs11902236	2	10105176	rs61221335	0.396209
2	10117868	rs11902236	2	10105535	rs41264203	0.396209
2	10117868	rs11902236	2	10105644	rs11884250	0.396209
2	10117868	rs11902236	2	10106071	rs16867261	0.294843
2	10117868	rs11902236	2	10106539	rs141677285	0.394789
2	10117868	rs11902236	2	10106554	rs73159956	0.203913
2	10117868	rs11902236	2	10107490	rs59345896	0.203913
2	10117868	rs11902236	2	10107754	rs34197846	0.738278
2	10117868	rs11902236	2	10107774	rs67223835	0.203913
2	10117868	rs11902236	2	10108037	rs7575106	0.205398
2	10117868	rs11902236	2	10108514	rs6741117	0.405435
2	10117868	rs11902236	2	10108536	rs16867262	0.203913
2	10117868	rs11902236	2	10109004	rs17455130	0.198539
2	10117868	rs11902236	2	10109860	rs11886114	0.203913
2	10117868	rs11902236	2	10109994	rs6735737	0.737327
2	10117868	rs11902236	2	10110003	rs4635506	0.737327
2	10117868	rs11902236	2	10110019	rs4482455	0.737327
2	10117868	rs11902236	2	10110159	rs4613247	0.362218
2	10117868	rs11902236	2	10110224	rs4496316	0.244105
2	10117868	rs11902236	2	10110357	rs2116014	0.741745
2	10117868	rs11902236	2	10110439	rs2116015	0.741745
2	10117868	rs11902236	2	10110470	rs5829240	0.142406
2	10117868	rs11902236	2	10110517	rs2163336	0.738278
2	10117868	rs11902236	2	10110593	rs150953621	0.203913
2	10117868	rs11902236	2	10110666	rs2116016	0.244395
2	10117868	rs11902236	2	10111219	rs11883961	0.203913
2	10117868	rs11902236	2	10111405	rs11889061	0.203913
2	10117868	rs11902236	2	10111621	rs72784434	0.198539
2	10117868	rs11902236	2	10111901	rs1897164	0.203913
2	10117868	rs11902236	2	10111936	rs3791764	0.203913
2	10117868	rs11902236	2	10111973	rs7601896	0.405435
2	10117868	rs11902236	2	10112699	rs55780001	0.244105
2	10117868	rs11902236	2	10112954	rs16867266	0.203913
2	10117868	rs11902236	2	10113496	rs6726950	0.411086
2	10117868	rs11902236	2	10113504	rs6739827	0.745228
2	10117868	rs11902236	2	10114033	rs11888501	0.411086
2	10117868	rs11902236	2	10114230	rs891499	0.745228
2	10117868	rs11902236	2	10114354	rs6730919	0.411086
2	10117868	rs11902236	2	10114413	rs6733974	0.411086
2	10117868	rs11902236	2	10114523	rs6731160	0.411086
2	10117868	rs11902236	2	10114619	rs6744044	0.411086
2	10117868	rs11902236	2	10114630	rs6744047	0.411086
2	10117868	rs11902236	2	10114662	rs6734239	0.411086
2	10117868	rs11902236	2	10114677	rs112738082	0.411086
2	10117868	rs11902236	2	10114772	rs11893694	0.411086
2	10117868	rs11902236	2	10115258	rs3791763	0.203913
2	10117868	rs11902236	2	10115849	rs111809546	0.217491
2	10117868	rs11902236	2	10116084	rs6735658	0.208987
2	10117868	rs11902236	2	10117122	rs6725087	0.201023
2	10117868	rs11902236	2	10117422	rs75381116	0.249719
2	10117868	rs11902236	2	10117574	rs112086190	0.15436
2	10117868	rs11902236	2	10117868	rs11902236	1
2	10117868	rs11902236	2	10118190	rs3791761	0.158367
2	10117868	rs11902236	2	10118977	rs12614762	0.339648
2	10117868	rs11902236	2	10119375	rs532903198	0.216734
2	10117868	rs11902236	2	10119578	rs112024311	0.197546
2	10117868	rs11902236	2	10119616	rs59715119	0.339648
2	10117868	rs11902236	2	10119879	rs3791759	0.334066
2	10117868	rs11902236	2	10121902	rs10803712	0.105856
2	10117868	rs11902236	2	10121956	rs72784441	0.197546
2	10117868	rs11902236	2	10122470	rs146582485	0.197546
2	10117868	rs11902236	2	10123120	rs6749296	0.195777
2	10117868	rs11902236	2	10123950	rs2003911	0.195777
2	10117868	rs11902236	2	10124050	rs2012320	0.195777
2	10117868	rs11902236	2	10124459	rs744033	0.338986
2	10117868	rs11902236	2	10125002	rs730922	0.293725
2	10117868	rs11902236	2	10125404	rs2357392	0.0971216
2	10117868	rs11902236	2	10126416	rs16867274	0.350817
2	10117868	rs11902236	2	10126700	rs140023697	0.195777
2	10117868	rs11902236	2	10126751	rs6743540	0.350817
2	10117868	rs11902236	2	10126805	rs112643879	0.195777
2	10117868	rs11902236	2	10129252	rs59015435	0.221221
2	10117868	rs11902236	2	10129306	rs11690988	0.195777
2	10117868	rs11902236	2	10129395	rs67093290	0.195777
2	10117868	rs11902236	2	10130006	rs6716765	0.204357
2	10117868	rs11902236	2	10131061	rs6717804;rs35863027	0.153266
2	10117868	rs11902236	2	10132917	rs72784463	0.195777
2	10117868	rs11902236	2	10133728	rs6711126	0.204357
2	10117868	rs11902236	2	10133820	rs6750565	0.195777
2	10117868	rs11902236	2	10133973	rs6721359	0.204357
2	10117868	rs11902236	2	10134116	rs6750946	0.204357
2	10117868	rs11902236	2	10134198	rs146708943	0.204357
2	10117868	rs11902236	2	10134397	rs13031952	0.350817
2	10117868	rs11902236	2	10134511	rs66920316	0.204357
2	10117868	rs11902236	2	10134612	rs73913937	0.200774
2	10117868	rs11902236	2	10134616	rs73913938	0.200774
2	10117868	rs11902236	2	10134711	rs11902932	0.204357
2	10117868	rs11902236	2	10134739	rs11886486	0.204357
2	10117868	rs11902236	2	10135398	rs11887890	0.204357
2	10117868	rs11902236	2	10135592	rs73162262	0.204357
2	10117868	rs11902236	2	10135623	rs73162264	0.204357
2	10117868	rs11902236	2	10135681	rs113577745	0.318529
2	10117868	rs11902236	2	10135855	rs11674576	0.204357
2	10117868	rs11902236	2	10135956	rs41264205	0.204357
2	10117868	rs11902236	2	10136592	rs16867277	0.222481
2	10117868	rs11902236	2	10137119	rs2357394	0.0981726
2	10117868	rs11902236	2	10137946	rs150171875	0.194933
2	10117868	rs11902236	2	10138552	rs5018439	0.347527
2	10117868	rs11902236	2	10138578	rs6146621	0.221047
2	10117868	rs11902236	2	10138585	rs572944347	0.318529
2	10117868	rs11902236	2	10138607	rs539902477	0.312361
2	10117868	rs11902236	2	10138649	rs531224721	0.318529
2	10117868	rs11902236	2	10138673	rs558475231	0.312361
2	10117868	rs11902236	2	10138705	rs12992558	0.128296
2	10117868	rs11902236	2	10138719	rs569103897	0.167564
2	10117868	rs11902236	2	10138745	rs577384141	0.0914243
2	10117868	rs11902236	2	10138779	rs553616672	0.216004
2	10117868	rs11902236	2	10138780	rs573667874	0.146172
2	10117868	rs11902236	2	10138860	rs200476397	0.319059
2	10117868	rs11902236	2	10138955	rs113891349	0.103082
2	10117868	rs11902236	2	10138983	rs78425380	0.22369
2	10117868	rs11902236	2	10139764	rs3791749	0.339956
2	10117868	rs11902236	2	10142073	rs1052835	0.350817
2	10117868	rs11902236	2	10142819	rs17364519	0.218272
2	10117868	rs11902236	2	10144973	rs73913955	0.270407
2	10117868	rs11902236	2	10145348	rs1469541	0.270407
2	10117868	rs11902236	2	10145519	rs7570826	0.240364
2	10117868	rs11902236	2	10146206	rs72784479	0.192595
2	10117868	rs11902236	2	10146757	rs113967167	0.229556
2	10117868	rs11902236	2	10147123	rs72784482	0.179569
2	10117868	rs11902236	2	10147141	rs78593523	0.093495
2	10117868	rs11902236	2	10147201	rs6724988	0.201352
2	10117868	rs11902236	2	10147944	rs1864537	0.238907
2	10117868	rs11902236	2	10148390	rs1594399	0.238256
2	10117868	rs11902236	2	10148549	rs1594398	0.238256
2	10117868	rs11902236	2	10149122	rs77535145	0.0929489
2	10117868	rs11902236	2	10149125	rs62127508	0.0938281
2	10117868	rs11902236	2	10151543	rs377115823	0.125554
2	10117868	rs11902236	2	10152530	rs112737414	0.241695
2	10117868	rs11902236	2	10152621	rs9751344	0.181951
2	10117868	rs11902236	2	10154254	rs2008465	0.189074
2	10117868	rs11902236	2	10155174	rs116792926	0.253141
2	10117868	rs11902236	2	10156011	rs199692688	0.243643
2	10117868	rs11902236	2	10156020	rs13019132	0.214189
2	10117868	rs11902236	2	10159541	rs1367390	0.224641
2	10117868	rs11902236	2	10161005	rs13027081	0.140125
2	10117868	rs11902236	2	10161891	rs4073398	0.140125
2	10117868	rs11902236	2	10162475	rs6737967	0.13872
2	10117868	rs11902236	2	10163067	rs59713317	0.290962
2	10117868	rs11902236	2	10163413	rs149929360	0.119961
2	10117868	rs11902236	2	10163832	rs13427706	0.231208
2	10117868	rs11902236	2	10164349	rs62127528	0.12723
2	10117868	rs11902236	2	10164605	rs28670920	0.23288
2	10117868	rs11902236	2	10168247	rs6432051	0.130434
2	10117868	rs11902236	2	10189835	rs6432053	0.093122
2	10117868	rs11902236	2	10190584	rs4614909	0.0938934
2	10117868	rs11902236	2	10190712	rs6432054	0.0943956
2	10117868	rs11902236	2	10194487	rs7632	0.0938934
2	10117868	rs11902236	2	10195067	rs6432055	0.0963651
2	10117868	rs11902236	2	10195616	rs13021409	0.0938934
