CHR_A	BP_A	SNP_A	CHR_B	BP_B	SNP_B	R2
20	61015611	rs2427345	20	60986249	rs1570023	0.110087
20	61015611	rs2427345	20	60986958	rs6089364	0.0929272
20	61015611	rs2427345	20	60987737	rs6089366	0.148417
20	61015611	rs2427345	20	60989185	rs10888228	0.129923
20	61015611	rs2427345	20	60990162	rs62196317	0.131983
20	61015611	rs2427345	20	60992833	rs73319063	0.209259
20	61015611	rs2427345	20	60993033	rs6061522	0.141159
20	61015611	rs2427345	20	60993036	rs8122166	0.141159
20	61015611	rs2427345	20	60994122	rs12106205	0.213921
20	61015611	rs2427345	20	60995266	rs2427326	0.122934
20	61015611	rs2427345	20	60995588	rs2427327	0.127067
20	61015611	rs2427345	20	60996110	rs11324173	0.134661
20	61015611	rs2427345	20	60996277	rs13043574	0.213921
20	61015611	rs2427345	20	60996484	rs6089226	0.122934
20	61015611	rs2427345	20	60996632	rs62648911	0.213921
20	61015611	rs2427345	20	60996967	rs6061524	0.122934
20	61015611	rs2427345	20	60997330	rs12151878	0.193242
20	61015611	rs2427345	20	60998473	rs2427329	0.161329
20	61015611	rs2427345	20	60998495	rs13044047	0.296003
20	61015611	rs2427345	20	60998681	rs13044431	0.11321
20	61015611	rs2427345	20	60999737	rs35418657	0.531762
20	61015611	rs2427345	20	60999816	rs2427332	0.276204
20	61015611	rs2427345	20	60999841	rs2427333	0.277771
20	61015611	rs2427345	20	61000955	rs12480953	0.219492
20	61015611	rs2427345	20	61001061	rs139135938	0.357915
20	61015611	rs2427345	20	61001851	rs6121589	0.556486
20	61015611	rs2427345	20	61003031	rs744533	0.109286
20	61015611	rs2427345	20	61003513	rs4925234	0.262551
20	61015611	rs2427345	20	61003971	rs11469259	0.259422
20	61015611	rs2427345	20	61004142	rs13045292	0.234104
20	61015611	rs2427345	20	61005306	rs13044578	0.244236
20	61015611	rs2427345	20	61006114	rs6089369	0.368002
20	61015611	rs2427345	20	61006405	rs1109400	0.196654
20	61015611	rs2427345	20	61007380	rs4925239	0.768942
20	61015611	rs2427345	20	61007422	rs4925240	0.768942
20	61015611	rs2427345	20	61008364	rs2427338	0.768942
20	61015611	rs2427345	20	61008537	rs2427339	0.183436
20	61015611	rs2427345	20	61008583	rs11204424	0.768942
20	61015611	rs2427345	20	61008620	rs2427340	0.468141
20	61015611	rs2427345	20	61008794	rs2427341	0.768942
20	61015611	rs2427345	20	61009521	rs139253501	0.183436
20	61015611	rs2427345	20	61009781	rs6089370	0.768942
20	61015611	rs2427345	20	61009804	rs6142758	0.468141
20	61015611	rs2427345	20	61010298	rs927136	0.768942
20	61015611	rs2427345	20	61010335	rs73145388	0.105757
20	61015611	rs2427345	20	61011303	rs6089371	0.245034
20	61015611	rs2427345	20	61011696	rs2427342	0.291479
20	61015611	rs2427345	20	61012280	rs911080	0.188016
20	61015611	rs2427345	20	61012317	rs4404353	0.103258
20	61015611	rs2427345	20	61013082	rs747338	0.253433
20	61015611	rs2427345	20	61013686	rs56297319	0.23564
20	61015611	rs2427345	20	61013746	rs55974965	0.23564
20	61015611	rs2427345	20	61013789	rs2427343	0.704434
20	61015611	rs2427345	20	61013955	rs2427344	0.772306
20	61015611	rs2427345	20	61014066	rs58234346	0.23564
20	61015611	rs2427345	20	61014202	rs8115536	0.23564
20	61015611	rs2427345	20	61014364	rs8113921	0.23564
20	61015611	rs2427345	20	61014436	rs8115352	0.23564
20	61015611	rs2427345	20	61014490	rs6142760	0.23564
20	61015611	rs2427345	20	61014681	rs1321353	0.262536
20	61015611	rs2427345	20	61014767	rs11905355	0.23564
20	61015611	rs2427345	20	61014853	rs11906647	0.23564
20	61015611	rs2427345	20	61015158	rs73145400	0.105757
20	61015611	rs2427345	20	61015240	rs34585497	0.772306
20	61015611	rs2427345	20	61015611	rs2427345	1
20	61015611	rs2427345	20	61015819	rs6142761	0.242453
20	61015611	rs2427345	20	61015976	rs6142762	0.236471
20	61015611	rs2427345	20	61016278	rs56013636	0.182253
20	61015611	rs2427345	20	61016279	rs6142763	0.23564
20	61015611	rs2427345	20	61016476	rs6089227	0.242178
20	61015611	rs2427345	20	61016534	rs6061530	0.182253
20	61015611	rs2427345	20	61016676	rs67203604	0.182253
20	61015611	rs2427345	20	61016751	rs2427346	0.182253
20	61015611	rs2427345	20	61016822	rs73147307	0.23564
20	61015611	rs2427345	20	61016965	rs6142764	0.23564
20	61015611	rs2427345	20	61016998	rs6089374	0.577075
20	61015611	rs2427345	20	61017081	rs2427347	0.772306
20	61015611	rs2427345	20	61017262	rs10460672	0.131332
20	61015611	rs2427345	20	61017288	rs6142765	0.23564
20	61015611	rs2427345	20	61017654	rs6142648	0.131703
20	61015611	rs2427345	20	61017815	rs6142649	0.127252
20	61015611	rs2427345	20	61018417	rs2427349	0.177567
20	61015611	rs2427345	20	61019137	rs2427350	0.182276
20	61015611	rs2427345	20	61020348	rs2427352	0.178429
20	61015611	rs2427345	20	61020863	rs2427353	0.188265
20	61015611	rs2427345	20	61022082	rs13045237	0.212176
20	61015611	rs2427345	20	61022351	rs6089229	0.182555
20	61015611	rs2427345	20	61022398	rs6089378	0.179405
20	61015611	rs2427345	20	61022636	rs4423679	0.161349
20	61015611	rs2427345	20	61022814	rs2427354	0.161349
20	61015611	rs2427345	20	61023620	rs6061535	0.16433
20	61015611	rs2427345	20	61023736	rs8117570	0.164841
20	61015611	rs2427345	20	61023855	rs1884827	0.165239
20	61015611	rs2427345	20	61023986	rs6121598	0.124222
20	61015611	rs2427345	20	61023988	rs6121599	0.124222
20	61015611	rs2427345	20	61024062	rs2427355	0.165239
20	61015611	rs2427345	20	61024609	rs6061538	0.159299
20	61015611	rs2427345	20	61024676	rs6121601	0.162253
20	61015611	rs2427345	20	61024744	rs6089379	0.161349
20	61015611	rs2427345	20	61024752	rs6421435	0.162253
20	61015611	rs2427345	20	61024753	rs6421436	0.146159
20	61015611	rs2427345	20	61024823	rs6587235	0.164841
20	61015611	rs2427345	20	61025071	rs73303261	0.123817
20	61015611	rs2427345	20	61025153	rs2427356	0.114349
20	61015611	rs2427345	20	61025159	rs2427357	0.158894
20	61015611	rs2427345	20	61025704	rs73149227	0.119561
20	61015611	rs2427345	20	61025954	rs6061540	0.157649
20	61015611	rs2427345	20	61026003	rs140076166	0.123817
20	61015611	rs2427345	20	61026074	rs4925243	0.152597
20	61015611	rs2427345	20	61026090	rs4925183	0.152176
20	61015611	rs2427345	20	61026106	rs4925244	0.149743
20	61015611	rs2427345	20	61026751	rs56048559	0.108265
20	61015611	rs2427345	20	61027180	rs551825780	0.152231
20	61015611	rs2427345	20	61027854	rs4925245	0.149243
20	61015611	rs2427345	20	61028348	rs34815246	0.14525
20	61015611	rs2427345	20	61028447	rs35344568	0.14566
20	61015611	rs2427345	20	61028587	rs8118299	0.114393
20	61015611	rs2427345	20	61028631	rs8122791	0.108555
20	61015611	rs2427345	20	61030580	rs2379120	0.15317
