CHR_A	BP_A	SNP_A	CHR_B	BP_B	SNP_B	R2
2	62763347	rs901532	2	63033792	rs1000856	0.133927
2	62763347	rs901532	2	63040476	rs62179316	0.133927
2	62763347	rs901532	2	63046535	rs62179317	0.133927
2	62763347	rs901532	2	63067815	rs529902398	0.143831
2	62763347	rs901532	2	63069367	rs149910619	0.093021
2	62763347	rs901532	2	63073519	rs150535115	0.093021
2	62763347	rs901532	2	63083506	rs62179328	0.110383
2	62763347	rs901532	2	63100200	rs148545360	0.093021
2	62763347	rs901532	2	63124042	rs199681020	0.0976862
2	62763347	rs901532	2	63131731	rs721048	0.114593
2	62763347	rs901532	2	63133143	rs566637764	0.114593
2	62763347	rs901532	2	63134879	rs2710646	0.111082
2	62763347	rs901532	2	63157207	rs2710643	0.124395
2	62763347	rs901532	2	63165941	rs139219285	0.10023
2	62763347	rs901532	2	63194605	rs200734134	0.0976862
2	62763347	rs901532	2	63237395	rs142793321	0.0976862
2	62763347	rs901532	2	63238346	rs2553041	0.113664
2	62763347	rs901532	2	63316165	rs62179358	0.170902
2	62763347	rs901532	2	63317495	rs141825811	0.173244
2	62763347	rs901532	2	63317595	rs139489905	0.165219
2	62763347	rs901532	2	63317607	rs142556461	0.166897
2	62763347	rs901532	2	63317629	rs150969286	0.166897
2	62763347	rs901532	2	63318668	rs564904548	0.1076
2	62763347	rs901532	2	63319148	rs62180265	0.174956
2	62763347	rs901532	2	63319183	rs150265977	0.174956
2	62763347	rs901532	2	63319906	rs62180268	0.174956
2	62763347	rs901532	2	63320524	rs62180269	0.174956
2	62763347	rs901532	2	63323141	rs62180270	0.174956
2	62763347	rs901532	2	63324056	rs62180271	0.174956
2	62763347	rs901532	2	63325673	rs62180272	0.170902
2	62763347	rs901532	2	63330475	rs62180275	0.170902
2	62763347	rs901532	2	63330620	rs62180276	0.170902
2	62763347	rs901532	2	63331776	rs79036893	0.170902
2	62763347	rs901532	2	63331964	rs62180305	0.110922
2	62763347	rs901532	2	63341015	rs62180307	0.167268
2	62763347	rs901532	2	63343035	rs62180308	0.163324
2	62763347	rs901532	2	63354215	rs62180310	0.17464
2	62763347	rs901532	2	63364851	rs62180312	0.172909
2	62763347	rs901532	2	63370058	rs62180313	0.149045
2	62763347	rs901532	2	63373133	rs62180314	0.17464
2	62763347	rs901532	2	63375567	rs139905847	0.1076
2	63131731	rs721048	2	63032696	rs4671051	0.111838
2	63131731	rs721048	2	63033118	rs34953459	0.0996425
2	63131731	rs721048	2	63033792	rs1000856	0.232178
2	63131731	rs721048	2	63034870	rs1828398	0.108351
2	63131731	rs721048	2	63035353	rs59599464	0.634339
2	63131731	rs721048	2	63036440	rs201028469	0.141168
2	63131731	rs721048	2	63040476	rs62179316	0.232178
2	63131731	rs721048	2	63046039	rs1022110	0.103879
2	63131731	rs721048	2	63046535	rs62179317	0.232178
2	63131731	rs721048	2	63047973	rs7562734	0.113281
2	63131731	rs721048	2	63053048	rs11688816	0.210394
2	63131731	rs721048	2	63059927	rs12713469	0.35598
2	63131731	rs721048	2	63062671	rs7571916	0.109544
2	63131731	rs721048	2	63069112	rs6714241	0.24072
2	63131731	rs721048	2	63073194	rs11682530	0.101857
2	63131731	rs721048	2	63074986	rs6545971	0.109607
2	63131731	rs721048	2	63075033	rs2421816	0.108409
2	63131731	rs721048	2	63078797	rs75828146	0.234586
2	63131731	rs721048	2	63079528	rs11893131	0.106066
2	63131731	rs721048	2	63079775	rs13418889	0.109496
2	63131731	rs721048	2	63079983	rs17027429	0.110947
2	63131731	rs721048	2	63081759	rs2080227	0.0909261
2	63131731	rs721048	2	63083506	rs62179328	0.225174
2	63131731	rs721048	2	63084682	rs6545972	0.112991
2	63131731	rs721048	2	63085848	rs7567923	0.109496
2	63131731	rs721048	2	63086639	rs7557501	0.112991
2	63131731	rs721048	2	63087633	rs56995103	0.112414
2	63131731	rs721048	2	63087778	rs13410889	0.362328
2	63131731	rs721048	2	63089434	rs6545973	0.108409
2	63131731	rs721048	2	63089644	rs9789661	0.110947
2	63131731	rs721048	2	63090975	rs1558586	0.102897
2	63131731	rs721048	2	63091426	rs2058567	0.106066
2	63131731	rs721048	2	63095789	rs112718818	0.105084
2	63131731	rs721048	2	63095792	rs56373728	0.104241
2	63131731	rs721048	2	63104904	rs2539981	0.165554
2	63131731	rs721048	2	63106784	rs2430388	0.104799
2	63131731	rs721048	2	63107481	rs59916252	0.156422
2	63131731	rs721048	2	63111004	rs2539982	0.167726
2	63131731	rs721048	2	63112500	rs1420018	0.0992766
2	63131731	rs721048	2	63113778	rs116688248	0.145261
2	63131731	rs721048	2	63131731	rs721048	1
2	63131731	rs721048	2	63132342	rs2215870	0.107055
2	63131731	rs721048	2	63133143	rs566637764	0.985946
2	63131731	rs721048	2	63133584	rs2539984	0.23614
2	63131731	rs721048	2	63134507	rs2539985	0.1023
2	63131731	rs721048	2	63134879	rs2710646	0.992968
2	63131731	rs721048	2	63138963	rs2710639	0.121979
2	63131731	rs721048	2	63142864	rs2539987	0.10296
2	63131731	rs721048	2	63144305	rs2710640	0.10221
2	63131731	rs721048	2	63149265	rs2710641	0.389702
2	63131731	rs721048	2	63149557	rs2710642	0.107055
2	63131731	rs721048	2	63156645	rs78933858	0.290744
2	63131731	rs721048	2	63157207	rs2710643	0.236367
2	63131731	rs721048	2	63165941	rs139219285	0.945247
2	63131731	rs721048	2	63165942	rs373405548	0.091802
2	63131731	rs721048	2	63166379	rs2710651	0.165551
2	63131731	rs721048	2	63169644	rs138845025	0.145261
2	63131731	rs721048	2	63170185	rs2539990	0.169809
2	63131731	rs721048	2	63173130	rs59030066	0.172765
2	63131731	rs721048	2	63173450	rs2710637	0.109544
2	63131731	rs721048	2	63178111	rs2430386	0.172765
2	63131731	rs721048	2	63179076	rs2058566	0.105641
2	63131731	rs721048	2	63183823	rs552448173	0.372714
2	63131731	rs721048	2	63188287	rs78893402	0.143066
2	63131731	rs721048	2	63193412	rs201875669	0.145261
2	63131731	rs721048	2	63195179	rs2539978	0.104836
2	63131731	rs721048	2	63203022	rs535748400	0.177633
2	63131731	rs721048	2	63204611	rs1468748	0.107543
2	63131731	rs721048	2	63208460	rs2539980	0.105975
2	63131731	rs721048	2	63213970	rs2710647	0.167902
2	63131731	rs721048	2	63224563	rs2430387	0.0950238
2	63131731	rs721048	2	63238346	rs2553041	0.959966
2	63131731	rs721048	2	63248968	rs2710644	0.0989379
2	63131731	rs721048	2	63259881	rs6705798	0.107403
2	63131731	rs721048	2	63266622	rs17657646	0.294654
2	63131731	rs721048	2	63269604	rs6739804	0.0972831
2	63131731	rs721048	2	63277843	rs58235267	0.231317
2	63131731	rs721048	2	63280690	rs2075375	0.153172
2	63131731	rs721048	2	63282567	rs2162011	0.126817
2	63131731	rs721048	2	63287634	rs568113448	0.344382
2	63131731	rs721048	2	63301164	rs6545977	0.209422
2	63131731	rs721048	2	63316165	rs62179358	0.727728
2	63131731	rs721048	2	63317495	rs141825811	0.729731
2	63131731	rs721048	2	63317595	rs139489905	0.727728
2	63131731	rs721048	2	63317607	rs142556461	0.721306
2	63131731	rs721048	2	63317629	rs150969286	0.721306
2	63131731	rs721048	2	63319148	rs62180265	0.73419
2	63131731	rs721048	2	63319183	rs150265977	0.73419
2	63131731	rs721048	2	63319906	rs62180268	0.73419
2	63131731	rs721048	2	63320524	rs62180269	0.73419
2	63131731	rs721048	2	63323141	rs62180270	0.73419
2	63131731	rs721048	2	63324056	rs62180271	0.73419
2	63131731	rs721048	2	63325673	rs62180272	0.727728
2	63131731	rs721048	2	63330475	rs62180275	0.727728
2	63131731	rs721048	2	63330620	rs62180276	0.727728
2	63131731	rs721048	2	63331776	rs79036893	0.727728
2	63131731	rs721048	2	63331964	rs62180305	0.216927
2	63131731	rs721048	2	63332937	rs79912601	0.314332
2	63131731	rs721048	2	63333958	rs62180306	0.313148
2	63131731	rs721048	2	63339279	rs77896970	0.106102
2	63131731	rs721048	2	63341015	rs62180307	0.714983
2	63131731	rs721048	2	63341711	rs12478556	0.254969
2	63131731	rs721048	2	63342270	rs144204423	0.0942816
2	63131731	rs721048	2	63343035	rs62180308	0.719379
2	63131731	rs721048	2	63343399	rs6754628	0.0949576
2	63131731	rs721048	2	63345507	rs2162014	0.261811
2	63131731	rs721048	2	63346356	rs4671457	0.258193
2	63131731	rs721048	2	63346702	rs13002109	0.189716
2	63131731	rs721048	2	63347659	rs11344156	0.20733
2	63131731	rs721048	2	63347742	rs6734827	0.225356
2	63131731	rs721048	2	63350182	rs200817659	0.238599
2	63131731	rs721048	2	63352888	rs115768571	0.282735
2	63131731	rs721048	2	63353041	rs12618946	0.0925372
2	63131731	rs721048	2	63354215	rs62180310	0.707952
2	63131731	rs721048	2	63355520	rs10173115	0.210087
2	63131731	rs721048	2	63358968	rs55670342	0.243294
2	63131731	rs721048	2	63360639	rs1025132	0.257172
2	63131731	rs721048	2	63360865	rs6723846	0.0923635
2	63131731	rs721048	2	63362468	rs13027594	0.0998101
2	63131731	rs721048	2	63364851	rs62180312	0.714354
2	63131731	rs721048	2	63366191	rs11890276	0.239052
2	63131731	rs721048	2	63369983	rs74526536	0.2337
2	63131731	rs721048	2	63370058	rs62180313	0.355493
2	63131731	rs721048	2	63371447	rs7581341	0.172953
2	63131731	rs721048	2	63373133	rs62180314	0.718826
2	63131731	rs721048	2	63373541	rs574786711	0.244786
2	63131731	rs721048	2	63375738	rs2162012	0.224355
2	63277843	rs58235267	2	63032696	rs4671051	0.413342
2	63277843	rs58235267	2	63033118	rs34953459	0.380211
2	63277843	rs58235267	2	63034870	rs1828398	0.415118
2	63277843	rs58235267	2	63035353	rs59599464	0.157603
2	63277843	rs58235267	2	63036440	rs201028469	0.10156
2	63277843	rs58235267	2	63044655	rs36009942	0.215655
2	63277843	rs58235267	2	63045988	rs4671452	0.139213
2	63277843	rs58235267	2	63046039	rs1022110	0.40909
2	63277843	rs58235267	2	63046910	rs556352134;rs13011136	0.189111
2	63277843	rs58235267	2	63047973	rs7562734	0.423228
2	63277843	rs58235267	2	63048417	rs34503992	0.214499
2	63277843	rs58235267	2	63052960	rs67657712	0.210526
2	63277843	rs58235267	2	63053048	rs11688816	0.255489
2	63277843	rs58235267	2	63056706	rs142973842	0.318087
2	63277843	rs58235267	2	63057479	rs13026938	0.13358
2	63277843	rs58235267	2	63059927	rs12713469	0.560711
2	63277843	rs58235267	2	63062671	rs7571916	0.411315
2	63277843	rs58235267	2	63067490	rs10210500	0.248128
2	63277843	rs58235267	2	63067492	rs35091533	0.248128
2	63277843	rs58235267	2	63067497	rs34826210	0.248128
2	63277843	rs58235267	2	63067499	rs10186938	0.248128
2	63277843	rs58235267	2	63068489	rs55886116	0.213665
2	63277843	rs58235267	2	63069112	rs6714241	0.245301
2	63277843	rs58235267	2	63072208	rs1877026	0.142673
2	63277843	rs58235267	2	63073194	rs11682530	0.425036
2	63277843	rs58235267	2	63074986	rs6545971	0.439247
2	63277843	rs58235267	2	63075033	rs2421816	0.416963
2	63277843	rs58235267	2	63079528	rs11893131	0.411315
2	63277843	rs58235267	2	63079775	rs13418889	0.409542
2	63277843	rs58235267	2	63079983	rs17027429	0.415183
2	63277843	rs58235267	2	63081759	rs2080227	0.340502
2	63277843	rs58235267	2	63084682	rs6545972	0.418084
2	63277843	rs58235267	2	63085848	rs7567923	0.409542
2	63277843	rs58235267	2	63086639	rs7557501	0.418084
2	63277843	rs58235267	2	63087378	rs2160100	0.189604
2	63277843	rs58235267	2	63087633	rs56995103	0.410569
2	63277843	rs58235267	2	63087778	rs13410889	0.548072
2	63277843	rs58235267	2	63089434	rs6545973	0.41179
2	63277843	rs58235267	2	63089634	rs6545974	0.193343
2	63277843	rs58235267	2	63089644	rs9789661	0.415183
2	63277843	rs58235267	2	63090065	rs12617178	0.189278
2	63277843	rs58235267	2	63090975	rs1558586	0.407131
2	63277843	rs58235267	2	63091426	rs2058567	0.406209
2	63277843	rs58235267	2	63095789	rs112718818	0.426096
2	63277843	rs58235267	2	63095792	rs56373728	0.427909
2	63277843	rs58235267	2	63099356	rs1362311	0.193343
2	63277843	rs58235267	2	63102012	rs4671453	0.13859
2	63277843	rs58235267	2	63103597	rs12991414	0.133998
2	63277843	rs58235267	2	63104904	rs2539981	0.638881
2	63277843	rs58235267	2	63106784	rs2430388	0.424966
2	63277843	rs58235267	2	63106878	rs114504540	0.09877
2	63277843	rs58235267	2	63107481	rs59916252	0.55496
2	63277843	rs58235267	2	63107944	rs35589581	0.129451
2	63277843	rs58235267	2	63111004	rs2539982	0.623197
2	63277843	rs58235267	2	63112500	rs1420018	0.417974
2	63277843	rs58235267	2	63113648	rs529959443	0.0992576
2	63277843	rs58235267	2	63119967	rs13006926	0.135393
2	63277843	rs58235267	2	63123614	rs2710638	0.157564
2	63277843	rs58235267	2	63128796	rs5831648	0.108051
2	63277843	rs58235267	2	63131731	rs721048	0.231317
2	63277843	rs58235267	2	63132342	rs2215870	0.434138
2	63277843	rs58235267	2	63132482	rs35881827	0.136592
2	63277843	rs58235267	2	63133143	rs566637764	0.231317
2	63277843	rs58235267	2	63133584	rs2539984	0.238307
2	63277843	rs58235267	2	63134507	rs2539985	0.425175
2	63277843	rs58235267	2	63134879	rs2710646	0.231457
2	63277843	rs58235267	2	63135100	rs2539986	0.193343
2	63277843	rs58235267	2	63136373	rs35617987	0.137775
2	63277843	rs58235267	2	63138963	rs2710639	0.370961
2	63277843	rs58235267	2	63139305	rs4671052	0.1388
2	63277843	rs58235267	2	63142864	rs2539987	0.429848
2	63277843	rs58235267	2	63144305	rs2710640	0.42838
2	63277843	rs58235267	2	63149265	rs2710641	0.506293
2	63277843	rs58235267	2	63149557	rs2710642	0.434138
2	63277843	rs58235267	2	63154816	rs13027462	0.136176
2	63277843	rs58235267	2	63156832	rs4671454	0.13697
2	63277843	rs58235267	2	63165941	rs139219285	0.220589
2	63277843	rs58235267	2	63166379	rs2710651	0.60451
2	63277843	rs58235267	2	63170185	rs2539990	0.60451
2	63277843	rs58235267	2	63170921	rs2302567	0.126465
2	63277843	rs58235267	2	63173130	rs59030066	0.615806
2	63277843	rs58235267	2	63173450	rs2710637	0.416454
2	63277843	rs58235267	2	63178111	rs2430386	0.615806
2	63277843	rs58235267	2	63179076	rs2058566	0.43365
2	63277843	rs58235267	2	63183823	rs552448173	0.508407
2	63277843	rs58235267	2	63187114	rs12987254	0.166167
2	63277843	rs58235267	2	63195179	rs2539978	0.42372
2	63277843	rs58235267	2	63196227	rs11351030	0.106795
2	63277843	rs58235267	2	63197536	rs17348085	0.0978663
2	63277843	rs58235267	2	63200294	rs2539979	0.249331
2	63277843	rs58235267	2	63202997	rs2710636	0.22783
2	63277843	rs58235267	2	63204611	rs1468748	0.418795
2	63277843	rs58235267	2	63208460	rs2539980	0.478271
2	63277843	rs58235267	2	63213970	rs2710647	0.699092
2	63277843	rs58235267	2	63224563	rs2430387	0.435988
2	63277843	rs58235267	2	63231534	rs2553042	0.248825
2	63277843	rs58235267	2	63238346	rs2553041	0.246621
2	63277843	rs58235267	2	63248968	rs2710644	0.462386
2	63277843	rs58235267	2	63250825	rs2710648	0.207799
2	63277843	rs58235267	2	63251736	rs560990412	0.116539
2	63277843	rs58235267	2	63253594	rs12474184	0.139213
2	63277843	rs58235267	2	63259881	rs6705798	0.43201
2	63277843	rs58235267	2	63268355	rs12620918	0.166189
2	63277843	rs58235267	2	63269604	rs6739804	0.478902
2	63277843	rs58235267	2	63272724	rs2018650	0.137217
2	63277843	rs58235267	2	63277843	rs58235267	1
2	63277843	rs58235267	2	63280690	rs2075375	0.175162
2	63277843	rs58235267	2	63282567	rs2162011	0.186882
2	63277843	rs58235267	2	63283178	rs17850223	0.146357
2	63277843	rs58235267	2	63289734	rs13000344	0.135423
2	63277843	rs58235267	2	63292022	rs12467951	0.103535
2	63277843	rs58235267	2	63292088	rs556415335	0.103535
2	63277843	rs58235267	2	63294797	rs143285326	0.126354
2	63277843	rs58235267	2	63297247	rs35443214	0.222792
2	63277843	rs58235267	2	63298150	rs11125946	0.386333
2	63277843	rs58235267	2	63301164	rs6545977	0.854054
2	63277843	rs58235267	2	63302464	rs55788149	0.182959
2	63277843	rs58235267	2	63302629	rs11683005	0.135388
2	63277843	rs58235267	2	63310229	rs12996320	0.131999
2	63277843	rs58235267	2	63316165	rs62179358	0.197047
2	63277843	rs58235267	2	63317495	rs141825811	0.193034
2	63277843	rs58235267	2	63317516	rs149044563	0.106805
2	63277843	rs58235267	2	63317595	rs139489905	0.188575
2	63277843	rs58235267	2	63317607	rs142556461	0.192671
2	63277843	rs58235267	2	63317629	rs150969286	0.192671
2	63277843	rs58235267	2	63318002	rs148855526	0.10782
2	63277843	rs58235267	2	63318480	rs142490373	0.0986517
2	63277843	rs58235267	2	63319148	rs62180265	0.197167
2	63277843	rs58235267	2	63319183	rs150265977	0.197167
2	63277843	rs58235267	2	63319906	rs62180268	0.197167
2	63277843	rs58235267	2	63320524	rs62180269	0.197167
2	63277843	rs58235267	2	63323141	rs62180270	0.197167
2	63277843	rs58235267	2	63324056	rs62180271	0.197167
2	63277843	rs58235267	2	63324512	rs114455595	0.1268
2	63277843	rs58235267	2	63325389	rs141861466	0.0947071
2	63277843	rs58235267	2	63325673	rs62180272	0.197047
2	63277843	rs58235267	2	63325900	rs112408624	0.106805
2	63277843	rs58235267	2	63326416	rs72811598	0.103838
2	63277843	rs58235267	2	63326966	rs568266315	0.22323
2	63277843	rs58235267	2	63328774	rs113620077	0.107246
2	63277843	rs58235267	2	63330475	rs62180275	0.197047
2	63277843	rs58235267	2	63330620	rs62180276	0.197047
2	63277843	rs58235267	2	63331706	rs34269963	0.143703
2	63277843	rs58235267	2	63331776	rs79036893	0.197047
2	63277843	rs58235267	2	63333726	rs114629697	0.106698
2	63277843	rs58235267	2	63334359	rs577274242	0.251319
2	63277843	rs58235267	2	63337770	rs75865434	0.123913
2	63277843	rs58235267	2	63341015	rs62180307	0.190697
2	63277843	rs58235267	2	63341711	rs12478556	0.447463
2	63277843	rs58235267	2	63343035	rs62180308	0.186412
2	63277843	rs58235267	2	63343399	rs6754628	0.0941242
2	63277843	rs58235267	2	63344965	rs141224708	0.0939197
2	63277843	rs58235267	2	63345507	rs2162014	0.43551
2	63277843	rs58235267	2	63345921	rs984682	0.113579
2	63277843	rs58235267	2	63346356	rs4671457	0.438718
2	63277843	rs58235267	2	63346702	rs13002109	0.272604
2	63277843	rs58235267	2	63347659	rs11344156	0.307454
2	63277843	rs58235267	2	63347742	rs6734827	0.375909
2	63277843	rs58235267	2	63349951	rs13389366	0.129497
2	63277843	rs58235267	2	63350182	rs200817659	0.400185
2	63277843	rs58235267	2	63353041	rs12618946	0.0952214
2	63277843	rs58235267	2	63353575	rs79229886	0.0910646
2	63277843	rs58235267	2	63354215	rs62180310	0.190673
2	63277843	rs58235267	2	63355520	rs10173115	0.344822
2	63277843	rs58235267	2	63357591	rs57187732	0.144457
2	63277843	rs58235267	2	63357876	rs11125949	0.125209
2	63277843	rs58235267	2	63358260	rs6728488	0.133265
2	63277843	rs58235267	2	63358968	rs55670342	0.242306
2	63277843	rs58235267	2	63360639	rs1025132	0.436888
2	63277843	rs58235267	2	63361502	rs972721	0.220262
2	63277843	rs58235267	2	63361516	rs1025131	0.129561
2	63277843	rs58235267	2	63362468	rs13027594	0.113079
2	63277843	rs58235267	2	63362503	rs13027074	0.295405
2	63277843	rs58235267	2	63363242	rs72813408	0.120667
2	63277843	rs58235267	2	63363355	rs13010733	0.144011
2	63277843	rs58235267	2	63364225	rs72813411	0.1204
2	63277843	rs58235267	2	63364851	rs62180312	0.182407
2	63277843	rs58235267	2	63365500	rs72813412	0.122624
2	63277843	rs58235267	2	63366191	rs11890276	0.433449
2	63277843	rs58235267	2	63367328	rs7566031	0.272814
2	63277843	rs58235267	2	63369983	rs74526536	0.407107
2	63277843	rs58235267	2	63370054	rs146318099	0.297521
2	63277843	rs58235267	2	63370058	rs62180313	0.105138
2	63277843	rs58235267	2	63370060	rs147156118	0.115555
2	63277843	rs58235267	2	63371447	rs7581341	0.28943
2	63277843	rs58235267	2	63373133	rs62180314	0.186458
2	63277843	rs58235267	2	63373541	rs574786711	0.129877
2	63277843	rs58235267	2	63374063	rs4671458	0.121807
2	63277843	rs58235267	2	63374600	rs11685079	0.0943948
2	63277843	rs58235267	2	63375102	rs11331152	0.0977138
2	63277843	rs58235267	2	63375738	rs2162012	0.330386
2	63277843	rs58235267	2	63376570	rs12473894	0.123247
