CHR_A	BP_A	SNP_A	CHR_B	BP_B	SNP_B	R2
2	43553949	rs1465618	2	43464833	rs13005438	0.149376
2	43553949	rs1465618	2	43484556	rs6749927	0.15146
2	43553949	rs1465618	2	43496986	rs6749108	0.161416
2	43553949	rs1465618	2	43500976	rs6708167	0.117454
2	43553949	rs1465618	2	43501802	rs6544638	0.643748
2	43553949	rs1465618	2	43501970	rs6712163	0.384424
2	43553949	rs1465618	2	43502132	rs373745804	0.472289
2	43553949	rs1465618	2	43502136	rs200461608	0.472289
2	43553949	rs1465618	2	43502137	rs12712878	0.427984
2	43553949	rs1465618	2	43502477	rs13026309	0.362161
2	43553949	rs1465618	2	43506259	rs7561670	0.120332
2	43553949	rs1465618	2	43508205	rs13030651	0.416981
2	43553949	rs1465618	2	43508579	rs35111198	0.382982
2	43553949	rs1465618	2	43509140	rs7572765	0.559227
2	43553949	rs1465618	2	43509617	rs7599564	0.365662
2	43553949	rs1465618	2	43512130	rs1835323	0.133234
2	43553949	rs1465618	2	43514036	rs11900952	0.175007
2	43553949	rs1465618	2	43515427	rs7575635	0.118888
2	43553949	rs1465618	2	43516146	rs6544640	0.127255
2	43553949	rs1465618	2	43516330	rs6544641	0.128764
2	43553949	rs1465618	2	43516776	rs7580013	0.123252
2	43553949	rs1465618	2	43517338	rs13033325	0.125604
2	43553949	rs1465618	2	43521983	rs35267248	0.121458
2	43553949	rs1465618	2	43524798	rs535503344	0.459397
2	43553949	rs1465618	2	43532302	rs11891936	0.112801
2	43553949	rs1465618	2	43533214	rs6719534	0.338333
2	43553949	rs1465618	2	43534208	rs34998989	0.142129
2	43553949	rs1465618	2	43537711	rs6714624	0.779336
2	43553949	rs1465618	2	43539347	rs35043804	0.103546
2	43553949	rs1465618	2	43541386	rs11897732	0.412508
2	43553949	rs1465618	2	43541598	rs6730757	0.543275
2	43553949	rs1465618	2	43542507	rs12185704	0.115363
2	43553949	rs1465618	2	43543555	rs34549634	0.172794
2	43553949	rs1465618	2	43544014	rs13017478	0.170496
2	43553949	rs1465618	2	43548128	rs17030684	0.116213
2	43553949	rs1465618	2	43553949	rs1465618	1
2	43553949	rs1465618	2	43555506	rs4340576	0.993946
2	43553949	rs1465618	2	43561161	rs12468394	0.222661
2	43553949	rs1465618	2	43561771	rs7589428	0.0981888
2	43553949	rs1465618	2	43561780	rs7563201	0.0945327
2	43553949	rs1465618	2	43561815	rs6544644	0.328049
2	43553949	rs1465618	2	43563114	rs7569721	0.718136
2	43553949	rs1465618	2	43576997	rs6544646	0.124177
2	43553949	rs1465618	2	43578419	rs6544647	0.226487
2	43553949	rs1465618	2	43580483	rs34859017	0.124518
2	43553949	rs1465618	2	43587407	rs79321342	0.164416
2	43553949	rs1465618	2	43587451	rs3901678	0.232823
2	43553949	rs1465618	2	43587504	rs6732426	0.192338
2	43553949	rs1465618	2	43590329	rs11693801	0.786086
2	43553949	rs1465618	2	43594489	rs11124930	0.341705
2	43553949	rs1465618	2	43595507	rs75773767	0.167105
2	43553949	rs1465618	2	43599252	rs11124931	0.215144
2	43553949	rs1465618	2	43613990	rs35491011	0.229336
2	43553949	rs1465618	2	43629089	rs9309100;rs576952863;rs371995830	0.105112
2	43553949	rs1465618	2	43632476	rs17406451	0.091808
2	43553949	rs1465618	2	43633568	rs6544654	0.121265
2	43553949	rs1465618	2	43634885	rs139786435	0.118635
2	43553949	rs1465618	2	43634922	rs6716620	0.118635
2	43553949	rs1465618	2	43637998	rs7591218	0.388549
2	43553949	rs1465618	2	43638185	rs7567607	0.439079
2	43553949	rs1465618	2	43638712	rs13029250	0.273235
2	43553949	rs1465618	2	43638855	rs7568365	0.435784
2	43553949	rs1465618	2	43638947	rs7582497	0.431405
2	43553949	rs1465618	2	43641627	rs7605725	0.171538
2	43553949	rs1465618	2	43643314	rs34175409	0.0901501
2	43553949	rs1465618	2	43644556	rs10186921	0.24628
2	43553949	rs1465618	2	43648176	rs10176241	0.311568
2	43553949	rs1465618	2	43649780	rs12712881	0.258248
2	43553949	rs1465618	2	43658423	rs6544659	0.227222
2	43553949	rs1465618	2	43665245	rs6761913	0.244634
2	43553949	rs1465618	2	43682659	rs12990177	0.289238
2	43553949	rs1465618	2	43682661	rs34640832	0.254156
2	43553949	rs1465618	2	43688496	rs6544660	0.329104
2	43553949	rs1465618	2	43709366	rs999949	0.227337
2	43553949	rs1465618	2	43711066	rs4146253	0.127164
2	43553949	rs1465618	2	43711925	rs6544661	0.223826
2	43553949	rs1465618	2	43714728	rs72613902	0.123033
2	43553949	rs1465618	2	43715824	rs6751622	0.219569
2	43553949	rs1465618	2	43717650	rs6746064	0.230903
2	43553949	rs1465618	2	43721508	rs12478601	0.253252
2	43553949	rs1465618	2	43723977	rs13022691	0.126215
2	43553949	rs1465618	2	43724910	rs13016288	0.124096
2	43553949	rs1465618	2	43733697	rs59470270	0.125274
2	43553949	rs1465618	2	43737063	rs13013639	0.122277
2	43637998	rs7591218	2	43455654	rs745763	0.0981276
2	43637998	rs7591218	2	43464833	rs13005438	0.212287
2	43637998	rs7591218	2	43467835	rs72613899	0.108215
2	43637998	rs7591218	2	43474031	rs75454372	0.112147
2	43637998	rs7591218	2	43475594	rs151021158	0.0920154
2	43637998	rs7591218	2	43480317	rs7595299	0.104287
2	43637998	rs7591218	2	43481159	rs76802621	0.096388
2	43637998	rs7591218	2	43482332	rs17334044	0.210916
2	43637998	rs7591218	2	43488473	rs150191571	0.100937
2	43637998	rs7591218	2	43488920	rs142047589	0.100937
2	43637998	rs7591218	2	43490619	rs58839393	0.105983
2	43637998	rs7591218	2	43491679	rs11696081	0.105671
2	43637998	rs7591218	2	43496126	rs75755026	0.105671
2	43637998	rs7591218	2	43500976	rs6708167	0.13321
2	43637998	rs7591218	2	43501802	rs6544638	0.648222
2	43637998	rs7591218	2	43501970	rs6712163	0.436488
2	43637998	rs7591218	2	43502132	rs373745804	0.488066
2	43637998	rs7591218	2	43502136	rs200461608	0.488066
2	43637998	rs7591218	2	43502137	rs12712878	0.37991
2	43637998	rs7591218	2	43502477	rs13026309	0.506974
2	43637998	rs7591218	2	43506259	rs7561670	0.137263
2	43637998	rs7591218	2	43508205	rs13030651	0.567704
2	43637998	rs7591218	2	43508579	rs35111198	0.381868
2	43637998	rs7591218	2	43509140	rs7572765	0.721666
2	43637998	rs7591218	2	43509617	rs7599564	0.532481
2	43637998	rs7591218	2	43512130	rs1835323	0.218823
2	43637998	rs7591218	2	43514036	rs11900952	0.109125
2	43637998	rs7591218	2	43515427	rs7575635	0.131476
2	43637998	rs7591218	2	43516776	rs7580013	0.137551
2	43637998	rs7591218	2	43517338	rs13033325	0.204153
2	43637998	rs7591218	2	43521983	rs35267248	0.133899
2	43637998	rs7591218	2	43524798	rs535503344	0.58074
2	43637998	rs7591218	2	43532302	rs11891936	0.129348
2	43637998	rs7591218	2	43533214	rs6719534	0.614062
2	43637998	rs7591218	2	43534208	rs34998989	0.236277
2	43637998	rs7591218	2	43537711	rs6714624	0.537369
2	43637998	rs7591218	2	43538009	rs11688178	0.190688
2	43637998	rs7591218	2	43540125	rs7590268	0.0991256
2	43637998	rs7591218	2	43541386	rs11897732	0.578134
2	43637998	rs7591218	2	43541412	rs17030668	0.190688
2	43637998	rs7591218	2	43541598	rs6730757	0.29164
2	43637998	rs7591218	2	43542507	rs12185704	0.131123
2	43637998	rs7591218	2	43542779	rs11678902	0.105671
2	43637998	rs7591218	2	43543555	rs34549634	0.249731
2	43637998	rs7591218	2	43544014	rs13017478	0.243754
2	43637998	rs7591218	2	43544117	rs13035011	0.100193
2	43637998	rs7591218	2	43545209	rs74551432	0.100763
2	43637998	rs7591218	2	43548128	rs17030684	0.144477
2	43637998	rs7591218	2	43548946	rs35338810	0.0928289
2	43637998	rs7591218	2	43549887	rs185880215	0.105671
2	43637998	rs7591218	2	43549969	rs144128964	0.100763
2	43637998	rs7591218	2	43553949	rs1465618	0.388549
2	43637998	rs7591218	2	43555506	rs4340576	0.384235
2	43637998	rs7591218	2	43556575	rs78218855	0.105671
2	43637998	rs7591218	2	43561161	rs12468394	0.166473
2	43637998	rs7591218	2	43561771	rs7589428	0.213667
2	43637998	rs7591218	2	43561780	rs7563201	0.203016
2	43637998	rs7591218	2	43561815	rs6544644	0.186977
2	43637998	rs7591218	2	43563114	rs7569721	0.300428
2	43637998	rs7591218	2	43563355	rs115368758	0.106918
2	43637998	rs7591218	2	43565711	rs77133627	0.106918
2	43637998	rs7591218	2	43566738	rs75815718	0.106918
2	43637998	rs7591218	2	43568820	rs76632663	0.106918
2	43637998	rs7591218	2	43569728	rs62137415	0.187833
2	43637998	rs7591218	2	43576343	rs11693769	0.187833
2	43637998	rs7591218	2	43576968	rs6729902	0.0907685
2	43637998	rs7591218	2	43577615	rs17334310	0.0907685
2	43637998	rs7591218	2	43578037	rs11898983	0.119045
2	43637998	rs7591218	2	43578419	rs6544647	0.098639
2	43637998	rs7591218	2	43578627	rs138083005	0.117778
2	43637998	rs7591218	2	43580483	rs34859017	0.146386
2	43637998	rs7591218	2	43582055	rs200732171	0.100763
2	43637998	rs7591218	2	43584320	rs62137418	0.187833
2	43637998	rs7591218	2	43584972	rs76795282	0.187833
2	43637998	rs7591218	2	43587407	rs79321342	0.106358
2	43637998	rs7591218	2	43588368	rs62137419	0.187833
2	43637998	rs7591218	2	43588370	rs62137420	0.187833
2	43637998	rs7591218	2	43590030	rs79637262	0.187833
2	43637998	rs7591218	2	43590329	rs11693801	0.463437
2	43637998	rs7591218	2	43594489	rs11124930	0.212282
2	43637998	rs7591218	2	43594771	rs11691969	0.187833
2	43637998	rs7591218	2	43595507	rs75773767	0.1072
2	43637998	rs7591218	2	43596746	rs6705304	0.185363
2	43637998	rs7591218	2	43599252	rs11124931	0.128569
2	43637998	rs7591218	2	43600058	rs6544648	0.0962651
2	43637998	rs7591218	2	43600995	rs11679230	0.131322
2	43637998	rs7591218	2	43602460	rs11693201	0.109435
2	43637998	rs7591218	2	43602894	rs77056160	0.109435
2	43637998	rs7591218	2	43604080	rs77764119	0.108173
2	43637998	rs7591218	2	43606092	rs75117888	0.108173
2	43637998	rs7591218	2	43608902	rs35953885	0.101313
2	43637998	rs7591218	2	43609419	rs78215025	0.108173
2	43637998	rs7591218	2	43610898	rs17030731	0.109435
2	43637998	rs7591218	2	43611459	rs11687805	0.108173
2	43637998	rs7591218	2	43611510	rs36060287	0.162628
2	43637998	rs7591218	2	43613990	rs35491011	0.142779
2	43637998	rs7591218	2	43617159	rs10495900	0.105892
2	43637998	rs7591218	2	43617726	rs10495901	0.105892
2	43637998	rs7591218	2	43620320	rs12477823	0.101374
2	43637998	rs7591218	2	43620587	rs7593351	0.143529
2	43637998	rs7591218	2	43620826	rs7566967	0.155229
2	43637998	rs7591218	2	43621162	rs7596480	0.106516
2	43637998	rs7591218	2	43622959	rs6710846	0.115055
2	43637998	rs7591218	2	43623486	rs7604544	0.115055
2	43637998	rs7591218	2	43623795	rs6544651	0.152558
2	43637998	rs7591218	2	43624032	rs6715054	0.115055
2	43637998	rs7591218	2	43625078	rs7605661	0.147694
2	43637998	rs7591218	2	43625184	rs33979934	0.116535
2	43637998	rs7591218	2	43626212	rs6544652	0.0998365
2	43637998	rs7591218	2	43627363	rs6751139	0.14931
2	43637998	rs7591218	2	43627378	rs12104876	0.109936
2	43637998	rs7591218	2	43627660	rs6751298	0.104642
2	43637998	rs7591218	2	43627715	rs6722806	0.151956
2	43637998	rs7591218	2	43628055	rs7600177	0.0999073
2	43637998	rs7591218	2	43628562	rs7603268	0.103593
2	43637998	rs7591218	2	43629089	rs9309100;rs576952863;rs371995830	0.156695
2	43637998	rs7591218	2	43629408	rs9677499	0.108833
2	43637998	rs7591218	2	43629612	rs9309101	0.152093
2	43637998	rs7591218	2	43630222	rs17030749	0.107628
2	43637998	rs7591218	2	43630459	rs17030751	0.102864
2	43637998	rs7591218	2	43630480	rs66715636	0.0982741
2	43637998	rs7591218	2	43630493	rs17030752	0.102864
2	43637998	rs7591218	2	43630657	rs7557989	0.136243
2	43637998	rs7591218	2	43632200	rs6714067	0.136138
2	43637998	rs7591218	2	43632235	rs34023310	0.0991331
2	43637998	rs7591218	2	43632337	rs58583407	0.100591
2	43637998	rs7591218	2	43632476	rs17406451	0.142709
2	43637998	rs7591218	2	43632950	rs6544653	0.145252
2	43637998	rs7591218	2	43633568	rs6544654	0.338719
2	43637998	rs7591218	2	43633724	rs6718648	0.120755
2	43637998	rs7591218	2	43633828	rs6746996	0.120755
2	43637998	rs7591218	2	43633846	rs17406472	0.120755
2	43637998	rs7591218	2	43634135	rs9677398	0.118717
2	43637998	rs7591218	2	43634885	rs139786435	0.343284
2	43637998	rs7591218	2	43634922	rs6716620	0.343284
2	43637998	rs7591218	2	43635076	rs6544655	0.120551
2	43637998	rs7591218	2	43635143	rs6544656	0.112635
2	43637998	rs7591218	2	43635506	rs7570751	0.121658
2	43637998	rs7591218	2	43635579	rs6544657	0.121658
2	43637998	rs7591218	2	43636710	rs6709101	0.122942
2	43637998	rs7591218	2	43637474	rs12473294	0.118325
2	43637998	rs7591218	2	43637998	rs7591218	1
2	43637998	rs7591218	2	43638185	rs7567607	0.91373
2	43637998	rs7591218	2	43638712	rs13029250	0.491815
2	43637998	rs7591218	2	43638855	rs7568365	0.897805
2	43637998	rs7591218	2	43638947	rs7582497	0.917591
2	43637998	rs7591218	2	43640203	rs34992473	0.0925393
2	43637998	rs7591218	2	43641627	rs7605725	0.269608
2	43637998	rs7591218	2	43643005	rs35234516	0.100245
2	43637998	rs7591218	2	43643032	rs34768173	0.0984445
2	43637998	rs7591218	2	43643037	rs35071299	0.0984445
2	43637998	rs7591218	2	43643314	rs34175409	0.136666
2	43637998	rs7591218	2	43643865	rs6737690	0.107648
2	43637998	rs7591218	2	43643911	rs13015058	0.107648
2	43637998	rs7591218	2	43644556	rs10186921	0.505999
2	43637998	rs7591218	2	43645675	rs6739313	0.170618
2	43637998	rs7591218	2	43645798	rs11124932	0.106187
2	43637998	rs7591218	2	43645811	rs12991732	0.113825
2	43637998	rs7591218	2	43646139	rs12465064	0.153179
2	43637998	rs7591218	2	43646168	rs12477432	0.180475
2	43637998	rs7591218	2	43646961	rs34881614	0.152621
2	43637998	rs7591218	2	43647567	rs6747202	0.177974
2	43637998	rs7591218	2	43648176	rs10176241	0.671814
2	43637998	rs7591218	2	43649228	rs7589033	0.171835
2	43637998	rs7591218	2	43649780	rs12712881	0.499796
2	43637998	rs7591218	2	43650306	rs142364726	0.168964
2	43637998	rs7591218	2	43650574	rs398042419	0.133386
2	43637998	rs7591218	2	43650784	rs112732186	0.168964
2	43637998	rs7591218	2	43651683	rs11124933	0.109048
2	43637998	rs7591218	2	43652117	rs6544658	0.185249
2	43637998	rs7591218	2	43652169	rs12989996	0.185654
2	43637998	rs7591218	2	43652922	rs11124934	0.159011
2	43637998	rs7591218	2	43652929	rs11124935	0.177803
2	43637998	rs7591218	2	43653000	rs11124936	0.171369
2	43637998	rs7591218	2	43654316	rs7588221	0.155081
2	43637998	rs7591218	2	43654871	rs10203102	0.143103
2	43637998	rs7591218	2	43656247	rs34874908	0.184031
2	43637998	rs7591218	2	43656924	rs4608575	0.26978
2	43637998	rs7591218	2	43657510	rs35340152	0.171057
2	43637998	rs7591218	2	43658423	rs6544659	0.531808
2	43637998	rs7591218	2	43665245	rs6761913	0.509003
2	43637998	rs7591218	2	43665998	rs12471207	0.118593
2	43637998	rs7591218	2	43670144	rs10445925	0.110414
2	43637998	rs7591218	2	43673890	rs17406625	0.124522
2	43637998	rs7591218	2	43674242	rs7355361	0.143303
2	43637998	rs7591218	2	43675292	rs35114568	0.0912187
2	43637998	rs7591218	2	43675699	rs555988858	0.102169
2	43637998	rs7591218	2	43679175	rs13423972	0.245724
2	43637998	rs7591218	2	43682659	rs12990177	0.429538
2	43637998	rs7591218	2	43682661	rs34640832	0.328292
2	43637998	rs7591218	2	43684110	rs77039549	0.168415
2	43637998	rs7591218	2	43685737	rs6738365	0.100686
2	43637998	rs7591218	2	43686207	rs2046916	0.0928289
2	43637998	rs7591218	2	43687969	rs74776989	0.174937
2	43637998	rs7591218	2	43688496	rs6544660	0.450008
2	43637998	rs7591218	2	43691035	rs72790935	0.168697
2	43637998	rs7591218	2	43695148	rs6741434	0.099623
2	43637998	rs7591218	2	43695553	rs3884504	0.102156
2	43637998	rs7591218	2	43696215	rs11124937	0.14931
2	43637998	rs7591218	2	43696553	rs13029044	0.0984861
2	43637998	rs7591218	2	43697975	rs11124938	0.097077
2	43637998	rs7591218	2	43699416	rs12712886	0.14962
2	43637998	rs7591218	2	43705076	rs12185693	0.125954
2	43637998	rs7591218	2	43705862	rs7609003	0.152578
2	43637998	rs7591218	2	43709366	rs999949	0.521773
2	43637998	rs7591218	2	43711066	rs4146253	0.144262
2	43637998	rs7591218	2	43711925	rs6544661	0.524038
2	43637998	rs7591218	2	43714728	rs72613902	0.144262
2	43637998	rs7591218	2	43715106	rs12988285	0.113713
2	43637998	rs7591218	2	43715824	rs6751622	0.515277
2	43637998	rs7591218	2	43716933	rs35590893	0.112567
2	43637998	rs7591218	2	43717650	rs6746064	0.529162
2	43637998	rs7591218	2	43718593	rs17334980	0.113841
2	43637998	rs7591218	2	43721508	rs12478601	0.502266
2	43637998	rs7591218	2	43723977	rs13022691	0.149516
2	43637998	rs7591218	2	43724644	rs13396727	0.156069
2	43637998	rs7591218	2	43724910	rs13016288	0.143496
2	43637998	rs7591218	2	43725221	rs7563949	0.168416
2	43637998	rs7591218	2	43732347	rs6544667	0.160445
2	43637998	rs7591218	2	43732958	rs3764769	0.112102
2	43637998	rs7591218	2	43733697	rs59470270	0.143372
2	43637998	rs7591218	2	43737063	rs13013639	0.143048
