CHR_A	BP_A	SNP_A	CHR_B	BP_B	SNP_B	R2
23	9814135	rs2405942	23	9776249	rs5934687	0.112835
23	9814135	rs2405942	23	9776909	rs55743966	0.124021
23	9814135	rs2405942	23	9778867	rs4830658	0.373186
23	9814135	rs2405942	23	9780415	rs6530319	0.350137
23	9814135	rs2405942	23	9780915	rs5933756	0.34288
23	9814135	rs2405942	23	9781056	rs5933757	0.348123
23	9814135	rs2405942	23	9783206	rs5934688	0.37739
23	9814135	rs2405942	23	9784377	rs6530322	0.183232
23	9814135	rs2405942	23	9785322	rs55943624	0.268015
23	9814135	rs2405942	23	9785879	rs5934689	0.373239
23	9814135	rs2405942	23	9787331	rs5934690	0.387646
23	9814135	rs2405942	23	9788156	rs56091740	0.402369
23	9814135	rs2405942	23	9788213	rs55695074	0.304428
23	9814135	rs2405942	23	9790311	rs6530324	0.382058
23	9814135	rs2405942	23	9791017	rs200505134	0.420998
23	9814135	rs2405942	23	9791131	rs367569067	0.156833
23	9814135	rs2405942	23	9791146	._9909	0.156833
23	9814135	rs2405942	23	9791782	._9918	0.412519
23	9814135	rs2405942	23	9791789	._9919	0.412519
23	9814135	rs2405942	23	9791796	._9920	0.412519
23	9814135	rs2405942	23	9791803	rs6640518	0.291152
23	9814135	rs2405942	23	9792092	rs12689381	0.372483
23	9814135	rs2405942	23	9792109	rs12689264	0.372483
23	9814135	rs2405942	23	9792339	rs6638965	0.372483
23	9814135	rs2405942	23	9794171	rs5979186	0.415865
23	9814135	rs2405942	23	9794541	rs6530326	0.44824
23	9814135	rs2405942	23	9795214	rs976245	0.44824
23	9814135	rs2405942	23	9795487	rs12398289	0.448954
23	9814135	rs2405942	23	9795725	rs5934693	0.44824
23	9814135	rs2405942	23	9795751	rs5934694	0.44824
23	9814135	rs2405942	23	9796263	rs5934695	0.441852
23	9814135	rs2405942	23	9797984	._10012	0.441745
23	9814135	rs2405942	23	9799195	rs5934697	0.463605
23	9814135	rs2405942	23	9799513	rs5934698	0.463605
23	9814135	rs2405942	23	9799721	rs6640522	0.463605
23	9814135	rs2405942	23	9801648	rs200373509	0.29215
23	9814135	rs2405942	23	9802683	._10074	0.345199
23	9814135	rs2405942	23	9802689	rs56373810	0.345199
23	9814135	rs2405942	23	9802690	rs67477338	0.479278
23	9814135	rs2405942	23	9802720	rs199785957	0.450891
23	9814135	rs2405942	23	9803494	rs5933761	0.48827
23	9814135	rs2405942	23	9803544	rs2405940	0.494178
23	9814135	rs2405942	23	9803745	rs1859013	0.486521
23	9814135	rs2405942	23	9804342	rs6530329	0.486263
23	9814135	rs2405942	23	9804636	rs35880687	0.472061
23	9814135	rs2405942	23	9804711	rs6530330	0.497136
23	9814135	rs2405942	23	9805806	rs6640523	0.493034
23	9814135	rs2405942	23	9806794	rs6638968	0.462308
23	9814135	rs2405942	23	9807559	rs4830659	0.505292
23	9814135	rs2405942	23	9807589	rs4830660	0.620739
23	9814135	rs2405942	23	9807693	rs4830661	0.639631
23	9814135	rs2405942	23	9808102	rs6530331	0.96201
23	9814135	rs2405942	23	9809296	rs61348478	0.552772
23	9814135	rs2405942	23	9810641	rs6530332	0.938362
23	9814135	rs2405942	23	9811095	rs960417	0.612397
23	9814135	rs2405942	23	9812529	rs10442483	0.834609
23	9814135	rs2405942	23	9812869	rs4830417	0.387045
23	9814135	rs2405942	23	9813947	rs35330386	0.99579
23	9814135	rs2405942	23	9814135	rs2405942	1
23	9814135	rs2405942	23	9814284	rs2405943	0.99579
23	9814135	rs2405942	23	9814932	rs6530333	0.822814
23	9814135	rs2405942	23	9815365	rs5933763	0.822814
23	9814135	rs2405942	23	9815521	rs5933764	0.837144
23	9814135	rs2405942	23	9815802	rs5933765	0.812117
23	9814135	rs2405942	23	9816400	rs11798965	0.613617
23	9814135	rs2405942	23	9817513	rs5934702	0.589696
23	9814135	rs2405942	23	9817579	rs5934703	0.589696
23	9814135	rs2405942	23	9817747	rs4830418	0.589696
23	9814135	rs2405942	23	9817979	rs4830419	0.589696
23	9814135	rs2405942	23	9818678	rs5933767	0.589696
23	9814135	rs2405942	23	9818715	rs5933768	0.589696
23	9814135	rs2405942	23	9818764	rs6640530	0.812288
23	9814135	rs2405942	23	9818871	._10310	0.158993
23	9814135	rs2405942	23	9819499	rs5979189	0.584617
23	9814135	rs2405942	23	9819547	rs4830420	0.607021
23	9814135	rs2405942	23	9820216	rs35557539	0.59925
23	9814135	rs2405942	23	9821399	rs5934705	0.586296
23	9814135	rs2405942	23	9824064	rs35234850	0.183152
23	9814135	rs2405942	23	9825632	rs149767041	0.0906349
23	9814284	rs2405943	23	9776249	rs5934687	0.110803
23	9814284	rs2405943	23	9776909	rs55743966	0.125741
23	9814284	rs2405943	23	9778867	rs4830658	0.371899
23	9814284	rs2405943	23	9780415	rs6530319	0.352895
23	9814284	rs2405943	23	9780915	rs5933756	0.341455
23	9814284	rs2405943	23	9781056	rs5933757	0.35098
23	9814284	rs2405943	23	9783206	rs5934688	0.376049
23	9814284	rs2405943	23	9784377	rs6530322	0.181783
23	9814284	rs2405943	23	9785322	rs55943624	0.267168
23	9814284	rs2405943	23	9785879	rs5934689	0.371547
23	9814284	rs2405943	23	9787331	rs5934690	0.391026
23	9814284	rs2405943	23	9788156	rs56091740	0.400568
23	9814284	rs2405943	23	9788213	rs55695074	0.302723
23	9814284	rs2405943	23	9790311	rs6530324	0.384887
23	9814284	rs2405943	23	9791017	rs200505134	0.42345
23	9814284	rs2405943	23	9791131	rs367569067	0.158168
23	9814284	rs2405943	23	9791146	._9909	0.158168
23	9814284	rs2405943	23	9791782	._9918	0.414942
23	9814284	rs2405943	23	9791789	._9919	0.414942
23	9814284	rs2405943	23	9791796	._9920	0.414942
23	9814284	rs2405943	23	9791803	rs6640518	0.292898
23	9814284	rs2405943	23	9792092	rs12689381	0.374618
23	9814284	rs2405943	23	9792109	rs12689264	0.374618
23	9814284	rs2405943	23	9792339	rs6638965	0.374618
23	9814284	rs2405943	23	9794171	rs5979186	0.413654
23	9814284	rs2405943	23	9794541	rs6530326	0.446071
23	9814284	rs2405943	23	9795214	rs976245	0.446071
23	9814284	rs2405943	23	9795487	rs12398289	0.451778
23	9814284	rs2405943	23	9795725	rs5934693	0.446071
23	9814284	rs2405943	23	9795751	rs5934694	0.446071
23	9814284	rs2405943	23	9796263	rs5934695	0.439703
23	9814284	rs2405943	23	9797984	._10012	0.44444
23	9814284	rs2405943	23	9799195	rs5934697	0.461327
23	9814284	rs2405943	23	9799513	rs5934698	0.461327
23	9814284	rs2405943	23	9799721	rs6640522	0.461327
23	9814284	rs2405943	23	9801648	rs200373509	0.290217
23	9814284	rs2405943	23	9802683	._10074	0.340501
23	9814284	rs2405943	23	9802689	rs56373810	0.340501
23	9814284	rs2405943	23	9802690	rs67477338	0.476917
23	9814284	rs2405943	23	9802720	rs199785957	0.453526
23	9814284	rs2405943	23	9803494	rs5933761	0.485789
23	9814284	rs2405943	23	9803544	rs2405940	0.491592
23	9814284	rs2405943	23	9803745	rs1859013	0.484043
23	9814284	rs2405943	23	9804342	rs6530329	0.483833
23	9814284	rs2405943	23	9804636	rs35880687	0.474724
23	9814284	rs2405943	23	9804711	rs6530330	0.494581
23	9814284	rs2405943	23	9805806	rs6640523	0.495279
23	9814284	rs2405943	23	9806794	rs6638968	0.464313
23	9814284	rs2405943	23	9807559	rs4830659	0.507592
23	9814284	rs2405943	23	9807589	rs4830660	0.617571
23	9814284	rs2405943	23	9807693	rs4830661	0.642418
23	9814284	rs2405943	23	9808102	rs6530331	0.966361
23	9814284	rs2405943	23	9809296	rs61348478	0.555187
23	9814284	rs2405943	23	9810641	rs6530332	0.942519
23	9814284	rs2405943	23	9811095	rs960417	0.615133
23	9814284	rs2405943	23	9812529	rs10442483	0.838362
23	9814284	rs2405943	23	9812869	rs4830417	0.388631
23	9814284	rs2405943	23	9813947	rs35330386	1
23	9814284	rs2405943	23	9814135	rs2405942	0.99579
23	9814284	rs2405943	23	9814284	rs2405943	1
23	9814284	rs2405943	23	9814932	rs6530333	0.826463
23	9814284	rs2405943	23	9815365	rs5933763	0.826463
23	9814284	rs2405943	23	9815521	rs5933764	0.840621
23	9814284	rs2405943	23	9815802	rs5933765	0.81552
23	9814284	rs2405943	23	9816400	rs11798965	0.616449
23	9814284	rs2405943	23	9817513	rs5934702	0.592117
23	9814284	rs2405943	23	9817579	rs5934703	0.592117
23	9814284	rs2405943	23	9817747	rs4830418	0.592117
23	9814284	rs2405943	23	9817979	rs4830419	0.592117
23	9814284	rs2405943	23	9818678	rs5933767	0.592117
23	9814284	rs2405943	23	9818715	rs5933768	0.592117
23	9814284	rs2405943	23	9818764	rs6640530	0.815946
23	9814284	rs2405943	23	9818871	._10310	0.159771
23	9814284	rs2405943	23	9819499	rs5979189	0.587601
23	9814284	rs2405943	23	9819547	rs4830420	0.609494
23	9814284	rs2405943	23	9820216	rs35557539	0.601699
23	9814284	rs2405943	23	9821399	rs5934705	0.588902
23	9814284	rs2405943	23	9824064	rs35234850	0.184281
