CHR_A	BP_A	SNP_A	CHR_B	BP_B	SNP_B	R2
23	66881583	rs4446868	23	66785748	rs1204040	0.923726
23	66881583	rs4446868	23	66786016	rs1204039	0.953944
23	66881583	rs4446868	23	66788225	rs1204038	0.933622
23	66881583	rs4446868	23	66793745	rs151184970	0.124785
23	66881583	rs4446868	23	66796087	rs2767564	0.958978
23	66881583	rs4446868	23	66798111	rs2255702	0.958978
23	66881583	rs4446868	23	66803468	rs142265224	0.148287
23	66881583	rs4446868	23	66804969	rs2361629	0.948934
23	66881583	rs4446868	23	66805100	rs35044641	0.645506
23	66881583	rs4446868	23	66806030	rs5918757	0.928894
23	66881583	rs4446868	23	66812459	rs2361630	0.948934
23	66881583	rs4446868	23	66812478	rs11380458	0.826693
23	66881583	rs4446868	23	66813443	rs5965428	0.336889
23	66881583	rs4446868	23	66822163	rs7061037	0.948934
23	66881583	rs4446868	23	66823106	rs139478468	0.320303
23	66881583	rs4446868	23	66825357	rs5919393	0.958978
23	66881583	rs4446868	23	66828385	rs4827545	0.948934
23	66881583	rs4446868	23	66828653	rs5965429	0.346761
23	66881583	rs4446868	23	66829060	rs4827546	0.958978
23	66881583	rs4446868	23	66830509	rs5918758	0.958978
23	66881583	rs4446868	23	66831223	rs4827547	0.948934
23	66881583	rs4446868	23	66836700	rs5919394	0.958978
23	66881583	rs4446868	23	66838080	rs5919395	0.948934
23	66881583	rs4446868	23	66838751	rs5918760	0.964038
23	66881583	rs4446868	23	66841382	rs5919396	0.964038
23	66881583	rs4446868	23	66845749	rs5919397	0.953944
23	66881583	rs4446868	23	66846382	rs5919398	0.964038
23	66881583	rs4446868	23	66846452	rs201252311	0.514098
23	66881583	rs4446868	23	66847390	rs150972173	0.492159
23	66881583	rs4446868	23	66848203	rs201567989	0.943616
23	66881583	rs4446868	23	66853776	rs112318058	0.492159
23	66881583	rs4446868	23	66854931	rs141374794	0.300638
23	66881583	rs4446868	23	66858321	rs4459010	0.954901
23	66881583	rs4446868	23	66859225	rs4451455	0.37028
23	66881583	rs4446868	23	66861334	rs112301335	0.519137
23	66881583	rs4446868	23	66864549	rs112595843	0.519137
23	66881583	rs4446868	23	66865496	rs5919402	0.994848
23	66881583	rs4446868	23	66871046	rs60224900	0.530516
23	66881583	rs4446868	23	66875756	rs6624304	1
23	66881583	rs4446868	23	66878919	rs1337080	0.340121
23	66881583	rs4446868	23	66879592	rs141128751	0.519137
23	66881583	rs4446868	23	66880292	rs4497110	0.340121
23	66881583	rs4446868	23	66881583	rs4446868	1
23	66881583	rs4446868	23	66882245	rs4827402	0.373579
23	66881583	rs4446868	23	66884362	rs141529844	0.519137
23	66881583	rs4446868	23	66886142	rs35847971	0.519137
23	66881583	rs4446868	23	66887157	rs5919403	0.373579
23	66881583	rs4446868	23	66890435	rs6625199	1
23	66881583	rs4446868	23	66891487	rs4827549	0.373579
23	66881583	rs4446868	23	66893211	rs3070073	0.725748
23	66881583	rs4446868	23	66896852	rs147181229	0.298039
23	66881583	rs4446868	23	66898195	rs112783354	0.522868
23	66881583	rs4446868	23	66902792	rs112246840	0.522868
23	66881583	rs4446868	23	66903360	rs144663265	0.124785
23	66881583	rs4446868	23	66907459	rs5919408	0.994858
23	66881583	rs4446868	23	66909171	rs5919409	0.336889
23	66881583	rs4446868	23	66910604	rs5965433	0.364505
23	66881583	rs4446868	23	66911754	rs113590093	0.522868
23	66881583	rs4446868	23	66914801	rs5918762	0.994858
23	66881583	rs4446868	23	66915580	._65121	0.386306
23	66881583	rs4446868	23	66915607	rs7065530	0.530383
23	66881583	rs4446868	23	66915656	rs112320270	0.505181
23	66881583	rs4446868	23	66915981	rs11428245	0.876028
23	66881583	rs4446868	23	66916151	rs150956476	0.314543
23	66881583	rs4446868	23	66916654	rs57579544	0.530383
23	66881583	rs4446868	23	66917619	rs112133186	0.522868
23	66881583	rs4446868	23	66918091	rs12011793	0.530383
23	66881583	rs4446868	23	66918453	rs113044988	0.530383
23	66881583	rs4446868	23	66918713	rs5919411	0.364505
23	66881583	rs4446868	23	66919520	rs60244621	0.530383
23	66881583	rs4446868	23	66920872	rs113651505	0.522868
23	66881583	rs4446868	23	66922794	rs58597866	0.530383
23	66881583	rs4446868	23	66925877	rs140367358	0.994858
23	66881583	rs4446868	23	66925953	._65308	0.106414
23	66881583	rs4446868	23	66927168	rs148077974	0.530383
23	66881583	rs4446868	23	66927342	rs146655601	0.522868
23	66881583	rs4446868	23	66927418	rs5919412	0.994858
23	66881583	rs4446868	23	66928499	rs149630787	0.505181
23	66881583	rs4446868	23	66928586	rs144380584	0.522868
23	66881583	rs4446868	23	66931037	rs61530657	0.522868
23	66881583	rs4446868	23	66933036	rs12011518	0.522868
23	66881583	rs4446868	23	66933037	rs12011519	0.522868
23	66881583	rs4446868	23	66935150	rs113189694	0.530383
23	66881583	rs4446868	23	66936344	rs5918763	0.331122
23	66881583	rs4446868	23	66936419	rs7064188	0.530383
23	66881583	rs4446868	23	66937707	rs5918764	0.364505
23	66881583	rs4446868	23	66937749	rs56348100	0.530383
23	66881583	rs4446868	23	66938466	rs12014709	0.530383
23	66881583	rs4446868	23	66938551	rs12009160	0.512621
23	66881583	rs4446868	23	66940721	._65569	0.166761
23	66881583	rs4446868	23	66944119	rs11351755	0.872725
23	66881583	rs4446868	23	66951089	rs7885466	0.596569
23	66881583	rs4446868	23	66956431	rs5964607	0.653108
23	66881583	rs4446868	23	66956886	rs4827403	0.653108
23	66881583	rs4446868	23	66957768	rs77553809	0.647372
23	66881583	rs4446868	23	66959642	rs1931542	0.66152
23	66881583	rs4446868	23	66960671	rs34833794	0.132472
23	66881583	rs4446868	23	66961395	rs145993397	0.294873
23	66881583	rs4446868	23	66964485	rs1415270	0.653108
23	66881583	rs4446868	23	66965118	rs1572502	0.653108
23	66881583	rs4446868	23	66965158	rs113043121	0.582978
23	66881583	rs4446868	23	66966289	rs113075547	0.596569
23	66881583	rs4446868	23	66966388	rs113210473	0.596569
23	66881583	rs4446868	23	66967089	rs113057513	0.596569
23	66881583	rs4446868	23	66967451	rs111465685	0.596569
23	66881583	rs4446868	23	66968233	rs1415271	0.653108
23	66881583	rs4446868	23	66968391	rs28575497	0.596569
23	66881583	rs4446868	23	66968601	rs5019585	0.653108
23	66881583	rs4446868	23	66968828	rs5902615	0.653108
23	66881583	rs4446868	23	66969648	rs61438420	0.596569
23	66881583	rs4446868	23	66970047	rs55711970	0.596569
23	66881583	rs4446868	23	66970530	rs112038968	0.596569
23	66881583	rs4446868	23	66971020	rs12012620	0.596569
23	66881583	rs4446868	23	66971395	rs61079754	0.626037
23	66881583	rs4446868	23	66971817	rs5918766	0.653108
23	66881583	rs4446868	23	66972478	rs113442271	0.596569
23	66881583	rs4446868	23	66972665	rs4827551	0.600571
23	66881583	rs4446868	23	66973206	rs12013347	0.596569
23	66881583	rs4446868	23	66973980	rs370536296	0.583283
23	66881583	rs4446868	23	66974681	rs111983459	0.596569
23	66881583	rs4446868	23	66975423	rs12011193	0.596569
23	66881583	rs4446868	23	66976880	rs113711997	0.596569
23	66881583	rs4446868	23	66977355	rs58274447	0.596569
23	66881583	rs4446868	23	66977552	rs11094029	0.653108
23	66881583	rs4446868	23	66977554	rs58897975	0.596569
23	66881583	rs4446868	23	66977574	rs11094030	0.653108
23	66881583	rs4446868	23	66978463	rs112000027	0.587484
23	66881583	rs4446868	23	66978571	rs1931545	0.596569
23	66881583	rs4446868	23	66979251	rs1337084	0.653108
23	66881583	rs4446868	23	66979470	rs56262558	0.596569
23	66881583	rs4446868	23	66980737	rs35014980	0.596569
23	66881583	rs4446868	23	66981596	rs3927643	0.653108
23	66881583	rs4446868	23	66981816	rs59712271	0.642121
23	66881583	rs4446868	23	66983114	rs12008580	0.587484
23	66881583	rs4446868	23	66983518	rs6625208	0.653108
23	66881583	rs4446868	23	66984015	rs1337082	0.653108
23	66881583	rs4446868	23	66986085	rs5965437	0.653108
23	66881583	rs4446868	23	66986892	rs7051556	0.596569
23	66881583	rs4446868	23	66987757	rs9699051	0.30603
23	66881583	rs4446868	23	66989273	rs138614810	0.322583
23	66881583	rs4446868	23	66989512	rs5918770	0.642121
23	66881583	rs4446868	23	66989899	rs113455205	0.322583
23	66881583	rs4446868	23	66990065	rs144640544	0.322583
23	66881583	rs4446868	23	66991359	rs7057791	0.604518
23	66881583	rs4446868	23	66991619	rs7058116	0.604518
23	66881583	rs4446868	23	66991651	rs4352990	0.623234
23	66881583	rs4446868	23	66991722	rs112241339	0.246257
23	66881583	rs4446868	23	66991846	rs4827552	0.642121
23	66881583	rs4446868	23	66993720	rs2095341	0.642121
23	66881583	rs4446868	23	66994254	rs139678949	0.322583
23	66881583	rs4446868	23	66994674	rs148919222	0.642121
23	66881583	rs4446868	23	66995721	rs5918771	0.631403
23	66881583	rs4446868	23	66996295	rs368467646	0.250823
23	66881583	rs4446868	23	66997141	rs12010636	0.322583
23	66881583	rs4446868	23	66997948	rs4827553	0.355943
23	66881583	rs4446868	23	66998225	rs373910131	0.324227
23	66881583	rs4446868	23	66999388	rs884798	0.355943
23	66881583	rs4446868	23	66999698	rs945050	0.585973
23	66881583	rs4446868	23	66999745	rs201611230	0.145627
23	66881583	rs4446868	23	66999765	rs1415272	0.355943
23	66881583	rs4446868	23	67000566	rs56034925	0.585973
23	66881583	rs4446868	23	67002986	rs5919426	0.339221
23	66881583	rs4446868	23	67003584	rs5919427	0.623234
23	66881583	rs4446868	23	67003599	rs144986732	0.322583
23	66881583	rs4446868	23	67005508	rs114255570	0.296329
23	66881583	rs4446868	23	67006303	._66476	0.615253
23	66881583	rs4446868	23	67008668	rs7880184	0.470789
23	66881583	rs4446868	23	67009976	rs5919428	0.628739
23	66881583	rs4446868	23	67011343	rs58442895	0.609991
23	66881583	rs4446868	23	67011527	rs56963835	0.609991
23	66881583	rs4446868	23	67011741	rs59327129	0.50466
23	66881583	rs4446868	23	67012908	rs112425589	0.609991
23	66881583	rs4446868	23	67013605	rs5918774	0.628739
23	66881583	rs4446868	23	67013783	rs7888799	0.591418
23	66881583	rs4446868	23	67013824	rs4827404	0.628739
23	66881583	rs4446868	23	67013859	rs4827405	0.609991
23	66881583	rs4446868	23	67014389	rs139939946	0.276785
23	66881583	rs4446868	23	67014389	._66570	0.277711
23	66881583	rs4446868	23	67016752	._66607	0.110949
23	66881583	rs4446868	23	67016812	rs6625226	0.628739
23	66881583	rs4446868	23	67016860	rs12849561	0.609991
23	66881583	rs4446868	23	67017205	rs59532093	0.610631
23	66881583	rs4446868	23	67017974	rs58449507	0.503491
23	66881583	rs4446868	23	67018026	rs4370673	0.609991
23	66881583	rs4446868	23	67020060	rs138603138	0.276785
23	66881583	rs4446868	23	67020684	rs5919431	0.599722
23	66881583	rs4446868	23	67020793	rs58131110	0.626093
23	66881583	rs4446868	23	67021550	rs5919432	0.609991
23	66881583	rs4446868	23	67022508	rs7887732	0.591418
23	66881583	rs4446868	23	67022851	rs141392505	0.139854
23	66881583	rs4446868	23	67023582	rs183399545	0.591418
23	66881583	rs4446868	23	67023784	rs113059522	0.591418
23	66881583	rs4446868	23	67023926	rs5919435	0.628739
23	66881583	rs4446868	23	67024778	rs5919437	0.628739
23	66881583	rs4446868	23	67025123	rs111457885	0.591418
23	66881583	rs4446868	23	67025153	rs2210664	0.609991
23	66881583	rs4446868	23	67025346	rs201034521	0.591418
23	66881583	rs4446868	23	67026876	rs142098450	0.106414
23	66881583	rs4446868	23	67027584	rs111735126	0.591418
23	66881583	rs4446868	23	67028222	rs4456006	0.628739
23	66881583	rs4446868	23	67030483	rs5919438	0.609991
23	66881583	rs4446868	23	67031248	rs5918776	0.628739
23	66881583	rs4446868	23	67032326	rs5918777	0.628739
23	66881583	rs4446868	23	67033937	rs5964614	0.609991
23	66881583	rs4446868	23	67034377	rs112339850	0.236728
23	66881583	rs4446868	23	67034987	rs72122156	0.607356
23	66881583	rs4446868	23	67038225	rs35438346	0.626093
23	66881583	rs4446868	23	67038270	rs146800754	0.139854
23	66881583	rs4446868	23	67038688	rs5919446	0.628739
23	66881583	rs4446868	23	67039188	rs1931538	0.628739
23	66881583	rs4446868	23	67039722	rs7885755	0.591418
23	66881583	rs4446868	23	67039881	rs148413939	0.233662
23	66881583	rs4446868	23	67040573	rs370208640	0.591418
23	66881583	rs4446868	23	67040716	rs147680368	0.628739
23	66881583	rs4446868	23	67040717	rs138567108	0.628739
23	66881583	rs4446868	23	67040943	rs78586530	0.605662
23	66881583	rs4446868	23	67041105	rs5965458	0.635554
23	66881583	rs4446868	23	67041249	rs5965459	0.628739
23	66881583	rs4446868	23	67041393	rs4459011	0.628739
23	66881583	rs4446868	23	67041424	rs4459012	0.628739
23	66881583	rs4446868	23	67042136	rs4628401	0.636688
23	66881583	rs4446868	23	67042431	rs151312218	0.618341
23	66881583	rs4446868	23	67042589	rs371395806	0.591418
23	66881583	rs4446868	23	67042677	rs145622714	0.628739
23	66881583	rs4446868	23	67043006	rs74849115	0.599722
23	66881583	rs4446868	23	67043008	rs200680007	0.599722
23	66881583	rs4446868	23	67043301	rs201512882	0.57471
23	66881583	rs4446868	23	67043656	rs148954066	0.609991
23	66881583	rs4446868	23	67043707	rs7061120	0.591418
23	66881583	rs4446868	23	67043709	rs7061121	0.591418
23	66881583	rs4446868	23	67044036	rs74883812	0.628739
23	66881583	rs4446868	23	67044423	rs5918780	0.619654
23	66881583	rs4446868	23	67044561	rs80104859	0.628739
23	66881583	rs4446868	23	67046985	rs7881605	0.591418
23	66881583	rs4446868	23	67049396	rs150113326	0.296329
23	66881583	rs4446868	23	67050110	rs3952188	0.628739
23	66881583	rs4446868	23	67050113	rs4022202	0.609991
23	66881583	rs4446868	23	67050633	rs112060832	0.236728
23	66881583	rs4446868	23	67050677	rs113473452	0.591418
23	66881583	rs4446868	23	67051167	rs148208038	0.591418
23	66881583	rs4446868	23	67051356	rs139387312	0.609991
23	66881583	rs4446868	23	67051564	rs146757621	0.628739
23	66881583	rs4446868	23	67053128	rs141845472	0.628739
23	66881583	rs4446868	23	67053257	rs149949499	0.609991
23	66881583	rs4446868	23	67053287	rs141205936	0.628739
23	66881583	rs4446868	23	67053673	rs6525192	0.609991
23	66881583	rs4446868	23	67055776	rs12556799	0.591418
23	66881583	rs4446868	23	67056584	rs12385043	0.628739
23	66881583	rs4446868	23	67057183	rs186856944	0.583283
23	66881583	rs4446868	23	67057187	rs192172463	0.556044
23	66881583	rs4446868	23	67059756	rs5918782	0.628739
23	66881583	rs4446868	23	67060779	rs5919456	0.609991
23	66881583	rs4446868	23	67061745	rs5918783	0.574274
23	66881583	rs4446868	23	67062111	rs5919457	0.609991
23	66881583	rs4446868	23	67062490	rs4827556	0.609991
23	66881583	rs4446868	23	67063285	rs4827557	0.609991
23	66881583	rs4446868	23	67064136	rs111552394	0.236728
23	66881583	rs4446868	23	67064860	rs35876066	0.600331
23	66881583	rs4446868	23	67065261	rs59570839	0.591418
23	66881583	rs4446868	23	67066141	rs1931541	0.628739
23	66881583	rs4446868	23	67066347	rs79992878	0.319454
23	66881583	rs4446868	23	67066620	rs113391423	0.574274
23	66881583	rs4446868	23	67066825	rs5919460	0.628739
23	66881583	rs4446868	23	67067065	rs12007323	0.591418
23	66881583	rs4446868	23	67067932	._67617	0.609991
23	66881583	rs4446868	23	67067986	rs138665513	0.591418
23	66881583	rs4446868	23	67068075	rs115287067	0.57302
23	66881583	rs4446868	23	67069291	rs55799616	0.515903
23	66881583	rs4446868	23	67070550	rs114305336	0.515903
23	66881583	rs4446868	23	67071013	rs2885523	0.551387
23	66881583	rs4446868	23	67071794	rs114971619	0.498428
23	66881583	rs4446868	23	67073294	rs6624323	0.551387
23	66881583	rs4446868	23	67073652	rs147065895	0.551387
23	66881583	rs4446868	23	67073892	rs143330918	0.296329
23	66881583	rs4446868	23	67075530	rs150480115	0.106414
23	66881583	rs4446868	23	67075559	rs116663194	0.490159
23	66881583	rs4446868	23	67075789	rs367935800	0.515903
23	66881583	rs4446868	23	67075878	rs5918785	0.533557
23	66881583	rs4446868	23	67075923	rs114459839	0.515903
23	66881583	rs4446868	23	67075983	rs1931540	0.551387
23	66881583	rs4446868	23	67076820	rs12012439	0.515903
23	66881583	rs4446868	23	67076841	rs12012440	0.515903
23	66881583	rs4446868	23	67077158	rs5965465	0.551387
23	66881583	rs4446868	23	67077911	rs61098894	0.515903
23	66881583	rs4446868	23	67079534	rs144583454	0.296329
23	66881583	rs4446868	23	67079579	rs5919462	0.551387
23	66881583	rs4446868	23	67079734	rs141685197	0.106414
23	66881583	rs4446868	23	67080842	rs5919463	0.551387
23	66881583	rs4446868	23	67081598	rs116075976	0.515903
23	66881583	rs4446868	23	67081729	rs189174492	0.515903
23	66881583	rs4446868	23	67081926	rs114882448	0.515903
23	66881583	rs4446868	23	67082104	rs150026389	0.490159
23	66881583	rs4446868	23	67082152	rs5919466	0.551387
23	66881583	rs4446868	23	67082590	rs55809560	0.515903
23	66881583	rs4446868	23	67082672	rs5918787	0.551387
23	66881583	rs4446868	23	67083294	rs5918788	0.533557
23	66881583	rs4446868	23	67084098	rs5918789	0.533557
23	66881583	rs4446868	23	67085071	rs11408761	0.538498
23	66881583	rs4446868	23	67085251	rs5919467	0.533557
23	66881583	rs4446868	23	67086561	rs1343497	0.551387
23	66881583	rs4446868	23	67087133	rs200543110	0.490159
23	66881583	rs4446868	23	67087138	rs201818578	0.490159
23	66881583	rs4446868	23	67089063	rs7885198	0.551387
23	66881583	rs4446868	23	67089746	rs11094044	0.55878
23	66881583	rs4446868	23	67089900	rs7049804	0.533557
23	66881583	rs4446868	23	67090015	rs182555813	0.523052
23	66881583	rs4446868	23	67090927	rs58533691	0.551387
23	66881583	rs4446868	23	67091109	rs5918791	0.551387
23	66881583	rs4446868	23	67091368	rs5918792	0.551387
23	66881583	rs4446868	23	67091512	rs5919468	0.551387
23	66881583	rs4446868	23	67091782	rs5919469	0.551387
23	66881583	rs4446868	23	67092478	rs149693102	0.183466
23	66881583	rs4446868	23	67093661	rs115298064	0.490159
23	66881583	rs4446868	23	67096545	._68127	0.533557
23	66881583	rs4446868	23	67097002	rs116009630	0.515903
23	66881583	rs4446868	23	67098074	rs1419166	0.533557
23	66881583	rs4446868	23	67099377	rs12009490	0.515903
23	66881583	rs4446868	23	67100906	rs2781515	0.533557
23	66881583	rs4446868	23	67101362	rs2765961	0.533557
23	66881583	rs4446868	23	67101851	rs146801678	0.296329
23	66881583	rs4446868	23	67102031	rs2781516	0.551387
23	66881583	rs4446868	23	67102515	rs115735898	0.515903
23	66881583	rs4446868	23	67103764	rs2184322	0.290621
23	66881583	rs4446868	23	67106083	rs146503889	0.124785
23	66881583	rs4446868	23	67106621	rs12014598	0.354305
23	66881583	rs4446868	23	67108671	rs146036681	0.124785
23	66881583	rs4446868	23	67109678	rs2765949	0.293159
23	66881583	rs4446868	23	67110724	rs2765954	0.0995874
23	66881583	rs4446868	23	67111565	rs2363802	0.290621
23	66881583	rs4446868	23	67112554	rs1936316	0.0995874
23	66881583	rs4446868	23	67112638	rs114760610	0.348554
23	66881583	rs4446868	23	67112854	rs151316921	0.102267
23	66881583	rs4446868	23	67114143	rs201323811	0.367137
23	66881583	rs4446868	23	67114556	rs5965468	0.293159
23	66881583	rs4446868	23	67115127	rs191397980	0.0912426
23	66881583	rs4446868	23	67115472	rs114754879	0.350131
23	66881583	rs4446868	23	67115803	rs2885913	0.293159
23	66881583	rs4446868	23	67116826	rs144680673	0.139854
23	66881583	rs4446868	23	67120472	rs12008195	0.367137
23	67021550	rs5919432	23	66785748	rs1204040	0.560146
23	67021550	rs5919432	23	66786016	rs1204039	0.57983
23	67021550	rs5919432	23	66788225	rs1204038	0.565861
23	67021550	rs5919432	23	66796087	rs2767564	0.582741
23	67021550	rs5919432	23	66798111	rs2255702	0.582741
23	67021550	rs5919432	23	66803468	rs142265224	0.102436
23	67021550	rs5919432	23	66804969	rs2361629	0.576933
23	67021550	rs5919432	23	66805100	rs35044641	0.386826
23	67021550	rs5919432	23	66806030	rs5918757	0.590943
23	67021550	rs5919432	23	66812459	rs2361630	0.576933
23	67021550	rs5919432	23	66812478	rs11380458	0.515552
23	67021550	rs5919432	23	66813443	rs5965428	0.239039
23	67021550	rs5919432	23	66822163	rs7061037	0.576933
23	67021550	rs5919432	23	66823106	rs139478468	0.227329
23	67021550	rs5919432	23	66825357	rs5919393	0.582741
23	67021550	rs5919432	23	66828385	rs4827545	0.576933
23	67021550	rs5919432	23	66828653	rs5965429	0.157691
23	67021550	rs5919432	23	66829060	rs4827546	0.582741
23	67021550	rs5919432	23	66830509	rs5918758	0.582741
23	67021550	rs5919432	23	66831223	rs4827547	0.576933
23	67021550	rs5919432	23	66836700	rs5919394	0.582741
23	67021550	rs5919432	23	66838080	rs5919395	0.576933
23	67021550	rs5919432	23	66838751	rs5918760	0.585667
23	67021550	rs5919432	23	66841382	rs5919396	0.585667
23	67021550	rs5919432	23	66845749	rs5919397	0.57983
23	67021550	rs5919432	23	66846382	rs5919398	0.585667
23	67021550	rs5919432	23	66846452	rs201252311	0.283603
23	67021550	rs5919432	23	66847390	rs150972173	0.288584
23	67021550	rs5919432	23	66848203	rs201567989	0.571634
23	67021550	rs5919432	23	66853776	rs112318058	0.288584
23	67021550	rs5919432	23	66854931	rs141374794	0.207136
23	67021550	rs5919432	23	66858321	rs4459010	0.578313
23	67021550	rs5919432	23	66859225	rs4451455	0.235662
23	67021550	rs5919432	23	66861334	rs112301335	0.307188
23	67021550	rs5919432	23	66864549	rs112595843	0.307188
23	67021550	rs5919432	23	66865496	rs5919402	0.607007
23	67021550	rs5919432	23	66871046	rs60224900	0.28471
23	67021550	rs5919432	23	66875756	rs6624304	0.609991
23	67021550	rs5919432	23	66878919	rs1337080	0.24086
23	67021550	rs5919432	23	66879592	rs141128751	0.307188
23	67021550	rs5919432	23	66880292	rs4497110	0.24086
23	67021550	rs5919432	23	66881583	rs4446868	0.609991
23	67021550	rs5919432	23	66882245	rs4827402	0.237534
23	67021550	rs5919432	23	66884362	rs141529844	0.307188
23	67021550	rs5919432	23	66886142	rs35847971	0.307188
23	67021550	rs5919432	23	66887157	rs5919403	0.237534
23	67021550	rs5919432	23	66890435	rs6625199	0.609991
23	67021550	rs5919432	23	66891487	rs4827549	0.237534
23	67021550	rs5919432	23	66893211	rs3070073	0.473977
23	67021550	rs5919432	23	66896852	rs147181229	0.224314
23	67021550	rs5919432	23	66898195	rs112783354	0.309312
23	67021550	rs5919432	23	66902792	rs112246840	0.309312
23	67021550	rs5919432	23	66907459	rs5919408	0.620288
23	67021550	rs5919432	23	66909171	rs5919409	0.239039
23	67021550	rs5919432	23	66910604	rs5965433	0.244134
23	67021550	rs5919432	23	66911754	rs113590093	0.309312
23	67021550	rs5919432	23	66914801	rs5918762	0.620288
23	67021550	rs5919432	23	66915580	._65121	0.267191
23	67021550	rs5919432	23	66915607	rs7065530	0.313592
23	67021550	rs5919432	23	66915656	rs112320270	0.297122
23	67021550	rs5919432	23	66915981	rs11428245	0.576522
23	67021550	rs5919432	23	66916151	rs150956476	0.236018
23	67021550	rs5919432	23	66916654	rs57579544	0.313592
23	67021550	rs5919432	23	66917619	rs112133186	0.309312
23	67021550	rs5919432	23	66918091	rs12011793	0.313592
23	67021550	rs5919432	23	66918453	rs113044988	0.313592
23	67021550	rs5919432	23	66918713	rs5919411	0.244134
23	67021550	rs5919432	23	66919520	rs60244621	0.313592
23	67021550	rs5919432	23	66920872	rs113651505	0.309312
23	67021550	rs5919432	23	66922794	rs58597866	0.313592
23	67021550	rs5919432	23	66925877	rs140367358	0.620288
23	67021550	rs5919432	23	66927168	rs148077974	0.313592
23	67021550	rs5919432	23	66927342	rs146655601	0.309312
23	67021550	rs5919432	23	66927418	rs5919412	0.620288
23	67021550	rs5919432	23	66928499	rs149630787	0.297122
23	67021550	rs5919432	23	66928586	rs144380584	0.309312
23	67021550	rs5919432	23	66931037	rs61530657	0.309312
23	67021550	rs5919432	23	66933036	rs12011518	0.309312
23	67021550	rs5919432	23	66933037	rs12011519	0.309312
23	67021550	rs5919432	23	66935150	rs113189694	0.313592
23	67021550	rs5919432	23	66936344	rs5918763	0.247774
23	67021550	rs5919432	23	66936419	rs7064188	0.313592
23	67021550	rs5919432	23	66937707	rs5918764	0.244134
23	67021550	rs5919432	23	66937749	rs56348100	0.313592
23	67021550	rs5919432	23	66938466	rs12014709	0.313592
23	67021550	rs5919432	23	66938551	rs12009160	0.301355
23	67021550	rs5919432	23	66940721	._65569	0.0912623
23	67021550	rs5919432	23	66944119	rs11351755	0.582691
23	67021550	rs5919432	23	66951089	rs7885466	0.929729
23	67021550	rs5919432	23	66956431	rs5964607	0.946126
23	67021550	rs5919432	23	66956886	rs4827403	0.946126
23	67021550	rs5919432	23	66957768	rs77553809	0.937879
23	67021550	rs5919432	23	66959642	rs1931542	0.941896
23	67021550	rs5919432	23	66960671	rs34833794	0.298289
23	67021550	rs5919432	23	66961395	rs145993397	0.215671
23	67021550	rs5919432	23	66964485	rs1415270	0.946126
23	67021550	rs5919432	23	66965118	rs1572502	0.946126
23	67021550	rs5919432	23	66965158	rs113043121	0.917869
23	67021550	rs5919432	23	66966289	rs113075547	0.929729
23	67021550	rs5919432	23	66966388	rs113210473	0.929729
23	67021550	rs5919432	23	66967089	rs113057513	0.929729
23	67021550	rs5919432	23	66967451	rs111465685	0.929729
23	67021550	rs5919432	23	66968233	rs1415271	0.946126
23	67021550	rs5919432	23	66968391	rs28575497	0.929729
23	67021550	rs5919432	23	66968601	rs5019585	0.946126
23	67021550	rs5919432	23	66968828	rs5902615	0.946126
23	67021550	rs5919432	23	66969648	rs61438420	0.929729
23	67021550	rs5919432	23	66970047	rs55711970	0.929729
23	67021550	rs5919432	23	66970530	rs112038968	0.929729
23	67021550	rs5919432	23	66971020	rs12012620	0.929729
23	67021550	rs5919432	23	66971395	rs61079754	0.906342
23	67021550	rs5919432	23	66971817	rs5918766	0.946126
23	67021550	rs5919432	23	66972478	rs113442271	0.929729
23	67021550	rs5919432	23	66972665	rs4827551	0.868913
23	67021550	rs5919432	23	66973206	rs12013347	0.929729
23	67021550	rs5919432	23	66973980	rs370536296	0.909181
23	67021550	rs5919432	23	66974681	rs111983459	0.929729
23	67021550	rs5919432	23	66975423	rs12011193	0.929729
23	67021550	rs5919432	23	66976880	rs113711997	0.929729
23	67021550	rs5919432	23	66977355	rs58274447	0.929729
23	67021550	rs5919432	23	66977552	rs11094029	0.946126
23	67021550	rs5919432	23	66977554	rs58897975	0.929729
23	67021550	rs5919432	23	66977574	rs11094030	0.946126
23	67021550	rs5919432	23	66978463	rs112000027	0.921801
23	67021550	rs5919432	23	66978571	rs1931545	0.929729
23	67021550	rs5919432	23	66979251	rs1337084	0.946126
23	67021550	rs5919432	23	66979470	rs56262558	0.929729
23	67021550	rs5919432	23	66980737	rs35014980	0.929729
23	67021550	rs5919432	23	66981596	rs3927643	0.946126
23	67021550	rs5919432	23	66981816	rs59712271	0.930064
23	67021550	rs5919432	23	66983114	rs12008580	0.921801
23	67021550	rs5919432	23	66983518	rs6625208	0.946126
23	67021550	rs5919432	23	66984015	rs1337082	0.946126
23	67021550	rs5919432	23	66986085	rs5965437	0.946126
23	67021550	rs5919432	23	66986892	rs7051556	0.929729
23	67021550	rs5919432	23	66987757	rs9699051	0.253293
23	67021550	rs5919432	23	66989273	rs138614810	0.265165
23	67021550	rs5919432	23	66989512	rs5918770	0.962663
23	67021550	rs5919432	23	66989899	rs113455205	0.265165
23	67021550	rs5919432	23	66990065	rs144640544	0.265165
23	67021550	rs5919432	23	66991359	rs7057791	0.962597
23	67021550	rs5919432	23	66991619	rs7058116	0.962597
23	67021550	rs5919432	23	66991651	rs4352990	0.946126
23	67021550	rs5919432	23	66991722	rs112241339	0.594681
23	67021550	rs5919432	23	66991846	rs4827552	0.962663
23	67021550	rs5919432	23	66993720	rs2095341	0.962663
23	67021550	rs5919432	23	66994254	rs139678949	0.265165
23	67021550	rs5919432	23	66994674	rs148919222	0.962663
23	67021550	rs5919432	23	66995721	rs5918771	0.946567
23	67021550	rs5919432	23	66996295	rs368467646	0.181304
23	67021550	rs5919432	23	66997141	rs12010636	0.265165
23	67021550	rs5919432	23	66997948	rs4827553	0.261671
23	67021550	rs5919432	23	66998225	rs373910131	0.241472
23	67021550	rs5919432	23	66999388	rs884798	0.261671
23	67021550	rs5919432	23	66999698	rs945050	0.946118
23	67021550	rs5919432	23	66999745	rs201611230	0.100994
23	67021550	rs5919432	23	66999765	rs1415272	0.261671
23	67021550	rs5919432	23	67000566	rs56034925	0.946118
23	67021550	rs5919432	23	67002986	rs5919426	0.27709
23	67021550	rs5919432	23	67003584	rs5919427	0.979165
23	67021550	rs5919432	23	67003599	rs144986732	0.265165
23	67021550	rs5919432	23	67005508	rs114255570	0.247774
23	67021550	rs5919432	23	67006303	._66476	0.963275
23	67021550	rs5919432	23	67008668	rs7880184	0.86268
23	67021550	rs5919432	23	67009976	rs5919428	0.983455
23	67021550	rs5919432	23	67011343	rs58442895	0.96678
23	67021550	rs5919432	23	67011527	rs56963835	0.96678
23	67021550	rs5919432	23	67011741	rs59327129	0.781673
23	67021550	rs5919432	23	67012908	rs112425589	0.96678
23	67021550	rs5919432	23	67013605	rs5918774	0.983455
23	67021550	rs5919432	23	67013783	rs7888799	0.983296
23	67021550	rs5919432	23	67013824	rs4827404	0.983455
23	67021550	rs5919432	23	67013859	rs4827405	1
23	67021550	rs5919432	23	67014389	rs139939946	0.227329
23	67021550	rs5919432	23	67014389	._66570	0.22763
23	67021550	rs5919432	23	67016752	._66607	0.162675
23	67021550	rs5919432	23	67016812	rs6625226	0.983455
23	67021550	rs5919432	23	67016860	rs12849561	0.96678
23	67021550	rs5919432	23	67017205	rs59532093	0.955427
23	67021550	rs5919432	23	67017974	rs58449507	0.777365
23	67021550	rs5919432	23	67018026	rs4370673	1
23	67021550	rs5919432	23	67020060	rs138603138	0.227329
23	67021550	rs5919432	23	67020684	rs5919431	0.983455
23	67021550	rs5919432	23	67020793	rs58131110	0.979376
23	67021550	rs5919432	23	67021550	rs5919432	1
23	67021550	rs5919432	23	67022508	rs7887732	0.983296
23	67021550	rs5919432	23	67022851	rs141392505	0.112889
23	67021550	rs5919432	23	67023582	rs183399545	0.983296
23	67021550	rs5919432	23	67023784	rs113059522	0.983296
23	67021550	rs5919432	23	67023926	rs5919435	0.983455
23	67021550	rs5919432	23	67024778	rs5919437	0.983455
23	67021550	rs5919432	23	67025123	rs111457885	0.983296
23	67021550	rs5919432	23	67025153	rs2210664	1
23	67021550	rs5919432	23	67025346	rs201034521	0.983296
23	67021550	rs5919432	23	67027584	rs111735126	0.983296
23	67021550	rs5919432	23	67028222	rs4456006	0.983455
23	67021550	rs5919432	23	67030483	rs5919438	1
23	67021550	rs5919432	23	67031248	rs5918776	0.983455
23	67021550	rs5919432	23	67032326	rs5918777	0.983455
23	67021550	rs5919432	23	67033937	rs5964614	1
23	67021550	rs5919432	23	67034377	rs112339850	0.611744
23	67021550	rs5919432	23	67034987	rs72122156	0.995827
23	67021550	rs5919432	23	67038225	rs35438346	0.979376
23	67021550	rs5919432	23	67038270	rs146800754	0.112889
23	67021550	rs5919432	23	67038688	rs5919446	0.983455
23	67021550	rs5919432	23	67039188	rs1931538	0.983455
23	67021550	rs5919432	23	67039722	rs7885755	0.983296
23	67021550	rs5919432	23	67039881	rs148413939	0.608809
23	67021550	rs5919432	23	67040573	rs370208640	0.983296
23	67021550	rs5919432	23	67040716	rs147680368	0.983455
23	67021550	rs5919432	23	67040717	rs138567108	0.983455
23	67021550	rs5919432	23	67040943	rs78586530	0.955706
23	67021550	rs5919432	23	67041105	rs5965458	0.979519
23	67021550	rs5919432	23	67041249	rs5965459	0.983455
23	67021550	rs5919432	23	67041393	rs4459011	0.983455
23	67021550	rs5919432	23	67041424	rs4459012	0.983455
23	67021550	rs5919432	23	67042136	rs4628401	0.979187
23	67021550	rs5919432	23	67042431	rs151312218	0.96731
23	67021550	rs5919432	23	67042589	rs371395806	0.983296
23	67021550	rs5919432	23	67042677	rs145622714	0.983455
23	67021550	rs5919432	23	67043006	rs74849115	0.983455
23	67021550	rs5919432	23	67043008	rs200680007	0.983455
23	67021550	rs5919432	23	67043301	rs201512882	0.943861
23	67021550	rs5919432	23	67043656	rs148954066	1
23	67021550	rs5919432	23	67043707	rs7061120	0.983296
23	67021550	rs5919432	23	67043709	rs7061121	0.983296
23	67021550	rs5919432	23	67044036	rs74883812	0.983455
23	67021550	rs5919432	23	67044423	rs5918780	0.920326
23	67021550	rs5919432	23	67044423	._67157	0.126901
23	67021550	rs5919432	23	67044561	rs80104859	0.983455
23	67021550	rs5919432	23	67046985	rs7881605	0.983296
23	67021550	rs5919432	23	67049396	rs150113326	0.247774
23	67021550	rs5919432	23	67050110	rs3952188	0.983455
23	67021550	rs5919432	23	67050113	rs4022202	1
23	67021550	rs5919432	23	67050633	rs112060832	0.611744
23	67021550	rs5919432	23	67050677	rs113473452	0.983296
23	67021550	rs5919432	23	67051167	rs148208038	0.983296
23	67021550	rs5919432	23	67051356	rs139387312	1
23	67021550	rs5919432	23	67051564	rs146757621	0.983455
23	67021550	rs5919432	23	67053128	rs141845472	0.983455
23	67021550	rs5919432	23	67053257	rs149949499	1
23	67021550	rs5919432	23	67053287	rs141205936	0.983455
23	67021550	rs5919432	23	67053673	rs6525192	1
23	67021550	rs5919432	23	67055776	rs12556799	0.983296
23	67021550	rs5919432	23	67056584	rs12385043	0.983455
23	67021550	rs5919432	23	67057183	rs186856944	0.950159
23	67021550	rs5919432	23	67057187	rs192172463	0.925754
23	67021550	rs5919432	23	67059756	rs5918782	0.983455
23	67021550	rs5919432	23	67060779	rs5919456	0.96678
23	67021550	rs5919432	23	67061745	rs5918783	0.942099
23	67021550	rs5919432	23	67062111	rs5919457	0.96678
23	67021550	rs5919432	23	67062490	rs4827556	0.96678
23	67021550	rs5919432	23	67063285	rs4827557	1
23	67021550	rs5919432	23	67064136	rs111552394	0.611744
23	67021550	rs5919432	23	67064860	rs35876066	0.920607
23	67021550	rs5919432	23	67065261	rs59570839	0.983296
23	67021550	rs5919432	23	67066141	rs1931541	0.983455
23	67021550	rs5919432	23	67066347	rs79992878	0.2322
23	67021550	rs5919432	23	67066620	rs113391423	0.942099
23	67021550	rs5919432	23	67066825	rs5919460	0.983455
23	67021550	rs5919432	23	67067065	rs12007323	0.983296
23	67021550	rs5919432	23	67067932	._67617	1
23	67021550	rs5919432	23	67067986	rs138665513	0.983296
23	67021550	rs5919432	23	67068075	rs115287067	0.966682
23	67021550	rs5919432	23	67069291	rs55799616	0.914569
23	67021550	rs5919432	23	67070550	rs114305336	0.914569
23	67021550	rs5919432	23	67071013	rs2885523	0.914332
23	67021550	rs5919432	23	67071794	rs114971619	0.898525
23	67021550	rs5919432	23	67073294	rs6624323	0.914332
23	67021550	rs5919432	23	67073652	rs147065895	0.914332
23	67021550	rs5919432	23	67073892	rs143330918	0.247774
23	67021550	rs5919432	23	67075559	rs116663194	0.890931
23	67021550	rs5919432	23	67075789	rs367935800	0.914569
23	67021550	rs5919432	23	67075878	rs5918785	0.9307
23	67021550	rs5919432	23	67075923	rs114459839	0.914569
23	67021550	rs5919432	23	67075983	rs1931540	0.914332
23	67021550	rs5919432	23	67076820	rs12012439	0.914569
23	67021550	rs5919432	23	67076841	rs12012440	0.914569
23	67021550	rs5919432	23	67077158	rs5965465	0.914332
23	67021550	rs5919432	23	67077911	rs61098894	0.914569
23	67021550	rs5919432	23	67079534	rs144583454	0.247774
23	67021550	rs5919432	23	67079579	rs5919462	0.914332
23	67021550	rs5919432	23	67080842	rs5919463	0.914332
23	67021550	rs5919432	23	67081598	rs116075976	0.914569
23	67021550	rs5919432	23	67081729	rs189174492	0.914569
23	67021550	rs5919432	23	67081926	rs114882448	0.914569
23	67021550	rs5919432	23	67082104	rs150026389	0.890931
23	67021550	rs5919432	23	67082152	rs5919466	0.914332
23	67021550	rs5919432	23	67082590	rs55809560	0.914569
23	67021550	rs5919432	23	67082672	rs5918787	0.914332
23	67021550	rs5919432	23	67083294	rs5918788	0.9307
23	67021550	rs5919432	23	67084098	rs5918789	0.898233
23	67021550	rs5919432	23	67085071	rs11408761	0.893759
23	67021550	rs5919432	23	67085251	rs5919467	0.9307
23	67021550	rs5919432	23	67086561	rs1343497	0.914332
23	67021550	rs5919432	23	67087133	rs200543110	0.890931
23	67021550	rs5919432	23	67087138	rs201818578	0.890931
23	67021550	rs5919432	23	67089063	rs7885198	0.914332
23	67021550	rs5919432	23	67089746	rs11094044	0.910166
23	67021550	rs5919432	23	67089900	rs7049804	0.9307
23	67021550	rs5919432	23	67090015	rs182555813	0.910515
23	67021550	rs5919432	23	67090927	rs58533691	0.914332
23	67021550	rs5919432	23	67091109	rs5918791	0.914332
23	67021550	rs5919432	23	67091368	rs5918792	0.914332
23	67021550	rs5919432	23	67091512	rs5919468	0.914332
23	67021550	rs5919432	23	67091782	rs5919469	0.914332
23	67021550	rs5919432	23	67092478	rs149693102	0.558205
23	67021550	rs5919432	23	67092771	rs141348080	0.207983
23	67021550	rs5919432	23	67093661	rs115298064	0.890931
23	67021550	rs5919432	23	67096545	._68127	0.9307
23	67021550	rs5919432	23	67097002	rs116009630	0.914569
23	67021550	rs5919432	23	67098074	rs1419166	0.898233
23	67021550	rs5919432	23	67099377	rs12009490	0.914569
23	67021550	rs5919432	23	67100906	rs2781515	0.9307
23	67021550	rs5919432	23	67101362	rs2765961	0.9307
23	67021550	rs5919432	23	67101851	rs146801678	0.247774
23	67021550	rs5919432	23	67102031	rs2781516	0.914332
23	67021550	rs5919432	23	67102515	rs115735898	0.914569
23	67021550	rs5919432	23	67103764	rs2184322	0.422688
23	67021550	rs5919432	23	67106621	rs12014598	0.597219
23	67021550	rs5919432	23	67109678	rs2765949	0.417363
23	67021550	rs5919432	23	67110724	rs2765954	0.252803
23	67021550	rs5919432	23	67111565	rs2363802	0.413694
23	67021550	rs5919432	23	67112554	rs1936316	0.252803
23	67021550	rs5919432	23	67112638	rs114760610	0.612043
23	67021550	rs5919432	23	67112854	rs151316921	0.316727
23	67021550	rs5919432	23	67114143	rs201323811	0.630611
23	67021550	rs5919432	23	67114556	rs5965468	0.417363
23	67021550	rs5919432	23	67115472	rs114754879	0.602407
23	67021550	rs5919432	23	67115803	rs2885913	0.417363
23	67021550	rs5919432	23	67116826	rs144680673	0.112889
23	67021550	rs5919432	23	67120472	rs12008195	0.630611
