CHR_A	BP_A	SNP_A	CHR_B	BP_B	SNP_B	R2
2	20878153	rs9306895	2	20878105	rs9306894	1
2	20878153	rs9306895	2	20878153	rs9306895	1
2	20878153	rs9306895	2	20878406	rs3072	0.966164
2	20878153	rs9306895	2	20878820	rs7255	0.621133
2	20878153	rs9306895	2	20879657	rs79924195	0.1265
2	20878153	rs9306895	2	20879938	rs11901854	0.280068
2	20878153	rs9306895	2	20880345	rs11903198	0.282316
2	20878153	rs9306895	2	20880714	rs12710743	0.204781
2	20878153	rs9306895	2	20880833	rs10193919	0.932932
2	20878153	rs9306895	2	20880837	rs58013527	0.1354
2	20878153	rs9306895	2	20880917	rs16987961	0.282316
2	20878153	rs9306895	2	20881019	rs16987962	0.280974
2	20878153	rs9306895	2	20881840	rs2289081	0.894381
2	20878153	rs9306895	2	20881954	rs138797913	0.121721
2	20878153	rs9306895	2	20881958	rs2289082	0.186511
2	20878153	rs9306895	2	20882056	rs13394027	0.476995
2	20878153	rs9306895	2	20882413	rs13385499	0.177651
2	20878153	rs9306895	2	20882449	rs13382862	0.231897
2	20878153	rs9306895	2	20883216	rs10170771	0.438851
2	20878153	rs9306895	2	20883561	rs12622106	0.438851
2	20878153	rs9306895	2	20883953	rs11693547	0.113316
2	20878153	rs9306895	2	20884135	rs145220637	0.449993
2	20878153	rs9306895	2	20884262	rs2419	0.118533
2	20878153	rs9306895	2	20884381	rs11693752	0.112161
2	20878153	rs9306895	2	20884546	rs10171934	0.449993
2	20878153	rs9306895	2	20884586	rs10182643	0.449993
2	20878153	rs9306895	2	20884973	rs9085	0.120361
2	20878153	rs9306895	2	20885321	rs17663874	0.0983324
2	20878153	rs9306895	2	20887369	rs7562230	0.158748
2	20878153	rs9306895	2	20888021	rs6531253	0.101412
2	20878153	rs9306895	2	20888265	rs13385191	0.434159
2	20878153	rs9306895	2	20888419	rs13423093	0.125761
2	20878153	rs9306895	2	20889714	rs340595	0.179381
2	20878153	rs9306895	2	20889754	rs340596	0.317082
2	20878153	rs9306895	2	20890642	rs66667947	0.178075
2	20878153	rs9306895	2	20891108	rs5829754	0.160944
2	20878153	rs9306895	2	20891772	rs4971524	0.109476
2	20878153	rs9306895	2	20891799	rs340598	0.133448
2	20878153	rs9306895	2	20891887	rs340599	0.133448
2	20878153	rs9306895	2	20893180	rs340592	0.175985
2	20878153	rs9306895	2	20894751	rs13010056	0.113248
2	20878153	rs9306895	2	20897345	rs4971525	0.186286
2	20878153	rs9306895	2	20900979	rs28532204	0.125358
2	20878153	rs9306895	2	20902273	rs13403407	0.188398
2	20878153	rs9306895	2	20904018	rs7599471	0.137627
2	20878153	rs9306895	2	20905045	rs1872059	0.192971
2	20878153	rs9306895	2	20905969	rs2164723	0.126002
2	20878153	rs9306895	2	20906464	rs72339311	0.111767
2	20878153	rs9306895	2	20906599	rs11674108	0.126002
2	20878153	rs9306895	2	20907681	rs4971535	0.126002
2	20878153	rs9306895	2	20908767	rs1595328	0.126002
2	20878153	rs9306895	2	20909247	rs74408337	0.126002
2	20878153	rs9306895	2	20909665	rs62123969	0.126002
2	20878153	rs9306895	2	20910062	rs10445846	0.126002
2	20878153	rs9306895	2	20910403	rs200997463	0.0971095
2	20878153	rs9306895	2	20910504	rs59416999	0.126002
2	20878153	rs9306895	2	20910923	rs4971537	0.127191
2	20878153	rs9306895	2	20911653	rs11689006	0.126002
2	20878153	rs9306895	2	20911659	rs6758847	0.161346
2	20878153	rs9306895	2	20911809	rs10445839	0.124365
2	20878153	rs9306895	2	20912287	rs4971522	0.126002
2	20878153	rs9306895	2	20912305	rs4971539	0.126002
2	20878153	rs9306895	2	20912513	rs4971523	0.126002
2	20878153	rs9306895	2	20912850	rs145710043	0.126002
2	20878153	rs9306895	2	20912953	rs147319495	0.128395
2	20878153	rs9306895	2	20913214	rs7419831	0.176283
2	20878153	rs9306895	2	20914876	rs112842206	0.161346
2	20878153	rs9306895	2	20914969	rs148725928	0.126002
2	20878153	rs9306895	2	20915063	rs4556939	0.138637
2	20878153	rs9306895	2	20915474	rs4600602	0.124365
2	20878153	rs9306895	2	20916051	rs4971541	0.127316
2	20878153	rs9306895	2	20916622	rs565997497	0.129394
2	20878153	rs9306895	2	20917479	rs11683023	0.126002
2	20878153	rs9306895	2	20917553	rs11676128	0.126002
2	20878153	rs9306895	2	20917758	rs55961802	0.126002
2	20878153	rs9306895	2	20918623	rs4971542	0.126002
2	20878153	rs9306895	2	20918951	rs34323149	0.126002
2	20878153	rs9306895	2	20919281	rs12465414	0.126002
2	20878153	rs9306895	2	20920497	rs72784344	0.126002
2	20878153	rs9306895	2	20921334	rs6720307	0.161346
2	20878153	rs9306895	2	20921491	rs6723456	0.140286
2	20878153	rs9306895	2	20924110	rs340620	0.362996
2	20878153	rs9306895	2	20924244	rs71435583	0.115714
2	20878153	rs9306895	2	20924380	rs17664438	0.126002
2	20878153	rs9306895	2	20924425	rs62123975	0.126002
2	20878153	rs9306895	2	20925110	rs4971543	0.126002
2	20878153	rs9306895	2	20925663	rs7589105	0.126002
2	20878153	rs9306895	2	20925920	rs12468261	0.126002
2	20878153	rs9306895	2	20926316	rs6725655	0.124463
2	20878153	rs9306895	2	20926317	rs67890248	0.122452
2	20878153	rs9306895	2	20926558	rs6726025	0.128039
2	20878153	rs9306895	2	20927590	rs4971544	0.126377
2	20878153	rs9306895	2	20928042	rs10495709	0.128039
2	20878153	rs9306895	2	20928051	rs722705	0.164875
2	20878153	rs9306895	2	20928295	rs149809066	0.155469
2	20878153	rs9306895	2	20928969	rs62123976	0.126377
2	20878153	rs9306895	2	20928972	rs11376945	0.124365
2	20878153	rs9306895	2	20929067	rs1437405	0.490851
2	20878153	rs9306895	2	20929124	rs4143117	0.126377
2	20878153	rs9306895	2	20932278	rs340623	0.234452
2	20878153	rs9306895	2	20932572	rs340624	0.234452
2	20878153	rs9306895	2	20932654	rs72510152	0.109415
2	20878153	rs9306895	2	20933011	rs13032619	0.115863
2	20878153	rs9306895	2	20933140	rs340625	0.234452
2	20878153	rs9306895	2	20934623	rs4971546	0.107552
2	20878153	rs9306895	2	20935078	rs72784349	0.109415
2	20878153	rs9306895	2	20935771	rs72784350	0.109415
2	20878153	rs9306895	2	20936516	rs564125	0.213373
2	20878153	rs9306895	2	20936640	rs562439	0.213373
2	20878153	rs9306895	2	20936875	rs56055516	0.109415
2	20878153	rs9306895	2	20937846	rs55838496	0.109415
2	20878153	rs9306895	2	20938518	rs76893106;rs75823695	0.200666
2	20878153	rs9306895	2	20939706	rs2046325;rs199600420	0.461175
2	20878153	rs9306895	2	20939708	rs653347	0.199518
2	20878153	rs9306895	2	20940506	rs553561	0.215195
2	20878153	rs9306895	2	20942167	rs516891	0.147163
2	20878153	rs9306895	2	20942708	rs589842	0.147163
2	20878153	rs9306895	2	20943052	rs9967685	0.110687
2	20878153	rs9306895	2	20943133	rs591643	0.147163
2	20878153	rs9306895	2	20943285	rs562260	0.159306
2	20878153	rs9306895	2	20943983	rs3047719	0.175752
2	20878153	rs9306895	2	20944625	rs508171	0.200709
2	20878153	rs9306895	2	20945762	rs4971547	0.109415
2	20878153	rs9306895	2	20947197	rs667529	0.217328
2	20878153	rs9306895	2	20949911	rs56395929	0.109415
2	20878153	rs9306895	2	20950980	rs2046324	0.109415
2	20878153	rs9306895	2	20951966	rs57796370	0.221607
2	20878153	rs9306895	2	20952562	rs11682554	0.107552
2	20878153	rs9306895	2	20953459	rs660069	0.195685
2	20878153	rs9306895	2	20956162	rs584996	0.194844
2	20878153	rs9306895	2	20957399	rs56123848	0.111711
2	20878153	rs9306895	2	20957592	rs633808	0.196496
2	20878153	rs9306895	2	20961590	rs17721559	0.109415
2	20878153	rs9306895	2	20962069	rs57376155	0.111711
2	20878153	rs9306895	2	20962670	rs17721572	0.107552
2	20878153	rs9306895	2	20963639	rs17665125	0.102522
2	20878153	rs9306895	2	20963725	rs566707260;rs146873006	0.148237
2	20878153	rs9306895	2	20963937	rs10647267	0.14346
2	20878153	rs9306895	2	20968869	rs12465394	0.0965162
2	20878153	rs9306895	2	20970053	rs661929	0.166416
2	20878153	rs9306895	2	20977533	rs564896	0.16899
2	20878153	rs9306895	2	20979753	rs16988063	0.231461
2	20878153	rs9306895	2	20982995	rs61662529	0.224569
2	20878153	rs9306895	2	20983660	rs1098155	0.160424
2	20878153	rs9306895	2	20983934	rs12468977	0.161822
2	20878153	rs9306895	2	20985528	rs514459	0.160424
2	20878153	rs9306895	2	20987102	rs74346259	0.159294
2	20878153	rs9306895	2	20987739	rs12472693	0.160695
2	20888265	rs13385191	2	20878105	rs9306894	0.434159
2	20888265	rs13385191	2	20878153	rs9306895	0.434159
2	20888265	rs13385191	2	20878406	rs3072	0.405332
2	20888265	rs13385191	2	20878820	rs7255	0.308162
2	20888265	rs13385191	2	20879938	rs11901854	0.123155
2	20888265	rs13385191	2	20880345	rs11903198	0.132567
2	20888265	rs13385191	2	20880714	rs12710743	0.107302
2	20888265	rs13385191	2	20880833	rs10193919	0.456279
2	20888265	rs13385191	2	20880917	rs16987961	0.132567
2	20888265	rs13385191	2	20881019	rs16987962	0.131743
2	20888265	rs13385191	2	20881840	rs2289081	0.520618
2	20888265	rs13385191	2	20881958	rs2289082	0.137911
2	20888265	rs13385191	2	20882056	rs13394027	0.850631
2	20888265	rs13385191	2	20882226	rs12987350	0.103584
2	20888265	rs13385191	2	20882413	rs13385499	0.14859
2	20888265	rs13385191	2	20882434	rs56220106	0.111128
2	20888265	rs13385191	2	20882449	rs13382862	0.186295
2	20888265	rs13385191	2	20882861	rs12988623	0.251411
2	20888265	rs13385191	2	20882949	rs11675383	0.251411
2	20888265	rs13385191	2	20883061	rs11675422	0.251411
2	20888265	rs13385191	2	20883216	rs10170771	0.994576
2	20888265	rs13385191	2	20883561	rs12622106	0.994576
2	20888265	rs13385191	2	20883652	rs67966413	0.251411
2	20888265	rs13385191	2	20883953	rs11693547	0.109975
2	20888265	rs13385191	2	20884135	rs145220637	0.978404
2	20888265	rs13385191	2	20884262	rs2419	0.494886
2	20888265	rs13385191	2	20884368	rs67562647	0.134903
2	20888265	rs13385191	2	20884381	rs11693752	0.111783
2	20888265	rs13385191	2	20884546	rs10171934	0.978404
2	20888265	rs13385191	2	20884550	rs11693849	0.134903
2	20888265	rs13385191	2	20884586	rs10182643	0.978404
2	20888265	rs13385191	2	20884973	rs9085	0.496937
2	20888265	rs13385191	2	20887369	rs7562230	0.561143
2	20888265	rs13385191	2	20888246	rs340593	0.13289
2	20888265	rs13385191	2	20888265	rs13385191	1
2	20888265	rs13385191	2	20888419	rs13423093	0.51575
2	20888265	rs13385191	2	20888588	rs547353688	0.118995
2	20888265	rs13385191	2	20889714	rs340595	0.156178
2	20888265	rs13385191	2	20889754	rs340596	0.243591
2	20888265	rs13385191	2	20891108	rs5829754	0.271272
2	20888265	rs13385191	2	20891772	rs4971524	0.102512
2	20888265	rs13385191	2	20891799	rs340598	0.23098
2	20888265	rs13385191	2	20891887	rs340599	0.23098
2	20888265	rs13385191	2	20893180	rs340592	0.274887
2	20888265	rs13385191	2	20897345	rs4971525	0.154715
2	20888265	rs13385191	2	20900979	rs28532204	0.102064
2	20888265	rs13385191	2	20902273	rs13403407	0.153397
2	20888265	rs13385191	2	20904018	rs7599471	0.121598
2	20888265	rs13385191	2	20905045	rs1872059	0.282124
2	20888265	rs13385191	2	20905969	rs2164723	0.0965998
2	20888265	rs13385191	2	20906464	rs72339311	0.0960548
2	20888265	rs13385191	2	20906599	rs11674108	0.0965998
2	20888265	rs13385191	2	20907681	rs4971535	0.0965998
2	20888265	rs13385191	2	20908767	rs1595328	0.0965998
2	20888265	rs13385191	2	20909247	rs74408337	0.0965998
2	20888265	rs13385191	2	20909665	rs62123969	0.0965998
2	20888265	rs13385191	2	20910062	rs10445846	0.0965998
2	20888265	rs13385191	2	20910504	rs59416999	0.0965998
2	20888265	rs13385191	2	20910923	rs4971537	0.0972898
2	20888265	rs13385191	2	20911653	rs11689006	0.0965998
2	20888265	rs13385191	2	20911659	rs6758847	0.135054
2	20888265	rs13385191	2	20911809	rs10445839	0.0966552
2	20888265	rs13385191	2	20912287	rs4971522	0.0965998
2	20888265	rs13385191	2	20912305	rs4971539	0.0965998
2	20888265	rs13385191	2	20912513	rs4971523	0.0965998
2	20888265	rs13385191	2	20912850	rs145710043	0.0965998
2	20888265	rs13385191	2	20912953	rs147319495	0.0982103
2	20888265	rs13385191	2	20913214	rs7419831	0.286762
2	20888265	rs13385191	2	20914876	rs112842206	0.135054
2	20888265	rs13385191	2	20914969	rs148725928	0.0965998
2	20888265	rs13385191	2	20915063	rs4556939	0.253411
2	20888265	rs13385191	2	20915474	rs4600602	0.0966552
2	20888265	rs13385191	2	20916051	rs4971541	0.100639
2	20888265	rs13385191	2	20916622	rs565997497	0.103228
2	20888265	rs13385191	2	20917479	rs11683023	0.0965998
2	20888265	rs13385191	2	20917553	rs11676128	0.0965998
2	20888265	rs13385191	2	20917758	rs55961802	0.0965998
2	20888265	rs13385191	2	20918623	rs4971542	0.0965998
2	20888265	rs13385191	2	20918951	rs34323149	0.0965998
2	20888265	rs13385191	2	20919281	rs12465414	0.0965998
2	20888265	rs13385191	2	20920497	rs72784344	0.0965998
2	20888265	rs13385191	2	20921334	rs6720307	0.135054
2	20888265	rs13385191	2	20921491	rs6723456	0.2546
2	20888265	rs13385191	2	20924110	rs340620	0.423101
2	20888265	rs13385191	2	20924380	rs17664438	0.0965998
2	20888265	rs13385191	2	20924425	rs62123975	0.0965998
2	20888265	rs13385191	2	20925110	rs4971543	0.0965998
2	20888265	rs13385191	2	20925663	rs7589105	0.0965998
2	20888265	rs13385191	2	20925920	rs12468261	0.0965998
2	20888265	rs13385191	2	20926316	rs6725655	0.0967911
2	20888265	rs13385191	2	20926317	rs67890248	0.0943171
2	20888265	rs13385191	2	20926558	rs6726025	0.0990949
2	20888265	rs13385191	2	20927590	rs4971544	0.0991483
2	20888265	rs13385191	2	20928042	rs10495709	0.0990949
2	20888265	rs13385191	2	20928051	rs722705	0.138689
2	20888265	rs13385191	2	20928295	rs149809066	0.134941
2	20888265	rs13385191	2	20928969	rs62123976	0.0991483
2	20888265	rs13385191	2	20928972	rs11376945	0.0966552
2	20888265	rs13385191	2	20929067	rs1437405	0.513573
2	20888265	rs13385191	2	20929124	rs4143117	0.0991483
2	20888265	rs13385191	2	20932278	rs340623	0.299572
2	20888265	rs13385191	2	20932572	rs340624	0.299572
2	20888265	rs13385191	2	20932654	rs72510152	0.0981517
2	20888265	rs13385191	2	20933140	rs340625	0.299572
2	20888265	rs13385191	2	20934623	rs4971546	0.0980189
2	20888265	rs13385191	2	20935078	rs72784349	0.0981517
2	20888265	rs13385191	2	20935771	rs72784350	0.0981517
2	20888265	rs13385191	2	20936516	rs564125	0.283344
2	20888265	rs13385191	2	20936640	rs562439	0.283344
2	20888265	rs13385191	2	20936875	rs56055516	0.0981517
2	20888265	rs13385191	2	20937846	rs55838496	0.0981517
2	20888265	rs13385191	2	20938518	rs76893106;rs75823695	0.275087
2	20888265	rs13385191	2	20939706	rs2046325;rs199600420	0.503073
2	20888265	rs13385191	2	20939708	rs653347	0.272092
2	20888265	rs13385191	2	20940506	rs553561	0.282963
2	20888265	rs13385191	2	20942167	rs516891	0.219738
2	20888265	rs13385191	2	20942708	rs589842	0.219738
2	20888265	rs13385191	2	20943133	rs591643	0.219738
2	20888265	rs13385191	2	20943285	rs562260	0.212425
2	20888265	rs13385191	2	20943983	rs3047719	0.270242
2	20888265	rs13385191	2	20944625	rs508171	0.292942
2	20888265	rs13385191	2	20945762	rs4971547	0.0981517
2	20888265	rs13385191	2	20947197	rs667529	0.284506
2	20888265	rs13385191	2	20949911	rs56395929	0.0981517
2	20888265	rs13385191	2	20950980	rs2046324	0.0981517
2	20888265	rs13385191	2	20951966	rs57796370	0.279803
2	20888265	rs13385191	2	20952562	rs11682554	0.0980189
2	20888265	rs13385191	2	20953459	rs660069	0.287454
2	20888265	rs13385191	2	20956162	rs584996	0.287319
2	20888265	rs13385191	2	20957399	rs56123848	0.0998059
2	20888265	rs13385191	2	20957592	rs633808	0.289756
2	20888265	rs13385191	2	20961590	rs17721559	0.0981517
2	20888265	rs13385191	2	20962069	rs57376155	0.0998059
2	20888265	rs13385191	2	20962670	rs17721572	0.0980189
2	20888265	rs13385191	2	20963639	rs17665125	0.0911086
2	20888265	rs13385191	2	20963725	rs566707260;rs146873006	0.199142
2	20888265	rs13385191	2	20963937	rs10647267	0.189721
2	20888265	rs13385191	2	20970053	rs661929	0.511728
2	20888265	rs13385191	2	20977533	rs564896	0.514892
2	20888265	rs13385191	2	20978682	rs58528359	0.311602
2	20888265	rs13385191	2	20979753	rs16988063	0.62119
2	20888265	rs13385191	2	20982995	rs61662529	0.61476
2	20888265	rs13385191	2	20983660	rs1098155	0.510708
2	20888265	rs13385191	2	20983934	rs12468977	0.517081
2	20888265	rs13385191	2	20985528	rs514459	0.510708
2	20888265	rs13385191	2	20987102	rs74346259	0.506556
2	20888265	rs13385191	2	20987739	rs12472693	0.512924
