CHR_A	BP_A	SNP_A	CHR_B	BP_B	SNP_B	R2
20	49527922	rs12480328	20	49430788	rs6020762	0.0936743
20	49527922	rs12480328	20	49432849	rs6020766	0.0936743
20	49527922	rs12480328	20	49434628	rs2272963	0.0936743
20	49527922	rs12480328	20	49438009	rs6020770	0.0936743
20	49527922	rs12480328	20	49438028	rs6020771	0.0936743
20	49527922	rs12480328	20	49443552	rs146480399	0.0936743
20	49527922	rs12480328	20	49461700	rs8123262	0.120493
20	49527922	rs12480328	20	49461762	rs6096119	0.10691
20	49527922	rs12480328	20	49461813	rs6091222	0.0927323
20	49527922	rs12480328	20	49465795	rs78273080	0.109857
20	49527922	rs12480328	20	49468504	rs75081175	0.112258
20	49527922	rs12480328	20	49470675	rs78878722	0.124908
20	49527922	rs12480328	20	49470818	rs6020794	0.117654
20	49527922	rs12480328	20	49474234	rs6020796	0.14691
20	49527922	rs12480328	20	49476398	rs78504022	0.119585
20	49527922	rs12480328	20	49480299	rs6020802	0.105825
20	49527922	rs12480328	20	49488212	rs117993786	0.41806
20	49527922	rs12480328	20	49488214	rs76460627	0.168364
20	49527922	rs12480328	20	49489597	rs7267210	0.162851
20	49527922	rs12480328	20	49490888	rs6096141	0.140577
20	49527922	rs12480328	20	49491579	rs145098249	0.491436
20	49527922	rs12480328	20	49493441	rs2295720	0.381421
20	49527922	rs12480328	20	49493745	rs6096146	0.28413
20	49527922	rs12480328	20	49493810	rs16995564	0.294032
20	49527922	rs12480328	20	49493863	rs41274690	0.598529
20	49527922	rs12480328	20	49494019	rs6091231	0.118898
20	49527922	rs12480328	20	49494059	rs6091232	0.294032
20	49527922	rs12480328	20	49494268	rs2208519	0.136115
20	49527922	rs12480328	20	49494835	rs6126113	0.14584
20	49527922	rs12480328	20	49495021	rs6096148	0.146486
20	49527922	rs12480328	20	49495036	rs6096149	0.139909
20	49527922	rs12480328	20	49495319	rs6096151	0.146486
20	49527922	rs12480328	20	49495326	rs6122981	0.166602
20	49527922	rs12480328	20	49495389	rs6096152	0.171455
20	49527922	rs12480328	20	49495458	rs6096153	0.146486
20	49527922	rs12480328	20	49496121	rs12480466	0.170694
20	49527922	rs12480328	20	49496178	rs12480447	0.170694
20	49527922	rs12480328	20	49496411	rs4811098	0.153857
20	49527922	rs12480328	20	49497045	rs73909823	1
20	49527922	rs12480328	20	49497353	rs73909824	0.969399
20	49527922	rs12480328	20	49498121	rs6020823	0.155229
20	49527922	rs12480328	20	49498559	rs6126115	0.159266
20	49527922	rs12480328	20	49499326	rs59302340	0.882962
20	49527922	rs12480328	20	49500894	rs16995568	0.697429
20	49527922	rs12480328	20	49501047	rs6122982	0.152646
20	49527922	rs12480328	20	49502952	rs4811099	0.159477
20	49527922	rs12480328	20	49506195	rs875068	0.160187
20	49527922	rs12480328	20	49506501	rs568183680	0.160187
20	49527922	rs12480328	20	49506571	rs551513861;rs532940603;rs559496033	0.091053
20	49527922	rs12480328	20	49506698	rs910072	0.159176
20	49527922	rs12480328	20	49509184	rs17790938	1
20	49527922	rs12480328	20	49511352	rs6067584	0.983734
20	49527922	rs12480328	20	49511907	rs6091233	0.983927
20	49527922	rs12480328	20	49512317	rs6091234	0.983734
20	49527922	rs12480328	20	49512803	rs12479950	0.16458
20	49527922	rs12480328	20	49513290	rs76454304	1
20	49527922	rs12480328	20	49513304	rs147871306	1
20	49527922	rs12480328	20	49513347	rs58496674	1
20	49527922	rs12480328	20	49513966	rs147211510	0.162399
20	49527922	rs12480328	20	49514013	rs4811100	0.163849
20	49527922	rs12480328	20	49516100	rs12481137	0.149211
20	49527922	rs12480328	20	49516995	rs6091236	1
20	49527922	rs12480328	20	49519043	rs11482312	0.983927
20	49527922	rs12480328	20	49520193	rs6020837	0.163849
20	49527922	rs12480328	20	49521655	rs4449196	1
20	49527922	rs12480328	20	49523629	rs144866409	1
20	49527922	rs12480328	20	49523665	rs149575736	1
20	49527922	rs12480328	20	49523807	rs566870200	0.151941
20	49527922	rs12480328	20	49524290	rs577839868;rs3069795	0.162914
20	49527922	rs12480328	20	49524451	rs16995592	1
20	49527922	rs12480328	20	49524601	rs16984523	1
20	49527922	rs12480328	20	49525089	rs150215935	1
20	49527922	rs12480328	20	49525434	rs1010944	0.163122
20	49527922	rs12480328	20	49525987	rs6091237	1
20	49527922	rs12480328	20	49526297	rs73909829	1
20	49527922	rs12480328	20	49526485	rs73909831	1
20	49527922	rs12480328	20	49527371	rs78860779	0.983927
20	49527922	rs12480328	20	49527494	rs16995600	1
20	49527922	rs12480328	20	49527922	rs12480328	1
20	49527922	rs12480328	20	49529390	rs143480121	1
20	49527922	rs12480328	20	49530928	rs41274692	1
20	49527922	rs12480328	20	49532451	rs72029440	1
20	49527922	rs12480328	20	49533949	rs6096186	1
20	49527922	rs12480328	20	49534959	rs2426205	0.162342
20	49527922	rs12480328	20	49536680	rs72017800	0.983734
20	49527922	rs12480328	20	49536969	rs2426208	0.160187
20	49527922	rs12480328	20	49537488	rs2426210	0.162399
20	49527922	rs12480328	20	49538243	rs2426211	0.163122
20	49527922	rs12480328	20	49538799	rs2870023	0.160187
20	49527922	rs12480328	20	49538921	rs2870024	0.968301
20	49527922	rs12480328	20	49539058	rs2870025	0.968301
20	49527922	rs12480328	20	49540925	rs16995626	0.983927
20	49527922	rs12480328	20	49541273	rs149322330	0.138382
20	49527922	rs12480328	20	49542079	rs6091238	0.16168
20	49527922	rs12480328	20	49543293	rs6020856	0.163849
20	49527922	rs12480328	20	49543474	rs11473330	0.163849
20	49527922	rs12480328	20	49544097	rs10716858	0.149895
20	49527922	rs12480328	20	49548807	rs73909841	0.95204
20	49527922	rs12480328	20	49549738	rs150166398	0.983734
20	49527922	rs12480328	20	49550814	rs73909842	0.967661
20	49527922	rs12480328	20	49551780	rs60224379;rs11483542;rs555733706	0.123294
20	49527922	rs12480328	20	49554352	rs6020858	0.132405
20	49527922	rs12480328	20	49554764	rs73909843	0.605446
20	49527922	rs12480328	20	49555169	rs186990691	0.138382
20	49527922	rs12480328	20	49556191	rs77800093	0.612494
20	49527922	rs12480328	20	49557881	rs550246701	0.495989
20	49527922	rs12480328	20	49558245	rs6096198	0.605446
20	49527922	rs12480328	20	49559426	rs56165102	0.612494
20	49527922	rs12480328	20	49561801	rs149801869	0.612494
20	49527922	rs12480328	20	49563100	rs7274624	0.903498
20	49527922	rs12480328	20	49563379	rs6096200	0.156168
20	49527922	rs12480328	20	49564211	rs76685994	0.983734
20	49527922	rs12480328	20	49566300	rs537542425	0.126446
20	49527922	rs12480328	20	49567328	rs117851374	0.508129
20	49527922	rs12480328	20	49568332	rs3787209;rs554189762	0.742583
20	49527922	rs12480328	20	49569025	rs55987409	0.983927
20	49527922	rs12480328	20	49570403	rs73909848	0.968301
20	49527922	rs12480328	20	49573810	rs2426214	0.131256
20	49527922	rs12480328	20	49575334	rs2281282	0.125642
20	49527922	rs12480328	20	49577558	rs74274627	0.521579
20	49527922	rs12480328	20	49577862	rs11469824	0.521579
20	49527922	rs12480328	20	49579744	rs2426215	0.129277
20	49527922	rs12480328	20	49580970	rs6096205	0.158337
20	49527922	rs12480328	20	49581710	rs6096207	0.756405
20	49527922	rs12480328	20	49582436	rs6096208	0.756405
20	49527922	rs12480328	20	49583367	rs6096210	0.756405
20	49527922	rs12480328	20	49584936	rs60891371	0.756405
20	49527922	rs12480328	20	49586239	rs6096212	0.693406
20	49527922	rs12480328	20	49586965	rs2426220	0.106735
20	49527922	rs12480328	20	49587726	rs2426221	0.112968
20	49527922	rs12480328	20	49587963	rs2426222	0.116614
20	49527922	rs12480328	20	49588672	rs6020871	0.117135
20	49527922	rs12480328	20	49589170	rs2426224	0.134497
20	49527922	rs12480328	20	49589689	rs73909853	0.693406
20	49527922	rs12480328	20	49590950	rs80320028	0.693406
20	49527922	rs12480328	20	49591337	rs73267620	0.658991
20	49527922	rs12480328	20	49591657	rs2426226	0.113034
20	49527922	rs12480328	20	49592617	rs79393126	0.174265
20	49527922	rs12480328	20	49593729	rs140309793	0.226947
20	49527922	rs12480328	20	49595277	rs565679186	0.230281
