CHR_A	BP_A	SNP_A	CHR_B	BP_B	SNP_B	R2
2	173309618	rs13410475	2	173210952	rs74645345	0.191841
2	173309618	rs13410475	2	173258607	rs115880776	0.162297
2	173309618	rs13410475	2	173286318	rs76709934	0.489579
2	173309618	rs13410475	2	173286319	rs76733736	0.433746
2	173309618	rs13410475	2	173287778	rs530136818	0.309769
2	173309618	rs13410475	2	173288337	rs2008518	0.513117
2	173309618	rs13410475	2	173288615	rs140189316	0.513117
2	173309618	rs13410475	2	173288817	rs2178476	0.505707
2	173309618	rs13410475	2	173289017	rs376217541	0.42053
2	173309618	rs13410475	2	173289239	rs1001926	0.513117
2	173309618	rs13410475	2	173289625	rs78582092	0.513117
2	173309618	rs13410475	2	173290287	rs2272496	0.513117
2	173309618	rs13410475	2	173290562	rs76058534	0.513117
2	173309618	rs13410475	2	173292379	rs144682022	0.573798
2	173309618	rs13410475	2	173293562	rs79121204	0.626049
2	173309618	rs13410475	2	173293584	rs76862931	0.626049
2	173309618	rs13410475	2	173295405	rs12053442	0.810003
2	173309618	rs13410475	2	173296252	rs76264695	0.810003
2	173309618	rs13410475	2	173297783	rs75166599	0.729192
2	173309618	rs13410475	2	173297871	rs77282844	0.68334
2	173309618	rs13410475	2	173298082	rs78086057	0.364782
2	173309618	rs13410475	2	173298891	rs116789570	0.548146
2	173309618	rs13410475	2	173299266	rs75979419	1
2	173309618	rs13410475	2	173300053	rs7608097	0.196089
2	173309618	rs13410475	2	173300939	rs75689576	1
2	173309618	rs13410475	2	173301275	rs59454075	1
2	173309618	rs13410475	2	173302006	rs79160711	1
2	173309618	rs13410475	2	173303031	rs28485589	0.954452
2	173309618	rs13410475	2	173303047	rs57878744	0.954452
2	173309618	rs13410475	2	173303065	rs56892098	0.954452
2	173309618	rs13410475	2	173303251	rs74483274	0.910239
2	173309618	rs13410475	2	173303310	rs80010354	0.910239
2	173309618	rs13410475	2	173303391	rs76837457	0.910239
2	173309618	rs13410475	2	173303484	rs141195656	0.910239
2	173309618	rs13410475	2	173303531	rs78181761	0.954452
2	173309618	rs13410475	2	173303800	rs79416408	0.910239
2	173309618	rs13410475	2	173304302	rs13414928	0.910239
2	173309618	rs13410475	2	173305173	rs58514604	0.282344
2	173309618	rs13410475	2	173305382	rs4405725	0.947119
2	173309618	rs13410475	2	173305731	rs7596259	0.276936
2	173309618	rs13410475	2	173305795	rs11316268	0.287918
2	173309618	rs13410475	2	173305847	rs3762618	1
2	173309618	rs13410475	2	173306284	rs201928460	0.264844
2	173309618	rs13410475	2	173307573	rs9287954	0.27962
2	173309618	rs13410475	2	173307726	rs10207640	1
2	173309618	rs13410475	2	173307756	rs10207654	1
2	173309618	rs13410475	2	173308194	rs16860397	1
2	173309618	rs13410475	2	173308318	rs7604404	0.282344
2	173309618	rs13410475	2	173308615	rs10187564	1
2	173309618	rs13410475	2	173309316	rs67923340	0.115298
2	173309618	rs13410475	2	173309330	rs148644163	1
2	173309618	rs13410475	2	173309402	rs80353656	1
2	173309618	rs13410475	2	173309618	rs13410475	1
2	173309618	rs13410475	2	173309691	rs142858678	0.276936
2	173309618	rs13410475	2	173309803	rs146618443	1
2	173309618	rs13410475	2	173309819	rs111728262	0.276936
2	173309618	rs13410475	2	173311553	rs12621278	1
2	173309618	rs13410475	2	173311682	rs12615596	0.922568
2	173309618	rs13410475	2	173313453	rs1574259	1
2	173309618	rs13410475	2	173313965	rs1574256	1
2	173309618	rs13410475	2	173314339	rs10210544	0.378545
2	173309618	rs13410475	2	173314670	rs12052250	1
2	173309618	rs13410475	2	173314713	rs12052253	1
2	173309618	rs13410475	2	173315717	rs13387602	0.378545
2	173309618	rs13410475	2	173316190	rs375859067	0.247846
2	173309618	rs13410475	2	173316217	rs12052385	1
2	173309618	rs13410475	2	173316788	rs16860416	0.387437
2	173309618	rs13410475	2	173317826	rs16860419	1
2	173309618	rs13410475	2	173318179	rs115112210	1
2	173309618	rs13410475	2	173318244	rs114161133	1
2	173309618	rs13410475	2	173318571	rs13421350	0.382949
2	173309618	rs13410475	2	173319112	rs16860426	0.972899
2	173309618	rs13410475	2	173319930	rs77167534	0.972899
2	173309618	rs13410475	2	173320380	rs6726739	0.333798
2	173309618	rs13410475	2	173320956	rs28595036	0.333798
2	173309618	rs13410475	2	173321413	rs16860438	0.972899
2	173309618	rs13410475	2	173321791	rs116532339	0.972899
2	173309618	rs13410475	2	173321883	rs10208194	0.327111
2	173309618	rs13410475	2	173322326	rs7564416	0.323847
2	173309618	rs13410475	2	173322705	rs34679972	0.117031
2	173309618	rs13410475	2	173322927	rs35783685	0.116283
2	173309618	rs13410475	2	173323005	rs35821653	0.121127
2	173309618	rs13410475	2	173323838	rs12464480	0.119693
2	173309618	rs13410475	2	173323989	rs35180608	0.119693
2	173309618	rs13410475	2	173323998	rs36040769	0.119693
2	173309618	rs13410475	2	173324013	rs35700760	0.119693
2	173309618	rs13410475	2	173324218	rs68069880	0.119693
2	173309618	rs13410475	2	173324256	rs75888567	0.972899
2	173309618	rs13410475	2	173324272	rs34526119	0.118279
2	173309618	rs13410475	2	173324357	rs35861954	0.119693
2	173309618	rs13410475	2	173324817	rs16860450	0.119693
2	173309618	rs13410475	2	173324908	rs12622724	0.972899
2	173309618	rs13410475	2	173325122	rs12616256	0.119693
2	173309618	rs13410475	2	173325198	rs12622816	0.119693
2	173309618	rs13410475	2	173325244	rs12613307	0.972899
2	173309618	rs13410475	2	173325876	rs35288169	0.118984
2	173309618	rs13410475	2	173327249	rs1076596	0.118372
2	173309618	rs13410475	2	173327823	rs74461567	0.972899
2	173309618	rs13410475	2	173329672	rs542491230;rs66475010	0.239093
2	173309618	rs13410475	2	173329714	rs12620581	0.341134
2	173309618	rs13410475	2	173331076	rs116108611	0.917147
2	173309618	rs13410475	2	173331436	rs12616959	0.233608
2	173309618	rs13410475	2	173332690	rs59386043	0.233608
2	173309618	rs13410475	2	173332706	rs7584971	0.233608
2	173309618	rs13410475	2	173332725	rs7584977	0.233608
2	173309618	rs13410475	2	173332829	rs3792254	0.233608
2	173309618	rs13410475	2	173334716	rs16860478	0.889766
2	173309618	rs13410475	2	173337495	rs16860497	0.353083
2	173309618	rs13410475	2	173340209	rs55867175	0.889766
2	173309618	rs13410475	2	173342367	rs16860513	0.837182
2	173309618	rs13410475	2	173342416	rs16860515	0.889766
2	173309618	rs13410475	2	173344128	rs9636257	0.889766
2	173309618	rs13410475	2	173344680	rs2293647	0.837182
2	173309618	rs13410475	2	173347338	rs72085754	0.166221
2	173309618	rs13410475	2	173348047	rs79942980	0.3657
2	173309618	rs13410475	2	173349025	rs10930558	0.0955991
2	173309618	rs13410475	2	173351199	rs2701268	0.161587
2	173309618	rs13410475	2	173352157	rs2293648	0.837182
2	173309618	rs13410475	2	173352824	rs10930559	0.889766
2	173309618	rs13410475	2	173353000	rs138348628	0.889766
2	173309618	rs13410475	2	173362046	rs79474289	0.837182
2	173309618	rs13410475	2	173363066	rs148946781	0.340622
2	173309618	rs13410475	2	173366960	rs2293645	0.889766
2	173309618	rs13410475	2	173368358	rs16860634	0.837182
2	173309618	rs13410475	2	173370689	rs139972066	0.840176
2	173309618	rs13410475	2	173371278	rs16860643	0.890103
2	173309618	rs13410475	2	173371566	rs528991330	0.216755
2	173309618	rs13410475	2	173373190	rs1574257	0.141404
2	173309618	rs13410475	2	173373831	rs114997784	0.840176
2	173309618	rs13410475	2	173374424	rs78534109	0.840176
2	173309618	rs13410475	2	173375391	rs60096331	0.889766
2	173309618	rs13410475	2	173375690	rs10205409	0.335306
2	173309618	rs13410475	2	173376319	rs59476799	0.812966
2	173309618	rs13410475	2	173377277	rs57404607	0.889766
2	173309618	rs13410475	2	173377302	rs59374567	0.889766
2	173309618	rs13410475	2	173377384	rs10803874	0.335306
2	173309618	rs13410475	2	173378344	rs59970483	0.889766
2	173309618	rs13410475	2	173378821	rs13398175	0.142277
2	173309618	rs13410475	2	173379230	rs78623829	0.889766
2	173309618	rs13410475	2	173382777	rs115142421	0.889766
2	173309618	rs13410475	2	173382986	rs76738244	0.889766
2	173309618	rs13410475	2	173387668	rs4075604	0.141404
2	173309618	rs13410475	2	173390343	rs12052921	0.114055
2	173309618	rs13410475	2	173390454	rs57121294	0.889766
2	173309618	rs13410475	2	173390783	rs59300838	0.114055
2	173309618	rs13410475	2	173392942	rs183141927	0.889766
2	173309618	rs13410475	2	173393605	rs57244773	0.889766
2	173309618	rs13410475	2	173393903	rs147233048	0.889766
2	173309618	rs13410475	2	173394201	rs142731545	0.889766
2	173309618	rs13410475	2	173395373	rs75669437	0.889766
2	173309618	rs13410475	2	173396150	rs10208469	0.34637
2	173309618	rs13410475	2	173396823	rs75073297	0.34637
2	173309618	rs13410475	2	173397690	rs12615584	0.889766
2	173309618	rs13410475	2	173398027	rs2178477	0.34637
2	173309618	rs13410475	2	173399117	rs7589362	0.34637
2	173309618	rs13410475	2	173399767	rs57587465	0.889766
2	173309618	rs13410475	2	173400156	rs145463827	0.889766
2	173309618	rs13410475	2	173401080	rs149549027	0.350188
2	173309618	rs13410475	2	173401123	rs6741759	0.889766
2	173309618	rs13410475	2	173401264	rs79481012	0.889766
2	173309618	rs13410475	2	173401348	rs56882727	0.889766
2	173309618	rs13410475	2	173401494	rs6727229	0.34637
2	173309618	rs13410475	2	173401666	rs6730284	0.889766
2	173309618	rs13410475	2	173401903	rs6730763	0.141404
2	173309618	rs13410475	2	173402460	rs555486984	0.889766
2	173309618	rs13410475	2	173402847	rs12611902	0.889766
2	173309618	rs13410475	2	173402848	rs7557508	0.11863
2	173309618	rs13410475	2	173402863	rs12611959	0.889766
2	173309618	rs13410475	2	173402900	rs7584089	0.166221
2	173309618	rs13410475	2	173403028	rs7557674	0.141404
2	173309618	rs13410475	2	173403101	rs181480655	0.889766
2	173309618	rs13410475	2	173403181	rs185475817	0.889766
2	173309618	rs13410475	2	173403330	rs188148040	0.889766
2	173309618	rs13410475	2	173404804	rs12052479	0.141404
2	173309618	rs13410475	2	173404886	rs7591769	0.117425
2	173309618	rs13410475	2	173405319	rs116036831	0.492647
2	173309618	rs13410475	2	173405330	rs6743174	0.889766
2	173309618	rs13410475	2	173406018	rs147340898	0.889766
2	173309618	rs13410475	2	173408345	rs56832945	0.141404
2	173309618	rs13410475	2	173408545	rs61194385	0.143981
2	173309618	rs13410475	2	173408637	rs71403312	0.141404
2	173309618	rs13410475	2	173408788	rs55966259	0.141404
2	173309618	rs13410475	2	173409320	rs138822454	0.889766
2	173309618	rs13410475	2	173410168	rs74355465	0.889766
2	173309618	rs13410475	2	173410420	rs34871211	0.141404
2	173309618	rs13410475	2	173411004	rs115160117	0.889766
2	173309618	rs13410475	2	173412858	rs35022330	0.141404
2	173309618	rs13410475	2	173413146	rs12469537	0.140539
2	173309618	rs13410475	2	173415560	rs12151618	0.116536
2	173309618	rs13410475	2	173415706	rs78647569	0.862743
2	173309618	rs13410475	2	173417021	rs201804330	0.316783
2	173309618	rs13410475	2	173417671	rs146565295	0.416846
2	173309618	rs13410475	2	173419805	rs10181851	0.159347
2	173309618	rs13410475	2	173420024	rs3835124	0.416846
2	173309618	rs13410475	2	173420181	rs189484628	0.316783
2	173309618	rs13410475	2	173420254	rs3765065	0.159347
2	173309618	rs13410475	2	173421249	rs10930561	0.34159
2	173309618	rs13410475	2	173422385	rs12465704	0.129708
2	173309618	rs13410475	2	173423066	rs8179584	0.34159
2	173309618	rs13410475	2	173424075	rs78279758	0.34159
2	173309618	rs13410475	2	173424407	rs151175749	0.34159
2	173309618	rs13410475	2	173425349	rs6752386	0.129708
2	173309618	rs13410475	2	173427420	rs144077428	0.316783
2	173309618	rs13410475	2	173427815	rs149671118	0.316783
2	173309618	rs13410475	2	173428874	rs6433368	0.114817
2	173309618	rs13410475	2	173428969	rs147075956	0.316783
2	173309618	rs13410475	2	173430707	rs10930562	0.129708
2	173309618	rs13410475	2	173431040	rs10930563	0.34159
2	173309618	rs13410475	2	173431286	rs74725860	0.316783
2	173309618	rs13410475	2	173432354	rs3769321	0.129708
2	173309618	rs13410475	2	173433186	rs2290563	0.113191
2	173309618	rs13410475	2	173433397	rs115287164	0.316783
2	173309618	rs13410475	2	173434791	rs145625378	0.316783
2	173309618	rs13410475	2	173435366	rs187304882	0.316783
2	173309618	rs13410475	2	173435882	rs111582980	0.316783
2	173309618	rs13410475	2	173436136	rs147130811	0.316783
2	173309618	rs13410475	2	173436709	rs140435298	0.316783
2	173309618	rs13410475	2	173440945	rs12467086	0.34159
2	173309618	rs13410475	2	173440996	rs151296755	0.316783
2	173309618	rs13410475	2	173441448	rs62167835	0.129708
2	173309618	rs13410475	2	173441749	rs146559654	0.316783
2	173309618	rs13410475	2	173444462	rs6738196	0.129708
2	173309618	rs13410475	2	173444805	rs34421752	0.124089
2	173309618	rs13410475	2	173445325	rs12476089	0.113191
2	173309618	rs13410475	2	173446115	rs10930564	0.34159
2	173309618	rs13410475	2	173446350	rs139756689	0.34159
2	173309618	rs13410475	2	173447953	rs200616693	0.316783
2	173309618	rs13410475	2	173448040	rs541263254	0.316783
2	173309618	rs13410475	2	173448383	rs74265086	0.34159
2	173309618	rs13410475	2	173448940	rs140037972	0.34159
2	173309618	rs13410475	2	173450756	rs11884789	0.113957
2	173309618	rs13410475	2	173451074	rs36014095	0.316783
2	173309618	rs13410475	2	173451423	rs142400899	0.316783
2	173309618	rs13410475	2	173452006	rs118107311	0.34159
2	173309618	rs13410475	2	173452086	rs140419740	0.316783
2	173309618	rs13410475	2	173452754	rs6710129	0.129708
2	173309618	rs13410475	2	173453278	rs16860693	0.34159
2	173309618	rs13410475	2	173453471	rs117897460	0.34159
2	173309618	rs13410475	2	173454235	rs10930565	0.129708
2	173309618	rs13410475	2	173454364	rs76624092	0.34159
2	173309618	rs13410475	2	173455878	rs79246370	0.210389
2	173309618	rs13410475	2	173456039	rs77843385	0.210389
2	173309618	rs13410475	2	173456679	rs34051646	0.117342
2	173309618	rs13410475	2	173457309	rs76751608	0.210389
2	173309618	rs13410475	2	173458474	rs144993153	0.316783
2	173309618	rs13410475	2	173459207	rs140758228	0.316783
2	173309618	rs13410475	2	173460803	rs1530864	0.210389
2	173309618	rs13410475	2	173461090	rs1530865	0.210389
2	173309618	rs13410475	2	173461799	rs70937083	0.210389
2	173309618	rs13410475	2	173461820	rs11904158	0.117342
2	173309618	rs13410475	2	173462593	rs70937084	0.210389
2	173309618	rs13410475	2	173463138	rs2357637	0.210389
2	173309618	rs13410475	2	173463632	rs116468908	0.316783
2	173309618	rs13410475	2	173464827	rs111549287	0.316783
2	173309618	rs13410475	2	173465196	rs1075638	0.129708
2	173309618	rs13410475	2	173465440	rs150410446	0.316783
2	173309618	rs13410475	2	173467213	rs12693006	0.104808
2	173309618	rs13410475	2	173467301	rs13019331	0.117342
2	173309618	rs13410475	2	173468284	rs7584769	0.118442
2	173309618	rs13410475	2	173468990	rs140937483	0.316783
2	173309618	rs13410475	2	173469243	rs56293809	0.244808
2	173309618	rs13410475	2	173469332	rs61505737	0.210389
2	173309618	rs13410475	2	173470019	rs145482472	0.316783
2	173309618	rs13410475	2	173470186	rs77271607	0.210389
2	173309618	rs13410475	2	173470781	rs79037658	0.210389
2	173309618	rs13410475	2	173472783	rs138272729	0.296412
2	173309618	rs13410475	2	173473281	rs13401676	0.103395
2	173309618	rs13410475	2	173474018	rs75202749	0.107129
2	173309618	rs13410475	2	173474675	rs146866822	0.296412
2	173309618	rs13410475	2	173475148	rs190575002	0.339708
2	173309618	rs13410475	2	173477755	rs143440446	0.296412
2	173309618	rs13410475	2	173479810	rs116554507	0.111477
2	173309618	rs13410475	2	173480713	rs78205119	0.107129
2	173309618	rs13410475	2	173480714	rs77511817	0.107129
2	173309618	rs13410475	2	173480923	rs201794748	0.103143
2	173309618	rs13410475	2	173482108	rs78132475	0.107129
2	173309618	rs13410475	2	173482678	rs1010752	0.107129
2	173309618	rs13410475	2	173483202	rs17753572	0.111477
2	173309618	rs13410475	2	173486373	rs572018893;rs72187346	0.120015
2	173309618	rs13410475	2	173486622	rs187504991	0.229048
2	173309618	rs13410475	2	173489046	rs12465512	0.116231
2	173309618	rs13410475	2	173491479	rs10930566	0.116231
2	173309618	rs13410475	2	173491591	rs10930567	0.116231
2	173309618	rs13410475	2	173493886	rs1531149	0.116231
2	173309618	rs13410475	2	173493892	rs1531148	0.116068
2	173309618	rs13410475	2	173493948	rs2606072	0.123244
2	173309618	rs13410475	2	173494214	rs6718681	0.116231
2	173309618	rs13410475	2	173494375	rs6719140	0.116231
2	173309618	rs13410475	2	173495386	rs147116357	0.123244
2	173309618	rs13410475	2	173495468	rs147241626	0.123244
2	173309618	rs13410475	2	173496726	rs115566888	0.123244
2	173309618	rs13410475	2	173496753	rs147080643	0.116231
2	173309618	rs13410475	2	173497008	rs367713695	0.124724
2	173309618	rs13410475	2	173497447	rs138714080	0.296412
2	173309618	rs13410475	2	173498109	rs56822916	0.105914
2	173309618	rs13410475	2	173499184	rs142665061	0.123244
2	173309618	rs13410475	2	173501069	rs836628	0.254699
2	173309618	rs13410475	2	173508467	rs60127617	0.116231
2	173309618	rs13410475	2	173510520	rs77437224	0.116231
2	173309618	rs13410475	2	173512112	rs80158804	0.116231
2	173309618	rs13410475	2	173512549	rs2122833	0.116231
2	173309618	rs13410475	2	173514355	rs12617037	0.116231
2	173309618	rs13410475	2	173514953	rs137897332	0.116231
2	173309618	rs13410475	2	173515608	rs28761282	0.116231
2	173309618	rs13410475	2	173515891	rs28867382	0.116231
2	173311553	rs12621278	2	173210952	rs74645345	0.191841
2	173311553	rs12621278	2	173258607	rs115880776	0.162297
2	173311553	rs12621278	2	173286318	rs76709934	0.489579
2	173311553	rs12621278	2	173286319	rs76733736	0.433746
2	173311553	rs12621278	2	173287778	rs530136818	0.309769
2	173311553	rs12621278	2	173288337	rs2008518	0.513117
2	173311553	rs12621278	2	173288615	rs140189316	0.513117
2	173311553	rs12621278	2	173288817	rs2178476	0.505707
2	173311553	rs12621278	2	173289017	rs376217541	0.42053
2	173311553	rs12621278	2	173289239	rs1001926	0.513117
2	173311553	rs12621278	2	173289625	rs78582092	0.513117
2	173311553	rs12621278	2	173290287	rs2272496	0.513117
2	173311553	rs12621278	2	173290562	rs76058534	0.513117
2	173311553	rs12621278	2	173292379	rs144682022	0.573798
2	173311553	rs12621278	2	173293562	rs79121204	0.626049
2	173311553	rs12621278	2	173293584	rs76862931	0.626049
2	173311553	rs12621278	2	173295405	rs12053442	0.810003
2	173311553	rs12621278	2	173296252	rs76264695	0.810003
2	173311553	rs12621278	2	173297783	rs75166599	0.729192
2	173311553	rs12621278	2	173297871	rs77282844	0.68334
2	173311553	rs12621278	2	173298082	rs78086057	0.364782
2	173311553	rs12621278	2	173298891	rs116789570	0.548146
2	173311553	rs12621278	2	173299266	rs75979419	1
2	173311553	rs12621278	2	173300053	rs7608097	0.196089
2	173311553	rs12621278	2	173300939	rs75689576	1
2	173311553	rs12621278	2	173301275	rs59454075	1
2	173311553	rs12621278	2	173302006	rs79160711	1
2	173311553	rs12621278	2	173303031	rs28485589	0.954452
2	173311553	rs12621278	2	173303047	rs57878744	0.954452
2	173311553	rs12621278	2	173303065	rs56892098	0.954452
2	173311553	rs12621278	2	173303251	rs74483274	0.910239
2	173311553	rs12621278	2	173303310	rs80010354	0.910239
2	173311553	rs12621278	2	173303391	rs76837457	0.910239
2	173311553	rs12621278	2	173303484	rs141195656	0.910239
2	173311553	rs12621278	2	173303531	rs78181761	0.954452
2	173311553	rs12621278	2	173303800	rs79416408	0.910239
2	173311553	rs12621278	2	173304302	rs13414928	0.910239
2	173311553	rs12621278	2	173305173	rs58514604	0.282344
2	173311553	rs12621278	2	173305382	rs4405725	0.947119
2	173311553	rs12621278	2	173305731	rs7596259	0.276936
2	173311553	rs12621278	2	173305795	rs11316268	0.287918
2	173311553	rs12621278	2	173305847	rs3762618	1
2	173311553	rs12621278	2	173306284	rs201928460	0.264844
2	173311553	rs12621278	2	173307573	rs9287954	0.27962
2	173311553	rs12621278	2	173307726	rs10207640	1
2	173311553	rs12621278	2	173307756	rs10207654	1
2	173311553	rs12621278	2	173308194	rs16860397	1
2	173311553	rs12621278	2	173308318	rs7604404	0.282344
2	173311553	rs12621278	2	173308615	rs10187564	1
2	173311553	rs12621278	2	173309316	rs67923340	0.115298
2	173311553	rs12621278	2	173309330	rs148644163	1
2	173311553	rs12621278	2	173309402	rs80353656	1
2	173311553	rs12621278	2	173309618	rs13410475	1
2	173311553	rs12621278	2	173309691	rs142858678	0.276936
2	173311553	rs12621278	2	173309803	rs146618443	1
2	173311553	rs12621278	2	173309819	rs111728262	0.276936
2	173311553	rs12621278	2	173311553	rs12621278	1
2	173311553	rs12621278	2	173311682	rs12615596	0.922568
2	173311553	rs12621278	2	173313453	rs1574259	1
2	173311553	rs12621278	2	173313965	rs1574256	1
2	173311553	rs12621278	2	173314339	rs10210544	0.378545
2	173311553	rs12621278	2	173314670	rs12052250	1
2	173311553	rs12621278	2	173314713	rs12052253	1
2	173311553	rs12621278	2	173315717	rs13387602	0.378545
2	173311553	rs12621278	2	173316190	rs375859067	0.247846
2	173311553	rs12621278	2	173316217	rs12052385	1
2	173311553	rs12621278	2	173316788	rs16860416	0.387437
2	173311553	rs12621278	2	173317826	rs16860419	1
2	173311553	rs12621278	2	173318179	rs115112210	1
2	173311553	rs12621278	2	173318244	rs114161133	1
2	173311553	rs12621278	2	173318571	rs13421350	0.382949
2	173311553	rs12621278	2	173319112	rs16860426	0.972899
2	173311553	rs12621278	2	173319930	rs77167534	0.972899
2	173311553	rs12621278	2	173320380	rs6726739	0.333798
2	173311553	rs12621278	2	173320956	rs28595036	0.333798
2	173311553	rs12621278	2	173321413	rs16860438	0.972899
2	173311553	rs12621278	2	173321791	rs116532339	0.972899
2	173311553	rs12621278	2	173321883	rs10208194	0.327111
2	173311553	rs12621278	2	173322326	rs7564416	0.323847
2	173311553	rs12621278	2	173322705	rs34679972	0.117031
2	173311553	rs12621278	2	173322927	rs35783685	0.116283
2	173311553	rs12621278	2	173323005	rs35821653	0.121127
2	173311553	rs12621278	2	173323838	rs12464480	0.119693
2	173311553	rs12621278	2	173323989	rs35180608	0.119693
2	173311553	rs12621278	2	173323998	rs36040769	0.119693
2	173311553	rs12621278	2	173324013	rs35700760	0.119693
2	173311553	rs12621278	2	173324218	rs68069880	0.119693
2	173311553	rs12621278	2	173324256	rs75888567	0.972899
2	173311553	rs12621278	2	173324272	rs34526119	0.118279
2	173311553	rs12621278	2	173324357	rs35861954	0.119693
2	173311553	rs12621278	2	173324817	rs16860450	0.119693
2	173311553	rs12621278	2	173324908	rs12622724	0.972899
2	173311553	rs12621278	2	173325122	rs12616256	0.119693
2	173311553	rs12621278	2	173325198	rs12622816	0.119693
2	173311553	rs12621278	2	173325244	rs12613307	0.972899
2	173311553	rs12621278	2	173325876	rs35288169	0.118984
2	173311553	rs12621278	2	173327249	rs1076596	0.118372
2	173311553	rs12621278	2	173327823	rs74461567	0.972899
2	173311553	rs12621278	2	173329672	rs542491230;rs66475010	0.239093
2	173311553	rs12621278	2	173329714	rs12620581	0.341134
2	173311553	rs12621278	2	173331076	rs116108611	0.917147
2	173311553	rs12621278	2	173331436	rs12616959	0.233608
2	173311553	rs12621278	2	173332690	rs59386043	0.233608
2	173311553	rs12621278	2	173332706	rs7584971	0.233608
2	173311553	rs12621278	2	173332725	rs7584977	0.233608
2	173311553	rs12621278	2	173332829	rs3792254	0.233608
2	173311553	rs12621278	2	173334716	rs16860478	0.889766
2	173311553	rs12621278	2	173337495	rs16860497	0.353083
2	173311553	rs12621278	2	173340209	rs55867175	0.889766
2	173311553	rs12621278	2	173342367	rs16860513	0.837182
2	173311553	rs12621278	2	173342416	rs16860515	0.889766
2	173311553	rs12621278	2	173344128	rs9636257	0.889766
2	173311553	rs12621278	2	173344680	rs2293647	0.837182
2	173311553	rs12621278	2	173347338	rs72085754	0.166221
2	173311553	rs12621278	2	173348047	rs79942980	0.3657
2	173311553	rs12621278	2	173349025	rs10930558	0.0955991
2	173311553	rs12621278	2	173351199	rs2701268	0.161587
2	173311553	rs12621278	2	173352157	rs2293648	0.837182
2	173311553	rs12621278	2	173352824	rs10930559	0.889766
2	173311553	rs12621278	2	173353000	rs138348628	0.889766
2	173311553	rs12621278	2	173362046	rs79474289	0.837182
2	173311553	rs12621278	2	173363066	rs148946781	0.340622
2	173311553	rs12621278	2	173366960	rs2293645	0.889766
2	173311553	rs12621278	2	173368358	rs16860634	0.837182
2	173311553	rs12621278	2	173370689	rs139972066	0.840176
2	173311553	rs12621278	2	173371278	rs16860643	0.890103
2	173311553	rs12621278	2	173371566	rs528991330	0.216755
2	173311553	rs12621278	2	173373190	rs1574257	0.141404
2	173311553	rs12621278	2	173373831	rs114997784	0.840176
2	173311553	rs12621278	2	173374424	rs78534109	0.840176
2	173311553	rs12621278	2	173375391	rs60096331	0.889766
2	173311553	rs12621278	2	173375690	rs10205409	0.335306
2	173311553	rs12621278	2	173376319	rs59476799	0.812966
2	173311553	rs12621278	2	173377277	rs57404607	0.889766
2	173311553	rs12621278	2	173377302	rs59374567	0.889766
2	173311553	rs12621278	2	173377384	rs10803874	0.335306
2	173311553	rs12621278	2	173378344	rs59970483	0.889766
2	173311553	rs12621278	2	173378821	rs13398175	0.142277
2	173311553	rs12621278	2	173379230	rs78623829	0.889766
2	173311553	rs12621278	2	173382777	rs115142421	0.889766
2	173311553	rs12621278	2	173382986	rs76738244	0.889766
2	173311553	rs12621278	2	173387668	rs4075604	0.141404
2	173311553	rs12621278	2	173390343	rs12052921	0.114055
2	173311553	rs12621278	2	173390454	rs57121294	0.889766
2	173311553	rs12621278	2	173390783	rs59300838	0.114055
2	173311553	rs12621278	2	173392942	rs183141927	0.889766
2	173311553	rs12621278	2	173393605	rs57244773	0.889766
2	173311553	rs12621278	2	173393903	rs147233048	0.889766
2	173311553	rs12621278	2	173394201	rs142731545	0.889766
2	173311553	rs12621278	2	173395373	rs75669437	0.889766
2	173311553	rs12621278	2	173396150	rs10208469	0.34637
2	173311553	rs12621278	2	173396823	rs75073297	0.34637
2	173311553	rs12621278	2	173397690	rs12615584	0.889766
2	173311553	rs12621278	2	173398027	rs2178477	0.34637
2	173311553	rs12621278	2	173399117	rs7589362	0.34637
2	173311553	rs12621278	2	173399767	rs57587465	0.889766
2	173311553	rs12621278	2	173400156	rs145463827	0.889766
2	173311553	rs12621278	2	173401080	rs149549027	0.350188
2	173311553	rs12621278	2	173401123	rs6741759	0.889766
2	173311553	rs12621278	2	173401264	rs79481012	0.889766
2	173311553	rs12621278	2	173401348	rs56882727	0.889766
2	173311553	rs12621278	2	173401494	rs6727229	0.34637
2	173311553	rs12621278	2	173401666	rs6730284	0.889766
2	173311553	rs12621278	2	173401903	rs6730763	0.141404
2	173311553	rs12621278	2	173402460	rs555486984	0.889766
2	173311553	rs12621278	2	173402847	rs12611902	0.889766
2	173311553	rs12621278	2	173402848	rs7557508	0.11863
2	173311553	rs12621278	2	173402863	rs12611959	0.889766
2	173311553	rs12621278	2	173402900	rs7584089	0.166221
2	173311553	rs12621278	2	173403028	rs7557674	0.141404
2	173311553	rs12621278	2	173403101	rs181480655	0.889766
2	173311553	rs12621278	2	173403181	rs185475817	0.889766
2	173311553	rs12621278	2	173403330	rs188148040	0.889766
2	173311553	rs12621278	2	173404804	rs12052479	0.141404
2	173311553	rs12621278	2	173404886	rs7591769	0.117425
2	173311553	rs12621278	2	173405319	rs116036831	0.492647
2	173311553	rs12621278	2	173405330	rs6743174	0.889766
2	173311553	rs12621278	2	173406018	rs147340898	0.889766
2	173311553	rs12621278	2	173408345	rs56832945	0.141404
2	173311553	rs12621278	2	173408545	rs61194385	0.143981
2	173311553	rs12621278	2	173408637	rs71403312	0.141404
2	173311553	rs12621278	2	173408788	rs55966259	0.141404
2	173311553	rs12621278	2	173409320	rs138822454	0.889766
2	173311553	rs12621278	2	173410168	rs74355465	0.889766
2	173311553	rs12621278	2	173410420	rs34871211	0.141404
2	173311553	rs12621278	2	173411004	rs115160117	0.889766
2	173311553	rs12621278	2	173412858	rs35022330	0.141404
2	173311553	rs12621278	2	173413146	rs12469537	0.140539
2	173311553	rs12621278	2	173415560	rs12151618	0.116536
2	173311553	rs12621278	2	173415706	rs78647569	0.862743
2	173311553	rs12621278	2	173417021	rs201804330	0.316783
2	173311553	rs12621278	2	173417671	rs146565295	0.416846
2	173311553	rs12621278	2	173419805	rs10181851	0.159347
2	173311553	rs12621278	2	173420024	rs3835124	0.416846
2	173311553	rs12621278	2	173420181	rs189484628	0.316783
2	173311553	rs12621278	2	173420254	rs3765065	0.159347
2	173311553	rs12621278	2	173421249	rs10930561	0.34159
2	173311553	rs12621278	2	173422385	rs12465704	0.129708
2	173311553	rs12621278	2	173423066	rs8179584	0.34159
2	173311553	rs12621278	2	173424075	rs78279758	0.34159
2	173311553	rs12621278	2	173424407	rs151175749	0.34159
2	173311553	rs12621278	2	173425349	rs6752386	0.129708
2	173311553	rs12621278	2	173427420	rs144077428	0.316783
2	173311553	rs12621278	2	173427815	rs149671118	0.316783
2	173311553	rs12621278	2	173428874	rs6433368	0.114817
2	173311553	rs12621278	2	173428969	rs147075956	0.316783
2	173311553	rs12621278	2	173430707	rs10930562	0.129708
2	173311553	rs12621278	2	173431040	rs10930563	0.34159
2	173311553	rs12621278	2	173431286	rs74725860	0.316783
2	173311553	rs12621278	2	173432354	rs3769321	0.129708
2	173311553	rs12621278	2	173433186	rs2290563	0.113191
2	173311553	rs12621278	2	173433397	rs115287164	0.316783
2	173311553	rs12621278	2	173434791	rs145625378	0.316783
2	173311553	rs12621278	2	173435366	rs187304882	0.316783
2	173311553	rs12621278	2	173435882	rs111582980	0.316783
2	173311553	rs12621278	2	173436136	rs147130811	0.316783
2	173311553	rs12621278	2	173436709	rs140435298	0.316783
2	173311553	rs12621278	2	173440945	rs12467086	0.34159
2	173311553	rs12621278	2	173440996	rs151296755	0.316783
2	173311553	rs12621278	2	173441448	rs62167835	0.129708
2	173311553	rs12621278	2	173441749	rs146559654	0.316783
2	173311553	rs12621278	2	173444462	rs6738196	0.129708
2	173311553	rs12621278	2	173444805	rs34421752	0.124089
2	173311553	rs12621278	2	173445325	rs12476089	0.113191
2	173311553	rs12621278	2	173446115	rs10930564	0.34159
2	173311553	rs12621278	2	173446350	rs139756689	0.34159
2	173311553	rs12621278	2	173447953	rs200616693	0.316783
2	173311553	rs12621278	2	173448040	rs541263254	0.316783
2	173311553	rs12621278	2	173448383	rs74265086	0.34159
2	173311553	rs12621278	2	173448940	rs140037972	0.34159
2	173311553	rs12621278	2	173450756	rs11884789	0.113957
2	173311553	rs12621278	2	173451074	rs36014095	0.316783
2	173311553	rs12621278	2	173451423	rs142400899	0.316783
2	173311553	rs12621278	2	173452006	rs118107311	0.34159
2	173311553	rs12621278	2	173452086	rs140419740	0.316783
2	173311553	rs12621278	2	173452754	rs6710129	0.129708
2	173311553	rs12621278	2	173453278	rs16860693	0.34159
2	173311553	rs12621278	2	173453471	rs117897460	0.34159
2	173311553	rs12621278	2	173454235	rs10930565	0.129708
2	173311553	rs12621278	2	173454364	rs76624092	0.34159
2	173311553	rs12621278	2	173455878	rs79246370	0.210389
2	173311553	rs12621278	2	173456039	rs77843385	0.210389
2	173311553	rs12621278	2	173456679	rs34051646	0.117342
2	173311553	rs12621278	2	173457309	rs76751608	0.210389
2	173311553	rs12621278	2	173458474	rs144993153	0.316783
2	173311553	rs12621278	2	173459207	rs140758228	0.316783
2	173311553	rs12621278	2	173460803	rs1530864	0.210389
2	173311553	rs12621278	2	173461090	rs1530865	0.210389
2	173311553	rs12621278	2	173461799	rs70937083	0.210389
2	173311553	rs12621278	2	173461820	rs11904158	0.117342
2	173311553	rs12621278	2	173462593	rs70937084	0.210389
2	173311553	rs12621278	2	173463138	rs2357637	0.210389
2	173311553	rs12621278	2	173463632	rs116468908	0.316783
2	173311553	rs12621278	2	173464827	rs111549287	0.316783
2	173311553	rs12621278	2	173465196	rs1075638	0.129708
2	173311553	rs12621278	2	173465440	rs150410446	0.316783
2	173311553	rs12621278	2	173467213	rs12693006	0.104808
2	173311553	rs12621278	2	173467301	rs13019331	0.117342
2	173311553	rs12621278	2	173468284	rs7584769	0.118442
2	173311553	rs12621278	2	173468990	rs140937483	0.316783
2	173311553	rs12621278	2	173469243	rs56293809	0.244808
2	173311553	rs12621278	2	173469332	rs61505737	0.210389
2	173311553	rs12621278	2	173470019	rs145482472	0.316783
2	173311553	rs12621278	2	173470186	rs77271607	0.210389
2	173311553	rs12621278	2	173470781	rs79037658	0.210389
2	173311553	rs12621278	2	173472783	rs138272729	0.296412
2	173311553	rs12621278	2	173473281	rs13401676	0.103395
2	173311553	rs12621278	2	173474018	rs75202749	0.107129
2	173311553	rs12621278	2	173474675	rs146866822	0.296412
2	173311553	rs12621278	2	173475148	rs190575002	0.339708
2	173311553	rs12621278	2	173477755	rs143440446	0.296412
2	173311553	rs12621278	2	173479810	rs116554507	0.111477
2	173311553	rs12621278	2	173480713	rs78205119	0.107129
2	173311553	rs12621278	2	173480714	rs77511817	0.107129
2	173311553	rs12621278	2	173480923	rs201794748	0.103143
2	173311553	rs12621278	2	173482108	rs78132475	0.107129
2	173311553	rs12621278	2	173482678	rs1010752	0.107129
2	173311553	rs12621278	2	173483202	rs17753572	0.111477
2	173311553	rs12621278	2	173486373	rs572018893;rs72187346	0.120015
2	173311553	rs12621278	2	173486622	rs187504991	0.229048
2	173311553	rs12621278	2	173489046	rs12465512	0.116231
2	173311553	rs12621278	2	173491479	rs10930566	0.116231
2	173311553	rs12621278	2	173491591	rs10930567	0.116231
2	173311553	rs12621278	2	173493886	rs1531149	0.116231
2	173311553	rs12621278	2	173493892	rs1531148	0.116068
2	173311553	rs12621278	2	173493948	rs2606072	0.123244
2	173311553	rs12621278	2	173494214	rs6718681	0.116231
2	173311553	rs12621278	2	173494375	rs6719140	0.116231
2	173311553	rs12621278	2	173495386	rs147116357	0.123244
2	173311553	rs12621278	2	173495468	rs147241626	0.123244
2	173311553	rs12621278	2	173496726	rs115566888	0.123244
2	173311553	rs12621278	2	173496753	rs147080643	0.116231
2	173311553	rs12621278	2	173497008	rs367713695	0.124724
2	173311553	rs12621278	2	173497447	rs138714080	0.296412
2	173311553	rs12621278	2	173498109	rs56822916	0.105914
2	173311553	rs12621278	2	173499184	rs142665061	0.123244
2	173311553	rs12621278	2	173501069	rs836628	0.254699
2	173311553	rs12621278	2	173508467	rs60127617	0.116231
2	173311553	rs12621278	2	173510520	rs77437224	0.116231
2	173311553	rs12621278	2	173512112	rs80158804	0.116231
2	173311553	rs12621278	2	173512549	rs2122833	0.116231
2	173311553	rs12621278	2	173514355	rs12617037	0.116231
2	173311553	rs12621278	2	173514953	rs137897332	0.116231
2	173311553	rs12621278	2	173515608	rs28761282	0.116231
2	173311553	rs12621278	2	173515891	rs28867382	0.116231
2	173415560	rs12151618	2	173286318	rs76709934	0.096769
2	173415560	rs12151618	2	173286319	rs76733736	0.0967117
2	173415560	rs12151618	2	173287778	rs530136818	0.118259
2	173415560	rs12151618	2	173288337	rs2008518	0.0974996
2	173415560	rs12151618	2	173288615	rs140189316	0.0974996
2	173415560	rs12151618	2	173288817	rs2178476	0.0940782
2	173415560	rs12151618	2	173289239	rs1001926	0.0974996
2	173415560	rs12151618	2	173289625	rs78582092	0.0974996
2	173415560	rs12151618	2	173290287	rs2272496	0.0974996
2	173415560	rs12151618	2	173290562	rs76058534	0.0974996
2	173415560	rs12151618	2	173294690	rs79336862	0.128593
2	173415560	rs12151618	2	173295405	rs12053442	0.117754
2	173415560	rs12151618	2	173295749	rs75918631	0.130897
2	173415560	rs12151618	2	173296252	rs76264695	0.0992413
2	173415560	rs12151618	2	173296624	rs3115745	0.131491
2	173415560	rs12151618	2	173297388	rs56200204	0.0978763
2	173415560	rs12151618	2	173299266	rs75979419	0.116536
2	173415560	rs12151618	2	173300939	rs75689576	0.116536
2	173415560	rs12151618	2	173301275	rs59454075	0.116536
2	173415560	rs12151618	2	173302006	rs79160711	0.116536
2	173415560	rs12151618	2	173303031	rs28485589	0.110368
2	173415560	rs12151618	2	173303047	rs57878744	0.110368
2	173415560	rs12151618	2	173303065	rs56892098	0.110368
2	173415560	rs12151618	2	173303251	rs74483274	0.0996959
2	173415560	rs12151618	2	173303310	rs80010354	0.0996959
2	173415560	rs12151618	2	173303391	rs76837457	0.0996959
2	173415560	rs12151618	2	173303412	rs55726436	0.436135
2	173415560	rs12151618	2	173303484	rs141195656	0.0996959
2	173415560	rs12151618	2	173303531	rs78181761	0.110368
2	173415560	rs12151618	2	173303800	rs79416408	0.0996959
2	173415560	rs12151618	2	173304302	rs13414928	0.0996959
2	173415560	rs12151618	2	173305382	rs4405725	0.104275
2	173415560	rs12151618	2	173305847	rs3762618	0.116536
2	173415560	rs12151618	2	173306131	rs3762620	0.433373
2	173415560	rs12151618	2	173306140	rs3762621	0.433166
2	173415560	rs12151618	2	173307726	rs10207640	0.116536
2	173415560	rs12151618	2	173307756	rs10207654	0.116536
2	173415560	rs12151618	2	173308194	rs16860397	0.116536
2	173415560	rs12151618	2	173308615	rs10187564	0.116536
2	173415560	rs12151618	2	173309330	rs148644163	0.116536
2	173415560	rs12151618	2	173309402	rs80353656	0.116536
2	173415560	rs12151618	2	173309618	rs13410475	0.116536
2	173415560	rs12151618	2	173309803	rs146618443	0.116536
2	173415560	rs12151618	2	173311553	rs12621278	0.116536
2	173415560	rs12151618	2	173311682	rs12615596	0.124888
2	173415560	rs12151618	2	173312955	rs12469788	0.433136
2	173415560	rs12151618	2	173313453	rs1574259	0.116536
2	173415560	rs12151618	2	173313965	rs1574256	0.116536
2	173415560	rs12151618	2	173314589	rs10202179	0.306575
2	173415560	rs12151618	2	173314608	rs2178471	0.304294
2	173415560	rs12151618	2	173314670	rs12052250	0.116536
2	173415560	rs12151618	2	173314713	rs12052253	0.116536
2	173415560	rs12151618	2	173315545	rs6721597	0.260356
2	173415560	rs12151618	2	173315752	rs7587375	0.306977
2	173415560	rs12151618	2	173316217	rs12052385	0.116536
2	173415560	rs12151618	2	173316737	esv3593364	0.2196
2	173415560	rs12151618	2	173317373	rs7565670	0.42611
2	173415560	rs12151618	2	173317826	rs16860419	0.116536
2	173415560	rs12151618	2	173317827	rs7594889	0.42611
2	173415560	rs12151618	2	173317864	rs6717877	0.424429
2	173415560	rs12151618	2	173317946	rs6433358	0.42611
2	173415560	rs12151618	2	173318061	rs6718033	0.42611
2	173415560	rs12151618	2	173318179	rs115112210	0.116536
2	173415560	rs12151618	2	173318244	rs114161133	0.116536
2	173415560	rs12151618	2	173318819	rs35793204	0.384195
2	173415560	rs12151618	2	173319112	rs16860426	0.119307
2	173415560	rs12151618	2	173319930	rs77167534	0.119307
2	173415560	rs12151618	2	173321413	rs16860438	0.119307
2	173415560	rs12151618	2	173321791	rs116532339	0.119307
2	173415560	rs12151618	2	173321944	rs12473999	0.246204
2	173415560	rs12151618	2	173322705	rs34679972	0.569687
2	173415560	rs12151618	2	173322809	rs17676243	0.403318
2	173415560	rs12151618	2	173322927	rs35783685	0.582996
2	173415560	rs12151618	2	173323005	rs35821653	0.609632
2	173415560	rs12151618	2	173323194	rs12693001	0.345715
2	173415560	rs12151618	2	173323838	rs12464480	0.601493
2	173415560	rs12151618	2	173323989	rs35180608	0.601493
2	173415560	rs12151618	2	173323998	rs36040769	0.601493
2	173415560	rs12151618	2	173324013	rs35700760	0.601493
2	173415560	rs12151618	2	173324218	rs68069880	0.601493
2	173415560	rs12151618	2	173324256	rs75888567	0.119307
2	173415560	rs12151618	2	173324272	rs34526119	0.593467
2	173415560	rs12151618	2	173324357	rs35861954	0.601493
2	173415560	rs12151618	2	173324817	rs16860450	0.601493
2	173415560	rs12151618	2	173324908	rs12622724	0.119307
2	173415560	rs12151618	2	173324987	rs34134342	0.436235
2	173415560	rs12151618	2	173325122	rs12616256	0.601493
2	173415560	rs12151618	2	173325198	rs12622816	0.601493
2	173415560	rs12151618	2	173325244	rs12613307	0.119307
2	173415560	rs12151618	2	173325876	rs35288169	0.597466
2	173415560	rs12151618	2	173326199	rs36002642	0.440348
2	173415560	rs12151618	2	173326436	rs1076594	0.465227
2	173415560	rs12151618	2	173326919	rs2357411	0.513605
2	173415560	rs12151618	2	173327249	rs1076596	0.594854
2	173415560	rs12151618	2	173327273	rs1076597	0.420082
2	173415560	rs12151618	2	173327823	rs74461567	0.119307
2	173415560	rs12151618	2	173329672	rs542491230;rs66475010	0.12368
2	173415560	rs12151618	2	173329965	rs12471315	0.438241
2	173415560	rs12151618	2	173331076	rs116108611	0.13785
2	173415560	rs12151618	2	173331139	rs6728123	0.607891
2	173415560	rs12151618	2	173331515	rs11281734	0.607891
2	173415560	rs12151618	2	173331545	rs6728419	0.607891
2	173415560	rs12151618	2	173331754	rs6731691	0.607891
2	173415560	rs12151618	2	173331936	rs6433359	0.607891
2	173415560	rs12151618	2	173331974	rs2272498	0.607891
2	173415560	rs12151618	2	173332015	rs6433360	0.607891
2	173415560	rs12151618	2	173332115	rs2272499	0.461239
2	173415560	rs12151618	2	173332947	rs3792255	0.607891
2	173415560	rs12151618	2	173333047	rs3792256	0.607891
2	173415560	rs12151618	2	173333199	rs3828342	0.607891
2	173415560	rs12151618	2	173333227	rs17727678	0.607891
2	173415560	rs12151618	2	173333347	rs10497383	0.607891
2	173415560	rs12151618	2	173333424	rs10497384	0.607891
2	173415560	rs12151618	2	173333463	rs17727732	0.607891
2	173415560	rs12151618	2	173333720	rs17676773	0.603383
2	173415560	rs12151618	2	173333840	rs1574028	0.250727
2	173415560	rs12151618	2	173334161	rs147116420	0.469469
2	173415560	rs12151618	2	173334505	rs6755605	0.607891
2	173415560	rs12151618	2	173334716	rs16860478	0.135186
2	173415560	rs12151618	2	173334826	rs6743724	0.469469
2	173415560	rs12151618	2	173335120	rs6715294	0.607891
2	173415560	rs12151618	2	173336637	rs12468884	0.256742
2	173415560	rs12151618	2	173336792	rs6723030	0.327132
2	173415560	rs12151618	2	173337141	rs4972832	0.611567
2	173415560	rs12151618	2	173338045	rs11898288	0.34997
2	173415560	rs12151618	2	173338486	rs6714597	0.306196
2	173415560	rs12151618	2	173338660	rs145810451	0.29721
2	173415560	rs12151618	2	173339216	rs62167774	0.162664
2	173415560	rs12151618	2	173339233	rs147476134	0.595432
2	173415560	rs12151618	2	173339808	rs11895564	0.298229
2	173415560	rs12151618	2	173340200	rs11464370	0.586998
2	173415560	rs12151618	2	173340209	rs55867175	0.135186
2	173415560	rs12151618	2	173341828	rs6730905	0.200854
2	173415560	rs12151618	2	173341831	rs200376260	0.561549
2	173415560	rs12151618	2	173341984	rs6759316	0.209077
2	173415560	rs12151618	2	173342163	rs72889963	0.595432
2	173415560	rs12151618	2	173342164	rs6759557	0.200854
2	173415560	rs12151618	2	173342367	rs16860513	0.140533
2	173415560	rs12151618	2	173342416	rs16860515	0.135186
2	173415560	rs12151618	2	173342788	rs68048766	0.312039
2	173415560	rs12151618	2	173343788	rs7587940	0.487533
2	173415560	rs12151618	2	173343823	rs3828343	0.312039
2	173415560	rs12151618	2	173344128	rs9636257	0.135186
2	173415560	rs12151618	2	173344474	rs1920979	0.496523
2	173415560	rs12151618	2	173344680	rs2293647	0.130314
2	173415560	rs12151618	2	173345228	rs139142314	0.18576
2	173415560	rs12151618	2	173345396	rs17677404	0.614228
2	173415560	rs12151618	2	173345469	rs6433362	0.35613
2	173415560	rs12151618	2	173346359	rs11896937	0.607891
2	173415560	rs12151618	2	173346522	rs11897024	0.607891
2	173415560	rs12151618	2	173349025	rs10930558	0.527207
2	173415560	rs12151618	2	173350781	rs3108778	0.351479
2	173415560	rs12151618	2	173352103	rs2293649	0.359041
2	173415560	rs12151618	2	173352157	rs2293648	0.130314
2	173415560	rs12151618	2	173352824	rs10930559	0.135186
2	173415560	rs12151618	2	173353000	rs138348628	0.135186
2	173415560	rs12151618	2	173353060	rs1319059	0.36448
2	173415560	rs12151618	2	173353318	rs1344272	0.370877
2	173415560	rs12151618	2	173353853	rs2178475	0.624177
2	173415560	rs12151618	2	173354957	rs7609465	0.359041
2	173415560	rs12151618	2	173355011	rs7582972	0.350652
2	173415560	rs12151618	2	173355104	rs17739735	0.607891
2	173415560	rs12151618	2	173355337	rs2737086	0.343896
2	173415560	rs12151618	2	173356903	rs4972510	0.607891
2	173415560	rs12151618	2	173357401	rs7564654	0.362344
2	173415560	rs12151618	2	173357527	rs7564591	0.353933
2	173415560	rs12151618	2	173357808	rs11297197	0.358414
2	173415560	rs12151618	2	173358225	rs2357635	0.358414
2	173415560	rs12151618	2	173358257	rs2357634	0.358414
2	173415560	rs12151618	2	173358485	rs4619573	0.353933
2	173415560	rs12151618	2	173358734	rs17739946	0.595432
2	173415560	rs12151618	2	173362046	rs79474289	0.130314
2	173415560	rs12151618	2	173364048	rs7570417	0.356543
2	173415560	rs12151618	2	173364385	rs5015856	0.351958
2	173415560	rs12151618	2	173364668	rs60632036	0.345567
2	173415560	rs12151618	2	173366960	rs2293645	0.135186
2	173415560	rs12151618	2	173368358	rs16860634	0.130314
2	173415560	rs12151618	2	173369000	rs61499296	0.599919
2	173415560	rs12151618	2	173369231	rs17664	0.344807
2	173415560	rs12151618	2	173370689	rs139972066	0.116536
2	173415560	rs12151618	2	173371278	rs16860643	0.12048
2	173415560	rs12151618	2	173371390	rs141898737	0.344807
2	173415560	rs12151618	2	173371462	rs201362294	0.760087
2	173415560	rs12151618	2	173371620	rs10576240	0.344807
2	173415560	rs12151618	2	173372751	rs4972511	0.607891
2	173415560	rs12151618	2	173373441	rs1574258	0.607891
2	173415560	rs12151618	2	173373790	rs4074913	0.607891
2	173415560	rs12151618	2	173373831	rs114997784	0.116536
2	173415560	rs12151618	2	173374179	rs1574246	0.314392
2	173415560	rs12151618	2	173374424	rs78534109	0.116536
2	173415560	rs12151618	2	173374992	rs5836385	0.350497
2	173415560	rs12151618	2	173375391	rs60096331	0.135186
2	173415560	rs12151618	2	173375915	rs10193201	0.350497
2	173415560	rs12151618	2	173376319	rs59476799	0.113778
2	173415560	rs12151618	2	173377277	rs57404607	0.135186
2	173415560	rs12151618	2	173377302	rs59374567	0.135186
2	173415560	rs12151618	2	173378190	rs72892573	0.601049
2	173415560	rs12151618	2	173378344	rs59970483	0.135186
2	173415560	rs12151618	2	173379230	rs78623829	0.135186
2	173415560	rs12151618	2	173379286	rs72892577	0.611567
2	173415560	rs12151618	2	173382300	rs11688498	0.158084
2	173415560	rs12151618	2	173382746	rs7575064	0.350497
2	173415560	rs12151618	2	173382777	rs115142421	0.135186
2	173415560	rs12151618	2	173382986	rs76738244	0.135186
2	173415560	rs12151618	2	173383041	rs4972834	0.350497
2	173415560	rs12151618	2	173383074	rs4972835	0.350497
2	173415560	rs12151618	2	173386819	rs11883720	0.624177
2	173415560	rs12151618	2	173387994	rs4246629	0.357219
2	173415560	rs12151618	2	173388341	rs4246630	0.357219
2	173415560	rs12151618	2	173388387	rs138104397	0.131526
2	173415560	rs12151618	2	173390343	rs12052921	0.834353
2	173415560	rs12151618	2	173390454	rs57121294	0.135186
2	173415560	rs12151618	2	173390783	rs59300838	0.834353
2	173415560	rs12151618	2	173390936	rs60442917	0.352713
2	173415560	rs12151618	2	173390968	rs59524026	0.352713
2	173415560	rs12151618	2	173391172	rs72892596	0.618272
2	173415560	rs12151618	2	173391652	rs12052408	0.353272
2	173415560	rs12151618	2	173391734	rs72892601	0.624494
2	173415560	rs12151618	2	173391917	rs112538018	0.619501
2	173415560	rs12151618	2	173392235	rs77211580	0.624494
2	173415560	rs12151618	2	173392703	rs11887938	0.629193
2	173415560	rs12151618	2	173392830	rs11898822	0.629193
2	173415560	rs12151618	2	173392942	rs183141927	0.135186
2	173415560	rs12151618	2	173393326	rs7566921	0.629193
2	173415560	rs12151618	2	173393605	rs57244773	0.135186
2	173415560	rs12151618	2	173393903	rs147233048	0.135186
2	173415560	rs12151618	2	173394201	rs142731545	0.135186
2	173415560	rs12151618	2	173395365	rs72894305	0.629193
2	173415560	rs12151618	2	173395373	rs75669437	0.135186
2	173415560	rs12151618	2	173395763	rs4972836	0.629193
2	173415560	rs12151618	2	173396329	rs4972837	0.624177
2	173415560	rs12151618	2	173397099	rs13012842	0.33421
2	173415560	rs12151618	2	173397100	rs12986606	0.33421
2	173415560	rs12151618	2	173397364	rs202239063	0.277133
2	173415560	rs12151618	2	173397674	rs59391745	0.33421
2	173415560	rs12151618	2	173397690	rs12615584	0.135186
2	173415560	rs12151618	2	173398691	rs6710725	0.358698
2	173415560	rs12151618	2	173398740	rs11892037	0.619501
2	173415560	rs12151618	2	173399343	rs34839347	0.334975
2	173415560	rs12151618	2	173399767	rs57587465	0.135186
2	173415560	rs12151618	2	173400156	rs145463827	0.135186
2	173415560	rs12151618	2	173400192	rs6715425	0.358698
2	173415560	rs12151618	2	173400500	rs72894375	0.619501
2	173415560	rs12151618	2	173401123	rs6741759	0.135186
2	173415560	rs12151618	2	173401264	rs79481012	0.135186
2	173415560	rs12151618	2	173401348	rs56882727	0.135186
2	173415560	rs12151618	2	173401509	rs375315887	0.60652
2	173415560	rs12151618	2	173401666	rs6730284	0.135186
2	173415560	rs12151618	2	173402091	rs4405727	0.624177
2	173415560	rs12151618	2	173402181	rs7580740	0.624177
2	173415560	rs12151618	2	173402381	rs6433364	0.357219
2	173415560	rs12151618	2	173402460	rs555486984	0.135186
2	173415560	rs12151618	2	173402547	rs183572981	0.352613
2	173415560	rs12151618	2	173402847	rs12611902	0.135186
2	173415560	rs12151618	2	173402863	rs12611959	0.135186
2	173415560	rs12151618	2	173403101	rs181480655	0.135186
2	173415560	rs12151618	2	173403181	rs185475817	0.135186
2	173415560	rs12151618	2	173403183	rs112350513	0.624177
2	173415560	rs12151618	2	173403330	rs188148040	0.135186
2	173415560	rs12151618	2	173403814	rs55748762	0.619189
2	173415560	rs12151618	2	173403823	rs6738411	0.29755
2	173415560	rs12151618	2	173404262	rs55802347	0.624177
2	173415560	rs12151618	2	173404886	rs7591769	0.833603
2	173415560	rs12151618	2	173405330	rs6743174	0.135186
2	173415560	rs12151618	2	173405918	rs11679477	0.165738
2	173415560	rs12151618	2	173406017	rs112457972	0.250727
2	173415560	rs12151618	2	173406018	rs147340898	0.135186
2	173415560	rs12151618	2	173406153	rs12988961	0.357219
2	173415560	rs12151618	2	173406154	rs113815251	0.629193
2	173415560	rs12151618	2	173406196	rs199786352	0.482013
2	173415560	rs12151618	2	173406270	rs72894386	0.352613
2	173415560	rs12151618	2	173406336	rs62167825	0.357219
2	173415560	rs12151618	2	173406444	rs72894389	0.629193
2	173415560	rs12151618	2	173407248	rs113098645	0.629193
2	173415560	rs12151618	2	173407281	rs7560501	0.215233
2	173415560	rs12151618	2	173407978	rs35968313	0.357219
2	173415560	rs12151618	2	173408133	rs112667335	0.624177
2	173415560	rs12151618	2	173408980	rs55978548	0.352304
2	173415560	rs12151618	2	173408993	rs72894396	0.624177
2	173415560	rs12151618	2	173409320	rs138822454	0.135186
2	173415560	rs12151618	2	173409587	rs113826775	0.357219
2	173415560	rs12151618	2	173410108	rs11685833	0.164196
2	173415560	rs12151618	2	173410168	rs74355465	0.135186
2	173415560	rs12151618	2	173410860	rs4972839	0.352613
2	173415560	rs12151618	2	173411004	rs115160117	0.135186
2	173415560	rs12151618	2	173411452	rs147137471	0.359051
2	173415560	rs12151618	2	173411514	rs72894400	0.624177
2	173415560	rs12151618	2	173411566	rs6746138	0.629193
2	173415560	rs12151618	2	173411740	rs6749369	0.357219
2	173415560	rs12151618	2	173411774	rs112660314	0.624177
2	173415560	rs12151618	2	173411957	rs112509861	0.629193
2	173415560	rs12151618	2	173412351	rs4972840	0.480264
2	173415560	rs12151618	2	173413478	rs4972841	0.210488
2	173415560	rs12151618	2	173413646	rs72896105	0.629193
2	173415560	rs12151618	2	173414077	rs10460364	0.358698
2	173415560	rs12151618	2	173415560	rs12151618	1
2	173415560	rs12151618	2	173415706	rs78647569	0.13785
2	173415560	rs12151618	2	173415896	rs1920978	0.186339
2	173415560	rs12151618	2	173420609	rs114945843	0.230161
2	173415560	rs12151618	2	173422338	rs137961827	0.277495
2	173415560	rs12151618	2	173423360	rs72896113	0.108386
2	173415560	rs12151618	2	173424409	rs78044438	0.212758
2	173415560	rs12151618	2	173429496	rs10531054	0.206485
2	173415560	rs12151618	2	173435658	rs141130222	0.207726
2	173415560	rs12151618	2	173441110	rs34178124	0.157729
2	173415560	rs12151618	2	173446286	rs11686903	0.099728
2	173415560	rs12151618	2	173455878	rs79246370	0.0938938
2	173415560	rs12151618	2	173456039	rs77843385	0.0938938
2	173415560	rs12151618	2	173456627	rs115013471	0.102398
2	173415560	rs12151618	2	173457309	rs76751608	0.0938938
2	173415560	rs12151618	2	173459013	rs28700142	0.195439
2	173415560	rs12151618	2	173460803	rs1530864	0.0938938
2	173415560	rs12151618	2	173461090	rs1530865	0.0938938
2	173415560	rs12151618	2	173461799	rs70937083	0.0938938
2	173415560	rs12151618	2	173462593	rs70937084	0.0938938
2	173415560	rs12151618	2	173463138	rs2357637	0.0938938
2	173415560	rs12151618	2	173469332	rs61505737	0.0938938
2	173415560	rs12151618	2	173470186	rs77271607	0.0938938
2	173415560	rs12151618	2	173470781	rs79037658	0.0938938
2	173415560	rs12151618	2	173479810	rs116554507	0.101763
2	173415560	rs12151618	2	173480446	rs6704815	0.110115
2	173415560	rs12151618	2	173480923	rs201794748	0.0958934
2	173415560	rs12151618	2	173483202	rs17753572	0.101763
2	173415560	rs12151618	2	173483991	rs142247390	0.135552
2	173415560	rs12151618	2	173486622	rs187504991	0.130568
2	173415560	rs12151618	2	173489290	rs146423353	0.135552
2	173415560	rs12151618	2	173489501	rs144684871	0.135552
2	173415560	rs12151618	2	173493948	rs2606072	0.0935595
2	173415560	rs12151618	2	173495386	rs147116357	0.0935595
2	173415560	rs12151618	2	173495468	rs147241626	0.0935595
2	173415560	rs12151618	2	173496726	rs115566888	0.0935595
2	173415560	rs12151618	2	173498990	rs71403327	0.0947833
2	173415560	rs12151618	2	173499184	rs142665061	0.0935595
