CHR_A	BP_A	SNP_A	CHR_B	BP_B	SNP_B	R2
23	70139850	rs6625711	23	70040595	rs75755895	0.172312
23	70139850	rs6625711	23	70043147	rs73213075	0.362871
23	70139850	rs6625711	23	70043958	rs6625691	0.103587
23	70139850	rs6625711	23	70047788	rs5937000	0.0925486
23	70139850	rs6625711	23	70048331	rs73213084	0.362871
23	70139850	rs6625711	23	70049331	rs60664977	0.102746
23	70139850	rs6625711	23	70054041	rs34937826	0.105062
23	70139850	rs6625711	23	70054454	rs368129710	0.308405
23	70139850	rs6625711	23	70054970	rs73213087	0.362871
23	70139850	rs6625711	23	70055959	rs35496948	0.264535
23	70139850	rs6625711	23	70057131	rs11094179	0.24779
23	70139850	rs6625711	23	70057477	rs35067747	0.153485
23	70139850	rs6625711	23	70058692	rs141086646	0.339849
23	70139850	rs6625711	23	70059231	rs189275484	0.339849
23	70139850	rs6625711	23	70060582	._84421	0.126214
23	70139850	rs6625711	23	70061102	rs201996650	0.250325
23	70139850	rs6625711	23	70062180	rs140002515	0.251357
23	70139850	rs6625711	23	70062950	rs148923170	0.250325
23	70139850	rs6625711	23	70064061	rs142456766	0.362871
23	70139850	rs6625711	23	70065875	rs76981927	0.362871
23	70139850	rs6625711	23	70070558	rs150301219	0.362871
23	70139850	rs6625711	23	70070657	rs137936837	0.362871
23	70139850	rs6625711	23	70071185	rs4844267	0.172312
23	70139850	rs6625711	23	70072327	rs4844268	0.147881
23	70139850	rs6625711	23	70075397	rs4615765	0.158267
23	70139850	rs6625711	23	70076707	._84611	0.232621
23	70139850	rs6625711	23	70077955	rs5937005	0.155485
23	70139850	rs6625711	23	70080295	rs6625698	0.155485
23	70139850	rs6625711	23	70080911	rs11363600	0.111865
23	70139850	rs6625711	23	70081842	rs5937006	0.170972
23	70139850	rs6625711	23	70081952	rs11366491	0.256647
23	70139850	rs6625711	23	70082500	rs6525435	0.256647
23	70139850	rs6625711	23	70082765	rs201281457	0.127127
23	70139850	rs6625711	23	70083201	rs138736548	0.381014
23	70139850	rs6625711	23	70083262	rs149428505	0.394199
23	70139850	rs6625711	23	70084578	rs10429806	0.256647
23	70139850	rs6625711	23	70086058	rs149074600	0.394199
23	70139850	rs6625711	23	70086161	rs4844271	0.256647
23	70139850	rs6625711	23	70086259	._84733	0.137844
23	70139850	rs6625711	23	70086333	rs4844272	0.254688
23	70139850	rs6625711	23	70086424	rs4422919	0.254688
23	70139850	rs6625711	23	70086608	rs138266725	0.147079
23	70139850	rs6625711	23	70087279	rs4339795	0.256647
23	70139850	rs6625711	23	70090952	rs78679106	0.254688
23	70139850	rs6625711	23	70092008	rs7057383	0.147079
23	70139850	rs6625711	23	70092773	rs6525439	0.256259
23	70139850	rs6625711	23	70093038	rs5937008	0.157065
23	70139850	rs6625711	23	70093593	rs5937009	0.326942
23	70139850	rs6625711	23	70093798	rs4844273	0.256647
23	70139850	rs6625711	23	70094179	rs4844274	0.256259
23	70139850	rs6625711	23	70094495	rs73548690	0.238199
23	70139850	rs6625711	23	70094495	._84850	0.262272
23	70139850	rs6625711	23	70094795	rs183165091	0.381014
23	70139850	rs6625711	23	70094853	rs10126333	0.394199
23	70139850	rs6625711	23	70095359	rs5936597	0.155485
23	70139850	rs6625711	23	70096373	rs7880237	0.254688
23	70139850	rs6625711	23	70096692	rs61263512	0.256647
23	70139850	rs6625711	23	70097122	rs73548700	0.256647
23	70139850	rs6625711	23	70099682	rs4576584	0.254688
23	70139850	rs6625711	23	70100415	rs200957850	0.155485
23	70139850	rs6625711	23	70100495	rs4240820	0.147079
23	70139850	rs6625711	23	70101008	rs7888451	0.254688
23	70139850	rs6625711	23	70101607	rs74965537	0.256259
23	70139850	rs6625711	23	70102202	rs76019334	0.256259
23	70139850	rs6625711	23	70104648	rs16991321	0.192429
23	70139850	rs6625711	23	70105467	rs35256632	0.256259
23	70139850	rs6625711	23	70106405	rs4240821	0.394199
23	70139850	rs6625711	23	70106555	rs4393069	0.394199
23	70139850	rs6625711	23	70107239	rs78535010	0.256259
23	70139850	rs6625711	23	70107553	rs35930747	0.256259
23	70139850	rs6625711	23	70107742	rs201935006	0.394199
23	70139850	rs6625711	23	70109110	rs5937013	0.394199
23	70139850	rs6625711	23	70110047	rs143165232	0.256259
23	70139850	rs6625711	23	70110790	rs7888597	0.187414
23	70139850	rs6625711	23	70111711	rs4300150	0.187414
23	70139850	rs6625711	23	70113454	rs4500222	0.822063
23	70139850	rs6625711	23	70113625	rs4279753	0.822063
23	70139850	rs6625711	23	70113719	rs4456022	0.394199
23	70139850	rs6625711	23	70114163	rs12392194	0.822063
23	70139850	rs6625711	23	70114332	rs5981026	0.187414
23	70139850	rs6625711	23	70114401	rs75237905	0.256259
23	70139850	rs6625711	23	70115952	rs4440772	0.799291
23	70139850	rs6625711	23	70116487	rs5937015	0.822063
23	70139850	rs6625711	23	70116888	rs12558906	0.187414
23	70139850	rs6625711	23	70116939	rs10126284	0.822063
23	70139850	rs6625711	23	70116997	rs202006142	0.696603
23	70139850	rs6625711	23	70117018	._85110	0.124554
23	70139850	rs6625711	23	70117021	._85111	0.124554
23	70139850	rs6625711	23	70117028	._85112	0.124554
23	70139850	rs6625711	23	70117458	rs199764412	0.224933
23	70139850	rs6625711	23	70117765	rs5936601	0.822063
23	70139850	rs6625711	23	70119149	rs4457484	0.822063
23	70139850	rs6625711	23	70119172	rs4457485	0.822063
23	70139850	rs6625711	23	70120184	rs4844275	0.256259
23	70139850	rs6625711	23	70120194	rs4844276	0.256259
23	70139850	rs6625711	23	70120245	._85164	0.403413
23	70139850	rs6625711	23	70120523	rs5936602	0.822063
23	70139850	rs6625711	23	70121074	rs5980730	0.464327
23	70139850	rs6625711	23	70121173	rs5980731	0.464327
23	70139850	rs6625711	23	70121540	rs5937016	0.822063
23	70139850	rs6625711	23	70121765	rs5937017	0.464327
23	70139850	rs6625711	23	70122195	rs4560953	0.187414
23	70139850	rs6625711	23	70122441	rs5937019	0.822063
23	70139850	rs6625711	23	70122635	rs28829085	0.256259
23	70139850	rs6625711	23	70122636	rs28857801	0.256259
23	70139850	rs6625711	23	70122825	rs58536812	0.299629
23	70139850	rs6625711	23	70123950	rs9780041	0.299629
23	70139850	rs6625711	23	70126635	rs148894362	0.822063
23	70139850	rs6625711	23	70127270	rs4307496	0.812515
23	70139850	rs6625711	23	70129087	rs5937022	0.187414
23	70139850	rs6625711	23	70129123	rs73550391	0.299629
23	70139850	rs6625711	23	70129878	rs4443810	0.464327
23	70139850	rs6625711	23	70130983	rs6625708	0.795646
23	70139850	rs6625711	23	70131256	rs5937023	0.818813
23	70139850	rs6625711	23	70131279	rs80313922	0.254688
23	70139850	rs6625711	23	70132784	rs72134330	0.782525
23	70139850	rs6625711	23	70132946	rs200779929	0.194769
23	70139850	rs6625711	23	70134152	rs376313378	0.480049
23	70139850	rs6625711	23	70135945	rs4452962	0.84087
23	70139850	rs6625711	23	70135997	rs4313322	0.190904
23	70139850	rs6625711	23	70136052	rs7881738	0.256259
23	70139850	rs6625711	23	70137042	rs72628881	0.190904
23	70139850	rs6625711	23	70137301	._85384	0.148697
23	70139850	rs6625711	23	70137402	rs201799870	0.245902
23	70139850	rs6625711	23	70137480	._85392	0.157486
23	70139850	rs6625711	23	70137934	rs79172406	0.314846
23	70139850	rs6625711	23	70137943	rs34762946	1
23	70139850	rs6625711	23	70138234	._85413	0.396722
23	70139850	rs6625711	23	70138303	rs73552413	0.652235
23	70139850	rs6625711	23	70138433	rs6625709	0.501401
23	70139850	rs6625711	23	70139069	rs35601806	0.430882
23	70139850	rs6625711	23	70139140	rs6625710	1
23	70139850	rs6625711	23	70139219	rs35999464	0.224165
23	70139850	rs6625711	23	70139755	rs6624517	1
23	70139850	rs6625711	23	70139830	rs200367687	0.341434
23	70139850	rs6625711	23	70139850	rs6625711	1
23	70139850	rs6625711	23	70140081	rs6625712	0.84087
23	70139850	rs6625711	23	70140805	rs12836709	0.835903
23	70139850	rs6625711	23	70141158	rs4620444	0.223475
23	70139850	rs6625711	23	70141643	rs5937024	0.190517
23	70139850	rs6625711	23	70141935	rs6525446	0.189111
23	70139850	rs6625711	23	70142030	rs5937025	0.192671
23	70139850	rs6625711	23	70142139	rs4844277	0.256202
23	70139850	rs6625711	23	70142311	rs71919822	0.232137
23	70139850	rs6625711	23	70142393	rs368068529	0.293863
23	70139850	rs6625711	23	70142568	rs4844278	0.481102
23	70139850	rs6625711	23	70142581	rs4844279	0.295246
23	70139850	rs6625711	23	70143528	rs7890581	0.295246
23	70139850	rs6625711	23	70143606	rs7886610	0.295246
23	70139850	rs6625711	23	70143855	rs7885836	0.295246
23	70139850	rs6625711	23	70143880	rs7891155	0.295246
23	70139850	rs6625711	23	70144335	rs6625713	0.291105
23	70139850	rs6625711	23	70144427	rs34548199	0.295246
23	70139850	rs6625711	23	70144432	rs200288001	0.359741
23	70139850	rs6625711	23	70145277	rs72628882	0.250228
23	70139850	rs6625711	23	70145277	._85486	0.250228
23	70139850	rs6625711	23	70146034	rs41310635	0.447966
23	70139850	rs6625711	23	70146475	rs6525447	0.298976
23	70139850	rs6625711	23	70147659	rs113512004	0.235945
23	70139850	rs6625711	23	70147836	rs45446793	0.235945
23	70139850	rs6625711	23	70149188	rs72628883	0.209293
23	70139850	rs6625711	23	70151906	rs5936608	0.221479
23	70139850	rs6625711	23	70151972	rs4844280	0.209293
23	70139850	rs6625711	23	70152304	rs12556893	0.209293
23	70139850	rs6625711	23	70153499	rs5981032	0.221479
23	70139850	rs6625711	23	70153543	rs6625716	0.161616
23	70139850	rs6625711	23	70153727	rs5937027	0.21943
23	70139850	rs6625711	23	70154126	rs11094185	0.21943
23	70139850	rs6625711	23	70154405	rs4436293	0.21943
23	70139850	rs6625711	23	70155325	rs5936609	0.21943
23	70139850	rs6625711	23	70155703	rs4272540	0.21943
23	70139850	rs6625711	23	70155819	rs199706587	0.186219
23	70139850	rs6625711	23	70157265	._85628	0.221479
23	70139850	rs6625711	23	70157268	rs5007414	0.194884
23	70139850	rs6625711	23	70158622	rs112420976	0.213539
23	70139850	rs6625711	23	70158624	rs200800568	0.172831
23	70139850	rs6625711	23	70160953	rs200379683	0.207341
23	70139850	rs6625711	23	70161215	rs370927748	0.207341
23	70139850	rs6625711	23	70162596	rs201782252	0.207341
23	70139850	rs6625711	23	70165472	rs12560098	0.209293
23	70139850	rs6625711	23	70165668	rs12560144	0.209293
23	70139850	rs6625711	23	70165798	rs5937030	0.221479
23	70139850	rs6625711	23	70166471	rs12557996	0.197264
23	70139850	rs6625711	23	70167794	rs199912570	0.102255
23	70139850	rs6625711	23	70167812	rs12389911	0.141507
23	70139850	rs6625711	23	70168789	rs72628884	0.177263
23	70139850	rs6625711	23	70171140	rs72628885	0.177263
23	70139850	rs6625711	23	70174241	._85865	0.0946203
23	70139850	rs6625711	23	70174242	._85866	0.0946203
23	70139850	rs6625711	23	70174245	rs200209185	0.0946203
23	70139850	rs6625711	23	70174246	rs201053574	0.0946203
23	70139850	rs6625711	23	70177415	rs28820630	0.096091
23	70139850	rs6625711	23	70178658	rs72628886	0.159489
23	70139850	rs6625711	23	70179812	rs4372155	0.0946203
23	70139850	rs6625711	23	70186168	rs5981050	0.171726
23	70139850	rs6625711	23	70186903	rs4523429	0.096091
23	70139850	rs6625711	23	70187104	rs59381565	0.101361
23	70139850	rs6625711	23	70188893	rs12688227	0.096091
23	70139850	rs6625711	23	70190345	rs72628887	0.159489
23	70139850	rs6625711	23	70198008	rs72628888	0.150303
23	70139850	rs6625711	23	70202573	rs150657487	0.165297
23	70139850	rs6625711	23	70210271	rs150325574	0.140269
23	70139850	rs6625711	23	70214286	rs35151743	0.139289
23	70139850	rs6625711	23	70217358	rs3125934	0.17475
23	70139850	rs6625711	23	70218673	rs72514378	0.154631
23	70139850	rs6625711	23	70221462	rs3125935	0.17475
23	70139850	rs6625711	23	70222047	rs73634851	0.189833
23	70139850	rs6625711	23	70222982	rs73634852	0.189833
23	70139850	rs6625711	23	70223126	rs73546572	0.189833
23	70139850	rs6625711	23	70223305	rs7392345	0.189833
23	70139850	rs6625711	23	70224331	rs3125936	0.17475
23	70139850	rs6625711	23	70224594	rs3125937	0.191787
23	70139850	rs6625711	23	70224660	rs3125938	0.191787
23	70139850	rs6625711	23	70224927	rs3123568	0.189833
23	70139850	rs6625711	23	70224939	rs3123569	0.17475
23	70139850	rs6625711	23	70225845	rs4844145	0.17475
23	70139850	rs6625711	23	70227072	rs3125939	0.191787
23	70139850	rs6625711	23	70229738	rs3125940	0.180053
