CHR_A	BP_A	SNP_A	CHR_B	BP_B	SNP_B	R2
3	127919046	rs2811485	3	127819062	rs4857866	0.956959
3	127919046	rs2811485	3	127819151	rs4857867	0.479098
3	127919046	rs2811485	3	127820846	rs11715661	0.299977
3	127919046	rs2811485	3	127822021	rs55777628	0.299977
3	127919046	rs2811485	3	127822320	rs7641133	0.956959
3	127919046	rs2811485	3	127824017	rs9835383	0.479098
3	127919046	rs2811485	3	127824049	rs11719079	0.293844
3	127919046	rs2811485	3	127824659	rs57897513	0.299977
3	127919046	rs2811485	3	127824708	rs11311563	0.156889
3	127919046	rs2811485	3	127824778	rs67674204	0.299977
3	127919046	rs2811485	3	127825078	rs34955225	0.304045
3	127919046	rs2811485	3	127825306	rs35437840	0.299977
3	127919046	rs2811485	3	127826579	rs35804055	0.299977
3	127919046	rs2811485	3	127826618	rs11924142	0.486038
3	127919046	rs2811485	3	127827542	rs542621387	0.265925
3	127919046	rs2811485	3	127828456	rs13082038	0.299977
3	127919046	rs2811485	3	127828631	rs13062252	0.299977
3	127919046	rs2811485	3	127828968	rs60387553	0.299977
3	127919046	rs2811485	3	127829879	rs35421223	0.299977
3	127919046	rs2811485	3	127831038	rs33998546	0.299977
3	127919046	rs2811485	3	127833231	rs35947214	0.299977
3	127919046	rs2811485	3	127833353	rs67940364	0.299977
3	127919046	rs2811485	3	127833693	rs10670601	0.479098
3	127919046	rs2811485	3	127833850	rs573077807	0.300358
3	127919046	rs2811485	3	127834003	rs7650365	0.332672
3	127919046	rs2811485	3	127834695	rs6785535	0.299977
3	127919046	rs2811485	3	127835629	rs6788879	0.479098
3	127919046	rs2811485	3	127835803	rs6439115	0.479098
3	127919046	rs2811485	3	127836287	rs4857836	0.956959
3	127919046	rs2811485	3	127836319	rs4857837	0.956959
3	127919046	rs2811485	3	127837448	rs11305690	0.984056
3	127919046	rs2811485	3	127837508	rs34545799	0.299977
3	127919046	rs2811485	3	127838630	rs11707462	0.299977
3	127919046	rs2811485	3	127838999	rs9821568	0.479098
3	127919046	rs2811485	3	127840025	rs138573550	0.299977
3	127919046	rs2811485	3	127840447	rs112434347	0.299977
3	127919046	rs2811485	3	127840510	rs147411501	0.299977
3	127919046	rs2811485	3	127840553	rs558813738	0.121601
3	127919046	rs2811485	3	127840566	rs6787770	0.121601
3	127919046	rs2811485	3	127840574	rs6787771	0.121601
3	127919046	rs2811485	3	127841060	rs35531186	0.299977
3	127919046	rs2811485	3	127841098	rs66987356	0.299977
3	127919046	rs2811485	3	127841744	rs34172752	0.299977
3	127919046	rs2811485	3	127842220	rs60464856	0.299977
3	127919046	rs2811485	3	127843378	rs6784159	0.299977
3	127919046	rs2811485	3	127845298	rs7432937	0.329325
3	127919046	rs2811485	3	127845701	rs2811475	0.479098
3	127919046	rs2811485	3	127846850	rs553389781;rs144629580	0.200946
3	127919046	rs2811485	3	127847298	rs56050323	0.306228
3	127919046	rs2811485	3	127847418	rs35145572	0.306228
3	127919046	rs2811485	3	127847675	rs55762931	0.306228
3	127919046	rs2811485	3	127848156	rs13095660	0.306228
3	127919046	rs2811485	3	127848351	rs148415277	0.273637
3	127919046	rs2811485	3	127848388	rs6788497	0.306228
3	127919046	rs2811485	3	127849067	rs6439116	0.306228
3	127919046	rs2811485	3	127849076	rs59553853	0.306228
3	127919046	rs2811485	3	127849472	rs9847501	0.442045
3	127919046	rs2811485	3	127849684	rs13059975	0.301897
3	127919046	rs2811485	3	127849744	rs34174370	0.306228
3	127919046	rs2811485	3	127850076	rs11714619	0.306228
3	127919046	rs2811485	3	127850364	rs34862979	0.306228
3	127919046	rs2811485	3	127850366	rs561923000	0.306228
3	127919046	rs2811485	3	127850377	rs541355805	0.306228
3	127919046	rs2811485	3	127851561	rs6783253	0.306228
3	127919046	rs2811485	3	127852393	rs77703904	0.325333
3	127919046	rs2811485	3	127853301	rs71615968	0.609935
3	127919046	rs2811485	3	127853473	rs4857868	0.46406
3	127919046	rs2811485	3	127854527	rs35347185	0.306228
3	127919046	rs2811485	3	127854684	rs2811471	0.476426
3	127919046	rs2811485	3	127855466	rs56097921	0.431254
3	127919046	rs2811485	3	127855823	rs139098525	0.306228
3	127919046	rs2811485	3	127855982	rs13069054	0.306228
3	127919046	rs2811485	3	127856058	rs6810006	0.306228
3	127919046	rs2811485	3	127856400	rs6797834	0.306228
3	127919046	rs2811485	3	127856573	rs6414310	0.957094
3	127919046	rs2811485	3	127857108	rs35186770	0.306228
3	127919046	rs2811485	3	127857933	rs11709725	0.306228
3	127919046	rs2811485	3	127859075	rs12496052	0.456859
3	127919046	rs2811485	3	127860080	rs56175090	0.306228
3	127919046	rs2811485	3	127860479	rs34689870	0.306228
3	127919046	rs2811485	3	127860494	rs34372443	0.306228
3	127919046	rs2811485	3	127861058	rs34817706	0.306228
3	127919046	rs2811485	3	127861822	rs2955093	0.479098
3	127919046	rs2811485	3	127862178	rs6800225	0.306228
3	127919046	rs2811485	3	127863005	rs17401159	0.11984
3	127919046	rs2811485	3	127865397	rs2999045	0.957094
3	127919046	rs2811485	3	127865510	rs2955102	0.951864
3	127919046	rs2811485	3	127865559	rs2687723	0.306228
3	127919046	rs2811485	3	127866964	rs113586064	0.470718
3	127919046	rs2811485	3	127867397	rs67451924	0.957094
3	127919046	rs2811485	3	127867592	rs73192977	0.476426
3	127919046	rs2811485	3	127868032	rs34444238	0.684596
3	127919046	rs2811485	3	127868275	rs73192978	0.306228
3	127919046	rs2811485	3	127868321	rs73192979	0.306228
3	127919046	rs2811485	3	127869165	rs4857870	0.476426
3	127919046	rs2811485	3	127869457	rs200745338	0.594129
3	127919046	rs2811485	3	127869471	rs145954436	0.957094
3	127919046	rs2811485	3	127869598	rs144609957	0.946309
3	127919046	rs2811485	3	127869761	rs71873039	0.476426
3	127919046	rs2811485	3	127870060	rs2461794	0.957094
3	127919046	rs2811485	3	127870269	rs34749881	0.306228
3	127919046	rs2811485	3	127870929	rs10934849	0.476426
3	127919046	rs2811485	3	127871746	rs555464846	0.836109
3	127919046	rs2811485	3	127872175	rs11920225	0.476426
3	127919046	rs2811485	3	127872506	rs11711710	0.306228
3	127919046	rs2811485	3	127872602	rs11719546	0.306228
3	127919046	rs2811485	3	127872796	rs2999046	0.476426
3	127919046	rs2811485	3	127872901	rs376181797	0.137735
3	127919046	rs2811485	3	127874912	rs11709066	0.306228
3	127919046	rs2811485	3	127875374	rs11716941	0.306228
3	127919046	rs2811485	3	127877385	rs2492284	0.476426
3	127919046	rs2811485	3	127877756	rs2955114	0.476426
3	127919046	rs2811485	3	127878064	rs2955115	0.476426
3	127919046	rs2811485	3	127878330	rs2999047	0.476426
3	127919046	rs2811485	3	127878416	rs2999048	0.989347
3	127919046	rs2811485	3	127878817	rs2999049	0.957094
3	127919046	rs2811485	3	127878871	rs2811472	0.476426
3	127919046	rs2811485	3	127880179	rs139076049	0.183774
3	127919046	rs2811485	3	127880226	rs67575175	0.306228
3	127919046	rs2811485	3	127881568	rs13071740	0.306228
3	127919046	rs2811485	3	127881613	rs2955117	0.911469
3	127919046	rs2811485	3	127882064	rs2955118	0.989347
3	127919046	rs2811485	3	127882604	rs13077913	0.303325
3	127919046	rs2811485	3	127882658	rs13077790	0.306228
3	127919046	rs2811485	3	127882789	rs142685485	0.47448
3	127919046	rs2811485	3	127884937	rs2811473	0.375284
3	127919046	rs2811485	3	127885008	rs2687728	0.39151
3	127919046	rs2811485	3	127886957	rs10934850	0.306228
3	127919046	rs2811485	3	127888067	rs872267	0.994671
3	127919046	rs2811485	3	127888175	rs34409786	0.306228
3	127919046	rs2811485	3	127888347	rs2955120	0.994671
3	127919046	rs2811485	3	127888694	rs2687731	0.482724
3	127919046	rs2811485	3	127888978	rs2687732	0.482724
3	127919046	rs2811485	3	127889268	rs6148064	0.962494
3	127919046	rs2811485	3	127889287	rs3122173	0.962538
3	127919046	rs2811485	3	127889375	rs3122174	0.482724
3	127919046	rs2811485	3	127889404	rs2999051	0.558337
3	127919046	rs2811485	3	127889542	rs13067650	0.306228
3	127919046	rs2811485	3	127890749	rs2248668	0.482724
3	127919046	rs2811485	3	127891396	rs2955121	0.482724
3	127919046	rs2811485	3	127891991	rs11706455	0.306228
3	127919046	rs2811485	3	127892037	rs2999052	0.962538
3	127919046	rs2811485	3	127892851	rs2811474	0.426152
3	127919046	rs2811485	3	127893564	rs11715394	0.273029
3	127919046	rs2811485	3	127894294	rs11712798	0.306228
3	127919046	rs2811485	3	127895028	rs5852535	0.434133
3	127919046	rs2811485	3	127895226	rs2687729	0.962538
3	127919046	rs2811485	3	127895824	rs71615969	0.297975
3	127919046	rs2811485	3	127895824	rs71615969_2	0.379049
3	127919046	rs2811485	3	127895986	rs1554535	0.994671
3	127919046	rs2811485	3	127897383	rs66877401	0.482724
3	127919046	rs2811485	3	127898501	rs2811476	0.957312
3	127919046	rs2811485	3	127898533	rs2999053	0.482724
3	127919046	rs2811485	3	127898783	rs2811477	0.185458
3	127919046	rs2811485	3	127898942	rs34977128	0.957312
3	127919046	rs2811485	3	127899624	rs2811478	0.304098
3	127919046	rs2811485	3	127899986	rs2999054	0.482724
3	127919046	rs2811485	3	127900494	rs2999060	0.482724
3	127919046	rs2811485	3	127900522	rs2999055	0.482724
3	127919046	rs2811485	3	127901155	rs34027926	0.0956931
3	127919046	rs2811485	3	127901726	rs2955122	0.530347
3	127919046	rs2811485	3	127901786	rs2811479	0.962538
3	127919046	rs2811485	3	127902091	rs2811480	0.962538
3	127919046	rs2811485	3	127903522	rs2999056	0.482724
3	127919046	rs2811485	3	127903678	rs2955123	0.482724
3	127919046	rs2811485	3	127903966	rs35568074	0.482724
3	127919046	rs2811485	3	127904190	rs2811517	0.482724
3	127919046	rs2811485	3	127904496	rs2811481	0.962538
3	127919046	rs2811485	3	127904943	rs2811482	0.994671
3	127919046	rs2811485	3	127905451	rs2811516	0.962538
3	127919046	rs2811485	3	127905518	rs2811515	0.962538
3	127919046	rs2811485	3	127905648	rs2999059	0.482724
3	127919046	rs2811485	3	127907929	rs2811514	0.989347
3	127919046	rs2811485	3	127909564	rs2811513	0.962538
3	127919046	rs2811485	3	127909758	rs2999057	0.482724
3	127919046	rs2811485	3	127911820	rs2811512	0.989347
3	127919046	rs2811485	3	127912846	rs11412402	0.332155
3	127919046	rs2811485	3	127912988	rs2811511	0.306228
3	127919046	rs2811485	3	127913263	rs883238	0.978798
3	127919046	rs2811485	3	127913714	rs940061	0.482724
3	127919046	rs2811485	3	127913828	rs940062	0.482724
3	127919046	rs2811485	3	127914512	rs2811510	0.482724
3	127919046	rs2811485	3	127914673	rs2811483	0.482724
3	127919046	rs2811485	3	127914853	rs2811484	0.482724
3	127919046	rs2811485	3	127915457	rs2687730	0.306228
3	127919046	rs2811485	3	127916490	rs2955124	0.482724
3	127919046	rs2811485	3	127916551	rs2811509	0.962538
3	127919046	rs2811485	3	127918000	rs2492285	0.962538
3	127919046	rs2811485	3	127918955	rs2687720	0.994671
3	127919046	rs2811485	3	127919045	rs2687733	1
3	127919046	rs2811485	3	127919046	rs2811485	1
3	127919046	rs2811485	3	127919417	rs2140286	0.482724
3	127919046	rs2811485	3	127920023	rs2811508	0.957246
3	127919046	rs2811485	3	127920075	rs2811486	0.299977
3	127919046	rs2811485	3	127923187	rs6439119	0.957312
3	127919046	rs2811485	3	127923810	rs2999058	0.482724
3	127919046	rs2811485	3	127925192	rs2955125	0.482724
3	127919046	rs2811485	3	127926045	rs4362738	0.550839
3	127919046	rs2811485	3	127926254	rs2955126	0.299977
3	127919046	rs2811485	3	127926516	rs2955127	0.482724
3	127919046	rs2811485	3	127928277	rs2955128	0.482724
3	127919046	rs2811485	3	127929207	rs2955129	0.299977
3	127919046	rs2811485	3	127929996	rs73195213	0.176589
3	127919046	rs2811485	3	127930459	rs9838120	0.951684
3	127919046	rs2811485	3	127930866	rs7374072	0.951684
3	127919046	rs2811485	3	127931340	rs2999090	0.267086
3	127919046	rs2811485	3	127931402	rs7372439	0.951684
3	127919046	rs2811485	3	127933203	rs11707297	0.984056
3	127919046	rs2811485	3	127933786	rs4857871	0.951684
3	127919046	rs2811485	3	127933822	rs4857872	0.951684
3	127919046	rs2811485	3	127934218	rs4857873	0.962538
3	127919046	rs2811485	3	127934269	rs4857874	0.962538
3	127919046	rs2811485	3	127934276	rs4857875	0.962538
3	127919046	rs2811485	3	127934329	rs6770140	0.962538
3	127919046	rs2811485	3	127934774	rs4384971	0.957094
3	127919046	rs2811485	3	127935159	rs2999089	0.269193
3	127919046	rs2811485	3	127935461	rs6439121	0.962538
3	127919046	rs2811485	3	127936527	rs9879865	0.957094
3	127919046	rs2811485	3	127936532	rs9879866	0.957094
3	127919046	rs2811485	3	127937326	rs2254379	0.482724
3	127919046	rs2811485	3	127937645	rs9847576	0.957094
3	127919046	rs2811485	3	127937814	rs2955130	0.299977
3	127919046	rs2811485	3	127938137	rs9814834	0.957094
3	127919046	rs2811485	3	127938708	rs2811549	0.299977
3	127919046	rs2811485	3	127939034	rs9857235	0.957094
3	127919046	rs2811485	3	127939357	rs4323023	0.957094
3	127919046	rs2811485	3	127939444	rs2955131	0.482724
3	127919046	rs2811485	3	127940226	rs2955132	0.482724
3	127919046	rs2811485	3	127940353	rs9845651	0.957094
3	127919046	rs2811485	3	127940440	rs7372902	0.957094
3	127919046	rs2811485	3	127940534	rs6439122	0.951684
3	127919046	rs2811485	3	127941072	rs55775237	0.482724
3	127919046	rs2811485	3	127941439	rs6439123	0.957094
3	127919046	rs2811485	3	127941947	rs2999088	0.482724
3	127919046	rs2811485	3	127942379	rs9873786	0.989347
3	127919046	rs2811485	3	127942729	rs35277207	0.957094
3	127919046	rs2811485	3	127942825	rs560673066;rs34906893	0.926794
3	127919046	rs2811485	3	127943328	rs4857838	0.957094
3	127919046	rs2811485	3	127944477	rs6775988	0.957094
3	127919046	rs2811485	3	127945322	rs2955133	0.299977
3	127919046	rs2811485	3	127945349	rs6777054	0.957094
3	127919046	rs2811485	3	127946788	rs9830294	0.989347
3	127919046	rs2811485	3	127947032	rs2955134	0.482724
3	127919046	rs2811485	3	127948060	rs4857877	0.941323
3	127919046	rs2811485	3	127948149	rs4857878	0.957094
3	127919046	rs2811485	3	127948958	rs34834087	0.962485
3	127919046	rs2811485	3	127951248	rs2999086	0.299977
3	127919046	rs2811485	3	127951559	rs2999085	0.299977
3	127919046	rs2811485	3	127952488	rs2999084	0.299977
3	127919046	rs2811485	3	127952868	rs58135764	0.287825
3	127919046	rs2811485	3	127952919	rs6809833	0.299977
3	127919046	rs2811485	3	127953148	rs62271749	0.321386
3	127919046	rs2811485	3	127953969	rs12637873	0.321386
3	127919046	rs2811485	3	127954082	rs11412086	0.220716
3	127919046	rs2811485	3	127954324	rs11391389	0.293844
3	127919046	rs2811485	3	127954434	rs2999083	0.299977
3	127919046	rs2811485	3	127954708	rs61622539	0.293844
3	127919046	rs2811485	3	127954709	rs537537018	0.293844
3	127919046	rs2811485	3	127954710	rs56397996	0.299977
3	127919046	rs2811485	3	127954783	rs538297319	0.149136
3	127919046	rs2811485	3	127955425	rs56164812	0.553239
3	127919046	rs2811485	3	127956188	rs2999082	0.299977
3	127919046	rs2811485	3	127956272	rs2999081	0.299977
3	127919046	rs2811485	3	127956708	rs2999080	0.299977
3	127919046	rs2811485	3	127957232	rs2999079	0.299977
3	127919046	rs2811485	3	127958013	rs4074440	0.989347
3	127919046	rs2811485	3	127958414	rs2999077	0.293844
3	127919046	rs2811485	3	127958692	rs2999076	0.299977
3	127919046	rs2811485	3	127958869	rs2955077	0.299977
3	127919046	rs2811485	3	127959186	rs2955078	0.299977
3	127919046	rs2811485	3	127959824	rs2955079	0.299977
3	127919046	rs2811485	3	127959865	rs2955080	0.299977
3	127919046	rs2811485	3	127960209	rs2999074	0.299977
3	127919046	rs2811485	3	127960299	rs2955081	0.299977
3	127919046	rs2811485	3	127960334	rs2955082	0.299977
3	127919046	rs2811485	3	127961178	rs2955083	0.267086
3	127919046	rs2811485	3	127961305	rs2955084	0.185458
3	127919046	rs2811485	3	127961396	rs9843281	0.989347
3	127919046	rs2811485	3	127962329	rs2999073	0.299977
3	127919046	rs2811485	3	127962757	rs2955085	0.299977
3	127919046	rs2811485	3	127962876	rs2999072	0.299977
3	127919046	rs2811485	3	127963191	rs2955086	0.301399
3	127919046	rs2811485	3	127963192	rs56011843	0.187399
3	127919046	rs2811485	3	127963314	rs34606977	0.29619
3	127919046	rs2811485	3	127963448	rs13434079	0.989347
3	127919046	rs2811485	3	127963615	rs2999071	0.299977
3	127919046	rs2811485	3	127963710	rs2955088	0.299977
3	127919046	rs2811485	3	127964651	rs2999070	0.299977
3	127919046	rs2811485	3	127966791	rs17343355	0.30843
3	127919046	rs2811485	3	127969233	rs35811487	0.47113
3	127919046	rs2811485	3	127969330	rs2955089	0.299977
3	127919046	rs2811485	3	127969371	rs2955090	0.299977
3	127919046	rs2811485	3	127971361	rs2955091	0.299977
3	127919046	rs2811485	3	127971489	rs72104653	0.482724
3	127919046	rs2811485	3	127971609	rs2999069	0.299977
3	127919046	rs2811485	3	127972528	rs2955092	0.299977
3	127919046	rs2811485	3	127976912	rs10637017	0.299977
3	127919046	rs2811485	3	127976923	rs2955094	0.299977
3	127919046	rs2811485	3	127977665	rs2955095	0.299977
3	127919046	rs2811485	3	127977866	rs2955096	0.299977
3	127919046	rs2811485	3	127977978	rs2999068	0.299977
3	127919046	rs2811485	3	127978505	rs2955097	0.299977
3	127919046	rs2811485	3	127978531	rs2999067	0.299977
3	127919046	rs2811485	3	127978795	rs4555544	0.989347
3	127919046	rs2811485	3	127979501	rs2955098	0.299977
3	127919046	rs2811485	3	127979654	rs2955099	0.299977
3	127919046	rs2811485	3	127979821	rs59331462	0.260539
3	127919046	rs2811485	3	127980286	rs2999066	0.299977
3	127919046	rs2811485	3	127981438	rs2999065	0.299977
3	127919046	rs2811485	3	127983148	rs2811545	0.299977
3	127919046	rs2811485	3	127983209	rs2999035	0.482724
3	127919046	rs2811485	3	127983495	rs2811544	0.299977
3	127919046	rs2811485	3	127983796	rs2811543	0.299977
3	127919046	rs2811485	3	127983800	rs2811542	0.299977
3	127919046	rs2811485	3	127983996	rs56226498	0.299977
3	127919046	rs2811485	3	127984794	rs2811541	0.299977
3	127919046	rs2811485	3	127985569	rs2811540	0.299977
3	127919046	rs2811485	3	127986473	rs2811539	0.299977
3	127919046	rs2811485	3	127986631	rs2811538	0.299977
3	127919046	rs2811485	3	127987356	rs2811396	0.293844
3	127919046	rs2811485	3	127987867	rs2811400	0.299977
3	127919046	rs2811485	3	127987924	rs2811537	0.299977
3	127919046	rs2811485	3	127988075	rs62273567	0.325333
3	127919046	rs2811485	3	127988240	rs2999064	0.482724
3	127919046	rs2811485	3	127988919	rs2811536	0.299977
3	127919046	rs2811485	3	127991108	rs2811534	0.299977
3	127919046	rs2811485	3	127991149	rs2811413	0.781292
3	127919046	rs2811485	3	127991177	rs2811414	0.297839
3	127919046	rs2811485	3	127991527	rs2811415	0.147058
3	127919046	rs2811485	3	127991729	rs2811533	0.299977
3	127919046	rs2811485	3	127991938	rs2811416	0.267086
3	127919046	rs2811485	3	127992170	rs2811532	0.299977
3	127919046	rs2811485	3	127992495	rs2811531	0.299977
3	127919046	rs2811485	3	127993166	rs2811530	0.299977
3	127919046	rs2811485	3	127993325	rs2955100	0.299977
3	127919046	rs2811485	3	127993606	rs2999062	0.299977
3	127919046	rs2811485	3	127993623	rs2999061	0.299977
3	127919046	rs2811485	3	127994160	rs2811529	0.984056
3	127919046	rs2811485	3	127994436	rs2811528	0.299977
3	127919046	rs2811485	3	127994604	rs2811527	0.299977
3	127919046	rs2811485	3	127995718	rs2811526	0.299977
3	127919046	rs2811485	3	127997429	rs2811373	0.299977
3	127919046	rs2811485	3	127997912	rs2811381	0.299977
3	127919046	rs2811485	3	127999430	rs2811525	0.299977
3	127919046	rs2811485	3	127999955	rs2811524	0.299977
3	127919046	rs2811485	3	128000015	rs2811386	0.299186
3	127919046	rs2811485	3	128001367	rs7374952	0.299977
3	127919046	rs2811485	3	128001515	rs7374227	0.299977
3	127919046	rs2811485	3	128002850	rs6765233	0.299977
3	127919046	rs2811485	3	128004531	rs4593050	0.299977
3	127919046	rs2811485	3	128007466	rs6439124	0.299977
3	127919046	rs2811485	3	128008223	rs7373998	0.299977
3	127919046	rs2811485	3	128009612	rs2955101	0.299977
3	127919046	rs2811485	3	128011397	rs2811523	0.299977
3	127919046	rs2811485	3	128011423	rs2811522	0.299977
3	127919046	rs2811485	3	128012277	rs2811520	0.299977
3	127919046	rs2811485	3	128012876	rs2811519	0.299977
3	127919046	rs2811485	3	128013645	rs2811518	0.299977
3	127919046	rs2811485	3	128015178	rs2811387	0.299977
3	127919046	rs2811485	3	128015236	rs2955103	0.553328
3	127919046	rs2811485	3	128015501	rs11437851	0.299977
3	127919046	rs2811485	3	128016613	rs10634924	0.299977
3	127919046	rs2811485	3	128018447	rs2811388	0.279242
3	127919046	rs2811485	3	128019761	rs138164673	0.501701
3	127919046	rs2811485	3	128020701	rs2999036	0.279242
3	127919046	rs2811485	3	128021020	rs73197381	0.116001
3	127919046	rs2811485	3	128021362	rs2811389	0.252454
3	127919046	rs2811485	3	128021481	rs2811390	0.279242
3	127919046	rs2811485	3	128022368	rs2811391	0.279242
3	127919046	rs2811485	3	128023976	rs2811392	0.277194
3	127919046	rs2811485	3	128023999	rs2811393	0.28134
3	127919046	rs2811485	3	128025044	rs2037965	0.279242
3	127919046	rs2811485	3	128027237	rs2811397	0.279242
3	127919046	rs2811485	3	128029008	rs6805582	0.279242
3	127919046	rs2811485	3	128029204	rs6805621	0.28134
3	127919046	rs2811485	3	128030343	rs56287882	0.277194
3	127919046	rs2811485	3	128030474	rs73197383	0.277194
3	127919046	rs2811485	3	128031219	rs6794591	0.28134
3	127919046	rs2811485	3	128032540	rs16843876	0.28134
3	127919046	rs2811485	3	128032887	rs11706852	0.28134
3	127919046	rs2811485	3	128032991	rs11706826	0.28134
3	127919046	rs2811485	3	128033048	rs11706908	0.28134
3	127919046	rs2811485	3	128034535	rs6771646	0.28134
3	127919046	rs2811485	3	128036786	rs13095166	0.435063
3	127919046	rs2811485	3	128038373	rs10934853	0.908576
3	127919046	rs2811485	3	128038689	rs12486127	0.435063
3	127919046	rs2811485	3	128038834	rs12486156	0.435063
3	127919046	rs2811485	3	128041830	rs56328893	0.277194
3	127919046	rs2811485	3	128042877	rs55925538	0.277194
3	127919046	rs2811485	3	128043004	rs55989768	0.28134
3	127919046	rs2811485	3	128043050	rs55675294	0.28134
3	127919046	rs2811485	3	128043920	rs73197388	0.277194
3	127919046	rs2811485	3	128044372	rs6772407	0.28134
3	127919046	rs2811485	3	128046134	rs59892046	0.28134
3	127919046	rs2811485	3	128046643	rs4857841	0.908576
3	127919046	rs2811485	3	128047009	rs11710627	0.277194
3	127919046	rs2811485	3	128047236	rs11710704	0.277194
3	127919046	rs2811485	3	128048255	rs577323878	0.207554
3	127919046	rs2811485	3	128050614	rs11706304	0.277194
3	127919046	rs2811485	3	128053487	rs16844002	0.28134
3	127919046	rs2811485	3	128055663	rs59720273	0.28134
3	127919046	rs2811485	3	128056897	rs6798749	0.277194
3	127919046	rs2811485	3	128058617	rs3849531	0.902682
3	127919046	rs2811485	3	128059293	rs73201462	0.277194
3	127919046	rs2811485	3	128059610	rs1735558	0.432352
3	127919046	rs2811485	3	128061689	rs58986862	0.277194
3	127919046	rs2811485	3	128061922	rs56850662	0.277194
3	127919046	rs2811485	3	128062070	rs60399786	0.277194
3	127919046	rs2811485	3	128064118	rs4857879	0.459098
3	127919046	rs2811485	3	128064819	rs72021522	0.277194
3	127919046	rs2811485	3	128065313	rs57699322	0.28134
3	127919046	rs2811485	3	128065466	rs61044849	0.277194
3	127919046	rs2811485	3	128065815	rs57735707	0.277194
3	127919046	rs2811485	3	128067114	rs71618139	0.72544
3	127919046	rs2811485	3	128067275	rs11709611	0.277194
3	127919046	rs2811485	3	128067441	rs11721213	0.28134
3	127919046	rs2811485	3	128071809	rs1735549	0.71205
3	127919046	rs2811485	3	128072502	rs11711096	0.183321
3	127919046	rs2811485	3	128074452	rs5852542	0.209758
3	127919046	rs2811485	3	128075398	rs1735546	0.870133
3	127919046	rs2811485	3	128077558	rs12632366	0.294573
3	127919046	rs2811485	3	128077602	rs6785384	0.717007
3	127919046	rs2811485	3	128081260	rs1735545	0.717007
3	127919046	rs2811485	3	128083332	rs1702122	0.825835
3	127919046	rs2811485	3	128084164	rs4277707	0.413847
3	127919046	rs2811485	3	128085090	rs1108313	0.296493
3	127919046	rs2811485	3	128092102	rs1735538	0.825236
3	127919046	rs2811485	3	128094493	rs1702119	0.830487
3	127919046	rs2811485	3	128095278	rs1702118	0.425864
3	127919046	rs2811485	3	128095652	rs3021461	0.691206
3	127919046	rs2811485	3	128095767	rs2977565	0.691206
3	127919046	rs2811485	3	128097496	rs2293947	0.180117
3	127919046	rs2811485	3	128105972	rs2999033	0.381397
3	127919046	rs2811485	3	128106267	rs2977562	0.700095
3	127919046	rs2811485	3	128106536	rs2977561	0.705809
3	127919046	rs2811485	3	128107020	rs7373685	0.700095
3	127919046	rs2811485	3	128107139	rs11720784	0.118199
3	127919046	rs2811485	3	128107982	rs1625296	0.69146
3	127919046	rs2811485	3	128109916	rs741925	0.372406
3	127919046	rs2811485	3	128109941	rs3887841	0.562472
3	127919046	rs2811485	3	128110390	rs1702131	0.376635
3	127919046	rs2811485	3	128110770	rs729847	0.562472
3	127919046	rs2811485	3	128111113	rs11709536	0.11649
3	127919046	rs2811485	3	128111174	rs4241495	0.69146
3	127919046	rs2811485	3	128111201	rs1702134	0.376635
3	127919046	rs2811485	3	128112307	rs1620440	0.376635
3	127919046	rs2811485	3	128113329	rs545773762	0.558919
3	127919046	rs2811485	3	128113829	rs2981017	0.27435
3	127919046	rs2811485	3	128114587	rs7632169	0.69146
3	127919046	rs2811485	3	128115381	rs1735527	0.385676
3	127919046	rs2811485	3	128115898	rs72977381	0.125716
3	127919046	rs2811485	3	128117573	rs1702153	0.363539
3	127919046	rs2811485	3	128117688	rs150206905	0.125716
3	127919046	rs2811485	3	128117952	rs199924802	0.115363
3	127919046	rs2811485	3	128118711	rs1702136	0.567432
3	127919046	rs2811485	3	128119565	rs760383	0.574607
3	127919046	rs2811485	3	128119874	rs11705709	0.112467
3	127919046	rs2811485	3	128120355	rs11705891	0.124013
3	127919046	rs2811485	3	128121395	rs11718942	0.11649
3	127919046	rs2811485	3	128121502	rs2999031	0.265315
3	127919046	rs2811485	3	128122039	rs6780368	0.369596
3	127919046	rs2811485	3	128122396	rs2659685	0.651871
3	127919046	rs2811485	3	128122539	rs113924139	0.563878
3	127919046	rs2811485	3	128122580	rs11715947	0.11649
3	127919046	rs2811485	3	128122820	rs1735537	0.542929
3	127919046	rs2811485	3	128123288	rs11717030	0.11649
3	127919046	rs2811485	3	128123786	rs2977564	0.230675
3	127919046	rs2811485	3	128125692	rs58233283	0.11649
3	127919046	rs2811485	3	128125718	rs60672471	0.133441
3	127919046	rs2811485	3	128125811	rs56882053	0.124013
3	127919046	rs2811485	3	128127805	rs7612413	0.128042
3	127919046	rs2811485	3	128128254	rs3828417	0.128042
3	127919046	rs2811485	3	128129040	rs59810826	0.128042
3	127919046	rs2811485	3	128133006	rs56299192	0.126389
3	127919046	rs2811485	3	128133108	rs2811366	0.154205
3	127919046	rs2811485	3	128134308	rs199585654	0.174083
3	127919046	rs2811485	3	128134310	rs10624871	0.174083
3	128038373	rs10934853	3	127819062	rs4857866	0.878231
3	128038373	rs10934853	3	127819151	rs4857867	0.431424
3	128038373	rs10934853	3	127820846	rs11715661	0.283096
3	128038373	rs10934853	3	127822021	rs55777628	0.283096
3	128038373	rs10934853	3	127822320	rs7641133	0.878231
3	128038373	rs10934853	3	127824017	rs9835383	0.431424
3	128038373	rs10934853	3	127824049	rs11719079	0.277075
3	128038373	rs10934853	3	127824659	rs57897513	0.283096
3	128038373	rs10934853	3	127824708	rs11311563	0.132638
3	128038373	rs10934853	3	127824778	rs67674204	0.283096
3	128038373	rs10934853	3	127825078	rs34955225	0.28687
3	128038373	rs10934853	3	127825306	rs35437840	0.283096
3	128038373	rs10934853	3	127826579	rs35804055	0.283096
3	128038373	rs10934853	3	127826618	rs11924142	0.437815
3	128038373	rs10934853	3	127827542	rs542621387	0.249042
3	128038373	rs10934853	3	127828456	rs13082038	0.283096
3	128038373	rs10934853	3	127828631	rs13062252	0.283096
3	128038373	rs10934853	3	127828968	rs60387553	0.283096
3	128038373	rs10934853	3	127829879	rs35421223	0.283096
3	128038373	rs10934853	3	127831038	rs33998546	0.283096
3	128038373	rs10934853	3	127833231	rs35947214	0.283096
3	128038373	rs10934853	3	127833353	rs67940364	0.283096
3	128038373	rs10934853	3	127833693	rs10670601	0.431424
3	128038373	rs10934853	3	127833850	rs573077807	0.29069
3	128038373	rs10934853	3	127834003	rs7650365	0.284116
3	128038373	rs10934853	3	127834695	rs6785535	0.283096
3	128038373	rs10934853	3	127835629	rs6788879	0.431424
3	128038373	rs10934853	3	127835803	rs6439115	0.431424
3	128038373	rs10934853	3	127836287	rs4857836	0.878231
3	128038373	rs10934853	3	127836319	rs4857837	0.878231
3	128038373	rs10934853	3	127837448	rs11305690	0.903204
3	128038373	rs10934853	3	127837508	rs34545799	0.283096
3	128038373	rs10934853	3	127838630	rs11707462	0.283096
3	128038373	rs10934853	3	127838999	rs9821568	0.431424
3	128038373	rs10934853	3	127840025	rs138573550	0.283096
3	128038373	rs10934853	3	127840447	rs112434347	0.283096
3	128038373	rs10934853	3	127840510	rs147411501	0.283096
3	128038373	rs10934853	3	127840553	rs558813738	0.116519
3	128038373	rs10934853	3	127840566	rs6787770	0.116519
3	128038373	rs10934853	3	127840574	rs6787771	0.116519
3	128038373	rs10934853	3	127841060	rs35531186	0.283096
3	128038373	rs10934853	3	127841098	rs66987356	0.283096
3	128038373	rs10934853	3	127841744	rs34172752	0.283096
3	128038373	rs10934853	3	127842220	rs60464856	0.283096
3	128038373	rs10934853	3	127843378	rs6784159	0.283096
3	128038373	rs10934853	3	127845298	rs7432937	0.279978
3	128038373	rs10934853	3	127845701	rs2811475	0.431424
3	128038373	rs10934853	3	127846850	rs553389781;rs144629580	0.18717
3	128038373	rs10934853	3	127847298	rs56050323	0.289233
3	128038373	rs10934853	3	127847418	rs35145572	0.289233
3	128038373	rs10934853	3	127847675	rs55762931	0.289233
3	128038373	rs10934853	3	127848156	rs13095660	0.289233
3	128038373	rs10934853	3	127848351	rs148415277	0.251828
3	128038373	rs10934853	3	127848388	rs6788497	0.289233
3	128038373	rs10934853	3	127849067	rs6439116	0.289233
3	128038373	rs10934853	3	127849076	rs59553853	0.289233
3	128038373	rs10934853	3	127849472	rs9847501	0.396413
3	128038373	rs10934853	3	127849684	rs13059975	0.284991
3	128038373	rs10934853	3	127849744	rs34174370	0.289233
3	128038373	rs10934853	3	127850076	rs11714619	0.289233
3	128038373	rs10934853	3	127850364	rs34862979	0.289233
3	128038373	rs10934853	3	127850366	rs561923000	0.289233
3	128038373	rs10934853	3	127850377	rs541355805	0.289233
3	128038373	rs10934853	3	127851561	rs6783253	0.289233
3	128038373	rs10934853	3	127852393	rs77703904	0.276315
3	128038373	rs10934853	3	127853301	rs71615968	0.562948
3	128038373	rs10934853	3	127853473	rs4857868	0.417266
3	128038373	rs10934853	3	127854527	rs35347185	0.289233
3	128038373	rs10934853	3	127854684	rs2811471	0.429086
3	128038373	rs10934853	3	127855466	rs56097921	0.383088
3	128038373	rs10934853	3	127855823	rs139098525	0.289233
3	128038373	rs10934853	3	127855982	rs13069054	0.289233
3	128038373	rs10934853	3	127856058	rs6810006	0.289233
3	128038373	rs10934853	3	127856400	rs6797834	0.289233
3	128038373	rs10934853	3	127856573	rs6414310	0.87885
3	128038373	rs10934853	3	127857108	rs35186770	0.289233
3	128038373	rs10934853	3	127857933	rs11709725	0.289233
3	128038373	rs10934853	3	127859075	rs12496052	0.413464
3	128038373	rs10934853	3	127860080	rs56175090	0.289233
3	128038373	rs10934853	3	127860479	rs34689870	0.289233
3	128038373	rs10934853	3	127860494	rs34372443	0.289233
3	128038373	rs10934853	3	127861058	rs34817706	0.289233
3	128038373	rs10934853	3	127861822	rs2955093	0.431424
3	128038373	rs10934853	3	127862178	rs6800225	0.289233
3	128038373	rs10934853	3	127863005	rs17401159	0.10094
3	128038373	rs10934853	3	127865397	rs2999045	0.87885
3	128038373	rs10934853	3	127865510	rs2955102	0.873922
3	128038373	rs10934853	3	127865559	rs2687723	0.289233
3	128038373	rs10934853	3	127866964	rs113586064	0.429276
3	128038373	rs10934853	3	127867397	rs67451924	0.87885
3	128038373	rs10934853	3	127867592	rs73192977	0.429086
3	128038373	rs10934853	3	127868032	rs34444238	0.611678
3	128038373	rs10934853	3	127868275	rs73192978	0.289233
3	128038373	rs10934853	3	127868321	rs73192979	0.289233
3	128038373	rs10934853	3	127869165	rs4857870	0.429086
3	128038373	rs10934853	3	127869457	rs200745338	0.534696
3	128038373	rs10934853	3	127869471	rs145954436	0.87885
3	128038373	rs10934853	3	127869598	rs144609957	0.878231
3	128038373	rs10934853	3	127869761	rs71873039	0.429086
3	128038373	rs10934853	3	127870060	rs2461794	0.87885
3	128038373	rs10934853	3	127870269	rs34749881	0.289233
3	128038373	rs10934853	3	127870929	rs10934849	0.429086
3	128038373	rs10934853	3	127871746	rs555464846	0.764186
3	128038373	rs10934853	3	127872175	rs11920225	0.429086
3	128038373	rs10934853	3	127872506	rs11711710	0.289233
3	128038373	rs10934853	3	127872602	rs11719546	0.289233
3	128038373	rs10934853	3	127872796	rs2999046	0.429086
3	128038373	rs10934853	3	127872901	rs376181797	0.115261
3	128038373	rs10934853	3	127874912	rs11709066	0.289233
3	128038373	rs10934853	3	127875374	rs11716941	0.289233
3	128038373	rs10934853	3	127877385	rs2492284	0.429086
3	128038373	rs10934853	3	127877756	rs2955114	0.429086
3	128038373	rs10934853	3	127878064	rs2955115	0.429086
3	128038373	rs10934853	3	127878330	rs2999047	0.429086
3	128038373	rs10934853	3	127878416	rs2999048	0.908431
3	128038373	rs10934853	3	127878817	rs2999049	0.87885
3	128038373	rs10934853	3	127878871	rs2811472	0.429086
3	128038373	rs10934853	3	127880179	rs139076049	0.171043
3	128038373	rs10934853	3	127880226	rs67575175	0.289233
3	128038373	rs10934853	3	127881568	rs13071740	0.289233
3	128038373	rs10934853	3	127881613	rs2955117	0.834705
3	128038373	rs10934853	3	127882064	rs2955118	0.908431
3	128038373	rs10934853	3	127882604	rs13077913	0.286657
3	128038373	rs10934853	3	127882658	rs13077790	0.289233
3	128038373	rs10934853	3	127882789	rs142685485	0.42726
3	128038373	rs10934853	3	127884937	rs2811473	0.326606
3	128038373	rs10934853	3	127885008	rs2687728	0.341855
3	128038373	rs10934853	3	127886957	rs10934850	0.289233
3	128038373	rs10934853	3	127888067	rs872267	0.913691
3	128038373	rs10934853	3	127888175	rs34409786	0.289233
3	128038373	rs10934853	3	127888347	rs2955120	0.913691
3	128038373	rs10934853	3	127888694	rs2687731	0.435109
3	128038373	rs10934853	3	127888978	rs2687732	0.435109
3	128038373	rs10934853	3	127889268	rs6148064	0.884104
3	128038373	rs10934853	3	127889287	rs3122173	0.88422
3	128038373	rs10934853	3	127889375	rs3122174	0.435109
3	128038373	rs10934853	3	127889404	rs2999051	0.501654
3	128038373	rs10934853	3	127889542	rs13067650	0.289233
3	128038373	rs10934853	3	127890749	rs2248668	0.435109
3	128038373	rs10934853	3	127891396	rs2955121	0.435109
3	128038373	rs10934853	3	127891991	rs11706455	0.289233
3	128038373	rs10934853	3	127892037	rs2999052	0.88422
3	128038373	rs10934853	3	127892851	rs2811474	0.388931
3	128038373	rs10934853	3	127893564	rs11715394	0.258227
3	128038373	rs10934853	3	127894294	rs11712798	0.289233
3	128038373	rs10934853	3	127895028	rs5852535	0.388257
3	128038373	rs10934853	3	127895226	rs2687729	0.88422
3	128038373	rs10934853	3	127895824	rs71615969	0.280912
3	128038373	rs10934853	3	127895824	rs71615969_2	0.343217
3	128038373	rs10934853	3	127895986	rs1554535	0.913691
3	128038373	rs10934853	3	127897383	rs66877401	0.435109
3	128038373	rs10934853	3	127898501	rs2811476	0.879547
3	128038373	rs10934853	3	127898533	rs2999053	0.435109
3	128038373	rs10934853	3	127898783	rs2811477	0.172495
3	128038373	rs10934853	3	127898942	rs34977128	0.879547
3	128038373	rs10934853	3	127899624	rs2811478	0.287374
3	128038373	rs10934853	3	127899986	rs2999054	0.435109
3	128038373	rs10934853	3	127900494	rs2999060	0.435109
3	128038373	rs10934853	3	127900522	rs2999055	0.435109
3	128038373	rs10934853	3	127901726	rs2955122	0.491779
3	128038373	rs10934853	3	127901786	rs2811479	0.88422
3	128038373	rs10934853	3	127902091	rs2811480	0.88422
3	128038373	rs10934853	3	127903522	rs2999056	0.435109
3	128038373	rs10934853	3	127903678	rs2955123	0.435109
3	128038373	rs10934853	3	127903966	rs35568074	0.435109
3	128038373	rs10934853	3	127904190	rs2811517	0.435109
3	128038373	rs10934853	3	127904496	rs2811481	0.88422
3	128038373	rs10934853	3	127904943	rs2811482	0.913691
3	128038373	rs10934853	3	127905451	rs2811516	0.88422
3	128038373	rs10934853	3	127905518	rs2811515	0.88422
3	128038373	rs10934853	3	127905648	rs2999059	0.435109
3	128038373	rs10934853	3	127907929	rs2811514	0.908431
3	128038373	rs10934853	3	127909564	rs2811513	0.88422
3	128038373	rs10934853	3	127909758	rs2999057	0.435109
3	128038373	rs10934853	3	127911820	rs2811512	0.908431
3	128038373	rs10934853	3	127912846	rs11412402	0.282927
3	128038373	rs10934853	3	127912988	rs2811511	0.289233
3	128038373	rs10934853	3	127913263	rs883238	0.898009
3	128038373	rs10934853	3	127913714	rs940061	0.435109
3	128038373	rs10934853	3	127913828	rs940062	0.435109
3	128038373	rs10934853	3	127914512	rs2811510	0.435109
3	128038373	rs10934853	3	127914673	rs2811483	0.435109
3	128038373	rs10934853	3	127914853	rs2811484	0.435109
3	128038373	rs10934853	3	127915457	rs2687730	0.289233
3	128038373	rs10934853	3	127916490	rs2955124	0.435109
3	128038373	rs10934853	3	127916551	rs2811509	0.88422
3	128038373	rs10934853	3	127918000	rs2492285	0.88422
3	128038373	rs10934853	3	127918955	rs2687720	0.913691
3	128038373	rs10934853	3	127919045	rs2687733	0.908576
3	128038373	rs10934853	3	127919046	rs2811485	0.908576
3	128038373	rs10934853	3	127919417	rs2140286	0.435109
3	128038373	rs10934853	3	127920023	rs2811508	0.879231
3	128038373	rs10934853	3	127920075	rs2811486	0.283096
3	128038373	rs10934853	3	127923187	rs6439119	0.879547
3	128038373	rs10934853	3	127923810	rs2999058	0.435109
3	128038373	rs10934853	3	127925192	rs2955125	0.435109
3	128038373	rs10934853	3	127926045	rs4362738	0.500793
3	128038373	rs10934853	3	127926254	rs2955126	0.283096
3	128038373	rs10934853	3	127926516	rs2955127	0.435109
3	128038373	rs10934853	3	127928277	rs2955128	0.435109
3	128038373	rs10934853	3	127929120	rs4293718	0.0934529
3	128038373	rs10934853	3	127929207	rs2955129	0.283096
3	128038373	rs10934853	3	127929996	rs73195213	0.172379
3	128038373	rs10934853	3	127930459	rs9838120	0.883561
3	128038373	rs10934853	3	127930866	rs7374072	0.883561
3	128038373	rs10934853	3	127931340	rs2999090	0.252386
3	128038373	rs10934853	3	127931402	rs7372439	0.883561
3	128038373	rs10934853	3	127933203	rs11707297	0.913265
3	128038373	rs10934853	3	127933786	rs4857871	0.883561
3	128038373	rs10934853	3	127933822	rs4857872	0.883561
3	128038373	rs10934853	3	127934218	rs4857873	0.88422
3	128038373	rs10934853	3	127934269	rs4857874	0.88422
3	128038373	rs10934853	3	127934276	rs4857875	0.88422
3	128038373	rs10934853	3	127934329	rs6770140	0.88422
3	128038373	rs10934853	3	127934774	rs4384971	0.888925
3	128038373	rs10934853	3	127935159	rs2999089	0.254453
3	128038373	rs10934853	3	127935461	rs6439121	0.88422
3	128038373	rs10934853	3	127936527	rs9879865	0.888925
3	128038373	rs10934853	3	127936532	rs9879866	0.888925
3	128038373	rs10934853	3	127937326	rs2254379	0.435109
3	128038373	rs10934853	3	127937645	rs9847576	0.888925
3	128038373	rs10934853	3	127937814	rs2955130	0.291104
3	128038373	rs10934853	3	127938137	rs9814834	0.888925
3	128038373	rs10934853	3	127938708	rs2811549	0.291104
3	128038373	rs10934853	3	127939034	rs9857235	0.888925
3	128038373	rs10934853	3	127939357	rs4323023	0.888925
3	128038373	rs10934853	3	127939444	rs2955131	0.435109
3	128038373	rs10934853	3	127940226	rs2955132	0.435109
3	128038373	rs10934853	3	127940353	rs9845651	0.888925
3	128038373	rs10934853	3	127940440	rs7372902	0.888925
3	128038373	rs10934853	3	127940534	rs6439122	0.883561
3	128038373	rs10934853	3	127941072	rs55775237	0.435109
3	128038373	rs10934853	3	127941439	rs6439123	0.888925
3	128038373	rs10934853	3	127941947	rs2999088	0.435109
3	128038373	rs10934853	3	127942379	rs9873786	0.918519
3	128038373	rs10934853	3	127942729	rs35277207	0.888925
3	128038373	rs10934853	3	127942825	rs560673066;rs34906893	0.807308
3	128038373	rs10934853	3	127943328	rs4857838	0.888925
3	128038373	rs10934853	3	127944477	rs6775988	0.888925
3	128038373	rs10934853	3	127945322	rs2955133	0.291104
3	128038373	rs10934853	3	127945349	rs6777054	0.888925
3	128038373	rs10934853	3	127946788	rs9830294	0.918519
3	128038373	rs10934853	3	127947032	rs2955134	0.435109
3	128038373	rs10934853	3	127948060	rs4857877	0.874551
3	128038373	rs10934853	3	127948149	rs4857878	0.888925
3	128038373	rs10934853	3	127948958	rs34834087	0.893966
3	128038373	rs10934853	3	127951248	rs2999086	0.291104
3	128038373	rs10934853	3	127951559	rs2999085	0.291104
3	128038373	rs10934853	3	127952488	rs2999084	0.291104
3	128038373	rs10934853	3	127952868	rs58135764	0.278964
3	128038373	rs10934853	3	127952919	rs6809833	0.291104
3	128038373	rs10934853	3	127953148	rs62271749	0.277438
3	128038373	rs10934853	3	127953969	rs12637873	0.277438
3	128038373	rs10934853	3	127954082	rs11412086	0.217959
3	128038373	rs10934853	3	127954324	rs11391389	0.284976
3	128038373	rs10934853	3	127954434	rs2999083	0.291104
3	128038373	rs10934853	3	127954708	rs61622539	0.284976
3	128038373	rs10934853	3	127954709	rs537537018	0.284976
3	128038373	rs10934853	3	127954710	rs56397996	0.291104
3	128038373	rs10934853	3	127954783	rs538297319	0.153743
3	128038373	rs10934853	3	127955425	rs56164812	0.50317
3	128038373	rs10934853	3	127956188	rs2999082	0.291104
3	128038373	rs10934853	3	127956272	rs2999081	0.291104
3	128038373	rs10934853	3	127956708	rs2999080	0.291104
3	128038373	rs10934853	3	127957232	rs2999079	0.291104
3	128038373	rs10934853	3	127958013	rs4074440	0.918519
3	128038373	rs10934853	3	127958414	rs2999077	0.284976
3	128038373	rs10934853	3	127958692	rs2999076	0.291104
3	128038373	rs10934853	3	127958869	rs2955077	0.291104
3	128038373	rs10934853	3	127959186	rs2955078	0.291104
3	128038373	rs10934853	3	127959824	rs2955079	0.291104
3	128038373	rs10934853	3	127959865	rs2955080	0.291104
3	128038373	rs10934853	3	127960209	rs2999074	0.291104
3	128038373	rs10934853	3	127960299	rs2955081	0.291104
3	128038373	rs10934853	3	127960334	rs2955082	0.291104
3	128038373	rs10934853	3	127961178	rs2955083	0.260042
3	128038373	rs10934853	3	127961305	rs2955084	0.172495
3	128038373	rs10934853	3	127961396	rs9843281	0.918519
3	128038373	rs10934853	3	127962329	rs2999073	0.291104
3	128038373	rs10934853	3	127962757	rs2955085	0.291104
3	128038373	rs10934853	3	127962876	rs2999072	0.291104
3	128038373	rs10934853	3	127963191	rs2955086	0.292391
3	128038373	rs10934853	3	127963192	rs56011843	0.18667
3	128038373	rs10934853	3	127963314	rs34606977	0.267308
3	128038373	rs10934853	3	127963448	rs13434079	0.918519
3	128038373	rs10934853	3	127963615	rs2999071	0.291104
3	128038373	rs10934853	3	127963710	rs2955088	0.291104
3	128038373	rs10934853	3	127964651	rs2999070	0.291104
3	128038373	rs10934853	3	127966791	rs17343355	0.265275
3	128038373	rs10934853	3	127969233	rs35811487	0.424454
3	128038373	rs10934853	3	127969330	rs2955089	0.291104
3	128038373	rs10934853	3	127969371	rs2955090	0.291104
3	128038373	rs10934853	3	127971361	rs2955091	0.291104
3	128038373	rs10934853	3	127971489	rs72104653	0.435109
3	128038373	rs10934853	3	127971609	rs2999069	0.291104
3	128038373	rs10934853	3	127972528	rs2955092	0.291104
3	128038373	rs10934853	3	127976912	rs10637017	0.291104
3	128038373	rs10934853	3	127976923	rs2955094	0.291104
3	128038373	rs10934853	3	127977665	rs2955095	0.291104
3	128038373	rs10934853	3	127977866	rs2955096	0.291104
3	128038373	rs10934853	3	127977978	rs2999068	0.291104
3	128038373	rs10934853	3	127978505	rs2955097	0.291104
3	128038373	rs10934853	3	127978531	rs2999067	0.291104
3	128038373	rs10934853	3	127978795	rs4555544	0.918519
3	128038373	rs10934853	3	127979501	rs2955098	0.291104
3	128038373	rs10934853	3	127979654	rs2955099	0.291104
3	128038373	rs10934853	3	127979821	rs59331462	0.250989
3	128038373	rs10934853	3	127980286	rs2999066	0.291104
3	128038373	rs10934853	3	127981438	rs2999065	0.291104
3	128038373	rs10934853	3	127983148	rs2811545	0.291104
3	128038373	rs10934853	3	127983209	rs2999035	0.435109
3	128038373	rs10934853	3	127983495	rs2811544	0.291104
3	128038373	rs10934853	3	127983796	rs2811543	0.291104
3	128038373	rs10934853	3	127983800	rs2811542	0.291104
3	128038373	rs10934853	3	127983996	rs56226498	0.291104
3	128038373	rs10934853	3	127984794	rs2811541	0.291104
3	128038373	rs10934853	3	127985569	rs2811540	0.291104
3	128038373	rs10934853	3	127986473	rs2811539	0.291104
3	128038373	rs10934853	3	127986631	rs2811538	0.291104
3	128038373	rs10934853	3	127987356	rs2811396	0.284976
3	128038373	rs10934853	3	127987867	rs2811400	0.291104
3	128038373	rs10934853	3	127987924	rs2811537	0.291104
3	128038373	rs10934853	3	127988075	rs62273567	0.281098
3	128038373	rs10934853	3	127988240	rs2999064	0.435109
3	128038373	rs10934853	3	127988919	rs2811536	0.291104
3	128038373	rs10934853	3	127991108	rs2811534	0.291104
3	128038373	rs10934853	3	127991149	rs2811413	0.722612
3	128038373	rs10934853	3	127991177	rs2811414	0.289233
3	128038373	rs10934853	3	127991527	rs2811415	0.142189
3	128038373	rs10934853	3	127991729	rs2811533	0.291104
3	128038373	rs10934853	3	127991938	rs2811416	0.260042
3	128038373	rs10934853	3	127992170	rs2811532	0.291104
3	128038373	rs10934853	3	127992495	rs2811531	0.291104
3	128038373	rs10934853	3	127993166	rs2811530	0.291104
3	128038373	rs10934853	3	127993325	rs2955100	0.291104
3	128038373	rs10934853	3	127993606	rs2999062	0.291104
3	128038373	rs10934853	3	127993623	rs2999061	0.291104
3	128038373	rs10934853	3	127994160	rs2811529	0.923382
3	128038373	rs10934853	3	127994436	rs2811528	0.291104
3	128038373	rs10934853	3	127994604	rs2811527	0.291104
3	128038373	rs10934853	3	127995718	rs2811526	0.291104
3	128038373	rs10934853	3	127997429	rs2811373	0.291104
3	128038373	rs10934853	3	127997912	rs2811381	0.291104
3	128038373	rs10934853	3	127999430	rs2811525	0.291104
3	128038373	rs10934853	3	127999955	rs2811524	0.291104
3	128038373	rs10934853	3	128000015	rs2811386	0.2903
3	128038373	rs10934853	3	128001367	rs7374952	0.291104
3	128038373	rs10934853	3	128001515	rs7374227	0.291104
3	128038373	rs10934853	3	128002850	rs6765233	0.291104
3	128038373	rs10934853	3	128004531	rs4593050	0.291104
3	128038373	rs10934853	3	128007466	rs6439124	0.291104
3	128038373	rs10934853	3	128008223	rs7373998	0.291104
3	128038373	rs10934853	3	128009612	rs2955101	0.291104
3	128038373	rs10934853	3	128011397	rs2811523	0.291104
3	128038373	rs10934853	3	128011423	rs2811522	0.291104
3	128038373	rs10934853	3	128012277	rs2811520	0.291104
3	128038373	rs10934853	3	128012876	rs2811519	0.291104
3	128038373	rs10934853	3	128013645	rs2811518	0.291104
3	128038373	rs10934853	3	128015178	rs2811387	0.291104
3	128038373	rs10934853	3	128015236	rs2955103	0.503321
3	128038373	rs10934853	3	128015501	rs11437851	0.291104
3	128038373	rs10934853	3	128016613	rs10634924	0.291104
3	128038373	rs10934853	3	128018447	rs2811388	0.287369
3	128038373	rs10934853	3	128019761	rs138164673	0.553448
3	128038373	rs10934853	3	128020701	rs2999036	0.287369
3	128038373	rs10934853	3	128021020	rs73197381	0.104752
3	128038373	rs10934853	3	128021362	rs2811389	0.253467
3	128038373	rs10934853	3	128021481	rs2811390	0.287369
3	128038373	rs10934853	3	128022368	rs2811391	0.287369
3	128038373	rs10934853	3	128023976	rs2811392	0.285528
3	128038373	rs10934853	3	128023999	rs2811393	0.289214
3	128038373	rs10934853	3	128025044	rs2037965	0.287369
3	128038373	rs10934853	3	128027237	rs2811397	0.287369
3	128038373	rs10934853	3	128029008	rs6805582	0.287369
3	128038373	rs10934853	3	128029204	rs6805621	0.289214
3	128038373	rs10934853	3	128030343	rs56287882	0.285528
3	128038373	rs10934853	3	128030474	rs73197383	0.285528
3	128038373	rs10934853	3	128031219	rs6794591	0.289214
3	128038373	rs10934853	3	128032540	rs16843876	0.289214
3	128038373	rs10934853	3	128032887	rs11706852	0.289214
3	128038373	rs10934853	3	128032991	rs11706826	0.289214
3	128038373	rs10934853	3	128033048	rs11706908	0.289214
3	128038373	rs10934853	3	128034535	rs6771646	0.289214
3	128038373	rs10934853	3	128036786	rs13095166	0.50406
3	128038373	rs10934853	3	128038373	rs10934853	1
3	128038373	rs10934853	3	128038689	rs12486127	0.50406
3	128038373	rs10934853	3	128038834	rs12486156	0.50406
3	128038373	rs10934853	3	128039895	rs11708733	0.0974777
3	128038373	rs10934853	3	128041830	rs56328893	0.285528
3	128038373	rs10934853	3	128042877	rs55925538	0.285528
3	128038373	rs10934853	3	128043004	rs55989768	0.289214
3	128038373	rs10934853	3	128043050	rs55675294	0.289214
3	128038373	rs10934853	3	128043920	rs73197388	0.285528
3	128038373	rs10934853	3	128044372	rs6772407	0.289214
3	128038373	rs10934853	3	128046134	rs59892046	0.289214
3	128038373	rs10934853	3	128046643	rs4857841	1
3	128038373	rs10934853	3	128047009	rs11710627	0.285528
3	128038373	rs10934853	3	128047236	rs11710704	0.285528
3	128038373	rs10934853	3	128048255	rs577323878	0.217754
3	128038373	rs10934853	3	128050614	rs11706304	0.285528
3	128038373	rs10934853	3	128053487	rs16844002	0.289214
3	128038373	rs10934853	3	128055663	rs59720273	0.289214
3	128038373	rs10934853	3	128056897	rs6798749	0.285528
3	128038373	rs10934853	3	128058617	rs3849531	0.994808
3	128038373	rs10934853	3	128059293	rs73201462	0.285528
3	128038373	rs10934853	3	128059610	rs1735558	0.501517
3	128038373	rs10934853	3	128061689	rs58986862	0.285528
3	128038373	rs10934853	3	128061922	rs56850662	0.285528
3	128038373	rs10934853	3	128062070	rs60399786	0.285528
3	128038373	rs10934853	3	128064118	rs4857879	0.527181
3	128038373	rs10934853	3	128064819	rs72021522	0.285528
3	128038373	rs10934853	3	128065313	rs57699322	0.289214
3	128038373	rs10934853	3	128065466	rs61044849	0.285528
3	128038373	rs10934853	3	128065815	rs57735707	0.285528
3	128038373	rs10934853	3	128067114	rs71618139	0.778289
3	128038373	rs10934853	3	128067275	rs11709611	0.285528
3	128038373	rs10934853	3	128067441	rs11721213	0.289214
3	128038373	rs10934853	3	128071809	rs1735549	0.712732
3	128038373	rs10934853	3	128072502	rs11711096	0.186638
3	128038373	rs10934853	3	128074452	rs5852542	0.216573
3	128038373	rs10934853	3	128075398	rs1735546	0.877572
3	128038373	rs10934853	3	128077558	rs12632366	0.280255
3	128038373	rs10934853	3	128077602	rs6785384	0.717204
3	128038373	rs10934853	3	128081260	rs1735545	0.717204
3	128038373	rs10934853	3	128083332	rs1702122	0.834572
3	128038373	rs10934853	3	128084164	rs4277707	0.412
3	128038373	rs10934853	3	128085090	rs1108313	0.282699
3	128038373	rs10934853	3	128092102	rs1735538	0.833516
3	128038373	rs10934853	3	128094493	rs1702119	0.838931
3	128038373	rs10934853	3	128095278	rs1702118	0.42278
3	128038373	rs10934853	3	128095652	rs3021461	0.692171
3	128038373	rs10934853	3	128095767	rs2977565	0.692171
3	128038373	rs10934853	3	128097496	rs2293947	0.183951
3	128038373	rs10934853	3	128103714	rs78360844	0.0974777
3	128038373	rs10934853	3	128104777	rs11721161	0.0974777
3	128038373	rs10934853	3	128105972	rs2999033	0.382287
3	128038373	rs10934853	3	128106267	rs2977562	0.719203
3	128038373	rs10934853	3	128106536	rs2977561	0.724426
3	128038373	rs10934853	3	128107020	rs7373685	0.719203
3	128038373	rs10934853	3	128107139	rs11720784	0.12615
3	128038373	rs10934853	3	128107982	rs1625296	0.709513
3	128038373	rs10934853	3	128109916	rs741925	0.374257
3	128038373	rs10934853	3	128109941	rs3887841	0.573118
3	128038373	rs10934853	3	128110390	rs1702131	0.378058
3	128038373	rs10934853	3	128110770	rs729847	0.573118
3	128038373	rs10934853	3	128111113	rs11709536	0.123253
3	128038373	rs10934853	3	128111174	rs4241495	0.709513
3	128038373	rs10934853	3	128111201	rs1702134	0.378058
3	128038373	rs10934853	3	128112307	rs1620440	0.378058
3	128038373	rs10934853	3	128113329	rs545773762	0.569808
3	128038373	rs10934853	3	128113829	rs2981017	0.26363
3	128038373	rs10934853	3	128114587	rs7632169	0.709513
3	128038373	rs10934853	3	128115381	rs1735527	0.386144
3	128038373	rs10934853	3	128115898	rs72977381	0.132179
3	128038373	rs10934853	3	128117573	rs1702153	0.36636
3	128038373	rs10934853	3	128117688	rs150206905	0.132179
3	128038373	rs10934853	3	128117952	rs199924802	0.114476
3	128038373	rs10934853	3	128118711	rs1702136	0.578247
3	128038373	rs10934853	3	128119565	rs760383	0.584931
3	128038373	rs10934853	3	128119874	rs11705709	0.119004
3	128038373	rs10934853	3	128120355	rs11705891	0.130653
3	128038373	rs10934853	3	128121395	rs11718942	0.123253
3	128038373	rs10934853	3	128121502	rs2999031	0.255371
3	128038373	rs10934853	3	128122039	rs6780368	0.371814
3	128038373	rs10934853	3	128122396	rs2659685	0.673337
3	128038373	rs10934853	3	128122539	rs113924139	0.574937
3	128038373	rs10934853	3	128122580	rs11715947	0.123253
3	128038373	rs10934853	3	128122820	rs1735537	0.551791
3	128038373	rs10934853	3	128123288	rs11717030	0.123253
3	128038373	rs10934853	3	128123786	rs2977564	0.257704
3	128038373	rs10934853	3	128125692	rs58233283	0.123253
3	128038373	rs10934853	3	128125718	rs60672471	0.139759
3	128038373	rs10934853	3	128125811	rs56882053	0.130653
3	128038373	rs10934853	3	128127805	rs7612413	0.124289
3	128038373	rs10934853	3	128128254	rs3828417	0.124289
3	128038373	rs10934853	3	128129040	rs59810826	0.124289
3	128038373	rs10934853	3	128133006	rs56299192	0.122836
3	128038373	rs10934853	3	128133108	rs2811366	0.149018
3	128038373	rs10934853	3	128134308	rs199585654	0.177709
3	128038373	rs10934853	3	128134310	rs10624871	0.177709
