CHR_A	BP_A	SNP_A	CHR_B	BP_B	SNP_B	R2
4	73855253	rs10009409	4	74249443	rs28821191	0.102346
4	73855253	rs10009409	4	74249795	rs13106620	0.102346
4	73855253	rs10009409	4	74254678	rs4364229	0.102375
4	73855253	rs10009409	4	74257792	rs34898621	0.102346
4	73855253	rs10009409	4	74266983	rs35335733	0.109592
4	73855253	rs10009409	4	74269645	rs3756067	0.109592
4	73855253	rs10009409	4	74282092	rs35807836	0.104316
4	73855253	rs10009409	4	74292407	rs16849364	0.0944581
4	73855253	rs10009409	4	74293387	rs16849366	0.0944581
4	74349158	rs1894292	4	74249443	rs28821191	0.156659
4	74349158	rs1894292	4	74249795	rs13106620	0.156659
4	74349158	rs1894292	4	74254678	rs4364229	0.154866
4	74349158	rs1894292	4	74257792	rs34898621	0.156659
4	74349158	rs1894292	4	74266983	rs35335733	0.346112
4	74349158	rs1894292	4	74269645	rs3756067	0.346112
4	74349158	rs1894292	4	74270424	rs10002897	0.141319
4	74349158	rs1894292	4	74280265	rs667	0.116436
4	74349158	rs1894292	4	74282092	rs35807836	0.344249
4	74349158	rs1894292	4	74284686	rs3926327	0.138093
4	74349158	rs1894292	4	74288714	rs12510553	0.116436
4	74349158	rs1894292	4	74292407	rs16849364	0.150521
4	74349158	rs1894292	4	74293387	rs16849366	0.150521
4	74349158	rs1894292	4	74300610	rs4446279	0.178667
4	74349158	rs1894292	4	74301675	rs6834059	0.178667
4	74349158	rs1894292	4	74303200	rs4640638	0.178667
4	74349158	rs1894292	4	74309472	rs3822100	0.182372
4	74349158	rs1894292	4	74314141	rs140343011	0.0933691
4	74349158	rs1894292	4	74322512	rs9784480	0.326201
4	74349158	rs1894292	4	74323312	rs12500723	0.240794
4	74349158	rs1894292	4	74324241	rs10001225	0.12628
4	74349158	rs1894292	4	74324883	rs5859374	0.184313
4	74349158	rs1894292	4	74326647	rs113573136	0.176906
4	74349158	rs1894292	4	74328806	rs11944130	0.304654
4	74349158	rs1894292	4	74330205	rs10938073	0.300176
4	74349158	rs1894292	4	74332222	rs13131508	0.216758
4	74349158	rs1894292	4	74332426	rs34619614	0.259942
4	74349158	rs1894292	4	74334371	rs11361783	0.254001
4	74349158	rs1894292	4	74337564	rs75754617	0.0966684
4	74349158	rs1894292	4	74338085	rs7439942	0.255864
4	74349158	rs1894292	4	74341811	rs10938075	0.259942
4	74349158	rs1894292	4	74343056	rs34400902	0.258885
4	74349158	rs1894292	4	74344535	rs16849461	0.349333
4	74349158	rs1894292	4	74344768	rs13124940	0.412299
4	74349158	rs1894292	4	74345939	rs13150405	0.361665
4	74349158	rs1894292	4	74346913	rs35680917	0.289445
4	74349158	rs1894292	4	74347771	rs3765639	0.330368
4	74349158	rs1894292	4	74349158	rs1894292	1
4	74349158	rs1894292	4	74349867	rs11939341	0.412299
4	74349158	rs1894292	4	74350816	rs16849484	0.330368
4	74349158	rs1894292	4	74352022	rs1894293	0.412299
4	74349158	rs1894292	4	74352916	rs2071098	0.330368
4	74349158	rs1894292	4	74354118	rs11346041	0.325185
4	74349158	rs1894292	4	74354632	rs13107306	0.330368
4	74349158	rs1894292	4	74355864	rs61495254	0.330368
4	74349158	rs1894292	4	74356138	rs33912811	0.412299
4	74349158	rs1894292	4	74356175	rs35858007	0.274973
4	74349158	rs1894292	4	74356600	rs10518116	0.203252
4	74349158	rs1894292	4	74357303	rs6852772	0.330368
4	74349158	rs1894292	4	74357851	rs11733262	0.412299
4	74349158	rs1894292	4	74358277	rs12510870	0.274973
4	74349158	rs1894292	4	74360642	rs10213305	0.408709
4	74349158	rs1894292	4	74361254	rs10212657	0.408709
4	74349158	rs1894292	4	74362091	rs11935001	0.408709
4	74349158	rs1894292	4	74362387	rs35233345	0.408709
4	74349158	rs1894292	4	74362504	rs34468776	0.408709
4	74349158	rs1894292	4	74363282	rs1158101	0.330368
4	74349158	rs1894292	4	74364458	rs16849508	0.330368
4	74349158	rs1894292	4	74364992	rs67050083	0.145601
4	74349158	rs1894292	4	74366103	rs535102491	0.326056
4	74349158	rs1894292	4	74367100	rs2040354	0.363135
4	74349158	rs1894292	4	74367706	rs1159624	0.319643
4	74349158	rs1894292	4	74369298	rs2071097	0.363135
4	74349158	rs1894292	4	74369406	rs12504448	0.363135
4	74349158	rs1894292	4	74369540	rs6852149	0.363135
4	74349158	rs1894292	4	74370957	rs6446937	0.363135
4	74349158	rs1894292	4	74371762	rs6446938	0.363135
4	74349158	rs1894292	4	74372330	rs34222489	0.363135
4	74349158	rs1894292	4	74372332	rs201676649	0.363135
4	74349158	rs1894292	4	74372754	rs4694168	0.289095
4	74349158	rs1894292	4	74372801	rs4235119	0.363135
4	74349158	rs1894292	4	74373060	rs4694170	0.261643
4	74349158	rs1894292	4	74373849	rs1358592	0.265731
4	74349158	rs1894292	4	74374174	rs1997332	0.363135
4	74349158	rs1894292	4	74374425	rs1997333	0.363135
4	74349158	rs1894292	4	74375374	rs10938077	0.363135
4	74349158	rs1894292	4	74375447	rs10938078	0.363135
4	74349158	rs1894292	4	74375473	rs10938079	0.363135
4	74349158	rs1894292	4	74375921	rs4267703	0.363135
4	74349158	rs1894292	4	74376022	rs4267704	0.363135
4	74349158	rs1894292	4	74376081	rs4267705	0.363135
4	74349158	rs1894292	4	74376680	rs2141465	0.363135
4	74349158	rs1894292	4	74376846	rs2178290	0.363135
4	74349158	rs1894292	4	74377305	rs6446939	0.293385
4	74349158	rs1894292	4	74377836	rs1919479	0.334203
4	74349158	rs1894292	4	74378422	rs13120998	0.273561
4	74349158	rs1894292	4	74379585	rs13103378	0.273561
4	74349158	rs1894292	4	74379938	rs10805065	0.273561
4	74349158	rs1894292	4	74380330	rs12510629	0.269396
4	74349158	rs1894292	4	74382503	rs4618279	0.334203
4	74349158	rs1894292	4	74382790	rs4694173	0.273561
4	74349158	rs1894292	4	74382990	rs4438732	0.273561
4	74349158	rs1894292	4	74383114	rs2204736	0.238386
4	74349158	rs1894292	4	74383129	rs4631010	0.273561
4	74349158	rs1894292	4	74384497	rs7676460	0.277623
4	74349158	rs1894292	4	74384761	rs2178292	0.277765
4	74349158	rs1894292	4	74384981	rs72647083	0.273561
4	74349158	rs1894292	4	74385090	rs2141470	0.329499
4	74349158	rs1894292	4	74385977	rs55904677	0.250873
4	74349158	rs1894292	4	74386212	rs56011127	0.273561
4	74349158	rs1894292	4	74387185	rs35489348	0.273561
4	74349158	rs1894292	4	74387770	rs34238679	0.273561
4	74349158	rs1894292	4	74388956	rs10028276	0.273561
4	74349158	rs1894292	4	74388990	rs56384466	0.273561
4	74349158	rs1894292	4	74389073	rs10028196	0.273561
4	74349158	rs1894292	4	74389749	rs1590115	0.334203
4	74349158	rs1894292	4	74389830	rs1590116	0.334203
4	74349158	rs1894292	4	74389980	rs35988516	0.23812
4	74349158	rs1894292	4	74390516	rs6446941	0.273561
4	74349158	rs1894292	4	74390976	rs1528924	0.273561
4	74349158	rs1894292	4	74394321	rs12508974	0.269396
4	74349158	rs1894292	4	74396579	rs10938085	0.269396
4	74349158	rs1894292	4	74396706	rs10938086	0.269396
4	74349158	rs1894292	4	74397154	rs13353732	0.329499
4	74349158	rs1894292	4	74399407	rs10016403	0.334203
4	74349158	rs1894292	4	74402790	rs4574378	0.329536
4	74349158	rs1894292	4	74403462	rs1881611	0.329499
4	74349158	rs1894292	4	74404245	rs1919469	0.334203
4	74349158	rs1894292	4	74406386	rs9990707	0.269244
4	74349158	rs1894292	4	74406715	rs10518115	0.236132
4	74349158	rs1894292	4	74407090	rs1569204	0.267667
4	74349158	rs1894292	4	74407716	rs11943798	0.334203
4	74349158	rs1894292	4	74408727	rs12643650	0.334203
4	74349158	rs1894292	4	74408840	rs12640883	0.273561
4	74349158	rs1894292	4	74409315	rs200231653	0.32673
4	74349158	rs1894292	4	74410033	rs66501353	0.250873
4	74349158	rs1894292	4	74410237	rs11728915	0.334203
4	74349158	rs1894292	4	74410378	rs6838329	0.234498
4	74349158	rs1894292	4	74410925	rs28838047	0.331358
4	74349158	rs1894292	4	74411253	rs7687216	0.267004
4	74349158	rs1894292	4	74411645	rs76238561	0.326677
4	74349158	rs1894292	4	74413589	rs3756073	0.266852
4	74349158	rs1894292	4	74414920	rs72649103	0.232015
4	74349158	rs1894292	4	74415221	rs72649104	0.247709
4	74349158	rs1894292	4	74416512	rs2091584	0.326689
4	74349158	rs1894292	4	74416876	rs150282463	0.76863
4	74349158	rs1894292	4	74417715	rs6819258	0.331358
4	74349158	rs1894292	4	74417852	rs13144631	0.232015
4	74349158	rs1894292	4	74417940	rs111896546	0.266852
4	74349158	rs1894292	4	74418557	rs148402954	0.32673
4	74349158	rs1894292	4	74418605	rs141009032	0.32673
4	74349158	rs1894292	4	74420719	rs76392383	0.331358
4	74349158	rs1894292	4	74420994	rs186172566	0.26246
4	74349158	rs1894292	4	74421077	rs150254826	0.123868
4	74349158	rs1894292	4	74422785	rs2103323	0.266852
4	74349158	rs1894292	4	74425579	rs535737527	0.201978
4	74349158	rs1894292	4	74425932	rs4694625	0.232015
4	74349158	rs1894292	4	74426173	rs10018058	0.20986
4	74349158	rs1894292	4	74426954	rs28696705	0.331358
4	74349158	rs1894292	4	74427291	rs35285757	0.195573
4	74349158	rs1894292	4	74427326	rs68076405	0.232015
4	74349158	rs1894292	4	74427805	rs11733767	0.331358
4	74349158	rs1894292	4	74432206	rs12510155	0.232015
4	74349158	rs1894292	4	74434440	rs13133747	0.220838
4	74349158	rs1894292	4	74434741	rs34832471	0.255505
4	74349158	rs1894292	4	74434973	rs144076834	0.216966
4	74349158	rs1894292	4	74435168	rs10938088	0.146452
4	74349158	rs1894292	4	74436926	rs13149172	0.146452
4	74349158	rs1894292	4	74437998	rs10004505	0.314717
4	74349158	rs1894292	4	74438273	rs76240938	0.104126
4	74349158	rs1894292	4	74438578	rs55783483	0.104126
4	74349158	rs1894292	4	74438988	rs9997572	0.314723
4	74349158	rs1894292	4	74440552	rs17838981	0.108304
4	74349158	rs1894292	4	74440784	rs10003721	0.11172
4	74349158	rs1894292	4	74441253	rs79496712	0.108304
4	74349158	rs1894292	4	74441786	rs3756068	0.102613
4	74349158	rs1894292	4	74443877	rs13135124	0.143448
4	74349158	rs1894292	4	74444355	rs34373374	0.0903582
4	74349158	rs1894292	4	74444859	rs79737874	0.108304
4	74349158	rs1894292	4	74445452	rs76663201	0.108304
4	74349158	rs1894292	4	74446508	rs11935023	0.288813
4	74349158	rs1894292	4	74446523	rs11930291	0.288813
4	74349158	rs1894292	4	74446658	rs7434831	0.310113
4	74349158	rs1894292	4	74446796	rs1247668	0.251119
4	74349158	rs1894292	4	74446822	rs5859378	0.251119
4	74349158	rs1894292	4	74447104	rs1745300	0.0998543
4	74349158	rs1894292	4	74447452	rs1247670	0.220838
4	74349158	rs1894292	4	74447492	rs2272427	0.108304
4	74349158	rs1894292	4	74447510	rs1247671	0.220838
4	74349158	rs1894292	4	74447800	rs2008288	0.255505
4	74349158	rs1894292	4	74448078	rs148589925	0.255505
4	74349158	rs1894292	4	74448134	rs141070355	0.255034
4	74349158	rs1894292	4	74448316	rs16849628	0.255343
4	74349158	rs1894292	4	74448351	rs16849629	0.255505
4	74349158	rs1894292	4	74448433	rs28407399	0.255505
4	74349158	rs1894292	4	74448561	rs66494307	0.255505
4	74349158	rs1894292	4	74448638	rs10020054	0.255505
4	74442349	rs17804499	4	74249443	rs28821191	0.0960187
4	74442349	rs17804499	4	74249795	rs13106620	0.0960187
4	74442349	rs17804499	4	74254678	rs4364229	0.0944487
4	74442349	rs17804499	4	74257792	rs34898621	0.0960187
4	74442349	rs17804499	4	74280265	rs667	0.0907771
4	74442349	rs17804499	4	74287831	rs34629607	0.649843
4	74442349	rs17804499	4	74288714	rs12510553	0.0907771
4	74442349	rs17804499	4	74292407	rs16849364	0.0973501
4	74442349	rs17804499	4	74293387	rs16849366	0.0973501
4	74442349	rs17804499	4	74300610	rs4446279	0.0975254
4	74442349	rs17804499	4	74301675	rs6834059	0.0975254
4	74442349	rs17804499	4	74303200	rs4640638	0.0975254
4	74442349	rs17804499	4	74309472	rs3822100	0.0975254
4	74442349	rs17804499	4	74323312	rs12500723	0.125696
4	74442349	rs17804499	4	74324241	rs10001225	0.0977506
4	74442349	rs17804499	4	74328348	rs35508161	0.737659
4	74442349	rs17804499	4	74328806	rs11944130	0.137274
4	74442349	rs17804499	4	74330205	rs10938073	0.13776
4	74442349	rs17804499	4	74332222	rs13131508	0.127756
4	74442349	rs17804499	4	74332426	rs34619614	0.14473
4	74442349	rs17804499	4	74334371	rs11361783	0.14705
4	74442349	rs17804499	4	74338085	rs7439942	0.145561
4	74442349	rs17804499	4	74341811	rs10938075	0.14473
4	74442349	rs17804499	4	74343056	rs34400902	0.147897
4	74442349	rs17804499	4	74344535	rs16849461	0.142146
4	74442349	rs17804499	4	74344768	rs13124940	0.161377
4	74442349	rs17804499	4	74345939	rs13150405	0.157203
4	74442349	rs17804499	4	74346913	rs35680917	0.129527
4	74442349	rs17804499	4	74347771	rs3765639	0.144625
4	74442349	rs17804499	4	74349867	rs11939341	0.161377
4	74442349	rs17804499	4	74350816	rs16849484	0.144625
4	74442349	rs17804499	4	74352022	rs1894293	0.161377
4	74442349	rs17804499	4	74352916	rs2071098	0.144625
4	74442349	rs17804499	4	74354118	rs11346041	0.143897
4	74442349	rs17804499	4	74354632	rs13107306	0.144625
4	74442349	rs17804499	4	74355864	rs61495254	0.144625
4	74442349	rs17804499	4	74356138	rs33912811	0.161377
4	74442349	rs17804499	4	74356175	rs35858007	0.156138
4	74442349	rs17804499	4	74356600	rs10518116	0.201212
4	74442349	rs17804499	4	74357303	rs6852772	0.144625
4	74442349	rs17804499	4	74357851	rs11733262	0.161377
4	74442349	rs17804499	4	74358277	rs12510870	0.156138
4	74442349	rs17804499	4	74360642	rs10213305	0.159343
4	74442349	rs17804499	4	74361254	rs10212657	0.159343
4	74442349	rs17804499	4	74362091	rs11935001	0.159343
4	74442349	rs17804499	4	74362387	rs35233345	0.159343
4	74442349	rs17804499	4	74362504	rs34468776	0.159343
4	74442349	rs17804499	4	74363282	rs1158101	0.144625
4	74442349	rs17804499	4	74364458	rs16849508	0.144625
4	74442349	rs17804499	4	74366103	rs535102491	0.122777
4	74442349	rs17804499	4	74367100	rs2040354	0.141037
4	74442349	rs17804499	4	74367706	rs1159624	0.138934
4	74442349	rs17804499	4	74369298	rs2071097	0.141037
4	74442349	rs17804499	4	74369406	rs12504448	0.141037
4	74442349	rs17804499	4	74369540	rs6852149	0.141037
4	74442349	rs17804499	4	74370957	rs6446937	0.141037
4	74442349	rs17804499	4	74371762	rs6446938	0.141037
4	74442349	rs17804499	4	74372330	rs34222489	0.141037
4	74442349	rs17804499	4	74372332	rs201676649	0.141037
4	74442349	rs17804499	4	74372801	rs4235119	0.141037
4	74442349	rs17804499	4	74373060	rs4694170	0.146235
4	74442349	rs17804499	4	74373849	rs1358592	0.145537
4	74442349	rs17804499	4	74374174	rs1997332	0.141037
4	74442349	rs17804499	4	74374425	rs1997333	0.141037
4	74442349	rs17804499	4	74375374	rs10938077	0.141037
4	74442349	rs17804499	4	74375447	rs10938078	0.141037
4	74442349	rs17804499	4	74375473	rs10938079	0.141037
4	74442349	rs17804499	4	74375921	rs4267703	0.141037
4	74442349	rs17804499	4	74376022	rs4267704	0.141037
4	74442349	rs17804499	4	74376081	rs4267705	0.141037
4	74442349	rs17804499	4	74376680	rs2141465	0.141037
4	74442349	rs17804499	4	74376846	rs2178290	0.141037
4	74442349	rs17804499	4	74377305	rs6446939	0.133072
4	74442349	rs17804499	4	74377836	rs1919479	0.134406
4	74442349	rs17804499	4	74378422	rs13120998	0.140452
4	74442349	rs17804499	4	74379585	rs13103378	0.140452
4	74442349	rs17804499	4	74379938	rs10805065	0.140452
4	74442349	rs17804499	4	74380330	rs12510629	0.134403
4	74442349	rs17804499	4	74382503	rs4618279	0.134406
4	74442349	rs17804499	4	74382790	rs4694173	0.140452
4	74442349	rs17804499	4	74382990	rs4438732	0.140452
4	74442349	rs17804499	4	74383114	rs2204736	0.141328
4	74442349	rs17804499	4	74383129	rs4631010	0.140452
4	74442349	rs17804499	4	74384497	rs7676460	0.139162
4	74442349	rs17804499	4	74384761	rs2178292	0.139805
4	74442349	rs17804499	4	74384981	rs72647083	0.140452
4	74442349	rs17804499	4	74385090	rs2141470	0.134967
4	74442349	rs17804499	4	74385977	rs55904677	0.152187
4	74442349	rs17804499	4	74386212	rs56011127	0.140452
4	74442349	rs17804499	4	74387185	rs35489348	0.140452
4	74442349	rs17804499	4	74387770	rs34238679	0.140452
4	74442349	rs17804499	4	74388956	rs10028276	0.140452
4	74442349	rs17804499	4	74388990	rs56384466	0.140452
4	74442349	rs17804499	4	74389073	rs10028196	0.140452
4	74442349	rs17804499	4	74389749	rs1590115	0.134406
4	74442349	rs17804499	4	74389830	rs1590116	0.134406
4	74442349	rs17804499	4	74389980	rs35988516	0.140592
4	74442349	rs17804499	4	74390516	rs6446941	0.140452
4	74442349	rs17804499	4	74390976	rs1528924	0.140452
4	74442349	rs17804499	4	74394321	rs12508974	0.141103
4	74442349	rs17804499	4	74395617	rs372469758	0.368682
4	74442349	rs17804499	4	74396579	rs10938085	0.141103
4	74442349	rs17804499	4	74396706	rs10938086	0.141103
4	74442349	rs17804499	4	74397154	rs13353732	0.134967
4	74442349	rs17804499	4	74399407	rs10016403	0.134406
4	74442349	rs17804499	4	74402790	rs4574378	0.133848
4	74442349	rs17804499	4	74403462	rs1881611	0.134967
4	74442349	rs17804499	4	74404245	rs1919469	0.134406
4	74442349	rs17804499	4	74406386	rs9990707	0.140452
4	74442349	rs17804499	4	74406715	rs10518115	0.139991
4	74442349	rs17804499	4	74407090	rs1569204	0.143037
4	74442349	rs17804499	4	74407716	rs11943798	0.134406
4	74442349	rs17804499	4	74408727	rs12643650	0.134406
4	74442349	rs17804499	4	74408840	rs12640883	0.140452
4	74442349	rs17804499	4	74409315	rs200231653	0.132147
4	74442349	rs17804499	4	74410033	rs66501353	0.152187
4	74442349	rs17804499	4	74410237	rs11728915	0.134406
4	74442349	rs17804499	4	74410378	rs6838329	0.142068
4	74442349	rs17804499	4	74410925	rs28838047	0.139214
4	74442349	rs17804499	4	74411253	rs7687216	0.146651
4	74442349	rs17804499	4	74411645	rs76238561	0.140346
4	74442349	rs17804499	4	74413589	rs3756073	0.145992
4	74442349	rs17804499	4	74414920	rs72649103	0.147016
4	74442349	rs17804499	4	74415221	rs72649104	0.157374
4	74442349	rs17804499	4	74416512	rs2091584	0.139778
4	74442349	rs17804499	4	74417715	rs6819258	0.139214
4	74442349	rs17804499	4	74417852	rs13144631	0.147016
4	74442349	rs17804499	4	74417940	rs111896546	0.145992
4	74442349	rs17804499	4	74418557	rs148402954	0.138653
4	74442349	rs17804499	4	74418605	rs141009032	0.138653
4	74442349	rs17804499	4	74420719	rs76392383	0.139214
4	74442349	rs17804499	4	74420994	rs186172566	0.145337
4	74442349	rs17804499	4	74422785	rs2103323	0.145992
4	74442349	rs17804499	4	74425579	rs535737527	0.105189
4	74442349	rs17804499	4	74425932	rs4694625	0.147016
4	74442349	rs17804499	4	74426954	rs28696705	0.139214
4	74442349	rs17804499	4	74427291	rs35285757	0.127212
4	74442349	rs17804499	4	74427326	rs68076405	0.147016
4	74442349	rs17804499	4	74427805	rs11733767	0.139214
4	74442349	rs17804499	4	74432206	rs12510155	0.147016
4	74442349	rs17804499	4	74434440	rs13133747	0.147021
4	74442349	rs17804499	4	74434741	rs34832471	0.146343
4	74442349	rs17804499	4	74434973	rs144076834	0.143377
4	74442349	rs17804499	4	74435168	rs10938088	0.102556
4	74442349	rs17804499	4	74436926	rs13149172	0.102556
4	74442349	rs17804499	4	74437998	rs10004505	0.139712
4	74442349	rs17804499	4	74438988	rs9997572	0.140293
4	74442349	rs17804499	4	74442349	rs17804499	1
4	74442349	rs17804499	4	74443877	rs13135124	0.102168
4	74442349	rs17804499	4	74446508	rs11935023	0.118033
4	74442349	rs17804499	4	74446523	rs11930291	0.118033
4	74442349	rs17804499	4	74446658	rs7434831	0.139134
4	74442349	rs17804499	4	74446796	rs1247668	0.145669
4	74442349	rs17804499	4	74446822	rs5859378	0.145669
4	74442349	rs17804499	4	74447104	rs1745300	0.104221
4	74442349	rs17804499	4	74447452	rs1247670	0.147021
4	74442349	rs17804499	4	74447510	rs1247671	0.147021
4	74442349	rs17804499	4	74447800	rs2008288	0.146343
4	74442349	rs17804499	4	74448078	rs148589925	0.146343
4	74442349	rs17804499	4	74448134	rs141070355	0.144334
4	74442349	rs17804499	4	74448316	rs16849628	0.145669
4	74442349	rs17804499	4	74448351	rs16849629	0.146343
4	74442349	rs17804499	4	74448433	rs28407399	0.146343
4	74442349	rs17804499	4	74448561	rs66494307	0.146343
4	74442349	rs17804499	4	74448638	rs10020054	0.146343
