CHR_A	BP_A	SNP_A	CHR_B	BP_B	SNP_B	R2
6	11219030	rs4713266	6	11121710	rs4711180	0.143367
6	11219030	rs4713266	6	11123698	rs10946967	0.17541
6	11219030	rs4713266	6	11126924	rs140774460	0.17541
6	11219030	rs4713266	6	11128299	rs10946968	0.17541
6	11219030	rs4713266	6	11131165	rs10484446	0.174893
6	11219030	rs4713266	6	11136257	rs12205389	0.17541
6	11219030	rs4713266	6	11146891	rs34698933	0.193662
6	11219030	rs4713266	6	11148116	rs75162478	0.189516
6	11219030	rs4713266	6	11148167	rs112728575	0.131004
6	11219030	rs4713266	6	11148438	rs9393950	0.189516
6	11219030	rs4713266	6	11148750	rs6922403	0.156477
6	11219030	rs4713266	6	11149203	rs9368594	0.156775
6	11219030	rs4713266	6	11150041	rs9393951	0.156477
6	11219030	rs4713266	6	11150179	rs140702530	0.156477
6	11219030	rs4713266	6	11150614	rs12212683	0.186739
6	11219030	rs4713266	6	11150788	rs28497509	0.189516
6	11219030	rs4713266	6	11151904	rs2146343	0.215854
6	11219030	rs4713266	6	11152262	rs5874308	0.148496
6	11219030	rs4713266	6	11152274	rs72825173	0.148496
6	11219030	rs4713266	6	11152696	rs9380115	0.151379
6	11219030	rs4713266	6	11152697	rs9366740	0.151379
6	11219030	rs4713266	6	11152769	rs9366741	0.152414
6	11219030	rs4713266	6	11153404	rs9380116	0.17084
6	11219030	rs4713266	6	11153633	rs7752029	0.0996089
6	11219030	rs4713266	6	11153852	rs7452101	0.152414
6	11219030	rs4713266	6	11155579	rs144736140	0.14288
6	11219030	rs4713266	6	11156017	rs6912366	0.248186
6	11219030	rs4713266	6	11156397	rs9295802	0.252217
6	11219030	rs4713266	6	11157025	rs2327337	0.209063
6	11219030	rs4713266	6	11157311	rs6938695	0.209063
6	11219030	rs4713266	6	11158215	rs7764922	0.209063
6	11219030	rs4713266	6	11158816	rs10946984	0.253246
6	11219030	rs4713266	6	11160255	rs7752248	0.209063
6	11219030	rs4713266	6	11160776	rs1540945	0.209063
6	11219030	rs4713266	6	11160851	rs5874309	0.20809
6	11219030	rs4713266	6	11161408	rs4713212	0.252217
6	11219030	rs4713266	6	11163660	rs36077054	0.206775
6	11219030	rs4713266	6	11164086	rs7743766	0.251966
6	11219030	rs4713266	6	11164179	rs7768860	0.248186
6	11219030	rs4713266	6	11164199	rs7745121	0.251966
6	11219030	rs4713266	6	11164347	rs12192217	0.253246
6	11219030	rs4713266	6	11166174	rs60615163	0.115018
6	11219030	rs4713266	6	11166610	rs4406221	0.463689
6	11219030	rs4713266	6	11166747	rs35640093	0.463131
6	11219030	rs4713266	6	11166765	rs9366744	0.463689
6	11219030	rs4713266	6	11166929	rs1160870	0.463689
6	11219030	rs4713266	6	11167111	rs2146346	0.463689
6	11219030	rs4713266	6	11167317	rs9393961	0.463689
6	11219030	rs4713266	6	11167381	rs9393962	0.463689
6	11219030	rs4713266	6	11167384	rs9380125	0.463689
6	11219030	rs4713266	6	11167481	rs9393963	0.463689
6	11219030	rs4713266	6	11167923	rs4713224	0.463689
6	11219030	rs4713266	6	11167995	rs4711188	0.463689
6	11219030	rs4713266	6	11168296	rs7766869	0.463689
6	11219030	rs4713266	6	11168376	rs4711189	0.463689
6	11219030	rs4713266	6	11168429	rs4713225	0.465816
6	11219030	rs4713266	6	11168512	rs4711190	0.463689
6	11219030	rs4713266	6	11168910	rs4363033	0.112875
6	11219030	rs4713266	6	11168975	rs1007742	0.463689
6	11219030	rs4713266	6	11169113	rs1570375	0.321818
6	11219030	rs4713266	6	11169117	rs1570376	0.28893
6	11219030	rs4713266	6	11169147	rs28408147	0.242469
6	11219030	rs4713266	6	11169358	rs62395456	0.260971
6	11219030	rs4713266	6	11170245	rs1570377	0.463689
6	11219030	rs4713266	6	11170339	rs1570378	0.465816
6	11219030	rs4713266	6	11170424	rs1467585	0.463689
6	11219030	rs4713266	6	11170620	rs1007247	0.463689
6	11219030	rs4713266	6	11171111	rs10946993	0.28893
6	11219030	rs4713266	6	11171163	rs12663441	0.105925
6	11219030	rs4713266	6	11171212	rs4711191	0.463689
6	11219030	rs4713266	6	11171359	rs12213813	0.321818
6	11219030	rs4713266	6	11171412	rs12212397	0.321818
6	11219030	rs4713266	6	11171492	rs9380126	0.121274
6	11219030	rs4713266	6	11171686	rs9393965	0.459791
6	11219030	rs4713266	6	11171697	rs9368602	0.459791
6	11219030	rs4713266	6	11171750	rs9393966	0.459791
6	11219030	rs4713266	6	11171764	rs9380127	0.459791
6	11219030	rs4713266	6	11171771	rs34067686	0.28893
6	11219030	rs4713266	6	11171887	rs9461525	0.463689
6	11219030	rs4713266	6	11171999	rs9461526	0.477731
6	11219030	rs4713266	6	11172054	rs9766378	0.477731
6	11219030	rs4713266	6	11172182	rs9348830	0.477731
6	11219030	rs4713266	6	11172308	rs9366746	0.477731
6	11219030	rs4713266	6	11172361	rs9357081	0.477731
6	11219030	rs4713266	6	11172457	rs6907887	0.477731
6	11219030	rs4713266	6	11172536	rs59242399	0.331132
6	11219030	rs4713266	6	11172556	rs9468535	0.477731
6	11219030	rs4713266	6	11172620	rs73435033	0.110341
6	11219030	rs4713266	6	11172645	rs6908272	0.477731
6	11219030	rs4713266	6	11172970	rs1467586	0.28893
6	11219030	rs4713266	6	11172983	rs10946996	0.266064
6	11219030	rs4713266	6	11173624	rs9380128	0.110341
6	11219030	rs4713266	6	11173734	rs79153222	0.110341
6	11219030	rs4713266	6	11173922	rs76664070	0.209645
6	11219030	rs4713266	6	11174092	rs9461527	0.262067
6	11219030	rs4713266	6	11174144	rs9461528	0.262067
6	11219030	rs4713266	6	11174278	rs55865817	0.261837
6	11219030	rs4713266	6	11174591	rs4552715	0.242469
6	11219030	rs4713266	6	11175129	rs6941667	0.261837
6	11219030	rs4713266	6	11175164	rs6925387	0.261837
6	11219030	rs4713266	6	11175222	rs6941861	0.261837
6	11219030	rs4713266	6	11175288	rs7775001	0.110341
6	11219030	rs4713266	6	11175386	rs6942217	0.286913
6	11219030	rs4713266	6	11175556	rs56181008	0.286913
6	11219030	rs4713266	6	11176614	rs9368604	0.101684
6	11219030	rs4713266	6	11176704	rs7743913	0.101684
6	11219030	rs4713266	6	11177324	rs12213689	0.209645
6	11219030	rs4713266	6	11178045	rs12194681	0.209645
6	11219030	rs4713266	6	11178282	rs10484448	0.209645
6	11219030	rs4713266	6	11178821	rs9380131	0.240175
6	11219030	rs4713266	6	11179419	rs4526180	0.0973025
6	11219030	rs4713266	6	11179441	rs4620101	0.0991192
6	11219030	rs4713266	6	11179589	rs4526181	0.0987262
6	11219030	rs4713266	6	11179597	rs4590257	0.0987262
6	11219030	rs4713266	6	11179610	rs9368607	0.259644
6	11219030	rs4713266	6	11179672	rs9295807	0.0987262
6	11219030	rs4713266	6	11179746	rs9283887	0.0987262
6	11219030	rs4713266	6	11180017	rs7764270	0.100949
6	11219030	rs4713266	6	11181365	rs73435051	0.110577
6	11219030	rs4713266	6	11181709	rs4711195	0.259644
6	11219030	rs4713266	6	11182711	rs62398276	0.259644
6	11219030	rs4713266	6	11183587	rs1044417	0.0995166
6	11219030	rs4713266	6	11183880	rs34467611	0.110577
6	11219030	rs4713266	6	11183903	rs1044411	0.259644
6	11219030	rs4713266	6	11183912	rs1044408	0.259644
6	11219030	rs4713266	6	11184090	rs1570372	0.0995166
6	11219030	rs4713266	6	11184801	rs12211539	0.208191
6	11219030	rs4713266	6	11185161	rs1908	0.208191
6	11219030	rs4713266	6	11185184	rs1911	0.110577
6	11219030	rs4713266	6	11185533	rs1050775	0.0950588
6	11219030	rs4713266	6	11186044	rs12193702	0.208191
6	11219030	rs4713266	6	11186131	rs6917006	0.249147
6	11219030	rs4713266	6	11186431	rs8180658	0.0981001
6	11219030	rs4713266	6	11186958	rs9366748	0.0981001
6	11219030	rs4713266	6	11187252	rs11759939	0.208191
6	11219030	rs4713266	6	11187364	rs564393095;rs35399791	0.0956428
6	11219030	rs4713266	6	11188153	rs2236348	0.248922
6	11219030	rs4713266	6	11188797	rs34220701	0.270707
6	11219030	rs4713266	6	11188939	rs6906952	0.270371
6	11219030	rs4713266	6	11189087	rs11751998	0.208191
6	11219030	rs4713266	6	11189218	rs10947002	0.208191
6	11219030	rs4713266	6	11189360	rs12199551	0.209171
6	11219030	rs4713266	6	11192905	rs6900296	0.184884
6	11219030	rs4713266	6	11193410	rs141854786	0.249714
6	11219030	rs4713266	6	11193597	rs139170448	0.254875
6	11219030	rs4713266	6	11193860	rs16871074	0.184884
6	11219030	rs4713266	6	11194242	rs12205037	0.254875
6	11219030	rs4713266	6	11194976	rs3798729	0.180141
6	11219030	rs4713266	6	11195061	rs3798730	0.184884
6	11219030	rs4713266	6	11197485	rs34890588;rs111388676	0.220843
6	11219030	rs4713266	6	11198814	rs11759513	0.227672
6	11219030	rs4713266	6	11199234	rs3798731	0.227672
6	11219030	rs4713266	6	11200164	rs34719056	0.333104
6	11219030	rs4713266	6	11200574	rs726230	0.236441
6	11219030	rs4713266	6	11200856	rs2034	0.240634
6	11219030	rs4713266	6	11201135	rs3798733	0.242576
6	11219030	rs4713266	6	11201157	rs3798734	0.242576
6	11219030	rs4713266	6	11201468	rs3798735	0.33802
6	11219030	rs4713266	6	11201527	rs3798736	0.242576
6	11219030	rs4713266	6	11201902	rs3778169	0.242374
6	11219030	rs4713266	6	11202061	rs71550761	0.28203
6	11219030	rs4713266	6	11202277	rs3834296	0.242374
6	11219030	rs4713266	6	11202357	rs2146342	0.341148
6	11219030	rs4713266	6	11202558	rs111868822	0.28203
6	11219030	rs4713266	6	11202562	rs116264686	0.28203
6	11219030	rs4713266	6	11202604	rs3756966	0.242374
6	11219030	rs4713266	6	11203025	rs9295813	0.242374
6	11219030	rs4713266	6	11203204	rs3798737	0.28048
6	11219030	rs4713266	6	11203342	rs3798738	0.28048
6	11219030	rs4713266	6	11204208	rs551189804;rs551189804;rs536289106	0.300172
6	11219030	rs4713266	6	11204516	rs4713247	0.138798
6	11219030	rs4713266	6	11204680	rs3778170	0.28048
6	11219030	rs4713266	6	11204750	rs10947017	0.28048
6	11219030	rs4713266	6	11204902	rs3778171	0.280174
6	11219030	rs4713266	6	11204971	rs4713249	0.454121
6	11219030	rs4713266	6	11205011	rs10947019	0.283592
6	11219030	rs4713266	6	11205012	rs10947020	0.283592
6	11219030	rs4713266	6	11205040	rs10947021	0.28048
6	11219030	rs4713266	6	11206113	rs12190858	0.28048
6	11219030	rs4713266	6	11207043	rs57111989	0.138798
6	11219030	rs4713266	6	11208357	rs10807059	0.278943
6	11219030	rs4713266	6	11208815	rs361521	0.377953
6	11219030	rs4713266	6	11208880	rs3102	0.28048
6	11219030	rs4713266	6	11210334	rs10947026	0.28048
6	11219030	rs4713266	6	11210999	rs147934321	0.0934584
6	11219030	rs4713266	6	11211053	rs74222359	0.387079
6	11219030	rs4713266	6	11211083	rs62395298	0.387366
6	11219030	rs4713266	6	11211099	rs3823016	0.459481
6	11219030	rs4713266	6	11211894	rs3798742	0.362748
6	11219030	rs4713266	6	11212754	rs6912916	0.242177
6	11219030	rs4713266	6	11212959	rs3798743	0.242374
6	11219030	rs4713266	6	11213347	rs6937575	0.242374
6	11219030	rs4713266	6	11213468	rs12215094	0.240634
6	11219030	rs4713266	6	11214216	rs9295823	0.171791
6	11219030	rs4713266	6	11216103	rs10484450	0.105066
6	11219030	rs4713266	6	11216279	rs9468656	0.189286
6	11219030	rs4713266	6	11216447	rs6917551	0.14081
6	11219030	rs4713266	6	11216700	rs9357087	0.189286
6	11219030	rs4713266	6	11216726	rs12200095	0.312946
6	11219030	rs4713266	6	11216977	rs2182335	0.373611
6	11219030	rs4713266	6	11217021	rs12215491	0.312946
6	11219030	rs4713266	6	11217073	rs1009666	0.106498
6	11219030	rs4713266	6	11217728	rs943007	0.144769
6	11219030	rs4713266	6	11217843	rs2018334	0.988125
6	11219030	rs4713266	6	11217876	rs729747	0.265844
6	11219030	rs4713266	6	11217897	rs2018336	0.258648
6	11219030	rs4713266	6	11218124	rs2327332	0.312946
6	11219030	rs4713266	6	11218161	rs10947036	0.312946
6	11219030	rs4713266	6	11218166	rs10947037	0.312946
6	11219030	rs4713266	6	11218541	rs12190771	0.312946
6	11219030	rs4713266	6	11218578	rs35407775	0.719377
6	11219030	rs4713266	6	11219030	rs4713266	1
6	11219030	rs4713266	6	11219420	rs3734405	0.300996
6	11219030	rs4713266	6	11220417	rs6457107	0.138944
6	11219030	rs4713266	6	11221167	rs71548533	0.114187
6	11219030	rs4713266	6	11221339	rs67172221	0.114187
6	11219030	rs4713266	6	11221615	rs35887409	0.0977111
6	11219030	rs4713266	6	11224111	rs2025677	0.146733
6	11219030	rs4713266	6	11224677	rs73437357	0.0995838
6	11219030	rs4713266	6	11224713	rs7769369	0.125681
6	11219030	rs4713266	6	11225013	rs2025678	0.147742
6	11219030	rs4713266	6	11225795	rs7740424	0.158419
6	11219030	rs4713266	6	11226029	rs7755280	0.244273
6	11219030	rs4713266	6	11226300	rs7755778	0.217202
6	11219030	rs4713266	6	11226848	rs61589208	0.244273
6	11219030	rs4713266	6	11227246	rs6457130	0.244326
6	11219030	rs4713266	6	11227328	rs6457131	0.244273
6	11219030	rs4713266	6	11228655	rs142987640	0.126611
6	11219030	rs4713266	6	11228657	rs13212654	0.129428
6	11219030	rs4713266	6	11228983	rs6915822	0.112545
6	11219030	rs4713266	6	11229497	rs9366751	0.109154
6	11219030	rs4713266	6	11229953	rs11970705	0.124954
6	11219030	rs4713266	6	11230882	rs140086774	0.129167
6	11219030	rs4713266	6	11231112	rs16871124	0.104292
6	11219030	rs4713266	6	11232588	rs3215815	0.124714
6	11219030	rs4713266	6	11233375	rs151103358	0.193818
6	11219030	rs4713266	6	11234035	rs9380152	0.125968
6	11219030	rs4713266	6	11234164	rs6933985	0.271867
6	11219030	rs4713266	6	11234945	rs140513398	0.308173
6	11219030	rs4713266	6	11236678	rs9368621	0.108763
