CHR_A	BP_A	SNP_A	CHR_B	BP_B	SNP_B	R2
7	27591214	rs200362064	7	27877537	rs10281008	0.147881
7	27591214	rs200362064	7	27878077	rs1859328	0.296316
7	27591214	rs200362064	7	27879473	rs6972821	0.185785
7	27591214	rs200362064	7	27881726	rs7780044	0.105649
7	27591214	rs200362064	7	27882220	rs60426718	0.145163
7	27591214	rs200362064	7	27882550	rs73075375	0.145163
7	27591214	rs200362064	7	27882794	rs6971813	0.185785
7	27591214	rs200362064	7	27882908	rs73075378	0.145163
7	27591214	rs200362064	7	27884228	rs2285930	0.105649
7	27591214	rs200362064	7	27884237	rs2285931	0.212093
7	27591214	rs200362064	7	27884894	rs12112769	0.103202
7	27591214	rs200362064	7	27885277	rs78700529	0.137747
7	27591214	rs200362064	7	27885330	rs532325830;rs113586063	0.177583
7	27591214	rs200362064	7	27885358	rs11974252	0.105649
7	27591214	rs200362064	7	27885931	rs73075383	0.149671
7	27591214	rs200362064	7	27885969	rs74847888	0.179872
7	27591214	rs200362064	7	27886384	rs6462055	0.11898
7	27591214	rs200362064	7	27886417	rs144014960	0.149671
7	27591214	rs200362064	7	27887385	rs10951184	0.179872
7	27591214	rs200362064	7	27889371	rs565758950	0.211356
7	27591214	rs200362064	7	27890947	rs17155943	0.181558
7	27591214	rs200362064	7	27891525	rs76744056	0.149671
7	27591214	rs200362064	7	27891680	rs62451077	0.181558
7	27591214	rs200362064	7	27891896	rs62451078	0.209875
7	27591214	rs200362064	7	27891913	rs138313223	0.149671
7	27591214	rs200362064	7	27892144	rs62451079	0.177338
7	27591214	rs200362064	7	27892416	rs17155950	0.195754
7	27591214	rs200362064	7	27892700	rs73083352	0.145163
7	27591214	rs200362064	7	27893086	rs28432782	0.184182
7	27591214	rs200362064	7	27893603	rs28805873	0.127886
7	27591214	rs200362064	7	27893672	rs148753451	0.183432
7	27591214	rs200362064	7	27894157	rs7797888	0.127886
7	27591214	rs200362064	7	27894577	rs117075832	0.14045
7	27591214	rs200362064	7	27894852	rs13237769	0.168732
7	27591214	rs200362064	7	27895363	rs150225600	0.14045
7	27591214	rs200362064	7	27895414	rs10245536	0.10631
7	27591214	rs200362064	7	27895886	rs3940270	0.181296
7	27591214	rs200362064	7	27896035	rs112574361	0.168732
7	27591214	rs200362064	7	27896446	rs13224500	0.168732
7	27591214	rs200362064	7	27896916	rs4455744	0.168732
7	27591214	rs200362064	7	27896945	rs144462643	0.139263
7	27591214	rs200362064	7	27897110	rs10228505	0.10631
7	27591214	rs200362064	7	27900493	rs139753712	0.162968
7	27591214	rs200362064	7	27900596	rs6462058	0.244399
7	27591214	rs200362064	7	27900640	rs73083361	0.138537
7	27591214	rs200362064	7	27901041	rs57088391	0.157199
7	27591214	rs200362064	7	27902124	rs35808957	0.157826
7	27591214	rs200362064	7	27902404	rs6963753	0.157826
7	27591214	rs200362064	7	27902935	rs73083363	0.138537
7	27591214	rs200362064	7	27903096	rs73083364	0.138537
7	27591214	rs200362064	7	27903378	rs35971552	0.160437
7	27591214	rs200362064	7	27903659	rs17155954	0.172538
7	27591214	rs200362064	7	27903830	rs17692895	0.124567
7	27591214	rs200362064	7	27903978	rs12531244	0.157826
7	27591214	rs200362064	7	27904259	rs10257676	0.118866
7	27591214	rs200362064	7	27904316	rs17150570	0.166459
7	27591214	rs200362064	7	27904523	rs12531907	0.157826
7	27591214	rs200362064	7	27904823	rs12537135	0.16317
7	27591214	rs200362064	7	27905732	rs75969001	0.138537
7	27591214	rs200362064	7	27906711	rs73083371	0.138537
7	27591214	rs200362064	7	27906983	rs16874393	0.166459
7	27591214	rs200362064	7	27907164	rs16874395	0.186256
7	27591214	rs200362064	7	27907572	rs11761905	0.281787
7	27591214	rs200362064	7	27907894	rs12700847	0.157199
7	27591214	rs200362064	7	27907998	rs12700848	0.172538
7	27591214	rs200362064	7	27908905	rs59342173	0.16252
7	27591214	rs200362064	7	27909001	rs10951186	0.16252
7	27591214	rs200362064	7	27909037	rs735664	0.486071
7	27591214	rs200362064	7	27909578	rs117170429	0.138537
7	27591214	rs200362064	7	27909738	rs59454110	0.164936
7	27591214	rs200362064	7	27909851	rs73083377	0.138537
7	27591214	rs200362064	7	27910251	rs57246973	0.164936
7	27591214	rs200362064	7	27910566	rs73083378	0.138537
7	27591214	rs200362064	7	27910695	rs58753113	0.164936
7	27591214	rs200362064	7	27911353	rs77259363	0.1388
7	27591214	rs200362064	7	27911559	rs34015232	0.172344
7	27591214	rs200362064	7	27912122	rs12154776	0.177685
7	27591214	rs200362064	7	27912124	rs58721791	0.106963
7	27591214	rs200362064	7	27912757	rs17155969	0.111446
7	27591214	rs200362064	7	27913060	rs739898	0.152311
7	27591214	rs200362064	7	27914104	rs17155971	0.102069
7	27591214	rs200362064	7	27914584	rs34802262	0.207835
7	27591214	rs200362064	7	27916218	rs720659	0.151908
7	27591214	rs200362064	7	27917094	rs7789880	0.12196
7	27591214	rs200362064	7	27917884	rs6943712	0.165015
7	27591214	rs200362064	7	27917992	rs10645898	0.19853
7	27591214	rs200362064	7	27918229	rs10266923	0.296631
7	27591214	rs200362064	7	27918415	rs720437	0.165015
7	27591214	rs200362064	7	27921286	rs11769484	0.128838
7	27591214	rs200362064	7	27924602	rs9655275	0.107866
7	27591214	rs200362064	7	27925158	rs6961731	0.176013
7	27591214	rs200362064	7	27925645	rs10225163	0.10108
7	27591214	rs200362064	7	27929380	rs62451084	0.105408
7	27591214	rs200362064	7	27929415	rs2158387	0.0984601
7	27591214	rs200362064	7	27929456	rs2107412	0.0984601
7	27591214	rs200362064	7	27931416	rs73083396	0.0930952
7	27591214	rs200362064	7	27932076	rs10244184	0.0987321
7	27591214	rs200362064	7	27932193	rs214	0.0930952
7	27591214	rs200362064	7	27933856	rs62451112	0.116189
7	27591214	rs200362064	7	27936709	rs12668668	0.0941623
7	27591214	rs200362064	7	27937203	rs12666442	0.0903458
7	27591214	rs200362064	7	27937267	rs12666447	0.0903458
7	27591214	rs200362064	7	27938980	rs62451116	0.0903458
7	27591214	rs200362064	7	27939885	rs72598551	0.0903458
7	27591214	rs200362064	7	27939961	rs72598552	0.0903458
7	27591214	rs200362064	7	27941280	rs11345518	0.0903458
7	27591214	rs200362064	7	27942958	rs12535525	0.192586
7	27976563	rs10486567	7	27878263	rs113204305	0.137832
7	27976563	rs10486567	7	27879473	rs6972821	0.226936
7	27976563	rs10486567	7	27881726	rs7780044	0.162139
7	27976563	rs10486567	7	27882794	rs6971813	0.226936
7	27976563	rs10486567	7	27884228	rs2285930	0.162139
7	27976563	rs10486567	7	27884237	rs2285931	0.238522
7	27976563	rs10486567	7	27884894	rs12112769	0.165445
7	27976563	rs10486567	7	27885277	rs78700529	0.206799
7	27976563	rs10486567	7	27885330	rs532325830;rs113586063	0.208539
7	27976563	rs10486567	7	27885358	rs11974252	0.162139
7	27976563	rs10486567	7	27885969	rs74847888	0.224939
7	27976563	rs10486567	7	27886384	rs6462055	0.157392
7	27976563	rs10486567	7	27887385	rs10951184	0.224939
7	27976563	rs10486567	7	27887806	rs11981857	0.117203
7	27976563	rs10486567	7	27888014	rs11981911	0.117773
7	27976563	rs10486567	7	27889371	rs565758950	0.161806
7	27976563	rs10486567	7	27890947	rs17155943	0.243109
7	27976563	rs10486567	7	27891680	rs62451077	0.243109
7	27976563	rs10486567	7	27892144	rs62451079	0.240658
7	27976563	rs10486567	7	27892416	rs17155950	0.246993
7	27976563	rs10486567	7	27893672	rs148753451	0.262764
7	27976563	rs10486567	7	27895886	rs3940270	0.257843
7	27976563	rs10486567	7	27900493	rs139753712	0.252713
7	27976563	rs10486567	7	27904316	rs17150570	0.250337
7	27976563	rs10486567	7	27906983	rs16874393	0.250337
7	27976563	rs10486567	7	27907164	rs16874395	0.26288
7	27976563	rs10486567	7	27909738	rs59454110	0.255475
7	27976563	rs10486567	7	27910251	rs57246973	0.255475
7	27976563	rs10486567	7	27910695	rs58753113	0.255475
7	27976563	rs10486567	7	27912124	rs58721791	0.201678
7	27976563	rs10486567	7	27912757	rs17155969	0.203204
7	27976563	rs10486567	7	27914104	rs17155971	0.201494
7	27976563	rs10486567	7	27914839	rs739899	0.114847
7	27976563	rs10486567	7	27916040	rs2214561	0.327199
7	27976563	rs10486567	7	27916773	rs79313536	0.341847
7	27976563	rs10486567	7	27917744	rs17150572	0.342679
7	27976563	rs10486567	7	27917992	rs10645898	0.327941
7	27976563	rs10486567	7	27918199	rs10452749	0.341847
7	27976563	rs10486567	7	27918229	rs10266923	0.100404
7	27976563	rs10486567	7	27920112	rs142433970	0.346182
7	27976563	rs10486567	7	27920115	rs139977249	0.342938
7	27976563	rs10486567	7	27920807	rs10464330	0.346182
7	27976563	rs10486567	7	27928374	rs73083392	0.286666
7	27976563	rs10486567	7	27929030	rs10231578	0.0912958
7	27976563	rs10486567	7	27929316	rs62451083	0.333302
7	27976563	rs10486567	7	27929334	rs72598542	0.331335
7	27976563	rs10486567	7	27929380	rs62451084	0.538745
7	27976563	rs10486567	7	27930486	rs11984440	0.527346
7	27976563	rs10486567	7	27933232	rs4719913	0.108548
7	27976563	rs10486567	7	27933856	rs62451112	0.622952
7	27976563	rs10486567	7	27934475	rs79589031	0.206099
7	27976563	rs10486567	7	27935862	rs216	0.146067
7	27976563	rs10486567	7	27936206	rs916855	0.146067
7	27976563	rs10486567	7	27936243	rs916856	0.146067
7	27976563	rs10486567	7	27936264	rs916857	0.146067
7	27976563	rs10486567	7	27936620	rs190	0.146067
7	27976563	rs10486567	7	27936709	rs12668668	0.719269
7	27976563	rs10486567	7	27936737	rs188	0.146067
7	27976563	rs10486567	7	27937092	rs17621310	0.147747
7	27976563	rs10486567	7	27937136	rs149468770	0.147747
7	27976563	rs10486567	7	27937203	rs12666442	0.730341
7	27976563	rs10486567	7	27937267	rs12666447	0.730341
7	27976563	rs10486567	7	27937355	rs1055445	0.147747
7	27976563	rs10486567	7	27937545	rs220	0.146932
7	27976563	rs10486567	7	27938980	rs62451116	0.730341
7	27976563	rs10486567	7	27939525	rs189	0.0977893
7	27976563	rs10486567	7	27939885	rs72598551	0.730341
7	27976563	rs10486567	7	27939961	rs72598552	0.730341
7	27976563	rs10486567	7	27941280	rs11345518	0.730341
7	27976563	rs10486567	7	27942205	rs12669526	0.0917023
7	27976563	rs10486567	7	27942357	rs62451117	0.725237
7	27976563	rs10486567	7	27942634	rs570331890	0.132214
7	27976563	rs10486567	7	27942958	rs12535525	0.22249
7	27976563	rs10486567	7	27943679	rs192	0.0917023
7	27976563	rs10486567	7	27943809	rs193	0.0917023
7	27976563	rs10486567	7	27944019	rs194	0.0917023
7	27976563	rs10486567	7	27944270	rs4719914	0.0917023
7	27976563	rs10486567	7	27944280	rs11430410	0.0917023
7	27976563	rs10486567	7	27944359	rs34043865	0.092402
7	27976563	rs10486567	7	27944385	rs195	0.103827
7	27976563	rs10486567	7	27944536	rs146243866	0.129986
7	27976563	rs10486567	7	27944755	rs10706114	0.0917023
7	27976563	rs10486567	7	27944951	rs5883107	0.0920706
7	27976563	rs10486567	7	27945878	rs196	0.0901625
7	27976563	rs10486567	7	27947599	rs203	0.104503
7	27976563	rs10486567	7	27948956	rs202	0.104503
7	27976563	rs10486567	7	27949495	rs204	0.0917023
7	27976563	rs10486567	7	27950452	rs17156005	0.111138
7	27976563	rs10486567	7	27950760	rs9791862	0.72328
7	27976563	rs10486567	7	27950762	rs206	0.104503
7	27976563	rs10486567	7	27951021	rs217	0.322061
7	27976563	rs10486567	7	27952629	rs209	0.108519
7	27976563	rs10486567	7	27953035	rs210	0.113359
7	27976563	rs10486567	7	27953364	rs79603145	0.831046
7	27976563	rs10486567	7	27953981	rs10275982	0.111792
7	27976563	rs10486567	7	27955688	rs67583972	0.0970448
7	27976563	rs10486567	7	27958773	rs2040668	0.797993
7	27976563	rs10486567	7	27961286	rs35135622	0.117275
7	27976563	rs10486567	7	27962103	rs150160645	0.831046
7	27976563	rs10486567	7	27962293	rs11411348	0.11434
7	27976563	rs10486567	7	27962929	rs7791093	0.202604
7	27976563	rs10486567	7	27966262	rs7787576	0.219477
7	27976563	rs10486567	7	27966984	rs6968704	0.664728
7	27976563	rs10486567	7	27968193	rs2040666	0.122894
7	27976563	rs10486567	7	27969894	rs9801472	0.122894
7	27976563	rs10486567	7	27970153	rs10239787	0.150836
7	27976563	rs10486567	7	27970453	rs2189035	0.400897
7	27976563	rs10486567	7	27970454	rs2189036	0.114738
7	27976563	rs10486567	7	27971253	rs147005649	0.920183
7	27976563	rs10486567	7	27971356	rs34118973	0.120661
7	27976563	rs10486567	7	27972593	rs4722745	0.148808
7	27976563	rs10486567	7	27973520	rs7783465	0.122894
7	27976563	rs10486567	7	27974243	rs28507096	0.150836
7	27976563	rs10486567	7	27975140	rs34269971	0.120661
7	27976563	rs10486567	7	27975745	rs17156041	0.915113
7	27976563	rs10486567	7	27975919	rs67152137	1
7	27976563	rs10486567	7	27976563	rs10486567	1
7	27976563	rs10486567	7	27976715	rs3919460	0.12114
7	27976563	rs10486567	7	27977363	rs7808935	0.994492
7	27976563	rs10486567	7	27978424	rs34309929	0.123161
7	27976563	rs10486567	7	27981478	rs28566774	0.143406
7	27976563	rs10486567	7	27983781	rs11982766	0.909799
7	27976563	rs10486567	7	27984761	rs7776864	0.139602
7	27976563	rs10486567	7	27985524	rs67746093	0.909799
7	27976563	rs10486567	7	27985651	rs67716336	0.118919
7	27976563	rs10486567	7	27985867	rs11971132	0.909799
7	27976563	rs10486567	7	27986297	rs68104887	0.118919
7	27976563	rs10486567	7	27986773	rs10951188	0.184118
7	27976563	rs10486567	7	27987582	rs11760913	0.301224
7	27976563	rs10486567	7	27988862	rs10244948	0.184929
7	27976563	rs10486567	7	27988939	rs757136	0.909799
7	27976563	rs10486567	7	27989343	rs757137	0.818847
7	27976563	rs10486567	7	27989403	rs757138	0.818847
7	27976563	rs10486567	7	27989768	rs739704	0.742808
7	27976563	rs10486567	7	27989862	rs4722747	0.122418
7	27976563	rs10486567	7	27990391	rs17622746	0.122894
7	27976563	rs10486567	7	27990722	rs10282662	0.184118
7	27976563	rs10486567	7	27992390	rs10807843	0.909799
7	27976563	rs10486567	7	27992551	rs73086934	0.369041
7	27976563	rs10486567	7	27992659	rs17622806	0.122894
7	27976563	rs10486567	7	27993311	rs10248465	0.184118
7	27976563	rs10486567	7	27994378	rs144853300	0.181743
7	27976563	rs10486567	7	27994847	rs1557780	0.181743
7	27976563	rs10486567	7	27996570	rs17156085	0.243987
7	27976563	rs10486567	7	27997214	rs6969285	0.568536
7	27976563	rs10486567	7	27999156	rs17695685	0.0963922
7	27976563	rs10486567	7	27999362	rs111393778	0.552564
7	27976563	rs10486567	7	28003516	rs4722748	0.249761
7	27976563	rs10486567	7	28004953	rs72598569	0.548628
7	27976563	rs10486567	7	28005988	rs12671866	0.548628
7	27976563	rs10486567	7	28009233	rs2106922	0.0950833
7	27976563	rs10486567	7	28009291	rs72598573	0.548628
7	27976563	rs10486567	7	28009418	rs34389716	0.0963922
7	27976563	rs10486567	7	28009981	rs253310	0.548628
7	27976563	rs10486567	7	28012571	rs35079442	0.0981218
7	27976563	rs10486567	7	28012873	rs38500	0.430553
7	27976563	rs10486567	7	28013603	rs6966465	0.130906
7	27976563	rs10486567	7	28014506	rs11351713	0.34843
7	27976563	rs10486567	7	28014675	rs38502	0.526423
7	27976563	rs10486567	7	28014731	rs2107821	0.526423
7	27976563	rs10486567	7	28014734	rs2107822	0.526423
7	27976563	rs10486567	7	28016334	rs38504	0.518891
7	27976563	rs10486567	7	28017263	rs763896	0.136844
7	27976563	rs10486567	7	28018952	rs9648343	0.135607
7	27976563	rs10486567	7	28021193	rs38507	0.526423
7	27976563	rs10486567	7	28022011	rs34079332	0.131093
7	27976563	rs10486567	7	28022296	rs34714526	0.137763
7	27976563	rs10486567	7	28023364	rs38509	0.187674
7	27976563	rs10486567	7	28024330	rs38510	0.475086
7	27976563	rs10486567	7	28024629	rs38511	0.475086
7	27976563	rs10486567	7	28025308	rs7384844	0.136235
7	27976563	rs10486567	7	28025879	rs36199538	0.131093
7	27976563	rs10486567	7	28026271	rs113046507	0.187674
7	27976563	rs10486567	7	28026355	rs12216542	0.534251
7	27976563	rs10486567	7	28027175	rs2391492	0.132567
7	27976563	rs10486567	7	28027231	rs192254	0.475086
7	27976563	rs10486567	7	28028227	rs38513	0.470886
7	27976563	rs10486567	7	28028432	rs38514	0.475086
7	27976563	rs10486567	7	28028486	rs3857729	0.132567
7	27976563	rs10486567	7	28028721	rs38515	0.470886
7	27976563	rs10486567	7	28028770	rs11761628	0.132567
7	27976563	rs10486567	7	28029894	rs38516	0.526423
7	27976563	rs10486567	7	28030061	rs35587148	0.185477
7	27976563	rs10486567	7	28030486	rs38517	0.53125
7	27976563	rs10486567	7	28031275	rs76731738	0.123056
7	27976563	rs10486567	7	28032942	rs6956423	0.191365
7	27976563	rs10486567	7	28034067	rs38518	0.26339
7	27976563	rs10486567	7	28034091	rs7459346	0.0928566
7	27976563	rs10486567	7	28037886	rs38519	0.187334
7	27976563	rs10486567	7	28038082	rs38521	0.187334
7	27976563	rs10486567	7	28038373	rs740126	0.121862
7	27976563	rs10486567	7	28038375	rs740127	0.123882
