CHR_A	BP_A	SNP_A	CHR_B	BP_B	SNP_B	R2
7	47437244	rs56232506	7	47385201	rs17522996	0.0916879
7	47437244	rs56232506	7	47390394	rs2470992	0.0932656
7	47437244	rs56232506	7	47390395	rs2462646	0.0932656
7	47437244	rs56232506	7	47396050	rs2462647	0.122125
7	47437244	rs56232506	7	47405166	rs4724566	0.109844
7	47437244	rs56232506	7	47405373	rs34177994	0.108
7	47437244	rs56232506	7	47405453	rs2949816	0.112601
7	47437244	rs56232506	7	47406323	rs140832633	0.109985
7	47437244	rs56232506	7	47407212	rs2462625	0.112701
7	47437244	rs56232506	7	47407888	rs2255749	0.110036
7	47437244	rs56232506	7	47412489	rs4724567	0.127564
7	47437244	rs56232506	7	47412856	rs10279935	0.127564
7	47437244	rs56232506	7	47413238	rs2462628	0.127624
7	47437244	rs56232506	7	47414171	rs2470991	0.124615
7	47437244	rs56232506	7	47415320	rs7808433	0.124727
7	47437244	rs56232506	7	47419888	rs2462631	0.162578
7	47437244	rs56232506	7	47421540	rs2470998	0.181115
7	47437244	rs56232506	7	47422796	rs2471000	0.16894
7	47437244	rs56232506	7	47423565	rs11765065	0.102016
7	47437244	rs56232506	7	47427319	rs10951902	0.195471
7	47437244	rs56232506	7	47427582	rs34065821	0.124198
7	47437244	rs56232506	7	47427643	rs12537130	0.101108
7	47437244	rs56232506	7	47427866	rs75563335	0.154803
7	47437244	rs56232506	7	47427910	rs79920368	0.205756
7	47437244	rs56232506	7	47428096	rs4724569	0.166848
7	47437244	rs56232506	7	47428546	rs62446289	0.240053
7	47437244	rs56232506	7	47428600	rs60136671	0.239012
7	47437244	rs56232506	7	47428707	rs59646813	0.092928
7	47437244	rs56232506	7	47428781	rs148908988;rs148220926	0.309834
7	47437244	rs56232506	7	47428905	rs140267691	0.128383
7	47437244	rs56232506	7	47428909	rs73695324	0.0983854
7	47437244	rs56232506	7	47429054	rs6976292	0.10902
7	47437244	rs56232506	7	47429202	rs35444571	0.128383
7	47437244	rs56232506	7	47430626	rs2470994	0.131895
7	47437244	rs56232506	7	47431174	rs12670539	0.104178
7	47437244	rs56232506	7	47431317	rs10255355	0.223593
7	47437244	rs56232506	7	47431511	rs4724573	0.170554
7	47437244	rs56232506	7	47432669	rs2470996	0.268304
7	47437244	rs56232506	7	47432942	rs2470997	0.100447
7	47437244	rs56232506	7	47433003	rs58192148	0.395244
7	47437244	rs56232506	7	47433094	rs13230267	0.508544
7	47437244	rs56232506	7	47433246	rs10263527	0.267667
7	47437244	rs56232506	7	47433628	rs2462634	0.272158
7	47437244	rs56232506	7	47433733	rs2462635	0.100447
7	47437244	rs56232506	7	47433750	rs10279872	0.253207
7	47437244	rs56232506	7	47433960	rs10267539	0.505297
7	47437244	rs56232506	7	47436497	rs17544028	0.169753
7	47437244	rs56232506	7	47436783	rs62446315	0.435597
7	47437244	rs56232506	7	47436838	rs17626611	0.249207
7	47437244	rs56232506	7	47437072	rs17626629	0.774477
7	47437244	rs56232506	7	47437150	rs12540482	0.310981
7	47437244	rs56232506	7	47437244	rs56232506	1
7	47437244	rs56232506	7	47438677	rs145227737	0.73141
7	47437244	rs56232506	7	47439428	rs10266922	0.178602
7	47437244	rs56232506	7	47440225	rs2470993	0.615692
7	47437244	rs56232506	7	47442633	rs7776701	0.78797
7	47437244	rs56232506	7	47443627	rs78859629	0.098205
7	47437244	rs56232506	7	47444053	rs12702337	0.263943
7	47437244	rs56232506	7	47444250	rs13225337	0.888392
7	47437244	rs56232506	7	47444807	rs11761475	0.983978
7	47437244	rs56232506	7	47445641	rs700755	0.85906
7	47437244	rs56232506	7	47445812	rs834601	0.856177
7	47437244	rs56232506	7	47446215	rs834602	0.503632
7	47437244	rs56232506	7	47447215	rs7801481	0.983978
7	47437244	rs56232506	7	47447541	rs11764365	0.983978
7	47437244	rs56232506	7	47447921	rs834603	0.85906
7	47437244	rs56232506	7	47448640	rs865031	0.546097
7	47437244	rs56232506	7	47450271	rs834604	0.430203
7	47437244	rs56232506	7	47450456	rs834605	0.54497
7	47437244	rs56232506	7	47450632	rs834606	0.546097
7	47437244	rs56232506	7	47451572	rs17544073	0.933835
7	47437244	rs56232506	7	47451918	rs834608	0.535182
7	47437244	rs56232506	7	47452522	rs2692539	0.424319
7	47437244	rs56232506	7	47455916	rs12216631	0.153489
7	47437244	rs56232506	7	47456796	rs35894636	0.13432
7	47437244	rs56232506	7	47456846	rs834609	0.543343
7	47437244	rs56232506	7	47457359	rs146846028	0.101225
7	47437244	rs56232506	7	47458848	rs76988120	0.153489
7	47437244	rs56232506	7	47458865	rs78676173	0.157344
7	47437244	rs56232506	7	47462236	rs145132293	0.537859
7	47437244	rs56232506	7	47462468	rs10711047	0.541721
7	47437244	rs56232506	7	47463842	rs834599	0.540596
7	47437244	rs56232506	7	47463937	rs834598	0.540596
7	47437244	rs56232506	7	47464488	rs834597	0.540596
7	47437244	rs56232506	7	47464674	rs834596	0.540596
7	47437244	rs56232506	7	47465325	rs2692540	0.540596
7	47437244	rs56232506	7	47465387	rs2665775	0.540596
7	47437244	rs56232506	7	47465824	rs2665774	0.401695
7	47437244	rs56232506	7	47466512	rs1704970	0.534695
7	47437244	rs56232506	7	47467178	rs10280277	0.918221
7	47437244	rs56232506	7	47467436	rs1799371	0.541721
7	47437244	rs56232506	7	47467609	rs1612394	0.541721
7	47437244	rs56232506	7	47467787	rs1704969	0.541721
7	47437244	rs56232506	7	47467864	rs1799370	0.541721
7	47437244	rs56232506	7	47468231	rs1704968	0.541721
7	47437244	rs56232506	7	47468970	rs555535306	0.518692
7	47437244	rs56232506	7	47469152	rs2136769	0.926355
7	47437244	rs56232506	7	47469429	rs940861	0.541721
7	47437244	rs56232506	7	47469692	rs1704967	0.108585
7	47437244	rs56232506	7	47469709	rs1799369	0.111846
7	47437244	rs56232506	7	47469729	rs34003202	0.538499
7	47437244	rs56232506	7	47469948	rs1704966	0.541721
7	47437244	rs56232506	7	47470215	rs1704965	0.541721
7	47437244	rs56232506	7	47470325	rs34682970	0.387271
7	47437244	rs56232506	7	47470995	rs112298276	0.541721
7	47437244	rs56232506	7	47471286	rs2462638	0.541721
7	47437244	rs56232506	7	47472276	rs834595	0.541721
7	47437244	rs56232506	7	47473096	rs834594	0.344499
7	47437244	rs56232506	7	47473907	rs34227350	0.866317
7	47437244	rs56232506	7	47474328	rs834592	0.541721
7	47437244	rs56232506	7	47474486	rs834591	0.401695
7	47437244	rs56232506	7	47474713	rs567940591	0.541721
7	47437244	rs56232506	7	47477399	rs67953251	0.40487
7	47437244	rs56232506	7	47477469	rs2949817	0.345129
7	47437244	rs56232506	7	47477550	rs1799372	0.407481
7	47437244	rs56232506	7	47478736	rs1799374	0.407481
7	47437244	rs56232506	7	47479363	rs1810137	0.393749
7	47437244	rs56232506	7	47479492	rs1810136	0.393386
7	47437244	rs56232506	7	47479572	rs1799375	0.393386
7	47437244	rs56232506	7	47479583	rs1799376	0.530867
7	47437244	rs56232506	7	47479675	rs1799377	0.3991
7	47437244	rs56232506	7	47479963	rs1799378	0.399477
7	47437244	rs56232506	7	47480817	rs1704972	0.399477
7	47437244	rs56232506	7	47480999	rs1704971	0.530867
7	47437244	rs56232506	7	47481211	rs13231464	0.910716
7	47437244	rs56232506	7	47481602	rs11763044	0.910716
7	47437244	rs56232506	7	47481786	rs1620852	0.530867
7	47437244	rs56232506	7	47481875	rs1621656	0.399477
7	47437244	rs56232506	7	47481881	rs1631084	0.107964
7	47437244	rs56232506	7	47482057	rs1623328	0.477843
7	47437244	rs56232506	7	47482716	rs1799379	0.269388
7	47437244	rs56232506	7	47482719	rs1534137	0.530867
7	47437244	rs56232506	7	47482750	rs1534138	0.530867
7	47437244	rs56232506	7	47482829	rs4724578	0.910716
7	47437244	rs56232506	7	47483112	rs2692541	0.410982
7	47437244	rs56232506	7	47483410	rs1799380	0.3991
7	47437244	rs56232506	7	47483624	rs1799381	0.406433
7	47437244	rs56232506	7	47483705	rs1704973	0.525431
7	47437244	rs56232506	7	47483997	rs1704974	0.117833
7	47437244	rs56232506	7	47484288	rs565454917	0.389552
7	47437244	rs56232506	7	47484299	rs869170	0.511115
7	47437244	rs56232506	7	47484901	rs867927	0.313768
7	47437244	rs56232506	7	47485377	rs1110925	0.325292
7	47437244	rs56232506	7	47485642	rs3037441	0.325292
7	47437244	rs56232506	7	47485840	rs1704976	0.322815
7	47437244	rs56232506	7	47485866	rs1799383	0.293306
7	47437244	rs56232506	7	47485884	rs2002723	0.329265
7	47437244	rs56232506	7	47486259	rs145961284	0.49679
7	47437244	rs56232506	7	47486463	rs58375628	0.21317
7	47437244	rs56232506	7	47486662	rs147746443	0.327518
7	47437244	rs56232506	7	47486666	rs570944606	0.327168
7	47437244	rs56232506	7	47486944	rs1320421	0.219366
7	47437244	rs56232506	7	47487070	rs73095122	0.091012
7	47437244	rs56232506	7	47487613	rs940857	0.0949794
7	47437244	rs56232506	7	47487766	rs62446325	0.091012
7	47437244	rs56232506	7	47487797	rs73328512	0.117676
7	47437244	rs56232506	7	47487916	rs73095123	0.091012
7	47437244	rs56232506	7	47488074	rs536924386	0.191657
7	47437244	rs56232506	7	47488127	rs141731235	0.091012
7	47437244	rs56232506	7	47488467	rs1704977	0.218422
7	47437244	rs56232506	7	47488468	rs1704978	0.218422
7	47437244	rs56232506	7	47488569	rs73328514	0.117676
7	47437244	rs56232506	7	47488903	rs78417682	0.117676
7	47437244	rs56232506	7	47489348	rs62446326	0.091012
7	47437244	rs56232506	7	47489384	rs147967711	0.091012
7	47437244	rs56232506	7	47489472	rs2692542	0.318307
7	47437244	rs56232506	7	47489909	rs1467070	0.160329
7	47437244	rs56232506	7	47492762	rs2941526	0.144291
7	47437244	rs56232506	7	47494693	rs2941527	0.160439
7	47437244	rs56232506	7	47494959	rs2941528	0.175608
7	47437244	rs56232506	7	47495614	rs953264	0.161517
7	47437244	rs56232506	7	47496200	rs4724580	0.1709
7	47437244	rs56232506	7	47496258	rs4724581	0.173293
7	47437244	rs56232506	7	47497698	rs142375899	0.17053
7	47437244	rs56232506	7	47498364	rs2941549	0.21116
7	47437244	rs56232506	7	47499904	rs1027926	0.230719
7	47437244	rs56232506	7	47500360	rs12702340	0.230825
7	47437244	rs56232506	7	47502291	rs7793087	0.260313
7	47437244	rs56232506	7	47503866	rs7798679	0.2049
7	47437244	rs56232506	7	47505048	rs2347787	0.214136
7	47437244	rs56232506	7	47505510	rs2960227	0.137045
7	47437244	rs56232506	7	47505664	rs68140522	0.137045
7	47437244	rs56232506	7	47507816	rs10270829	0.10795
7	47437244	rs56232506	7	47509447	rs4724582	0.136624
7	47437244	rs56232506	7	47510548	rs546646512;rs11770952	0.114029
