CHR_A	BP_A	SNP_A	CHR_B	BP_B	SNP_B	R2
9	22041998	rs17694493	9	21944317	rs4977750	0.197787
9	22041998	rs17694493	9	21944627	rs4246843	0.20251
9	22041998	rs17694493	9	21944818	rs4382559	0.205369
9	22041998	rs17694493	9	21946322	rs2811717	0.165854
9	22041998	rs17694493	9	21946891	rs2811718	0.216219
9	22041998	rs17694493	9	21947234	rs57088042	0.209802
9	22041998	rs17694493	9	21947472	rs2811719	0.184937
9	22041998	rs17694493	9	21947957	rs2811720	0.186865
9	22041998	rs17694493	9	21950432	rs2427852	0.320792
9	22041998	rs17694493	9	21950452	rs2263145	0.332931
9	22041998	rs17694493	9	21950472	rs2427853	0.315457
9	22041998	rs17694493	9	21956470	rs2518716	0.320792
9	22041998	rs17694493	9	21962012	rs184687008	0.383471
9	22041998	rs17694493	9	21962016	rs200823813	0.380745
9	22041998	rs17694493	9	21962024	rs201566033	0.383471
9	22041998	rs17694493	9	21966527	rs56018935	0.428078
9	22041998	rs17694493	9	21968199	rs11515	0.189131
9	22041998	rs17694493	9	21970916	rs3731249	0.126162
9	22041998	rs17694493	9	21971989	rs3731246	0.412492
9	22041998	rs17694493	9	21975319	rs36228834	0.126162
9	22041998	rs17694493	9	21976402	rs113650570	0.126162
9	22041998	rs17694493	9	21979204	rs2518721	0.334196
9	22041998	rs17694493	9	21980151	rs2811709	0.338966
9	22041998	rs17694493	9	21987874	rs10757262	0.215961
9	22041998	rs17694493	9	21988896	rs3731201	0.213223
9	22041998	rs17694493	9	21995882	rs2518723	0.166988
9	22041998	rs17694493	9	21995941	rs78545330	0.556495
9	22041998	rs17694493	9	21996645	rs113646886	0.556495
9	22041998	rs17694493	9	21998035	rs2811712	0.474122
9	22041998	rs17694493	9	21998139	rs3218018	0.589169
9	22041998	rs17694493	9	21998660	rs3218012	0.116355
9	22041998	rs17694493	9	21998891	rs3218008	0.56329
9	22041998	rs17694493	9	21999800	rs3218007	0.56329
9	22041998	rs17694493	9	22000247	rs3218005	0.56329
9	22041998	rs17694493	9	22000841	rs3218002	0.56329
9	22041998	rs17694493	9	22003223	rs3217992	0.0978913
9	22041998	rs17694493	9	22003298	rs3217991	0.0990954
9	22041998	rs17694493	9	22006273	rs2069426	0.589169
9	22041998	rs17694493	9	22006348	rs974336	0.554729
9	22041998	rs17694493	9	22008026	rs2069422	0.492242
9	22041998	rs17694493	9	22009987	rs2069417	0.56329
9	22041998	rs17694493	9	22010681	rs36229158	0.158038
9	22041998	rs17694493	9	22011083	rs76959412	0.121514
9	22041998	rs17694493	9	22012422	rs545226	0.10672
9	22041998	rs17694493	9	22012441	rs77920300	0.589169
9	22041998	rs17694493	9	22012620	rs34662415	0.3649
9	22041998	rs17694493	9	22012789	rs558014690;rs36084073	0.56329
9	22041998	rs17694493	9	22013063	rs117626887	0.105682
9	22041998	rs17694493	9	22013411	rs10811640	0.128106
9	22041998	rs17694493	9	22013473	rs141537528	0.138451
9	22041998	rs17694493	9	22013805	rs10757263	0.128106
9	22041998	rs17694493	9	22016617	rs10217281	0.127105
9	22041998	rs17694493	9	22017101	rs2106120	0.130153
9	22041998	rs17694493	9	22017332	rs139752189	0.579867
9	22041998	rs17694493	9	22017550	rs2106119	0.130153
9	22041998	rs17694493	9	22017836	rs643319	0.179191
9	22041998	rs17694493	9	22018781	rs7044859	0.130153
9	22041998	rs17694493	9	22019732	rs10757264	0.146159
9	22041998	rs17694493	9	22020493	rs490005	0.154686
9	22041998	rs17694493	9	22021615	rs568447	0.124774
9	22041998	rs17694493	9	22021737	rs567453	0.177776
9	22041998	rs17694493	9	22023795	rs10965212	0.151466
9	22041998	rs17694493	9	22024023	rs504318	0.176384
9	22041998	rs17694493	9	22024351	rs496892	0.180508
9	22041998	rs17694493	9	22024808	rs75546694	0.138451
9	22041998	rs17694493	9	22024966	rs10811643	0.134372
9	22041998	rs17694493	9	22025067	rs10811644	0.134372
9	22041998	rs17694493	9	22025240	rs7035484	0.134372
9	22041998	rs17694493	9	22025432	rs116729641	0.589169
9	22041998	rs17694493	9	22025885	rs77284052	0.589169
9	22041998	rs17694493	9	22026834	rs1591136	0.154233
9	22041998	rs17694493	9	22027551	rs598664	0.492242
9	22041998	rs17694493	9	22028801	rs7049105	0.154233
9	22041998	rs17694493	9	22029057	rs565448157;rs201049435	0.151255
9	22041998	rs17694493	9	22029445	rs10965215	0.148469
9	22041998	rs17694493	9	22030027	rs4977753	0.151918
9	22041998	rs17694493	9	22030438	rs662463	0.48511
9	22041998	rs17694493	9	22032119	rs10115049	0.152476
9	22041998	rs17694493	9	22033824	rs79985856	0.580969
9	22041998	rs17694493	9	22034267	rs79182326	0.589169
9	22041998	rs17694493	9	22034719	rs2151280	0.151298
9	22041998	rs17694493	9	22035579	rs78266932	0.158038
9	22041998	rs17694493	9	22036055	rs78572337	0.158038
9	22041998	rs17694493	9	22040839	rs76213463	0.589169
9	22041998	rs17694493	9	22041155	rs80166549	0.589169
9	22041998	rs17694493	9	22041443	rs1360590	0.156009
9	22041998	rs17694493	9	22041998	rs17694493	1
9	22041998	rs17694493	9	22043819	rs1333036	0.153116
9	22041998	rs17694493	9	22044059	rs1333035	0.474122
9	22041998	rs17694493	9	22044122	rs1333034	0.492242
9	22041998	rs17694493	9	22047945	rs10120806	0.154233
9	22041998	rs17694493	9	22048391	rs7027950	0.154233
9	22041998	rs17694493	9	22048414	rs7028268	0.106201
9	22041998	rs17694493	9	22048683	rs7028570	0.156009
9	22041998	rs17694493	9	22048859	rs10757265	0.156009
9	22041998	rs17694493	9	22049130	rs10738605	0.155461
9	22041998	rs17694493	9	22049555	rs10757266	0.156009
9	22041998	rs17694493	9	22049656	rs10811645	0.159625
9	22041998	rs17694493	9	22049891	rs34360807	0.156009
9	22041998	rs17694493	9	22050613	rs944799	0.137805
9	22041998	rs17694493	9	22051295	rs17694555	0.531816
9	22041998	rs17694493	9	22052810	rs10757267	0.141733
9	22041998	rs17694493	9	22053687	rs10965219	0.141733
9	22041998	rs17694493	9	22053709	rs7027048	0.141157
9	22041998	rs17694493	9	22053895	rs17756311	0.544267
9	22041998	rs17694493	9	22054164	rs74655961	0.544267
9	22041998	rs17694493	9	22054356	rs17694572	0.544267
9	22041998	rs17694493	9	22054690	rs7874604	0.141733
9	22041998	rs17694493	9	22054821	rs115939893	0.544267
9	22041998	rs17694493	9	22055048	rs2383204	0.141733
9	22041998	rs17694493	9	22056246	rs397743274	0.581599
9	22041998	rs17694493	9	22056499	rs10120688	0.117609
9	22041998	rs17694493	9	22057530	rs77728904	0.483274
9	22041998	rs17694493	9	22059061	rs115574830	0.574814
9	22041998	rs17694493	9	22060833	rs77283072	0.21495
9	22041998	rs17694493	9	22062134	rs1011970	0.21495
9	22041998	rs17694493	9	22067910	rs75883022	0.179276
9	22041998	rs17694493	9	22083994	rs72652409	0.211384
9	22041998	rs17694493	9	22085028	rs72652411	0.198952
9	22041998	rs17694493	9	22085524	rs72652413	0.194203
9	22041998	rs17694493	9	22089106	rs72652428	0.161171
9	22041998	rs17694493	9	22090530	rs552318227	0.216964
9	22041998	rs17694493	9	22093462	rs9722878	0.208393
9	22041998	rs17694493	9	22095728	rs572738724	0.170985
9	22041998	rs17694493	9	22101267	rs202154206	0.210027
9	22041998	rs17694493	9	22101270	rs200405832	0.210027
9	22041998	rs17694493	9	22121357	rs72654280	0.371943
