CHR_A	BP_A	SNP_A	CHR_B	BP_B	SNP_B	R2
9	110151379	rs1771718	9	110142648	rs817864	0.8622
9	110151379	rs1771718	9	110142681	rs151209162	0.442703
9	110151379	rs1771718	9	110142697	rs60716660	0.84174
9	110151379	rs1771718	9	110143361	rs11791699	0.442084
9	110151379	rs1771718	9	110143699	rs817865	0.87108
9	110151379	rs1771718	9	110143731	rs817866	0.87108
9	110151379	rs1771718	9	110143885	rs843866	0.87108
9	110151379	rs1771718	9	110144071	rs817867	0.87108
9	110151379	rs1771718	9	110144292	rs1746814	0.87108
9	110151379	rs1771718	9	110144296	rs1771721	0.804019
9	110151379	rs1771718	9	110144329	rs11792269	0.448116
9	110151379	rs1771718	9	110144387	rs817868	0.87108
9	110151379	rs1771718	9	110144435	rs817869	0.87108
9	110151379	rs1771718	9	110144688	rs817870	0.866124
9	110151379	rs1771718	9	110144872	rs817871	0.87108
9	110151379	rs1771718	9	110144887	rs817872	0.87108
9	110151379	rs1771718	9	110144946	rs7870307	0.87108
9	110151379	rs1771718	9	110145061	rs4366138	0.87108
9	110151379	rs1771718	9	110145097	rs2417788	0.87108
9	110151379	rs1771718	9	110145201	rs1746815	0.87108
9	110151379	rs1771718	9	110145221	rs75989251	0.112102
9	110151379	rs1771718	9	110145326	rs1746816	0.87108
9	110151379	rs1771718	9	110145381	rs1746817	0.87108
9	110151379	rs1771718	9	110145733	rs1771727	0.87108
9	110151379	rs1771718	9	110145833	rs138284905	0.87108
9	110151379	rs1771718	9	110145834	rs67131978	0.87108
9	110151379	rs1771718	9	110145836	rs557940182;rs10978819	0.746327
9	110151379	rs1771718	9	110146233	rs1323804	0.87108
9	110151379	rs1771718	9	110146297	rs1323805	0.87108
9	110151379	rs1771718	9	110146469	rs12348903	0.866709
9	110151379	rs1771718	9	110146479	rs12336356	0.866709
9	110151379	rs1771718	9	110146489	rs10978820	0.866709
9	110151379	rs1771718	9	110146630	rs4978922	0.87108
9	110151379	rs1771718	9	110146778	rs4978923	0.87108
9	110151379	rs1771718	9	110146838	rs4978924	0.87108
9	110151379	rs1771718	9	110147014	rs72740111	0.448116
9	110151379	rs1771718	9	110147054	rs10114711	0.87108
9	110151379	rs1771718	9	110147240	rs10123735	0.87108
9	110151379	rs1771718	9	110147391	rs28649013	0.836812
9	110151379	rs1771718	9	110147395	rs28483240	0.956702
9	110151379	rs1771718	9	110147447	rs12156485	0.841186
9	110151379	rs1771718	9	110147502	rs12156453	0.841186
9	110151379	rs1771718	9	110147558	rs1746818	0.250747
9	110151379	rs1771718	9	110147599	rs11794415	0.87108
9	110151379	rs1771718	9	110147625	rs1617227	0.841186
9	110151379	rs1771718	9	110147803	rs1746820	0.250747
9	110151379	rs1771718	9	110147905	rs1746821	0.841186
9	110151379	rs1771718	9	110148185	rs1746822	0.841186
9	110151379	rs1771718	9	110148310	rs1746823	0.841186
9	110151379	rs1771718	9	110148372	rs1746824	0.841186
9	110151379	rs1771718	9	110148556	rs1746825	0.841186
9	110151379	rs1771718	9	110148591	rs1771726	0.841186
9	110151379	rs1771718	9	110148813	rs1771725	0.841186
9	110151379	rs1771718	9	110148891	rs1746826	0.841186
9	110151379	rs1771718	9	110149168	rs1746827	0.845225
9	110151379	rs1771718	9	110149253	rs1771724	0.87528
9	110151379	rs1771718	9	110149312	rs1746828	0.87528
9	110151379	rs1771718	9	110149342	rs1746829	0.845225
9	110151379	rs1771718	9	110149386	rs1746830	0.87528
9	110151379	rs1771718	9	110149469	rs10978825	0.446226
9	110151379	rs1771718	9	110149852	rs11792584	0.478834
9	110151379	rs1771718	9	110149961	rs11792566	0.478834
9	110151379	rs1771718	9	110149962	rs11792608	0.472843
9	110151379	rs1771718	9	110149993	rs11792618	0.478834
9	110151379	rs1771718	9	110150168	rs1771723	0.975866
9	110151379	rs1771718	9	110150220	rs200341822	0.252704
9	110151379	rs1771718	9	110150343	rs34230749	0.45433
9	110151379	rs1771718	9	110150659	rs1622267	0.276714
9	110151379	rs1771718	9	110151135	rs1771720	0.276714
9	110151379	rs1771718	9	110151379	rs1771718	1
9	110151379	rs1771718	9	110151512	rs1771717	0.27604
9	110151379	rs1771718	9	110151573	rs1771716	0.277443
9	110151379	rs1771718	9	110151614	rs1746831	0.912382
9	110151379	rs1771718	9	110151668	rs1771715	0.295011
9	110151379	rs1771718	9	110151771	rs817834	0.27604
9	110151379	rs1771718	9	110152533	rs7029300	0.252649
9	110151379	rs1771718	9	110152904	rs35164983	0.125019
9	110151379	rs1771718	9	110152977	rs817833	0.226294
9	110151379	rs1771718	9	110153336	rs817832	0.381462
9	110151379	rs1771718	9	110154852	rs7032948	0.172688
9	110151379	rs1771718	9	110155185	rs1746832	0.247679
9	110151379	rs1771718	9	110155358	rs817829	0.224839
9	110151379	rs1771718	9	110155741	rs72607152	0.190011
9	110151379	rs1771718	9	110156279	rs817827	0.144621
9	110151379	rs1771718	9	110156984	rs817825	0.1961
9	110151379	rs1771718	9	110158681	rs72607153	0.117414
9	110151379	rs1771718	9	110158969	rs35784446	0.098531
9	110151379	rs1771718	9	110159566	rs817824	0.25005
9	110151379	rs1771718	9	110163363	rs77594017	0.18425
9	110151379	rs1771718	9	110163879	rs7861937	0.146725
9	110151379	rs1771718	9	110164136	rs7847027	0.117414
9	110151379	rs1771718	9	110165440	rs10978832	0.132733
9	110151379	rs1771718	9	110166357	rs10816501	0.261359
9	110151379	rs1771718	9	110166613	rs58560378	0.116161
9	110151379	rs1771718	9	110166661	rs1891024	0.248591
9	110151379	rs1771718	9	110166861	rs1891025	0.24978
9	110151379	rs1771718	9	110167768	rs947125	0.117353
9	110151379	rs1771718	9	110168263	rs35184701	0.166244
9	110151379	rs1771718	9	110168559	rs67372670	0.135812
9	110151379	rs1771718	9	110168751	rs72607154	0.11835
9	110151379	rs1771718	9	110169147	rs370141309	0.0902824
9	110151379	rs1771718	9	110169470	rs7867845	0.111272
9	110151379	rs1771718	9	110170825	rs10978839	0.19223
9	110151379	rs1771718	9	110171650	rs145631354	0.167551
9	110151379	rs1771718	9	110172896	rs72607155	0.157694
9	110151379	rs1771718	9	110173777	rs10816504	0.151731
9	110151379	rs1771718	9	110174199	rs7047540	0.151731
9	110151379	rs1771718	9	110174991	rs16912496	0.0904468
9	110151379	rs1771718	9	110178130	rs11999806	0.128604
9	110151379	rs1771718	9	110178494	rs61517820	0.128604
9	110151379	rs1771718	9	110179241	rs7038262	0.160288
9	110151379	rs1771718	9	110179656	rs3983601	0.107481
9	110151379	rs1771718	9	110179986	rs3983595	0.151464
9	110151379	rs1771718	9	110181680	rs113082198	0.148191
9	110151379	rs1771718	9	110181705	rs7036360	0.232077
9	110151379	rs1771718	9	110197029	rs2417791	0.116789
9	110156300	rs817826	9	110111785	rs12336418	0.221167
9	110156300	rs817826	9	110136458	rs74877358	0.117825
9	110156300	rs817826	9	110156151	rs817828	0.428141
9	110156300	rs817826	9	110156279	rs817827	0.169245
9	110156300	rs817826	9	110156300	rs817826	1
9	110156300	rs817826	9	110167210	rs116868511	0.221693
9	110156300	rs817826	9	110187599	rs74876868	0.220725
9	110156300	rs817826	9	110192344	rs79831360	0.244804
