CHR_A	BP_A	SNP_A	CHR_B	BP_B	SNP_B	R2
23	52896949	rs2807031	23	52802993	rs201861997	0.224449
23	52896949	rs2807031	23	52818044	rs2806826	0.104104
23	52896949	rs2807031	23	52818377	rs35017143	0.104104
23	52896949	rs2807031	23	52818709	rs2806827	0.0986179
23	52896949	rs2807031	23	52820247	rs5943656	0.104104
23	52896949	rs2807031	23	52820451	rs2806830	0.104104
23	52896949	rs2807031	23	52820556	rs2806831	0.104104
23	52896949	rs2807031	23	52821487	rs2806833	0.11588
23	52896949	rs2807031	23	52821870	rs2806834	0.0986179
23	52896949	rs2807031	23	52822296	rs2806835	0.104104
23	52896949	rs2807031	23	52823645	rs2806836	0.104104
23	52896949	rs2807031	23	52824873	rs2807019	0.104104
23	52896949	rs2807031	23	52825471	rs2806837	0.104104
23	52896949	rs2807031	23	52825546	rs2806838	0.104104
23	52896949	rs2807031	23	52825546	._40552	0.104104
23	52896949	rs2807031	23	52826118	rs6643562	0.169419
23	52896949	rs2807031	23	52827684	rs5943744	0.104104
23	52896949	rs2807031	23	52827873	rs28691608	0.104104
23	52896949	rs2807031	23	52833945	rs2807014	0.104104
23	52896949	rs2807031	23	52837481	rs2807038	0.104104
23	52896949	rs2807031	23	52839930	rs2807037	0.104104
23	52896949	rs2807031	23	52839943	rs2807036	0.104104
23	52896949	rs2807031	23	52846508	rs4543711	0.774236
23	52896949	rs2807031	23	52850213	rs111932898	0.310826
23	52896949	rs2807031	23	52857663	rs374968626	0.104104
23	52896949	rs2807031	23	52859249	rs143557800	0.119732
23	52896949	rs2807031	23	52859401	rs2807034	0.104104
23	52896949	rs2807031	23	52863021	rs2807033	0.104104
23	52896949	rs2807031	23	52865597	._41049	0.287261
23	52896949	rs2807031	23	52871209	rs2806846	0.116915
23	52896949	rs2807031	23	52872426	._41166	0.79995
23	52896949	rs2807031	23	52874735	rs142306807	0.795135
23	52896949	rs2807031	23	52875390	rs2807032	0.111421
23	52896949	rs2807031	23	52875602	rs5986217	0.116915
23	52896949	rs2807031	23	52875887	rs144359158	0.79995
23	52896949	rs2807031	23	52876371	rs201564676	0.79995
23	52896949	rs2807031	23	52876666	rs142881125	0.116915
23	52896949	rs2807031	23	52877918	rs143470704	0.79995
23	52896949	rs2807031	23	52878147	rs111720584	0.79995
23	52896949	rs2807031	23	52878272	rs113968011	0.79995
23	52896949	rs2807031	23	52879413	rs112771604	0.782216
23	52896949	rs2807031	23	52880664	rs112851863	0.79995
23	52896949	rs2807031	23	52882194	rs144581553	0.780736
23	52896949	rs2807031	23	52882350	rs146698283	0.297715
23	52896949	rs2807031	23	52882590	rs111524826	0.803785
23	52896949	rs2807031	23	52883006	rs2806847	0.116915
23	52896949	rs2807031	23	52883412	rs2806848	0.116915
23	52896949	rs2807031	23	52883540	rs112661327	0.841178
23	52896949	rs2807031	23	52885291	rs17002009	0.837244
23	52896949	rs2807031	23	52885367	rs112753185	0.836407
23	52896949	rs2807031	23	52885496	rs113974379	0.836407
23	52896949	rs2807031	23	52885883	rs2806849	0.973141
23	52896949	rs2807031	23	52886633	rs112917082	0.836407
23	52896949	rs2807031	23	52888000	rs113276965	0.836407
23	52896949	rs2807031	23	52888362	rs144524060	0.116915
23	52896949	rs2807031	23	52889127	rs370168538	0.837244
23	52896949	rs2807031	23	52889177	rs183432294	0.836407
23	52896949	rs2807031	23	52889181	rs186065139	0.836407
23	52896949	rs2807031	23	52890841	rs2806850	0.116915
23	52896949	rs2807031	23	52890898	rs112503205	0.836407
23	52896949	rs2807031	23	52891584	rs5943751	0.381393
23	52896949	rs2807031	23	52893118	rs112142195	0.841178
23	52896949	rs2807031	23	52895579	._41465	0.101989
23	52896949	rs2807031	23	52895849	rs113953610	0.841178
23	52896949	rs2807031	23	52896377	rs41306369	0.837244
23	52896949	rs2807031	23	52896949	rs2807031	1
23	52896949	rs2807031	23	52897406	rs148944285	0.820474
23	52896949	rs2807031	23	52897578	rs2491155	1
23	52896949	rs2807031	23	52897595	rs2491154	1
23	52896949	rs2807031	23	52898212	rs200281651	0.841178
23	52896949	rs2807031	23	52898753	rs2806851	1
23	52896949	rs2807031	23	52899235	rs4291438	0.841178
23	52896949	rs2807031	23	52899379	rs4291439	0.832753
23	52896949	rs2807031	23	52903481	rs2806845	0.0945517
23	52896949	rs2807031	23	52903490	rs200370637	0.772107
23	52896949	rs2807031	23	52904529	rs2807030	0.907397
23	52896949	rs2807031	23	52905324	rs112651013	0.771002
23	52896949	rs2807031	23	52905412	rs199585842	0.782396
23	52896949	rs2807031	23	52905649	rs112046678	0.771002
23	52896949	rs2807031	23	52905679	rs112043338	0.771002
23	52896949	rs2807031	23	52908718	rs368806386	0.771002
23	52896949	rs2807031	23	52910700	rs113429311	0.771002
23	52896949	rs2807031	23	52911382	rs113376621	0.315649
23	52896949	rs2807031	23	52943536	._41720	0.153458
23	52896949	rs2807031	23	52948684	._41722	0.582329
23	52896949	rs2807031	23	52949331	._41723	0.878265
23	52896949	rs2807031	23	52949499	rs112970152	0.741066
23	52896949	rs2807031	23	52950226	rs11296891	0.455038
23	52896949	rs2807031	23	52950810	rs193131910	0.740278
23	52896949	rs2807031	23	52951462	rs5991840	0.894769
23	52896949	rs2807031	23	52952462	rs200688348	0.116915
23	52896949	rs2807031	23	52953296	rs201324628	0.724719
23	52896949	rs2807031	23	52953875	._41791	0.725095
23	52896949	rs2807031	23	52955248	rs113352673	0.740278
23	52896949	rs2807031	23	52955522	rs113211974	0.740278
23	52896949	rs2807031	23	52956501	rs111986216	0.73734
23	52896949	rs2807031	23	52958474	rs199546802	0.740278
23	52896949	rs2807031	23	52959447	rs150201058	0.135586
23	52896949	rs2807031	23	52961081	rs144542809	0.566802
23	52896949	rs2807031	23	52962397	._41896	0.397728
23	52896949	rs2807031	23	52962702	rs200002228	0.748818
23	52896949	rs2807031	23	52963907	rs367783065	0.569939
23	52896949	rs2807031	23	52978175	rs373223568	0.346159
23	52896949	rs2807031	23	52990966	._41962	0.107918
