CHR_A	BP_A	SNP_A	CHR_B	BP_B	SNP_B	R2
11	2233574	rs7127900	11	2136841	rs868332	0.0917586
11	2233574	rs7127900	11	2155876	rs3213229	0.177936
11	2233574	rs7127900	11	2165173	rs11603378	0.113546
11	2233574	rs7127900	11	2167303	rs17885652	0.116366
11	2233574	rs7127900	11	2167850	rs17885785	0.171521
11	2233574	rs7127900	11	2168445	rs151225866	0.171521
11	2233574	rs7127900	11	2176105	rs7110099	0.159607
11	2233574	rs7127900	11	2177369	rs11564725	0.168785
11	2233574	rs7127900	11	2180772	rs3842756	0.160328
11	2233574	rs7127900	11	2180796	rs3842755	0.160328
11	2233574	rs7127900	11	2180845	rs3842754	0.157189
11	2233574	rs7127900	11	2181060	rs3842753	0.097724
11	2233574	rs7127900	11	2181073	rs3842752	0.159233
11	2233574	rs7127900	11	2181395	rs3842748	0.150351
11	2233574	rs7127900	11	2182224	rs689	0.097724
11	2233574	rs7127900	11	2184336	rs3842729	0.159233
11	2233574	rs7127900	11	2188436	rs67482701	0.110841
11	2233574	rs7127900	11	2189185	rs4074905	0.107413
11	2233574	rs7127900	11	2192330	rs375879846	0.0900376
11	2233574	rs7127900	11	2193510	rs11042962	0.148191
11	2233574	rs7127900	11	2193597	rs10770140	0.218826
11	2233574	rs7127900	11	2193840	rs10770141	0.229204
11	2233574	rs7127900	11	2194062	rs11564711	0.170734
11	2233574	rs7127900	11	2194420	rs10770142	0.239518
11	2233574	rs7127900	11	2194810	rs7119275	0.247657
11	2233574	rs7127900	11	2194914	rs7115640	0.247657
11	2233574	rs7127900	11	2195045	rs7128097	0.244034
11	2233574	rs7127900	11	2195267	rs10770143	0.235668
11	2233574	rs7127900	11	2195288	rs11042965	0.167093
11	2233574	rs7127900	11	2195538	rs11042966	0.244034
11	2233574	rs7127900	11	2195837	rs10840495	0.244034
11	2233574	rs7127900	11	2195844	rs10840496	0.244034
11	2233574	rs7127900	11	2195981	rs10743152	0.244034
11	2233574	rs7127900	11	2196349	rs4930044	0.244034
11	2233574	rs7127900	11	2196424	rs4930045	0.246264
11	2233574	rs7127900	11	2196910	rs10840500	0.173166
11	2233574	rs7127900	11	2197112	rs7482891	0.247781
11	2233574	rs7127900	11	2197132	rs4929964	0.247781
11	2233574	rs7127900	11	2197148	rs4930046	0.176439
11	2233574	rs7127900	11	2197286	rs4929965	0.240261
11	2233574	rs7127900	11	2197436	rs4929966	0.310508
11	2233574	rs7127900	11	2198259	rs11042976	0.179325
11	2233574	rs7127900	11	2198418	rs11042978	0.181268
11	2233574	rs7127900	11	2198665	rs72853903	0.342194
11	2233574	rs7127900	11	2199686	rs146569428	0.55122
11	2233574	rs7127900	11	2200329	rs11564710	0.220598
11	2233574	rs7127900	11	2200512	rs11042984	0.234246
11	2233574	rs7127900	11	2200543	rs11042985	0.229293
11	2233574	rs7127900	11	2200949	rs10840502	0.237553
11	2233574	rs7127900	11	2201059	rs11042987	0.232835
11	2233574	rs7127900	11	2201338	rs11564709	0.343087
11	2233574	rs7127900	11	2203154	rs11043003	0.449127
11	2233574	rs7127900	11	2204288	rs11043007	0.253642
11	2233574	rs7127900	11	2204322	rs370796077	0.531621
11	2233574	rs7127900	11	2204344	rs11602519	0.195261
11	2233574	rs7127900	11	2204351	rs557925996	0.472228
11	2233574	rs7127900	11	2204717	rs7129483	0.472026
11	2233574	rs7127900	11	2204726	rs7108915	0.472026
11	2233574	rs7127900	11	2205245	rs7951222	0.472026
11	2233574	rs7127900	11	2205892	rs7396243	0.269734
11	2233574	rs7127900	11	2206027	rs11043016	0.475296
11	2233574	rs7127900	11	2206326	rs11564708	0.60243
11	2233574	rs7127900	11	2206387	rs11564707	0.475296
11	2233574	rs7127900	11	2206423	rs11602259	0.270605
11	2233574	rs7127900	11	2206429	rs72853920	0.597873
11	2233574	rs7127900	11	2206651	rs72853921	0.475296
11	2233574	rs7127900	11	2206829	rs11564706	0.475296
11	2233574	rs7127900	11	2207046	rs11564705	0.475296
11	2233574	rs7127900	11	2207194	rs11564704	0.269734
11	2233574	rs7127900	11	2207209	rs11564703	0.269734
11	2233574	rs7127900	11	2207905	rs67110785	0.484965
11	2233574	rs7127900	11	2208668	rs56377341	0.614932
11	2233574	rs7127900	11	2209413	rs12418303	0.614932
11	2233574	rs7127900	11	2209658	rs12419444	0.61955
11	2233574	rs7127900	11	2209676	rs11602416	0.28396
11	2233574	rs7127900	11	2209967	rs10840516	0.49342
11	2233574	rs7127900	11	2210658	rs113945618	0.493756
11	2233574	rs7127900	11	2211162	rs67225004	0.492004
11	2233574	rs7127900	11	2211677	rs7396447	0.334664
11	2233574	rs7127900	11	2212448	rs67957462	0.408054
11	2233574	rs7127900	11	2212487	rs68037604	0.408054
11	2233574	rs7127900	11	2212584	rs76361611	0.405431
11	2233574	rs7127900	11	2212723	rs113607956	0.408054
11	2233574	rs7127900	11	2212765	rs7110836	0.408054
11	2233574	rs7127900	11	2212843	rs117520198	0.614008
11	2233574	rs7127900	11	2212858	rs7129293	0.408054
11	2233574	rs7127900	11	2213166	rs7111341	0.403311
11	2233574	rs7127900	11	2213258	rs7121197	0.408054
11	2233574	rs7127900	11	2213452	rs10840523	0.347314
11	2233574	rs7127900	11	2213492	rs11564701	0.410694
11	2233574	rs7127900	11	2213579	rs11564700	0.410694
11	2233574	rs7127900	11	2213646	rs559406191	0.408054
11	2233574	rs7127900	11	2213694	rs11564696	0.410694
11	2233574	rs7127900	11	2213900	rs11564695	0.410694
11	2233574	rs7127900	11	2213995	rs11564693	0.410694
11	2233574	rs7127900	11	2214016	rs60042129	0.410694
11	2233574	rs7127900	11	2214039	rs11564691	0.410694
11	2233574	rs7127900	11	2214388	rs7937915	0.410694
11	2233574	rs7127900	11	2214467	rs7947138	0.413349
11	2233574	rs7127900	11	2214640	rs7125284	0.609395
11	2233574	rs7127900	11	2214804	rs7107385	0.609395
11	2233574	rs7127900	11	2214811	rs7107390	0.413349
11	2233574	rs7127900	11	2215089	rs7107784	0.404804
11	2233574	rs7127900	11	2215228	rs11043047	0.332001
11	2233574	rs7127900	11	2215323	rs11043048	0.329289
11	2233574	rs7127900	11	2215330	rs11043049	0.329289
11	2233574	rs7127900	11	2215333	rs11043050	0.329289
11	2233574	rs7127900	11	2215535	rs55684350	0.319206
11	2233574	rs7127900	11	2215555	rs12360967	0.328189
11	2233574	rs7127900	11	2215556	rs368332196	0.33693
11	2233574	rs7127900	11	2215565	rs12360978	0.335679
11	2233574	rs7127900	11	2215584	rs56376830	0.330457
11	2233574	rs7127900	11	2215587	rs56187494	0.330457
11	2233574	rs7127900	11	2215602	rs12365828	0.326233
11	2233574	rs7127900	11	2215604	rs12364696	0.326233
11	2233574	rs7127900	11	2216163	rs11043056	0.233969
11	2233574	rs7127900	11	2217111	rs12419346	0.679315
11	2233574	rs7127900	11	2217280	rs12419367	0.679315
11	2233574	rs7127900	11	2217544	rs113168976	0.467864
11	2233574	rs7127900	11	2219465	rs7479701	0.386478
11	2233574	rs7127900	11	2219937	rs72853948	0.692042
11	2233574	rs7127900	11	2219962	rs3922756	0.386478
11	2233574	rs7127900	11	2220304	rs4075003	0.696874
11	2233574	rs7127900	11	2221765	rs72853954	0.706662
11	2233574	rs7127900	11	2222002	rs76275158	0.459631
11	2233574	rs7127900	11	2222271	rs72853956	0.18167
11	2233574	rs7127900	11	2222815	rs12270978	0.307559
11	2233574	rs7127900	11	2223264	rs72853960	0.693884
11	2233574	rs7127900	11	2223850	rs10840550	0.258088
11	2233574	rs7127900	11	2224175	rs73407554	0.709687
11	2233574	rs7127900	11	2224664	rs72853963	0.859788
11	2233574	rs7127900	11	2224932	rs7483577	0.288169
11	2233574	rs7127900	11	2224958	rs7480120	0.560627
11	2233574	rs7127900	11	2225364	rs11600334	0.310521
11	2233574	rs7127900	11	2225626	rs10743176	0.915846
11	2233574	rs7127900	11	2225709	rs71029115	0.909564
11	2233574	rs7127900	11	2226789	rs71455920	0.908931
11	2233574	rs7127900	11	2226905	rs62650858	0.92229
11	2233574	rs7127900	11	2226968	rs144294078	0.81784
11	2233574	rs7127900	11	2227193	rs62636241	0.928604
11	2233574	rs7127900	11	2228618	rs10840584	0.941339
11	2233574	rs7127900	11	2228709	rs7114418	0.561202
11	2233574	rs7127900	11	2228935	rs7114709	0.320158
11	2233574	rs7127900	11	2228952	rs7126629	0.941339
11	2233574	rs7127900	11	2229012	rs7114836	0.941339
11	2233574	rs7127900	11	2229111	rs7126857	0.941339
11	2233574	rs7127900	11	2229360	rs7127162	0.941339
11	2233574	rs7127900	11	2229361	rs7115232	0.569769
11	2233574	rs7127900	11	2229573	rs10743180	0.941339
11	2233574	rs7127900	11	2229645	rs10840588	0.518104
11	2233574	rs7127900	11	2229759	rs10743181	0.86581
11	2233574	rs7127900	11	2229782	rs10743182	0.859222
11	2233574	rs7127900	11	2230152	rs4077456	0.980432
11	2233574	rs7127900	11	2230210	rs35506124	0.980432
11	2233574	rs7127900	11	2230354	rs4077457	0.980432
11	2233574	rs7127900	11	2230460	rs7481129	0.980432
11	2233574	rs7127900	11	2231001	rs116915405	0.217799
11	2233574	rs7127900	11	2231341	rs4076054	0.993418
11	2233574	rs7127900	11	2231694	rs7395734	0.993418
11	2233574	rs7127900	11	2231774	rs6578999	0.993418
11	2233574	rs7127900	11	2231863	rs12791049	0.273225
11	2233574	rs7127900	11	2232042	rs6579000	1
11	2233574	rs7127900	11	2232056	rs6579001	1
11	2233574	rs7127900	11	2232229	rs6579002	1
11	2233574	rs7127900	11	2232272	rs7123180	1
11	2233574	rs7127900	11	2232310	rs6579003	1
11	2233574	rs7127900	11	2232344	rs7123299	1
11	2233574	rs7127900	11	2232359	rs7123312	1
11	2233574	rs7127900	11	2232378	rs7123418	1
11	2233574	rs7127900	11	2232624	rs11043132	0.993418
11	2233574	rs7127900	11	2232665	rs11043133	1
11	2233574	rs7127900	11	2232682	rs11043134	1
11	2233574	rs7127900	11	2232696	rs11043135	1
11	2233574	rs7127900	11	2232809	rs34792987	0.279875
11	2233574	rs7127900	11	2232814	rs11603101	1
11	2233574	rs7127900	11	2232911	rs7121039	1
11	2233574	rs7127900	11	2233041	rs7109219	0.610345
11	2233574	rs7127900	11	2233219	rs7109474	1
11	2233574	rs7127900	11	2233234	rs7121452	1
11	2233574	rs7127900	11	2233365	rs7127599	1
11	2233574	rs7127900	11	2233451	rs7109777	0.610345
11	2233574	rs7127900	11	2233485	rs66754298	1
11	2233574	rs7127900	11	2233495	rs138751511	1
11	2233574	rs7127900	11	2233549	rs67186729	0.610345
11	2233574	rs7127900	11	2233574	rs7127900	1
11	2233574	rs7127900	11	2233603	rs67798996	0.610345
11	2233574	rs7127900	11	2233609	rs7112959	0.597834
11	2233574	rs7127900	11	2233617	rs7125026	0.597771
11	2233574	rs7127900	11	2233630	rs67379609	0.597834
11	2233574	rs7127900	11	2233635	rs71455921	0.597834
11	2233574	rs7127900	11	2233797	rs10840603	1
11	2233574	rs7127900	11	2233951	rs11043140	0.610345
11	2233574	rs7127900	11	2234042	rs11043142	0.610345
11	2233574	rs7127900	11	2234093	rs11043143	1
11	2233574	rs7127900	11	2234169	rs11043147	0.610345
11	2233574	rs7127900	11	2234690	rs10840606	0.866569
11	2233574	rs7127900	11	2235590	rs12803147	0.123832
11	2233574	rs7127900	11	2236653	rs11021704	0.184171
11	2233574	rs7127900	11	2236689	rs11021705	0.184171
11	2233574	rs7127900	11	2236750	rs11021706	0.184171
11	2233574	rs7127900	11	2236885	rs11021707	0.184171
11	2233574	rs7127900	11	2236956	rs60248732	0.110297
11	2233574	rs7127900	11	2237219	rs4076542	0.110478
11	2233574	rs7127900	11	2237221	rs4076541	0.110478
11	2233574	rs7127900	11	2237393	rs10831548	0.112715
11	2233574	rs7127900	11	2237475	rs11021711	0.109072
11	2233574	rs7127900	11	2237506	rs10831549	0.109072
11	2233574	rs7127900	11	2237567	rs4930051	0.116568
11	2233574	rs7127900	11	2237667	rs12420721	0.182242
11	2233574	rs7127900	11	2240416	rs7480235	0.110884
11	2233574	rs7127900	11	2241215	rs11606404	0.109072
11	2233574	rs7127900	11	2241272	rs11021732	0.109072
11	2233574	rs7127900	11	2241321	rs10765826	0.116568
11	2233574	rs7127900	11	2243891	rs10831574	0.107984
11	2233574	rs7127900	11	2244318	rs7126234	0.107984
11	2233574	rs7127900	11	2247267	rs7109523	0.1847
11	2233574	rs7127900	11	2248200	rs117895267	0.272055
11	2233574	rs7127900	11	2249854	rs4393314	0.1847
11	2233574	rs7127900	11	2250149	rs4644645	0.288079
11	2233574	rs7127900	11	2250889	rs4430511	0.291743
11	2233574	rs7127900	11	2254644	rs4320954	0.288079
11	2233574	rs7127900	11	2255018	rs10734184	0.246476
11	2233574	rs7127900	11	2255147	rs75029415	0.284458
11	2233574	rs7127900	11	2255246	rs11021832	0.112551
11	2233574	rs7127900	11	2256031	rs10765849	0.113073
11	2233574	rs7127900	11	2257333	rs7396800	0.277344
11	2233574	rs7127900	11	2258686	rs12282068	0.091904
11	2233574	rs7127900	11	2259087	rs4506651	0.0965412
11	2233574	rs7127900	11	2259516	rs76596056	0.090062
11	2233574	rs7127900	11	2262440	rs4335552	0.11971
11	2233574	rs7127900	11	2262545	rs6578249	0.244178
11	2233574	rs7127900	11	2262639	rs6578250	0.244178
11	2233574	rs7127900	11	2264314	rs58678758	0.244178
11	2233574	rs7127900	11	2269112	rs72844119	0.28088
11	2233574	rs7127900	11	2270411	rs5789248	0.221444
11	2233574	rs7127900	11	2271323	rs739545	0.103995
11	2233574	rs7127900	11	2272989	rs10741556	0.103995
11	2233574	rs7127900	11	2276694	rs726220	0.103995
11	2233574	rs7127900	11	2277693	rs144872107	0.103995
11	2233574	rs7127900	11	2277720	rs549715518	0.102629
11	2233574	rs7127900	11	2277728	rs372305332	0.102629
11	2233574	rs7127900	11	2279118	rs113894883	0.177814
11	2233574	rs7127900	11	2279711	rs1548426	0.177814
11	2233574	rs7127900	11	2280751	rs17248845	0.23472
11	2233574	rs7127900	11	2282725	rs1548427	0.177814
11	2233574	rs7127900	11	2282904	rs1548428	0.154281
11	2233574	rs7127900	11	2283007	rs4930063	0.177814
11	2233574	rs7127900	11	2283039	rs4930064	0.177814
11	2233574	rs7127900	11	2283459	rs17737713	0.174898
11	2233574	rs7127900	11	2283497	rs72844136	0.177814
11	2233574	rs7127900	11	2283540	rs145473322	0.177814
11	2233574	rs7127900	11	2283608	rs7397025	0.174898
11	2233574	rs7127900	11	2284064	rs151338835	0.0971541
11	2233574	rs7127900	11	2284590	rs17659078	0.0986815
11	2233574	rs7127900	11	2286243	rs739543	0.0945161
11	2233574	rs7127900	11	2286348	rs72844139	0.0945161
11	2233574	rs7127900	11	2287135	rs34934729	0.0945161
11	2233574	rs7127900	11	2288303	rs12417933	0.0901251
11	2233574	rs7127900	11	2294537	rs7394849	0.092347
11	2233574	rs7127900	11	2294899	rs4929970	0.0911803
11	2233574	rs7127900	11	2294908	rs4930066	0.0924284
11	2233574	rs7127900	11	2297593	rs117600498	0.157324
11	2234093	rs11043143	11	2136841	rs868332	0.0917586
11	2234093	rs11043143	11	2155876	rs3213229	0.177936
11	2234093	rs11043143	11	2165173	rs11603378	0.113546
11	2234093	rs11043143	11	2167303	rs17885652	0.116366
11	2234093	rs11043143	11	2167850	rs17885785	0.171521
11	2234093	rs11043143	11	2168445	rs151225866	0.171521
11	2234093	rs11043143	11	2176105	rs7110099	0.159607
11	2234093	rs11043143	11	2177369	rs11564725	0.168785
11	2234093	rs11043143	11	2180772	rs3842756	0.160328
11	2234093	rs11043143	11	2180796	rs3842755	0.160328
11	2234093	rs11043143	11	2180845	rs3842754	0.157189
11	2234093	rs11043143	11	2181060	rs3842753	0.097724
11	2234093	rs11043143	11	2181073	rs3842752	0.159233
11	2234093	rs11043143	11	2181395	rs3842748	0.150351
11	2234093	rs11043143	11	2182224	rs689	0.097724
11	2234093	rs11043143	11	2184336	rs3842729	0.159233
11	2234093	rs11043143	11	2188436	rs67482701	0.110841
11	2234093	rs11043143	11	2189185	rs4074905	0.107413
11	2234093	rs11043143	11	2192330	rs375879846	0.0900376
11	2234093	rs11043143	11	2193510	rs11042962	0.148191
11	2234093	rs11043143	11	2193597	rs10770140	0.218826
11	2234093	rs11043143	11	2193840	rs10770141	0.229204
11	2234093	rs11043143	11	2194062	rs11564711	0.170734
11	2234093	rs11043143	11	2194420	rs10770142	0.239518
11	2234093	rs11043143	11	2194810	rs7119275	0.247657
11	2234093	rs11043143	11	2194914	rs7115640	0.247657
11	2234093	rs11043143	11	2195045	rs7128097	0.244034
11	2234093	rs11043143	11	2195267	rs10770143	0.235668
11	2234093	rs11043143	11	2195288	rs11042965	0.167093
11	2234093	rs11043143	11	2195538	rs11042966	0.244034
11	2234093	rs11043143	11	2195837	rs10840495	0.244034
11	2234093	rs11043143	11	2195844	rs10840496	0.244034
11	2234093	rs11043143	11	2195981	rs10743152	0.244034
11	2234093	rs11043143	11	2196349	rs4930044	0.244034
11	2234093	rs11043143	11	2196424	rs4930045	0.246264
11	2234093	rs11043143	11	2196910	rs10840500	0.173166
11	2234093	rs11043143	11	2197112	rs7482891	0.247781
11	2234093	rs11043143	11	2197132	rs4929964	0.247781
11	2234093	rs11043143	11	2197148	rs4930046	0.176439
11	2234093	rs11043143	11	2197286	rs4929965	0.240261
11	2234093	rs11043143	11	2197436	rs4929966	0.310508
11	2234093	rs11043143	11	2198259	rs11042976	0.179325
11	2234093	rs11043143	11	2198418	rs11042978	0.181268
11	2234093	rs11043143	11	2198665	rs72853903	0.342194
11	2234093	rs11043143	11	2199686	rs146569428	0.55122
11	2234093	rs11043143	11	2200329	rs11564710	0.220598
11	2234093	rs11043143	11	2200512	rs11042984	0.234246
11	2234093	rs11043143	11	2200543	rs11042985	0.229293
11	2234093	rs11043143	11	2200949	rs10840502	0.237553
11	2234093	rs11043143	11	2201059	rs11042987	0.232835
11	2234093	rs11043143	11	2201338	rs11564709	0.343087
11	2234093	rs11043143	11	2203154	rs11043003	0.449127
11	2234093	rs11043143	11	2204288	rs11043007	0.253642
11	2234093	rs11043143	11	2204322	rs370796077	0.531621
11	2234093	rs11043143	11	2204344	rs11602519	0.195261
11	2234093	rs11043143	11	2204351	rs557925996	0.472228
11	2234093	rs11043143	11	2204717	rs7129483	0.472026
11	2234093	rs11043143	11	2204726	rs7108915	0.472026
11	2234093	rs11043143	11	2205245	rs7951222	0.472026
11	2234093	rs11043143	11	2205892	rs7396243	0.269734
11	2234093	rs11043143	11	2206027	rs11043016	0.475296
11	2234093	rs11043143	11	2206326	rs11564708	0.60243
11	2234093	rs11043143	11	2206387	rs11564707	0.475296
11	2234093	rs11043143	11	2206423	rs11602259	0.270605
11	2234093	rs11043143	11	2206429	rs72853920	0.597873
11	2234093	rs11043143	11	2206651	rs72853921	0.475296
11	2234093	rs11043143	11	2206829	rs11564706	0.475296
11	2234093	rs11043143	11	2207046	rs11564705	0.475296
11	2234093	rs11043143	11	2207194	rs11564704	0.269734
11	2234093	rs11043143	11	2207209	rs11564703	0.269734
11	2234093	rs11043143	11	2207905	rs67110785	0.484965
11	2234093	rs11043143	11	2208668	rs56377341	0.614932
11	2234093	rs11043143	11	2209413	rs12418303	0.614932
11	2234093	rs11043143	11	2209658	rs12419444	0.61955
11	2234093	rs11043143	11	2209676	rs11602416	0.28396
11	2234093	rs11043143	11	2209967	rs10840516	0.49342
11	2234093	rs11043143	11	2210658	rs113945618	0.493756
11	2234093	rs11043143	11	2211162	rs67225004	0.492004
11	2234093	rs11043143	11	2211677	rs7396447	0.334664
11	2234093	rs11043143	11	2212448	rs67957462	0.408054
11	2234093	rs11043143	11	2212487	rs68037604	0.408054
11	2234093	rs11043143	11	2212584	rs76361611	0.405431
11	2234093	rs11043143	11	2212723	rs113607956	0.408054
11	2234093	rs11043143	11	2212765	rs7110836	0.408054
11	2234093	rs11043143	11	2212843	rs117520198	0.614008
11	2234093	rs11043143	11	2212858	rs7129293	0.408054
11	2234093	rs11043143	11	2213166	rs7111341	0.403311
11	2234093	rs11043143	11	2213258	rs7121197	0.408054
11	2234093	rs11043143	11	2213452	rs10840523	0.347314
11	2234093	rs11043143	11	2213492	rs11564701	0.410694
11	2234093	rs11043143	11	2213579	rs11564700	0.410694
11	2234093	rs11043143	11	2213646	rs559406191	0.408054
11	2234093	rs11043143	11	2213694	rs11564696	0.410694
11	2234093	rs11043143	11	2213900	rs11564695	0.410694
11	2234093	rs11043143	11	2213995	rs11564693	0.410694
11	2234093	rs11043143	11	2214016	rs60042129	0.410694
11	2234093	rs11043143	11	2214039	rs11564691	0.410694
11	2234093	rs11043143	11	2214388	rs7937915	0.410694
11	2234093	rs11043143	11	2214467	rs7947138	0.413349
11	2234093	rs11043143	11	2214640	rs7125284	0.609395
11	2234093	rs11043143	11	2214804	rs7107385	0.609395
11	2234093	rs11043143	11	2214811	rs7107390	0.413349
11	2234093	rs11043143	11	2215089	rs7107784	0.404804
11	2234093	rs11043143	11	2215228	rs11043047	0.332001
11	2234093	rs11043143	11	2215323	rs11043048	0.329289
11	2234093	rs11043143	11	2215330	rs11043049	0.329289
11	2234093	rs11043143	11	2215333	rs11043050	0.329289
11	2234093	rs11043143	11	2215535	rs55684350	0.319206
11	2234093	rs11043143	11	2215555	rs12360967	0.328189
11	2234093	rs11043143	11	2215556	rs368332196	0.33693
11	2234093	rs11043143	11	2215565	rs12360978	0.335679
11	2234093	rs11043143	11	2215584	rs56376830	0.330457
11	2234093	rs11043143	11	2215587	rs56187494	0.330457
11	2234093	rs11043143	11	2215602	rs12365828	0.326233
11	2234093	rs11043143	11	2215604	rs12364696	0.326233
11	2234093	rs11043143	11	2216163	rs11043056	0.233969
11	2234093	rs11043143	11	2217111	rs12419346	0.679315
11	2234093	rs11043143	11	2217280	rs12419367	0.679315
11	2234093	rs11043143	11	2217544	rs113168976	0.467864
11	2234093	rs11043143	11	2219465	rs7479701	0.386478
11	2234093	rs11043143	11	2219937	rs72853948	0.692042
11	2234093	rs11043143	11	2219962	rs3922756	0.386478
11	2234093	rs11043143	11	2220304	rs4075003	0.696874
11	2234093	rs11043143	11	2221765	rs72853954	0.706662
11	2234093	rs11043143	11	2222002	rs76275158	0.459631
11	2234093	rs11043143	11	2222271	rs72853956	0.18167
11	2234093	rs11043143	11	2222815	rs12270978	0.307559
11	2234093	rs11043143	11	2223264	rs72853960	0.693884
11	2234093	rs11043143	11	2223850	rs10840550	0.258088
11	2234093	rs11043143	11	2224175	rs73407554	0.709687
11	2234093	rs11043143	11	2224664	rs72853963	0.859788
11	2234093	rs11043143	11	2224932	rs7483577	0.288169
11	2234093	rs11043143	11	2224958	rs7480120	0.560627
11	2234093	rs11043143	11	2225364	rs11600334	0.310521
11	2234093	rs11043143	11	2225626	rs10743176	0.915846
11	2234093	rs11043143	11	2225709	rs71029115	0.909564
11	2234093	rs11043143	11	2226789	rs71455920	0.908931
11	2234093	rs11043143	11	2226905	rs62650858	0.92229
11	2234093	rs11043143	11	2226968	rs144294078	0.81784
11	2234093	rs11043143	11	2227193	rs62636241	0.928604
11	2234093	rs11043143	11	2228618	rs10840584	0.941339
11	2234093	rs11043143	11	2228709	rs7114418	0.561202
11	2234093	rs11043143	11	2228935	rs7114709	0.320158
11	2234093	rs11043143	11	2228952	rs7126629	0.941339
11	2234093	rs11043143	11	2229012	rs7114836	0.941339
11	2234093	rs11043143	11	2229111	rs7126857	0.941339
11	2234093	rs11043143	11	2229360	rs7127162	0.941339
11	2234093	rs11043143	11	2229361	rs7115232	0.569769
11	2234093	rs11043143	11	2229573	rs10743180	0.941339
11	2234093	rs11043143	11	2229645	rs10840588	0.518104
11	2234093	rs11043143	11	2229759	rs10743181	0.86581
11	2234093	rs11043143	11	2229782	rs10743182	0.859222
11	2234093	rs11043143	11	2230152	rs4077456	0.980432
11	2234093	rs11043143	11	2230210	rs35506124	0.980432
11	2234093	rs11043143	11	2230354	rs4077457	0.980432
11	2234093	rs11043143	11	2230460	rs7481129	0.980432
11	2234093	rs11043143	11	2231001	rs116915405	0.217799
11	2234093	rs11043143	11	2231341	rs4076054	0.993418
11	2234093	rs11043143	11	2231694	rs7395734	0.993418
11	2234093	rs11043143	11	2231774	rs6578999	0.993418
11	2234093	rs11043143	11	2231863	rs12791049	0.273225
11	2234093	rs11043143	11	2232042	rs6579000	1
11	2234093	rs11043143	11	2232056	rs6579001	1
11	2234093	rs11043143	11	2232229	rs6579002	1
11	2234093	rs11043143	11	2232272	rs7123180	1
11	2234093	rs11043143	11	2232310	rs6579003	1
11	2234093	rs11043143	11	2232344	rs7123299	1
11	2234093	rs11043143	11	2232359	rs7123312	1
11	2234093	rs11043143	11	2232378	rs7123418	1
11	2234093	rs11043143	11	2232624	rs11043132	0.993418
11	2234093	rs11043143	11	2232665	rs11043133	1
11	2234093	rs11043143	11	2232682	rs11043134	1
11	2234093	rs11043143	11	2232696	rs11043135	1
11	2234093	rs11043143	11	2232809	rs34792987	0.279875
11	2234093	rs11043143	11	2232814	rs11603101	1
11	2234093	rs11043143	11	2232911	rs7121039	1
11	2234093	rs11043143	11	2233041	rs7109219	0.610345
11	2234093	rs11043143	11	2233219	rs7109474	1
11	2234093	rs11043143	11	2233234	rs7121452	1
11	2234093	rs11043143	11	2233365	rs7127599	1
11	2234093	rs11043143	11	2233451	rs7109777	0.610345
11	2234093	rs11043143	11	2233485	rs66754298	1
11	2234093	rs11043143	11	2233495	rs138751511	1
11	2234093	rs11043143	11	2233549	rs67186729	0.610345
11	2234093	rs11043143	11	2233574	rs7127900	1
11	2234093	rs11043143	11	2233603	rs67798996	0.610345
11	2234093	rs11043143	11	2233609	rs7112959	0.597834
11	2234093	rs11043143	11	2233617	rs7125026	0.597771
11	2234093	rs11043143	11	2233630	rs67379609	0.597834
11	2234093	rs11043143	11	2233635	rs71455921	0.597834
11	2234093	rs11043143	11	2233797	rs10840603	1
11	2234093	rs11043143	11	2233951	rs11043140	0.610345
11	2234093	rs11043143	11	2234042	rs11043142	0.610345
11	2234093	rs11043143	11	2234093	rs11043143	1
11	2234093	rs11043143	11	2234169	rs11043147	0.610345
11	2234093	rs11043143	11	2234690	rs10840606	0.866569
11	2234093	rs11043143	11	2235590	rs12803147	0.123832
11	2234093	rs11043143	11	2236653	rs11021704	0.184171
11	2234093	rs11043143	11	2236689	rs11021705	0.184171
11	2234093	rs11043143	11	2236750	rs11021706	0.184171
11	2234093	rs11043143	11	2236885	rs11021707	0.184171
11	2234093	rs11043143	11	2236956	rs60248732	0.110297
11	2234093	rs11043143	11	2237219	rs4076542	0.110478
11	2234093	rs11043143	11	2237221	rs4076541	0.110478
11	2234093	rs11043143	11	2237393	rs10831548	0.112715
11	2234093	rs11043143	11	2237475	rs11021711	0.109072
11	2234093	rs11043143	11	2237506	rs10831549	0.109072
11	2234093	rs11043143	11	2237567	rs4930051	0.116568
11	2234093	rs11043143	11	2237667	rs12420721	0.182242
11	2234093	rs11043143	11	2240416	rs7480235	0.110884
11	2234093	rs11043143	11	2241215	rs11606404	0.109072
11	2234093	rs11043143	11	2241272	rs11021732	0.109072
11	2234093	rs11043143	11	2241321	rs10765826	0.116568
11	2234093	rs11043143	11	2243891	rs10831574	0.107984
11	2234093	rs11043143	11	2244318	rs7126234	0.107984
11	2234093	rs11043143	11	2247267	rs7109523	0.1847
11	2234093	rs11043143	11	2248200	rs117895267	0.272055
11	2234093	rs11043143	11	2249854	rs4393314	0.1847
11	2234093	rs11043143	11	2250149	rs4644645	0.288079
11	2234093	rs11043143	11	2250889	rs4430511	0.291743
11	2234093	rs11043143	11	2254644	rs4320954	0.288079
11	2234093	rs11043143	11	2255018	rs10734184	0.246476
11	2234093	rs11043143	11	2255147	rs75029415	0.284458
11	2234093	rs11043143	11	2255246	rs11021832	0.112551
11	2234093	rs11043143	11	2256031	rs10765849	0.113073
11	2234093	rs11043143	11	2257333	rs7396800	0.277344
11	2234093	rs11043143	11	2258686	rs12282068	0.091904
11	2234093	rs11043143	11	2259087	rs4506651	0.0965412
11	2234093	rs11043143	11	2259516	rs76596056	0.090062
11	2234093	rs11043143	11	2262440	rs4335552	0.11971
11	2234093	rs11043143	11	2262545	rs6578249	0.244178
11	2234093	rs11043143	11	2262639	rs6578250	0.244178
11	2234093	rs11043143	11	2264314	rs58678758	0.244178
11	2234093	rs11043143	11	2269112	rs72844119	0.28088
11	2234093	rs11043143	11	2270411	rs5789248	0.221444
11	2234093	rs11043143	11	2271323	rs739545	0.103995
11	2234093	rs11043143	11	2272989	rs10741556	0.103995
11	2234093	rs11043143	11	2276694	rs726220	0.103995
11	2234093	rs11043143	11	2277693	rs144872107	0.103995
11	2234093	rs11043143	11	2277720	rs549715518	0.102629
11	2234093	rs11043143	11	2277728	rs372305332	0.102629
11	2234093	rs11043143	11	2279118	rs113894883	0.177814
11	2234093	rs11043143	11	2279711	rs1548426	0.177814
11	2234093	rs11043143	11	2280751	rs17248845	0.23472
11	2234093	rs11043143	11	2282725	rs1548427	0.177814
11	2234093	rs11043143	11	2282904	rs1548428	0.154281
11	2234093	rs11043143	11	2283007	rs4930063	0.177814
11	2234093	rs11043143	11	2283039	rs4930064	0.177814
11	2234093	rs11043143	11	2283459	rs17737713	0.174898
11	2234093	rs11043143	11	2283497	rs72844136	0.177814
11	2234093	rs11043143	11	2283540	rs145473322	0.177814
11	2234093	rs11043143	11	2283608	rs7397025	0.174898
11	2234093	rs11043143	11	2284064	rs151338835	0.0971541
11	2234093	rs11043143	11	2284590	rs17659078	0.0986815
11	2234093	rs11043143	11	2286243	rs739543	0.0945161
11	2234093	rs11043143	11	2286348	rs72844139	0.0945161
11	2234093	rs11043143	11	2287135	rs34934729	0.0945161
11	2234093	rs11043143	11	2288303	rs12417933	0.0901251
11	2234093	rs11043143	11	2294537	rs7394849	0.092347
11	2234093	rs11043143	11	2294899	rs4929970	0.0911803
11	2234093	rs11043143	11	2294908	rs4930066	0.0924284
11	2234093	rs11043143	11	2297593	rs117600498	0.157324
