CHR_A	BP_A	SNP_A	CHR_B	BP_B	SNP_B	R2
17	69108753	rs1859962	17	69034130	rs17177590	0.10949
17	69108753	rs1859962	17	69034408	rs567143919	0.0936622
17	69108753	rs1859962	17	69037369	rs56000426	0.109561
17	69108753	rs1859962	17	69039982	rs12150119	0.10949
17	69108753	rs1859962	17	69040912	rs12944780	0.0933369
17	69108753	rs1859962	17	69042745	rs72868323	0.10949
17	69108753	rs1859962	17	69044696	rs72868325	0.10949
17	69108753	rs1859962	17	69046048	rs72490441	0.10949
17	69108753	rs1859962	17	69046230	rs10570989	0.104356
17	69108753	rs1859962	17	69047151	rs184903948	0.105298
17	69108753	rs1859962	17	69048782	rs55791411	0.105564
17	69108753	rs1859962	17	69050570	rs2058844	0.108633
17	69108753	rs1859962	17	69052408	rs17824197	0.105634
17	69108753	rs1859962	17	69056825	rs2058843	0.105088
17	69108753	rs1859962	17	69056898	rs56089341	0.0924292
17	69108753	rs1859962	17	69060121	rs55698767	0.0907308
17	69108753	rs1859962	17	69064550	rs2193349	0.107091
17	69108753	rs1859962	17	69064619	rs55970951	0.106735
17	69108753	rs1859962	17	69066169	rs4338831	0.0986136
17	69108753	rs1859962	17	69069976	rs34114645	0.107458
17	69108753	rs1859962	17	69070190	rs4793526	0.280779
17	69108753	rs1859962	17	69070197	rs4793527	0.280779
17	69108753	rs1859962	17	69070597	rs4793330	0.258506
17	69108753	rs1859962	17	69070741	rs12945790	0.280779
17	69108753	rs1859962	17	69070743	rs12945793	0.280779
17	69108753	rs1859962	17	69070869	rs12942301	0.284611
17	69108753	rs1859962	17	69071173	rs8077040	0.103343
17	69108753	rs1859962	17	69071206	rs11077543	0.285855
17	69108753	rs1859962	17	69071872	rs35968966	0.280779
17	69108753	rs1859962	17	69072094	rs1861689	0.280779
17	69108753	rs1859962	17	69072253	rs1861690	0.293225
17	69108753	rs1859962	17	69072531	rs2367245	0.260651
17	69108753	rs1859962	17	69072537	rs2367246	0.260651
17	69108753	rs1859962	17	69072555	rs2367247	0.260651
17	69108753	rs1859962	17	69072712	rs2367248	0.26147
17	69108753	rs1859962	17	69072760	rs4337333	0.260651
17	69108753	rs1859962	17	69072864	rs2367249	0.26147
17	69108753	rs1859962	17	69073192	rs9898686	0.0932654
17	69108753	rs1859962	17	69073319	rs9899756	0.0932654
17	69108753	rs1859962	17	69073645	rs68120025	0.0932654
17	69108753	rs1859962	17	69073670	rs68193035	0.0932641
17	69108753	rs1859962	17	69074248	rs17224342	0.172427
17	69108753	rs1859962	17	69074264	rs12938195	0.262672
17	69108753	rs1859962	17	69074299	rs7216999	0.262672
17	69108753	rs1859962	17	69074349	rs7215968	0.262672
17	69108753	rs1859962	17	69074400	rs7217179	0.262672
17	69108753	rs1859962	17	69074425	rs7215998	0.262672
17	69108753	rs1859962	17	69074616	rs202144927	0.0932641
17	69108753	rs1859962	17	69074779	rs9906150	0.0932641
17	69108753	rs1859962	17	69078265	rs76305939	0.108916
17	69108753	rs1859962	17	69079470	rs11077545	0.124942
17	69108753	rs1859962	17	69080344	rs546624682;rs145452091	0.104713
17	69108753	rs1859962	17	69081148	rs11867272	0.114471
17	69108753	rs1859962	17	69084380	rs59437446	0.13066
17	69108753	rs1859962	17	69085577	rs11652143	0.114436
17	69108753	rs1859962	17	69086771	rs9904895	0.238948
17	69108753	rs1859962	17	69088651	rs7217550	0.245702
17	69108753	rs1859962	17	69088821	rs55780792	0.15867
17	69108753	rs1859962	17	69088823	rs9302930	0.243285
17	69108753	rs1859962	17	69089434	rs16967044	0.360601
17	69108753	rs1859962	17	69089507	rs9914833	0.243285
17	69108753	rs1859962	17	69090077	rs7212301	0.227684
17	69108753	rs1859962	17	69090517	rs112024856	0.227684
17	69108753	rs1859962	17	69092586	rs8080466	0.227684
17	69108753	rs1859962	17	69094568	rs17765273	0.360601
17	69108753	rs1859962	17	69094959	rs12450393	0.245702
17	69108753	rs1859962	17	69097293	rs7212237	0.351893
17	69108753	rs1859962	17	69098801	rs9302931	0.22861
17	69108753	rs1859962	17	69099300	rs10852729	0.22796
17	69108753	rs1859962	17	69099310	rs2159033	0.345466
17	69108753	rs1859962	17	69099380	rs2886911	0.361952
17	69108753	rs1859962	17	69099827	rs7214412	0.209524
17	69108753	rs1859962	17	69101244	rs2367252	0.255007
17	69108753	rs1859962	17	69101576	rs2190692	0.256937
17	69108753	rs1859962	17	69102510	rs67119797	0.092934
17	69108753	rs1859962	17	69103162	rs7211190	0.227274
17	69108753	rs1859962	17	69103758	rs2190693	0.174012
17	69108753	rs1859962	17	69104938	rs7222314	0.960711
17	69108753	rs1859962	17	69104964	rs11077547	0.405456
17	69108753	rs1859962	17	69105350	rs16976411	0.195053
17	69108753	rs1859962	17	69105584	rs991528	0.221636
17	69108753	rs1859962	17	69106000	rs564673212;rs11293277	0.905573
17	69108753	rs1859962	17	69106742	rs17765332	0.964797
17	69108753	rs1859962	17	69106874	rs17765344	0.984043
17	69108753	rs1859962	17	69106887	rs113328478	0.920688
17	69108753	rs1859962	17	69106912	rs62062347	0.19574
17	69108753	rs1859962	17	69106937	rs9908087	0.99203
17	69108753	rs1859962	17	69106980	rs141271147	0.429622
17	69108753	rs1859962	17	69107018	rs9901566	0.99203
17	69108753	rs1859962	17	69107673	rs8071558	0.988043
17	69108753	rs1859962	17	69107816	rs8072254	0.99203
17	69108753	rs1859962	17	69108127	rs984434	0.988043
17	69108753	rs1859962	17	69108753	rs1859962	1
17	69108753	rs1859962	17	69109618	rs11650165	0.465486
17	69108753	rs1859962	17	69109773	rs991429	0.99203
17	69108753	rs1859962	17	69110640	rs62062348	0.110276
17	69108753	rs1859962	17	69110773	rs4793528	0.466106
17	69108753	rs1859962	17	69110923	rs7217073	0.99203
17	69108753	rs1859962	17	69110932	rs7216498	0.92518
17	69108753	rs1859962	17	69111098	rs9674957	0.498457
17	69108753	rs1859962	17	69111219	rs56966654	0.99203
17	69108753	rs1859962	17	69112233	rs8077906	0.458368
17	69108753	rs1859962	17	69113107	rs1859963	0.960915
17	69108753	rs1859962	17	69113577	rs8066875	0.429185
17	69108753	rs1859962	17	69114270	rs61495683	0.218341
17	69108753	rs1859962	17	69114655	rs11357418	0.149675
17	69108753	rs1859962	17	69115146	rs9889335	0.99203
17	69108753	rs1859962	17	69115358	rs9911515	0.988043
17	69108753	rs1859962	17	69116230	rs4328484	0.466106
17	69108753	rs1859962	17	69116817	rs62062351	0.195053
17	69108753	rs1859962	17	69116935	rs8068266	0.960915
17	69108753	rs1859962	17	69117214	rs8072735	0.960915
17	69108753	rs1859962	17	69117532	rs148511027	0.960915
17	69108753	rs1859962	17	69118087	rs12947919	0.0969443
17	69108753	rs1859962	17	69118401	rs75098281	0.194374
17	69108753	rs1859962	17	69118437	rs9893698	0.948545
17	69108753	rs1859962	17	69118636	rs4793529	0.960915
17	69108753	rs1859962	17	69119290	rs6501436	0.988043
17	69108753	rs1859962	17	69119291	rs73997014	0.194374
17	69108753	rs1859962	17	69119481	rs7217652	0.408069
17	69108753	rs1859962	17	69119588	rs11386981	0.721185
17	69108753	rs1859962	17	69119972	rs6501437	0.80039
17	69108753	rs1859962	17	69120160	rs6501438	0.813534
17	69108753	rs1859962	17	69120695	rs8074361	0.759789
17	69108753	rs1859962	17	69120855	rs8079315	0.755438
17	69108753	rs1859962	17	69120892	rs61572722	0.174876
17	69108753	rs1859962	17	69120962	rs62062352	0.147038
17	69108753	rs1859962	17	69121276	rs5821825	0.745733
17	69108753	rs1859962	17	69121286	rs2367256	0.755438
17	69108753	rs1859962	17	69121331	rs2190696	0.755438
17	69108753	rs1859962	17	69121341	rs2190697	0.755438
17	69108753	rs1859962	17	69121597	rs4362433	0.752745
17	69108753	rs1859962	17	69121631	rs4366746	0.752745
17	69108753	rs1859962	17	69121643	rs4366747	0.752745
17	69108753	rs1859962	17	69121755	rs2159034	0.74494
17	69108753	rs1859962	17	69121783	rs2159035	0.736341
17	69108753	rs1859962	17	69121845	rs1014000	0.74494
17	69108753	rs1859962	17	69121935	rs1013999	0.74494
17	69108753	rs1859962	17	69122410	rs61193653	0.748494
17	69108753	rs1859962	17	69122468	rs17824565	0.74494
17	69108753	rs1859962	17	69122480	rs17224666	0.74494
17	69108753	rs1859962	17	69122693	rs9783828	0.741399
17	69108753	rs1859962	17	69122764	rs17765410	0.178826
17	69108753	rs1859962	17	69123014	rs9783825	0.74494
17	69108753	rs1859962	17	69123044	rs569208054;rs68181509	0.67977
17	69108753	rs1859962	17	69123106	rs56347314	0.741399
17	69108753	rs1859962	17	69123107	rs9783826	0.74494
17	69108753	rs1859962	17	69123559	rs9302932	0.74494
17	69108753	rs1859962	17	69123684	rs2367257	0.74494
17	69108753	rs1859962	17	69123691	rs2886913	0.74494
17	69108753	rs1859962	17	69123741	rs2367258	0.74494
17	69108753	rs1859962	17	69124310	rs4793333	0.742283
17	69108753	rs1859962	17	69124420	rs8081862	0.74494
17	69108753	rs1859962	17	69124474	rs111244787	0.74494
17	69108753	rs1859962	17	69124481	rs77753747	0.582913
17	69108753	rs1859962	17	69124884	rs6501439	0.74494
17	69108753	rs1859962	17	69125032	rs6501440	0.74494
17	69108753	rs1859962	17	69125086	rs6501441	0.74494
17	69108753	rs1859962	17	69125142	rs6501442	0.74494
17	69108753	rs1859962	17	69125157	rs6501443	0.74494
17	69108753	rs1859962	17	69125263	rs4793530	0.74494
17	69108753	rs1859962	17	69125507	rs7206958	0.74494
17	69108753	rs1859962	17	69125606	rs11654749	0.277274
17	69108753	rs1859962	17	69126519	rs34078895	0.740634
17	69108753	rs1859962	17	69126953	rs8073978	0.741399
17	69108753	rs1859962	17	69127020	rs8074021	0.741399
17	69108753	rs1859962	17	69127021	rs200103317	0.165146
17	69108753	rs1859962	17	69127365	rs62063866	0.174973
17	69108753	rs1859962	17	69127403	rs9906164	0.741399
17	69108753	rs1859962	17	69127568	rs9908315	0.741399
17	69108753	rs1859962	17	69127570	rs9906627	0.741399
17	69108753	rs1859962	17	69127675	rs11871327	0.277658
17	69108753	rs1859962	17	69127773	rs11868971	0.741399
17	69108753	rs1859962	17	69127821	rs34171878	0.700656
17	69108753	rs1859962	17	69127852	rs56229089	0.698056
17	69108753	rs1859962	17	69127974	rs55873433	0.286542
17	69108753	rs1859962	17	69128075	rs370198892	0.470073
17	69108753	rs1859962	17	69128079	rs575952861	0.470073
17	69108753	rs1859962	17	69128081	rs56242401	0.470073
17	69108753	rs1859962	17	69128083	rs55662756	0.734429
17	69108753	rs1859962	17	69128089	rs9899619	0.734429
17	69108753	rs1859962	17	69128116	rs9907995	0.734429
17	69108753	rs1859962	17	69128183	rs57195102	0.737871
17	69108753	rs1859962	17	69128981	rs72866756	0.27326
17	69108753	rs1859962	17	69129072	rs28526842	0.268897
17	69108753	rs1859962	17	69129381	rs34704292	0.0984121
17	69108753	rs1859962	17	69129832	rs11653132	0.295917
17	69108753	rs1859962	17	69130538	rs11654295	0.268528
17	69108753	rs1859962	17	69130704	rs4398141	0.268897
17	69108753	rs1859962	17	69130716	rs4471727	0.268897
17	69108753	rs1859962	17	69130836	rs4300694	0.268528
17	69108753	rs1859962	17	69131058	rs7501691	0.268897
17	69108753	rs1859962	17	69131305	rs2367260	0.269273
17	69108753	rs1859962	17	69131306	rs2367261	0.268528
17	69108753	rs1859962	17	69131694	rs28523317	0.268897
17	69108753	rs1859962	17	69131909	rs8076830	0.722214
17	69108753	rs1859962	17	69131960	rs60743985	0.722214
17	69108753	rs1859962	17	69132488	rs9906588	0.722214
17	69108753	rs1859962	17	69133273	rs113659061	0.195823
17	69108753	rs1859962	17	69133307	rs4793531	0.269273
17	69108753	rs1859962	17	69133434	rs369494254	0.262621
17	69108753	rs1859962	17	69134043	rs11656229	0.269655
17	69108753	rs1859962	17	69134554	rs28690329	0.269273
17	69108753	rs1859962	17	69134697	rs28579305	0.269655
17	69108753	rs1859962	17	69134717	rs11656479	0.269273
17	69108753	rs1859962	17	69135026	rs11656520	0.269655
17	69108753	rs1859962	17	69135357	rs9902159	0.269273
17	69108753	rs1859962	17	69135631	rs9900242	0.269273
17	69108753	rs1859962	17	69136189	rs11653076	0.268528
17	69108753	rs1859962	17	69136395	rs59674517	0.667082
17	69108753	rs1859962	17	69137058	rs113009447	0.148377
17	69108753	rs1859962	17	69137308	rs11077549	0.269273
17	69108753	rs1859962	17	69137948	rs9908442	0.268897
17	69108753	rs1859962	17	69137982	rs4793334	0.268897
17	69108753	rs1859962	17	69138243	rs17178034	0.268897
17	69108753	rs1859962	17	69138255	rs17178041	0.268528
17	69108753	rs1859962	17	69138403	rs2058083	0.268897
17	69108753	rs1859962	17	69139017	rs2058084	0.269655
17	69108753	rs1859962	17	69139047	rs2058085	0.269273
17	69108753	rs1859962	17	69139272	rs58506674	0.269655
17	69108753	rs1859962	17	69139331	rs11654896	0.269655
17	69108753	rs1859962	17	69139352	rs11655964	0.269655
17	69108753	rs1859962	17	69139583	rs11655006	0.274428
17	69108753	rs1859962	17	69139836	rs368572968	0.665907
17	69108753	rs1859962	17	69139979	rs1468481	0.283409
17	69108753	rs1859962	17	69140220	rs59181466	0.274428
17	69108753	rs1859962	17	69140466	rs11657344	0.274032
17	69108753	rs1859962	17	69140933	rs7216323	0.274428
17	69108753	rs1859962	17	69140950	rs7221230	0.274428
17	69108753	rs1859962	17	69141711	rs9907587	0.274428
17	69108753	rs1859962	17	69142191	rs17178062	0.274428
17	69108753	rs1859962	17	69142286	rs536128773;rs149096207	0.249135
17	69108753	rs1859962	17	69142332	rs73994236	0.177934
17	69108753	rs1859962	17	69142628	rs9915190	0.274032
17	69108753	rs1859962	17	69142728	rs8078520	0.196043
17	69108753	rs1859962	17	69142778	rs8065751	0.196043
17	69108753	rs1859962	17	69142807	rs8080251	0.196043
17	69108753	rs1859962	17	69143664	rs2159036	0.274032
17	69108753	rs1859962	17	69144192	rs2041113	0.273643
17	69108753	rs1859962	17	69144617	rs2041114	0.731967
17	69108753	rs1859962	17	69145336	rs956218	0.703327
17	69108753	rs1859962	17	69145413	rs723338	0.703327
17	69108753	rs1859962	17	69145707	rs956219	0.700794
17	69108753	rs1859962	17	69145804	rs28703253	0.700794
17	69108753	rs1859962	17	69146036	rs28514850	0.700794
17	69108753	rs1859962	17	69146079	rs8081602	0.700794
17	69108753	rs1859962	17	69146168	rs8081751	0.70396
17	69108753	rs1859962	17	69146243	rs8080184	0.700794
17	69108753	rs1859962	17	69146427	rs2041115	0.700794
17	69108753	rs1859962	17	69146830	rs8064263	0.696843
17	69108753	rs1859962	17	69147076	rs9897865	0.696843
17	69108753	rs1859962	17	69147122	rs72866787	0.404669
17	69108753	rs1859962	17	69147522	rs11656242	0.404669
17	69108753	rs1859962	17	69147542	rs9897358	0.696843
17	69108753	rs1859962	17	69147591	rs11651123	0.40241
17	69108753	rs1859962	17	69147636	rs11657298	0.40018
17	69108753	rs1859962	17	69147746	rs9906121	0.696843
17	69108753	rs1859962	17	69147780	rs9900302	0.696843
17	69108753	rs1859962	17	69148519	rs11651469	0.634547
17	69108753	rs1859962	17	69148558	rs11651501	0.634547
17	69108753	rs1859962	17	69148917	rs72866795	0.401428
17	69108753	rs1859962	17	69149543	rs9899201	0.63082
17	69108753	rs1859962	17	69149910	rs719615	0.401428
17	69108753	rs1859962	17	69150392	rs576569276	0.0919901
17	69108753	rs1859962	17	69151198	rs2058086	0.69082
17	69108753	rs1859962	17	69151972	rs1558119	0.399203
17	69108753	rs1859962	17	69152670	rs72468500	0.40241
17	69108753	rs1859962	17	69152825	rs56206939	0.40241
17	69108753	rs1859962	17	69155430	rs11077550	0.40241
17	69108753	rs1859962	17	69155834	rs12150098	0.40241
17	69108753	rs1859962	17	69156386	rs4316800	0.40241
17	69108753	rs1859962	17	69157508	rs1974561	0.40241
17	69108753	rs1859962	17	69157991	rs55891624	0.40241
17	69108753	rs1859962	17	69158360	rs11870806	0.40241
17	69108753	rs1859962	17	69159489	rs9909762	0.69435
17	69108753	rs1859962	17	69159577	rs9910829	0.69435
17	69108753	rs1859962	17	69159653	rs58080293	0.475406
17	69108753	rs1859962	17	69159767	rs7220274	0.69082
17	69108753	rs1859962	17	69160306	rs28519385	0.691174
17	69108753	rs1859962	17	69160475	rs17224833	0.691174
17	69108753	rs1859962	17	69160900	rs2108534	0.69435
17	69108753	rs1859962	17	69161145	rs2108535	0.40241
17	69108753	rs1859962	17	69161391	rs8182284	0.398326
17	69108753	rs1859962	17	69161554	rs8182286	0.69435
17	69108753	rs1859962	17	69163510	rs534179158	0.39666
17	69108753	rs1859962	17	69164251	rs10712335	0.701444
17	69108753	rs1859962	17	69164471	rs4793533	0.697891
17	69108753	rs1859962	17	69164862	rs8069925	0.69435
17	69108753	rs1859962	17	69164895	rs8068189	0.431449
17	69108753	rs1859962	17	69165199	rs9901508	0.69435
17	69108753	rs1859962	17	69165219	rs9907418	0.69435
17	69108753	rs1859962	17	69165704	rs62063901	0.19724
17	69108753	rs1859962	17	69165750	rs68181052	0.697891
17	69108753	rs1859962	17	69166288	rs2367263	0.687034
17	69108753	rs1859962	17	69166571	rs1859964	0.680055
17	69108753	rs1859962	17	69167095	rs1859965	0.687034
17	69108753	rs1859962	17	69168058	rs6501446	0.671904
17	69108753	rs1859962	17	69168293	rs4793534	0.375585
17	69108753	rs1859962	17	69168381	rs4239156	0.67423
17	69108753	rs1859962	17	69168406	rs4438347	0.67423
17	69108753	rs1859962	17	69168691	rs4793335	0.393059
17	69108753	rs1859962	17	69169250	rs9891611	0.676581
17	69108753	rs1859962	17	69170813	rs141982186	0.391198
17	69108753	rs1859962	17	69171226	rs2097984	0.39189
17	69108753	rs1859962	17	69172470	rs9893839	0.649833
17	69108753	rs1859962	17	69172536	rs11654068	0.374692
17	69108753	rs1859962	17	69172702	rs8079962	0.649833
17	69108753	rs1859962	17	69173098	rs6501447	0.646292
17	69108753	rs1859962	17	69173367	rs72869449	0.374692
17	69108753	rs1859962	17	69173451	rs72869451	0.338377
17	69108753	rs1859962	17	69173813	rs2886914	0.374692
17	69108753	rs1859962	17	69174496	rs11868953	0.374399
17	69108753	rs1859962	17	69175190	rs2367264	0.330515
17	69108753	rs1859962	17	69175194	rs566620836	0.299404
17	69108753	rs1859962	17	69175407	rs8076811	0.622745
17	69108753	rs1859962	17	69175611	rs35559603	0.354136
17	69108753	rs1859962	17	69176879	rs17178251	0.354136
17	69108753	rs1859962	17	69177242	rs34979615	0.354136
17	69108753	rs1859962	17	69178447	rs72869461	0.371599
17	69108753	rs1859962	17	69178704	rs17765632	0.371599
17	69108753	rs1859962	17	69179369	rs72869463	0.371599
17	69108753	rs1859962	17	69179492	rs17765644	0.371599
17	69108753	rs1859962	17	69179642	rs10652863	0.648017
17	69108753	rs1859962	17	69180058	rs9913988	0.651014
17	69108753	rs1859962	17	69180818	rs539885584	0.239646
17	69108753	rs1859962	17	69181003	rs758106	0.6475
17	69108753	rs1859962	17	69181096	rs740408	0.372501
17	69108753	rs1859962	17	69182161	rs2886915	0.648017
17	69108753	rs1859962	17	69182293	rs2003060	0.648017
17	69108753	rs1859962	17	69183998	rs17178293	0.371599
17	69108753	rs1859962	17	69184314	rs11653243	0.367629
17	69108753	rs1859962	17	69184727	rs11658483	0.371599
17	69108753	rs1859962	17	69184952	rs9891648	0.65155
17	69108753	rs1859962	17	69185195	rs9898150	0.372501
17	69108753	rs1859962	17	69185800	rs8064966	0.354943
17	69108753	rs1859962	17	69186237	rs9905861	0.35141
17	69108753	rs1859962	17	69186334	rs9906098	0.621937
17	69108753	rs1859962	17	69186366	rs4570900	0.35141
17	69108753	rs1859962	17	69186513	rs4586491	0.352209
17	69108753	rs1859962	17	69186534	rs4471728	0.358615
17	69108753	rs1859962	17	69186554	rs4632175	0.35141
17	69108753	rs1859962	17	69186556	rs4561513	0.35141
17	69108753	rs1859962	17	69186881	rs4793535	0.35141
17	69108753	rs1859962	17	69187216	rs10717595	0.35141
17	69108753	rs1859962	17	69188769	rs4611499	0.35141
17	69108753	rs1859962	17	69190423	rs560258629;rs61182727	0.595631
17	69108753	rs1859962	17	69190949	rs7214479	0.609752
17	69108753	rs1859962	17	69190974	rs7214488	0.206633
17	69108753	rs1859962	17	69191316	rs1008348	0.34869
17	69108753	rs1859962	17	69192032	rs11313840	0.347137
17	69108753	rs1859962	17	69192845	rs6501449	0.405542
17	69108753	rs1859962	17	69193055	rs6501450	0.408497
17	69108753	rs1859962	17	69193131	rs6501451	0.654501
17	69108753	rs1859962	17	69193287	rs6501452	0.404533
17	69108753	rs1859962	17	69195241	rs11870732	0.35141
17	69108753	rs1859962	17	69195541	rs17178370	0.35141
17	69108753	rs1859962	17	69196435	rs62063932	0.0908027
17	69108753	rs1859962	17	69196487	rs60293051	0.35141
17	69108753	rs1859962	17	69197674	rs7225025	0.404447
17	69108753	rs1859962	17	69198133	rs17178377	0.3709
17	69108753	rs1859962	17	69199056	rs11655744	0.650937
17	69108753	rs1859962	17	69199987	rs2367266	0.647383
17	69108753	rs1859962	17	69200329	rs36043014	0.102292
17	69108753	rs1859962	17	69200643	rs1107305	0.385387
17	69108753	rs1859962	17	69201811	rs6501455	0.404447
17	69108753	rs1859962	17	69202014	rs11658666	0.36586
17	69108753	rs1859962	17	69203664	rs7209505	0.622321
17	69108753	rs1859962	17	69203691	rs140963150	0.538949
17	69108753	rs1859962	17	69205148	rs4313845	0.352147
17	69108753	rs1859962	17	69206626	rs147185704	0.363648
17	69108753	rs1859962	17	69207468	rs2190463	0.618713
17	69108753	rs1859962	17	69207887	rs111708945	0.382522
17	69108753	rs1859962	17	69207938	rs11657593	0.614693
17	69108753	rs1859962	17	69208375	rs113121534	0.381561
17	69108753	rs1859962	17	69208520	rs140684497	0.612036
17	69108753	rs1859962	17	69208579	rs62063939	0.612036
17	69108753	rs1859962	17	69208943	rs548488457;rs201318264	0.393686
17	69108753	rs1859962	17	69208966	rs11654355	0.259224
17	69108753	rs1859962	17	69209252	rs6501457	0.262412
17	69108753	rs1859962	17	69209694	rs8066924	0.345154
17	69108753	rs1859962	17	69209805	rs8079912	0.345154
17	69108753	rs1859962	17	69209923	rs8066934	0.345154
17	69108753	rs1859962	17	69210354	rs8067145	0.607072
17	69108753	rs1859962	17	69210452	rs77081239	0.379568
17	69108753	rs1859962	17	69211366	rs2190456	0.378597
17	69108753	rs1859962	17	69211683	rs9905278	0.388217
17	69108753	rs1859962	17	69212061	rs983085	0.379568
17	69108753	rs1859962	17	69212318	rs72873967	0.34942
17	69108753	rs1859962	17	69212726	rs34286906	0.378447
17	69108753	rs1859962	17	69212739	rs199854066	0.378447
17	69108753	rs1859962	17	69212795	rs11650277	0.347456
17	69108753	rs1859962	17	69213455	rs6501459	0.337818
17	69108753	rs1859962	17	69214890	rs4793537	0.40415
17	69108753	rs1859962	17	69215816	rs72873975	0.341659
17	69108753	rs1859962	17	69215899	rs60291002	0.559057
17	69108753	rs1859962	17	69215928	rs4793538	0.338169
17	69108753	rs1859962	17	69216041	rs2158905	0.371705
17	69108753	rs1859962	17	69216112	rs2108336	0.403053
17	69108753	rs1859962	17	69216409	rs2190457	0.338169
17	69108753	rs1859962	17	69216687	rs11655567	0.371705
17	69117214	rs8072735	17	69034130	rs17177590	0.100579
17	69117214	rs8072735	17	69034408	rs567143919	0.0956946
17	69117214	rs8072735	17	69037369	rs56000426	0.100693
17	69117214	rs8072735	17	69039982	rs12150119	0.100579
17	69117214	rs8072735	17	69040912	rs12944780	0.0980014
17	69117214	rs8072735	17	69042745	rs72868323	0.100579
17	69117214	rs8072735	17	69044696	rs72868325	0.100579
17	69117214	rs8072735	17	69046048	rs72490441	0.100579
17	69117214	rs8072735	17	69046230	rs10570989	0.0975361
17	69117214	rs8072735	17	69047151	rs184903948	0.0965623
17	69117214	rs8072735	17	69048782	rs55791411	0.0968548
17	69117214	rs8072735	17	69050570	rs2058844	0.111704
17	69117214	rs8072735	17	69052408	rs17824197	0.0969666
17	69117214	rs8072735	17	69056825	rs2058843	0.108219
17	69117214	rs8072735	17	69064550	rs2193349	0.10994
17	69117214	rs8072735	17	69064619	rs55970951	0.0980252
17	69117214	rs8072735	17	69066169	rs4338831	0.103557
17	69117214	rs8072735	17	69069976	rs34114645	0.116299
17	69117214	rs8072735	17	69070190	rs4793526	0.301929
17	69117214	rs8072735	17	69070197	rs4793527	0.301929
17	69117214	rs8072735	17	69070597	rs4793330	0.278978
17	69117214	rs8072735	17	69070741	rs12945790	0.301929
17	69117214	rs8072735	17	69070743	rs12945793	0.301929
17	69117214	rs8072735	17	69070869	rs12942301	0.305856
17	69117214	rs8072735	17	69071173	rs8077040	0.103372
17	69117214	rs8072735	17	69071206	rs11077543	0.302964
17	69117214	rs8072735	17	69071872	rs35968966	0.301929
17	69117214	rs8072735	17	69072094	rs1861689	0.301929
17	69117214	rs8072735	17	69072253	rs1861690	0.314662
17	69117214	rs8072735	17	69072531	rs2367245	0.280597
17	69117214	rs8072735	17	69072537	rs2367246	0.280597
17	69117214	rs8072735	17	69072555	rs2367247	0.280597
17	69117214	rs8072735	17	69072712	rs2367248	0.28154
17	69117214	rs8072735	17	69072760	rs4337333	0.280597
17	69117214	rs8072735	17	69072864	rs2367249	0.28154
17	69117214	rs8072735	17	69073192	rs9898686	0.101911
17	69117214	rs8072735	17	69073319	rs9899756	0.101911
17	69117214	rs8072735	17	69073420	rs141048281	0.0926081
17	69117214	rs8072735	17	69073645	rs68120025	0.101911
17	69117214	rs8072735	17	69073670	rs68193035	0.101948
17	69117214	rs8072735	17	69074248	rs17224342	0.182111
17	69117214	rs8072735	17	69074264	rs12938195	0.278598
17	69117214	rs8072735	17	69074299	rs7216999	0.278598
17	69117214	rs8072735	17	69074349	rs7215968	0.278598
17	69117214	rs8072735	17	69074400	rs7217179	0.278598
17	69117214	rs8072735	17	69074425	rs7215998	0.278598
17	69117214	rs8072735	17	69074616	rs202144927	0.101948
17	69117214	rs8072735	17	69074779	rs9906150	0.101948
17	69117214	rs8072735	17	69078265	rs76305939	0.11468
17	69117214	rs8072735	17	69079470	rs11077545	0.130582
17	69117214	rs8072735	17	69080344	rs546624682;rs145452091	0.110254
17	69117214	rs8072735	17	69081148	rs11867272	0.120561
17	69117214	rs8072735	17	69084380	rs59437446	0.136666
17	69117214	rs8072735	17	69085577	rs11652143	0.120569
17	69117214	rs8072735	17	69086771	rs9904895	0.252372
17	69117214	rs8072735	17	69088651	rs7217550	0.259245
17	69117214	rs8072735	17	69088821	rs55780792	0.162431
17	69117214	rs8072735	17	69088823	rs9302930	0.256763
17	69117214	rs8072735	17	69089434	rs16967044	0.383042
17	69117214	rs8072735	17	69089507	rs9914833	0.256763
17	69117214	rs8072735	17	69090077	rs7212301	0.240426
17	69117214	rs8072735	17	69090517	rs112024856	0.240426
17	69117214	rs8072735	17	69092586	rs8080466	0.240426
17	69117214	rs8072735	17	69094568	rs17765273	0.383042
17	69117214	rs8072735	17	69094959	rs12450393	0.259245
17	69117214	rs8072735	17	69097293	rs7212237	0.37157
17	69117214	rs8072735	17	69098801	rs9302931	0.245966
17	69117214	rs8072735	17	69099300	rs10852729	0.245208
17	69117214	rs8072735	17	69099310	rs2159033	0.363584
17	69117214	rs8072735	17	69099380	rs2886911	0.379827
17	69117214	rs8072735	17	69099827	rs7214412	0.223184
17	69117214	rs8072735	17	69101244	rs2367252	0.271799
17	69117214	rs8072735	17	69101576	rs2190692	0.27379
17	69117214	rs8072735	17	69102510	rs67119797	0.101006
17	69117214	rs8072735	17	69103162	rs7211190	0.24473
17	69117214	rs8072735	17	69103758	rs2190693	0.187101
17	69117214	rs8072735	17	69104938	rs7222314	0.992043
17	69117214	rs8072735	17	69104964	rs11077547	0.42715
17	69117214	rs8072735	17	69105350	rs16976411	0.193231
17	69117214	rs8072735	17	69105584	rs991528	0.223265
17	69117214	rs8072735	17	69106000	rs564673212;rs11293277	0.881029
17	69117214	rs8072735	17	69106742	rs17765332	0.996022
17	69117214	rs8072735	17	69106874	rs17765344	0.960765
17	69117214	rs8072735	17	69106887	rs113328478	0.888508
17	69117214	rs8072735	17	69106912	rs62062347	0.193988
17	69117214	rs8072735	17	69106937	rs9908087	0.96877
17	69117214	rs8072735	17	69106980	rs141271147	0.412417
17	69117214	rs8072735	17	69107018	rs9901566	0.96877
17	69117214	rs8072735	17	69107673	rs8071558	0.972533
17	69117214	rs8072735	17	69107816	rs8072254	0.96877
17	69117214	rs8072735	17	69108127	rs984434	0.972533
17	69117214	rs8072735	17	69108753	rs1859962	0.960915
17	69117214	rs8072735	17	69109618	rs11650165	0.446336
17	69117214	rs8072735	17	69109773	rs991429	0.96877
17	69117214	rs8072735	17	69110640	rs62062348	0.110818
17	69117214	rs8072735	17	69110773	rs4793528	0.446835
17	69117214	rs8072735	17	69110923	rs7217073	0.96877
17	69117214	rs8072735	17	69110932	rs7216498	0.897614
17	69117214	rs8072735	17	69111098	rs9674957	0.477653
17	69117214	rs8072735	17	69111219	rs56966654	0.96877
17	69117214	rs8072735	17	69112233	rs8077906	0.439979
17	69117214	rs8072735	17	69113107	rs1859963	1
17	69117214	rs8072735	17	69113577	rs8066875	0.412091
17	69117214	rs8072735	17	69114270	rs61495683	0.220288
17	69117214	rs8072735	17	69114655	rs11357418	0.153564
17	69117214	rs8072735	17	69115146	rs9889335	0.96877
17	69117214	rs8072735	17	69115358	rs9911515	0.972533
17	69117214	rs8072735	17	69116230	rs4328484	0.446835
17	69117214	rs8072735	17	69116817	rs62062351	0.193231
17	69117214	rs8072735	17	69116935	rs8068266	1
17	69117214	rs8072735	17	69117214	rs8072735	1
17	69117214	rs8072735	17	69117532	rs148511027	1
17	69117214	rs8072735	17	69118087	rs12947919	0.103625
17	69117214	rs8072735	17	69118401	rs75098281	0.192483
17	69117214	rs8072735	17	69118437	rs9893698	0.980203
17	69117214	rs8072735	17	69118636	rs4793529	1
17	69117214	rs8072735	17	69119290	rs6501436	0.972533
17	69117214	rs8072735	17	69119291	rs73997014	0.192483
17	69117214	rs8072735	17	69119481	rs7217652	0.42959
17	69117214	rs8072735	17	69119588	rs11386981	0.756194
17	69117214	rs8072735	17	69119972	rs6501437	0.83357
17	69117214	rs8072735	17	69120160	rs6501438	0.846491
17	69117214	rs8072735	17	69120695	rs8074361	0.784337
17	69117214	rs8072735	17	69120855	rs8079315	0.780061
17	69117214	rs8072735	17	69120892	rs61572722	0.172101
17	69117214	rs8072735	17	69120962	rs62062352	0.143928
17	69117214	rs8072735	17	69121276	rs5821825	0.770035
17	69117214	rs8072735	17	69121286	rs2367256	0.780061
17	69117214	rs8072735	17	69121331	rs2190696	0.780061
17	69117214	rs8072735	17	69121341	rs2190697	0.780061
17	69117214	rs8072735	17	69121597	rs4362433	0.777169
17	69117214	rs8072735	17	69121631	rs4366746	0.777169
17	69117214	rs8072735	17	69121643	rs4366747	0.777169
17	69117214	rs8072735	17	69121755	rs2159034	0.769436
17	69117214	rs8072735	17	69121783	rs2159035	0.760985
17	69117214	rs8072735	17	69121845	rs1014000	0.769436
17	69117214	rs8072735	17	69121935	rs1013999	0.769436
17	69117214	rs8072735	17	69122410	rs61193653	0.766017
17	69117214	rs8072735	17	69122468	rs17824565	0.769436
17	69117214	rs8072735	17	69122480	rs17224666	0.769436
17	69117214	rs8072735	17	69122693	rs9783828	0.772901
17	69117214	rs8072735	17	69122764	rs17765410	0.17607
17	69117214	rs8072735	17	69123014	rs9783825	0.769436
17	69117214	rs8072735	17	69123044	rs569208054;rs68181509	0.703315
17	69117214	rs8072735	17	69123106	rs56347314	0.772901
17	69117214	rs8072735	17	69123107	rs9783826	0.769436
17	69117214	rs8072735	17	69123559	rs9302932	0.769436
17	69117214	rs8072735	17	69123684	rs2367257	0.769436
17	69117214	rs8072735	17	69123691	rs2886913	0.769436
17	69117214	rs8072735	17	69123741	rs2367258	0.769436
17	69117214	rs8072735	17	69124310	rs4793333	0.766582
17	69117214	rs8072735	17	69124420	rs8081862	0.769436
17	69117214	rs8072735	17	69124474	rs111244787	0.769436
17	69117214	rs8072735	17	69124481	rs77753747	0.603999
17	69117214	rs8072735	17	69124884	rs6501439	0.769436
17	69117214	rs8072735	17	69125032	rs6501440	0.769436
17	69117214	rs8072735	17	69125086	rs6501441	0.769436
17	69117214	rs8072735	17	69125142	rs6501442	0.769436
17	69117214	rs8072735	17	69125157	rs6501443	0.769436
17	69117214	rs8072735	17	69125263	rs4793530	0.769436
17	69117214	rs8072735	17	69125507	rs7206958	0.769436
17	69117214	rs8072735	17	69125606	rs11654749	0.292604
17	69117214	rs8072735	17	69126519	rs34078895	0.765203
17	69117214	rs8072735	17	69126953	rs8073978	0.772901
17	69117214	rs8072735	17	69127020	rs8074021	0.772901
17	69117214	rs8072735	17	69127021	rs200103317	0.172586
17	69117214	rs8072735	17	69127365	rs62063866	0.172307
17	69117214	rs8072735	17	69127403	rs9906164	0.772901
17	69117214	rs8072735	17	69127568	rs9908315	0.772901
17	69117214	rs8072735	17	69127570	rs9906627	0.772901
17	69117214	rs8072735	17	69127675	rs11871327	0.292941
17	69117214	rs8072735	17	69127773	rs11868971	0.772901
17	69117214	rs8072735	17	69127821	rs34171878	0.732264
17	69117214	rs8072735	17	69127852	rs56229089	0.729441
17	69117214	rs8072735	17	69127974	rs55873433	0.301659
17	69117214	rs8072735	17	69128075	rs370198892	0.498742
17	69117214	rs8072735	17	69128079	rs575952861	0.498742
17	69117214	rs8072735	17	69128081	rs56242401	0.498742
17	69117214	rs8072735	17	69128083	rs55662756	0.765775
17	69117214	rs8072735	17	69128089	rs9899619	0.765775
17	69117214	rs8072735	17	69128116	rs9907995	0.765775
17	69117214	rs8072735	17	69128183	rs57195102	0.769254
17	69117214	rs8072735	17	69128981	rs72866756	0.288417
17	69117214	rs8072735	17	69129072	rs28526842	0.283929
17	69117214	rs8072735	17	69129381	rs34704292	0.106645
17	69117214	rs8072735	17	69129832	rs11653132	0.31474
17	69117214	rs8072735	17	69130538	rs11654295	0.283606
17	69117214	rs8072735	17	69130704	rs4398141	0.283929
17	69117214	rs8072735	17	69130716	rs4471727	0.283929
17	69117214	rs8072735	17	69130836	rs4300694	0.283606
17	69117214	rs8072735	17	69131058	rs7501691	0.283929
17	69117214	rs8072735	17	69131305	rs2367260	0.284258
17	69117214	rs8072735	17	69131306	rs2367261	0.283606
17	69117214	rs8072735	17	69131694	rs28523317	0.283929
17	69117214	rs8072735	17	69131909	rs8076830	0.752887
17	69117214	rs8072735	17	69131960	rs60743985	0.752887
17	69117214	rs8072735	17	69132488	rs9906588	0.752887
17	69117214	rs8072735	17	69133273	rs113659061	0.199064
17	69117214	rs8072735	17	69133307	rs4793531	0.284258
17	69117214	rs8072735	17	69133434	rs369494254	0.287013
17	69117214	rs8072735	17	69134043	rs11656229	0.284594
17	69117214	rs8072735	17	69134554	rs28690329	0.284258
17	69117214	rs8072735	17	69134697	rs28579305	0.284594
17	69117214	rs8072735	17	69134717	rs11656479	0.284258
17	69117214	rs8072735	17	69135026	rs11656520	0.284594
17	69117214	rs8072735	17	69135357	rs9902159	0.284258
17	69117214	rs8072735	17	69135631	rs9900242	0.284258
17	69117214	rs8072735	17	69136189	rs11653076	0.283606
17	69117214	rs8072735	17	69136395	rs59674517	0.691862
17	69117214	rs8072735	17	69137058	rs113009447	0.146622
17	69117214	rs8072735	17	69137308	rs11077549	0.284258
17	69117214	rs8072735	17	69137948	rs9908442	0.283929
17	69117214	rs8072735	17	69137982	rs4793334	0.283929
17	69117214	rs8072735	17	69138243	rs17178034	0.283929
17	69117214	rs8072735	17	69138255	rs17178041	0.283606
17	69117214	rs8072735	17	69138403	rs2058083	0.283929
17	69117214	rs8072735	17	69139017	rs2058084	0.284594
17	69117214	rs8072735	17	69139047	rs2058085	0.284258
17	69117214	rs8072735	17	69139272	rs58506674	0.284594
17	69117214	rs8072735	17	69139331	rs11654896	0.284594
17	69117214	rs8072735	17	69139352	rs11655964	0.284594
17	69117214	rs8072735	17	69139583	rs11655006	0.289446
17	69117214	rs8072735	17	69139836	rs368572968	0.690757
17	69117214	rs8072735	17	69139979	rs1468481	0.302333
17	69117214	rs8072735	17	69140220	rs59181466	0.289446
17	69117214	rs8072735	17	69140466	rs11657344	0.289097
17	69117214	rs8072735	17	69140933	rs7216323	0.289446
17	69117214	rs8072735	17	69140950	rs7221230	0.289446
17	69117214	rs8072735	17	69141711	rs9907587	0.289446
17	69117214	rs8072735	17	69142191	rs17178062	0.289446
17	69117214	rs8072735	17	69142286	rs536128773;rs149096207	0.259703
17	69117214	rs8072735	17	69142332	rs73994236	0.175294
17	69117214	rs8072735	17	69142628	rs9915190	0.289097
17	69117214	rs8072735	17	69142728	rs8078520	0.196469
17	69117214	rs8072735	17	69142778	rs8065751	0.196469
17	69117214	rs8072735	17	69142807	rs8080251	0.196469
17	69117214	rs8072735	17	69143664	rs2159036	0.289097
17	69117214	rs8072735	17	69144192	rs2041113	0.288754
17	69117214	rs8072735	17	69144617	rs2041114	0.756141
17	69117214	rs8072735	17	69145336	rs956218	0.727391
17	69117214	rs8072735	17	69145413	rs723338	0.727391
17	69117214	rs8072735	17	69145707	rs956219	0.724666
17	69117214	rs8072735	17	69145804	rs28703253	0.724666
17	69117214	rs8072735	17	69146036	rs28514850	0.724666
17	69117214	rs8072735	17	69146079	rs8081602	0.724666
17	69117214	rs8072735	17	69146168	rs8081751	0.727834
17	69117214	rs8072735	17	69146243	rs8080184	0.724666
17	69117214	rs8072735	17	69146427	rs2041115	0.724666
17	69117214	rs8072735	17	69146830	rs8064263	0.720477
17	69117214	rs8072735	17	69147076	rs9897865	0.720477
17	69117214	rs8072735	17	69147122	rs72866787	0.42726
17	69117214	rs8072735	17	69147522	rs11656242	0.42726
17	69117214	rs8072735	17	69147542	rs9897358	0.720477
17	69117214	rs8072735	17	69147591	rs11651123	0.424797
17	69117214	rs8072735	17	69147636	rs11657298	0.422365
17	69117214	rs8072735	17	69147746	rs9906121	0.720477
17	69117214	rs8072735	17	69147780	rs9900302	0.720477
17	69117214	rs8072735	17	69148519	rs11651469	0.65238
17	69117214	rs8072735	17	69148558	rs11651501	0.65238
17	69117214	rs8072735	17	69148917	rs72866795	0.423838
17	69117214	rs8072735	17	69149543	rs9899201	0.655017
17	69117214	rs8072735	17	69149910	rs719615	0.423838
17	69117214	rs8072735	17	69150392	rs576569276	0.100571
17	69117214	rs8072735	17	69151198	rs2058086	0.721016
17	69117214	rs8072735	17	69151972	rs1558119	0.421412
17	69117214	rs8072735	17	69152670	rs72468500	0.424797
17	69117214	rs8072735	17	69152825	rs56206939	0.424797
17	69117214	rs8072735	17	69155430	rs11077550	0.424797
17	69117214	rs8072735	17	69155834	rs12150098	0.424797
17	69117214	rs8072735	17	69156386	rs4316800	0.424797
17	69117214	rs8072735	17	69157508	rs1974561	0.424797
17	69117214	rs8072735	17	69157991	rs55891624	0.424797
17	69117214	rs8072735	17	69158360	rs11870806	0.424797
17	69117214	rs8072735	17	69159489	rs9909762	0.717794
17	69117214	rs8072735	17	69159577	rs9910829	0.717794
17	69117214	rs8072735	17	69159653	rs58080293	0.49753
17	69117214	rs8072735	17	69159767	rs7220274	0.721016
17	69117214	rs8072735	17	69160306	rs28519385	0.714615
17	69117214	rs8072735	17	69160475	rs17224833	0.714615
17	69117214	rs8072735	17	69160900	rs2108534	0.717794
17	69117214	rs8072735	17	69161145	rs2108535	0.424797
17	69117214	rs8072735	17	69161391	rs8182284	0.425768
17	69117214	rs8072735	17	69161554	rs8182286	0.717794
17	69117214	rs8072735	17	69163510	rs534179158	0.424978
17	69117214	rs8072735	17	69164251	rs10712335	0.725127
17	69117214	rs8072735	17	69164471	rs4793533	0.728327
17	69117214	rs8072735	17	69164862	rs8069925	0.724665
17	69117214	rs8072735	17	69164895	rs8068189	0.458162
17	69117214	rs8072735	17	69165199	rs9901508	0.724665
17	69117214	rs8072735	17	69165219	rs9907418	0.724665
17	69117214	rs8072735	17	69165704	rs62063901	0.212138
17	69117214	rs8072735	17	69165750	rs68181052	0.728327
17	69117214	rs8072735	17	69166288	rs2367263	0.709918
17	69117214	rs8072735	17	69166571	rs1859964	0.702702
17	69117214	rs8072735	17	69167095	rs1859965	0.709918
17	69117214	rs8072735	17	69168058	rs6501446	0.700825
17	69117214	rs8072735	17	69168293	rs4793534	0.397288
17	69117214	rs8072735	17	69168381	rs4239156	0.703355
17	69117214	rs8072735	17	69168406	rs4438347	0.703355
17	69117214	rs8072735	17	69168691	rs4793335	0.414885
17	69117214	rs8072735	17	69169250	rs9891611	0.705912
17	69117214	rs8072735	17	69170813	rs141982186	0.413055
17	69117214	rs8072735	17	69171226	rs2097984	0.413495
17	69117214	rs8072735	17	69172470	rs9893839	0.672481
17	69117214	rs8072735	17	69172536	rs11654068	0.396418
17	69117214	rs8072735	17	69172702	rs8079962	0.672481
17	69117214	rs8072735	17	69173098	rs6501447	0.668821
17	69117214	rs8072735	17	69173367	rs72869449	0.396418
17	69117214	rs8072735	17	69173451	rs72869451	0.360269
17	69117214	rs8072735	17	69173813	rs2886914	0.396418
17	69117214	rs8072735	17	69174496	rs11868953	0.395882
17	69117214	rs8072735	17	69175190	rs2367264	0.347315
17	69117214	rs8072735	17	69175194	rs566620836	0.317327
17	69117214	rs8072735	17	69175407	rs8076811	0.645451
17	69117214	rs8072735	17	69175611	rs35559603	0.375567
17	69117214	rs8072735	17	69176879	rs17178251	0.375567
17	69117214	rs8072735	17	69177242	rs34979615	0.375567
17	69117214	rs8072735	17	69178447	rs72869461	0.393132
17	69117214	rs8072735	17	69178704	rs17765632	0.393132
17	69117214	rs8072735	17	69179369	rs72869463	0.393132
17	69117214	rs8072735	17	69179492	rs17765644	0.393132
17	69117214	rs8072735	17	69179642	rs10652863	0.677252
17	69117214	rs8072735	17	69180058	rs9913988	0.680282
17	69117214	rs8072735	17	69180818	rs539885584	0.255735
17	69117214	rs8072735	17	69181003	rs758106	0.676649
17	69117214	rs8072735	17	69181096	rs740408	0.394012
17	69117214	rs8072735	17	69182161	rs2886915	0.677252
17	69117214	rs8072735	17	69182293	rs2003060	0.677252
17	69117214	rs8072735	17	69183998	rs17178293	0.393132
17	69117214	rs8072735	17	69184314	rs11653243	0.388993
17	69117214	rs8072735	17	69184727	rs11658483	0.393132
17	69117214	rs8072735	17	69184952	rs9891648	0.674262
17	69117214	rs8072735	17	69185195	rs9898150	0.394012
17	69117214	rs8072735	17	69185800	rs8064966	0.37635
17	69117214	rs8072735	17	69186237	rs9905861	0.372887
17	69117214	rs8072735	17	69186334	rs9906098	0.645007
17	69117214	rs8072735	17	69186366	rs4570900	0.372887
17	69117214	rs8072735	17	69186513	rs4586491	0.373662
17	69117214	rs8072735	17	69186534	rs4471728	0.380169
17	69117214	rs8072735	17	69186554	rs4632175	0.372887
17	69117214	rs8072735	17	69186556	rs4561513	0.372887
17	69117214	rs8072735	17	69186881	rs4793535	0.372887
17	69117214	rs8072735	17	69187216	rs10717595	0.372887
17	69117214	rs8072735	17	69188769	rs4611499	0.372887
17	69117214	rs8072735	17	69190423	rs560258629;rs61182727	0.629892
17	69117214	rs8072735	17	69190949	rs7214479	0.638954
17	69117214	rs8072735	17	69190974	rs7214488	0.222005
17	69117214	rs8072735	17	69191316	rs1008348	0.370214
17	69117214	rs8072735	17	69192032	rs11313840	0.36871
17	69117214	rs8072735	17	69192845	rs6501449	0.42642
17	69117214	rs8072735	17	69193055	rs6501450	0.429323
17	69117214	rs8072735	17	69193131	rs6501451	0.677516
17	69117214	rs8072735	17	69193287	rs6501452	0.430419
17	69117214	rs8072735	17	69195241	rs11870732	0.372887
17	69117214	rs8072735	17	69195541	rs17178370	0.372887
17	69117214	rs8072735	17	69196487	rs60293051	0.372887
17	69117214	rs8072735	17	69197674	rs7225025	0.425347
17	69117214	rs8072735	17	69198133	rs17178377	0.392681
17	69117214	rs8072735	17	69199056	rs11655744	0.673831
17	69117214	rs8072735	17	69199987	rs2367266	0.670157
17	69117214	rs8072735	17	69200329	rs36043014	0.102262
17	69117214	rs8072735	17	69200643	rs1107305	0.4062
17	69117214	rs8072735	17	69201811	rs6501455	0.425347
17	69117214	rs8072735	17	69202014	rs11658666	0.38727
17	69117214	rs8072735	17	69203664	rs7209505	0.645208
17	69117214	rs8072735	17	69203691	rs140963150	0.561778
17	69117214	rs8072735	17	69205148	rs4313845	0.373385
17	69117214	rs8072735	17	69206626	rs147185704	0.377816
17	69117214	rs8072735	17	69207468	rs2190463	0.641477
17	69117214	rs8072735	17	69207887	rs111708945	0.403384
17	69117214	rs8072735	17	69207938	rs11657593	0.637517
17	69117214	rs8072735	17	69208375	rs113121534	0.402446
17	69117214	rs8072735	17	69208520	rs140684497	0.634859
17	69117214	rs8072735	17	69208579	rs62063939	0.634859
17	69117214	rs8072735	17	69208943	rs548488457;rs201318264	0.417746
17	69117214	rs8072735	17	69208966	rs11654355	0.257463
17	69117214	rs8072735	17	69209252	rs6501457	0.280996
17	69117214	rs8072735	17	69209694	rs8066924	0.366532
17	69117214	rs8072735	17	69209805	rs8079912	0.366532
17	69117214	rs8072735	17	69209923	rs8066934	0.366532
17	69117214	rs8072735	17	69210354	rs8067145	0.636244
17	69117214	rs8072735	17	69210452	rs77081239	0.400246
17	69117214	rs8072735	17	69211366	rs2190456	0.404335
17	69117214	rs8072735	17	69211683	rs9905278	0.413819
17	69117214	rs8072735	17	69212061	rs983085	0.405297
17	69117214	rs8072735	17	69212318	rs72873967	0.370703
17	69117214	rs8072735	17	69212726	rs34286906	0.403716
17	69117214	rs8072735	17	69212739	rs199854066	0.403716
17	69117214	rs8072735	17	69212795	rs11650277	0.368548
17	69117214	rs8072735	17	69213455	rs6501459	0.358382
17	69117214	rs8072735	17	69214890	rs4793537	0.423972
17	69117214	rs8072735	17	69215816	rs72873975	0.362392
17	69117214	rs8072735	17	69215899	rs60291002	0.581368
17	69117214	rs8072735	17	69215928	rs4793538	0.358968
17	69117214	rs8072735	17	69216041	rs2158905	0.39188
17	69117214	rs8072735	17	69216112	rs2108336	0.422898
17	69117214	rs8072735	17	69216409	rs2190457	0.358968
17	69117214	rs8072735	17	69216687	rs11655567	0.39188
