CHR_A	BP_A	SNP_A	CHR_B	BP_B	SNP_B	R2
1	150658287	rs17599629	1	150558293	rs112175941	0.282996
1	150658287	rs17599629	1	150559682	rs587680930	0.127359
1	150658287	rs17599629	1	150563440	rs11352831	0.0954797
1	150658287	rs17599629	1	150563483	rs6695123	0.128547
1	150658287	rs17599629	1	150564476	rs6698495	0.200556
1	150658287	rs17599629	1	150570166	rs6697620	0.189589
1	150658287	rs17599629	1	150570985	rs11204675	0.189589
1	150658287	rs17599629	1	150571149	rs11204676	0.423519
1	150658287	rs17599629	1	150571590	rs71086523	0.192642
1	150658287	rs17599629	1	150571730	rs2048558	0.201435
1	150658287	rs17599629	1	150572037	rs11585169	0.188891
1	150658287	rs17599629	1	150573104	rs115643053	0.137881
1	150658287	rs17599629	1	150574138	rs587673287	0.148115
1	150658287	rs17599629	1	150574256	rs10888384	0.190407
1	150658287	rs17599629	1	150574302	rs10888385	0.189589
1	150658287	rs17599629	1	150574695	rs11204677	0.20379
1	150658287	rs17599629	1	150574759	rs11204678	0.189589
1	150658287	rs17599629	1	150577945	rs587631871	0.133798
1	150658287	rs17599629	1	150578241	rs12139563	0.189589
1	150658287	rs17599629	1	150578440	rs34759802	0.164232
1	150658287	rs17599629	1	150579678	rs12746899	0.19951
1	150658287	rs17599629	1	150579702	rs11360645	0.189638
1	150658287	rs17599629	1	150580149	rs35286273	0.138284
1	150658287	rs17599629	1	150582438	rs1355637	0.37293
1	150658287	rs17599629	1	150583670	rs11204679	0.201858
1	150658287	rs17599629	1	150583974	rs33924488	0.201858
1	150658287	rs17599629	1	150586971	rs6681426	0.128237
1	150658287	rs17599629	1	150587140	rs11204680	0.201858
1	150658287	rs17599629	1	150587279	rs587681531	0.230365
1	150658287	rs17599629	1	150587388	rs56661631	0.430317
1	150658287	rs17599629	1	150589374	rs11383974	0.121936
1	150658287	rs17599629	1	150590250	rs587717176	0.125935
1	150658287	rs17599629	1	150591732	rs6669122	0.196874
1	150658287	rs17599629	1	150597261	rs1971378	0.196874
1	150658287	rs17599629	1	150597890	rs1053732	0.196874
1	150658287	rs17599629	1	150600181	rs2280078	0.128237
1	150658287	rs17599629	1	150604110	rs3754209	0.196874
1	150658287	rs17599629	1	150607771	rs56066842	0.128237
1	150658287	rs17599629	1	150608300	rs4970923	0.196874
1	150658287	rs17599629	1	150608894	rs11204684	0.196874
1	150658287	rs17599629	1	150611957	rs10888386	0.128237
1	150658287	rs17599629	1	150612360	rs4970968	0.13845
1	150658287	rs17599629	1	150612361	rs4970969	0.13845
1	150658287	rs17599629	1	150614535	rs12067556	0.128237
1	150658287	rs17599629	1	150614865	rs113061994	0.167427
1	150658287	rs17599629	1	150614869	rs56253522	0.167427
1	150658287	rs17599629	1	150614870	rs55722609	0.167427
1	150658287	rs17599629	1	150614872	rs201324898	0.168133
1	150658287	rs17599629	1	150615094	rs12402939	0.174556
1	150658287	rs17599629	1	150615741	rs5777733	0.147477
1	150658287	rs17599629	1	150616170	rs3059634	0.176596
1	150658287	rs17599629	1	150616699	rs7524620	0.176758
1	150658287	rs17599629	1	150616888	rs72700881	0.295392
1	150658287	rs17599629	1	150617154	rs56868972	0.174568
1	150658287	rs17599629	1	150617329	rs5777734	0.147595
1	150658287	rs17599629	1	150618632	rs2055975	0.462994
1	150658287	rs17599629	1	150618961	rs9733	0.163645
1	150658287	rs17599629	1	150620569	rs3087960	0.176596
1	150658287	rs17599629	1	150622620	rs7529194	0.168099
1	150658287	rs17599629	1	150622776	rs11318883	0.176596
1	150658287	rs17599629	1	150623221	rs6587516	0.176596
1	150658287	rs17599629	1	150623285	rs6678013	0.176596
1	150658287	rs17599629	1	150624101	rs2175615	0.176596
1	150658287	rs17599629	1	150625768	rs7538884	0.255633
1	150658287	rs17599629	1	150626029	rs72700895	0.176596
1	150658287	rs17599629	1	150626038	rs72700897	0.176596
1	150658287	rs17599629	1	150626440	rs111609078	0.168099
1	150658287	rs17599629	1	150628357	rs6661872	0.176596
1	150658287	rs17599629	1	150628473	rs6661986	0.168099
1	150658287	rs17599629	1	150629152	rs10888387	0.176596
1	150658287	rs17599629	1	150629880	rs11204687	0.176596
1	150658287	rs17599629	1	150630995	rs2867304	0.176596
1	150658287	rs17599629	1	150631057	rs2175616	0.168099
1	150658287	rs17599629	1	150631917	rs6672754	0.168099
1	150658287	rs17599629	1	150632322	rs6690725	0.176596
1	150658287	rs17599629	1	150633007	rs34121215	0.2545
1	150658287	rs17599629	1	150633079	rs4970924	0.2545
1	150658287	rs17599629	1	150633347	rs72700902	0.168099
1	150658287	rs17599629	1	150635066	rs56058687	0.176596
1	150658287	rs17599629	1	150635374	rs72702504	0.176596
1	150658287	rs17599629	1	150635515	rs11432766;rs587674087	0.163374
1	150658287	rs17599629	1	150635573	rs6661114	0.174568
1	150658287	rs17599629	1	150635742	rs6661306	0.176596
1	150658287	rs17599629	1	150635811	rs6686525	0.176596
1	150658287	rs17599629	1	150635869	rs6661415	0.176596
1	150658287	rs17599629	1	150636481	rs143298898	0.156062
1	150658287	rs17599629	1	150636991	rs144984465	0.289283
1	150658287	rs17599629	1	150638572	rs10788792	0.168099
1	150658287	rs17599629	1	150638818	rs139020031	0.168099
1	150658287	rs17599629	1	150640071	rs200372559	0.227276
1	150658287	rs17599629	1	150640475	rs11807058	0.176596
1	150658287	rs17599629	1	150642438	rs148601488	0.175081
1	150658287	rs17599629	1	150642583	rs34140753	0.176596
1	150658287	rs17599629	1	150643029	rs11807238	0.176596
1	150658287	rs17599629	1	150643682	rs1828619	0.176596
1	150658287	rs17599629	1	150644339	rs11204691	0.176596
1	150658287	rs17599629	1	150645028	rs12085597	0.176596
1	150658287	rs17599629	1	150645845	rs11204692	0.176596
1	150658287	rs17599629	1	150646042	rs149476367;rs587710197	0.176596
1	150658287	rs17599629	1	150646250	rs151107787	0.175837
1	150658287	rs17599629	1	150646356	rs112294024	0.168099
1	150658287	rs17599629	1	150646683	rs141152694	0.176596
1	150658287	rs17599629	1	150646738	rs150744411	0.176596
1	150658287	rs17599629	1	150646958	rs111972983	0.176596
1	150658287	rs17599629	1	150647798	rs12089731	0.176596
1	150658287	rs17599629	1	150647987	rs11204693	0.2545
1	150658287	rs17599629	1	150649180	rs12064548	0.168099
1	150658287	rs17599629	1	150649249	rs12095002	0.176596
1	150658287	rs17599629	1	150649514	rs12064701	0.176596
1	150658287	rs17599629	1	150650005	rs111520413	0.177357
1	150658287	rs17599629	1	150650194	rs72702521	0.885075
1	150658287	rs17599629	1	150650265	rs12085275	0.176596
1	150658287	rs17599629	1	150650425	rs72702523	0.177357
1	150658287	rs17599629	1	150650955	rs12086630	0.176596
1	150658287	rs17599629	1	150651175	rs11800059	0.2545
1	150658287	rs17599629	1	150652202	rs2065900	0.176596
1	150658287	rs17599629	1	150652420	rs2065901	0.173578
1	150658287	rs17599629	1	150653391	rs11204694	0.168099
1	150658287	rs17599629	1	150653650	rs2867302	0.176596
1	150658287	rs17599629	1	150653795	rs2867301	0.176596
1	150658287	rs17599629	1	150654542	rs34407662	0.169872
1	150658287	rs17599629	1	150655421	rs7538493	0.176596
1	150658287	rs17599629	1	150655686	rs7524734	0.176596
1	150658287	rs17599629	1	150655738	rs7536404	0.176596
1	150658287	rs17599629	1	150656307	rs6685702	0.176596
1	150658287	rs17599629	1	150656873	rs7549795	0.178795
1	150658287	rs17599629	1	150657011	rs11204695	0.2545
1	150658287	rs17599629	1	150657281	rs7544631	0.176596
1	150658287	rs17599629	1	150658287	rs17599629	1
1	150658287	rs17599629	1	150658605	rs34708299	0.176596
1	150658287	rs17599629	1	150658721	rs11204696	0.168099
1	150658287	rs17599629	1	150658971	rs11204697	0.176596
1	150658287	rs17599629	1	150659173	rs7520022	0.2545
1	150658287	rs17599629	1	150659431	rs145219279	0.176596
1	150658287	rs17599629	1	150659545	rs11204698	0.168099
1	150658287	rs17599629	1	150659829	rs11204699	0.168099
1	150658287	rs17599629	1	150660412	rs12403255	0.176596
1	150658287	rs17599629	1	150660992	rs113446947	0.176596
1	150658287	rs17599629	1	150661083	rs111774312	0.176596
1	150658287	rs17599629	1	150661787	rs6587518	0.176596
1	150658287	rs17599629	1	150662531	rs7529998	0.176596
1	150658287	rs17599629	1	150662574	rs72702536	0.178795
1	150658287	rs17599629	1	150663507	rs11204702	0.2545
1	150658287	rs17599629	1	150664077	rs11803569	0.176596
1	150658287	rs17599629	1	150665050	rs1336898	0.176596
1	150658287	rs17599629	1	150666797	rs7412396	0.176596
1	150658287	rs17599629	1	150666860	rs41305070	0.885453
1	150658287	rs17599629	1	150666990	rs2867300	0.176596
1	150658287	rs17599629	1	150669414	rs868751	0.168099
1	150658287	rs17599629	1	150669952	rs2275236	0.176596
1	150658287	rs17599629	1	150670484	rs6700022	0.168099
1	150658287	rs17599629	1	150671243	rs139837908	0.176596
1	150658287	rs17599629	1	150671630	rs11204704	0.176596
1	150658287	rs17599629	1	150672168	rs34154301	0.156524
1	150658287	rs17599629	1	150672223	rs11204705	0.176596
1	150658287	rs17599629	1	150672976	rs56057831	0.30037
1	150658287	rs17599629	1	150673684	rs4970926	0.2545
1	150658287	rs17599629	1	150674053	rs12063547	0.176596
1	150658287	rs17599629	1	150674333	rs12077833	0.176596
1	150658287	rs17599629	1	150674938	rs1977714	0.176596
1	150658287	rs17599629	1	150675007	rs66958685	0.594919
1	150658287	rs17599629	1	150675147	rs1977715	0.176596
1	150658287	rs17599629	1	150675253	rs1977716	0.176596
1	150658287	rs17599629	1	150675483	rs2184833	0.168099
1	150658287	rs17599629	1	150676485	rs12403609	0.2545
1	150658287	rs17599629	1	150677263	rs112967224	0.176596
1	150658287	rs17599629	1	150677348	rs112718432	0.164651
1	150658287	rs17599629	1	150677462	rs72702552	0.176596
1	150658287	rs17599629	1	150677719	rs11807450	0.168099
1	150658287	rs17599629	1	150678001	rs201641273	0.176779
1	150658287	rs17599629	1	150678071	rs17658705	0.176596
1	150658287	rs17599629	1	150678234	rs72702554	0.176596
1	150658287	rs17599629	1	150678910	rs1336899	0.168099
1	150658287	rs17599629	1	150679033	rs1336900	0.166006
1	150658287	rs17599629	1	150679358	rs11586422	0.176596
1	150658287	rs17599629	1	150680115	rs72702556	0.175837
1	150658287	rs17599629	1	150680130	rs72702557	0.176596
1	150658287	rs17599629	1	150680988	rs3768005	0.168099
1	150658287	rs17599629	1	150682068	rs11579902	0.174568
1	150658287	rs17599629	1	150682094	rs11204707	0.152438
1	150658287	rs17599629	1	150682095	rs11204708	0.152438
1	150658287	rs17599629	1	150682101	rs11204709	0.152438
1	150658287	rs17599629	1	150682110	rs11204710	0.153166
1	150658287	rs17599629	1	150682115	rs11204711	0.153166
1	150658287	rs17599629	1	150682215	rs12071245	0.176596
1	150658287	rs17599629	1	150683015	rs17606613	0.176596
1	150658287	rs17599629	1	150683251	rs72702558	0.176596
1	150658287	rs17599629	1	150683423	rs11807409	0.175837
1	150658287	rs17599629	1	150683512	rs6694531	0.2545
1	150658287	rs17599629	1	150685155	rs112443540	0.176596
1	150658287	rs17599629	1	150685716	rs72702561	0.362491
1	150658287	rs17599629	1	150685761	rs11804276	0.176596
1	150658287	rs17599629	1	150685835	rs11803940	0.168099
1	150658287	rs17599629	1	150686011	rs77663766	0.160005
1	150658287	rs17599629	1	150686099	rs12072339	0.176596
1	150658287	rs17599629	1	150686633	rs34593358	0.594919
1	150658287	rs17599629	1	150687296	rs10888388	0.2545
1	150658287	rs17599629	1	150687808	rs34600506	0.176596
1	150658287	rs17599629	1	150688196	rs72702570	0.176596
1	150658287	rs17599629	1	150688487	rs11582840	0.176596
1	150658287	rs17599629	1	150688529	rs11588404	0.176596
1	150658287	rs17599629	1	150688596	rs12130363	0.2545
1	150658287	rs17599629	1	150689050	rs72702573	0.176596
1	150658287	rs17599629	1	150689215	rs11805308	0.176596
1	150658287	rs17599629	1	150689984	rs140527786	0.163498
1	150658287	rs17599629	1	150690224	rs11204712	0.2545
1	150658287	rs17599629	1	150691122	rs951281	0.176596
1	150658287	rs17599629	1	150691285	rs72702580	0.176596
1	150658287	rs17599629	1	150692541	rs369368960	0.117649
1	150658287	rs17599629	1	150694623	rs11204713	0.176596
1	150658287	rs17599629	1	150694777	rs11583636	0.176596
1	150658287	rs17599629	1	150695657	rs11584575	0.175081
1	150658287	rs17599629	1	150695689	rs11584184	0.175081
1	150658287	rs17599629	1	150695892	rs6669369	0.175081
1	150658287	rs17599629	1	150695929	rs6681990	0.175081
1	150658287	rs17599629	1	150695965	rs6692960	0.175081
1	150658287	rs17599629	1	150696427	rs72702585	0.175081
1	150658287	rs17599629	1	150696641	rs587624773	0.171021
1	150658287	rs17599629	1	150696792	rs112158604	0.252348
1	150658287	rs17599629	1	150697710	rs12086472	0.175081
1	150658287	rs17599629	1	150699586	rs7533678	0.175081
1	150658287	rs17599629	1	150700367	rs5777735	0.175081
1	150658287	rs17599629	1	150700596	rs199560313	0.173663
1	150658287	rs17599629	1	150700597	rs12406409	0.175081
1	150658287	rs17599629	1	150700614	rs199621380	0.173663
1	150658287	rs17599629	1	150702663	rs7540874	0.175081
1	150658287	rs17599629	1	150702717	rs1136808	0.175081
1	150658287	rs17599629	1	150703034	rs55960943	0.166699
1	150658287	rs17599629	1	150703366	rs56303945	0.166699
1	150658287	rs17599629	1	150705755	rs1415148	0.172909
1	150658287	rs17599629	1	150707596	rs7521898	0.164608
1	150658287	rs17599629	1	150707636	rs7511673	0.164608
1	150658287	rs17599629	1	150707992	rs72704603	0.164608
1	150658287	rs17599629	1	150708231	rs587731206	0.101461
1	150658287	rs17599629	1	150709129	rs11204717	0.164608
1	150658287	rs17599629	1	150709723	rs6587520	0.251277
1	150658287	rs17599629	1	150709785	rs11204718	0.164608
1	150658287	rs17599629	1	150711896	rs7418501	0.172909
1	150658287	rs17599629	1	150712198	rs587769004;rs587689660	0.175081
1	150658287	rs17599629	1	150712372	rs72273354	0.164608
1	150658287	rs17599629	1	150712926	rs111842513	0.164608
1	150658287	rs17599629	1	150714360	rs34826479	0.238047
1	150658287	rs17599629	1	150714651	rs113147464	0.252348
1	150658287	rs17599629	1	150715782	rs12089989	0.172909
1	150658287	rs17599629	1	150717100	rs34813433	0.173663
1	150658287	rs17599629	1	150718602	rs75056606	0.636372
1	150658287	rs17599629	1	150721175	rs1134067	0.166699
1	150658287	rs17599629	1	150722844	rs11587444	0.166699
1	150658287	rs17599629	1	150723747	rs3768018	0.147198
1	150658287	rs17599629	1	150725335	rs1532770	0.147198
1	150658287	rs17599629	1	150725401	rs61386199	0.885453
1	150658287	rs17599629	1	150726238	rs7526489	0.136922
1	150658287	rs17599629	1	150726416	rs139647008	0.136602
1	150658287	rs17599629	1	150726906	rs368520811	0.118441
1	150658287	rs17599629	1	150727329	rs12068264	0.136922
1	150658287	rs17599629	1	150727539	rs2230061	0.138689
1	150658287	rs17599629	1	150728032	rs140691474	0.138689
1	150658287	rs17599629	1	150728676	rs10788794	0.147198
1	150658287	rs17599629	1	150729793	rs12568757	0.21375
1	150658287	rs17599629	1	150729983	rs10888391	0.147198
1	150658287	rs17599629	1	150730184	rs11204722	0.147198
1	150658287	rs17599629	1	150730279	rs2275235	0.134685
1	150658287	rs17599629	1	150731513	rs151223618	0.139499
1	150658287	rs17599629	1	150731618	rs11204723	0.132703
1	150658287	rs17599629	1	150733649	rs140729194	0.137881
1	150658287	rs17599629	1	150733654	rs60427350	0.108405
1	150658287	rs17599629	1	150734215	rs112658271	0.209892
1	150658287	rs17599629	1	150734436	rs4537557	0.134685
1	150658287	rs17599629	1	150734655	rs2864869	0.134685
1	150658287	rs17599629	1	150735580	rs202184518	0.135551
1	150658287	rs17599629	1	150737220	rs41271951	0.352559
1	150658287	rs17599629	1	150737565	rs3831278	0.142561
1	150658287	rs17599629	1	150737776	rs12061988	0.138594
1	150658287	rs17599629	1	150738197	rs1136774	0.209892
1	150658287	rs17599629	1	150738200	rs3754212	0.134685
1	150658287	rs17599629	1	150738483	rs34495036	0.134685
1	150658287	rs17599629	1	150738759	rs16827671	0.143236
1	150658287	rs17599629	1	150739073	rs7534124	0.209892
1	150658287	rs17599629	1	150742542	rs75581187	0.283254
1	150658287	rs17599629	1	150742700	rs11204725	0.209892
1	150658287	rs17599629	1	150743492	rs11204726	0.143236
1	150658287	rs17599629	1	150745600	rs10888392	0.143236
1	150658287	rs17599629	1	150745604	rs10888393	0.134685
1	150658287	rs17599629	1	150746406	rs59337856	0.143236
1	150658287	rs17599629	1	150747309	rs6671737	0.134685
1	150658287	rs17599629	1	150747410	rs140275375	0.141409
1	150658287	rs17599629	1	150747411	rs6683015	0.161691
1	150658287	rs17599629	1	150748134	rs143634417_2	0.87406
1	150658287	rs17599629	1	150748374	rs6693120	0.134685
1	150658287	rs17599629	1	150748786	rs6657388	0.136681
1	150658287	rs17599629	1	150748803	rs6660084	0.145211
1	150658287	rs17599629	1	150748963	rs141269296	0.26638
1	150658287	rs17599629	1	150749913	rs10888394	0.143236
1	150658287	rs17599629	1	150753487	rs12404949	0.134685
1	150658287	rs17599629	1	150753595	rs34002273	0.206437
1	150658287	rs17599629	1	150757416	rs140627517	0.134685
