CHR_A	BP_A	SNP_A	CHR_B	BP_B	SNP_B	R2
11	113807181	rs11214775	11	113707199	rs6589398	0.587076
11	113807181	rs11214775	11	113707744	rs79893157	0.330943
11	113807181	rs11214775	11	113708985	rs7110680	0.576974
11	113807181	rs11214775	11	113710905	rs7104752	0.245872
11	113807181	rs11214775	11	113711061	rs34010373	0.576974
11	113807181	rs11214775	11	113711713	rs2428012	0.420666
11	113807181	rs11214775	11	113711810	rs3802852	0.332664
11	113807181	rs11214775	11	113712278	rs2513577	0.12484
11	113807181	rs11214775	11	113712526	rs7112957	0.431827
11	113807181	rs11214775	11	113713390	rs4936283	0.441285
11	113807181	rs11214775	11	113713587	rs138617557	0.403269
11	113807181	rs11214775	11	113715162	rs7122325	0.576974
11	113807181	rs11214775	11	113715838	rs554416453	0.109442
11	113807181	rs11214775	11	113716157	rs199960425	0.320387
11	113807181	rs11214775	11	113716345	rs79176357	0.332664
11	113807181	rs11214775	11	113716688	rs77843918	0.332664
11	113807181	rs11214775	11	113717911	rs17802617	0.123302
11	113807181	rs11214775	11	113718427	rs11214739	0.443277
11	113807181	rs11214775	11	113718461	rs11214740	0.58981
11	113807181	rs11214775	11	113718597	rs11214741	0.587076
11	113807181	rs11214775	11	113718934	rs7938454	0.576974
11	113807181	rs11214775	11	113719927	rs75816722	0.332664
11	113807181	rs11214775	11	113721142	rs77803855	0.332664
11	113807181	rs11214775	11	113722276	rs10891600	0.576974
11	113807181	rs11214775	11	113722304	rs61907871	0.127164
11	113807181	rs11214775	11	113722454	rs116314472	0.330943
11	113807181	rs11214775	11	113722574	rs58139047	0.420666
11	113807181	rs11214775	11	113723061	rs2428008	0.438677
11	113807181	rs11214775	11	113723144	rs17802653	0.438677
11	113807181	rs11214775	11	113724640	rs35144767	0.123302
11	113807181	rs11214775	11	113724673	rs7126080	0.441285
11	113807181	rs11214775	11	113727631	rs78346388	0.332664
11	113807181	rs11214775	11	113727974	rs56879587	0.431827
11	113807181	rs11214775	11	113728754	rs116711768	0.332664
11	113807181	rs11214775	11	113729138	rs17802676	0.330943
11	113807181	rs11214775	11	113729472	rs11214745	0.587076
11	113807181	rs11214775	11	113729611	rs2513587	0.123302
11	113807181	rs11214775	11	113730361	rs74571546	0.332664
11	113807181	rs11214775	11	113731273	rs2428024	0.438677
11	113807181	rs11214775	11	113731715	rs75132682	0.332664
11	113807181	rs11214775	11	113732828	rs2428021	0.426213
11	113807181	rs11214775	11	113733111	rs2051675	0.576974
11	113807181	rs11214775	11	113733980	rs59625643	0.322793
11	113807181	rs11214775	11	113734365	rs557132299	0.44626
11	113807181	rs11214775	11	113734645	rs144902766	0.332664
11	113807181	rs11214775	11	113737701	rs34942920	0.587076
11	113807181	rs11214775	11	113738340	rs36022874	0.123302
11	113807181	rs11214775	11	113738509	rs140382982	0.132221
11	113807181	rs11214775	11	113739143	rs147803004	0.123302
11	113807181	rs11214775	11	113739985	rs2513569	0.438677
11	113807181	rs11214775	11	113741078	rs116842426	0.332664
11	113807181	rs11214775	11	113741466	rs2513570	0.587076
11	113807181	rs11214775	11	113745574	rs45587435	0.334399
11	113807181	rs11214775	11	113748065	rs11600930	0.12484
11	113807181	rs11214775	11	113748634	rs2510563	0.433076
11	113807181	rs11214775	11	113748991	rs2510564	0.446658
11	113807181	rs11214775	11	113749555	rs11455018	0.12484
11	113807181	rs11214775	11	113751038	rs75910704	0.334399
11	113807181	rs11214775	11	113751704	rs75457439	0.332664
11	113807181	rs11214775	11	113753294	rs76696784	0.12484
11	113807181	rs11214775	11	113753336	rs78124388	0.332664
11	113807181	rs11214775	11	113753516	rs2097078	0.438677
11	113807181	rs11214775	11	113754302	rs2513571	0.25186
11	113807181	rs11214775	11	113754766	rs7111589	0.334399
11	113807181	rs11214775	11	113755370	rs7937295	0.334399
11	113807181	rs11214775	11	113757772	rs78440249	0.332664
11	113807181	rs11214775	11	113759017	rs76073660	0.334399
11	113807181	rs11214775	11	113759394	rs11214758	0.257026
11	113807181	rs11214775	11	113761677	rs2510562	0.438677
11	113807181	rs11214775	11	113762171	rs79988481	0.341013
11	113807181	rs11214775	11	113762277	rs566159199	0.337907
11	113807181	rs11214775	11	113762322	rs149705725	0.33924
11	113807181	rs11214775	11	113763199	rs117239707	0.335733
11	113807181	rs11214775	11	113764999	rs12794818	0.100034
11	113807181	rs11214775	11	113765169	rs75175798	0.33748
11	113807181	rs11214775	11	113766979	rs78417016	0.341013
11	113807181	rs11214775	11	113767245	rs10891605	0.468879
11	113807181	rs11214775	11	113767254	rs12577754	0.100034
11	113807181	rs11214775	11	113767725	rs6589400	0.138091
11	113807181	rs11214775	11	113768638	rs2011249	0.100034
11	113807181	rs11214775	11	113770022	rs7945619	0.33748
11	113807181	rs11214775	11	113770355	rs1176758	0.261946
11	113807181	rs11214775	11	113772167	rs150939307	0.334575
11	113807181	rs11214775	11	113772168	rs78297949	0.341013
11	113807181	rs11214775	11	113772179	rs377332673	0.33924
11	113807181	rs11214775	11	113774895	rs11214763	0.444344
11	113807181	rs11214775	11	113775275	rs3758987	0.15037
11	113807181	rs11214775	11	113775551	rs145648579	0.33748
11	113807181	rs11214775	11	113776959	rs72997454	0.0937977
11	113807181	rs11214775	11	113777072	rs79427400	0.335733
11	113807181	rs11214775	11	113781164	rs34377344	0.16085
11	113807181	rs11214775	11	113781251	rs10891606	0.140236
11	113807181	rs11214775	11	113781377	rs7943259	0.399328
11	113807181	rs11214775	11	113781651	rs11214766	0.0957646
11	113807181	rs11214775	11	113782139	rs7943925	0.140236
11	113807181	rs11214775	11	113784770	rs571493084	0.33924
11	113807181	rs11214775	11	113784956	rs35125461	0.0975675
11	113807181	rs11214775	11	113785269	rs77820844	0.33924
11	113807181	rs11214775	11	113789292	rs4938057	0.138091
11	113807181	rs11214775	11	113789299	rs1176756	0.166423
11	113807181	rs11214775	11	113789347	rs36002462	0.114501
11	113807181	rs11214775	11	113789380	rs4938058	0.138091
11	113807181	rs11214775	11	113789384	rs35902629	0.126827
11	113807181	rs11214775	11	113790099	rs7103572	0.138091
11	113807181	rs11214775	11	113790240	rs12271442	0.138091
11	113807181	rs11214775	11	113790668	rs11214769	0.138091
11	113807181	rs11214775	11	113791109	rs71301683	0.164128
11	113807181	rs11214775	11	113791278	rs12273321	0.104757
11	113807181	rs11214775	11	113791716	rs4020502	0.136771
11	113807181	rs11214775	11	113791827	rs74399990	0.34658
11	113807181	rs11214775	11	113791876	rs71063534	0.104757
11	113807181	rs11214775	11	113792233	rs71063535	0.165912
11	113807181	rs11214775	11	113797438	rs144232172	0.0945625
11	113807181	rs11214775	11	113799047	rs12270070	0.119025
11	113807181	rs11214775	11	113799417	rs11214772	0.466463
11	113807181	rs11214775	11	113801516	rs72997471	0.456663
11	113807181	rs11214775	11	113802601	rs1176746	0.268939
11	113807181	rs11214775	11	113803028	rs1176744	0.184779
11	113807181	rs11214775	11	113803374	rs76124337	0.27222
11	113807181	rs11214775	11	113803887	rs2276307	0.118439
11	113807181	rs11214775	11	113803976	rs2276308	0.118439
11	113807181	rs11214775	11	113804108	rs1176743	0.184243
11	113807181	rs11214775	11	113805352	rs45438696	0.34658
11	113807181	rs11214775	11	113807181	rs11214775	1
11	113807181	rs11214775	11	113807607	rs3782025	0.381972
11	113807181	rs11214775	11	113808757	rs12278709	0.358132
11	113807181	rs11214775	11	113811841	rs75240464	0.333484
11	113807181	rs11214775	11	113812733	rs1672717	0.220845
11	113807181	rs11214775	11	113812819	rs11605098	0.107645
11	113807181	rs11214775	11	113812895	rs11605102	0.107645
11	113807181	rs11214775	11	113813567	rs45519137	0.138194
11	113807181	rs11214775	11	113814296	rs1176760	0.274604
11	113807181	rs11214775	11	113814625	rs11606288	0.333014
11	113807181	rs11214775	11	113814744	rs368033697	0.393326
11	113807181	rs11214775	11	113817062	rs72012409	0.107292
11	113807181	rs11214775	11	113817286	rs7943062	0.513247
11	113807181	rs11214775	11	113817468	rs7945926	0.455454
11	113807181	rs11214775	11	113817579	rs4936285	0.108877
11	113807181	rs11214775	11	113817656	rs1185027	0.126699
11	113807181	rs11214775	11	113818752	rs7129190	0.175542
11	113807181	rs11214775	11	113819585	rs375966196	0.189991
11	113807181	rs11214775	11	113819674	rs76213666	0.22877
11	113807181	rs11214775	11	113821793	rs11214782	0.168752
11	113807181	rs11214775	11	113822745	rs720396	0.126488
11	113807181	rs11214775	11	113823865	rs7942029	0.435832
11	113807181	rs11214775	11	113824194	rs12363499	0.449835
11	113807181	rs11214775	11	113824401	rs78712249	0.222427
11	113807181	rs11214775	11	113824447	rs11214783	0.369956
11	113807181	rs11214775	11	113825129	rs1150234	0.162156
11	113807181	rs11214775	11	113826630	rs1123193	0.216247
11	113807181	rs11214775	11	113826912	rs75181006	0.216247
11	113807181	rs11214775	11	113826962	rs567024237;rs566016774;rs569994005	0.379918
11	113807181	rs11214775	11	113827103	rs1150232	0.12514
11	113807181	rs11214775	11	113827326	rs17116178	0.216247
11	113807181	rs11214775	11	113830264	rs12286333	0.336713
11	113807181	rs11214775	11	113836713	rs11214786	0.324264
11	113807181	rs11214775	11	113837184	rs59212645	0.201886
11	113807181	rs11214775	11	113839272	rs11214789	0.329223
11	113807181	rs11214775	11	113839435	rs11214790	0.329223
11	113807181	rs11214775	11	113839974	rs61905760	0.329223
11	113807181	rs11214775	11	113840439	rs559279723	0.24372
11	113807181	rs11214775	11	113845072	rs33982341	0.105181
11	113807181	rs11214775	11	113846006	rs1062613	0.130694
11	113807181	rs11214775	11	113846688	rs1150225	0.251672
11	113807181	rs11214775	11	113846872	rs1150222	0.258987
11	113807181	rs11214775	11	113847348	rs1176725	0.251672
11	113807181	rs11214775	11	113848474	rs1176722	0.251672
11	113807181	rs11214775	11	113849753	rs1176720	0.247876
11	113807181	rs11214775	11	113851289	rs7930558	0.240928
11	113807181	rs11214775	11	113851413	rs10891611	0.240928
11	113807181	rs11214775	11	113852187	rs1176719	0.123314
11	113807181	rs11214775	11	113852492	rs146987046	0.102346
11	113807181	rs11214775	11	113854282	rs909411	0.162255
11	113807181	rs11214775	11	113854679	rs11214796	0.159745
11	113807181	rs11214775	11	113855342	rs1176717	0.163088
11	113807181	rs11214775	11	113855367	rs3867473	0.158149
11	113807181	rs11214775	11	113855398	rs1176716	0.2817
11	113807181	rs11214775	11	113855406	rs1176715	0.156562
11	113807181	rs11214775	11	113855526	rs1176714	0.162255
11	113807181	rs11214775	11	113855977	rs948983	0.28359
11	113807181	rs11214775	11	113857886	rs1150220	0.161366
11	113807181	rs11214775	11	113860425	rs1176713	0.160644
11	113807181	rs11214775	11	113861749	rs1182457	0.28359
11	113807181	rs11214775	11	113863131	rs7115470	0.277353
11	113807181	rs11214775	11	113865158	rs930865	0.155828
11	113807181	rs11214775	11	113865827	rs12361344	0.160452
11	113807181	rs11214775	11	113866272	rs61905788	0.155535
11	113807181	rs11214775	11	113868113	rs80031259	0.122071
