CHR_A	BP_A	SNP_A	CHR_B	BP_B	SNP_B	R2
10	126640936	rs67609008	10	126582160	rs35186116	0.923408
10	126640936	rs67609008	10	126587488	rs72828935	0.965027
10	126640936	rs67609008	10	126589139	rs72828938	0.612797
10	126640936	rs67609008	10	126589712	rs10901835	0.102331
10	126640936	rs67609008	10	126590319	rs11245425	0.234229
10	126640936	rs67609008	10	126594078	rs17636031	0.965168
10	126640936	rs67609008	10	126594892	rs10736892	0.100718
10	126640936	rs67609008	10	126596376	rs7920451	0.627742
10	126640936	rs67609008	10	126597696	rs7078652	0.0987904
10	126640936	rs67609008	10	126602810	rs11245428	0.125592
10	126640936	rs67609008	10	126603231	rs10794190	0.104113
10	126640936	rs67609008	10	126605316	rs12761149	0.102488
10	126640936	rs67609008	10	126609647	rs7099073	0.100718
10	126640936	rs67609008	10	126611155	rs7070792	0.0991195
10	126640936	rs67609008	10	126616467	rs60705217	0.0970607
10	126640936	rs67609008	10	126617169	rs4962708	0.621823
10	126640936	rs67609008	10	126618439	rs191747890	0.20212
10	126640936	rs67609008	10	126618620	rs12265337	0.102331
10	126640936	rs67609008	10	126621489	rs4962709	0.6331
10	126640936	rs67609008	10	126623542	rs10901838	0.102331
10	126640936	rs67609008	10	126628541	rs34091022	0.10171
10	126640936	rs67609008	10	126629608	rs72828952	0.287155
10	126640936	rs67609008	10	126629701	rs11245438	0.10171
10	126640936	rs67609008	10	126630015	rs12220260	0.10171
10	126640936	rs67609008	10	126632097	rs4020644	0.102516
10	126640936	rs67609008	10	126632386	rs10901841	0.100718
10	126640936	rs67609008	10	126635262	rs10901842	0.102331
10	126640936	rs67609008	10	126638018	rs570833884;rs566126382	0.0980771
10	126640936	rs67609008	10	126640936	rs67609008	1
10	126640936	rs67609008	10	126641660	rs368258624	0.134468
10	126640936	rs67609008	10	126644482	rs4962711	0.10476
10	126640936	rs67609008	10	126645140	rs7079521	0.101372
10	126640936	rs67609008	10	126646271	rs10901846	0.0994179
10	126640936	rs67609008	10	126647052	rs4962712	0.101372
10	126640936	rs67609008	10	126649723	rs6597862	0.0994179
10	126640936	rs67609008	10	126649746	rs11245445	0.638903
10	126640936	rs67609008	10	126650186	rs2114834	0.10298
10	126640936	rs67609008	10	126650696	rs11245446	0.727627
10	126640936	rs67609008	10	126651259	rs72348969	0.0927015
10	126640936	rs67609008	10	126654184	rs1036676	0.10298
10	126640936	rs67609008	10	126654536	rs4962713	0.0977436
10	126640936	rs67609008	10	126654643	rs4962412	0.0977436
10	126640936	rs67609008	10	126654898	rs4246208	0.0977436
10	126640936	rs67609008	10	126658075	rs11245450	0.275473
10	126640936	rs67609008	10	126658893	rs10751611	0.0977436
10	126640936	rs67609008	10	126664166	rs7096822	0.0942859
10	126640936	rs67609008	10	126672770	rs7075817	0.20212
10	126640936	rs67609008	10	126674093	rs3845	0.101372
10	126640936	rs67609008	10	126674467	rs16406	0.620457
10	126640936	rs67609008	10	126674689	rs1046373	0.0961715
10	126640936	rs67609008	10	126676686	rs3740535	0.101372
10	126640936	rs67609008	10	126677239	rs75066758	0.294689
10	126640936	rs67609008	10	126679739	rs7902120	0.0997798
10	126640936	rs67609008	10	126681219	rs3213907	0.107552
10	126640936	rs67609008	10	126683485	rs10901849	0.548992
10	126640936	rs67609008	10	126683766	rs11245453	0.89386
10	126640936	rs67609008	10	126683802	rs11245454	0.903395
10	126640936	rs67609008	10	126683857	rs11245455	0.868196
10	126640936	rs67609008	10	126684074	rs11245456	0.873591
10	126640936	rs67609008	10	126684134	rs3781446	0.253561
10	126640936	rs67609008	10	126685344	rs11245458	0.829888
10	126640936	rs67609008	10	126685916	rs12414708	0.172128
10	126640936	rs67609008	10	126687145	rs2289432	0.114336
10	126640936	rs67609008	10	126687528	rs4962718	0.130047
10	126640936	rs67609008	10	126688200	rs12782469	0.605097
10	126640936	rs67609008	10	126688370	rs3781445	0.128149
10	126640936	rs67609008	10	126688968	rs3781444	0.206328
10	126640936	rs67609008	10	126689249	rs11598549	0.605944
10	126640936	rs67609008	10	126690383	rs7923776	0.217443
10	126640936	rs67609008	10	126690919	rs3781442	0.209046
10	126640936	rs67609008	10	126691180	rs12771627	0.579842
10	126640936	rs67609008	10	126692193	rs750599	0.244573
10	126640936	rs67609008	10	126693030	rs11371876	0.576994
10	126640936	rs67609008	10	126695673	rs1561589	0.387973
10	126640936	rs67609008	10	126695847	rs3781433	0.213542
10	126640936	rs67609008	10	126696496	rs1970811	0.248057
10	126640936	rs67609008	10	126696643	rs2028398	0.387973
10	126640936	rs67609008	10	126696695	rs2028397	0.387973
10	126640936	rs67609008	10	126696704	rs4962719	0.387973
10	126640936	rs67609008	10	126696840	rs4962720	0.585707
10	126640936	rs67609008	10	126696872	rs4962416	0.585707
10	126640936	rs67609008	10	126697086	rs4962418	0.358922
10	126640936	rs67609008	10	126697114	rs4962419	0.585707
10	126640936	rs67609008	10	126697210	rs7077275	0.358922
10	126640936	rs67609008	10	126697327	rs12769019	0.585707
10	126640936	rs67609008	10	126697494	rs12769682	0.585707
10	126640936	rs67609008	10	126697609	rs2018366	0.256537
10	126640936	rs67609008	10	126697962	rs11245462	0.239344
10	126640936	rs67609008	10	126701450	rs144193017	0.131375
10	126640936	rs67609008	10	126702698	rs4962722	0.131375
10	126640936	rs67609008	10	126702843	rs3781428	0.254089
10	126640936	rs67609008	10	126703215	rs3781427	0.131375
10	126640936	rs67609008	10	126703349	rs3781426	0.256445
10	126640936	rs67609008	10	126703761	rs60306160	0.251501
10	126640936	rs67609008	10	126704601	rs2363895;rs370397239	0.228994
10	126640936	rs67609008	10	126704700	rs3781424	0.256643
10	126640936	rs67609008	10	126704704	rs3781423	0.117286
10	126640936	rs67609008	10	126705111	rs4962723	0.256445
10	126640936	rs67609008	10	126706991	rs11245465	0.116492
10	126640936	rs67609008	10	126707126	rs11245466	0.207671
10	126640936	rs67609008	10	126707881	rs10901850	0.115126
10	126640936	rs67609008	10	126708021	rs145757524	0.114332
10	126640936	rs67609008	10	126708059	rs11594890	0.0927936
10	126640936	rs67609008	10	126708194	rs3824797	0.112178
10	126640936	rs67609008	10	126708783	rs3781422	0.211306
10	126640936	rs67609008	10	126709703	rs3781421	0.251536
10	126640936	rs67609008	10	126710653	rs4962420	0.234815
10	126640936	rs67609008	10	126710654	rs4109292	0.189731
10	126640936	rs67609008	10	126711516	rs12357688	0.230391
10	126640936	rs67609008	10	126711633	rs7073257	0.221792
10	126640936	rs67609008	10	126711691	rs7086797	0.175888
10	126640936	rs67609008	10	126712428	rs3781416	0.221792
10	126640936	rs67609008	10	126712615	rs3781415	0.190338
10	126640936	rs67609008	10	126712781	rs4411245	0.174055
10	126640936	rs67609008	10	126713807	rs11245469	0.221792
10	126640936	rs67609008	10	126714166	rs10444192	0.219572
10	126640936	rs67609008	10	126714200	rs2363893	0.185409
10	126640936	rs67609008	10	126714714	rs2946994	0.180528
10	126640936	rs67609008	10	126714966	rs3012075	0.194387
10	126640936	rs67609008	10	126715629	rs3781409	0.230634
10	126640936	rs67609008	10	126716346	rs2938006	0.195558
10	126640936	rs67609008	10	126716847	rs2938005	0.176548
10	126640936	rs67609008	10	126716870	rs3012067	0.177705
10	126640936	rs67609008	10	126717814	rs34949118	0.104103
10	126640936	rs67609008	10	126718321	rs78264993	0.235239
10	126640936	rs67609008	10	126718350	rs2938004	0.177705
10	126640936	rs67609008	10	126718715	rs556569065	0.136142
10	126640936	rs67609008	10	126719263	rs11245472	0.235239
10	126640936	rs67609008	10	126719360	rs2938002	0.177705
10	126640936	rs67609008	10	126719576	rs2919286	0.177705
10	126640936	rs67609008	10	126719590	rs68043390	0.177705
10	126640936	rs67609008	10	126719704	rs2949369	0.177705
10	126640936	rs67609008	10	126719833	rs2913113	0.177705
10	126640936	rs67609008	10	126720288	rs2938001	0.176548
10	126640936	rs67609008	10	126720673	rs2913112	0.176548
10	126640936	rs67609008	10	126720788	rs893857	0.230328
10	126640936	rs67609008	10	126721441	rs2839737	0.177705
10	126640936	rs67609008	10	126721685	rs1561586	0.1753
10	126640936	rs67609008	10	126721954	rs2043953	0.175395
10	126640936	rs67609008	10	126722494	rs2913111	0.178965
10	126640936	rs67609008	10	126722535	rs3012074	0.176548
10	126640936	rs67609008	10	126722650	rs10901851	0.226002
10	126640936	rs67609008	10	126724796	rs11245478	0.241911
10	126640936	rs67609008	10	126724927	rs4962421	0.241911
10	126640936	rs67609008	10	126725076	rs57551359	0.178965
10	126640936	rs67609008	10	126725553	rs3781396	0.161733
10	126640936	rs67609008	10	126726080	rs2949368	0.167162
10	126640936	rs67609008	10	126726335	rs2937999	0.167162
10	126640936	rs67609008	10	126726558	rs2028395	0.094032
10	126640936	rs67609008	10	126726827	rs3781395	0.228276
10	126640936	rs67609008	10	126727353	rs2289431	0.161088
10	126640936	rs67609008	10	126728195	rs11245479	0.228276
10	126640936	rs67609008	10	126728286	rs11245480	0.157319
10	126640936	rs67609008	10	126728403	rs2946993	0.167162
10	126640936	rs67609008	10	126728522	rs10901852	0.220572
10	126640936	rs67609008	10	126728880	rs4962422	0.228215
10	126640936	rs67609008	10	126729168	rs71486508	0.183532
10	126640936	rs67609008	10	126730086	rs4962423	0.224025
10	126640936	rs67609008	10	126730214	rs4962424	0.159269
10	126640936	rs67609008	10	126730491	rs2935653	0.164861
10	126640936	rs67609008	10	126731459	rs10642339	0.162757
10	126640936	rs67609008	10	126731736	rs2936546	0.168528
10	126640936	rs67609008	10	126732558	rs11245481	0.217366
10	126640936	rs67609008	10	126732898	rs151163550	0.116001
10	126640936	rs67609008	10	126733015	rs557487524	0.264936
10	126640936	rs67609008	10	126733319	rs4962724	0.216508
10	126640936	rs67609008	10	126733321	rs4962725	0.22652
10	126640936	rs67609008	10	126733546	rs11245482	0.100658
10	126640936	rs67609008	10	126733643	rs10901854	0.211699
10	126640936	rs67609008	10	126733978	rs2949371	0.166217
10	126640936	rs67609008	10	126734115	rs2949372	0.166217
10	126640936	rs67609008	10	126737579	rs3012065	0.44139
10	126640936	rs67609008	10	126737687	rs34217401	0.43439
10	126640936	rs67609008	10	126737997	rs3012066	0.422611
10	126640936	rs67609008	10	126738444	rs2946996	0.342665
10	126640936	rs67609008	10	126738533	rs2919290	0.228265
10	126640936	rs67609008	10	126738634	rs10552909	0.340538
10	126640936	rs67609008	10	126739149	rs718947	0.210407
10	126640936	rs67609008	10	126739338	rs718948	0.190365
10	126696872	rs4962416	10	126582160	rs35186116	0.53705
10	126696872	rs4962416	10	126587488	rs72828935	0.561874
10	126696872	rs4962416	10	126589139	rs72828938	0.300672
10	126696872	rs4962416	10	126590319	rs11245425	0.197634
10	126696872	rs4962416	10	126594078	rs17636031	0.567252
10	126696872	rs4962416	10	126595993	rs66857611	0.188482
10	126696872	rs4962416	10	126596376	rs7920451	0.298542
10	126696872	rs4962416	10	126597696	rs7078652	0.0908317
10	126696872	rs4962416	10	126603231	rs10794190	0.0906185
10	126696872	rs4962416	10	126617169	rs4962708	0.294687
10	126696872	rs4962416	10	126621489	rs4962709	0.309748
10	126696872	rs4962416	10	126629608	rs72828952	0.139256
10	126696872	rs4962416	10	126640936	rs67609008	0.585707
10	126696872	rs4962416	10	126644482	rs4962711	0.0913089
10	126696872	rs4962416	10	126646271	rs10901846	0.0914938
10	126696872	rs4962416	10	126649723	rs6597862	0.0914938
10	126696872	rs4962416	10	126649746	rs11245445	0.313614
10	126696872	rs4962416	10	126650696	rs11245446	0.598435
10	126696872	rs4962416	10	126658075	rs11245450	0.223598
10	126696872	rs4962416	10	126674093	rs3845	0.0913089
10	126696872	rs4962416	10	126674467	rs16406	0.310403
10	126696872	rs4962416	10	126676686	rs3740535	0.094379
10	126696872	rs4962416	10	126677239	rs75066758	0.241684
10	126696872	rs4962416	10	126683485	rs10901849	0.355346
10	126696872	rs4962416	10	126683766	rs11245453	0.630102
10	126696872	rs4962416	10	126683802	rs11245454	0.63725
10	126696872	rs4962416	10	126683857	rs11245455	0.662131
10	126696872	rs4962416	10	126684074	rs11245456	0.60564
10	126696872	rs4962416	10	126684134	rs3781446	0.16436
10	126696872	rs4962416	10	126685344	rs11245458	0.652464
10	126696872	rs4962416	10	126685916	rs12414708	0.276148
10	126696872	rs4962416	10	126687145	rs2289432	0.119926
10	126696872	rs4962416	10	126687528	rs4962718	0.144396
10	126696872	rs4962416	10	126688200	rs12782469	0.890355
10	126696872	rs4962416	10	126688370	rs3781445	0.231003
10	126696872	rs4962416	10	126688968	rs3781444	0.384838
10	126696872	rs4962416	10	126689249	rs11598549	0.885332
10	126696872	rs4962416	10	126690383	rs7923776	0.432685
10	126696872	rs4962416	10	126690919	rs3781442	0.426504
10	126696872	rs4962416	10	126691180	rs12771627	0.967511
10	126696872	rs4962416	10	126692193	rs750599	0.471658
10	126696872	rs4962416	10	126693030	rs11371876	0.986212
10	126696872	rs4962416	10	126695673	rs1561589	0.685269
10	126696872	rs4962416	10	126695847	rs3781433	0.427784
10	126696872	rs4962416	10	126696496	rs1970811	0.488037
10	126696872	rs4962416	10	126696643	rs2028398	0.685269
10	126696872	rs4962416	10	126696695	rs2028397	0.685269
10	126696872	rs4962416	10	126696704	rs4962719	0.685269
10	126696872	rs4962416	10	126696840	rs4962720	1
10	126696872	rs4962416	10	126696872	rs4962416	1
10	126696872	rs4962416	10	126697086	rs4962418	0.668808
10	126696872	rs4962416	10	126697114	rs4962419	1
10	126696872	rs4962416	10	126697210	rs7077275	0.668808
10	126696872	rs4962416	10	126697327	rs12769019	1
10	126696872	rs4962416	10	126697494	rs12769682	1
10	126696872	rs4962416	10	126697609	rs2018366	0.33679
10	126696872	rs4962416	10	126697962	rs11245462	0.318703
10	126696872	rs4962416	10	126701445	rs11599502	0.255658
10	126696872	rs4962416	10	126701450	rs144193017	0.185228
10	126696872	rs4962416	10	126702049	rs12781214	0.255658
10	126696872	rs4962416	10	126702698	rs4962722	0.185228
10	126696872	rs4962416	10	126702843	rs3781428	0.333977
10	126696872	rs4962416	10	126703215	rs3781427	0.185228
10	126696872	rs4962416	10	126703349	rs3781426	0.331933
10	126696872	rs4962416	10	126703427	rs7090603	0.255658
10	126696872	rs4962416	10	126703761	rs60306160	0.326558
10	126696872	rs4962416	10	126704345	rs12776353	0.255658
10	126696872	rs4962416	10	126704601	rs2363895;rs370397239	0.313363
10	126696872	rs4962416	10	126704700	rs3781424	0.33089
10	126696872	rs4962416	10	126704704	rs3781423	0.203034
10	126696872	rs4962416	10	126705111	rs4962723	0.331933
10	126696872	rs4962416	10	126706991	rs11245465	0.206413
10	126696872	rs4962416	10	126707126	rs11245466	0.243193
10	126696872	rs4962416	10	126707881	rs10901850	0.204682
10	126696872	rs4962416	10	126708021	rs145757524	0.204136
10	126696872	rs4962416	10	126708059	rs11594890	0.217908
10	126696872	rs4962416	10	126708194	rs3824797	0.205818
10	126696872	rs4962416	10	126708783	rs3781422	0.422653
10	126696872	rs4962416	10	126709703	rs3781421	0.337122
10	126696872	rs4962416	10	126710127	rs116140900	0.11962
10	126696872	rs4962416	10	126710653	rs4962420	0.323074
10	126696872	rs4962416	10	126710654	rs4109292	0.394947
10	126696872	rs4962416	10	126711050	rs3781419	0.17422
10	126696872	rs4962416	10	126711516	rs12357688	0.296593
10	126696872	rs4962416	10	126711633	rs7073257	0.306008
10	126696872	rs4962416	10	126711691	rs7086797	0.241843
10	126696872	rs4962416	10	126712428	rs3781416	0.306008
10	126696872	rs4962416	10	126712615	rs3781415	0.383187
10	126696872	rs4962416	10	126712694	rs35728204	0.126009
10	126696872	rs4962416	10	126712781	rs4411245	0.239711
10	126696872	rs4962416	10	126713714	rs55905611	0.153835
10	126696872	rs4962416	10	126713807	rs11245469	0.306008
10	126696872	rs4962416	10	126714166	rs10444192	0.308506
10	126696872	rs4962416	10	126714200	rs2363893	0.376833
10	126696872	rs4962416	10	126714714	rs2946994	0.370516
10	126696872	rs4962416	10	126714966	rs3012075	0.390389
10	126696872	rs4962416	10	126715154	rs3781412	0.165495
10	126696872	rs4962416	10	126715629	rs3781409	0.3168
10	126696872	rs4962416	10	126716346	rs2938006	0.391391
10	126696872	rs4962416	10	126716847	rs2938005	0.350592
10	126696872	rs4962416	10	126716870	rs3012067	0.35184
10	126696872	rs4962416	10	126717814	rs34949118	0.150672
10	126696872	rs4962416	10	126718321	rs78264993	0.322193
10	126696872	rs4962416	10	126718350	rs2938004	0.35184
10	126696872	rs4962416	10	126718715	rs556569065	0.218435
10	126696872	rs4962416	10	126719263	rs11245472	0.327466
10	126696872	rs4962416	10	126719360	rs2938002	0.35184
10	126696872	rs4962416	10	126719576	rs2919286	0.35184
10	126696872	rs4962416	10	126719590	rs68043390	0.35184
10	126696872	rs4962416	10	126719704	rs2949369	0.35184
10	126696872	rs4962416	10	126719833	rs2913113	0.35184
10	126696872	rs4962416	10	126720288	rs2938001	0.350592
10	126696872	rs4962416	10	126720319	rs7920614	0.121888
10	126696872	rs4962416	10	126720673	rs2913112	0.350592
10	126696872	rs4962416	10	126720788	rs893857	0.317366
10	126696872	rs4962416	10	126720917	rs7081189	0.113871
10	126696872	rs4962416	10	126720951	rs12761407	0.113871
10	126696872	rs4962416	10	126721261	rs35060373	0.110193
10	126696872	rs4962416	10	126721441	rs2839737	0.35184
10	126696872	rs4962416	10	126721685	rs1561586	0.348304
10	126696872	rs4962416	10	126721954	rs2043953	0.349349
10	126696872	rs4962416	10	126722170	rs74163317	0.110193
10	126696872	rs4962416	10	126722494	rs2913111	0.354336
10	126696872	rs4962416	10	126722535	rs3012074	0.350592
10	126696872	rs4962416	10	126722650	rs10901851	0.322031
10	126696872	rs4962416	10	126722814	rs876147	0.113871
10	126696872	rs4962416	10	126723133	rs1077497	0.113871
10	126696872	rs4962416	10	126724670	rs12255887	0.113871
10	126696872	rs4962416	10	126724796	rs11245478	0.342224
10	126696872	rs4962416	10	126724927	rs4962421	0.342224
10	126696872	rs4962416	10	126725076	rs57551359	0.354336
10	126696872	rs4962416	10	126725553	rs3781396	0.222653
10	126696872	rs4962416	10	126726080	rs2949368	0.341982
10	126696872	rs4962416	10	126726335	rs2937999	0.341982
10	126696872	rs4962416	10	126726558	rs2028395	0.17091
10	126696872	rs4962416	10	126726827	rs3781395	0.319489
10	126696872	rs4962416	10	126726885	rs3781394	0.10749
10	126696872	rs4962416	10	126727353	rs2289431	0.218234
10	126696872	rs4962416	10	126728195	rs11245479	0.319489
10	126696872	rs4962416	10	126728286	rs11245480	0.213061
10	126696872	rs4962416	10	126728403	rs2946993	0.341982
10	126696872	rs4962416	10	126728522	rs10901852	0.312973
10	126696872	rs4962416	10	126728880	rs4962422	0.319663
10	126696872	rs4962416	10	126729168	rs71486508	0.383237
10	126696872	rs4962416	10	126730086	rs4962423	0.313772
10	126696872	rs4962416	10	126730214	rs4962424	0.215158
10	126696872	rs4962416	10	126730491	rs2935653	0.337094
10	126696872	rs4962416	10	126731459	rs10642339	0.321653
10	126696872	rs4962416	10	126731736	rs2936546	0.325155
10	126696872	rs4962416	10	126732558	rs11245481	0.305896
10	126696872	rs4962416	10	126732898	rs151163550	0.2165
10	126696872	rs4962416	10	126732932	rs3012063	0.148717
10	126696872	rs4962416	10	126733015	rs557487524	0.405347
10	126696872	rs4962416	10	126733319	rs4962724	0.302473
10	126696872	rs4962416	10	126733321	rs4962725	0.358801
10	126696872	rs4962416	10	126733546	rs11245482	0.193388
10	126696872	rs4962416	10	126733643	rs10901854	0.297661
10	126696872	rs4962416	10	126733722	rs12242908	0.12053
10	126696872	rs4962416	10	126733746	rs7083961	0.119247
10	126696872	rs4962416	10	126733978	rs2949371	0.326291
10	126696872	rs4962416	10	126734000	rs35126176	0.12053
10	126696872	rs4962416	10	126734115	rs2949372	0.326291
10	126696872	rs4962416	10	126734678	rs35665159	0.126499
10	126696872	rs4962416	10	126734956	rs75196297	0.121346
10	126696872	rs4962416	10	126736876	rs12246440	0.112632
10	126696872	rs4962416	10	126737234	rs12246653	0.113829
10	126696872	rs4962416	10	126737579	rs3012065	0.697271
10	126696872	rs4962416	10	126737687	rs34217401	0.656372
10	126696872	rs4962416	10	126737997	rs3012066	0.687765
10	126696872	rs4962416	10	126738444	rs2946996	0.538173
10	126696872	rs4962416	10	126738533	rs2919290	0.420215
10	126696872	rs4962416	10	126738634	rs10552909	0.535657
10	126696872	rs4962416	10	126739149	rs718947	0.208482
10	126696872	rs4962416	10	126739338	rs718948	0.169073
