CHR_A	BP_A	SNP_A	CHR_B	BP_B	SNP_B	R2
17	36047276	rs2229295	17	36044277	rs739753	0.137747
17	36047276	rs2229295	17	36045521	rs11263755	0.221566
17	36047276	rs2229295	17	36045798	rs141559293	0.0986804
17	36047276	rs2229295	17	36046395	rs9912390	0.179756
17	36047276	rs2229295	17	36046991	rs1058166	0.2702
17	36047276	rs2229295	17	36047101	rs2689	0.192316
17	36047276	rs2229295	17	36047276	rs2229295	1
17	36047276	rs2229295	17	36047417	rs3110641	0.723317
17	36047276	rs2229295	17	36047501	rs8066605	0.184193
17	36047276	rs2229295	17	36048523	rs3094513	0.139939
17	36047276	rs2229295	17	36048823	rs3110640	0.137615
17	36047276	rs2229295	17	36049150	rs534544793	0.241506
17	36047276	rs2229295	17	36049552	rs35551980	0.138118
17	36047276	rs2229295	17	36049786	rs66954791	0.353188
17	36047276	rs2229295	17	36049820	rs11263756	0.186956
17	36047276	rs2229295	17	36050351	rs115858898	0.184193
17	36047276	rs2229295	17	36051372	rs1859211	0.293031
17	36047276	rs2229295	17	36052616	rs3110635	0.385626
17	36047276	rs2229295	17	36052619	rs544266977	0.383399
17	36047276	rs2229295	17	36053791	rs56189897	0.249345
17	36047276	rs2229295	17	36053996	rs4795211	0.232214
17	36047276	rs2229295	17	36054243	rs4795212	0.228902
17	36047276	rs2229295	17	36054473	rs3110630	0.228902
17	36047276	rs2229295	17	36054504	rs561220125	0.150765
17	36047276	rs2229295	17	36055233	rs2411156	0.228902
17	36047276	rs2229295	17	36055614	rs4795215	0.228902
17	36047276	rs2229295	17	36056067	rs4795216	0.225613
17	36047276	rs2229295	17	36056076	rs12449654	0.0944562
17	36047276	rs2229295	17	36056192	rs12452659	0.0944562
17	36047276	rs2229295	17	36056474	rs2411155	0.219527
17	36047276	rs2229295	17	36056556	rs2411154	0.21358
17	36047276	rs2229295	17	36056899	rs11656817	0.265062
17	36047276	rs2229295	17	36058153	rs1016991	0.219302
17	36047276	rs2229295	17	36058725	rs2269845	0.219302
17	36047276	rs2229295	17	36058814	rs2269844	0.219302
17	36047276	rs2229295	17	36059034	rs35913775	0.219231
17	36047276	rs2229295	17	36059302	rs13339672	0.146736
17	36047276	rs2229295	17	36061659	rs2074428	0.141344
17	36047276	rs2229295	17	36062299	rs3094509	0.148497
17	36047276	rs2229295	17	36063827	rs79711496	0.104596
17	36074979	rs11649743	17	36073829	rs138201541	0.0952587
17	36074979	rs11649743	17	36074979	rs11649743	1
17	36074979	rs11649743	17	36075815	rs2411153	0.216427
17	36074979	rs11649743	17	36077099	rs718961	0.769168
17	36074979	rs11649743	17	36077279	rs718960	0.769168
17	36074979	rs11649743	17	36077863	rs12951345	0.726997
17	36074979	rs11649743	17	36078510	rs4795218	0.769168
17	36074979	rs11649743	17	36079111	rs146723727	0.943801
17	36074979	rs11649743	17	36079565	rs62073542	0.914361
17	36074979	rs11649743	17	36080165	rs17138469	0.775444
17	36074979	rs11649743	17	36080369	rs77642064	0.104457
17	36074979	rs11649743	17	36080428	rs4794758	0.678476
17	36074979	rs11649743	17	36081714	rs200443525	0.122101
17	36074979	rs11649743	17	36081716	rs200904439	0.152157
17	36074979	rs11649743	17	36082421	rs12450628	0.115398
17	36074979	rs11649743	17	36082473	rs7223387	0.671063
17	36074979	rs11649743	17	36082907	rs11658433	0.863043
17	36074979	rs11649743	17	36084423	rs74715846	0.161923
17	36074979	rs11649743	17	36096421	rs80141083	0.102905
17	36074979	rs11649743	17	36105858	rs34443065	0.10888
17	36077099	rs718961	17	36074979	rs11649743	0.769168
17	36077099	rs718961	17	36075815	rs2411153	0.247295
17	36077099	rs718961	17	36077099	rs718961	1
17	36077099	rs718961	17	36077279	rs718960	1
17	36077099	rs718961	17	36077863	rs12951345	0.945587
17	36077099	rs718961	17	36078510	rs4795218	1
17	36077099	rs718961	17	36079111	rs146723727	0.802572
17	36077099	rs718961	17	36079565	rs62073542	0.806413
17	36077099	rs718961	17	36080165	rs17138469	0.703149
17	36077099	rs718961	17	36080428	rs4794758	0.594952
17	36077099	rs718961	17	36081714	rs200443525	0.167049
17	36077099	rs718961	17	36081716	rs200904439	0.122037
17	36077099	rs718961	17	36082421	rs12450628	0.159607
17	36077099	rs718961	17	36082473	rs7223387	0.587042
17	36077099	rs718961	17	36082907	rs11658433	0.741287
17	36077099	rs718961	17	36084423	rs74715846	0.195523
17	36077099	rs718961	17	36096421	rs80141083	0.0948834
17	36077099	rs718961	17	36105858	rs34443065	0.101142
17	36098040	rs4430796	17	36086689	rs2107131	0.102379
17	36098040	rs4430796	17	36088530	rs2002731	0.255143
17	36098040	rs4430796	17	36088915	rs1016990	0.19143
17	36098040	rs4430796	17	36089282	rs880411	0.0910458
17	36098040	rs4430796	17	36090885	rs3744763	0.313494
17	36098040	rs4430796	17	36091256	rs9906451	0.107458
17	36098040	rs4430796	17	36092671	rs3837868	0.544024
17	36098040	rs4430796	17	36092841	rs577872833	0.554122
17	36098040	rs4430796	17	36093022	rs7405776	0.561593
17	36098040	rs4430796	17	36093863	rs3216929	0.520127
17	36098040	rs4430796	17	36095246	rs74398459	0.0933748
17	36098040	rs4430796	17	36096300	rs2005705	0.791885
17	36098040	rs4430796	17	36096421	rs80141083	0.104735
17	36098040	rs4430796	17	36096478	rs757211	0.509598
17	36098040	rs4430796	17	36096515	rs757210	0.559734
17	36098040	rs4430796	17	36097629	rs112280299	0.0978713
17	36098040	rs4430796	17	36097661	rs538954447	0.516381
17	36098040	rs4430796	17	36097775	rs11263761	0.972876
17	36098040	rs4430796	17	36098040	rs4430796	1
17	36098040	rs4430796	17	36098987	rs4239217	0.690266
17	36098040	rs4430796	17	36099840	rs11651755	0.930732
17	36098040	rs4430796	17	36099952	rs10908278	0.937736
17	36098040	rs4430796	17	36099970	rs61612821	0.132149
17	36098040	rs4430796	17	36100767	rs11657964	0.696187
17	36098040	rs4430796	17	36101156	rs7501939	0.696187
17	36098040	rs4430796	17	36101586	rs8064454	0.949557
17	36098040	rs4430796	17	36101633	rs12601991	0.657161
17	36098040	rs4430796	17	36101926	rs11263762	0.658684
17	36098040	rs4430796	17	36102035	rs7405696	0.658684
17	36098040	rs4430796	17	36102381	rs11651052	0.949422
17	36098040	rs4430796	17	36102833	rs757209	0.658684
17	36098040	rs4430796	17	36103149	rs9901746	0.658684
17	36098040	rs4430796	17	36103565	rs11263763	0.945815
17	36098040	rs4430796	17	36103872	rs11658063	0.678984
17	36098040	rs4430796	17	36104121	rs12453443	0.639013
17	36098040	rs4430796	17	36105858	rs34443065	0.102285
17	36098040	rs4430796	17	36105897	rs9913260	0.346232
17	36098040	rs4430796	17	36106313	rs3760511	0.398448
17	36098040	rs4430796	17	36108231	rs67143603	0.36989
17	36098040	rs4430796	17	36108367	rs17626423	0.113156
17	36098040	rs4430796	17	36115166	rs7213769	0.126406
17	36098040	rs4430796	17	36126604	rs12941488	0.0944398
17	36098040	rs4430796	17	36127912	rs12950378	0.0962668
17	36098040	rs4430796	17	36160402	rs3059021	0.0949804
17	36099840	rs11651755	17	36086689	rs2107131	0.0913627
17	36099840	rs11651755	17	36088530	rs2002731	0.232409
17	36099840	rs11651755	17	36088915	rs1016990	0.168599
17	36099840	rs11651755	17	36090885	rs3744763	0.300195
17	36099840	rs11651755	17	36091256	rs9906451	0.117119
17	36099840	rs11651755	17	36092671	rs3837868	0.52087
17	36099840	rs11651755	17	36092841	rs577872833	0.530469
17	36099840	rs11651755	17	36093022	rs7405776	0.53801
17	36099840	rs11651755	17	36093863	rs3216929	0.501178
17	36099840	rs11651755	17	36096300	rs2005705	0.752533
17	36099840	rs11651755	17	36096421	rs80141083	0.0965022
17	36099840	rs11651755	17	36096478	rs757211	0.483261
17	36099840	rs11651755	17	36096515	rs757210	0.535831
17	36099840	rs11651755	17	36097661	rs538954447	0.486629
17	36099840	rs11651755	17	36097775	rs11263761	0.919636
17	36099840	rs11651755	17	36098040	rs4430796	0.930732
17	36099840	rs11651755	17	36098987	rs4239217	0.683353
17	36099840	rs11651755	17	36099840	rs11651755	1
17	36099840	rs11651755	17	36099952	rs10908278	0.976375
17	36099840	rs11651755	17	36099970	rs61612821	0.138706
17	36099840	rs11651755	17	36100767	rs11657964	0.702149
17	36099840	rs11651755	17	36101156	rs7501939	0.702149
17	36099840	rs11651755	17	36101586	rs8064454	0.965188
17	36099840	rs11651755	17	36101633	rs12601991	0.650482
17	36099840	rs11651755	17	36101926	rs11263762	0.652088
17	36099840	rs11651755	17	36102035	rs7405696	0.652088
17	36099840	rs11651755	17	36102381	rs11651052	0.965032
17	36099840	rs11651755	17	36102833	rs757209	0.652088
17	36099840	rs11651755	17	36103149	rs9901746	0.652088
17	36099840	rs11651755	17	36103565	rs11263763	0.961262
17	36099840	rs11651755	17	36103872	rs11658063	0.684924
17	36099840	rs11651755	17	36104121	rs12453443	0.632607
17	36099840	rs11651755	17	36105858	rs34443065	0.0981708
17	36099840	rs11651755	17	36105897	rs9913260	0.342436
17	36099840	rs11651755	17	36106313	rs3760511	0.375934
17	36099840	rs11651755	17	36108231	rs67143603	0.362686
17	36099840	rs11651755	17	36108367	rs17626423	0.130792
17	36099840	rs11651755	17	36115166	rs7213769	0.109513
17	36099840	rs11651755	17	36127912	rs12950378	0.0916905
17	36101586	rs8064454	17	36086689	rs2107131	0.0915382
17	36101586	rs8064454	17	36088530	rs2002731	0.242256
17	36101586	rs8064454	17	36088915	rs1016990	0.170274
17	36101586	rs8064454	17	36090885	rs3744763	0.294249
17	36101586	rs8064454	17	36091256	rs9906451	0.10788
17	36101586	rs8064454	17	36092671	rs3837868	0.530615
17	36101586	rs8064454	17	36092841	rs577872833	0.540629
17	36101586	rs8064454	17	36093022	rs7405776	0.548142
17	36101586	rs8064454	17	36093863	rs3216929	0.512834
17	36101586	rs8064454	17	36095246	rs74398459	0.0907848
17	36101586	rs8064454	17	36096300	rs2005705	0.779422
17	36101586	rs8064454	17	36096421	rs80141083	0.0923692
17	36101586	rs8064454	17	36096478	rs757211	0.488317
17	36101586	rs8064454	17	36096515	rs757210	0.552256
17	36101586	rs8064454	17	36097629	rs112280299	0.0952467
17	36101586	rs8064454	17	36097661	rs538954447	0.498584
17	36101586	rs8064454	17	36097775	rs11263761	0.938215
17	36101586	rs8064454	17	36098040	rs4430796	0.949557
17	36101586	rs8064454	17	36098987	rs4239217	0.6904
17	36101586	rs8064454	17	36099840	rs11651755	0.965188
17	36101586	rs8064454	17	36099858	rs75979306	0.0946155
17	36101586	rs8064454	17	36099952	rs10908278	0.972386
17	36101586	rs8064454	17	36099970	rs61612821	0.134964
17	36101586	rs8064454	17	36100767	rs11657964	0.716914
17	36101586	rs8064454	17	36101156	rs7501939	0.716914
17	36101586	rs8064454	17	36101586	rs8064454	1
17	36101586	rs8064454	17	36101633	rs12601991	0.653312
17	36101586	rs8064454	17	36101926	rs11263762	0.654811
17	36101586	rs8064454	17	36102035	rs7405696	0.654811
17	36101586	rs8064454	17	36102381	rs11651052	0.992084
17	36101586	rs8064454	17	36102833	rs757209	0.654811
17	36101586	rs8064454	17	36102971	rs58967869	0.0915264
17	36101586	rs8064454	17	36103149	rs9901746	0.654811
17	36101586	rs8064454	17	36103565	rs11263763	0.980363
17	36101586	rs8064454	17	36103872	rs11658063	0.692566
17	36101586	rs8064454	17	36104121	rs12453443	0.635037
17	36101586	rs8064454	17	36104276	rs111950175	0.0933081
17	36101586	rs8064454	17	36104304	rs113656333	0.0933081
17	36101586	rs8064454	17	36105858	rs34443065	0.0941211
17	36101586	rs8064454	17	36105897	rs9913260	0.353151
17	36101586	rs8064454	17	36106313	rs3760511	0.399914
17	36101586	rs8064454	17	36108231	rs67143603	0.371165
17	36101586	rs8064454	17	36108367	rs17626423	0.119631
17	36101586	rs8064454	17	36115166	rs7213769	0.125629
17	36101586	rs8064454	17	36126604	rs12941488	0.0910764
17	36101586	rs8064454	17	36127912	rs12950378	0.0928903
17	36103565	rs11263763	17	36088530	rs2002731	0.236217
17	36103565	rs11263763	17	36088915	rs1016990	0.174372
17	36103565	rs11263763	17	36090885	rs3744763	0.30258
17	36103565	rs11263763	17	36091256	rs9906451	0.108305
17	36103565	rs11263763	17	36092671	rs3837868	0.53611
17	36103565	rs11263763	17	36092841	rs577872833	0.533929
17	36103565	rs11263763	17	36093022	rs7405776	0.541398
17	36103565	rs11263763	17	36093863	rs3216929	0.50616
17	36103565	rs11263763	17	36096300	rs2005705	0.763005
17	36103565	rs11263763	17	36096478	rs757211	0.480296
17	36103565	rs11263763	17	36096515	rs757210	0.539124
17	36103565	rs11263763	17	36097629	rs112280299	0.0941107
17	36103565	rs11263763	17	36097661	rs538954447	0.491425
17	36103565	rs11263763	17	36097775	rs11263761	0.949748
17	36103565	rs11263763	17	36098040	rs4430796	0.945815
17	36103565	rs11263763	17	36098987	rs4239217	0.702501
17	36103565	rs11263763	17	36099840	rs11651755	0.961262
17	36103565	rs11263763	17	36099858	rs75979306	0.0934791
17	36103565	rs11263763	17	36099952	rs10908278	0.960693
17	36103565	rs11263763	17	36099970	rs61612821	0.13761
17	36103565	rs11263763	17	36100767	rs11657964	0.708447
17	36103565	rs11263763	17	36101156	rs7501939	0.708447
17	36103565	rs11263763	17	36101586	rs8064454	0.980363
17	36103565	rs11263763	17	36101633	rs12601991	0.649525
17	36103565	rs11263763	17	36101926	rs11263762	0.651028
17	36103565	rs11263763	17	36102035	rs7405696	0.651028
17	36103565	rs11263763	17	36102381	rs11651052	0.980318
17	36103565	rs11263763	17	36102833	rs757209	0.651028
17	36103565	rs11263763	17	36102971	rs58967869	0.0997176
17	36103565	rs11263763	17	36103149	rs9901746	0.651028
17	36103565	rs11263763	17	36103565	rs11263763	1
17	36103565	rs11263763	17	36103872	rs11658063	0.704454
17	36103565	rs11263763	17	36104121	rs12453443	0.631392
17	36103565	rs11263763	17	36104276	rs111950175	0.0921781
17	36103565	rs11263763	17	36104304	rs113656333	0.0921781
17	36103565	rs11263763	17	36105897	rs9913260	0.35914
17	36103565	rs11263763	17	36106313	rs3760511	0.4123
17	36103565	rs11263763	17	36108231	rs67143603	0.37796
17	36103565	rs11263763	17	36108367	rs17626423	0.114047
17	36103565	rs11263763	17	36115166	rs7213769	0.136504
17	36103565	rs11263763	17	36126604	rs12941488	0.100323
17	36103565	rs11263763	17	36127912	rs12950378	0.102198
17	36103565	rs11263763	17	36160402	rs3059021	0.095729
