CHR_A	BP_A	SNP_A	CHR_B	BP_B	SNP_B	R2
19	54797848	rs103294	19	54750037	rs71365450	0.101726
19	54797848	rs103294	19	54750633	rs606851	0.103719
19	54797848	rs103294	19	54753865	rs556785402	0.0929382
19	54797848	rs103294	19	54754946	rs146755009	0.112748
19	54797848	rs103294	19	54755636	rs624315	0.100397
19	54797848	rs103294	19	54755725	rs1889418	0.153143
19	54797848	rs103294	19	54756142	rs72087	0.112823
19	54797848	rs103294	19	54763969	rs595872	0.272913
19	54797848	rs103294	19	54764322	rs389096	0.294169
19	54797848	rs103294	19	54766358	rs572045040;rs575851704	0.0938581
19	54797848	rs103294	19	54766423	rs377681	0.394053
19	54797848	rs103294	19	54766724	rs150996679	0.0946666
19	54797848	rs103294	19	54767214	rs143015003	0.0946666
19	54797848	rs103294	19	54767879	rs402071	0.0946666
19	54797848	rs103294	19	54768528	rs421685	0.129887
19	54797848	rs103294	19	54772435	rs1889417	0.0979579
19	54797848	rs103294	19	54772569	rs1889416	0.0979579
19	54797848	rs103294	19	54772618	rs4083825	0.498568
19	54797848	rs103294	19	54772738	rs11668799	0.0979579
19	54797848	rs103294	19	54772759	rs573208273;rs34040447;rs34040447;rs34040447	0.0951922
19	54797848	rs103294	19	54772873	rs11669650	0.0979579
19	54797848	rs103294	19	54772881	rs11669618	0.0979579
19	54797848	rs103294	19	54773032	rs62133140	0.12156
19	54797848	rs103294	19	54773972	rs11084327	0.0931144
19	54797848	rs103294	19	54774439	rs12459843	0.116932
19	54797848	rs103294	19	54774592	rs17273295	0.11874
19	54797848	rs103294	19	54774976	rs3896287	0.0929746
19	54797848	rs103294	19	54775349	rs419304	0.498568
19	54797848	rs103294	19	54775389	rs7254645	0.0940212
19	54797848	rs103294	19	54777710	rs534238124	0.199949
19	54797848	rs103294	19	54779101	rs443501	0.427058
19	54797848	rs103294	19	54779389	rs443874	0.426354
19	54797848	rs103294	19	54781010	rs3855678	0.114204
19	54797848	rs103294	19	54781541	rs450937	0.454723
19	54797848	rs103294	19	54781554	rs451000	0.44975
19	54797848	rs103294	19	54781557	rs400942	0.44975
19	54797848	rs103294	19	54781843	rs4022330	0.114054
19	54797848	rs103294	19	54782407	rs1128646	0.158746
19	54797848	rs103294	19	54782420	rs11666104	0.160881
19	54797848	rs103294	19	54782589	rs586206	0.16508
19	54797848	rs103294	19	54782704	rs7247451	0.170899
19	54797848	rs103294	19	54782710	rs7247208	0.174571
19	54797848	rs103294	19	54782724	rs7247538	0.164963
19	54797848	rs103294	19	54782919	rs386056	0.627965
19	54797848	rs103294	19	54783077	rs7250635	0.163587
19	54797848	rs103294	19	54783521	rs383925	0.633751
19	54797848	rs103294	19	54784130	rs383369	0.644683
19	54797848	rs103294	19	54784898	rs13345054	0.166245
19	54797848	rs103294	19	54784908	rs13345069	0.162469
19	54797848	rs103294	19	54784920	rs448083	0.668207
19	54797848	rs103294	19	54784936	rs448092	0.668207
19	54797848	rs103294	19	54789266	rs8100863	0.164623
19	54797848	rs103294	19	54789527	rs150903383	0.155681
19	54797848	rs103294	19	54790007	rs11666952	0.17198
19	54797848	rs103294	19	54790180	rs73938631	0.165391
19	54797848	rs103294	19	54790483	rs377556	0.690126
19	54797848	rs103294	19	54791788	rs397600	0.356801
19	54797848	rs103294	19	54792079	rs431420	0.707216
19	54797848	rs103294	19	54792358	rs6509860	0.143071
19	54797848	rs103294	19	54792365	rs11349137	0.143071
19	54797848	rs103294	19	54792761	rs386000	0.905859
19	54797848	rs103294	19	54792769	rs386003	0.905859
19	54797848	rs103294	19	54793038	rs398217	0.904013
19	54797848	rs103294	19	54793048	rs398227	0.910771
19	54797848	rs103294	19	54793188	rs798887	0.910771
19	54797848	rs103294	19	54793239	rs798888	0.979251
19	54797848	rs103294	19	54793250	rs798889	0.904013
19	54797848	rs103294	19	54793273	rs57827784	0.874539
19	54797848	rs103294	19	54793280	rs56883673	0.874539
19	54797848	rs103294	19	54793357	rs57906249	0.904013
19	54797848	rs103294	19	54793360	rs59605183	0.910771
19	54797848	rs103294	19	54793415	rs58609643	0.904013
19	54797848	rs103294	19	54793505	rs399657	0.910771
19	54797848	rs103294	19	54793721	rs61703366	0.986178
19	54797848	rs103294	19	54793830	rs798893	0.986178
19	54797848	rs103294	19	54794098	rs397558	0.986178
19	54797848	rs103294	19	54794205	rs419772	0.979251
19	54797848	rs103294	19	54795299	rs427366	0.12257
19	54797848	rs103294	19	54796630	rs416867	0.993069
19	54797848	rs103294	19	54796719	rs384116	0.917569
19	54797848	rs103294	19	54797848	rs103294	1
19	54797848	rs103294	19	54799083	rs380267	0.993069
19	54797848	rs103294	19	54799590	rs143067540	0.154599
19	54797848	rs103294	19	54799692	rs11435987	0.917569
19	54797848	rs103294	19	54800222	rs368178	0.585843
19	54797848	rs103294	19	54800225	rs368177	0.585843
19	54797848	rs103294	19	54800371	rs410852	0.566867
19	54797848	rs103294	19	54800423	esv3644795	0.972277
19	54797848	rs103294	19	54800500	rs367070	0.97239
19	54797848	rs103294	19	54800667	rs6509861	0.157538
19	54797848	rs103294	19	54800679	rs798895	0.479444
19	54797848	rs103294	19	54800703	rs798896	0.485403
19	54797848	rs103294	19	54800735	rs798897	0.10764
19	54797848	rs103294	19	54800742	rs798898	0.485184
19	54797848	rs103294	19	54800767	rs798899	0.322759
19	54797848	rs103294	19	54800810	rs11420499	0.498435
19	54797848	rs103294	19	54808174	rs1645788	0.925698
19	54797848	rs103294	19	54808244	rs4006693	0.904471
19	54797848	rs103294	19	54809336	rs434124	0.91161
19	54797848	rs103294	19	54809343	rs453755	0.918228
19	54797848	rs103294	19	54810370	rs4806741	0.158448
19	54797848	rs103294	19	54810549	rs201266573	0.112632
19	54797848	rs103294	19	54810672	rs542478950	0.183459
19	54797848	rs103294	19	54813189	rs35915840	0.140092
19	54797848	rs103294	19	54813266	rs431001	0.221528
19	54797848	rs103294	19	54813726	rs34464703	0.221528
19	54797848	rs103294	19	54813762	rs651279	0.219779
19	54797848	rs103294	19	54813872	rs414135	0.221528
19	54797848	rs103294	19	54813987	rs404032	0.221528
19	54797848	rs103294	19	54814354	rs8108867	0.21804
19	54797848	rs103294	19	54814414	rs8109267	0.219779
19	54797848	rs103294	19	54814428	rs8109872	0.219779
19	54797848	rs103294	19	54814429	rs8109873	0.219779
19	54797848	rs103294	19	54814524	rs1761457	0.21804
19	54797848	rs103294	19	54814602	rs1761456	0.223542
19	54797848	rs103294	19	54814854	rs1761455	0.21804
19	54797848	rs103294	19	54815093	rs741584	0.21804
19	54797848	rs103294	19	54815387	rs1645787	0.214183
19	54797848	rs103294	19	54815577	rs759819	0.214183
19	54797848	rs103294	19	54816719	rs56202237	0.140092
19	54797848	rs103294	19	54819466	rs1616661	0.164802
19	54797848	rs103294	19	54819598	rs373062309	0.164894
19	54797848	rs103294	19	54819630	rs557042305	0.164894
19	54797848	rs103294	19	54819909	rs2781751	0.167965
19	54797848	rs103294	19	54820793	rs552222698	0.158534
19	54797848	rs103294	19	54823533	rs1761463	0.131518
19	54797848	rs103294	19	54824177	rs1645785	0.131518
19	54797848	rs103294	19	54824667	rs1761462	0.128693
19	54797848	rs103294	19	54827040	rs1645784	0.170738
19	54797848	rs103294	19	54827401	rs1645783	0.135847
19	54797848	rs103294	19	54827448	rs1761459	0.130225
19	54797848	rs103294	19	54827480	rs1645782	0.131675
19	54797848	rs103294	19	54828164	rs1645781	0.147802
19	54797848	rs103294	19	54828658	rs1645779	0.137731
19	54797848	rs103294	19	54828662	rs2385021	0.137731
19	54797848	rs103294	19	54828665	rs2385020	0.137731
19	54797848	rs103294	19	54828667	rs2385019	0.135956
19	54797848	rs103294	19	54828671	rs1761449	0.136274
19	54797848	rs103294	19	54828695	rs915106	0.14494
19	54797848	rs103294	19	54828702	rs1645777	0.14494
19	54797848	rs103294	19	54829942	rs556721525	0.163184
19	54797848	rs103294	19	54831977	rs1008420	0.155298
19	54797848	rs103294	19	54832867	rs2008136	0.152367
19	54797848	rs103294	19	54834386	rs57409413	0.126373
19	54797848	rs103294	19	54834700	rs7259603	0.126746
19	54797848	rs103294	19	54835771	rs11084329	0.122883
19	54797848	rs103294	19	54837165	rs12979085	0.138993
19	54797848	rs103294	19	54837633	rs34969536	0.137829
19	54797848	rs103294	19	54837635	rs17634081	0.137829
