CHR_A	BP_A	SNP_A	CHR_B	BP_B	SNP_B	R2
17	618965	rs684232	17	519015	rs12450003	0.86161
17	618965	rs684232	17	519325	rs12601935	0.543127
17	618965	rs684232	17	519554	rs36027158	0.156736
17	618965	rs684232	17	519859	rs35206514	0.543127
17	618965	rs684232	17	520314	rs17677436	0.543127
17	618965	rs684232	17	520967	rs55787709	0.162315
17	618965	rs684232	17	520976	rs55825460	0.541253
17	618965	rs684232	17	521491	rs8076552	0.14956
17	618965	rs684232	17	521565	rs12950547	0.215951
17	618965	rs684232	17	521590	rs12941685	0.241453
17	618965	rs684232	17	521640	rs9906757	0.428471
17	618965	rs684232	17	521672	rs117314378	0.525958
17	618965	rs684232	17	522065	rs62056499	0.162315
17	618965	rs684232	17	522197	rs62056500	0.215352
17	618965	rs684232	17	522557	rs12945134	0.240822
17	618965	rs684232	17	522558	rs12937766	0.240822
17	618965	rs684232	17	523006	rs55945600	0.163659
17	618965	rs684232	17	523007	rs375504241	0.178006
17	618965	rs684232	17	523918	rs374543412	0.150208
17	618965	rs684232	17	524250	rs9902798	0.260772
17	618965	rs684232	17	524297	rs8066036	0.0911037
17	618965	rs684232	17	524391	rs12939528	0.543127
17	618965	rs684232	17	525000	rs62056502	0.242087
17	618965	rs684232	17	525060	rs11649729	0.266757
17	618965	rs684232	17	525117	rs62056503	0.242087
17	618965	rs684232	17	525135	rs11649766	0.266757
17	618965	rs684232	17	525208	rs62056504	0.543127
17	618965	rs684232	17	525342	rs12949439	0.543127
17	618965	rs684232	17	525445	rs112260312	0.0911037
17	618965	rs684232	17	525628	rs10711234	0.406625
17	618965	rs684232	17	525937	rs8064796	0.543127
17	618965	rs684232	17	525967	rs72096577	0.270691
17	618965	rs684232	17	526477	rs62056505	0.193116
17	618965	rs684232	17	526907	rs16954056	0.0911037
17	618965	rs684232	17	527257	rs201579151	0.0911037
17	618965	rs684232	17	527671	rs4968058	0.266757
17	618965	rs684232	17	528257	rs385043	0.543127
17	618965	rs684232	17	528262	rs74956776	0.235535
17	618965	rs684232	17	528274	rs116886205	0.242087
17	618965	rs684232	17	528715	rs67941592	0.148552
17	618965	rs684232	17	528868	rs9906432	0.4459
17	618965	rs684232	17	529730	rs331011	0.570602
17	618965	rs684232	17	530339	rs16954064	0.362935
17	618965	rs684232	17	530790	rs331013	0.341325
17	618965	rs684232	17	531729	rs12450330	0.0911037
17	618965	rs684232	17	532103	rs331014	0.543127
17	618965	rs684232	17	532367	rs34305525	0.161078
17	618965	rs684232	17	532511	rs9674913	0.0911037
17	618965	rs684232	17	532860	rs186681	0.0911037
17	618965	rs684232	17	533588	rs17609440	0.166571
17	618965	rs684232	17	534525	rs2002015	0.829092
17	618965	rs684232	17	535441	rs391002	0.54501
17	618965	rs684232	17	535699	rs416662	0.54501
17	618965	rs684232	17	536335	rs58654928	0.0911037
17	618965	rs684232	17	536414	rs11650715	0.262858
17	618965	rs684232	17	538141	rs199945751	0.542424
17	618965	rs684232	17	538154	rs199818294	0.542424
17	618965	rs684232	17	538160	rs200599354	0.542424
17	618965	rs684232	17	538196	rs4968096	0.266805
17	618965	rs684232	17	538504	rs111489473	0.0911037
17	618965	rs684232	17	541035	rs331001	0.543127
17	618965	rs684232	17	541872	rs179462	0.543127
17	618965	rs684232	17	541972	rs111932322	0.0911037
17	618965	rs684232	17	542220	rs331003	0.543127
17	618965	rs684232	17	542510	rs34711755	0.161078
17	618965	rs684232	17	543116	rs331004	0.570602
17	618965	rs684232	17	543595	rs331005	0.543127
17	618965	rs684232	17	544116	rs79823562	0.0911037
17	618965	rs684232	17	544343	rs331007	0.570602
17	618965	rs684232	17	544444	rs60219334	0.0911037
17	618965	rs684232	17	544617	rs331008	0.543127
17	618965	rs684232	17	544992	rs78403193	0.0911037
17	618965	rs684232	17	545642	rs138344930	0.0911037
17	618965	rs684232	17	547124	rs331010	0.54501
17	618965	rs684232	17	547843	rs56057901	0.5676
17	618965	rs684232	17	548775	rs62056513	0.242087
17	618965	rs684232	17	548982	esv3639631	0.262858
17	618965	rs684232	17	549004	rs200550398	0.0911037
17	618965	rs684232	17	549030	rs372448816	0.266805
17	618965	rs684232	17	549032	rs142015092	0.266805
17	618965	rs684232	17	549450	rs392097	0.401685
17	618965	rs684232	17	549516	rs62056514	0.243626
17	618965	rs684232	17	550621	rs62053770	0.242087
17	618965	rs684232	17	551316	rs401592	0.541165
17	618965	rs684232	17	551853	rs12940438	0.359564
17	618965	rs684232	17	552048	rs365853	0.662543
17	618965	rs684232	17	552294	rs377332804	0.148838
17	618965	rs684232	17	552679	rs62053776	0.0911413
17	618965	rs684232	17	553324	rs74251928	0.0911037
17	618965	rs684232	17	553616	rs56877006	0.0911037
17	618965	rs684232	17	553736	rs71145759	0.270691
17	618965	rs684232	17	554080	rs434307	0.341325
17	618965	rs684232	17	554814	rs868235	0.266757
17	618965	rs684232	17	554858	rs430526	0.21464
17	618965	rs684232	17	554912	rs384628	0.543127
17	618965	rs684232	17	555778	rs60887231	0.0911037
17	618965	rs684232	17	555816	rs371318	0.866085
17	618965	rs684232	17	556884	rs379998	0.543127
17	618965	rs684232	17	557123	rs2543775	0.543127
17	618965	rs684232	17	557149	rs2543776	0.570602
17	618965	rs684232	17	557504	rs55700948	0.242087
17	618965	rs684232	17	557894	rs422366	0.537531
17	618965	rs684232	17	557907	rs12453735	0.266757
17	618965	rs684232	17	557991	rs71145760	0.300845
17	618965	rs684232	17	558789	rs58913512	0.265011
17	618965	rs684232	17	559888	rs448465	0.543127
17	618965	rs684232	17	559940	rs72328727	0.398417
17	618965	rs684232	17	559940	rs34123743	0.274094
17	618965	rs684232	17	559940	rs149243405	0.525758
17	618965	rs684232	17	560221	rs58445115	0.0911037
17	618965	rs684232	17	560604	rs2160955	0.543127
17	618965	rs684232	17	560851	rs2543777	0.21464
17	618965	rs684232	17	561331	rs7211349	0.331058
17	618965	rs684232	17	561782	rs379248	0.866085
17	618965	rs684232	17	561893	rs435104	0.210539
17	618965	rs684232	17	562244	rs1833459	0.866085
17	618965	rs684232	17	562478	rs16954271	0.0911037
17	618965	rs684232	17	562495	rs394747	0.543127
17	618965	rs684232	17	562531	rs11652193	0.266757
17	618965	rs684232	17	563338	rs445268	0.543127
17	618965	rs684232	17	563345	rs16954278	0.0911037
17	618965	rs684232	17	563918	rs117006884	0.358399
17	618965	rs684232	17	563925	rs113671464	0.358399
17	618965	rs684232	17	564621	rs378590	0.543499
17	618965	rs684232	17	565696	rs11656028	0.136215
17	618965	rs684232	17	565746	rs142290374	0.239437
17	618965	rs684232	17	566428	rs838372	0.612422
17	618965	rs684232	17	567171	rs838373	0.612422
17	618965	rs684232	17	567955	rs11247558	0.477699
17	618965	rs684232	17	568025	rs80028312	0.0911037
17	618965	rs684232	17	568046	rs35083857	0.378977
17	618965	rs684232	17	568117	rs62053781	0.242087
17	618965	rs684232	17	568153	rs865702	0.820111
17	618965	rs684232	17	568515	rs71355297	0.181081
17	618965	rs684232	17	568570	rs415822	0.214568
17	618965	rs684232	17	569761	rs12945829	0.190198
17	618965	rs684232	17	569821	rs35716682	0.482761
17	618965	rs684232	17	570024	rs34001232	0.381929
17	618965	rs684232	17	570388	rs8069369	0.0911037
17	618965	rs684232	17	572934	rs11656538	0.378977
17	618965	rs684232	17	573298	rs1227028	0.614594
17	618965	rs684232	17	573714	rs425961	0.614594
17	618965	rs684232	17	573942	rs12451433	0.0911037
17	618965	rs684232	17	573970	rs8081506	0.242087
17	618965	rs684232	17	574144	rs12450176	0.0911037
17	618965	rs684232	17	575078	rs429249	0.605492
17	618965	rs684232	17	575504	rs16954363	0.0911037
17	618965	rs684232	17	576362	rs2543779	0.614594
17	618965	rs684232	17	576941	rs417171	0.613772
17	618965	rs684232	17	577159	rs2279888	0.0911037
17	618965	rs684232	17	578180	rs838369	0.646831
17	618965	rs684232	17	578510	rs17616098	0.242087
17	618965	rs684232	17	578681	rs863331	0.214568
17	618965	rs684232	17	579632	rs12232517	0.241805
17	618965	rs684232	17	579729	rs11654989	0.188508
17	618965	rs684232	17	580543	rs365118	0.540019
17	618965	rs684232	17	581194	rs60060532	0.341325
17	618965	rs684232	17	581890	rs34699431	0.268556
17	618965	rs684232	17	581892	rs7209491	0.342057
17	618965	rs684232	17	581967	rs34483887	0.614594
17	618965	rs684232	17	583148	rs138690791	0.143575
17	618965	rs684232	17	583870	rs74446479	0.0911037
17	618965	rs684232	17	585475	rs7207469	0.0911037
17	618965	rs684232	17	587294	rs56172134	0.242087
17	618965	rs684232	17	587729	rs866304	0.925754
17	618965	rs684232	17	588101	rs2740366	0.214568
17	618965	rs684232	17	588331	rs2740365	0.214568
17	618965	rs684232	17	589616	rs60173297	0.0911037
17	618965	rs684232	17	590928	rs11650543	0.188508
17	618965	rs684232	17	591078	rs385894	0.601145
17	618965	rs684232	17	592933	rs389193	0.184278
17	618965	rs684232	17	593600	rs423887	0.614594
17	618965	rs684232	17	593819	rs7218263	0.0911037
17	618965	rs684232	17	595538	rs62053809	0.341325
17	618965	rs684232	17	598007	rs399840	0.214568
17	618965	rs684232	17	598240	rs410157	0.976698
17	618965	rs684232	17	599811	rs870183	0.641272
17	618965	rs684232	17	599924	rs11657201	0.188508
17	618965	rs684232	17	600257	rs870181	0.198042
17	618965	rs684232	17	600502	rs2657633	0.598033
17	618965	rs684232	17	600735	rs4968100	0.372487
17	618965	rs684232	17	601816	rs74657536	0.242087
17	618965	rs684232	17	602261	rs2657629	0.61161
17	618965	rs684232	17	602469	rs2543781	0.612422
17	618965	rs684232	17	603052	rs2657626	0.59728
17	618965	rs684232	17	604992	rs77284150	0.0911037
17	618965	rs684232	17	605453	rs34729304	0.373533
17	618965	rs684232	17	605455	rs34469205	0.373533
17	618965	rs684232	17	605860	rs2657615	0.612422
17	618965	rs684232	17	608209	rs17616389	0.188508
17	618965	rs684232	17	609275	rs838371	0.612422
17	618965	rs684232	17	609506	rs331000	0.965086
17	618965	rs684232	17	609658	rs330999	0.965086
17	618965	rs684232	17	611026	rs4968101	0.211764
17	618965	rs684232	17	611084	rs10708313	0.198359
17	618965	rs684232	17	611273	rs74873880	0.0911037
17	618965	rs684232	17	611348	rs4968102	0.359803
17	618965	rs684232	17	611744	rs61100525	0.0911037
17	618965	rs684232	17	612460	rs4968103	0.45702
17	618965	rs684232	17	612463	rs56161505	0.107511
17	618965	rs684232	17	613047	rs74251934	0.0911037
17	618965	rs684232	17	613078	rs77290307	0.0911037
17	618965	rs684232	17	613320	rs145647190	0.0911037
17	618965	rs684232	17	613501	rs10521109	0.356674
17	618965	rs684232	17	613585	rs62053812	0.242087
17	618965	rs684232	17	614014	rs11657527	0.188508
17	618965	rs684232	17	614381	rs330996	0.210843
17	618965	rs684232	17	614494	rs7220509	0.0911037
17	618965	rs684232	17	614799	rs11871883	0.22966
17	618965	rs684232	17	615356	rs17678731	0.242087
17	618965	rs684232	17	615417	rs398041512	0.397638
17	618965	rs684232	17	615560	rs9916450	0.45702
17	618965	rs684232	17	616261	rs12940579	0.361942
17	618965	rs684232	17	616721	rs8067740	0.0911037
17	618965	rs684232	17	616898	rs200422195	0.240884
17	618965	rs684232	17	617059	rs2740358	0.988297
17	618965	rs684232	17	617120	rs59315713	0.145894
17	618965	rs684232	17	617141	rs8064575	0.0918482
17	618965	rs684232	17	617869	rs11558129	0.195882
17	618965	rs684232	17	618039	rs2474694	1
17	618965	rs684232	17	618100	rs2955626	0.631246
17	618965	rs684232	17	618402	rs150222582	0.221723
17	618965	rs684232	17	618408	rs2456274	0.809614
17	618965	rs684232	17	618701	rs587607	0.611543
17	618965	rs684232	17	618965	rs684232	1
17	618965	rs684232	17	619162	rs461251	0.913877
17	618965	rs684232	17	619842	rs1237094	0.877081
17	618965	rs684232	17	619882	rs1227030	0.556135
17	618965	rs684232	17	620411	rs2740363	0.220711
17	618965	rs684232	17	620567	rs35970712	0.374422
17	618965	rs684232	17	621750	rs35301150	0.29342
17	618965	rs684232	17	621782	rs394680	0.840004
17	618965	rs684232	17	621913	rs458746	0.556135
17	618965	rs684232	17	622497	rs461521	0.556135
17	618965	rs684232	17	623356	rs437948	0.879442
17	618965	rs684232	17	623902	rs2657613	0.556135
17	618965	rs684232	17	626010	rs145776400	0.374422
17	618965	rs684232	17	626411	rs2740356	0.576251
17	618965	rs684232	17	627265	rs2740361	0.576251
17	618965	rs684232	17	627890	rs2740355	0.578204
17	618965	rs684232	17	628664	rs2254134	0.578204
17	618965	rs684232	17	629273	rs2254247	0.733847
17	618965	rs684232	17	629309	rs2740360	0.572524
17	618965	rs684232	17	629896	rs450289	0.833064
17	618965	rs684232	17	630363	rs1741275	0.833064
17	618965	rs684232	17	630441	rs529978563	0.119232
17	618965	rs684232	17	630698	rs34329379	0.359732
17	618965	rs684232	17	631259	rs113636058	0.312307
17	618965	rs684232	17	631307	rs502018	0.133912
17	618965	rs684232	17	632686	rs2644715	0.198443
17	618965	rs684232	17	632905	rs2740354	0.135412
17	618965	rs684232	17	633188	rs2644714	0.398879
17	618965	rs684232	17	633322	rs59102448	0.0997805
17	618965	rs684232	17	633567	rs12945978	0.101895
17	618965	rs684232	17	634687	rs12943242	0.343902
17	618965	rs684232	17	634788	rs648884	0.184753
17	618965	rs684232	17	636822	rs2295479	0.112074
17	618965	rs684232	17	636920	rs2243986	0.184536
17	618965	rs684232	17	636947	rs2295480	0.102398
17	618965	rs684232	17	637286	rs58743362	0.112074
17	618965	rs684232	17	637428	rs78945975	0.111718
17	618965	rs684232	17	637431	rs60749811	0.11134
17	618965	rs684232	17	637431	rs55901312	0.309861
17	618965	rs684232	17	637568	rs561164806	0.0961043
17	618965	rs684232	17	637644	rs72810245	0.112074
17	618965	rs684232	17	637834	rs112138927	0.112074
17	618965	rs684232	17	639604	rs2750002	0.105147
17	618965	rs684232	17	639843	rs2244311	0.105147
17	618965	rs684232	17	640315	rs2740352	0.105147
17	618965	rs684232	17	641642	rs2244558	0.0969642
17	618965	rs684232	17	642578	rs34623718	0.118179
17	618965	rs684232	17	642610	rs2644704	0.104484
17	618965	rs684232	17	642928	rs2750003	0.0997146
17	618965	rs684232	17	643567	rs71357103	0.10753
17	618965	rs684232	17	643741	rs71357104	0.10753
17	618965	rs684232	17	647118	rs2740350	0.0909643
17	618965	rs684232	17	647768	rs1045500	0.105147
17	618965	rs684232	17	648498	rs2740349	0.105147
17	618965	rs684232	17	649067	rs1062923	0.10753
17	618965	rs684232	17	649232	rs3744741	0.267936
17	618965	rs684232	17	649935	rs2740348	0.105147
17	618965	rs684232	17	650518	rs35696687	0.10753
17	618965	rs684232	17	652847	rs11652959	0.212106
17	618965	rs684232	17	652848	rs12949596	0.111287
17	618965	rs684232	17	652936	rs2740346	0.105147
17	618965	rs684232	17	653436	rs35967789	0.127742
17	618965	rs684232	17	654113	rs56657939	0.0902546
17	618965	rs684232	17	655293	rs1884726	0.0975331
17	618965	rs684232	17	655920	rs910924	0.0911007
17	618965	rs684232	17	656880	rs2251689	0.210214
17	618965	rs684232	17	658125	rs12944917	0.132113
17	618965	rs684232	17	658577	rs35588043	0.221999
17	618965	rs684232	17	659002	rs12949568	0.228735
17	618965	rs684232	17	659461	rs68055602	0.228735
17	618965	rs684232	17	659657	rs67509541	0.228735
17	618965	rs684232	17	666379	rs4408594	0.246539
17	618965	rs684232	17	667976	rs71357106	0.106708
17	618965	rs684232	17	668051	rs35448069	0.100829
17	618965	rs684232	17	668074	rs71357107	0.17052
17	618965	rs684232	17	669407	rs12952201	0.221614
17	618965	rs684232	17	671891	rs488721	0.247385
17	618965	rs684232	17	673934	rs78487684	0.330754
17	618965	rs684232	17	676331	rs66947705	0.215882
17	618965	rs684232	17	679476	rs2750010	0.322854
17	618965	rs684232	17	681630	rs34763747	0.226193
17	618965	rs684232	17	684729	rs3760495	0.330754
17	618965	rs684232	17	685640	rs2273454	0.330754
17	618965	rs684232	17	686643	rs12945945	0.194939
17	618965	rs684232	17	687811	rs67349310	0.101136
17	618965	rs684232	17	689402	rs11650328	0.202372
17	618965	rs684232	17	689948	rs12941498	0.20806
17	618965	rs684232	17	693832	rs575956850	0.169704
17	618965	rs684232	17	693833	rs543188484	0.169704
17	618965	rs684232	17	693953	rs71206091	0.281995
17	618965	rs684232	17	696016	rs3744743	0.256898
17	618965	rs684232	17	696455	rs7209238	0.0962042
17	618965	rs684232	17	697402	rs200116221	0.190144
17	618965	rs684232	17	697545	rs10902635	0.121523
17	618965	rs684232	17	698176	rs9915388	0.120481
17	618965	rs684232	17	698207	rs35581316	0.132859
17	618965	rs684232	17	698664	rs7215435	0.106625
17	619162	rs461251	17	519015	rs12450003	0.793129
17	619162	rs461251	17	519325	rs12601935	0.564907
17	619162	rs461251	17	519554	rs36027158	0.153749
17	619162	rs461251	17	519703	rs77740684	0.0913753
17	619162	rs461251	17	519859	rs35206514	0.564907
17	619162	rs461251	17	520314	rs17677436	0.564907
17	619162	rs461251	17	520967	rs55787709	0.157936
17	619162	rs461251	17	520976	rs55825460	0.562814
17	619162	rs461251	17	521491	rs8076552	0.161576
17	619162	rs461251	17	521565	rs12950547	0.250337
17	619162	rs461251	17	521590	rs12941685	0.281122
17	619162	rs461251	17	521640	rs9906757	0.440046
17	619162	rs461251	17	521672	rs117314378	0.551836
17	619162	rs461251	17	522065	rs62056499	0.157936
17	619162	rs461251	17	522197	rs62056500	0.19647
17	619162	rs461251	17	522557	rs12945134	0.276244
17	619162	rs461251	17	522558	rs12937766	0.276244
17	619162	rs461251	17	523006	rs55945600	0.133645
17	619162	rs461251	17	523007	rs375504241	0.19616
17	619162	rs461251	17	523918	rs374543412	0.143572
17	619162	rs461251	17	524250	rs9902798	0.242496
17	619162	rs461251	17	524297	rs8066036	0.0938207
17	619162	rs461251	17	524391	rs12939528	0.564907
17	619162	rs461251	17	525000	rs62056502	0.223181
17	619162	rs461251	17	525060	rs11649729	0.252739
17	619162	rs461251	17	525117	rs62056503	0.223181
17	619162	rs461251	17	525135	rs11649766	0.252739
17	619162	rs461251	17	525208	rs62056504	0.564907
17	619162	rs461251	17	525342	rs12949439	0.564907
17	619162	rs461251	17	525445	rs112260312	0.0938207
17	619162	rs461251	17	525628	rs10711234	0.367986
17	619162	rs461251	17	525937	rs8064796	0.564907
17	619162	rs461251	17	525967	rs72096577	0.251953
17	619162	rs461251	17	526477	rs62056505	0.175767
17	619162	rs461251	17	526907	rs16954056	0.0938207
17	619162	rs461251	17	527257	rs201579151	0.0938207
17	619162	rs461251	17	527671	rs4968058	0.252739
17	619162	rs461251	17	528257	rs385043	0.564907
17	619162	rs461251	17	528262	rs74956776	0.217207
17	619162	rs461251	17	528274	rs116886205	0.223181
17	619162	rs461251	17	528715	rs67941592	0.146566
17	619162	rs461251	17	528868	rs9906432	0.400553
17	619162	rs461251	17	529730	rs331011	0.510564
17	619162	rs461251	17	530339	rs16954064	0.340201
17	619162	rs461251	17	530790	rs331013	0.306968
17	619162	rs461251	17	531729	rs12450330	0.0938207
17	619162	rs461251	17	532103	rs331014	0.564907
17	619162	rs461251	17	532367	rs34305525	0.156911
17	619162	rs461251	17	532511	rs9674913	0.0938207
17	619162	rs461251	17	532860	rs186681	0.0938207
17	619162	rs461251	17	533588	rs17609440	0.153236
17	619162	rs461251	17	534525	rs2002015	0.762673
17	619162	rs461251	17	535441	rs391002	0.561223
17	619162	rs461251	17	535699	rs416662	0.561223
17	619162	rs461251	17	536335	rs58654928	0.0938207
17	619162	rs461251	17	536414	rs11650715	0.249388
17	619162	rs461251	17	538141	rs199945751	0.557765
17	619162	rs461251	17	538154	rs199818294	0.557765
17	619162	rs461251	17	538160	rs200599354	0.557765
17	619162	rs461251	17	538196	rs4968096	0.248615
17	619162	rs461251	17	538504	rs111489473	0.0938207
17	619162	rs461251	17	541035	rs331001	0.564907
17	619162	rs461251	17	541872	rs179462	0.564907
17	619162	rs461251	17	541972	rs111932322	0.0938207
17	619162	rs461251	17	542220	rs331003	0.564907
17	619162	rs461251	17	542510	rs34711755	0.156911
17	619162	rs461251	17	543116	rs331004	0.510564
17	619162	rs461251	17	543595	rs331005	0.564907
17	619162	rs461251	17	544116	rs79823562	0.0938207
17	619162	rs461251	17	544343	rs331007	0.510564
17	619162	rs461251	17	544444	rs60219334	0.0938207
17	619162	rs461251	17	544617	rs331008	0.564907
17	619162	rs461251	17	544992	rs78403193	0.0938207
17	619162	rs461251	17	545642	rs138344930	0.0938207
17	619162	rs461251	17	547124	rs331010	0.561223
17	619162	rs461251	17	547843	rs56057901	0.513611
17	619162	rs461251	17	548775	rs62056513	0.223181
17	619162	rs461251	17	548982	esv3639631	0.249388
17	619162	rs461251	17	549004	rs200550398	0.0938207
17	619162	rs461251	17	549005	rs201478737	0.0923867
17	619162	rs461251	17	549030	rs372448816	0.248615
17	619162	rs461251	17	549032	rs142015092	0.248615
17	619162	rs461251	17	549450	rs392097	0.433254
17	619162	rs461251	17	549516	rs62056514	0.224533
17	619162	rs461251	17	550621	rs62053770	0.223181
17	619162	rs461251	17	551316	rs401592	0.55758
17	619162	rs461251	17	551853	rs12940438	0.332941
17	619162	rs461251	17	552048	rs365853	0.610919
17	619162	rs461251	17	552294	rs377332804	0.127901
17	619162	rs461251	17	553324	rs74251928	0.0938207
17	619162	rs461251	17	553616	rs56877006	0.0938207
17	619162	rs461251	17	553736	rs71145759	0.251953
17	619162	rs461251	17	554080	rs434307	0.306968
17	619162	rs461251	17	554814	rs868235	0.252739
17	619162	rs461251	17	554858	rs430526	0.234737
17	619162	rs461251	17	554912	rs384628	0.564907
17	619162	rs461251	17	555778	rs60887231	0.0938207
17	619162	rs461251	17	555816	rs371318	0.797178
17	619162	rs461251	17	556884	rs379998	0.564907
17	619162	rs461251	17	557123	rs2543775	0.564907
17	619162	rs461251	17	557149	rs2543776	0.510564
17	619162	rs461251	17	557504	rs55700948	0.223181
17	619162	rs461251	17	557894	rs422366	0.558657
17	619162	rs461251	17	557907	rs12453735	0.252739
17	619162	rs461251	17	557991	rs71145760	0.282025
17	619162	rs461251	17	558789	rs58913512	0.251642
17	619162	rs461251	17	559888	rs448465	0.564907
17	619162	rs461251	17	559940	rs72328727	0.443831
17	619162	rs461251	17	559940	rs34123743	0.255722
17	619162	rs461251	17	559940	rs149243405	0.54074
17	619162	rs461251	17	560009	rs79257398	0.0914065
17	619162	rs461251	17	560221	rs58445115	0.0938207
17	619162	rs461251	17	560604	rs2160955	0.564907
17	619162	rs461251	17	560851	rs2543777	0.234737
17	619162	rs461251	17	561331	rs7211349	0.300149
17	619162	rs461251	17	561782	rs379248	0.797178
17	619162	rs461251	17	561893	rs435104	0.226648
17	619162	rs461251	17	562244	rs1833459	0.797178
17	619162	rs461251	17	562478	rs16954271	0.0938207
17	619162	rs461251	17	562495	rs394747	0.564907
17	619162	rs461251	17	562531	rs11652193	0.252739
17	619162	rs461251	17	563338	rs445268	0.564907
17	619162	rs461251	17	563345	rs16954278	0.0938207
17	619162	rs461251	17	563918	rs117006884	0.33628
17	619162	rs461251	17	563925	rs113671464	0.33628
17	619162	rs461251	17	564621	rs378590	0.565621
17	619162	rs461251	17	565696	rs11656028	0.133602
17	619162	rs461251	17	565746	rs142290374	0.220213
17	619162	rs461251	17	566428	rs838372	0.632206
17	619162	rs461251	17	567171	rs838373	0.632206
17	619162	rs461251	17	567955	rs11247558	0.441812
17	619162	rs461251	17	568025	rs80028312	0.0938207
17	619162	rs461251	17	568046	rs35083857	0.352399
17	619162	rs461251	17	568117	rs62053781	0.223181
17	619162	rs461251	17	568153	rs865702	0.757009
17	619162	rs461251	17	568381	rs57409139	0.0985106
17	619162	rs461251	17	568515	rs71355297	0.176097
17	619162	rs461251	17	568570	rs415822	0.230779
17	619162	rs461251	17	569761	rs12945829	0.184088
17	619162	rs461251	17	569821	rs35716682	0.445908
17	619162	rs461251	17	570024	rs34001232	0.354797
17	619162	rs461251	17	570120	rs8068885	0.0985106
17	619162	rs461251	17	570388	rs8069369	0.0938207
17	619162	rs461251	17	572934	rs11656538	0.352399
17	619162	rs461251	17	573298	rs1227028	0.628523
17	619162	rs461251	17	573521	rs60721982	0.0985106
17	619162	rs461251	17	573714	rs425961	0.628523
17	619162	rs461251	17	573942	rs12451433	0.0938207
17	619162	rs461251	17	573970	rs8081506	0.223181
17	619162	rs461251	17	574144	rs12450176	0.0938207
17	619162	rs461251	17	575078	rs429249	0.620006
17	619162	rs461251	17	575504	rs16954363	0.0938207
17	619162	rs461251	17	576362	rs2543779	0.628523
17	619162	rs461251	17	576941	rs417171	0.627355
17	619162	rs461251	17	577159	rs2279888	0.0938207
17	619162	rs461251	17	578180	rs838369	0.579758
17	619162	rs461251	17	578510	rs17616098	0.223181
17	619162	rs461251	17	578681	rs863331	0.230779
17	619162	rs461251	17	579632	rs12232517	0.223159
17	619162	rs461251	17	579729	rs11654989	0.18208
17	619162	rs461251	17	580543	rs365118	0.556872
17	619162	rs461251	17	581194	rs60060532	0.306968
17	619162	rs461251	17	581890	rs34699431	0.293917
17	619162	rs461251	17	581892	rs7209491	0.307405
17	619162	rs461251	17	581967	rs34483887	0.628523
17	619162	rs461251	17	583148	rs138690791	0.136608
17	619162	rs461251	17	583870	rs74446479	0.0938207
17	619162	rs461251	17	585475	rs7207469	0.0938207
17	619162	rs461251	17	587294	rs56172134	0.223181
17	619162	rs461251	17	587729	rs866304	0.94798
17	619162	rs461251	17	588101	rs2740366	0.230779
17	619162	rs461251	17	588331	rs2740365	0.230779
17	619162	rs461251	17	589616	rs60173297	0.0938207
17	619162	rs461251	17	590928	rs11650543	0.18208
17	619162	rs461251	17	591078	rs385894	0.54664
17	619162	rs461251	17	592933	rs389193	0.161422
17	619162	rs461251	17	593600	rs423887	0.628523
17	619162	rs461251	17	593819	rs7218263	0.0938207
17	619162	rs461251	17	595538	rs62053809	0.306968
17	619162	rs461251	17	598007	rs399840	0.230779
17	619162	rs461251	17	598240	rs410157	0.892426
17	619162	rs461251	17	599811	rs870183	0.569826
17	619162	rs461251	17	599924	rs11657201	0.18208
17	619162	rs461251	17	600257	rs870181	0.152852
17	619162	rs461251	17	600502	rs2657633	0.634807
17	619162	rs461251	17	600735	rs4968100	0.351301
17	619162	rs461251	17	601816	rs74657536	0.223181
17	619162	rs461251	17	602261	rs2657629	0.63103
17	619162	rs461251	17	602469	rs2543781	0.632206
17	619162	rs461251	17	603052	rs2657626	0.617579
17	619162	rs461251	17	603934	rs72810224	0.0963831
17	619162	rs461251	17	604992	rs77284150	0.0938207
17	619162	rs461251	17	605453	rs34729304	0.35296
17	619162	rs461251	17	605455	rs34469205	0.35296
17	619162	rs461251	17	605860	rs2657615	0.632206
17	619162	rs461251	17	606604	rs72477048	0.0923867
17	619162	rs461251	17	608209	rs17616389	0.18208
17	619162	rs461251	17	609275	rs838371	0.632206
17	619162	rs461251	17	609506	rs331000	0.888919
17	619162	rs461251	17	609658	rs330999	0.888919
17	619162	rs461251	17	611026	rs4968101	0.227612
17	619162	rs461251	17	611084	rs10708313	0.166359
17	619162	rs461251	17	611273	rs74873880	0.0938207
17	619162	rs461251	17	611348	rs4968102	0.33878
17	619162	rs461251	17	611744	rs61100525	0.0938207
17	619162	rs461251	17	612460	rs4968103	0.427164
17	619162	rs461251	17	612463	rs56161505	0.120599
17	619162	rs461251	17	613047	rs74251934	0.0938207
17	619162	rs461251	17	613078	rs77290307	0.0938207
17	619162	rs461251	17	613320	rs145647190	0.0938207
17	619162	rs461251	17	613501	rs10521109	0.336229
17	619162	rs461251	17	613585	rs62053812	0.223181
17	619162	rs461251	17	614014	rs11657527	0.18208
17	619162	rs461251	17	614381	rs330996	0.230782
17	619162	rs461251	17	614494	rs7220509	0.0938207
17	619162	rs461251	17	614799	rs11871883	0.211391
17	619162	rs461251	17	615356	rs17678731	0.223181
17	619162	rs461251	17	615417	rs398041512	0.348612
17	619162	rs461251	17	615560	rs9916450	0.427164
17	619162	rs461251	17	616261	rs12940579	0.335644
17	619162	rs461251	17	616721	rs8067740	0.0938207
17	619162	rs461251	17	616898	rs200422195	0.221899
17	619162	rs461251	17	617059	rs2740358	0.902739
17	619162	rs461251	17	617120	rs59315713	0.125537
17	619162	rs461251	17	617869	rs11558129	0.188688
17	619162	rs461251	17	618039	rs2474694	0.913877
17	619162	rs461251	17	618100	rs2955626	0.644465
17	619162	rs461251	17	618402	rs150222582	0.238318
17	619162	rs461251	17	618408	rs2456274	0.743638
17	619162	rs461251	17	618701	rs587607	0.626059
17	619162	rs461251	17	618965	rs684232	0.913877
17	619162	rs461251	17	619162	rs461251	1
17	619162	rs461251	17	619842	rs1237094	0.843652
17	619162	rs461251	17	619882	rs1227030	0.606082
17	619162	rs461251	17	619979	rs5818760	0.0923867
17	619162	rs461251	17	620082	rs72631491	0.0923867
17	619162	rs461251	17	620411	rs2740363	0.237488
17	619162	rs461251	17	620567	rs35970712	0.349012
17	619162	rs461251	17	620601	rs61570588	0.0923867
17	619162	rs461251	17	621047	rs57198033	0.0923867
17	619162	rs461251	17	621750	rs35301150	0.263971
17	619162	rs461251	17	621782	rs394680	0.906019
17	619162	rs461251	17	621899	rs146731696	0.0923867
17	619162	rs461251	17	621913	rs458746	0.606082
17	619162	rs461251	17	622497	rs461521	0.606082
17	619162	rs461251	17	623168	rs4968060	0.0923867
17	619162	rs461251	17	623356	rs437948	0.85163
17	619162	rs461251	17	623902	rs2657613	0.606082
17	619162	rs461251	17	624676	rs16954846	0.0923867
17	619162	rs461251	17	624865	rs16954854	0.0923867
17	619162	rs461251	17	625925	rs530846601	0.0910362
17	619162	rs461251	17	626005	rs143710941	0.0910362
17	619162	rs461251	17	626010	rs145776400	0.349012
17	619162	rs461251	17	626027	rs145976235	0.091967
17	619162	rs461251	17	626109	rs12449762	0.0910362
17	619162	rs461251	17	626362	rs12453927	0.0910362
17	619162	rs461251	17	626384	rs12452949	0.0910362
17	619162	rs461251	17	626411	rs2740356	0.630119
17	619162	rs461251	17	626556	rs138005485	0.0910362
17	619162	rs461251	17	627120	rs200600498	0.0910362
17	619162	rs461251	17	627121	rs201377646	0.0910362
17	619162	rs461251	17	627122	rs180928741	0.0910362
17	619162	rs461251	17	627265	rs2740361	0.630119
17	619162	rs461251	17	627398	rs112486955	0.0910362
17	619162	rs461251	17	627890	rs2740355	0.626268
17	619162	rs461251	17	628132	rs12453582	0.0910362
17	619162	rs461251	17	628664	rs2254134	0.626268
17	619162	rs461251	17	628707	rs113732878	0.0910362
17	619162	rs461251	17	629273	rs2254247	0.811837
17	619162	rs461251	17	629309	rs2740360	0.623182
17	619162	rs461251	17	629896	rs450289	0.898894
17	619162	rs461251	17	630363	rs1741275	0.898894
17	619162	rs461251	17	630441	rs529978563	0.129125
17	619162	rs461251	17	630698	rs34329379	0.335149
17	619162	rs461251	17	631259	rs113636058	0.28688
17	619162	rs461251	17	631307	rs502018	0.124486
17	619162	rs461251	17	632686	rs2644715	0.205487
17	619162	rs461251	17	632905	rs2740354	0.164934
17	619162	rs461251	17	633188	rs2644714	0.426595
17	619162	rs461251	17	633567	rs12945978	0.116279
17	619162	rs461251	17	634687	rs12943242	0.315159
17	619162	rs461251	17	634788	rs648884	0.244779
17	619162	rs461251	17	636822	rs2295479	0.116964
17	619162	rs461251	17	636920	rs2243986	0.24428
17	619162	rs461251	17	636947	rs2295480	0.107702
17	619162	rs461251	17	637286	rs58743362	0.116964
17	619162	rs461251	17	637428	rs78945975	0.122389
17	619162	rs461251	17	637431	rs60749811	0.119354
17	619162	rs461251	17	637431	rs55901312	0.296035
17	619162	rs461251	17	637568	rs561164806	0.103165
17	619162	rs461251	17	637644	rs72810245	0.116964
17	619162	rs461251	17	637834	rs112138927	0.116964
17	619162	rs461251	17	639327	rs12600794	0.0926241
17	619162	rs461251	17	639604	rs2750002	0.141818
17	619162	rs461251	17	639843	rs2244311	0.141818
17	619162	rs461251	17	640145	rs7210404	0.0943776
17	619162	rs461251	17	640315	rs2740352	0.141818
17	619162	rs461251	17	641642	rs2244558	0.132884
17	619162	rs461251	17	642578	rs34623718	0.124654
17	619162	rs461251	17	642610	rs2644704	0.141307
17	619162	rs461251	17	642928	rs2750003	0.136312
17	619162	rs461251	17	643567	rs71357103	0.115849
17	619162	rs461251	17	643741	rs71357104	0.115849
17	619162	rs461251	17	643949	rs532680136;rs3830921	0.0947752
17	619162	rs461251	17	644986	rs1064245	0.0947752
17	619162	rs461251	17	647118	rs2740350	0.127116
17	619162	rs461251	17	647188	rs68152840	0.0964684
17	619162	rs461251	17	647768	rs1045500	0.141818
17	619162	rs461251	17	647988	rs1045491	0.0936434
17	619162	rs461251	17	648157	rs1045481	0.0925138
17	619162	rs461251	17	648498	rs2740349	0.141818
17	619162	rs461251	17	649067	rs1062923	0.115849
17	619162	rs461251	17	649232	rs3744741	0.251876
17	619162	rs461251	17	649505	rs4968104	0.0964684
17	619162	rs461251	17	649935	rs2740348	0.141818
17	619162	rs461251	17	650518	rs35696687	0.115849
17	619162	rs461251	17	651571	rs67193655	0.0964684
17	619162	rs461251	17	651744	rs67456235	0.0964684
17	619162	rs461251	17	652264	rs2740347	0.0976165
17	619162	rs461251	17	652520	rs4968105	0.0942089
17	619162	rs461251	17	652847	rs11652959	0.254593
17	619162	rs461251	17	652848	rs12949596	0.121129
17	619162	rs461251	17	652936	rs2740346	0.141818
17	619162	rs461251	17	652978	rs67231816	0.0947752
17	619162	rs461251	17	653436	rs35967789	0.113056
17	619162	rs461251	17	653987	rs2291779	0.0947752
17	619162	rs461251	17	654039	rs59580892	0.0947752
17	619162	rs461251	17	654113	rs56657939	0.100034
17	619162	rs461251	17	655293	rs1884726	0.105806
17	619162	rs461251	17	655920	rs910924	0.101533
17	619162	rs461251	17	656880	rs2251689	0.214179
17	619162	rs461251	17	658125	rs12944917	0.113095
17	619162	rs461251	17	658577	rs35588043	0.235923
17	619162	rs461251	17	659002	rs12949568	0.251031
17	619162	rs461251	17	659461	rs68055602	0.251031
17	619162	rs461251	17	659657	rs67509541	0.251031
17	619162	rs461251	17	664166	rs941658	0.108584
17	619162	rs461251	17	666379	rs4408594	0.227207
17	619162	rs461251	17	667976	rs71357106	0.114924
17	619162	rs461251	17	668051	rs35448069	0.108516
17	619162	rs461251	17	668074	rs71357107	0.166135
17	619162	rs461251	17	669407	rs12952201	0.243429
17	619162	rs461251	17	669546	rs2740343	0.108584
17	619162	rs461251	17	671891	rs488721	0.232831
17	619162	rs461251	17	673895	rs2644706	0.10906
17	619162	rs461251	17	673934	rs78487684	0.298312
17	619162	rs461251	17	676331	rs66947705	0.237602
17	619162	rs461251	17	678380	rs2750009	0.109784
17	619162	rs461251	17	679476	rs2750010	0.290188
17	619162	rs461251	17	681630	rs34763747	0.251602
17	619162	rs461251	17	684261	rs2750012	0.104596
17	619162	rs461251	17	684729	rs3760495	0.298312
17	619162	rs461251	17	685640	rs2273454	0.298312
17	619162	rs461251	17	686133	rs2750013	0.100673
17	619162	rs461251	17	686643	rs12945945	0.187867
17	619162	rs461251	17	687811	rs67349310	0.109053
17	619162	rs461251	17	689402	rs11650328	0.190049
17	619162	rs461251	17	689948	rs12941498	0.19528
17	619162	rs461251	17	691523	rs1570000	0.105072
17	619162	rs461251	17	691685	rs35563200	0.0977383
17	619162	rs461251	17	692520	rs11658079	0.0977383
17	619162	rs461251	17	693832	rs575956850	0.17046
17	619162	rs461251	17	693833	rs543188484	0.17046
17	619162	rs461251	17	693953	rs71206091	0.289618
17	619162	rs461251	17	696016	rs3744743	0.265568
17	619162	rs461251	17	696455	rs7209238	0.13718
17	619162	rs461251	17	697402	rs200116221	0.168928
17	619162	rs461251	17	697545	rs10902635	0.161772
17	619162	rs461251	17	698176	rs9915388	0.161286
17	619162	rs461251	17	698207	rs35581316	0.121205
17	619162	rs461251	17	698664	rs7215435	0.146396
