CHR_A	BP_A	SNP_A	CHR_B	BP_B	SNP_B	R2
19	38735613	rs8102476	19	38711255	rs545262529	0.102658
19	38735613	rs8102476	19	38712919	rs12982549	0.0950238
19	38735613	rs8102476	19	38717180	rs12973734	0.174217
19	38735613	rs8102476	19	38717264	rs7253360	0.174217
19	38735613	rs8102476	19	38717378	rs7253473	0.174217
19	38735613	rs8102476	19	38717677	rs13344477	0.127475
19	38735613	rs8102476	19	38717758	rs8108197	0.174217
19	38735613	rs8102476	19	38719007	rs2384781	0.177333
19	38735613	rs8102476	19	38719302	rs8101485	0.177333
19	38735613	rs8102476	19	38721268	rs570002387	0.175606
19	38735613	rs8102476	19	38721273	rs200141788	0.098795
19	38735613	rs8102476	19	38721682	rs7256364	0.177931
19	38735613	rs8102476	19	38723182	rs8109991	0.177931
19	38735613	rs8102476	19	38725030	rs8103692	0.37323
19	38735613	rs8102476	19	38725079	rs8104572	0.180549
19	38735613	rs8102476	19	38725344	rs10408973	0.168559
19	38735613	rs8102476	19	38725416	rs12610482	0.15644
19	38735613	rs8102476	19	38725547	rs10409427	0.28985
19	38735613	rs8102476	19	38725859	rs12974417	0.529176
19	38735613	rs8102476	19	38726076	rs7253820	0.379437
19	38735613	rs8102476	19	38727640	rs4803899	0.536987
19	38735613	rs8102476	19	38728214	rs1036233	0.173438
19	38735613	rs8102476	19	38731662	rs7246060	0.197554
19	38735613	rs8102476	19	38732391	rs35705212	0.118234
19	38735613	rs8102476	19	38732583	rs57822461	0.216128
19	38735613	rs8102476	19	38733453	rs58993215	0.393071
19	38735613	rs8102476	19	38733643	rs4802295	0.171343
19	38735613	rs8102476	19	38734393	rs113044373	0.136277
19	38735613	rs8102476	19	38735040	rs35131833	0.486728
19	38735613	rs8102476	19	38735309	rs58749430	0.236346
19	38735613	rs8102476	19	38735458	rs145729147	0.241816
19	38735613	rs8102476	19	38735480	rs8102454	1
19	38735613	rs8102476	19	38735586	rs73930559	0.236346
19	38735613	rs8102476	19	38735613	rs8102476	1
19	38735613	rs8102476	19	38735804	rs11667256	0.808311
19	38735613	rs8102476	19	38736485	rs35946591	0.428293
19	38735613	rs8102476	19	38737069	rs577962717	0.250374
19	38735613	rs8102476	19	38737259	rs74392510	0.232593
19	38735613	rs8102476	19	38737632	rs113417040	0.236346
19	38735613	rs8102476	19	38738130	rs4802297	0.804107
19	38735613	rs8102476	19	38739679	rs549508628;rs560807390	0.303212
19	38735613	rs8102476	19	38739995	rs11083449	0.276044
19	38735613	rs8102476	19	38740183	rs12975244	0.155853
19	38735613	rs8102476	19	38740336	rs4803922	0.276044
19	38735613	rs8102476	19	38740925	rs12981216	0.995731
19	38735613	rs8102476	19	38742846	rs12983492	0.155853
19	38735613	rs8102476	19	38743371	rs55997240	0.236186
19	38735613	rs8102476	19	38743962	rs12976534	0.80143
19	38735613	rs8102476	19	38744385	rs58363960	0.237988
19	38735613	rs8102476	19	38744733	rs12610267	0.794479
19	38735613	rs8102476	19	38746037	rs74999202	0.236346
19	38735613	rs8102476	19	38746272	rs12611084	0.742337
19	38735613	rs8102476	19	38746567	rs4803934	0.778279
19	38735613	rs8102476	19	38747117	rs8100395	0.781709
19	38735613	rs8102476	19	38747272	rs7247241	0.781709
19	38735613	rs8102476	19	38747449	rs10652797	0.906785
19	38735613	rs8102476	19	38748270	rs12981507	0.417933
19	38735613	rs8102476	19	38748684	rs376834336	0.790447
19	38735613	rs8102476	19	38748913	rs11668070	0.774167
19	38735613	rs8102476	19	38749329	rs191802031	0.393141
19	38735613	rs8102476	19	38749390	rs112048422	0.104317
19	38735613	rs8102476	19	38750100	rs34582151	0.970521
19	38735613	rs8102476	19	38752266	rs75320625	0.236035
19	38735613	rs8102476	19	38752498	rs34292467	0.417933
19	38735613	rs8102476	19	38753006	rs71337551	0.14807
19	38735613	rs8102476	19	38753062	rs76649675	0.250676
19	38735613	rs8102476	19	38753625	rs7250689	0.768984
19	38735613	rs8102476	19	38753676	rs7249688	0.103363
19	38735613	rs8102476	19	38753786	rs7253245	0.100725
19	38735613	rs8102476	19	38754239	rs11083450	0.768984
19	38735613	rs8102476	19	38754246	rs34364613	0.103109
19	38735613	rs8102476	19	38754948	rs17554832	0.100725
19	38735613	rs8102476	19	38754988	rs17554839	0.100725
19	38735613	rs8102476	19	38754994	rs17526154	0.133662
19	38735613	rs8102476	19	38755092	rs17526168	0.100725
19	38735613	rs8102476	19	38755406	rs1046773	0.100725
19	38735613	rs8102476	19	38755864	rs3786870	0.100725
19	38735613	rs8102476	19	38756089	rs3786872	0.415693
19	38735613	rs8102476	19	38757012	rs56219560	0.100725
19	38735613	rs8102476	19	38757121	rs55978203	0.0975756
19	38735613	rs8102476	19	38757315	rs529435015;rs573333366	0.672102
19	38735613	rs8102476	19	38757790	rs3786873	0.143376
19	38735613	rs8102476	19	38758289	rs544253065	0.292916
19	38735613	rs8102476	19	38758471	rs73930562	0.16307
19	38735613	rs8102476	19	38758752	rs58560372	0.16307
19	38735613	rs8102476	19	38759103	rs3786876	0.16307
19	38735613	rs8102476	19	38759180	rs3786877	0.504929
19	38735613	rs8102476	19	38759404	rs4803964	0.280449
19	38735613	rs8102476	19	38759406	rs3222973	0.532261
19	38735613	rs8102476	19	38761163	rs12610791	0.100377
19	38735613	rs8102476	19	38761733	rs201465303;rs3786878	0.412271
19	38735613	rs8102476	19	38761737	rs12610871	0.140401
19	38735613	rs8102476	19	38763005	rs10048529	0.412271
19	38735613	rs8102476	19	38763140	rs41465446	0.134481
19	38735613	rs8102476	19	38765072	rs8101725	0.417548
19	38735613	rs8102476	19	38765660	rs12608697	0.415897
19	38735613	rs8102476	19	38767110	rs2891600	0.417548
19	38735613	rs8102476	19	38767150	rs145855862	0.139723
19	38735613	rs8102476	19	38769846	rs35501271	0.111026
19	38735613	rs8102476	19	38769994	rs36035956	0.387825
19	38735613	rs8102476	19	38771083	rs58633465	0.134481
19	38735613	rs8102476	19	38771175	rs870218	0.121888
19	38735613	rs8102476	19	38772077	rs12609354	0.115371
19	38735613	rs8102476	19	38772481	rs12611009	0.417548
19	38735613	rs8102476	19	38773066	rs111261436	0.115004
19	38735613	rs8102476	19	38773522	rs3826896	0.410302
19	38735613	rs8102476	19	38773966	rs2060243	0.410302
19	38735613	rs8102476	19	38774622	rs2060244	0.140214
19	38735613	rs8102476	19	38774664	rs74849555	0.134481
19	38735613	rs8102476	19	38777147	rs8101185	0.382674
19	38735613	rs8102476	19	38777309	rs76499875	0.134481
19	38735613	rs8102476	19	38777371	rs8101462	0.411943
19	38735613	rs8102476	19	38777437	rs8100926	0.411943
19	38735613	rs8102476	19	38777726	rs34565749	0.411943
19	38735613	rs8102476	19	38777752	rs141488385	0.112805
19	38735613	rs8102476	19	38778079	rs8105067	0.411943
19	38735613	rs8102476	19	38778617	rs8104823	0.112957
19	38735613	rs8102476	19	38778915	rs1006140	0.413601
19	38735613	rs8102476	19	38779912	rs3745949	0.140214
19	38735613	rs8102476	19	38780067	rs3745950	0.134481
19	38735613	rs8102476	19	38783581	rs1821284	0.190134
19	38735613	rs8102476	19	38785094	rs4802324	0.184512
19	38735613	rs8102476	19	38785674	rs6508782	0.115371
19	38735613	rs8102476	19	38785981	rs142816774	0.112805
19	38735613	rs8102476	19	38787965	rs4803999	0.209689
19	38735613	rs8102476	19	38790635	rs35436012	0.196613
19	38735613	rs8102476	19	38790798	rs556256314	0.164782
19	38735613	rs8102476	19	38791055	rs34992016	0.140214
19	38735613	rs8102476	19	38791841	rs71354995	0.171167
19	38735613	rs8102476	19	38792172	rs148041688	0.127575
19	38735613	rs8102476	19	38792268	rs140841617	0.136523
19	38735613	rs8102476	19	38792334	rs150132275	0.132617
19	38735613	rs8102476	19	38792479	rs142724878	0.136523
19	38735613	rs8102476	19	38792665	rs561877532	0.11246
19	38735613	rs8102476	19	38793227	rs4802326	0.132617
19	38735613	rs8102476	19	38793319	rs4802327	0.132617
19	38735613	rs8102476	19	38793596	rs11672219	0.132617
19	38735613	rs8102476	19	38794750	rs3816044	0.132617
19	38735613	rs8102476	19	38794786	rs76682100	0.132617
19	38735613	rs8102476	19	38794895	rs2304176	0.127575
19	38735613	rs8102476	19	38795159	rs2304177	0.132617
19	38735613	rs8102476	19	38795546	rs139805446	0.131105
19	38735613	rs8102476	19	38796572	rs112311840	0.128998
19	38735613	rs8102476	19	38796578	rs150691531	0.128998
19	38735613	rs8102476	19	38797043	rs114285267	0.109266
19	38735613	rs8102476	19	38797189	rs4312417	0.154607
19	38735613	rs8102476	19	38798086	rs3178327	0.156999
19	38735613	rs8102476	19	38800165	rs3900981	0.155749
19	38735613	rs8102476	19	38802413	rs11672531	0.103624
19	38735613	rs8102476	19	38802989	rs11669230	0.128879
19	38735613	rs8102476	19	38803589	rs35568615	0.128879
19	38735613	rs8102476	19	38803696	rs7260137	0.157518
19	38735613	rs8102476	19	38804179	rs138023237	0.109212
19	38735613	rs8102476	19	38804218	rs11881305	0.154939
19	38735613	rs8102476	19	38806331	rs11672826	0.126717
19	38735613	rs8102476	19	38806772	rs7257537	0.144755
19	38735613	rs8102476	19	38806993	rs3214617	0.150786
19	38735613	rs8102476	19	38807184	rs3843754	0.160107
19	38735613	rs8102476	19	38807541	rs79590641	0.123777
19	38735613	rs8102476	19	38808475	rs142110790	0.104182
19	38735613	rs8102476	19	38808504	rs117234139	0.15008
19	38735613	rs8102476	19	38808505	rs117624491	0.15008
19	38735613	rs8102476	19	38808512	rs77912794	0.15008
19	38735613	rs8102476	19	38808533	rs111958719	0.123656
19	38735613	rs8102476	19	38811275	rs112827305	0.123656
19	38735613	rs8102476	19	38811462	rs76086051	0.127415
19	38735613	rs8102476	19	38813496	rs144522878	0.127415
19	38735613	rs8102476	19	38814725	rs7253960	0.115635
19	38735613	rs8102476	19	38815217	rs35478630	0.131601
19	38735613	rs8102476	19	38815372	rs77914289	0.127415
19	38735613	rs8102476	19	38815483	rs12611255	0.119049
19	38735613	rs8102476	19	38815665	rs4804016	0.127415
19	38735613	rs8102476	19	38816976	rs79381523	0.131226
19	38735613	rs8102476	19	38817876	rs34989303	0.127295
19	38735613	rs8102476	19	38819463	rs61160177	0.115635
19	38735613	rs8102476	19	38820528	rs77862444	0.127415
19	38735613	rs8102476	19	38821697	rs12609247	0.119049
19	38735613	rs8102476	19	38823202	rs73043010	0.119049
19	38735613	rs8102476	19	38824581	rs8112211	0.115635
19	38735613	rs8102476	19	38825447	rs2368484	0.127415
19	38735613	rs8102476	19	38826184	rs2041220	0.114542
19	38735613	rs8102476	19	38826656	rs59898212	0.119028
19	38735613	rs8102476	19	38826947	rs56849284	0.121782
19	38735613	rs8102476	19	38827960	rs2302182	0.127537
19	38735613	rs8102476	19	38828785	rs111491167	0.131351
19	38735613	rs8102476	19	38829906	rs201307805	0.131226
19	38735613	rs8102476	19	38830022	rs57681346	0.124584
19	38735613	rs8102476	19	38830966	rs11669131	0.127537
19	38735613	rs8102476	19	38831311	rs2887262	0.131351
19	38735613	rs8102476	19	38832856	rs202060544	0.193602
19	38735613	rs8102476	19	38832946	rs7252835	0.122884
19	38735613	rs8102476	19	38840805	rs7256575	0.118914
19	38735613	rs8102476	19	38840896	rs2270095	0.123656
19	38735613	rs8102476	19	38841714	rs80248244	0.222962
19	38735613	rs8102476	19	38843512	rs60082376	0.127663
19	38735613	rs8102476	19	38844144	rs3815345	0.123656
19	38735613	rs8102476	19	38844673	rs148775481	0.097924
19	38744733	rs12610267	19	38715814	rs12978169	0.153055
19	38744733	rs12610267	19	38715972	rs12978031	0.160127
19	38744733	rs12610267	19	38716214	rs113225836	0.115915
19	38744733	rs12610267	19	38716529	rs59920484	0.0964348
19	38744733	rs12610267	19	38717180	rs12973734	0.248847
19	38744733	rs12610267	19	38717264	rs7253360	0.248847
19	38744733	rs12610267	19	38717378	rs7253473	0.248847
19	38744733	rs12610267	19	38717677	rs13344477	0.181163
19	38744733	rs12610267	19	38717758	rs8108197	0.248847
19	38744733	rs12610267	19	38719007	rs2384781	0.252008
19	38744733	rs12610267	19	38719302	rs8101485	0.252008
19	38744733	rs12610267	19	38721268	rs570002387	0.243255
19	38744733	rs12610267	19	38721273	rs200141788	0.148724
19	38744733	rs12610267	19	38721682	rs7256364	0.249757
19	38744733	rs12610267	19	38723182	rs8109991	0.249757
19	38744733	rs12610267	19	38725030	rs8103692	0.337985
19	38744733	rs12610267	19	38725079	rs8104572	0.227466
19	38744733	rs12610267	19	38725344	rs10408973	0.146303
19	38744733	rs12610267	19	38725416	rs12610482	0.121849
19	38744733	rs12610267	19	38725547	rs10409427	0.376678
19	38744733	rs12610267	19	38725859	rs12974417	0.422979
19	38744733	rs12610267	19	38726076	rs7253820	0.544207
19	38744733	rs12610267	19	38726617	rs7254947	0.104692
19	38744733	rs12610267	19	38727640	rs4803899	0.693562
19	38744733	rs12610267	19	38728214	rs1036233	0.313265
19	38744733	rs12610267	19	38731662	rs7246060	0.296269
19	38744733	rs12610267	19	38732391	rs35705212	0.146781
19	38744733	rs12610267	19	38732583	rs57822461	0.16085
19	38744733	rs12610267	19	38733453	rs58993215	0.545808
19	38744733	rs12610267	19	38733643	rs4802295	0.329938
19	38744733	rs12610267	19	38734393	rs113044373	0.166538
19	38744733	rs12610267	19	38735040	rs35131833	0.407237
19	38744733	rs12610267	19	38735309	rs58749430	0.17132
19	38744733	rs12610267	19	38735458	rs145729147	0.175568
19	38744733	rs12610267	19	38735480	rs8102454	0.794479
19	38744733	rs12610267	19	38735586	rs73930559	0.17132
19	38744733	rs12610267	19	38735613	rs8102476	0.794479
19	38744733	rs12610267	19	38735804	rs11667256	0.982935
19	38744733	rs12610267	19	38736485	rs35946591	0.373784
19	38744733	rs12610267	19	38737069	rs577962717	0.221479
19	38744733	rs12610267	19	38737259	rs74392510	0.168177
19	38744733	rs12610267	19	38737632	rs113417040	0.17132
19	38744733	rs12610267	19	38738130	rs4802297	0.987271
19	38744733	rs12610267	19	38739679	rs549508628;rs560807390	0.216351
19	38744733	rs12610267	19	38739995	rs11083449	0.195961
19	38744733	rs12610267	19	38740183	rs12975244	0.133644
19	38744733	rs12610267	19	38740336	rs4803922	0.195961
19	38744733	rs12610267	19	38740925	rs12981216	0.799447
19	38744733	rs12610267	19	38742846	rs12983492	0.133644
19	38744733	rs12610267	19	38743371	rs55997240	0.175568
19	38744733	rs12610267	19	38743962	rs12976534	0.991521
19	38744733	rs12610267	19	38744385	rs58363960	0.177133
19	38744733	rs12610267	19	38744733	rs12610267	1
19	38744733	rs12610267	19	38746037	rs74999202	0.176127
19	38744733	rs12610267	19	38746272	rs12611084	0.94998
19	38744733	rs12610267	19	38746567	rs4803934	0.987265
19	38744733	rs12610267	19	38747117	rs8100395	0.991517
19	38744733	rs12610267	19	38747272	rs7247241	0.991517
19	38744733	rs12610267	19	38747449	rs10652797	0.866097
19	38744733	rs12610267	19	38748270	rs12981507	0.374024
19	38744733	rs12610267	19	38748684	rs376834336	0.677678
19	38744733	rs12610267	19	38748913	rs11668070	0.98302
19	38744733	rs12610267	19	38749329	rs191802031	0.357247
19	38744733	rs12610267	19	38749390	rs112048422	0.259839
19	38744733	rs12610267	19	38750100	rs34582151	0.810644
19	38744733	rs12610267	19	38752266	rs75320625	0.179862
19	38744733	rs12610267	19	38752498	rs34292467	0.374024
19	38744733	rs12610267	19	38753006	rs71337551	0.125386
19	38744733	rs12610267	19	38753062	rs76649675	0.190602
19	38744733	rs12610267	19	38753625	rs7250689	0.974695
19	38744733	rs12610267	19	38753676	rs7249688	0.255807
19	38744733	rs12610267	19	38753786	rs7253245	0.254805
19	38744733	rs12610267	19	38754239	rs11083450	0.974695
19	38744733	rs12610267	19	38754948	rs17554832	0.254805
19	38744733	rs12610267	19	38754988	rs17554839	0.254805
19	38744733	rs12610267	19	38754994	rs17526154	0.110928
19	38744733	rs12610267	19	38755092	rs17526168	0.254805
19	38744733	rs12610267	19	38755406	rs1046773	0.254805
19	38744733	rs12610267	19	38755864	rs3786870	0.254805
19	38744733	rs12610267	19	38756089	rs3786872	0.358635
19	38744733	rs12610267	19	38757012	rs56219560	0.254805
19	38744733	rs12610267	19	38757121	rs55978203	0.249132
19	38744733	rs12610267	19	38757315	rs529435015;rs573333366	0.786208
19	38744733	rs12610267	19	38758140	rs58711382	0.144656
19	38744733	rs12610267	19	38758289	rs544253065	0.264423
19	38744733	rs12610267	19	38758471	rs73930562	0.131071
19	38744733	rs12610267	19	38758752	rs58560372	0.131071
19	38744733	rs12610267	19	38759103	rs3786876	0.131071
19	38744733	rs12610267	19	38759180	rs3786877	0.634107
19	38744733	rs12610267	19	38759404	rs4803964	0.267224
19	38744733	rs12610267	19	38759406	rs3222973	0.517017
19	38744733	rs12610267	19	38761733	rs201465303;rs3786878	0.545884
19	38744733	rs12610267	19	38761737	rs12610871	0.115179
19	38744733	rs12610267	19	38763005	rs10048529	0.545884
19	38744733	rs12610267	19	38763140	rs41465446	0.113725
19	38744733	rs12610267	19	38765072	rs8101725	0.550454
19	38744733	rs12610267	19	38765452	rs555646124	0.135328
19	38744733	rs12610267	19	38765660	rs12608697	0.549009
19	38744733	rs12610267	19	38765822	rs12610606	0.142667
19	38744733	rs12610267	19	38766057	rs34508901	0.142667
19	38744733	rs12610267	19	38766372	rs61301633	0.142667
19	38744733	rs12610267	19	38766373	rs7251987	0.147495
19	38744733	rs12610267	19	38767110	rs2891600	0.550454
19	38744733	rs12610267	19	38767150	rs145855862	0.179586
19	38744733	rs12610267	19	38768108	rs7245454	0.143444
19	38744733	rs12610267	19	38769846	rs35501271	0.124235
19	38744733	rs12610267	19	38769994	rs36035956	0.563637
19	38744733	rs12610267	19	38771083	rs58633465	0.113725
19	38744733	rs12610267	19	38771175	rs870218	0.113078
19	38744733	rs12610267	19	38771367	rs68034869	0.143444
19	38744733	rs12610267	19	38771917	rs73037326	0.143444
19	38744733	rs12610267	19	38772077	rs12609354	0.0960165
19	38744733	rs12610267	19	38772481	rs12611009	0.550454
19	38744733	rs12610267	19	38772978	rs7259936	0.143444
19	38744733	rs12610267	19	38773066	rs111261436	0.111932
19	38744733	rs12610267	19	38773522	rs3826896	0.547329
19	38744733	rs12610267	19	38773966	rs2060243	0.547329
19	38744733	rs12610267	19	38774622	rs2060244	0.114624
19	38744733	rs12610267	19	38774664	rs74849555	0.113725
19	38744733	rs12610267	19	38777147	rs8101185	0.557424
19	38744733	rs12610267	19	38777309	rs76499875	0.113725
19	38744733	rs12610267	19	38777371	rs8101462	0.542534
19	38744733	rs12610267	19	38777437	rs8100926	0.542534
19	38744733	rs12610267	19	38777726	rs34565749	0.542534
19	38744733	rs12610267	19	38777752	rs141488385	0.10333
19	38744733	rs12610267	19	38778079	rs8105067	0.542534
19	38744733	rs12610267	19	38778617	rs8104823	0.102426
19	38744733	rs12610267	19	38778915	rs1006140	0.543989
19	38744733	rs12610267	19	38779912	rs3745949	0.114624
19	38744733	rs12610267	19	38780067	rs3745950	0.113725
19	38744733	rs12610267	19	38783581	rs1821284	0.349286
19	38744733	rs12610267	19	38784445	rs7254637	0.143444
19	38744733	rs12610267	19	38784550	rs7253823	0.143444
19	38744733	rs12610267	19	38785094	rs4802324	0.340516
19	38744733	rs12610267	19	38785318	rs6508781	0.143052
19	38744733	rs12610267	19	38785674	rs6508782	0.0960165
19	38744733	rs12610267	19	38785981	rs142816774	0.10333
19	38744733	rs12610267	19	38787120	rs35366094	0.143444
19	38744733	rs12610267	19	38787706	rs34276782	0.139619
19	38744733	rs12610267	19	38787728	rs35029752	0.143444
19	38744733	rs12610267	19	38787965	rs4803999	0.332845
19	38744733	rs12610267	19	38789249	rs71354994	0.143444
19	38744733	rs12610267	19	38790635	rs35436012	0.352989
19	38744733	rs12610267	19	38790798	rs556256314	0.266199
19	38744733	rs12610267	19	38791055	rs34992016	0.114624
19	38744733	rs12610267	19	38791841	rs71354995	0.291665
19	38744733	rs12610267	19	38792172	rs148041688	0.230235
19	38744733	rs12610267	19	38792268	rs140841617	0.121272
19	38744733	rs12610267	19	38792334	rs150132275	0.117946
19	38744733	rs12610267	19	38792479	rs142724878	0.121272
19	38744733	rs12610267	19	38792645	rs2891602	0.107038
19	38744733	rs12610267	19	38792665	rs561877532	0.0988471
19	38744733	rs12610267	19	38793227	rs4802326	0.117946
19	38744733	rs12610267	19	38793319	rs4802327	0.117946
19	38744733	rs12610267	19	38793596	rs11672219	0.117946
19	38744733	rs12610267	19	38794750	rs3816044	0.117946
19	38744733	rs12610267	19	38794786	rs76682100	0.117946
19	38744733	rs12610267	19	38794895	rs2304176	0.230235
19	38744733	rs12610267	19	38795159	rs2304177	0.117946
19	38744733	rs12610267	19	38795250	rs45437199	0.147392
19	38744733	rs12610267	19	38795546	rs139805446	0.119784
19	38744733	rs12610267	19	38796572	rs112311840	0.114184
19	38744733	rs12610267	19	38796578	rs150691531	0.114184
19	38744733	rs12610267	19	38797043	rs114285267	0.0992547
19	38744733	rs12610267	19	38797189	rs4312417	0.306363
19	38744733	rs12610267	19	38798086	rs3178327	0.310485
19	38744733	rs12610267	19	38800165	rs3900981	0.17942
19	38744733	rs12610267	19	38802989	rs11669230	0.114422
19	38744733	rs12610267	19	38803589	rs35568615	0.114422
19	38744733	rs12610267	19	38803696	rs7260137	0.310835
19	38744733	rs12610267	19	38804179	rs138023237	0.0995469
19	38744733	rs12610267	19	38804218	rs11881305	0.308373
19	38744733	rs12610267	19	38806331	rs11672826	0.171956
19	38744733	rs12610267	19	38806772	rs7257537	0.28732
19	38744733	rs12610267	19	38806993	rs3214617	0.285985
19	38744733	rs12610267	19	38807184	rs3843754	0.313303
19	38744733	rs12610267	19	38807541	rs79590641	0.109361
19	38744733	rs12610267	19	38808475	rs142110790	0.0914984
19	38744733	rs12610267	19	38808504	rs117234139	0.290185
19	38744733	rs12610267	19	38808505	rs117624491	0.290185
19	38744733	rs12610267	19	38808512	rs77912794	0.290185
19	38744733	rs12610267	19	38808533	rs111958719	0.106213
19	38744733	rs12610267	19	38811275	rs112827305	0.109588
19	38744733	rs12610267	19	38811462	rs76086051	0.112783
19	38744733	rs12610267	19	38813496	rs144522878	0.112783
19	38744733	rs12610267	19	38814725	rs7253960	0.246889
19	38744733	rs12610267	19	38815217	rs35478630	0.163723
19	38744733	rs12610267	19	38815372	rs77914289	0.112783
19	38744733	rs12610267	19	38815483	rs12611255	0.251472
19	38744733	rs12610267	19	38815665	rs4804016	0.112783
19	38744733	rs12610267	19	38816976	rs79381523	0.116021
19	38744733	rs12610267	19	38817486	rs3745951	0.14206
19	38744733	rs12610267	19	38817876	rs34989303	0.113016
19	38744733	rs12610267	19	38818299	rs3745952	0.14206
19	38744733	rs12610267	19	38818751	rs931750	0.14206
19	38744733	rs12610267	19	38818925	rs931749	0.14206
19	38744733	rs12610267	19	38819098	rs73041302	0.14206
19	38744733	rs12610267	19	38819463	rs61160177	0.246889
19	38744733	rs12610267	19	38819666	rs138693052	0.141772
19	38744733	rs12610267	19	38820528	rs77862444	0.112783
19	38744733	rs12610267	19	38821041	rs8106900	0.14206
19	38744733	rs12610267	19	38821282	rs6508786	0.13622
19	38744733	rs12610267	19	38821474	rs4386247	0.14206
19	38744733	rs12610267	19	38821697	rs12609247	0.251472
19	38744733	rs12610267	19	38821709	rs118185142	0.14206
19	38744733	rs12610267	19	38822855	rs554871869	0.129111
19	38744733	rs12610267	19	38823202	rs73043010	0.251472
19	38744733	rs12610267	19	38823626	rs35349500	0.14206
19	38744733	rs12610267	19	38823971	rs11673012	0.14206
19	38744733	rs12610267	19	38824344	rs11673222	0.14206
19	38744733	rs12610267	19	38824581	rs8112211	0.246889
19	38744733	rs12610267	19	38825094	rs8101488	0.145547
19	38744733	rs12610267	19	38825447	rs2368484	0.112783
19	38744733	rs12610267	19	38826184	rs2041220	0.0967305
19	38744733	rs12610267	19	38826656	rs59898212	0.244465
19	38744733	rs12610267	19	38826947	rs56849284	0.253928
19	38744733	rs12610267	19	38827357	rs11672793	0.145414
19	38744733	rs12610267	19	38827960	rs2302182	0.112554
19	38744733	rs12610267	19	38828785	rs111491167	0.115789
19	38744733	rs12610267	19	38829906	rs201307805	0.116021
19	38744733	rs12610267	19	38830022	rs57681346	0.134092
19	38744733	rs12610267	19	38830966	rs11669131	0.112554
19	38744733	rs12610267	19	38831311	rs2887262	0.115789
19	38744733	rs12610267	19	38832856	rs202060544	0.167305
19	38744733	rs12610267	19	38832946	rs7252835	0.249178
19	38744733	rs12610267	19	38833114	rs75053104	0.165341
19	38744733	rs12610267	19	38833350	rs11671779	0.141926
19	38744733	rs12610267	19	38837886	rs111857844	0.165237
19	38744733	rs12610267	19	38839732	rs4804046	0.145547
19	38744733	rs12610267	19	38839859	rs2270093	0.165237
19	38744733	rs12610267	19	38840139	rs2270094	0.165237
19	38744733	rs12610267	19	38840805	rs7256575	0.106655
19	38744733	rs12610267	19	38840896	rs2270095	0.249482
19	38744733	rs12610267	19	38841714	rs80248244	0.185483
19	38744733	rs12610267	19	38843512	rs60082376	0.112328
19	38744733	rs12610267	19	38844144	rs3815345	0.249482
19	38744733	rs12610267	19	38844673	rs148775481	0.121244
