CHR_A	BP_A	SNP_A	CHR_B	BP_B	SNP_B	R2
16	71691329	rs12051443	16	71596005	rs172649	0.863899
16	71691329	rs12051443	16	71599219	rs2432522	0.205056
16	71691329	rs12051443	16	71599253	rs117278560	0.256229
16	71691329	rs12051443	16	71599604	rs71389676	0.206832
16	71691329	rs12051443	16	71599977	rs8063455	0.0940791
16	71691329	rs12051443	16	71600372	rs566151648	0.15591
16	71691329	rs12051443	16	71600477	rs1477386	0.879154
16	71691329	rs12051443	16	71603487	rs1364210	0.0905959
16	71691329	rs12051443	16	71603912	rs172650	0.875904
16	71691329	rs12051443	16	71607384	rs2432520	0.875904
16	71691329	rs12051443	16	71608408	rs34753286	0.0920875
16	71691329	rs12051443	16	71608440	rs2432519	0.875904
16	71691329	rs12051443	16	71608484	rs558617356	0.0982296
16	71691329	rs12051443	16	71609364	rs2247603	0.112863
16	71691329	rs12051443	16	71611001	rs3057106	0.112863
16	71691329	rs12051443	16	71612346	rs3829537	0.91786
16	71691329	rs12051443	16	71612569	rs11862798	0.91786
16	71691329	rs12051443	16	71612631	rs9930543	0.914399
16	71691329	rs12051443	16	71612889	rs11075889	0.914399
16	71691329	rs12051443	16	71613787	rs4788544	0.914399
16	71691329	rs12051443	16	71615613	rs4788808	0.526741
16	71691329	rs12051443	16	71615820	rs4788809	0.91786
16	71691329	rs12051443	16	71616117	rs375089878	0.15443
16	71691329	rs12051443	16	71618362	rs12325050	0.163386
16	71691329	rs12051443	16	71618376	rs143678908	0.0920875
16	71691329	rs12051443	16	71620469	rs2032920	0.91786
16	71691329	rs12051443	16	71621637	rs4788810	0.110685
16	71691329	rs12051443	16	71622207	rs7188406	0.487838
16	71691329	rs12051443	16	71622975	rs11075890	0.487838
16	71691329	rs12051443	16	71623436	rs76612312	0.913094
16	71691329	rs12051443	16	71623438	rs78815193	0.913094
16	71691329	rs12051443	16	71623579	rs8058018	0.110685
16	71691329	rs12051443	16	71623594	rs77147683	0.210193
16	71691329	rs12051443	16	71623692	rs8058222	0.487881
16	71691329	rs12051443	16	71625209	rs4788811	0.304547
16	71691329	rs12051443	16	71625467	rs4788812	0.913563
16	71691329	rs12051443	16	71625572	rs4788813	0.108955
16	71691329	rs12051443	16	71627512	rs62053072	0.288109
16	71691329	rs12051443	16	71627731	rs10500562	0.0940791
16	71691329	rs12051443	16	71628274	rs11648240	0.910117
16	71691329	rs12051443	16	71629820	rs4788546	0.910117
16	71691329	rs12051443	16	71630977	rs34692271	0.200149
16	71691329	rs12051443	16	71631941	rs150410128	0.257037
16	71691329	rs12051443	16	71632166	rs2113222	0.91786
16	71691329	rs12051443	16	71633653	rs17282500	0.0920875
16	71691329	rs12051443	16	71633873	rs9940142	0.91786
16	71691329	rs12051443	16	71634544	rs4788547	0.91786
16	71691329	rs12051443	16	71634604	rs4788814	0.91786
16	71691329	rs12051443	16	71634811	rs4788815	0.299691
16	71691329	rs12051443	16	71635242	rs9923264	0.91786
16	71691329	rs12051443	16	71635321	rs9933961	0.914399
16	71691329	rs12051443	16	71635326	rs9923336	0.914399
16	71691329	rs12051443	16	71635458	rs544349444	0.217341
16	71691329	rs12051443	16	71635836	rs11641811	0.507419
16	71691329	rs12051443	16	71636026	rs12444890	0.0920875
16	71691329	rs12051443	16	71636542	rs34759684	0.0920875
16	71691329	rs12051443	16	71636591	rs2334884	0.91786
16	71691329	rs12051443	16	71636725	rs538535620	0.589566
16	71691329	rs12051443	16	71638630	rs79487295	0.914399
16	71691329	rs12051443	16	71638963	rs9939471	0.91786
16	71691329	rs12051443	16	71638974	rs140321300	0.0920875
16	71691329	rs12051443	16	71639053	rs9929977	0.903615
16	71691329	rs12051443	16	71639225	rs9939658	0.91786
16	71691329	rs12051443	16	71639418	rs9746832	0.499457
16	71691329	rs12051443	16	71639533	rs9302625	0.299691
16	71691329	rs12051443	16	71639601	rs9932415	0.91786
16	71691329	rs12051443	16	71639649	rs11075891	0.91786
16	71691329	rs12051443	16	71640207	rs71403859	0.093599
16	71691329	rs12051443	16	71640230	rs34381861	0.093599
16	71691329	rs12051443	16	71640474	rs2334883	0.91786
16	71691329	rs12051443	16	71640525	rs35071732	0.0926881
16	71691329	rs12051443	16	71641395	rs4788817	0.892345
16	71691329	rs12051443	16	71641690	rs11075892	0.922289
16	71691329	rs12051443	16	71641927	rs2334882	0.156084
16	71691329	rs12051443	16	71642946	rs7186717	0.921526
16	71691329	rs12051443	16	71643116	rs8046629	0.197659
16	71691329	rs12051443	16	71643415	rs144293483	0.100889
16	71691329	rs12051443	16	71643622	rs7192860	0.207457
16	71691329	rs12051443	16	71643669	rs62053077	0.922289
16	71691329	rs12051443	16	71643672	rs62053078	0.922289
16	71691329	rs12051443	16	71643940	rs71389680	0.786822
16	71691329	rs12051443	16	71644085	rs71403860	0.0934101
16	71691329	rs12051443	16	71644128	rs375195051	0.807032
16	71691329	rs12051443	16	71644807	rs72799815	0.112552
16	71691329	rs12051443	16	71645263	rs12927768	0.0977236
16	71691329	rs12051443	16	71645638	rs11643690	0.925808
16	71691329	rs12051443	16	71645670	rs7205340	0.230591
16	71691329	rs12051443	16	71645822	rs11397301	0.485928
16	71691329	rs12051443	16	71645914	rs7206039	0.937482
16	71691329	rs12051443	16	71646079	rs559906877	0.125671
16	71691329	rs12051443	16	71647450	rs72799820	0.102572
16	71691329	rs12051443	16	71647529	rs8053623	0.228312
16	71691329	rs12051443	16	71647634	rs139533291	0.10173
16	71691329	rs12051443	16	71648299	rs6499526	0.115014
16	71691329	rs12051443	16	71648617	rs7190487	0.115014
16	71691329	rs12051443	16	71649416	rs7193549	0.113377
16	71691329	rs12051443	16	71649997	rs200136978	0.114265
16	71691329	rs12051443	16	71651418	rs113439968	0.225287
16	71691329	rs12051443	16	71652072	rs10852502	0.115014
16	71691329	rs12051443	16	71652227	rs10852503	0.113377
16	71691329	rs12051443	16	71652283	rs72799826	0.103298
16	71691329	rs12051443	16	71653406	rs2334881	0.276472
16	71691329	rs12051443	16	71653464	rs12923781	0.100314
16	71691329	rs12051443	16	71653637	rs2334880	0.115529
16	71691329	rs12051443	16	71653767	rs2334879	0.978332
16	71691329	rs12051443	16	71654365	rs62053102	0.0935033
16	71691329	rs12051443	16	71654550	rs72799830	0.112552
16	71691329	rs12051443	16	71654567	rs35939203	0.489743
16	71691329	rs12051443	16	71655035	rs12446005	0.207167
16	71691329	rs12051443	16	71655361	rs4788548	0.115014
16	71691329	rs12051443	16	71656661	rs11646524	0.110088
16	71691329	rs12051443	16	71657605	rs34764568	0.982659
16	71691329	rs12051443	16	71658444	rs7204992	0.113377
16	71691329	rs12051443	16	71658594	rs34680964	0.208399
16	71691329	rs12051443	16	71659364	rs55870357	0.393698
16	71691329	rs12051443	16	71659879	rs78152844	0.995639
16	71691329	rs12051443	16	71660115	rs4788820	0.113377
16	71691329	rs12051443	16	71660310	rs4788821	0.991263
16	71691329	rs12051443	16	71660404	rs61753635	0.209637
16	71691329	rs12051443	16	71661536	rs12444484	0.99132
16	71691329	rs12051443	16	71662208	rs7195840	0.495661
16	71691329	rs12051443	16	71662467	rs9934789	0.115014
16	71691329	rs12051443	16	71663532	rs62053104	0.110417
16	71691329	rs12051443	16	71663704	rs17354693	0.102354
16	71691329	rs12051443	16	71664000	rs72799841	0.115036
16	71691329	rs12051443	16	71664225	rs12935422	0.117143
16	71691329	rs12051443	16	71664396	rs11075893	0.113377
16	71691329	rs12051443	16	71665561	rs11641698	0.110088
16	71691329	rs12051443	16	71665985	rs979790	0.11667
16	71691329	rs12051443	16	71666118	rs979789	0.495713
16	71691329	rs12051443	16	71666524	rs6499527	0.115014
16	71691329	rs12051443	16	71667131	rs9939458	0.113377
16	71691329	rs12051443	16	71667680	rs9931074	0.115014
16	71691329	rs12051443	16	71668800	rs7206470	0.113377
16	71691329	rs12051443	16	71669624	rs1345868	0.208399
16	71691329	rs12051443	16	71670066	rs1056303	0.208399
16	71691329	rs12051443	16	71672569	rs7185575	0.207167
16	71691329	rs12051443	16	71672762	rs6499528	0.110678
16	71691329	rs12051443	16	71673349	rs560715078	0.341861
16	71691329	rs12051443	16	71674882	rs2303225	0.991263
16	71691329	rs12051443	16	71675136	rs8058188	0.232048
16	71691329	rs12051443	16	71675230	rs12927320	0.991311
16	71691329	rs12051443	16	71675440	rs8058297	0.11448
16	71691329	rs12051443	16	71676171	rs4354946	0.110678
16	71691329	rs12051443	16	71676188	rs34028112	0.20777
16	71691329	rs12051443	16	71677975	rs35538253	0.104482
16	71691329	rs12051443	16	71678239	rs71389686	0.286053
16	71691329	rs12051443	16	71678663	rs3752681	0.991263
16	71691329	rs12051443	16	71678932	rs8203	0.991263
16	71691329	rs12051443	16	71679027	rs11670	0.189867
16	71691329	rs12051443	16	71679057	rs1058750	0.111213
16	71691329	rs12051443	16	71679204	rs1058747	0.991311
16	71691329	rs12051443	16	71680002	rs7188675	0.111213
16	71691329	rs12051443	16	71680584	rs138845616	0.497632
16	71691329	rs12051443	16	71681153	rs10500560	0.198995
16	71691329	rs12051443	16	71681262	rs75533396	0.497632
16	71691329	rs12051443	16	71681515	rs4788822	0.111213
16	71691329	rs12051443	16	71682796	rs61733125	0.120103
16	71691329	rs12051443	16	71685327	rs8056823	0.495661
16	71691329	rs12051443	16	71686054	rs1582589	0.895594
16	71691329	rs12051443	16	71688055	rs4788823	0.115014
16	71691329	rs12051443	16	71688977	rs2052584	0.113377
16	71691329	rs12051443	16	71689693	rs8053745	0.112325
16	71691329	rs12051443	16	71690030	rs11075894	0.113377
16	71691329	rs12051443	16	71691042	rs57997630	1
16	71691329	rs12051443	16	71691107	rs11647873	0.50574
16	71691329	rs12051443	16	71691329	rs12051443	1
16	71691329	rs12051443	16	71691447	rs12051449	1
16	71691329	rs12051443	16	71691586	rs12051506	0.995633
16	71691329	rs12051443	16	71692443	rs2303224	0.995633
16	71691329	rs12051443	16	71693040	rs35969776	0.285172
16	71691329	rs12051443	16	71693093	rs10500559	0.991311
16	71691329	rs12051443	16	71693150	rs534142004	0.107065
16	71691329	rs12051443	16	71693436	rs11640830	0.201172
16	71691329	rs12051443	16	71694211	rs62053107	0.995639
16	71691329	rs12051443	16	71694970	rs34708544	0.641677
16	71691329	rs12051443	16	71695030	rs71403864	0.203995
16	71691329	rs12051443	16	71696020	rs62053108	0.982753
16	71691329	rs12051443	16	71696782	rs57080952	0.104911
16	71691329	rs12051443	16	71697126	rs80126763	0.118799
16	71691329	rs12051443	16	71697752	rs1035545	0.986927
16	71691329	rs12051443	16	71698272	rs12930418	0.491739
16	71691329	rs12051443	16	71701248	rs1423983	0.113377
16	71691329	rs12051443	16	71702620	rs10775326	0.493717
16	71691329	rs12051443	16	71702975	rs11075895	0.491739
16	71691329	rs12051443	16	71703436	rs2032918	0.111213
16	71691329	rs12051443	16	71703729	rs11648674	0.986927
16	71691329	rs12051443	16	71704222	rs11862723	0.111213
16	71691329	rs12051443	16	71705215	rs11075898	0.112836
16	71691329	rs12051443	16	71705631	rs4788825	0.11448
16	71691329	rs12051443	16	71705774	rs12924631	0.20777
16	71691329	rs12051443	16	71705815	rs567678972;rs148059356	0.205253
16	71691329	rs12051443	16	71705908	rs12924650	0.106539
16	71691329	rs12051443	16	71707398	rs11648483	0.20777
16	71691329	rs12051443	16	71707981	rs35193489	0.856875
16	71691329	rs12051443	16	71708285	rs371726738	0.265588
16	71691329	rs12051443	16	71708577	rs8061613	0.493772
16	71691329	rs12051443	16	71709167	rs3925658	0.986927
16	71691329	rs12051443	16	71709579	rs7187877	0.493717
16	71691329	rs12051443	16	71711020	rs72523689	0.112836
16	71691329	rs12051443	16	71711436	rs11462493	0.20777
16	71691329	rs12051443	16	71712321	rs9927336	0.991311
16	71691329	rs12051443	16	71712462	rs9927437	0.991311
16	71691329	rs12051443	16	71713911	rs76738476	0.114541
16	71691329	rs12051443	16	71713943	rs7191593	0.491786
16	71691329	rs12051443	16	71714119	rs4788549	0.991311
16	71691329	rs12051443	16	71715131	rs12447672	0.0916688
16	71691329	rs12051443	16	71715378	rs6499529	0.112836
16	71691329	rs12051443	16	71715915	rs11439127	0.11667
16	71691329	rs12051443	16	71716830	rs7187948	0.111213
16	71691329	rs12051443	16	71717032	rs13380425	0.493717
16	71691329	rs12051443	16	71717214	rs17355804	0.0905959
16	71691329	rs12051443	16	71717384	rs8048057	0.991311
16	71691329	rs12051443	16	71717405	rs8048210	0.991311
16	71691329	rs12051443	16	71717765	rs8052489	0.982659
16	71691329	rs12051443	16	71717849	rs35917171	0.986927
16	71691329	rs12051443	16	71718366	rs7195059	0.115014
16	71691329	rs12051443	16	71719353	rs8049163	0.204923
16	71691329	rs12051443	16	71719919	rs12924258	0.991311
16	71691329	rs12051443	16	71720337	rs59650052	0.115347
16	71691329	rs12051443	16	71720523	rs4788550	0.113377
16	71691329	rs12051443	16	71720921	rs12149264	0.105081
16	71691329	rs12051443	16	71721020	rs4788826	0.991311
16	71691329	rs12051443	16	71721032	rs4788827	0.991311
16	71691329	rs12051443	16	71721513	rs9940217	0.987016
16	71691329	rs12051443	16	71722209	rs3886515	0.491739
16	71691329	rs12051443	16	71723089	rs6499530	0.11448
16	71691329	rs12051443	16	71724090	rs4788828	0.112836
16	71691329	rs12051443	16	71724369	rs12448022	0.204923
16	71691329	rs12051443	16	71726041	rs28636800	0.991311
16	71691329	rs12051443	16	71726136	rs34358623	0.201172
16	71691329	rs12051443	16	71726204	rs62053136	0.106131
16	71691329	rs12051443	16	71726725	rs10689621	0.115014
16	71691329	rs12051443	16	71726741	rs28582831	0.961239
16	71691329	rs12051443	16	71726943	rs28439683	0.986927
16	71691329	rs12051443	16	71726975	rs12923644	0.485876
16	71691329	rs12051443	16	71727571	rs9936903	0.986927
16	71691329	rs12051443	16	71727862	rs9937280	0.986927
16	71691329	rs12051443	16	71727958	rs34161748	0.991311
16	71691329	rs12051443	16	71728100	rs10571368	0.491739
16	71691329	rs12051443	16	71728295	rs11865683	0.482065
16	71691329	rs12051443	16	71728312	rs12448226	0.986927
16	71691329	rs12051443	16	71729825	rs8062188	0.112836
16	71691329	rs12051443	16	71730586	rs2335716	0.493717
16	71691329	rs12051443	16	71731115	rs150922435	0.116144
16	71691329	rs12051443	16	71731485	rs6499531	0.102817
16	71691329	rs12051443	16	71731720	rs8051767	0.104351
16	71691329	rs12051443	16	71731751	rs565801864	0.645944
16	71691329	rs12051443	16	71732267	rs4788830	0.112836
16	71691329	rs12051443	16	71732345	rs8053070	0.491739
16	71691329	rs12051443	16	71732795	rs12926987	0.991311
16	71691329	rs12051443	16	71735665	rs11406840	0.112836
16	71691329	rs12051443	16	71736359	rs17356206	0.0902528
16	71691329	rs12051443	16	71736702	rs10626314	0.112836
16	71691329	rs12051443	16	71737405	rs67878827	0.483939
16	71691329	rs12051443	16	71737659	rs60881203	0.986927
16	71691329	rs12051443	16	71739649	rs12935426	0.978225
16	71691329	rs12051443	16	71740049	rs35390364	0.0906947
16	71691329	rs12051443	16	71740477	rs9888756	0.103383
16	71691329	rs12051443	16	71741624	rs12597065	0.991311
16	71691329	rs12051443	16	71741928	rs12445161	0.202102
16	71691329	rs12051443	16	71742000	rs12928187	0.495702
16	71691329	rs12051443	16	71742872	rs35970120	0.286398
16	71691329	rs12051443	16	71745491	rs4444347	0.493626
16	71691329	rs12051443	16	71745518	rs7203216	0.493717
16	71691329	rs12051443	16	71745748	rs34731378	0.203995
16	71691329	rs12051443	16	71746921	rs17356316	0.092108
16	71691329	rs12051443	16	71747848	rs9923679	0.96548
16	71691329	rs12051443	16	71750825	rs7201754	0.499759
16	71691329	rs12051443	16	71750996	rs6499532	0.491739
16	71691329	rs12051443	16	71752344	rs7186859	0.493717
16	71691329	rs12051443	16	71752914	rs11859729	0.493717
16	71691329	rs12051443	16	71754040	rs112175548	0.2809
16	71691329	rs12051443	16	71754711	rs8063535	0.493717
16	71691329	rs12051443	16	71754778	rs35717730	0.873847
16	71691329	rs12051443	16	71755278	rs6499534	0.112836
16	71691329	rs12051443	16	71755394	rs78686234	0.117282
16	71691329	rs12051443	16	71755574	rs11339364	0.108022
16	71691329	rs12051443	16	71755672	rs34734042	0.987016
16	71691329	rs12051443	16	71755852	rs11639902	0.284526
16	71691329	rs12051443	16	71756845	rs9934301	0.110678
16	71691329	rs12051443	16	71757387	rs9934715	0.109067
16	71691329	rs12051443	16	71757395	rs12923990	0.109067
16	71691329	rs12051443	16	71757939	rs7201649	0.109067
16	71691329	rs12051443	16	71758922	rs7196498	0.501673
16	71691329	rs12051443	16	71759364	rs9925228	0.986961
16	71691329	rs12051443	16	71759562	rs7202288	0.495702
16	71691329	rs12051443	16	71759679	rs7202479	0.111751
16	71691329	rs12051443	16	71759906	rs7203168	0.495702
16	71691329	rs12051443	16	71760020	rs11401408	0.206519
16	71691329	rs12051443	16	71760361	rs8061970	0.495702
16	71691329	rs12051443	16	71760611	rs918721	0.991311
16	71691329	rs12051443	16	71760988	rs1392487	0.991311
16	71691329	rs12051443	16	71761061	rs9921270	0.991311
16	71691329	rs12051443	16	71761881	rs11354729	0.119682
16	71691329	rs12051443	16	71761978	rs8051968	0.119436
16	71691329	rs12051443	16	71762285	rs6499538	0.112836
16	71691329	rs12051443	16	71764834	rs3751817	0.991311
16	71691329	rs12051443	16	71765416	rs11539980	0.991311
16	71691329	rs12051443	16	71767661	rs4788551	0.991311
16	71691329	rs12051443	16	71767836	rs4788552	0.991311
16	71691329	rs12051443	16	71768500	rs2278031	0.952462
16	71691329	rs12051443	16	71769562	rs34401601	0.982634
16	71691329	rs12051443	16	71770633	rs138696576	0.106547
16	71691329	rs12051443	16	71770655	rs10590605	0.222763
16	71691329	rs12051443	16	71770836	rs8052999	0.991311
16	71691329	rs12051443	16	71772115	rs2010428	0.476203
16	71691329	rs12051443	16	71772399	rs889568	0.121069
16	71691329	rs12051443	16	71772795	rs904764	0.121662
16	71691329	rs12051443	16	71773190	rs904763	0.111204
16	71691329	rs12051443	16	71773284	rs3838874	0.991311
16	71691329	rs12051443	16	71774099	rs62053158	0.106861
16	71691329	rs12051443	16	71774390	rs11645467	0.991311
16	71691329	rs12051443	16	71774697	rs11646635	0.991311
16	71691329	rs12051443	16	71774896	rs11641873	0.982659
16	71691329	rs12051443	16	71775080	rs11646748	0.991311
16	71691329	rs12051443	16	71775396	rs77707060	0.111204
16	71691329	rs12051443	16	71776144	rs951453	0.991311
16	71691329	rs12051443	16	71776769	rs2036337	0.991311
16	71691329	rs12051443	16	71777203	rs77050686	0.0929193
16	71691329	rs12051443	16	71777448	rs4788442	0.991311
16	71691329	rs12051443	16	71777848	rs35804839	0.871706
16	71691329	rs12051443	16	71778072	rs12922859	0.493674
16	71691329	rs12051443	16	71778640	rs35173463	0.991311
16	71691329	rs12051443	16	71779748	rs11277696	0.503929
16	71691329	rs12051443	16	71780277	rs4788553	0.109609
16	71691329	rs12051443	16	71780485	rs2270832	0.991311
16	71691329	rs12051443	16	71780599	rs2270831	0.986927
16	71691329	rs12051443	16	71782444	rs2270830	0.982659
16	71691329	rs12051443	16	71783076	rs12149873	0.495652
16	71691329	rs12051443	16	71783121	rs8044144	0.109067
16	71691329	rs12051443	16	71783373	rs11075900	0.991311
16	71691329	rs12051443	16	71783384	rs58512452	0.873847
16	71691329	rs12051443	16	71783658	rs62056460	0.393698
16	71691329	rs12051443	16	71784000	rs2270829	0.495652
16	71691329	rs12051443	16	71785817	rs4788554	0.987016
16	71691329	rs12051443	16	71786537	rs34366687	0.283445
16	71691329	rs12051443	16	71787588	rs12920890	0.106045
16	71691329	rs12051443	16	71787688	rs12050951	0.117282
16	71691329	rs12051443	16	71788243	rs139492288	0.210324
16	71691329	rs12051443	16	71788830	rs2036338	0.991311
16	71691329	rs12051443	16	71789462	rs77392989	0.393698
16	71691329	rs12051443	16	71789529	rs9302630	0.105943
16	71691329	rs12051443	16	71789550	rs10220961	0.504052
16	71691329	rs12051443	16	71789553	rs7499576	0.100736
16	71691329	rs12051443	16	71790166	rs8053186	0.107547
16	71691329	rs12051443	16	71790221	rs8052910	0.105943
16	71691329	rs12051443	16	71790673	rs12447856	0.991311
16	71691329	rs12051443	16	71790812	rs11075901	0.109662
