CHR_A	BP_A	SNP_A	CHR_B	BP_B	SNP_B	R2
11	58915110	rs1938781	11	58816457	rs10792216	0.588474
11	58915110	rs1938781	11	58818869	rs3824945	0.135874
11	58915110	rs1938781	11	58819328	rs4499024	0.133871
11	58915110	rs1938781	11	58820988	rs3740948	0.593488
11	58915110	rs1938781	11	58821346	rs12361430	0.588474
11	58915110	rs1938781	11	58821525	rs547674778;rs113087473	0.106116
11	58915110	rs1938781	11	58822334	rs58969255	0.129839
11	58915110	rs1938781	11	58825578	rs10896907	0.588474
11	58915110	rs1938781	11	58826621	rs11229776	0.593488
11	58915110	rs1938781	11	58827895	rs12292779	0.590892
11	58915110	rs1938781	11	58828271	rs150763125	0.110248
11	58915110	rs1938781	11	58828534	rs3109662	0.141223
11	58915110	rs1938781	11	58830430	rs36023624	0.566302
11	58915110	rs1938781	11	58833237	rs477092	0.139204
11	58915110	rs1938781	11	58833260	rs523078	0.139204
11	58915110	rs1938781	11	58833902	rs504789	0.145302
11	58915110	rs1938781	11	58835026	rs562168	0.147573
11	58915110	rs1938781	11	58835303	rs34822458	0.123707
11	58915110	rs1938781	11	58835506	rs10896910	0.613119
11	58915110	rs1938781	11	58837742	rs35188256	0.63519
11	58915110	rs1938781	11	58839317	rs581913	0.144493
11	58915110	rs1938781	11	58839474	rs593188	0.131704
11	58915110	rs1938781	11	58840731	rs34210564	0.63519
11	58915110	rs1938781	11	58840830	rs78140164	0.110248
11	58915110	rs1938781	11	58841379	rs7106530	0.63519
11	58915110	rs1938781	11	58842013	rs560974	0.138852
11	58915110	rs1938781	11	58842134	rs538729	0.138852
11	58915110	rs1938781	11	58842699	rs11501600	0.607717
11	58915110	rs1938781	11	58843573	rs486252	0.140958
11	58915110	rs1938781	11	58843745	rs487381	0.138852
11	58915110	rs1938781	11	58845306	rs670574	0.143314
11	58915110	rs1938781	11	58846985	rs1943147	0.63519
11	58915110	rs1938781	11	58847176	rs1943146	0.63519
11	58915110	rs1938781	11	58849615	rs2844342	0.63519
11	58915110	rs1938781	11	58849917	rs519711	0.139541
11	58915110	rs1938781	11	58850074	rs484275	0.139541
11	58915110	rs1938781	11	58850176	rs34188954	0.139541
11	58915110	rs1938781	11	58850292	rs10896911	0.535409
11	58915110	rs1938781	11	58850942	rs10896912	0.624785
11	58915110	rs1938781	11	58850949	rs1938770	0.630166
11	58915110	rs1938781	11	58851321	rs10128559	0.63519
11	58915110	rs1938781	11	58852154	rs472336	0.141643
11	58915110	rs1938781	11	58853913	rs530386	0.634218
11	58915110	rs1938781	11	58854169	rs11229795	0.692842
11	58915110	rs1938781	11	58854700	rs10896913	0.720777
11	58915110	rs1938781	11	58854729	rs2954134	0.626729
11	58915110	rs1938781	11	58854875	rs28472454	0.440003
11	58915110	rs1938781	11	58854961	rs12576347	0.0933873
11	58915110	rs1938781	11	58854962	rs12574219	0.0933873
11	58915110	rs1938781	11	58855019	rs12576350	0.0901819
11	58915110	rs1938781	11	58856544	rs2849739	0.911095
11	58915110	rs1938781	11	58857841	rs540268	0.152585
11	58915110	rs1938781	11	58858616	rs10896914	0.954834
11	58915110	rs1938781	11	58858651	rs567951	0.176413
11	58915110	rs1938781	11	58858712	rs548347	0.110248
11	58915110	rs1938781	11	58861851	rs474847	0.93552
11	58915110	rs1938781	11	58863775	rs7939969	0.150453
11	58915110	rs1938781	11	58864186	rs35293773	0.954834
11	58915110	rs1938781	11	58864267	rs11229798	0.954834
11	58915110	rs1938781	11	58864390	rs11229799	0.954834
11	58915110	rs1938781	11	58864405	rs7950640	0.180332
11	58915110	rs1938781	11	58864544	rs11229800	0.93552
11	58915110	rs1938781	11	58865226	rs12280905	0.148436
11	58915110	rs1938781	11	58865487	rs34239454	0.954834
11	58915110	rs1938781	11	58866031	rs10896916;rs34288934;rs34288934	0.89442
11	58915110	rs1938781	11	58868059	rs11229801	0.961239
11	58915110	rs1938781	11	58868998	rs11229803	0.179901
11	58915110	rs1938781	11	58869881	rs12794409	0.123363
11	58915110	rs1938781	11	58870699	rs12364693	0.10747
11	58915110	rs1938781	11	58871812	rs7950880	0.961239
11	58915110	rs1938781	11	58872663	rs527796242;rs527796242;rs560616677	0.87543
11	58915110	rs1938781	11	58872960	rs10896919	0.144029
11	58915110	rs1938781	11	58873944	rs10896920	0.151363
11	58915110	rs1938781	11	58875024	rs2282482	0.961239
11	58915110	rs1938781	11	58875044	rs2282483	0.961239
11	58915110	rs1938781	11	58875725	rs7110278	0.181202
11	58915110	rs1938781	11	58876719	rs11229808	0.961239
11	58915110	rs1938781	11	58876720	rs2096543	0.151212
11	58915110	rs1938781	11	58877531	rs10792219	0.961239
11	58915110	rs1938781	11	58877909	rs4409856	0.181202
11	58915110	rs1938781	11	58879420	rs78464834	0.112819
11	58915110	rs1938781	11	58879671	rs10896922	0.961239
11	58915110	rs1938781	11	58880683	rs111840797	0.151212
11	58915110	rs1938781	11	58883417	rs71486439	0.337378
11	58915110	rs1938781	11	58883685	rs61891822	0.118077
11	58915110	rs1938781	11	58883915	rs10437720	0.987062
11	58915110	rs1938781	11	58886258	rs148916322	0.181202
11	58915110	rs1938781	11	58889191	rs10896924	0.961239
11	58915110	rs1938781	11	58889431	rs4939257	0.151212
11	58915110	rs1938781	11	58891292	rs10896925	0.987062
11	58915110	rs1938781	11	58891490	rs77354659	0.961239
11	58915110	rs1938781	11	58894067	rs1938588	0.935863
11	58915110	rs1938781	11	58894253	rs1938589	0.987062
11	58915110	rs1938781	11	58895334	rs3802961	0.961239
11	58915110	rs1938781	11	58897184	rs11229833	0.179078
11	58915110	rs1938781	11	58897291	rs12802129	0.961239
11	58915110	rs1938781	11	58897769	rs11823977	0.961239
11	58915110	rs1938781	11	58897968	rs11825017	0.961239
11	58915110	rs1938781	11	58898826	rs7121654	0.195398
11	58915110	rs1938781	11	58899848	rs7126078	0.961239
11	58915110	rs1938781	11	58900735	rs71064502	0.175706
11	58915110	rs1938781	11	58901552	rs17153379	0.961239
11	58915110	rs1938781	11	58901871	rs17153383	0.987062
11	58915110	rs1938781	11	58905228	rs5792145	0.980454
11	58915110	rs1938781	11	58905634	rs4445654	0.181202
11	58915110	rs1938781	11	58905660	rs11229837	0.941987
11	58915110	rs1938781	11	58905992	rs4382926	0.151212
11	58915110	rs1938781	11	58906018	rs4287350	0.151212
11	58915110	rs1938781	11	58906738	rs10896926	0.941987
11	58915110	rs1938781	11	58907618	rs34027305	0.941987
11	58915110	rs1938781	11	58908263	rs12292185	0.987062
11	58915110	rs1938781	11	58908381	rs10792220	0.151212
11	58915110	rs1938781	11	58908423	rs12271831	0.961239
11	58915110	rs1938781	11	58909268	rs35037877	0.140083
11	58915110	rs1938781	11	58909387	rs149991793	0.167556
11	58915110	rs1938781	11	58910926	rs11229840	0.993503
11	58915110	rs1938781	11	58911452	rs1938590	0.151889
11	58915110	rs1938781	11	58913162	rs12365972	0.337378
11	58915110	rs1938781	11	58913444	rs7935927	0.623228
11	58915110	rs1938781	11	58913446	rs5029309	0.125607
11	58915110	rs1938781	11	58913590	rs71454366	0.980544
11	58915110	rs1938781	11	58915110	rs1938781	1
11	58915110	rs1938781	11	58916038	rs7933787	0.980544
11	58915110	rs1938781	11	58917737	rs12796215	0.10747
11	58915110	rs1938781	11	58918093	rs10792221	0.980544
11	58915110	rs1938781	11	58918179	rs592110	0.15325
11	58915110	rs1938781	11	58919813	rs10896928	1
11	58915110	rs1938781	11	58921342	rs201049428	0.924134
11	58915110	rs1938781	11	58921832	rs11229848	0.948828
11	58915110	rs1938781	11	58922549	rs12283633	0.924134
11	58915110	rs1938781	11	58923068	rs10896929	0.924134
11	58915110	rs1938781	11	58923529	rs587617	0.15325
11	58915110	rs1938781	11	58923820	rs588952	0.15008
11	58915110	rs1938781	11	58924288	rs610764	0.157644
11	58915110	rs1938781	11	58924780	rs11229849	0.974092
11	58915110	rs1938781	11	58925101	rs61902181	0.924134
11	58915110	rs1938781	11	58925665	rs12362905	0.924134
11	58915110	rs1938781	11	58925860	rs17153415	0.948828
11	58915110	rs1938781	11	58926016	rs10896930	0.924134
11	58915110	rs1938781	11	58926244	rs10896931	0.955095
11	58915110	rs1938781	11	58927008	rs12278163	0.911432
11	58915110	rs1938781	11	58927017	rs12272113	0.911432
11	58915110	rs1938781	11	58927136	rs61902223	0.924134
11	58915110	rs1938781	11	58927603	rs11229850	0.924134
11	58915110	rs1938781	11	58927835	rs11229851	0.924134
11	58915110	rs1938781	11	58927843	rs11229852	0.924134
11	58915110	rs1938781	11	58927895	rs34501069	0.924134
11	58915110	rs1938781	11	58927977	rs55689653	0.924134
11	58915110	rs1938781	11	58928008	rs56137001	0.924134
11	58915110	rs1938781	11	58928033	rs680661	0.157644
11	58915110	rs1938781	11	58928115	rs12274008	0.924134
11	58915110	rs1938781	11	58928131	rs12280068	0.924134
11	58915110	rs1938781	11	58928199	rs12293649	0.924134
11	58915110	rs1938781	11	58928242	rs12275487	0.924134
11	58915110	rs1938781	11	58928310	rs12293695	0.924134
11	58915110	rs1938781	11	58928681	rs2154628	0.948828
11	58915110	rs1938781	11	58928947	rs2186380	0.924134
11	58915110	rs1938781	11	58929035	rs11229854	0.924134
11	58915110	rs1938781	11	58929332	rs10896932	0.924134
11	58915110	rs1938781	11	58929387	rs517845	0.167545
11	58915110	rs1938781	11	58929525	rs2105506	0.924134
11	58915110	rs1938781	11	58929613	rs2096544	0.924134
11	58915110	rs1938781	11	58929945	rs2105507	0.924134
11	58915110	rs1938781	11	58930239	rs10896933	0.924134
11	58915110	rs1938781	11	58930327	rs10896934	0.924134
11	58915110	rs1938781	11	58930330	rs10896935	0.924134
11	58915110	rs1938781	11	58930337	rs71300951	0.929196
11	58915110	rs1938781	11	58930590	rs11229856	0.899635
11	58915110	rs1938781	11	58930744	rs637541	0.255232
11	58915110	rs1938781	11	58930836	rs556507	0.271155
11	58915110	rs1938781	11	58930926	rs11229857	0.893666
11	58915110	rs1938781	11	58930932	rs10896936	0.899635
11	58915110	rs1938781	11	58930981	rs10896937	0.893666
11	58915110	rs1938781	11	58931281	rs2096587	0.887368
11	58915110	rs1938781	11	58931391	rs2096586	0.856252
11	58915110	rs1938781	11	58931672	rs10128661	0.862117
11	58915110	rs1938781	11	58931729	rs10128605	0.830132
11	58915110	rs1938781	11	58931763	rs56239606	0.8688
11	58915110	rs1938781	11	58931832	rs55657403	0.8688
11	58915110	rs1938781	11	58931840	rs55989038	0.855498
11	58915110	rs1938781	11	58932077	rs10896938	0.899329
11	58915110	rs1938781	11	58932389	rs11229861	0.724046
11	58915110	rs1938781	11	58932750	rs479485	0.238117
11	58915110	rs1938781	11	58932876	rs10896939	0.623204
11	58915110	rs1938781	11	58932941	rs10896940	0.724046
11	58915110	rs1938781	11	58933722	rs10128647	0.724046
11	58915110	rs1938781	11	58933755	rs201882985	0.718215
11	58915110	rs1938781	11	58933757	rs115453476	0.718215
11	58915110	rs1938781	11	58933868	rs10128699	0.724046
11	58915110	rs1938781	11	58933948	rs10128635	0.724046
11	58915110	rs1938781	11	58933979	rs147453292	0.724046
11	58915110	rs1938781	11	58934328	rs12291322	0.724046
11	58915110	rs1938781	11	58934626	rs12286883	0.724046
11	58915110	rs1938781	11	58934859	rs4938910	0.747742
11	58915110	rs1938781	11	58935075	rs12798336	0.724046
11	58915110	rs1938781	11	58935641	rs59858221	0.554427
11	58915110	rs1938781	11	58935985	rs10792222	0.724046
11	58915110	rs1938781	11	58936076	rs10792223	0.724046
11	58915110	rs1938781	11	58936164	rs10792224	0.724046
11	58915110	rs1938781	11	58936201	rs10792225	0.747742
11	58915110	rs1938781	11	58936373	rs2845559	0.228927
11	58915110	rs1938781	11	58936406	rs10792226	0.724046
11	58915110	rs1938781	11	58936771	rs10896944	0.695839
11	58915110	rs1938781	11	58937137	rs10896945	0.724046
11	58915110	rs1938781	11	58937452	rs10896946	0.724046
11	58915110	rs1938781	11	58937717	rs2839968	0.724046
11	58915110	rs1938781	11	58938083	rs10896947	0.724046
11	58915110	rs1938781	11	58938150	rs61902227	0.0973356
11	58915110	rs1938781	11	58938562	rs2154629	0.724046
11	58915110	rs1938781	11	58939686	rs73476933	0.724046
11	58915110	rs1938781	11	58939811	rs3110104	0.125708
11	58915110	rs1938781	11	58940278	rs12796683	0.718215
11	58915110	rs1938781	11	58940435	rs12799145	0.741762
11	58915110	rs1938781	11	58941450	rs693960	0.242926
11	58915110	rs1938781	11	58942848	rs6591507	0.493184
11	58915110	rs1938781	11	58943265	rs6591508	0.493184
11	58915110	rs1938781	11	58943442	rs7934971	0.493184
11	58915110	rs1938781	11	58943599	rs7950670	0.493184
11	58915110	rs1938781	11	58943928	rs7925496	0.493184
11	58915110	rs1938781	11	58944104	rs2105505	0.369967
11	58915110	rs1938781	11	58948115	rs610123	0.113423
11	58915110	rs1938781	11	58951440	rs656163	0.129011
11	58915110	rs1938781	11	58953420	rs11607673	0.123115
11	58915110	rs1938781	11	58962196	rs2211912	0.0938186
11	58915110	rs1938781	11	58965209	rs11607278	0.126917
11	58915110	rs1938781	11	58967576	rs621162	0.223684
11	58915110	rs1938781	11	58971039	rs35238966	0.221722
11	58915110	rs1938781	11	58973731	rs1048444	0.176756
11	58915110	rs1938781	11	58975831	rs35892137	0.211332
11	58915110	rs1938781	11	58976711	rs3847	0.170941
11	58915110	rs1938781	11	58977317	rs564196491	0.123533
11	58915110	rs1938781	11	58977372	rs12791481	0.122643
11	58915110	rs1938781	11	58977768	rs5029315	0.12364
11	58915110	rs1938781	11	58978940	rs544864	0.216396
11	58915110	rs1938781	11	58980549	rs6591509	0.12174
11	58915110	rs1938781	11	58981586	rs2000875	0.168144
11	58915110	rs1938781	11	58981867	rs34770994	0.12174
11	58915110	rs1938781	11	58982071	rs7129035	0.20817
11	58915110	rs1938781	11	58982694	rs4939260	0.20817
11	58915110	rs1938781	11	58983401	rs1938594	0.212472
11	58915110	rs1938781	11	58983705	rs11284160	0.170941
11	58915110	rs1938781	11	58984030	rs7944319	0.12174
11	58915110	rs1938781	11	58984717	rs1938593	0.20817
11	58915110	rs1938781	11	58985376	rs141123316	0.142182
11	58915110	rs1938781	11	58986670	rs2000478	0.12174
11	58915110	rs1938781	11	58989046	rs17153461	0.20817
11	58915110	rs1938781	11	58989328	rs7928981	0.12174
11	58915110	rs1938781	11	58990454	rs558573	0.21438
11	58915110	rs1938781	11	58991263	rs7113936	0.12174
11	58915110	rs1938781	11	58993226	rs11606140	0.119194
11	58915110	rs1938781	11	58995479	rs7952377	0.12174
11	58915110	rs1938781	11	58995669	rs6591510	0.209611
11	58915110	rs1938781	11	58995885	rs7942710	0.12174
11	58915110	rs1938781	11	58996396	rs4939263	0.172409
11	58915110	rs1938781	11	58997505	rs5023474	0.212905
11	58915110	rs1938781	11	58997523	rs5023475	0.212905
11	58915110	rs1938781	11	58997684	rs7109866	0.212905
11	58915110	rs1938781	11	58998295	rs7113633	0.124325
11	58915110	rs1938781	11	59000546	rs4369428	0.124325
11	58915110	rs1938781	11	59001398	rs112272549	0.0901109
11	58915110	rs1938781	11	59002143	rs4391838	0.124325
11	58915110	rs1938781	11	59002335	rs61631324	0.124325
11	58915110	rs1938781	11	59002570	rs35059071	0.124325
11	58915110	rs1938781	11	59003722	rs4939264	0.212905
11	58915110	rs1938781	11	59005239	rs113035729	0.212905
11	58915110	rs1938781	11	59005363	rs111778196	0.124325
11	58915110	rs1938781	11	59005746	rs149692254	0.124325
11	58915110	rs1938781	11	59007210	rs7108162	0.172409
11	58915110	rs1938781	11	59007535	rs4938911	0.124325
11	58915110	rs1938781	11	59007685	rs4939266	0.172409
11	58915110	rs1938781	11	59007720	rs4938912	0.172409
11	58915110	rs1938781	11	59009002	rs11229885	0.124325
11	58915110	rs1938781	11	59009166	rs34278617	0.124325
11	58915110	rs1938781	11	59010656	rs34960719	0.172409
11	58915110	rs1938781	11	59011030	rs35964258	0.172409
11	58915110	rs1938781	11	59011895	rs34697089	0.124325
11	58915110	rs1938781	11	59012642	rs10792228	0.172409
11	58915110	rs1938781	11	59013206	rs7111287	0.172409
11	58915110	rs1938781	11	59014108	rs6591515	0.172409
11	58915110	rs1938781	11	59014658	rs7938115	0.172409
11	58915110	rs1938781	11	59014749	rs7931234	0.172409
11	58915110	rs1938781	11	59014875	rs144828696	0.222515
11	58915110	rs1938781	11	59014969	rs11600401	0.124325
