CHR_A	BP_A	SNP_A	CHR_B	BP_B	SNP_B	R2
12	49676010	rs10875943	12	49576224	rs2878287	0.13313
12	49676010	rs10875943	12	49576848	rs12227770	0.131652
12	49676010	rs10875943	12	49576875	rs11168909	0.135041
12	49676010	rs10875943	12	49577018	rs9739878	0.131652
12	49676010	rs10875943	12	49577257	rs2016107	0.150292
12	49676010	rs10875943	12	49578172	rs7953169	0.13313
12	49676010	rs10875943	12	49579696	rs697624	0.132984
12	49676010	rs10875943	12	49580180	rs1056875	0.133378
12	49676010	rs10875943	12	49580752	rs34741313	0.123313
12	49676010	rs10875943	12	49581390	rs2335231	0.133378
12	49676010	rs10875943	12	49582692	rs1039225	0.123313
12	49676010	rs10875943	12	49584030	rs1874908	0.135041
12	49676010	rs10875943	12	49584599	rs34922337	0.148862
12	49676010	rs10875943	12	49585353	rs12229524	0.131652
12	49676010	rs10875943	12	49586490	rs11168910	0.123313
12	49676010	rs10875943	12	49587330	rs530764626	0.127859
12	49676010	rs10875943	12	49588360	rs7137978	0.140433
12	49676010	rs10875943	12	49591890	rs56149019	0.13492
12	49676010	rs10875943	12	49592117	rs7959497	0.176072
12	49676010	rs10875943	12	49593337	rs11168911	0.13716
12	49676010	rs10875943	12	49593377	rs11168912	0.170308
12	49676010	rs10875943	12	49596999	rs10747563	0.178695
12	49676010	rs10875943	12	49598933	rs35265975	0.174985
12	49676010	rs10875943	12	49599680	rs11168917	0.13716
12	49676010	rs10875943	12	49600610	rs7306084	0.180845
12	49676010	rs10875943	12	49600730	rs201413548	0.128873
12	49676010	rs10875943	12	49601100	rs113944143	0.17528
12	49676010	rs10875943	12	49601697	rs11168919	0.17712
12	49676010	rs10875943	12	49602205	rs10875934	0.133402
12	49676010	rs10875943	12	49603147	rs12309994	0.176484
12	49676010	rs10875943	12	49605229	rs11168920	0.298032
12	49676010	rs10875943	12	49605293	rs34022807	0.29367
12	49676010	rs10875943	12	49609166	rs10875935	0.305802
12	49676010	rs10875943	12	49609515	rs35273099	0.283806
12	49676010	rs10875943	12	49609808	rs11168921	0.258952
12	49676010	rs10875943	12	49612779	rs11168924	0.29508
12	49676010	rs10875943	12	49615443	rs34367716	0.292577
12	49676010	rs10875943	12	49616503	rs10660652	0.239662
12	49676010	rs10875943	12	49618008	rs68128447	0.292355
12	49676010	rs10875943	12	49620554	rs137985742	0.260213
12	49676010	rs10875943	12	49620572	rs10467103	0.292355
12	49676010	rs10875943	12	49623457	rs5798099	0.191931
12	49676010	rs10875943	12	49623979	rs10747564	0.292586
12	49676010	rs10875943	12	49626490	rs10735819	0.297641
12	49676010	rs10875943	12	49627819	rs12824458	0.289218
12	49676010	rs10875943	12	49628697	rs11168930	0.294224
12	49676010	rs10875943	12	49629036	rs36089997;rs141925464	0.403209
12	49676010	rs10875943	12	49631695	rs10875938	0.31257
12	49676010	rs10875943	12	49636993	rs73306251	0.396385
12	49676010	rs10875943	12	49637566	rs3847766	0.39075
12	49676010	rs10875943	12	49637855	rs56297203	0.0914711
12	49676010	rs10875943	12	49639935	ss1388116547;esv3629453	0.119791
12	49676010	rs10875943	12	49642428	rs181433805	0.158826
12	49676010	rs10875943	12	49644187	rs59976042	0.349296
12	49676010	rs10875943	12	49645240	rs11168936	0.523066
12	49676010	rs10875943	12	49648666	rs7307435	0.381028
12	49676010	rs10875943	12	49651790	rs77996531	0.384202
12	49676010	rs10875943	12	49652283	rs10875939	0.315135
12	49676010	rs10875943	12	49655948	rs117557198	0.106215
12	49676010	rs10875943	12	49656972	rs11168943	0.414497
12	49676010	rs10875943	12	49659756	rs10875940	0.408515
12	49676010	rs10875943	12	49661715	rs11168951	0.211052
12	49676010	rs10875943	12	49664786	rs2335451	0.339343
12	49676010	rs10875943	12	49667921	rs10875941	0.347751
12	49676010	rs10875943	12	49668195	rs11168960	0.355804
12	49676010	rs10875943	12	49670029	rs2335232	0.347751
12	49676010	rs10875943	12	49670433	rs3858587	0.407561
12	49676010	rs10875943	12	49670440	rs60284712	0.351484
12	49676010	rs10875943	12	49670489	rs3858586	0.347751
12	49676010	rs10875943	12	49670854	rs10875942	0.407561
12	49676010	rs10875943	12	49672200	rs11306931	0.630148
12	49676010	rs10875943	12	49672500	rs201281950	0.694766
12	49676010	rs10875943	12	49672526	rs182311206	0.409509
12	49676010	rs10875943	12	49672529	rs369181577	0.409509
12	49676010	rs10875943	12	49672619	rs76907016	0.793579
12	49676010	rs10875943	12	49672714	rs56222401	0.792355
12	49676010	rs10875943	12	49672739	rs11168962	0.797253
12	49676010	rs10875943	12	49673144	rs61502601	0.28819
12	49676010	rs10875943	12	49673158	rs11168963	0.922346
12	49676010	rs10875943	12	49673551	rs6580706	0.766471
12	49676010	rs10875943	12	49674145	rs148171494	0.292042
12	49676010	rs10875943	12	49674232	rs7956949	0.292042
12	49676010	rs10875943	12	49674852	rs58662285	0.594799
12	49676010	rs10875943	12	49674860	rs7975527	0.762938
12	49676010	rs10875943	12	49674936	rs7960729	0.269196
12	49676010	rs10875943	12	49675152	rs73307943	0.292042
12	49676010	rs10875943	12	49675580	rs34233111	0.214382
12	49676010	rs10875943	12	49675680	rs2878433	0.281373
12	49676010	rs10875943	12	49676010	rs10875943	1
12	49676010	rs10875943	12	49676724	rs61237420	0.192598
12	49676010	rs10875943	12	49676913	rs12320359	0.384609
12	49676010	rs10875943	12	49676975	rs12320370	0.290362
12	49676010	rs10875943	12	49677041	rs12300725	0.381158
12	49676010	rs10875943	12	49677096	rs12300763	0.367029
12	49676010	rs10875943	12	49677138	rs12306969	0.381158
12	49676010	rs10875943	12	49677260	rs57572352	0.381158
12	49676010	rs10875943	12	49677263	rs60109547	0.381158
12	49676010	rs10875943	12	49677342	rs111883829	0.189186
12	49676010	rs10875943	12	49677374	rs58456199	0.363653
12	49676010	rs10875943	12	49677390	rs149585950	0.290362
12	49676010	rs10875943	12	49677444	rs12580095	0.386353
12	49676010	rs10875943	12	49677495	rs12582651	0.386353
12	49676010	rs10875943	12	49677557	rs73307948	0.290362
12	49676010	rs10875943	12	49677781	rs12582901	0.386353
12	49676010	rs10875943	12	49677840	rs4382953	0.386353
12	49676010	rs10875943	12	49678212	rs3847764	0.319517
12	49676010	rs10875943	12	49678219	rs12322497	0.319517
12	49676010	rs10875943	12	49678271	rs12322506	0.319517
12	49676010	rs10875943	12	49678529	rs12322783	0.591977
12	49676010	rs10875943	12	49678645	rs28691217	0.676524
12	49676010	rs10875943	12	49678835	rs12310595	0.386353
12	49676010	rs10875943	12	49679015	rs112361207	0.319517
12	49676010	rs10875943	12	49679018	rs370707764	0.13684
12	49676010	rs10875943	12	49679118	rs563695271	0.319517
12	49676010	rs10875943	12	49679178	rs113536429	0.591977
12	49676010	rs10875943	12	49679247	rs113079012	0.319517
12	49676010	rs10875943	12	49679359	rs113002187	0.319517
12	49676010	rs10875943	12	49679604	rs77437585	0.192598
12	49676010	rs10875943	12	49679867	rs34536129	0.386353
12	49676010	rs10875943	12	49680002	rs76473647	0.0994086
12	49676010	rs10875943	12	49680034	rs12299403	0.290362
12	49676010	rs10875943	12	49680044	rs12299406	0.290362
12	49676010	rs10875943	12	49680414	rs569377184;rs551114106;rs370315573	0.295333
12	49676010	rs10875943	12	49680892	rs4898515	0.582694
12	49676010	rs10875943	12	49681976	rs4898502	0.318521
12	49676010	rs10875943	12	49682384	rs73112137	0.129895
12	49676010	rs10875943	12	49682939	rs73307963	0.285699
12	49676010	rs10875943	12	49683611	rs113710301	0.19145
12	49676010	rs10875943	12	49683757	rs553013205;rs534175149	0.381502
12	49676010	rs10875943	12	49683872	rs68030039	0.660922
12	49676010	rs10875943	12	49683921	rs147038582	0.285699
12	49676010	rs10875943	12	49684103	rs146162160	0.284344
12	49676010	rs10875943	12	49684479	rs117558600	0.285699
12	49676010	rs10875943	12	49684490	rs113123520	0.315378
12	49676010	rs10875943	12	49684937	rs112479212	0.190313
12	49676010	rs10875943	12	49685089	rs67309388	0.651163
12	49676010	rs10875943	12	49688057	rs12580931	0.660248
12	49676010	rs10875943	12	49689597	rs7488343	0.379468
12	49676010	rs10875943	12	49690337	rs2070760	0.577212
12	49676010	rs10875943	12	49691250	rs73112143	0.571776
12	49676010	rs10875943	12	49691403	rs112146976	0.129895
12	49676010	rs10875943	12	49691567	rs2236746	0.491058
12	49676010	rs10875943	12	49692487	rs7342384	0.491058
12	49676010	rs10875943	12	49692639	rs7342318	0.491058
12	49676010	rs10875943	12	49693331	rs28786224	0.34049
12	49676010	rs10875943	12	49693337	rs575414689	0.502354
12	49676010	rs10875943	12	49693428	rs28808573	0.485654
12	49676010	rs10875943	12	49693755	rs190135012	0.491058
12	49676010	rs10875943	12	49693776	rs181222669	0.485654
12	49676010	rs10875943	12	49694277	rs28798494	0.491058
12	49676010	rs10875943	12	49694333	rs113212969	0.278439
12	49676010	rs10875943	12	49694387	rs28857010	0.491058
12	49676010	rs10875943	12	49694457	rs28823960	0.491058
12	49676010	rs10875943	12	49694534	rs28543370	0.491058
12	49676010	rs10875943	12	49694626	rs28493849	0.569074
12	49676010	rs10875943	12	49694784	rs12317532	0.491058
12	49676010	rs10875943	12	49694858	rs151154524	0.102659
12	49676010	rs10875943	12	49694974	rs7342370	0.491842
12	49676010	rs10875943	12	49695781	rs73112154	0.129682
12	49676010	rs10875943	12	49695878	rs11837234	0.152863
12	49676010	rs10875943	12	49696408	rs3898446	0.152863
12	49676010	rs10875943	12	49697252	rs7136538	0.493421
12	49676010	rs10875943	12	49697495	rs7136945	0.493421
12	49676010	rs10875943	12	49697798	rs7294873	0.493421
12	49676010	rs10875943	12	49697873	rs7295247	0.493421
12	49676010	rs10875943	12	49698435	rs11835037	0.493421
12	49676010	rs10875943	12	49698710	rs12301545	0.493421
12	49676010	rs10875943	12	49698738	rs12315130	0.493421
12	49676010	rs10875943	12	49698815	rs12315095	0.493421
12	49676010	rs10875943	12	49698894	rs12322335	0.494171
12	49676010	rs10875943	12	49698953	rs61023481	0.493421
12	49676010	rs10875943	12	49699238	rs200017760	0.163059
12	49676010	rs10875943	12	49699268	rs4898516	0.491058
12	49676010	rs10875943	12	49699652	rs11168967	0.506796
12	49676010	rs10875943	12	49700674	rs67236923	0.524397
12	49676010	rs10875943	12	49701111	rs61455481	0.444254
12	49676010	rs10875943	12	49701176	rs113492523	0.443834
12	49676010	rs10875943	12	49701177	rs115435238	0.443834
12	49676010	rs10875943	12	49701184	rs558871323_2	0.261626
12	49676010	rs10875943	12	49701523	rs375089423	0.431218
12	49676010	rs10875943	12	49701937	rs73112165	0.120509
12	49676010	rs10875943	12	49702705	rs76159524	0.251546
12	49676010	rs10875943	12	49703850	rs12304800	0.444254
12	49676010	rs10875943	12	49703955	rs111678442	0.444254
12	49676010	rs10875943	12	49703969	rs143683260	0.120509
12	49676010	rs10875943	12	49703983	rs112893582	0.443834
12	49676010	rs10875943	12	49704247	rs143343646	0.180847
12	49676010	rs10875943	12	49704676	rs78207444	0.511502
12	49676010	rs10875943	12	49704706	rs147165897	0.440291
12	49676010	rs10875943	12	49705308	rs11503617	0.51936
12	49676010	rs10875943	12	49705577	rs12313435	0.444254
12	49676010	rs10875943	12	49705661	rs12313488	0.401514
12	49676010	rs10875943	12	49706746	rs34118992	0.448863
12	49676010	rs10875943	12	49706839	rs7975431	0.444254
12	49676010	rs10875943	12	49707102	rs7976060	0.506188
12	49676010	rs10875943	12	49707189	rs57755392	0.278005
12	49676010	rs10875943	12	49707380	rs60174686	0.25741
12	49676010	rs10875943	12	49708234	rs138459854	0.244963
12	49676010	rs10875943	12	49708427	rs10875946	0.272991
12	49676010	rs10875943	12	49708469	rs35515958	0.272991
12	49676010	rs10875943	12	49708654	rs12322798	0.424418
12	49676010	rs10875943	12	49708676	rs10875948	0.272991
12	49676010	rs10875943	12	49709427	rs4898517	0.32592
12	49676010	rs10875943	12	49709616	rs35003966	0.272991
12	49676010	rs10875943	12	49709747	rs11168970	0.424418
12	49676010	rs10875943	12	49709867	rs11830144	0.203807
12	49676010	rs10875943	12	49709878	rs11168971	0.229385
12	49676010	rs10875943	12	49710065	rs11168972	0.272991
12	49676010	rs10875943	12	49710572	rs11168973	0.49515
12	49676010	rs10875943	12	49711074	rs534958188	0.104977
12	49676010	rs10875943	12	49711077	rs535241239;rs141826304	0.105363
12	49676010	rs10875943	12	49711553	rs117432699	0.49515
12	49676010	rs10875943	12	49711636	rs112652751	0.272991
12	49676010	rs10875943	12	49711871	rs7398257	0.268053
12	49676010	rs10875943	12	49712045	rs7397166	0.244963
12	49676010	rs10875943	12	49712061	rs7398252	0.272991
12	49676010	rs10875943	12	49712333	rs4898504	0.332881
12	49676010	rs10875943	12	49712593	rs73309973	0.244963
12	49676010	rs10875943	12	49713003	rs61649357	0.246421
12	49676010	rs10875943	12	49713629	rs12318618	0.271386
12	49676010	rs10875943	12	49713839	rs57241318	0.256645
12	49676010	rs10875943	12	49714103	rs4898519	0.357857
12	49676010	rs10875943	12	49714623	rs11168974	0.342053
12	49676010	rs10875943	12	49716782	rs11168975	0.213801
12	49676010	rs10875943	12	49721122	rs73309977	0.322263
12	49676010	rs10875943	12	49721573	rs59575791	0.340326
12	49676010	rs10875943	12	49723581	rs11835303	0.322263
12	49676010	rs10875943	12	49723963	rs4243545	0.340326
12	49676010	rs10875943	12	49724955	rs3088008	0.320462
12	49676010	rs10875943	12	49725720	rs10400567	0.320462
12	49676010	rs10875943	12	49726118	rs10400435	0.327731
12	49676010	rs10875943	12	49726255	rs112341833	0.320462
12	49676010	rs10875943	12	49726326	rs59990555	0.222859
12	49676010	rs10875943	12	49726717	rs56911877	0.222859
12	49676010	rs10875943	12	49728005	rs12822293	0.320462
12	49676010	rs10875943	12	49728742	rs59450066	0.332888
12	49676010	rs10875943	12	49729460	rs7299812	0.212119
12	49676010	rs10875943	12	49730135	rs146137821	0.231387
12	49676010	rs10875943	12	49731167	rs7972869	0.228523
12	49676010	rs10875943	12	49731178	rs7959732	0.232979
12	49676010	rs10875943	12	49732186	rs74338771	0.182231
12	49676010	rs10875943	12	49732662	rs75536688	0.257945
12	49676010	rs10875943	12	49732772	rs77858467	0.180814
12	49676010	rs10875943	12	49734907	rs138025902	0.144918
12	49676010	rs10875943	12	49736702	rs7310682	0.132243
12	49676010	rs10875943	12	49738239	rs4898520	0.132092
12	49676010	rs10875943	12	49740532	rs11168981	0.149288
12	49676010	rs10875943	12	49746245	rs7955245	0.143543
12	49676010	rs10875943	12	49754105	rs36031950	0.122961
12	49676010	rs10875943	12	49755072	rs11168987	0.145245
12	49676010	rs10875943	12	49755234	rs11168988	0.130773
12	49676010	rs10875943	12	49755622	rs74089067	0.144034
12	49676010	rs10875943	12	49756665	rs7309997	0.149314
12	49676010	rs10875943	12	49757195	rs12302036	0.149314
12	49676010	rs10875943	12	49758546	rs113583755	0.149314
12	49676010	rs10875943	12	49763124	rs7961032	0.121666
12	49676010	rs10875943	12	49763868	rs6580707	0.126234
12	49676010	rs10875943	12	49766816	rs141694549	0.125388
12	49676010	rs10875943	12	49766870	rs6580708	0.122572
12	49676010	rs10875943	12	49767390	rs138821276	0.122572
12	49676010	rs10875943	12	49767756	rs7974420	0.122572
12	49676010	rs10875943	12	49768256	rs6580709	0.13139
12	49676010	rs10875943	12	49770467	rs6580710	0.176913
12	49676010	rs10875943	12	49772460	rs73295291	0.172603
12	49676010	rs10875943	12	49773706	rs7970059	0.122572
12	49676010	rs10875943	12	49774216	rs7955781	0.125388
12	49676010	rs10875943	12	49774254	rs7955792	0.125388
12	49676010	rs10875943	12	49774829	rs570397644;rs138097273	0.13181
