CHR_A	BP_A	SNP_A	CHR_B	BP_B	SNP_B	R2
14	69002988	rs2189517	14	68907988	rs113521269	0.0936471
14	69002988	rs2189517	14	68909571	rs112506612	0.0936471
14	69002988	rs2189517	14	68909955	rs17755734	0.0936471
14	69002988	rs2189517	14	68910038	rs17828721	0.0936471
14	69002988	rs2189517	14	68910151	rs17755752	0.0936471
14	69002988	rs2189517	14	68911157	rs149367477	0.0906407
14	69002988	rs2189517	14	68915109	rs17828763	0.0955366
14	69002988	rs2189517	14	68919613	rs112251729;rs564273408	0.0955366
14	69002988	rs2189517	14	68920378	rs8015115	0.0955366
14	69002988	rs2189517	14	68920379	rs8013944	0.0955366
14	69002988	rs2189517	14	68920885	rs112219408	0.0955366
14	69002988	rs2189517	14	68921775	rs35949377	0.0939358
14	69002988	rs2189517	14	68922047	rs2331705	0.0939358
14	69002988	rs2189517	14	68922973	rs113423386	0.0939358
14	69002988	rs2189517	14	68923465	rs113301102	0.0955366
14	69002988	rs2189517	14	68923501	rs112772234	0.0955366
14	69002988	rs2189517	14	68924919	rs1468278	0.0955366
14	69002988	rs2189517	14	68927945	rs11846360	0.0971404
14	69002988	rs2189517	14	68927994	rs11847185	0.0971404
14	69002988	rs2189517	14	68928506	rs17105675	0.0971404
14	69002988	rs2189517	14	68928886	rs112501086	0.0971404
14	69002988	rs2189517	14	68929528	rs77050714	0.0971404
14	69002988	rs2189517	14	68929618	rs111374809	0.0971404
14	69002988	rs2189517	14	68932637	rs7149983	0.0971404
14	69002988	rs2189517	14	68933170	rs34256824	0.0971404
14	69002988	rs2189517	14	68940259	rs142254997	0.0971404
14	69002988	rs2189517	14	68946946	rs113092106	0.0971404
14	69002988	rs2189517	14	68950597	rs78749784	0.0933613
14	69002988	rs2189517	14	68951127	rs2842318	0.146769
14	69002988	rs2189517	14	68951231	rs112570587	0.0966763
14	69002988	rs2189517	14	68955701	rs7160842	0.14645
14	69002988	rs2189517	14	68956940	rs76674467;rs553302024	0.0950709
14	69002988	rs2189517	14	68958992	rs79641695	0.100431
14	69002988	rs2189517	14	68959355	rs79865782	0.10003
14	69002988	rs2189517	14	68959586	rs76300876	0.100431
14	69002988	rs2189517	14	68962266	rs77651953	0.0975252
14	69002988	rs2189517	14	68962342	rs138207410	0.0975252
14	69002988	rs2189517	14	68970994	rs78627154	0.0978041
14	69002988	rs2189517	14	68971452	rs75197674	0.0978041
14	69002988	rs2189517	14	68973546	rs757369	0.224449
14	69002988	rs2189517	14	68974410	rs739874	0.184477
14	69002988	rs2189517	14	68974508	rs2078316	0.407595
14	69002988	rs2189517	14	68975374	rs2842346	0.253172
14	69002988	rs2189517	14	68975391	rs8015246	0.126739
14	69002988	rs2189517	14	68976059	rs36028293	0.240818
14	69002988	rs2189517	14	68976764	rs8021339	0.130997
14	69002988	rs2189517	14	68976971	rs2842344	0.117395
14	69002988	rs2189517	14	68976993	rs61985771	0.118138
14	69002988	rs2189517	14	68977490	rs2842343	0.117762
14	69002988	rs2189517	14	68977500	rs10131789	0.130997
14	69002988	rs2189517	14	68978514	rs35605174	0.240818
14	69002988	rs2189517	14	68978984	rs35378451	0.240818
14	69002988	rs2189517	14	68979835	rs11624333	0.240398
14	69002988	rs2189517	14	68979929	rs1541390	0.126739
14	69002988	rs2189517	14	68982157	rs372646465	0.137146
14	69002988	rs2189517	14	68983127	rs61985772	0.118138
14	69002988	rs2189517	14	68983922	rs113101675	0.130997
14	69002988	rs2189517	14	68984342	rs57947677	0.117762
14	69002988	rs2189517	14	68985274	rs60720907	0.21982
14	69002988	rs2189517	14	68985606	rs10135398	0.130997
14	69002988	rs2189517	14	68986036	rs11624097	0.240398
14	69002988	rs2189517	14	68986157	rs11624164	0.23566
14	69002988	rs2189517	14	68986639	rs2107341	0.26682
14	69002988	rs2189517	14	68986999	rs2842339	0.117762
14	69002988	rs2189517	14	68988664	rs71423314	0.264592
14	69002988	rs2189517	14	68989808	rs1023529	0.539686
14	69002988	rs2189517	14	68990008	rs1023530	0.238704
14	69002988	rs2189517	14	68990927	rs59404246	0.122258
14	69002988	rs2189517	14	68991041	rs10137367	0.308846
14	69002988	rs2189517	14	68991286	rs2842338	0.312845
14	69002988	rs2189517	14	68991747	rs34702092	0.269171
14	69002988	rs2189517	14	68991941	rs72727502	0.308846
14	69002988	rs2189517	14	68992974	rs10483810	0.122258
14	69002988	rs2189517	14	68993162	rs11849344	0.308846
14	69002988	rs2189517	14	68993578	rs916962	0.34163
14	69002988	rs2189517	14	68994140	rs12889251	0.269171
14	69002988	rs2189517	14	68994898	rs10147979	0.308846
14	69002988	rs2189517	14	68996466	rs11621276	0.269171
14	69002988	rs2189517	14	68996491	rs9323513	0.995966
14	69002988	rs2189517	14	68996564	rs9323514	0.703499
14	69002988	rs2189517	14	68996731	rs75941876	0.122258
14	69002988	rs2189517	14	68996976	rs12887124	1
14	69002988	rs2189517	14	68997008	rs10133625	0.313105
14	69002988	rs2189517	14	68997009	rs118040061	0.0982328
14	69002988	rs2189517	14	68997296	rs11158749	1
14	69002988	rs2189517	14	68997389	rs10134240	0.308846
14	69002988	rs2189517	14	68997577	rs9323515	0.308846
14	69002988	rs2189517	14	68997635	rs10134446	1
14	69002988	rs2189517	14	68998320	rs2247048	0.34163
14	69002988	rs2189517	14	68999375	rs72729510	0.146277
14	69002988	rs2189517	14	68999832	rs10130177	0.299185
14	69002988	rs2189517	14	69002988	rs2189517	1
14	69002988	rs2189517	14	69003317	rs2525521	0.34163
14	69002988	rs2189517	14	69003504	rs1476586	0.34163
14	69002988	rs2189517	14	69003630	rs142572350	0.308846
14	69002988	rs2189517	14	69003966	rs2525522	0.34163
14	69002988	rs2189517	14	69004042	rs28454359	0.308846
14	69002988	rs2189517	14	69004089	rs71423316	0.271717
14	69002988	rs2189517	14	69004126	rs71423317	0.271276
14	69002988	rs2189517	14	69004215	rs34728022	0.117602
14	69002988	rs2189517	14	69004805	rs7140266	1
14	69002988	rs2189517	14	69005283	rs12882030	0.243658
14	69002988	rs2189517	14	69005614	rs34636650	0.268832
14	69002988	rs2189517	14	69005877	rs72729515	0.146277
14	69002988	rs2189517	14	69005887	rs71423318	0.268832
14	69002988	rs2189517	14	69006185	rs1859302	0.34163
14	69002988	rs2189517	14	69006755	rs11158750	0.243658
14	69002988	rs2189517	14	69006913	rs2525523	0.34163
14	69002988	rs2189517	14	69006922	rs2525524	0.34163
14	69002988	rs2189517	14	69007232	rs17105810	0.299185
14	69002988	rs2189517	14	69007305	rs10483811	0.308846
14	69002988	rs2189517	14	69007332	rs72729517	0.146277
14	69002988	rs2189517	14	69008327	rs17105812	0.299185
14	69002988	rs2189517	14	69008575	rs2525525	0.34163
14	69002988	rs2189517	14	69008693	rs2842333	0.221841
14	69002988	rs2189517	14	69009166	rs2525526	0.34163
14	69002988	rs2189517	14	69009739	rs2525527	0.34163
14	69002988	rs2189517	14	69010690	rs2842331	0.34163
14	69002988	rs2189517	14	69011205	rs17828907	0.268832
14	69002988	rs2189517	14	69011294	rs17828913	0.136081
14	69002988	rs2189517	14	69011946	rs17755925	0.271276
14	69002988	rs2189517	14	69011972	rs2158358	0.222279
14	69002988	rs2189517	14	69012218	rs8017678	0.292612
14	69002988	rs2189517	14	69012457	rs28672240	0.139203
14	69002988	rs2189517	14	69012469	rs17105826	0.144322
14	69002988	rs2189517	14	69012576	rs17105828	0.292612
14	69002988	rs2189517	14	69012905	rs17105829	0.292612
14	69002988	rs2189517	14	69014452	rs2525530	0.953045
14	69002988	rs2189517	14	69016367	rs28671277	0.302423
14	69002988	rs2189517	14	69016645	rs17828955	0.25598
14	69002988	rs2189517	14	69016869	rs17755971	0.136081
14	69002988	rs2189517	14	69017595	rs2842329	0.216396
14	69002988	rs2189517	14	69017843	rs10483812	0.246961
14	69002988	rs2189517	14	69018805	rs28377700	0.293791
14	69002988	rs2189517	14	69019439	rs10148391	0.293579
14	69002988	rs2189517	14	69019538	rs17756000	0.246961
14	69002988	rs2189517	14	69021766	rs2079211	0.216742
14	69002988	rs2189517	14	69022034	rs757370	0.218482
14	69002988	rs2189517	14	69022875	rs28492919	0.279112
14	69002988	rs2189517	14	69023084	rs78002963	0.122258
14	69002988	rs2189517	14	69023215	rs929285	0.217092
14	69002988	rs2189517	14	69023780	rs72729521	0.288629
14	69002988	rs2189517	14	69023999	rs2679	0.654715
14	69002988	rs2189517	14	69024666	rs11267477	0.216742
14	69002988	rs2189517	14	69025726	rs28558877	0.279112
14	69002988	rs2189517	14	69025870	rs2244814	0.130384
14	69002988	rs2189517	14	69026101	rs570250251	0.185057
14	69002988	rs2189517	14	69026200	rs2842328	0.130384
14	69002988	rs2189517	14	69026379	rs11844632	0.294771
14	69002988	rs2189517	14	69027523	rs34882439	0.301118
14	69002988	rs2189517	14	69027866	rs12587232	0.778793
14	69002988	rs2189517	14	69028284	rs78341299	0.118138
14	69002988	rs2189517	14	69028349	rs877506	0.22094
14	69002988	rs2189517	14	69028741	rs17105837	0.220447
14	69002988	rs2189517	14	69028779	rs2842325	0.216054
14	69002988	rs2189517	14	69028973	rs2525504	0.16667
14	69002988	rs2189517	14	69029203	rs2158357	0.264713
14	69002988	rs2189517	14	69029225	rs2040782	0.216054
14	69002988	rs2189517	14	69030484	rs79086300	0.121871
14	69002988	rs2189517	14	69030956	rs12590644	0.198868
14	69002988	rs2189517	14	69031272	rs12586230	0.227514
14	69002988	rs2189517	14	69031284	rs10483813	0.232006
14	69002988	rs2189517	14	69031425	rs11158751	0.647223
14	69002988	rs2189517	14	69031868	rs12588940	0.227907
14	69002988	rs2189517	14	69032989	rs8016149	0.274702
14	69002988	rs2189517	14	69034022	rs542986792	0.193386
14	69002988	rs2189517	14	69034682	rs999737	0.227716
14	69002988	rs2189517	14	69036127	rs17756147	0.228301
14	69002988	rs2189517	14	69037320	rs11628293	0.250198
14	69002988	rs2189517	14	69037521	rs6573841	0.285839
14	69002988	rs2189517	14	69037590	rs9323516	0.114554
14	69002988	rs2189517	14	69038981	rs7146456	0.307966
14	69002988	rs2189517	14	69040807	rs535809782	0.148091
14	69002988	rs2189517	14	69041073	rs113583947	0.1865
14	69002988	rs2189517	14	69041156	rs80007757	0.157418
14	69002988	rs2189517	14	69041337	rs56406888	0.145666
14	69002988	rs2189517	14	69042272	rs76941402	0.157418
14	69002988	rs2189517	14	69042316	rs80044540	0.157418
14	69002988	rs2189517	14	69042991	rs11629070	0.169756
14	69002988	rs2189517	14	69043206	rs79902421	0.185136
14	69002988	rs2189517	14	69043722	rs58253081	0.144031
14	69002988	rs2189517	14	69044222	rs374739046	0.148016
14	69002988	rs2189517	14	69044554	rs79071597	0.180903
14	69002988	rs2189517	14	69045382	rs58592978	0.14275
14	69002988	rs2189517	14	69047006	rs74933543	0.204813
14	69002988	rs2189517	14	69047088	rs143753416	0.142071
14	69002988	rs2189517	14	69047452	rs17829180	0.142071
14	69002988	rs2189517	14	69049885	rs77460539	0.142071
14	69002988	rs2189517	14	69050783	rs35946632	0.136865
14	69002988	rs2189517	14	69054485	rs4902604	0.0903589
14	69002988	rs2189517	14	69055743	rs61985819	0.109342
14	69002988	rs2189517	14	69059451	rs61985820	0.0993246
14	69002988	rs2189517	14	69059620	rs200928664	0.104298
14	69002988	rs2189517	14	69059631	rs144329467	0.104298
14	69002988	rs2189517	14	69059693	rs2257111	0.104298
14	69002988	rs2189517	14	69059791	rs2257116	0.104298
14	69002988	rs2189517	14	69060068	rs2257127	0.104298
14	69002988	rs2189517	14	69060179	rs61985824	0.102989
14	69002988	rs2189517	14	69060202	rs4899246	0.104001
14	69002988	rs2189517	14	69060583	rs59934413	0.102989
14	69002988	rs2189517	14	69062336	rs61985825	0.0904035
14	69002988	rs2189517	14	69063430	rs1547012	0.0965646
14	69002988	rs2189517	14	69067916	rs12894230	0.0914023
14	69002988	rs2189517	14	69068365	rs12878761	0.0945179
14	69030652	rs17105852	14	68904049	rs76390695	0.120195
14	69030652	rs17105852	14	68907848	rs55820001	0.0916784
14	69030652	rs17105852	14	68912782	rs55905601	0.110612
14	69030652	rs17105852	14	68919143	rs2025010	0.194949
14	69030652	rs17105852	14	68923981	rs112639258	0.131732
14	69030652	rs17105852	14	68925192	rs117931926	0.131732
14	69030652	rs17105852	14	68926765	rs113145157	0.131732
14	69030652	rs17105852	14	68929283	rs55792576	0.131732
14	69030652	rs17105852	14	68930741	rs55794864	0.131732
14	69030652	rs17105852	14	68942069	rs78618613	0.131732
14	69030652	rs17105852	14	68942408	rs189019884	0.115278
14	69030652	rs17105852	14	68944321	rs556474946	0.119723
14	69030652	rs17105852	14	68961230	rs144137894	0.156309
14	69030652	rs17105852	14	68963913	rs45568038	0.113169
14	69030652	rs17105852	14	68975380	rs140154766	0.322836
14	69030652	rs17105852	14	68977093	rs117199999	0.46391
14	69030652	rs17105852	14	68978246	rs117301205	0.46391
14	69030652	rs17105852	14	68979554	rs118112416	0.490631
14	69030652	rs17105852	14	68979796	rs75142944	0.490631
14	69030652	rs17105852	14	68984365	rs78380365	0.496975
14	69030652	rs17105852	14	68990590	rs8012659	0.484426
14	69030652	rs17105852	14	68997008	rs10133625	0.0944947
14	69030652	rs17105852	14	68997614	rs56054401	0.484426
14	69030652	rs17105852	14	68998626	rs61985775	0.484426
14	69030652	rs17105852	14	69000348	rs2525520	0.444896
14	69030652	rs17105852	14	69001801	rs727392	0.460033
14	69030652	rs17105852	14	69006916	rs55670604	0.481637
14	69030652	rs17105852	14	69012355	rs2525529	0.805682
14	69030652	rs17105852	14	69015364	rs61985777	0.490631
14	69030652	rs17105852	14	69017370	rs77643939	0.979625
14	69030652	rs17105852	14	69019162	rs116184130	1
14	69030652	rs17105852	14	69020325	rs56147515	0.979625
14	69030652	rs17105852	14	69020490	rs114221359	1
14	69030652	rs17105852	14	69022724	rs56026252	1
14	69030652	rs17105852	14	69024261	rs55982127	1
14	69030652	rs17105852	14	69025645	rs56239917	1
14	69030652	rs17105852	14	69025870	rs2244814	0.093848
14	69030652	rs17105852	14	69026200	rs2842328	0.093848
14	69030652	rs17105852	14	69026379	rs11844632	0.164911
14	69030652	rs17105852	14	69026388	rs114015257	1
14	69030652	rs17105852	14	69027523	rs34882439	0.161829
14	69030652	rs17105852	14	69028881	rs17829021	1
14	69030652	rs17105852	14	69028973	rs2525504	0.131975
14	69030652	rs17105852	14	69030652	rs17105852	1
14	69030652	rs17105852	14	69034240	rs114826381	1
14	69030652	rs17105852	14	69035499	rs115034849	1
14	69030652	rs17105852	14	69036429	rs116134813	1
14	69030652	rs17105852	14	69037441	rs12100794	1
14	69030652	rs17105852	14	69037937	rs6573842	0.127019
14	69030652	rs17105852	14	69038141	rs2525506	0.695098
14	69030652	rs17105852	14	69039046	rs11621880	0.118876
14	69030652	rs17105852	14	69039588	rs8009944	0.118876
14	69030652	rs17105852	14	69040078	rs10130694	0.117004
14	69030652	rs17105852	14	69040857	rs112783884	0.201805
14	69030652	rs17105852	14	69041332	rs4902602	0.1969
14	69030652	rs17105852	14	69042668	rs8017001	0.198662
14	69030652	rs17105852	14	69051900	rs761944	0.199572
14	69126744	rs7141529	14	69073972	rs17834947	0.140905
14	69126744	rs7141529	14	69074016	rs10143573	0.0950324
14	69126744	rs7141529	14	69074592	rs4902612	0.0932516
14	69126744	rs7141529	14	69074684	rs4902613	0.109411
14	69126744	rs7141529	14	69075778	rs58015193	0.125554
14	69126744	rs7141529	14	69077167	rs17106005	0.111224
14	69126744	rs7141529	14	69077248	rs17106008	0.111224
14	69126744	rs7141529	14	69077386	rs17106011	0.111224
14	69126744	rs7141529	14	69077442	rs55990521	0.111895
14	69126744	rs7141529	14	69077457	rs17106012	0.111895
14	69126744	rs7141529	14	69077594	rs56173515	0.121729
14	69126744	rs7141529	14	69077688	rs17834971	0.134758
14	69126744	rs7141529	14	69077699	rs56104115	0.134758
14	69126744	rs7141529	14	69078518	rs4902615	0.111895
14	69126744	rs7141529	14	69078601	rs566697898;rs11305901	0.108007
14	69126744	rs7141529	14	69078998	rs7153168	0.111895
14	69126744	rs7141529	14	69079178	rs7153395	0.222475
14	69126744	rs7141529	14	69079412	rs72729553	0.111895
14	69126744	rs7141529	14	69080066	rs61987066	0.214131
14	69126744	rs7141529	14	69080135	rs112036417	0.223488
14	69126744	rs7141529	14	69080291	rs111648111	0.132595
14	69126744	rs7141529	14	69080450	rs12588477	0.103616
14	69126744	rs7141529	14	69081179	rs10143415	0.169001
14	69126744	rs7141529	14	69081273	rs4899247	0.113645
14	69126744	rs7141529	14	69081774	rs2877493	0.169001
14	69126744	rs7141529	14	69081917	rs2331779	0.169001
14	69126744	rs7141529	14	69082625	rs61224239	0.210635
14	69126744	rs7141529	14	69082938	rs10136390	0.17828
14	69126744	rs7141529	14	69084431	rs72729557	0.0944204
14	69126744	rs7141529	14	69084976	rs8009865	0.206097
14	69126744	rs7141529	14	69085085	rs8010030	0.111326
14	69126744	rs7141529	14	69085123	rs8010235	0.268384
14	69126744	rs7141529	14	69085713	rs2331780	0.18907
14	69126744	rs7141529	14	69085934	rs8011917	0.160301
14	69126744	rs7141529	14	69086035	rs33973826	0.178264
14	69126744	rs7141529	14	69086178	rs371609592	0.517427
14	69126744	rs7141529	14	69086516	rs8016840	0.111326
14	69126744	rs7141529	14	69086593	rs61987069	0.220888
14	69126744	rs7141529	14	69087062	rs17106039	0.168282
14	69126744	rs7141529	14	69088284	rs17106049	0.229977
14	69126744	rs7141529	14	69088405	rs12882449	0.277536
14	69126744	rs7141529	14	69088513	rs5809387	0.111326
14	69126744	rs7141529	14	69088579	rs8009151	0.229977
14	69126744	rs7141529	14	69088640	rs61987070	0.220888
14	69126744	rs7141529	14	69088906	rs61987071	0.220888
14	69126744	rs7141529	14	69088909	rs17756585	0.0944204
14	69126744	rs7141529	14	69088991	rs10483815	0.277536
14	69126744	rs7141529	14	69089486	rs761951	0.111326
14	69126744	rs7141529	14	69089625	rs8014901	0.229977
14	69126744	rs7141529	14	69089765	rs17756615	0.277536
14	69126744	rs7141529	14	69089903	rs12890235	0.277536
14	69126744	rs7141529	14	69090437	rs17756627	0.0944204
14	69126744	rs7141529	14	69090512	rs8009034	0.111326
14	69126744	rs7141529	14	69090796	rs8010921	0.111326
14	69126744	rs7141529	14	69091689	rs4902619	0.0944204
14	69126744	rs7141529	14	69092567	rs6573846	0.114817
14	69126744	rs7141529	14	69093637	rs8007479	0.164269
14	69126744	rs7141529	14	69093707	rs2273486	0.279535
14	69126744	rs7141529	14	69094403	rs61987100	0.134964
14	69126744	rs7141529	14	69095099	rs2273485	0.108063
14	69126744	rs7141529	14	69095288	rs2145155	0.10973
14	69126744	rs7141529	14	69095474	rs72729562	0.120224
14	69126744	rs7141529	14	69095504	rs4902620	0.112566
14	69126744	rs7141529	14	69095766	rs12893179	0.198699
14	69126744	rs7141529	14	69096896	rs10694427	0.142158
14	69126744	rs7141529	14	69097416	rs17106069	0.126959
14	69126744	rs7141529	14	69098633	rs7152224	0.194555
14	69126744	rs7141529	14	69098680	rs7152522	0.118514
14	69126744	rs7141529	14	69098681	rs7152382	0.197848
14	69126744	rs7141529	14	69098816	rs7153037	0.118514
14	69126744	rs7141529	14	69098915	rs7154244	0.118514
14	69126744	rs7141529	14	69100618	rs12890882	0.369638
14	69126744	rs7141529	14	69101200	rs4899249	0.118514
14	69126744	rs7141529	14	69101398	rs68065132	0.194555
14	69126744	rs7141529	14	69101987	rs7144613	0.12152
14	69126744	rs7141529	14	69103299	rs532668423	0.190967
14	69126744	rs7141529	14	69103560	rs4902621	0.118514
14	69126744	rs7141529	14	69104743	rs6573847	0.122794
14	69126744	rs7141529	14	69105341	rs7140554	0.194247
14	69126744	rs7141529	14	69106108	rs4643253	0.494403
14	69126744	rs7141529	14	69106121	rs4516148	0.146454
14	69126744	rs7141529	14	69106142	rs11297088	0.131038
14	69126744	rs7141529	14	69106333	rs8009398	0.142689
14	69126744	rs7141529	14	69106738	rs7147776	0.131038
14	69126744	rs7141529	14	69106934	rs182916012;rs67174950	0.246898
14	69126744	rs7141529	14	69108086	rs12436964	0.182465
14	69126744	rs7141529	14	69108290	rs11158754	0.201499
14	69126744	rs7141529	14	69108415	rs11158755	0.201499
14	69126744	rs7141529	14	69108556	rs11158756	0.201499
14	69126744	rs7141529	14	69108789	rs10151145	0.142689
14	69126744	rs7141529	14	69108952	rs11629204	0.201499
14	69126744	rs7141529	14	69109381	rs12435141	0.371937
14	69126744	rs7141529	14	69109903	rs10873215	0.201499
14	69126744	rs7141529	14	69110530	rs6573848	0.127337
14	69126744	rs7141529	14	69111114	rs4902624	0.131038
14	69126744	rs7141529	14	69112639	rs141427863	0.153759
14	69126744	rs7141529	14	69112718	rs61987112	0.148079
14	69126744	rs7141529	14	69112781	rs532053864;rs146646503	0.132296
14	69126744	rs7141529	14	69113475	rs10149893	0.149965
14	69126744	rs7141529	14	69113517	rs61987113	0.201727
14	69126744	rs7141529	14	69114465	rs61987115	0.148079
14	69126744	rs7141529	14	69114721	rs374934304	0.132174
14	69126744	rs7141529	14	69114789	rs116988664	0.319193
14	69126744	rs7141529	14	69114803	rs199695080	0.130577
14	69126744	rs7141529	14	69114885	rs116814518	0.371662
14	69126744	rs7141529	14	69115670	rs61987118	0.201727
14	69126744	rs7141529	14	69115907	rs7148690	0.131038
14	69126744	rs7141529	14	69116676	rs8016988	0.363506
14	69126744	rs7141529	14	69117751	rs4902625	0.131038
14	69126744	rs7141529	14	69118241	rs4902626	0.198842
14	69126744	rs7141529	14	69118621	rs4899250	0.200585
14	69126744	rs7141529	14	69118682	rs2064825	0.130577
14	69126744	rs7141529	14	69118966	rs17106102	0.130577
14	69126744	rs7141529	14	69119193	rs11627234	0.229217
14	69126744	rs7141529	14	69119763	rs10483817	0.374537
14	69126744	rs7141529	14	69120073	rs61095830	0.224202
14	69126744	rs7141529	14	69120090	rs143977628	0.209432
14	69126744	rs7141529	14	69120091	rs11626487	0.216544
14	69126744	rs7141529	14	69120106	rs55999243	0.13212
14	69126744	rs7141529	14	69120485	rs2180611	0.131269
14	69126744	rs7141529	14	69121663	rs55767067	0.222096
14	69126744	rs7141529	14	69121664	rs1884811	0.131271
14	69126744	rs7141529	14	69121847	rs541277717;rs541277717;rs34637996	0.757072
14	69126744	rs7141529	14	69122314	rs2877496	0.232726
14	69126744	rs7141529	14	69122391	rs12895438	0.132963
14	69126744	rs7141529	14	69122797	rs79829238	0.122015
14	69126744	rs7141529	14	69123152	rs111424496	0.233724
14	69126744	rs7141529	14	69123405	rs4902627	0.414617
14	69126744	rs7141529	14	69123760	rs8006682	0.409311
14	69126744	rs7141529	14	69123935	rs8006890	0.234553
14	69126744	rs7141529	14	69124812	rs12435831	0.404146
14	69126744	rs7141529	14	69125795	rs17756782	0.404146
14	69126744	rs7141529	14	69126036	rs12437314	0.404146
14	69126744	rs7141529	14	69126744	rs7141529	1
14	69126744	rs7141529	14	69126756	rs7140546	0.254081
14	69126744	rs7141529	14	69127085	rs77685489	0.121308
14	69126744	rs7141529	14	69127385	rs17756800	0.121308
14	69126744	rs7141529	14	69127952	rs4420467	0.102003
14	69126744	rs7141529	14	69128085	rs11846143	0.102003
14	69126744	rs7141529	14	69128190	rs7350738	0.766965
14	69126744	rs7141529	14	69128195	rs10135342	0.236416
14	69126744	rs7141529	14	69129062	rs1474960	0.177672
14	69126744	rs7141529	14	69129780	rs2145151	0.243738
14	69126744	rs7141529	14	69129808	rs2145150	0.333212
14	69126744	rs7141529	14	69130027	rs66728025	0.20547
14	69126744	rs7141529	14	69130070	rs6573849	0.143907
14	69126744	rs7141529	14	69130376	rs2877497	0.333203
14	69126744	rs7141529	14	69130455	rs2877498	0.333203
14	69126744	rs7141529	14	69130579	rs2024945	0.121308
14	69126744	rs7141529	14	69130588	rs2024944	0.143907
14	69126744	rs7141529	14	69131416	rs10150973	0.125086
14	69126744	rs7141529	14	69131593	rs11629144	0.254081
14	69126744	rs7141529	14	69131962	rs17835218	0.155619
14	69126744	rs7141529	14	69132264	rs17106118	0.188402
14	69126744	rs7141529	14	69133268	rs4902628	0.603424
14	69126744	rs7141529	14	69133570	rs1884810	0.230343
14	69126744	rs7141529	14	69134134	rs371294796	0.121308
14	69126744	rs7141529	14	69134264	rs767127	0.956408
14	69126744	rs7141529	14	69134530	rs11623966	0.239016
14	69126744	rs7141529	14	69134899	rs17835244	0.123757
14	69126744	rs7141529	14	69135404	rs79009704	0.119932
14	69126744	rs7141529	14	69135467	rs1547011	0.541092
14	69126744	rs7141529	14	69135753	rs7141573	0.0918441
