CHR_A	BP_A	SNP_A	CHR_B	BP_B	SNP_B	R2
12	115084059	rs61933115	12	115044717	rs144116066	0.0994657
12	115084059	rs61933115	12	115044820	rs555109754	0.154533
12	115084059	rs61933115	12	115044990	rs554056471	0.170769
12	115084059	rs61933115	12	115047254	rs11067203	0.198315
12	115084059	rs61933115	12	115047763	rs7974261	0.302827
12	115084059	rs61933115	12	115050411	rs11067206	0.198315
12	115084059	rs61933115	12	115053310	rs12298473	0.117378
12	115084059	rs61933115	12	115054002	rs144916783	0.12673
12	115084059	rs61933115	12	115054815	rs7313678	0.0919912
12	115084059	rs61933115	12	115055400	rs527238310	0.103181
12	115084059	rs61933115	12	115056403	rs78242069	0.100495
12	115084059	rs61933115	12	115057073	rs16944538	0.100495
12	115084059	rs61933115	12	115058452	rs7968307	0.218795
12	115084059	rs61933115	12	115058467	rs7965375	0.103614
12	115084059	rs61933115	12	115059121	rs534695733	0.12012
12	115084059	rs61933115	12	115059703	rs7134056	0.103614
12	115084059	rs61933115	12	115060246	rs7311627	0.31221
12	115084059	rs61933115	12	115061325	rs10850355	0.31221
12	115084059	rs61933115	12	115063859	rs563751698	0.109436
12	115084059	rs61933115	12	115064461	rs66592763	0.32744
12	115084059	rs61933115	12	115065602	rs145347628	0.103088
12	115084059	rs61933115	12	115065669	rs7310879	0.103088
12	115084059	rs61933115	12	115067780	rs7955325	0.332366
12	115084059	rs61933115	12	115067849	rs7980669	0.332366
12	115084059	rs61933115	12	115067935	rs10450724	0.132497
12	115084059	rs61933115	12	115068097	rs57501298	0.099169
12	115084059	rs61933115	12	115068118	rs146667434	0.130731
12	115084059	rs61933115	12	115069830	rs10450725	0.132497
12	115084059	rs61933115	12	115069912	rs10450726	0.550129
12	115084059	rs61933115	12	115070877	rs6489964	0.8285
12	115084059	rs61933115	12	115070906	rs73195092	0.099169
12	115084059	rs61933115	12	115071512	rs4767247	0.550129
12	115084059	rs61933115	12	115071586	rs564234537	0.146382
12	115084059	rs61933115	12	115071862	rs7131899	0.547328
12	115084059	rs61933115	12	115072162	rs113690976	0.251989
12	115084059	rs61933115	12	115073813	rs7955141	0.60548
12	115084059	rs61933115	12	115073923	rs55733169	0.260339
12	115084059	rs61933115	12	115073924	rs7958405	0.60548
12	115084059	rs61933115	12	115074140	rs56401622	0.248619
12	115084059	rs61933115	12	115074415	rs9651904	0.612908
12	115084059	rs61933115	12	115075793	rs2384477	0.633762
12	115084059	rs61933115	12	115078139	rs7139090	0.319515
12	115084059	rs61933115	12	115078384	rs7309977	0.6512
12	115084059	rs61933115	12	115078850	rs11338429	0.387122
12	115084059	rs61933115	12	115078935	rs200880273;rs10590363	0.389407
12	115084059	rs61933115	12	115079592	rs6489966	0.646618
12	115084059	rs61933115	12	115082133	rs7296431	0.371215
12	115084059	rs61933115	12	115082278	rs4608128	0.371215
12	115084059	rs61933115	12	115082497	rs4497452	0.371215
12	115084059	rs61933115	12	115082645	rs67373156	0.370108
12	115084059	rs61933115	12	115082916	rs75498932	0.377614
12	115084059	rs61933115	12	115083084	rs6489967	0.377614
12	115084059	rs61933115	12	115083647	rs367905258	0.427911
12	115084059	rs61933115	12	115084057	rs61933114	0.377614
12	115084059	rs61933115	12	115084059	rs61933115	1
12	115084059	rs61933115	12	115084347	rs7296366	0.659715
12	115084059	rs61933115	12	115084396	rs12580972	0.317555
12	115084059	rs61933115	12	115085010	rs12581328	0.657276
12	115084059	rs61933115	12	115085267	rs55926131	0.646816
12	115084059	rs61933115	12	115085784	rs57918615	0.37373
12	115084059	rs61933115	12	115086078	rs11067218	0.393433
12	115084059	rs61933115	12	115087271	rs10850359	0.10651
