CHR_A	BP_A	SNP_A	CHR_B	BP_B	SNP_B	R2
11	102401661	rs11568818	11	102385208	rs569042	0.115544
11	102401661	rs11568818	11	102385707	rs641883	0.120956
11	102401661	rs11568818	11	102386076	rs643281	0.123859
11	102401661	rs11568818	11	102390643	rs11423172	0.128448
11	102401661	rs11568818	11	102391287	rs17886371	0.109328
11	102401661	rs11568818	11	102391425	rs14983	0.206617
11	102401661	rs11568818	11	102391667	rs17880780	0.326023
11	102401661	rs11568818	11	102392380	rs2187364	0.207699
11	102401661	rs11568818	11	102392656	rs2156528	0.203861
11	102401661	rs11568818	11	102392988	rs17880914	0.104696
11	102401661	rs11568818	11	102393055	rs17352054	0.199405
11	102401661	rs11568818	11	102393547	rs11225303	0.203861
11	102401661	rs11568818	11	102394291	rs11225304	0.203861
11	102401661	rs11568818	11	102395492	rs139661575	0.215072
11	102401661	rs11568818	11	102396247	rs1996352	0.198197
11	102401661	rs11568818	11	102396494	rs61047680	0.503739
11	102401661	rs11568818	11	102396607	rs12285347	0.987851
11	102401661	rs11568818	11	102396954	rs200101403	0.130727
11	102401661	rs11568818	11	102396973	rs12419959	0.130727
11	102401661	rs11568818	11	102397596	rs11225307	0.205203
11	102401661	rs11568818	11	102398434	rs17884405	0.205875
11	102401661	rs11568818	11	102398436	rs17884615	0.205875
11	102401661	rs11568818	11	102398593	rs10502001	0.203861
11	102401661	rs11568818	11	102398986	rs10750646	0.121571
11	102401661	rs11568818	11	102399478	rs11225308	0.237694
11	102401661	rs11568818	11	102399590	rs12575975	0.186355
11	102401661	rs11568818	11	102399596	rs17878383	0.101828
11	102401661	rs11568818	11	102400336	rs11225309	0.20454
11	102401661	rs11568818	11	102400624	rs10895306	0.205875
11	102401661	rs11568818	11	102400768	rs10895307	0.205875
11	102401661	rs11568818	11	102401083	rs2408390	0.205875
11	102401661	rs11568818	11	102401633	rs11568819	0.0904036
11	102401661	rs11568818	11	102401661	rs11568818	1
11	102401661	rs11568818	11	102402858	rs17098318	0.645339
11	102401661	rs11568818	11	102403253	rs17881620	0.43696
11	102401661	rs11568818	11	102403575	rs10895308	0.236297
11	102401661	rs11568818	11	102404491	rs2408391	0.204863
11	102401661	rs11568818	11	102404958	rs72982145	0.113405
11	102401661	rs11568818	11	102405671	rs880197	0.208638
11	102401661	rs11568818	11	102405965	rs1943778	0.109328
11	102401661	rs11568818	11	102407191	rs1943779	0.528781
11	102401661	rs11568818	11	102407552	rs7946323	0.21002
11	102401661	rs11568818	11	102408205	rs7128808	0.148481
11	102401661	rs11568818	11	102409080	rs4754850	0.18016
11	102401661	rs11568818	11	102409527	rs4754851	0.0932155
11	102401661	rs11568818	11	102410091	rs4754852	0.179747
11	102401661	rs11568818	11	102411045	rs576930364	0.108583
11	102401661	rs11568818	11	102411090	rs7930746	0.179747
11	102401661	rs11568818	11	102411677	rs531862324	0.112161
11	102401661	rs11568818	11	102412079	rs7934632	0.3884
11	102401661	rs11568818	11	102412085	rs7924870	0.181668
11	102401661	rs11568818	11	102413123	rs10791578	0.172802
11	102401661	rs11568818	11	102413943	rs11603486	0.26684
11	102401661	rs11568818	11	102414289	rs142869543	0.136477
11	102401661	rs11568818	11	102415001	rs7946641	0.312523
11	102401661	rs11568818	11	102415859	rs938595	0.154577
11	102401661	rs11568818	11	102417952	rs2408393	0.0932406
11	102401661	rs11568818	11	102418364	rs11225314	0.0968197
11	102401661	rs11568818	11	102419691	rs10895309	0.0913856
11	102401661	rs11568818	11	102419819	rs10895310	0.0913856
11	102401661	rs11568818	11	102419820	rs10895311	0.0913856
11	102401661	rs11568818	11	102421892	rs1940044	0.233981
11	102401661	rs11568818	11	102429620	rs67702963	0.155243
11	102401661	rs11568818	11	102430005	rs68181448	0.152189
11	102401661	rs11568818	11	102430108	rs12807781	0.155243
11	102401661	rs11568818	11	102430209	rs12796179	0.155243
11	102401661	rs11568818	11	102431036	rs7119108	0.114206
11	102401661	rs11568818	11	102431366	rs11225322	0.0928086
11	102401661	rs11568818	11	102431842	rs76000784	0.0933871
11	102401661	rs11568818	11	102436210	rs2408396	0.187365
11	102401661	rs11568818	11	102443273	rs11225329	0.0953698
