CHR_A	BP_A	SNP_A	CHR_B	BP_B	SNP_B	R2
14	61122526	rs7153648	14	61024723	rs5809066	0.449871
14	61122526	rs7153648	14	61024867	rs1989477	0.449871
14	61122526	rs7153648	14	61027198	rs79364438	0.446513
14	61122526	rs7153648	14	61027510	rs1015119	0.449871
14	61122526	rs7153648	14	61028271	rs1955696	0.449871
14	61122526	rs7153648	14	61028435	rs1955697	0.449871
14	61122526	rs7153648	14	61028844	rs17097645	0.132384
14	61122526	rs7153648	14	61029084	rs713449	0.449871
14	61122526	rs7153648	14	61029936	rs1955698	0.584971
14	61122526	rs7153648	14	61031284	rs10150234	0.584971
14	61122526	rs7153648	14	61031648	rs10782440	0.449871
14	61122526	rs7153648	14	61031989	rs71114114	0.125155
14	61122526	rs7153648	14	61032390	rs11158289	0.584971
14	61122526	rs7153648	14	61032620	rs11158290	0.449871
14	61122526	rs7153648	14	61032729	rs147772500	0.132384
14	61122526	rs7153648	14	61032909	rs7144656	0.449871
14	61122526	rs7153648	14	61033236	rs115260219	0.132384
14	61122526	rs7153648	14	61034186	rs11158291	0.449871
14	61122526	rs7153648	14	61034416	rs12436632	0.584971
14	61122526	rs7153648	14	61035024	rs10873125	0.449871
14	61122526	rs7153648	14	61035968	rs4381505	0.584971
14	61122526	rs7153648	14	61036245	rs11356824	0.442648
14	61122526	rs7153648	14	61036254	rs10580709	0.442648
14	61122526	rs7153648	14	61036692	rs76725616	0.132384
14	61122526	rs7153648	14	61037163	rs9743622	0.449871
14	61122526	rs7153648	14	61037451	rs71114116	0.584971
14	61122526	rs7153648	14	61037801	rs11627533	0.449871
14	61122526	rs7153648	14	61037976	rs79810465	0.132384
14	61122526	rs7153648	14	61038153	rs11628559	0.449871
14	61122526	rs7153648	14	61038423	rs67444392	0.174649
14	61122526	rs7153648	14	61038944	rs1884098	0.449871
14	61122526	rs7153648	14	61039015	rs3047540	0.449871
14	61122526	rs7153648	14	61039403	rs10142401	0.577259
14	61122526	rs7153648	14	61039476	rs10483726	0.449871
14	61122526	rs7153648	14	61041024	rs17097653	0.132384
14	61122526	rs7153648	14	61041324	rs79829663	0.132384
14	61122526	rs7153648	14	61041956	rs10142927	0.584971
14	61122526	rs7153648	14	61042091	rs12886086	0.449871
14	61122526	rs7153648	14	61042354	rs371600893	0.0933361
14	61122526	rs7153648	14	61042669	rs201365818	0.132384
14	61122526	rs7153648	14	61043183	rs11158292	0.449871
14	61122526	rs7153648	14	61044080	rs140391240	0.449871
14	61122526	rs7153648	14	61045686	rs188930846	0.132384
14	61122526	rs7153648	14	61045943	rs115279551	0.132384
14	61122526	rs7153648	14	61045989	rs1955699	0.449871
14	61122526	rs7153648	14	61046481	rs1955700	0.584971
14	61122526	rs7153648	14	61046687	rs8015462	0.449871
14	61122526	rs7153648	14	61048844	rs1950319	0.449871
14	61122526	rs7153648	14	61049062	rs71114120	0.336571
14	61122526	rs7153648	14	61049783	rs147795433	0.449871
14	61122526	rs7153648	14	61050397	rs11844841	0.277898
14	61122526	rs7153648	14	61051459	rs115294515	0.132384
14	61122526	rs7153648	14	61052606	rs147990105	0.132384
14	61122526	rs7153648	14	61052706	rs150630671	0.457269
14	61122526	rs7153648	14	61052725	rs58586625	0.132384
14	61122526	rs7153648	14	61053061	rs8004736	0.457269
14	61122526	rs7153648	14	61055466	rs2179971	0.592843
14	61122526	rs7153648	14	61055940	rs10148202	0.457269
14	61122526	rs7153648	14	61056920	rs147009434	0.581644
14	61122526	rs7153648	14	61056926	rs369661441	0.0973385
14	61122526	rs7153648	14	61056975	rs373113520	0.134424
14	61122526	rs7153648	14	61057396	rs374970626	0.421711
14	61122526	rs7153648	14	61058029	rs6573316	0.457269
14	61122526	rs7153648	14	61058610	rs11846061	0.405042
14	61122526	rs7153648	14	61059153	rs7156107	0.405042
14	61122526	rs7153648	14	61059818	rs117567188	0.132384
14	61122526	rs7153648	14	61061034	rs761556	0.457269
14	61122526	rs7153648	14	61062030	rs116083288	0.132384
14	61122526	rs7153648	14	61062890	rs2092722	0.592843
14	61122526	rs7153648	14	61063331	rs575589907	0.0970699
14	61122526	rs7153648	14	61063333	rs138298867	0.367198
14	61122526	rs7153648	14	61063699	rs74502761	0.404377
14	61122526	rs7153648	14	61063771	rs10133871	0.592843
14	61122526	rs7153648	14	61064210	rs2144114	0.457269
14	61122526	rs7153648	14	61064429	rs117489615	0.132384
14	61122526	rs7153648	14	61065025	rs4901991	0.457269
14	61122526	rs7153648	14	61065732	rs79872163	0.132384
14	61122526	rs7153648	14	61066043	rs10143118	0.457269
14	61122526	rs7153648	14	61066612	rs117209765	0.132384
14	61122526	rs7153648	14	61066730	rs2351175	0.457269
14	61122526	rs7153648	14	61067022	rs4243618	0.457269
14	61122526	rs7153648	14	61067834	rs148723411	0.22112
14	61122526	rs7153648	14	61068476	rs7157540	0.592843
14	61122526	rs7153648	14	61068725	rs7159212	0.457269
14	61122526	rs7153648	14	61069351	rs4141684	0.592843
14	61122526	rs7153648	14	61072658	rs28711886	0.113914
14	61122526	rs7153648	14	61072875	rs10483727	0.110715
14	61122526	rs7153648	14	61073731	rs2351176	0.457269
14	61122526	rs7153648	14	61074277	rs117862388	0.132384
14	61122526	rs7153648	14	61074301	rs1955702	0.592843
14	61122526	rs7153648	14	61074540	rs78271964	0.132384
14	61122526	rs7153648	14	61075069	rs138874725	0.132384
14	61122526	rs7153648	14	61075294	rs117298968	0.132384
14	61122526	rs7153648	14	61077022	rs2057135	0.592843
14	61122526	rs7153648	14	61077484	rs761557	0.584971
14	61122526	rs7153648	14	61077496	rs77636526	0.132384
14	61122526	rs7153648	14	61080509	rs117837406	0.132384
14	61122526	rs7153648	14	61080965	rs59901460	0.132384
14	61122526	rs7153648	14	61081453	rs4901993	0.592843
14	61122526	rs7153648	14	61081825	rs148413403	0.132384
14	61122526	rs7153648	14	61081961	rs10143831	0.592843
14	61122526	rs7153648	14	61082026	rs142502050	0.132384
14	61122526	rs7153648	14	61082357	rs8008804	0.457269
14	61122526	rs7153648	14	61083334	rs10147346	0.592843
14	61122526	rs7153648	14	61083662	rs2038277	0.457269
14	61122526	rs7153648	14	61084285	rs71833952	0.467813
14	61122526	rs7153648	14	61085205	rs10142842	0.592843
14	61122526	rs7153648	14	61085510	rs67651118	0.279882
14	61122526	rs7153648	14	61087135	rs76002555	0.132384
14	61122526	rs7153648	14	61087740	rs7156317	0.592843
14	61122526	rs7153648	14	61087837	rs11340874	0.592843
14	61122526	rs7153648	14	61087985	rs6573318	0.457269
14	61122526	rs7153648	14	61090202	rs4901994	0.457269
14	61122526	rs7153648	14	61090629	rs4901995	0.457269
14	61122526	rs7153648	14	61091336	rs148588222	0.132384
14	61122526	rs7153648	14	61091401	rs34935520	0.114168
14	61122526	rs7153648	14	61091433	rs142363218	0.132384
14	61122526	rs7153648	14	61091913	rs6573319	0.592843
14	61122526	rs7153648	14	61092022	rs6573320	0.457269
14	61122526	rs7153648	14	61092702	rs532615090	0.544999
14	61122526	rs7153648	14	61093246	rs8020867	0.592843
14	61122526	rs7153648	14	61093261	rs115205283	0.132384
14	61122526	rs7153648	14	61093441	rs33921017	0.592843
14	61122526	rs7153648	14	61093560	rs1955686	0.457269
14	61122526	rs7153648	14	61094365	rs140218129	0.334827
14	61122526	rs7153648	14	61095174	rs35155027	0.11411
14	61122526	rs7153648	14	61096396	rs147865872	0.148537
14	61122526	rs7153648	14	61096436	rs80134625	0.132384
14	61122526	rs7153648	14	61096879	rs2882601	0.592843
14	61122526	rs7153648	14	61097410	rs151060037	0.132384
14	61122526	rs7153648	14	61097779	rs4640083	0.457269
14	61122526	rs7153648	14	61098624	rs767602	0.592843
14	61122526	rs7153648	14	61098683	rs767603	0.592843
14	61122526	rs7153648	14	61099261	rs7153263	0.592843
14	61122526	rs7153648	14	61100129	rs149456935	0.132384
14	61122526	rs7153648	14	61100290	rs57353715	0.132384
14	61122526	rs7153648	14	61100532	rs4417488	0.592843
14	61122526	rs7153648	14	61100892	rs10145546	0.592843
14	61122526	rs7153648	14	61101089	rs10148116	0.592843
14	61122526	rs7153648	14	61101710	rs6573321	0.592843
14	61122526	rs7153648	14	61101711	rs11308470	0.478422
14	61122526	rs7153648	14	61103860	rs1040619	0.132384
14	61122526	rs7153648	14	61104536	rs74921601	0.446513
14	61122526	rs7153648	14	61104738	rs8014133	0.615433
14	61122526	rs7153648	14	61105635	rs3783821	0.569996
14	61122526	rs7153648	14	61105812	rs148813294	0.132384
14	61122526	rs7153648	14	61105917	rs56095254	0.354996
14	61122526	rs7153648	14	61106019	rs2057136	0.280195
14	61122526	rs7153648	14	61106021	rs3933220	0.599686
14	61122526	rs7153648	14	61106699	rs8005621	0.615433
14	61122526	rs7153648	14	61106731	rs141852627	0.132384
14	61122526	rs7153648	14	61106834	rs59293895	0.132384
14	61122526	rs7153648	14	61106928	rs150606664	0.132384
14	61122526	rs7153648	14	61107662	rs11376858	0.540367
14	61122526	rs7153648	14	61108825	rs35320790	0.113064
14	61122526	rs7153648	14	61109020	rs11158293	0.489095
14	61122526	rs7153648	14	61109543	rs761555	0.489095
14	61122526	rs7153648	14	61110627	rs7156375	0.656302
14	61122526	rs7153648	14	61110634	rs7156379	0.516448
14	61122526	rs7153648	14	61111223	rs10689648	0.656302
14	61122526	rs7153648	14	61112234	rs33943216	0.137908
14	61122526	rs7153648	14	61112667	rs10144415	0.656302
14	61122526	rs7153648	14	61112735	rs112733948	0.132499
14	61122526	rs7153648	14	61116207	rs148258174	0.123117
14	61122526	rs7153648	14	61117882	rs6573322	0.53613
14	61122526	rs7153648	14	61118111	rs11330200	0.53613
14	61122526	rs7153648	14	61118783	rs4899014	0.748414
14	61122526	rs7153648	14	61120998	rs4141685	0.814165
14	61122526	rs7153648	14	61122040	rs7152548	0.814165
14	61122526	rs7153648	14	61122526	rs7153648	1
14	61122526	rs7153648	14	61124940	rs10143202	0.84975
14	61122526	rs7153648	14	61126036	rs4899015	0.368467
14	61122526	rs7153648	14	61126808	rs10747297	0.29701
14	61122526	rs7153648	14	61127165	rs8003272	0.317206
14	61122526	rs7153648	14	61127502	rs59042540	0.167632
14	61122526	rs7153648	14	61127916	rs7143029	0.29701
14	61122526	rs7153648	14	61130258	rs10145052	0.378853
14	61122526	rs7153648	14	61132558	rs7160731	0.368467
14	61122526	rs7153648	14	61132667	rs7161190	0.29701
14	61122526	rs7153648	14	61132694	rs7161207	0.29701
14	61122526	rs7153648	14	61133161	rs71833272	0.368467
14	61122526	rs7153648	14	61133218	rs180834989	0.113906
14	61122526	rs7153648	14	61133443	rs6573324	0.29701
14	61122526	rs7153648	14	61134375	rs12888664	0.29701
14	61122526	rs7153648	14	61136145	rs12880283	0.307086
14	61122526	rs7153648	14	61139331	rs11158295	0.307086
14	61122526	rs7153648	14	61139445	rs7160100	0.163771
14	61122526	rs7153648	14	61139552	rs11158296	0.378853
14	61122526	rs7153648	14	61139721	rs11629268	0.378853
14	61122526	rs7153648	14	61139803	rs11625207	0.378853
14	61122526	rs7153648	14	61140643	rs10137704;rs566667870	0.307086
14	61122526	rs7153648	14	61140963	rs35161220	0.353436
14	61122526	rs7153648	14	61141749	rs8003329	0.378853
14	61122526	rs7153648	14	61142280	rs7147182	0.293995
14	61122526	rs7153648	14	61142508	rs7146576	0.378853
14	61122526	rs7153648	14	61143058	rs12589826	0.378853
14	61122526	rs7153648	14	61143482	rs10147085	0.378853
14	61122526	rs7153648	14	61144272	rs568702832;rs10533969	0.182667
14	61122526	rs7153648	14	61145875	rs1074727	0.213123
14	61122526	rs7153648	14	61145878	rs726077	0.213123
14	61122526	rs7153648	14	61146342	rs726076	0.378853
14	61122526	rs7153648	14	61147334	rs60211731	0.189781
14	61122526	rs7153648	14	61148081	rs11158297	0.307086
14	61122526	rs7153648	14	61148166	rs11158298	0.307086
14	61122526	rs7153648	14	61150559	rs148897738	0.245949
14	61122526	rs7153648	14	61150615	rs8004496	0.28391
14	61122526	rs7153648	14	61152126	rs10873127	0.28391
14	61122526	rs7153648	14	61152692	rs11623437	0.28391
14	61122526	rs7153648	14	61153794	rs10139853	0.199297
14	61122526	rs7153648	14	61154768	rs964412	0.199297
14	61122526	rs7153648	14	61155476	rs10145963	0.195166
14	61122526	rs7153648	14	61155673	rs34036929	0.177621
14	61122526	rs7153648	14	61156083	rs539442903;rs533684517	0.177622
14	61122526	rs7153648	14	61156711	rs80008319	0.10008
14	61122526	rs7153648	14	61156750	rs6573329	0.18904
14	61122526	rs7153648	14	61157015	rs2351179	0.195166
14	61122526	rs7153648	14	61157122	rs4499159	0.195166
14	61122526	rs7153648	14	61157942	rs33943548	0.191942
14	61122526	rs7153648	14	61157986	rs4901996	0.195166
14	61122526	rs7153648	14	61158064	rs4901997	0.195166
14	61122526	rs7153648	14	61158154	rs35489033	0.195166
14	61122526	rs7153648	14	61158545	rs4901998	0.28391
14	61122526	rs7153648	14	61158793	rs1018456	0.28391
14	61122526	rs7153648	14	61158870	rs1018457	0.195166
14	61122526	rs7153648	14	61159664	rs34815163	0.197238
14	61122526	rs7153648	14	61159669	rs78271849	0.197238
14	61122526	rs7153648	14	61159692	rs72722222	0.197238
14	61122526	rs7153648	14	61159723	rs35192267	0.194306
14	61122526	rs7153648	14	61159730	rs35580434	0.191311
14	61122526	rs7153648	14	61159744	rs34891550	0.191311
14	61122526	rs7153648	14	61159750	rs74947565	0.191311
14	61122526	rs7153648	14	61159751	rs75729644	0.191311
14	61122526	rs7153648	14	61159937	rs61991689	0.195166
14	61122526	rs7153648	14	61160252	rs9671837	0.195166
14	61122526	rs7153648	14	61160527	rs9671845	0.195166
14	61122526	rs7153648	14	61161152	rs34019661	0.195166
14	61122526	rs7153648	14	61161440	rs7154179	0.195166
14	61122526	rs7153648	14	61162966	rs11158299	0.194085
14	61122526	rs7153648	14	61162983	rs11158300	0.194085
14	61122526	rs7153648	14	61163100	rs11158301	0.194085
14	61122526	rs7153648	14	61164030	rs1955689	0.194085
14	61122526	rs7153648	14	61164330	rs138468787	0.194085
14	61122526	rs7153648	14	61164846	rs1951109	0.28391
14	61122526	rs7153648	14	61166211	rs71114146	0.234117
14	61122526	rs7153648	14	61167539	rs143780091	0.10008
14	61122526	rs7153648	14	61167647	rs11158302	0.28391
14	61122526	rs7153648	14	61168242	rs11623654	0.28391
14	61122526	rs7153648	14	61169107	rs77994233	0.118759
14	61122526	rs7153648	14	61169720	rs10083435	0.194085
14	61122526	rs7153648	14	61169772	rs10083544	0.194085
14	61122526	rs7153648	14	61170065	rs11623721	0.194085
14	61122526	rs7153648	14	61170345	rs72282874	0.191942
14	61122526	rs7153648	14	61170400	rs10137188	0.194085
14	61122526	rs7153648	14	61171013	rs4503714	0.273867
14	61122526	rs7153648	14	61171565	rs10083434	0.194085
14	61122526	rs7153648	14	61172100	rs8007917	0.194085
14	61122526	rs7153648	14	61172103	rs35276445	0.194085
14	61122526	rs7153648	14	61172871	rs1475022	0.194085
14	61122526	rs7153648	14	61172915	rs1475021	0.194085
14	61122526	rs7153648	14	61175019	rs10142362	0.28391
14	61122526	rs7153648	14	61175461	rs2351271	0.194085
14	61122526	rs7153648	14	61176485	rs2180830	0.28391
14	61122526	rs7153648	14	61177674	rs8017327	0.271666
14	61122526	rs7153648	14	61177729	rs142920801	0.271666
14	61122526	rs7153648	14	61177779	rs8017918	0.166131
14	61122526	rs7153648	14	61178027	rs11847871	0.271666
14	61122526	rs7153648	14	61178279	rs11158303	0.271666
14	61122526	rs7153648	14	61178373	rs10873128	0.271666
14	61122526	rs7153648	14	61178909	rs4899016	0.193131
14	61122526	rs7153648	14	61179434	rs7146756	0.193131
14	61122526	rs7153648	14	61179437	rs7145317	0.193131
14	61122526	rs7153648	14	61180657	rs3742636	0.19206
14	61122526	rs7153648	14	61181677	rs11352616	0.191052
14	61122526	rs7153648	14	61182348	rs563393421	0.10008
14	61122526	rs7153648	14	61182676	rs7146305	0.166131
14	61122526	rs7153648	14	61182948	rs7146721	0.166131
14	61122526	rs7153648	14	61186224	rs77242896	0.10008
14	61122526	rs7153648	14	61192035	rs717174	0.181297
14	61122526	rs7153648	14	61192269	rs33934358	0.170878
14	61122526	rs7153648	14	61195007	rs80007423	0.328401
14	61122526	rs7153648	14	61195652	rs12885986	0.198677
14	61122526	rs7153648	14	61199345	rs1885094	0.201675
14	61122526	rs7153648	14	61200585	rs2057321	0.166131
14	61122526	rs7153648	14	61201634	rs4151150	0.10008
14	61122526	rs7153648	14	61205904	rs9672053	0.166131
14	61122526	rs7153648	14	61210013	rs368699682	0.105974
14	61122526	rs7153648	14	61213859	rs7151349	0.179474
14	61122526	rs7153648	14	61214129	rs8017883	0.166131
14	61122526	rs7153648	14	61218239	rs1951108	0.28391
14	61122526	rs7153648	14	61219227	rs1885093	0.166131
14	61122526	rs7153648	14	61219696	rs145367295	0.109401
14	61122526	rs7153648	14	61221342	rs7146466	0.166131
14	61122526	rs7153648	14	61221899	rs12884883	0.166131
14	61122526	rs7153648	14	61222269	rs7151575	0.166131
