CHR_A	BP_A	SNP_A	CHR_B	BP_B	SNP_B	R2
10	104414221	rs3850699	10	104314881	rs35035059	0.740917
10	104414221	rs3850699	10	104315667	rs10786679	0.127094
10	104414221	rs3850699	10	104316327	rs4526717	0.160411
10	104414221	rs3850699	10	104317192	rs10786680	0.275505
10	104414221	rs3850699	10	104317236	rs11191335	0.159015
10	104414221	rs3850699	10	104317357	rs10786681	0.275505
10	104414221	rs3850699	10	104317811	rs67481356	0.751027
10	104414221	rs3850699	10	104317811	rs566641522	0.751027
10	104414221	rs3850699	10	104318322	rs10786682	0.275505
10	104414221	rs3850699	10	104318966	rs7893954	0.160815
10	104414221	rs3850699	10	104319127	rs11341508	0.275505
10	104414221	rs3850699	10	104320029	rs10883736	0.275505
10	104414221	rs3850699	10	104320476	rs10786683	0.275505
10	104414221	rs3850699	10	104321721	rs10883738	0.275505
10	104414221	rs3850699	10	104323028	rs10786684	0.275505
10	104414221	rs3850699	10	104323103	rs10786685	0.275505
10	104414221	rs3850699	10	104327164	rs7906115	0.275505
10	104414221	rs3850699	10	104327584	rs3862030	0.275505
10	104414221	rs3850699	10	104327865	rs5787466	0.275505
10	104414221	rs3850699	10	104327966	rs71912020	0.127667
10	104414221	rs3850699	10	104328719	rs11593710	0.276629
10	104414221	rs3850699	10	104328859	rs7091252	0.275505
10	104414221	rs3850699	10	104329685	rs6584512	0.275505
10	104414221	rs3850699	10	104330077	rs11598815	0.276629
10	104414221	rs3850699	10	104330296	rs111763415	0.273272
10	104414221	rs3850699	10	104331986	rs10883739	0.275505
10	104414221	rs3850699	10	104331989	rs377690935	0.234879
10	104414221	rs3850699	10	104333700	rs4917973	0.275505
10	104414221	rs3850699	10	104334645	rs6584513	0.275505
10	104414221	rs3850699	10	104335770	rs67264950	0.264218
10	104414221	rs3850699	10	104336986	rs12784963	0.276629
10	104414221	rs3850699	10	104336994	rs10786687	0.275505
10	104414221	rs3850699	10	104337439	rs113583636	0.271437
10	104414221	rs3850699	10	104337945	rs12357886	0.275505
10	104414221	rs3850699	10	104338014	rs12767100	0.276629
10	104414221	rs3850699	10	104338389	rs10883743	0.275505
10	104414221	rs3850699	10	104338463	rs543918042	0.184494
10	104414221	rs3850699	10	104338635	rs112785939	0.2779
10	104414221	rs3850699	10	104339851	rs11595170	0.276629
10	104414221	rs3850699	10	104340704	rs9783158	0.276629
10	104414221	rs3850699	10	104341435	rs7899004	0.273272
10	104414221	rs3850699	10	104341887	rs729023	0.274336
10	104414221	rs3850699	10	104341975	rs729024	0.275505
10	104414221	rs3850699	10	104342501	rs746552	0.159015
10	104414221	rs3850699	10	104344450	rs11191342	0.159015
10	104414221	rs3850699	10	104345197	rs7907760	0.275505
10	104414221	rs3850699	10	104345645	rs398046215	0.281277
10	104414221	rs3850699	10	104346166	rs10444069	0.275505
10	104414221	rs3850699	10	104347247	rs10883744	0.275505
10	104414221	rs3850699	10	104348694	rs35879747	0.697366
10	104414221	rs3850699	10	104349127	rs7068535	0.157627
10	104414221	rs3850699	10	104349483	rs7072723	0.274336
10	104414221	rs3850699	10	104349531	rs12411442	0.274336
10	104414221	rs3850699	10	104349962	rs7898166	0.274336
10	104414221	rs3850699	10	104350225	rs74557492	0.700634
10	104414221	rs3850699	10	104351255	rs72202531	0.250373
10	104414221	rs3850699	10	104351617	rs11191347	0.157627
10	104414221	rs3850699	10	104352124	rs3839934	0.274336
10	104414221	rs3850699	10	104354424	rs3936017	0.274336
10	104414221	rs3850699	10	104354509	rs3936016	0.123425
10	104414221	rs3850699	10	104354804	rs10748826	0.274336
10	104414221	rs3850699	10	104355275	rs3934960	0.276629
10	104414221	rs3850699	10	104356359	rs10786689	0.275505
10	104414221	rs3850699	10	104358403	rs4919661	0.275505
10	104414221	rs3850699	10	104358407	rs4917975	0.275505
10	104414221	rs3850699	10	104358474	rs12779854	0.275505
10	104414221	rs3850699	10	104360518	rs4917976	0.275505
10	104414221	rs3850699	10	104363119	rs4917977	0.275505
10	104414221	rs3850699	10	104363293	rs4919663	0.275505
10	104414221	rs3850699	10	104363408	rs4919664	0.275505
10	104414221	rs3850699	10	104364652	rs10786691	0.275505
10	104414221	rs3850699	10	104365489	rs36008569	0.276629
10	104414221	rs3850699	10	104365724	rs7075269	0.275505
10	104414221	rs3850699	10	104366042	rs4919665	0.276629
10	104414221	rs3850699	10	104366353	rs4917978	0.275505
10	104414221	rs3850699	10	104366817	rs34836365	0.252163
10	104414221	rs3850699	10	104367092	rs7904955	0.156498
10	104414221	rs3850699	10	104367987	rs76665733	0.255394
10	104414221	rs3850699	10	104368294	rs12782153	0.276629
10	104414221	rs3850699	10	104368336	rs10748827	0.159015
10	104414221	rs3850699	10	104368756	rs10786695	0.275505
10	104414221	rs3850699	10	104369039	rs11394237	0.275505
10	104414221	rs3850699	10	104369323	rs34058856	0.695379
10	104414221	rs3850699	10	104370023	rs10736158	0.275505
10	104414221	rs3850699	10	104370662	rs7907417	0.276629
10	104414221	rs3850699	10	104370827	rs35485301	0.700634
10	104414221	rs3850699	10	104371974	rs140590274	0.271061
10	104414221	rs3850699	10	104372244	rs11191352	0.275505
10	104414221	rs3850699	10	104372441	rs10883753	0.275505
10	104414221	rs3850699	10	104373300	rs7908249	0.275505
10	104414221	rs3850699	10	104373758	rs7912339	0.275505
10	104414221	rs3850699	10	104373904	rs4604806	0.275505
10	104414221	rs3850699	10	104374652	rs200553041	0.282383
10	104414221	rs3850699	10	104374653	rs4408249	0.25265
10	104414221	rs3850699	10	104374815	rs7093285	0.157355
10	104414221	rs3850699	10	104375258	rs2001389	0.275505
10	104414221	rs3850699	10	104377759	rs35095897	0.276629
10	104414221	rs3850699	10	104378134	rs10786696	0.275505
10	104414221	rs3850699	10	104378563	rs10786697	0.274336
10	104414221	rs3850699	10	104378750	rs10786698	0.275505
10	104414221	rs3850699	10	104380686	rs7087984	0.275505
10	104414221	rs3850699	10	104382580	rs562488666	0.135565
10	104414221	rs3850699	10	104382673	rs11191353	0.261261
10	104414221	rs3850699	10	104385132	rs72845807	0.160419
10	104414221	rs3850699	10	104386309	rs4285804	0.326845
10	104414221	rs3850699	10	104387019	rs12414407	0.209184
10	104414221	rs3850699	10	104388549	rs12357172	0.166473
10	104414221	rs3850699	10	104392497	rs11191355	0.103552
10	104414221	rs3850699	10	104395085	rs2001595	0.166859
10	104414221	rs3850699	10	104395879	rs5787468	0.142058
10	104414221	rs3850699	10	104397008	rs376891853	0.28097
10	104414221	rs3850699	10	104397624	rs62649691	0.280855
10	104414221	rs3850699	10	104397939	rs113623394	0.278507
10	104414221	rs3850699	10	104398288	rs11593061	0.164957
10	104414221	rs3850699	10	104398582	rs3977756	0.28186
10	104414221	rs3850699	10	104398895	rs12764219	0.928778
10	104414221	rs3850699	10	104399250	rs11191358	0.28186
10	104414221	rs3850699	10	104400112	rs10883756	0.28186
10	104414221	rs3850699	10	104400364	rs137883501	0.28186
10	104414221	rs3850699	10	104400594	rs35959091	0.168335
10	104414221	rs3850699	10	104401203	rs7922780	0.28186
10	104414221	rs3850699	10	104403310	rs28408682	0.280855
10	104414221	rs3850699	10	104405850	rs80146619	0.135409
10	104414221	rs3850699	10	104408272	rs12241712	0.995426
10	104414221	rs3850699	10	104410599	rs34269636	0.933026
10	104414221	rs3850699	10	104410736	rs17783771	0.171596
10	104414221	rs3850699	10	104411958	rs11191361	0.171596
10	104414221	rs3850699	10	104412049	rs10883759	0.197036
10	104414221	rs3850699	10	104412561	rs535809430;rs199950338	0.141453
10	104414221	rs3850699	10	104412742	rs3862031	0.173867
10	104414221	rs3850699	10	104413385	rs12764388	0.282035
10	104414221	rs3850699	10	104414183	rs3977743	0.199838
10	104414221	rs3850699	10	104414184	rs3977744	0.199838
10	104414221	rs3850699	10	104414221	rs3850699	1
10	104414221	rs3850699	10	104414709	rs2286748	0.199838
10	104414221	rs3850699	10	104415093	rs34032774	1
10	104414221	rs3850699	10	104418228	rs12773600	0.816755
10	104414221	rs3850699	10	104418350	rs12773833	0.887001
10	104414221	rs3850699	10	104418656	rs7923415	0.30757
10	104414221	rs3850699	10	104419235	rs11191362	0.165308
10	104414221	rs3850699	10	104419492	rs3977746	0.165308
10	104414221	rs3850699	10	104420210	rs3977755	0.165308
10	104414221	rs3850699	10	104420516	rs10883762	0.165308
10	104414221	rs3850699	10	104420754	rs61691222	0.13571
10	104414221	rs3850699	10	104420902	rs12414479	0.155236
10	104414221	rs3850699	10	104421471	rs3961455	0.155607
10	104414221	rs3850699	10	104421568	rs3977747	0.162753
10	104414221	rs3850699	10	104421679	rs12570611	0.882355
10	104414221	rs3850699	10	104422012	rs4323806	0.173867
10	104414221	rs3850699	10	104422046	rs4522108	0.882355
10	104414221	rs3850699	10	104422321	rs7914158	0.306407
10	104414221	rs3850699	10	104422348	rs3977748	0.162753
10	104414221	rs3850699	10	104424533	rs368661815	0.290518
10	104414221	rs3850699	10	104425304	rs3961456	0.173867
10	104414221	rs3850699	10	104425471	rs7916092	0.887001
10	104414221	rs3850699	10	104426011	rs4919667	0.174597
10	104414221	rs3850699	10	104427083	rs7476050	0.314206
10	104414221	rs3850699	10	104427253	rs4606423	0.382846
10	104414221	rs3850699	10	104428716	rs12262998	0.86682
10	104414221	rs3850699	10	104429746	rs7094325	0.881795
10	104414221	rs3850699	10	104432053	rs2002916	0.881687
10	104414221	rs3850699	10	104434209	rs1043450	0.164196
10	104414221	rs3850699	10	104434630	rs12573077	0.861457
10	104414221	rs3850699	10	104437175	rs61869210	0.140217
10	104414221	rs3850699	10	104438565	rs7077678	0.231993
10	104414221	rs3850699	10	104440050	rs7907503	0.770767
10	104414221	rs3850699	10	104442056	rs3837369	0.231993
10	104414221	rs3850699	10	104442457	rs3781571	0.150556
10	104414221	rs3850699	10	104443875	rs79305676	0.103116
10	104414221	rs3850699	10	104444615	rs34349481	0.766533
10	104414221	rs3850699	10	104445368	rs3740606	0.152868
10	104414221	rs3850699	10	104445545	rs3832710	0.231993
10	104414221	rs3850699	10	104446623	rs553067075	0.245827
10	104414221	rs3850699	10	104447629	rs3977736	0.0966743
10	104414221	rs3850699	10	104448939	rs56771365	0.758898
10	104414221	rs3850699	10	104449013	rs112766449	0.420203
10	104414221	rs3850699	10	104449836	rs61869211	0.135067
10	104414221	rs3850699	10	104450052	rs34924011	0.145724
10	104414221	rs3850699	10	104453024	rs10437480	0.750508
10	104414221	rs3850699	10	104454113	rs4264100	0.750508
10	104414221	rs3850699	10	104454700	rs4556473	0.235486
10	104414221	rs3850699	10	104456024	rs535524717	0.349092
10	104414221	rs3850699	10	104456153	rs146213793	0.0958821
10	104414221	rs3850699	10	104456310	rs7900450	0.750508
10	104414221	rs3850699	10	104456725	rs7904252	0.750508
10	104414221	rs3850699	10	104456794	rs10748828	0.742558
10	104414221	rs3850699	10	104456838	rs7904396	0.74636
10	104414221	rs3850699	10	104457456	rs11191369	0.233813
10	104414221	rs3850699	10	104457603	rs7893687	0.144559
10	104414221	rs3850699	10	104459897	rs11191371	0.750508
10	104414221	rs3850699	10	104460035	rs12414033	0.123535
10	104414221	rs3850699	10	104460527	rs562849102	0.0910633
10	104414221	rs3850699	10	104460546	rs112016350	0.12816
10	104414221	rs3850699	10	104461777	rs559295562	0.569259
10	104414221	rs3850699	10	104462187	rs11191372	0.750508
10	104414221	rs3850699	10	104462981	rs12769291	0.750508
10	104414221	rs3850699	10	104463301	rs12769906	0.750508
10	104414221	rs3850699	10	104463676	rs11191373	0.233813
10	104414221	rs3850699	10	104463840	rs12776238	0.750508
10	104414221	rs3850699	10	104464970	rs12784517	0.750508
10	104414221	rs3850699	10	104465374	rs12761195	0.750508
10	104414221	rs3850699	10	104465687	rs12765459	0.719542
10	104414221	rs3850699	10	104467774	rs2252147	0.138708
10	104414221	rs3850699	10	104467954	rs12780827	0.733944
10	104414221	rs3850699	10	104468434	rs2489743	0.136458
10	104414221	rs3850699	10	104469728	rs7076749	0.140306
10	104414221	rs3850699	10	104470918	rs2251772	0.124947
10	104414221	rs3850699	10	104471091	rs67420311	0.113202
10	104414221	rs3850699	10	104472777	rs11191377	0.13813
10	104414221	rs3850699	10	104474046	rs71019606	0.14224
10	104414221	rs3850699	10	104475010	rs10786704	0.13813
10	104414221	rs3850699	10	104476292	rs7905481	0.731266
10	104414221	rs3850699	10	104476319	rs567284795	0.145702
10	104414221	rs3850699	10	104477705	rs10786705	0.13813
10	104414221	rs3850699	10	104479165	rs12771656	0.736527
10	104414221	rs3850699	10	104479385	rs17784294	0.736527
10	104414221	rs3850699	10	104479875	rs2489741	0.236716
10	104414221	rs3850699	10	104480659	rs12783444	0.736527
10	104414221	rs3850699	10	104482331	rs2902547	0.13813
10	104414221	rs3850699	10	104484670	rs200568019	0.540532
10	104414221	rs3850699	10	104484799	rs12259058	0.736527
10	104414221	rs3850699	10	104485301	rs12775883	0.736527
10	104414221	rs3850699	10	104485725	rs2778036	0.134499
10	104414221	rs3850699	10	104486304	rs2244647	0.0975407
10	104414221	rs3850699	10	104486974	rs2244524	0.275002
10	104414221	rs3850699	10	104487443	rs7917772	0.154254
10	104414221	rs3850699	10	104487871	rs2265309	0.254849
10	104414221	rs3850699	10	104488900	rs2244258	0.110996
10	104414221	rs3850699	10	104489011	rs2244254	0.110996
10	104414221	rs3850699	10	104491114	rs2265308	0.110996
10	104414221	rs3850699	10	104491702	rs3802676	0.0936211
10	104414221	rs3850699	10	104492707	rs2778037	0.110996
10	104414221	rs3850699	10	104493444	rs11191381	0.518803
10	104414221	rs3850699	10	104493676	rs2863719	0.0955086
10	104414221	rs3850699	10	104494947	rs10883769	0.0936211
10	104414221	rs3850699	10	104496010	rs11298009	0.108908
10	104414221	rs3850699	10	104496658	rs61869252	0.110996
10	104414221	rs3850699	10	104499232	rs12762176	0.522066
10	104414221	rs3850699	10	104499251	rs149894803	0.279378
10	104414221	rs3850699	10	104499388	rs7912571	0.0936211
10	104414221	rs3850699	10	104499764	rs7092723	0.0923345
10	104414221	rs3850699	10	104500659	rs10786706	0.285043
10	104414221	rs3850699	10	104502217	rs565064025	0.092033
10	104414221	rs3850699	10	104503459	rs2297451	0.0936211
10	104414221	rs3850699	10	104503584	rs3818708	0.285043
10	104414221	rs3850699	10	104504534	rs7074894	0.0936211
10	104414221	rs3850699	10	104506111	rs11191384	0.0936211
10	104414221	rs3850699	10	104506366	rs66527766	0.110198
10	104414221	rs3850699	10	104506543	rs7923711	0.0928406
10	104414221	rs3850699	10	104506852	rs10883770	0.0928406
10	104414221	rs3850699	10	104508202	rs12763284	0.285043
10	104414221	rs3850699	10	104508906	rs7342026	0.0928406
10	104414221	rs3850699	10	104509064	rs67506723	0.285043
10	104414221	rs3850699	10	104509393	rs2801050	0.0909938
10	104414221	rs3850699	10	104509818	rs58706228	0.110198
10	104414221	rs3850699	10	104510158	rs10883771	0.0928406
10	104414221	rs3850699	10	104510240	rs10883772	0.0928406
10	104414221	rs3850699	10	104510305	rs2250064	0.110198
10	104414221	rs3850699	10	104510505	rs2250052	0.110198
10	104414221	rs3850699	10	104511079	rs71019611	0.12255
10	104414221	rs3850699	10	104512006	rs2249850	0.0909938
10	104414221	rs3850699	10	104513049	rs11191385	0.518803
10	104415093	rs34032774	10	104314881	rs35035059	0.740917
10	104415093	rs34032774	10	104315667	rs10786679	0.127094
10	104415093	rs34032774	10	104316327	rs4526717	0.160411
10	104415093	rs34032774	10	104317192	rs10786680	0.275505
10	104415093	rs34032774	10	104317236	rs11191335	0.159015
10	104415093	rs34032774	10	104317357	rs10786681	0.275505
10	104415093	rs34032774	10	104317811	rs67481356	0.751027
10	104415093	rs34032774	10	104317811	rs566641522	0.751027
10	104415093	rs34032774	10	104318322	rs10786682	0.275505
10	104415093	rs34032774	10	104318966	rs7893954	0.160815
10	104415093	rs34032774	10	104319127	rs11341508	0.275505
10	104415093	rs34032774	10	104320029	rs10883736	0.275505
10	104415093	rs34032774	10	104320476	rs10786683	0.275505
10	104415093	rs34032774	10	104321721	rs10883738	0.275505
10	104415093	rs34032774	10	104323028	rs10786684	0.275505
10	104415093	rs34032774	10	104323103	rs10786685	0.275505
10	104415093	rs34032774	10	104327164	rs7906115	0.275505
10	104415093	rs34032774	10	104327584	rs3862030	0.275505
10	104415093	rs34032774	10	104327865	rs5787466	0.275505
10	104415093	rs34032774	10	104327966	rs71912020	0.127667
10	104415093	rs34032774	10	104328719	rs11593710	0.276629
10	104415093	rs34032774	10	104328859	rs7091252	0.275505
10	104415093	rs34032774	10	104329685	rs6584512	0.275505
10	104415093	rs34032774	10	104330077	rs11598815	0.276629
10	104415093	rs34032774	10	104330296	rs111763415	0.273272
10	104415093	rs34032774	10	104331986	rs10883739	0.275505
10	104415093	rs34032774	10	104331989	rs377690935	0.234879
10	104415093	rs34032774	10	104333700	rs4917973	0.275505
10	104415093	rs34032774	10	104334645	rs6584513	0.275505
10	104415093	rs34032774	10	104335770	rs67264950	0.264218
10	104415093	rs34032774	10	104336986	rs12784963	0.276629
10	104415093	rs34032774	10	104336994	rs10786687	0.275505
10	104415093	rs34032774	10	104337439	rs113583636	0.271437
10	104415093	rs34032774	10	104337945	rs12357886	0.275505
10	104415093	rs34032774	10	104338014	rs12767100	0.276629
10	104415093	rs34032774	10	104338389	rs10883743	0.275505
10	104415093	rs34032774	10	104338463	rs543918042	0.184494
10	104415093	rs34032774	10	104338635	rs112785939	0.2779
10	104415093	rs34032774	10	104339851	rs11595170	0.276629
10	104415093	rs34032774	10	104340704	rs9783158	0.276629
10	104415093	rs34032774	10	104341435	rs7899004	0.273272
10	104415093	rs34032774	10	104341887	rs729023	0.274336
10	104415093	rs34032774	10	104341975	rs729024	0.275505
10	104415093	rs34032774	10	104342501	rs746552	0.159015
10	104415093	rs34032774	10	104344450	rs11191342	0.159015
10	104415093	rs34032774	10	104345197	rs7907760	0.275505
10	104415093	rs34032774	10	104345645	rs398046215	0.281277
10	104415093	rs34032774	10	104346166	rs10444069	0.275505
10	104415093	rs34032774	10	104347247	rs10883744	0.275505
10	104415093	rs34032774	10	104348694	rs35879747	0.697366
10	104415093	rs34032774	10	104349127	rs7068535	0.157627
10	104415093	rs34032774	10	104349483	rs7072723	0.274336
10	104415093	rs34032774	10	104349531	rs12411442	0.274336
10	104415093	rs34032774	10	104349962	rs7898166	0.274336
10	104415093	rs34032774	10	104350225	rs74557492	0.700634
10	104415093	rs34032774	10	104351255	rs72202531	0.250373
10	104415093	rs34032774	10	104351617	rs11191347	0.157627
10	104415093	rs34032774	10	104352124	rs3839934	0.274336
10	104415093	rs34032774	10	104354424	rs3936017	0.274336
10	104415093	rs34032774	10	104354509	rs3936016	0.123425
10	104415093	rs34032774	10	104354804	rs10748826	0.274336
10	104415093	rs34032774	10	104355275	rs3934960	0.276629
10	104415093	rs34032774	10	104356359	rs10786689	0.275505
10	104415093	rs34032774	10	104358403	rs4919661	0.275505
10	104415093	rs34032774	10	104358407	rs4917975	0.275505
10	104415093	rs34032774	10	104358474	rs12779854	0.275505
10	104415093	rs34032774	10	104360518	rs4917976	0.275505
10	104415093	rs34032774	10	104363119	rs4917977	0.275505
10	104415093	rs34032774	10	104363293	rs4919663	0.275505
10	104415093	rs34032774	10	104363408	rs4919664	0.275505
10	104415093	rs34032774	10	104364652	rs10786691	0.275505
10	104415093	rs34032774	10	104365489	rs36008569	0.276629
10	104415093	rs34032774	10	104365724	rs7075269	0.275505
10	104415093	rs34032774	10	104366042	rs4919665	0.276629
10	104415093	rs34032774	10	104366353	rs4917978	0.275505
10	104415093	rs34032774	10	104366817	rs34836365	0.252163
10	104415093	rs34032774	10	104367092	rs7904955	0.156498
10	104415093	rs34032774	10	104367987	rs76665733	0.255394
10	104415093	rs34032774	10	104368294	rs12782153	0.276629
10	104415093	rs34032774	10	104368336	rs10748827	0.159015
10	104415093	rs34032774	10	104368756	rs10786695	0.275505
10	104415093	rs34032774	10	104369039	rs11394237	0.275505
10	104415093	rs34032774	10	104369323	rs34058856	0.695379
10	104415093	rs34032774	10	104370023	rs10736158	0.275505
10	104415093	rs34032774	10	104370662	rs7907417	0.276629
10	104415093	rs34032774	10	104370827	rs35485301	0.700634
10	104415093	rs34032774	10	104371974	rs140590274	0.271061
10	104415093	rs34032774	10	104372244	rs11191352	0.275505
10	104415093	rs34032774	10	104372441	rs10883753	0.275505
10	104415093	rs34032774	10	104373300	rs7908249	0.275505
10	104415093	rs34032774	10	104373758	rs7912339	0.275505
10	104415093	rs34032774	10	104373904	rs4604806	0.275505
10	104415093	rs34032774	10	104374652	rs200553041	0.282383
10	104415093	rs34032774	10	104374653	rs4408249	0.25265
10	104415093	rs34032774	10	104374815	rs7093285	0.157355
10	104415093	rs34032774	10	104375258	rs2001389	0.275505
10	104415093	rs34032774	10	104377759	rs35095897	0.276629
10	104415093	rs34032774	10	104378134	rs10786696	0.275505
10	104415093	rs34032774	10	104378563	rs10786697	0.274336
10	104415093	rs34032774	10	104378750	rs10786698	0.275505
10	104415093	rs34032774	10	104380686	rs7087984	0.275505
10	104415093	rs34032774	10	104382580	rs562488666	0.135565
10	104415093	rs34032774	10	104382673	rs11191353	0.261261
10	104415093	rs34032774	10	104385132	rs72845807	0.160419
10	104415093	rs34032774	10	104386309	rs4285804	0.326845
10	104415093	rs34032774	10	104387019	rs12414407	0.209184
10	104415093	rs34032774	10	104388549	rs12357172	0.166473
10	104415093	rs34032774	10	104392497	rs11191355	0.103552
10	104415093	rs34032774	10	104395085	rs2001595	0.166859
10	104415093	rs34032774	10	104395879	rs5787468	0.142058
10	104415093	rs34032774	10	104397008	rs376891853	0.28097
10	104415093	rs34032774	10	104397624	rs62649691	0.280855
10	104415093	rs34032774	10	104397939	rs113623394	0.278507
10	104415093	rs34032774	10	104398288	rs11593061	0.164957
10	104415093	rs34032774	10	104398582	rs3977756	0.28186
10	104415093	rs34032774	10	104398895	rs12764219	0.928778
10	104415093	rs34032774	10	104399250	rs11191358	0.28186
10	104415093	rs34032774	10	104400112	rs10883756	0.28186
10	104415093	rs34032774	10	104400364	rs137883501	0.28186
10	104415093	rs34032774	10	104400594	rs35959091	0.168335
10	104415093	rs34032774	10	104401203	rs7922780	0.28186
10	104415093	rs34032774	10	104403310	rs28408682	0.280855
10	104415093	rs34032774	10	104405850	rs80146619	0.135409
10	104415093	rs34032774	10	104408272	rs12241712	0.995426
10	104415093	rs34032774	10	104410599	rs34269636	0.933026
10	104415093	rs34032774	10	104410736	rs17783771	0.171596
10	104415093	rs34032774	10	104411958	rs11191361	0.171596
10	104415093	rs34032774	10	104412049	rs10883759	0.197036
10	104415093	rs34032774	10	104412561	rs535809430;rs199950338	0.141453
10	104415093	rs34032774	10	104412742	rs3862031	0.173867
10	104415093	rs34032774	10	104413385	rs12764388	0.282035
10	104415093	rs34032774	10	104414183	rs3977743	0.199838
10	104415093	rs34032774	10	104414184	rs3977744	0.199838
10	104415093	rs34032774	10	104414221	rs3850699	1
10	104415093	rs34032774	10	104414709	rs2286748	0.199838
10	104415093	rs34032774	10	104415093	rs34032774	1
10	104415093	rs34032774	10	104418228	rs12773600	0.816755
10	104415093	rs34032774	10	104418350	rs12773833	0.887001
10	104415093	rs34032774	10	104418656	rs7923415	0.30757
10	104415093	rs34032774	10	104419235	rs11191362	0.165308
10	104415093	rs34032774	10	104419492	rs3977746	0.165308
10	104415093	rs34032774	10	104420210	rs3977755	0.165308
10	104415093	rs34032774	10	104420516	rs10883762	0.165308
10	104415093	rs34032774	10	104420754	rs61691222	0.13571
10	104415093	rs34032774	10	104420902	rs12414479	0.155236
10	104415093	rs34032774	10	104421471	rs3961455	0.155607
10	104415093	rs34032774	10	104421568	rs3977747	0.162753
10	104415093	rs34032774	10	104421679	rs12570611	0.882355
10	104415093	rs34032774	10	104422012	rs4323806	0.173867
10	104415093	rs34032774	10	104422046	rs4522108	0.882355
10	104415093	rs34032774	10	104422321	rs7914158	0.306407
10	104415093	rs34032774	10	104422348	rs3977748	0.162753
10	104415093	rs34032774	10	104424533	rs368661815	0.290518
10	104415093	rs34032774	10	104425304	rs3961456	0.173867
10	104415093	rs34032774	10	104425471	rs7916092	0.887001
10	104415093	rs34032774	10	104426011	rs4919667	0.174597
10	104415093	rs34032774	10	104427083	rs7476050	0.314206
10	104415093	rs34032774	10	104427253	rs4606423	0.382846
10	104415093	rs34032774	10	104428716	rs12262998	0.86682
10	104415093	rs34032774	10	104429746	rs7094325	0.881795
10	104415093	rs34032774	10	104432053	rs2002916	0.881687
10	104415093	rs34032774	10	104434209	rs1043450	0.164196
10	104415093	rs34032774	10	104434630	rs12573077	0.861457
10	104415093	rs34032774	10	104437175	rs61869210	0.140217
10	104415093	rs34032774	10	104438565	rs7077678	0.231993
10	104415093	rs34032774	10	104440050	rs7907503	0.770767
10	104415093	rs34032774	10	104442056	rs3837369	0.231993
10	104415093	rs34032774	10	104442457	rs3781571	0.150556
10	104415093	rs34032774	10	104443875	rs79305676	0.103116
10	104415093	rs34032774	10	104444615	rs34349481	0.766533
10	104415093	rs34032774	10	104445368	rs3740606	0.152868
10	104415093	rs34032774	10	104445545	rs3832710	0.231993
10	104415093	rs34032774	10	104446623	rs553067075	0.245827
10	104415093	rs34032774	10	104447629	rs3977736	0.0966743
10	104415093	rs34032774	10	104448939	rs56771365	0.758898
10	104415093	rs34032774	10	104449013	rs112766449	0.420203
10	104415093	rs34032774	10	104449836	rs61869211	0.135067
10	104415093	rs34032774	10	104450052	rs34924011	0.145724
10	104415093	rs34032774	10	104453024	rs10437480	0.750508
10	104415093	rs34032774	10	104454113	rs4264100	0.750508
10	104415093	rs34032774	10	104454700	rs4556473	0.235486
10	104415093	rs34032774	10	104456024	rs535524717	0.349092
10	104415093	rs34032774	10	104456153	rs146213793	0.0958821
10	104415093	rs34032774	10	104456310	rs7900450	0.750508
10	104415093	rs34032774	10	104456725	rs7904252	0.750508
10	104415093	rs34032774	10	104456794	rs10748828	0.742558
10	104415093	rs34032774	10	104456838	rs7904396	0.74636
10	104415093	rs34032774	10	104457456	rs11191369	0.233813
10	104415093	rs34032774	10	104457603	rs7893687	0.144559
10	104415093	rs34032774	10	104459897	rs11191371	0.750508
10	104415093	rs34032774	10	104460035	rs12414033	0.123535
10	104415093	rs34032774	10	104460527	rs562849102	0.0910633
10	104415093	rs34032774	10	104460546	rs112016350	0.12816
10	104415093	rs34032774	10	104461777	rs559295562	0.569259
10	104415093	rs34032774	10	104462187	rs11191372	0.750508
10	104415093	rs34032774	10	104462981	rs12769291	0.750508
10	104415093	rs34032774	10	104463301	rs12769906	0.750508
10	104415093	rs34032774	10	104463676	rs11191373	0.233813
10	104415093	rs34032774	10	104463840	rs12776238	0.750508
10	104415093	rs34032774	10	104464970	rs12784517	0.750508
10	104415093	rs34032774	10	104465374	rs12761195	0.750508
10	104415093	rs34032774	10	104465687	rs12765459	0.719542
10	104415093	rs34032774	10	104467774	rs2252147	0.138708
10	104415093	rs34032774	10	104467954	rs12780827	0.733944
10	104415093	rs34032774	10	104468434	rs2489743	0.136458
10	104415093	rs34032774	10	104469728	rs7076749	0.140306
10	104415093	rs34032774	10	104470918	rs2251772	0.124947
10	104415093	rs34032774	10	104471091	rs67420311	0.113202
10	104415093	rs34032774	10	104472777	rs11191377	0.13813
10	104415093	rs34032774	10	104474046	rs71019606	0.14224
10	104415093	rs34032774	10	104475010	rs10786704	0.13813
10	104415093	rs34032774	10	104476292	rs7905481	0.731266
10	104415093	rs34032774	10	104476319	rs567284795	0.145702
10	104415093	rs34032774	10	104477705	rs10786705	0.13813
10	104415093	rs34032774	10	104479165	rs12771656	0.736527
10	104415093	rs34032774	10	104479385	rs17784294	0.736527
10	104415093	rs34032774	10	104479875	rs2489741	0.236716
10	104415093	rs34032774	10	104480659	rs12783444	0.736527
10	104415093	rs34032774	10	104482331	rs2902547	0.13813
10	104415093	rs34032774	10	104484670	rs200568019	0.540532
10	104415093	rs34032774	10	104484799	rs12259058	0.736527
10	104415093	rs34032774	10	104485301	rs12775883	0.736527
10	104415093	rs34032774	10	104485725	rs2778036	0.134499
10	104415093	rs34032774	10	104486304	rs2244647	0.0975407
10	104415093	rs34032774	10	104486974	rs2244524	0.275002
10	104415093	rs34032774	10	104487443	rs7917772	0.154254
10	104415093	rs34032774	10	104487871	rs2265309	0.254849
10	104415093	rs34032774	10	104488900	rs2244258	0.110996
10	104415093	rs34032774	10	104489011	rs2244254	0.110996
10	104415093	rs34032774	10	104491114	rs2265308	0.110996
10	104415093	rs34032774	10	104491702	rs3802676	0.0936211
10	104415093	rs34032774	10	104492707	rs2778037	0.110996
10	104415093	rs34032774	10	104493444	rs11191381	0.518803
10	104415093	rs34032774	10	104493676	rs2863719	0.0955086
10	104415093	rs34032774	10	104494947	rs10883769	0.0936211
10	104415093	rs34032774	10	104496010	rs11298009	0.108908
10	104415093	rs34032774	10	104496658	rs61869252	0.110996
10	104415093	rs34032774	10	104499232	rs12762176	0.522066
10	104415093	rs34032774	10	104499251	rs149894803	0.279378
10	104415093	rs34032774	10	104499388	rs7912571	0.0936211
10	104415093	rs34032774	10	104499764	rs7092723	0.0923345
10	104415093	rs34032774	10	104500659	rs10786706	0.285043
10	104415093	rs34032774	10	104502217	rs565064025	0.092033
10	104415093	rs34032774	10	104503459	rs2297451	0.0936211
10	104415093	rs34032774	10	104503584	rs3818708	0.285043
10	104415093	rs34032774	10	104504534	rs7074894	0.0936211
10	104415093	rs34032774	10	104506111	rs11191384	0.0936211
10	104415093	rs34032774	10	104506366	rs66527766	0.110198
10	104415093	rs34032774	10	104506543	rs7923711	0.0928406
10	104415093	rs34032774	10	104506852	rs10883770	0.0928406
10	104415093	rs34032774	10	104508202	rs12763284	0.285043
10	104415093	rs34032774	10	104508906	rs7342026	0.0928406
10	104415093	rs34032774	10	104509064	rs67506723	0.285043
10	104415093	rs34032774	10	104509393	rs2801050	0.0909938
10	104415093	rs34032774	10	104509818	rs58706228	0.110198
10	104415093	rs34032774	10	104510158	rs10883771	0.0928406
10	104415093	rs34032774	10	104510240	rs10883772	0.0928406
10	104415093	rs34032774	10	104510305	rs2250064	0.110198
10	104415093	rs34032774	10	104510505	rs2250052	0.110198
10	104415093	rs34032774	10	104511079	rs71019611	0.12255
10	104415093	rs34032774	10	104512006	rs2249850	0.0909938
10	104415093	rs34032774	10	104513049	rs11191385	0.518803
