CHR_A	BP_A	SNP_A	CHR_B	BP_B	SNP_B	R2
1	10556097	rs636291	1	10457540	rs12409754	0.240969
1	10556097	rs636291	1	10458378	rs6674843	0.21683
1	10556097	rs636291	1	10458480	rs6674949	0.156184
1	10556097	rs636291	1	10459779	rs3737155	0.240969
1	10556097	rs636291	1	10460485	rs1049887	0.230134
1	10556097	rs636291	1	10460716	rs35314429	0.112994
1	10556097	rs636291	1	10461107	rs11121560	0.240969
1	10556097	rs636291	1	10461177	rs11121561	0.156184
1	10556097	rs636291	1	10462875	rs11121563	0.122182
1	10556097	rs636291	1	10463572	rs3762288	0.157407
1	10556097	rs636291	1	10463888	rs4846219	0.15797
1	10556097	rs636291	1	10465299	rs35716098	0.240969
1	10556097	rs636291	1	10466040	rs35859381	0.313092
1	10556097	rs636291	1	10466046	rs34075302	0.238674
1	10556097	rs636291	1	10466111	rs34045426	0.240969
1	10556097	rs636291	1	10467074	rs6541094	0.15797
1	10556097	rs636291	1	10468946	rs4845934	0.22248
1	10556097	rs636291	1	10469641	rs12118323	0.240969
1	10556097	rs636291	1	10469706	rs543426528	0.250792
1	10556097	rs636291	1	10470846	rs11579365	0.313092
1	10556097	rs636291	1	10471789	rs2236678	0.240969
1	10556097	rs636291	1	10472026	rs4846221	0.157407
1	10556097	rs636291	1	10472848	rs11121566	0.15797
1	10556097	rs636291	1	10473196	rs2229687	0.240969
1	10556097	rs636291	1	10474430	rs35759975	0.313092
1	10556097	rs636291	1	10474457	rs58014725	0.15797
1	10556097	rs636291	1	10475011	rs12746471	0.122182
1	10556097	rs636291	1	10475120	rs11576384	0.240969
1	10556097	rs636291	1	10475146	rs34918542	0.211981
1	10556097	rs636291	1	10478139	rs35099776	0.240969
1	10556097	rs636291	1	10478586	rs3762287	0.194024
1	10556097	rs636291	1	10478727	rs3762286	0.240969
1	10556097	rs636291	1	10479635	rs2298570	0.15797
1	10556097	rs636291	1	10479678	rs1889309	0.22248
1	10556097	rs636291	1	10480866	rs12755363	0.224221
1	10556097	rs636291	1	10480983	rs12402723	0.155526
1	10556097	rs636291	1	10481210	rs12759696	0.215281
1	10556097	rs636291	1	10481475	rs9651117	0.243378
1	10556097	rs636291	1	10482150	rs201228681	0.115054
1	10556097	rs636291	1	10482499	esv3585200	0.230533
1	10556097	rs636291	1	10482503	rs12726016	0.230524
1	10556097	rs636291	1	10482504	rs12746885	0.230524
1	10556097	rs636291	1	10483776	rs11581967	0.198112
1	10556097	rs636291	1	10483779	rs11576630	0.198112
1	10556097	rs636291	1	10484416	rs663364	0.108638
1	10556097	rs636291	1	10484976	rs34776634	0.344893
1	10556097	rs636291	1	10485019	rs2483679	0.337696
1	10556097	rs636291	1	10485177	rs666583	0.403035
1	10556097	rs636291	1	10485235	rs490037	0.129153
1	10556097	rs636291	1	10485313	rs667366	0.403035
1	10556097	rs636291	1	10485342	rs490960	0.129153
1	10556097	rs636291	1	10485424	rs35568196	0.256343
1	10556097	rs636291	1	10485445	rs491880	0.403035
1	10556097	rs636291	1	10485609	rs10436981	0.162735
1	10556097	rs636291	1	10485669	rs515423	0.128388
1	10556097	rs636291	1	10485858	rs517241	0.403035
1	10556097	rs636291	1	10486166	rs113630259	0.399229
1	10556097	rs636291	1	10486195	rs681495	0.402719
1	10556097	rs636291	1	10486282	rs520964	0.406247
1	10556097	rs636291	1	10486423	rs522029	0.402719
1	10556097	rs636291	1	10486597	rs585703	0.236355
1	10556097	rs636291	1	10486657	rs586096	0.402719
1	10556097	rs636291	1	10486681	rs579398	0.236355
1	10556097	rs636291	1	10487408	rs475549	0.402719
1	10556097	rs636291	1	10487828	rs70997231	0.205989
1	10556097	rs636291	1	10488314	rs505141	0.402719
1	10556097	rs636291	1	10488555	rs528713	0.402719
1	10556097	rs636291	1	10488788	rs632690	0.402719
1	10556097	rs636291	1	10489142	rs634358	0.402719
1	10556097	rs636291	1	10490111	rs649101	0.402719
1	10556097	rs636291	1	10490285	rs649639	0.4009
1	10556097	rs636291	1	10490539	rs661256	0.128388
1	10556097	rs636291	1	10490550	rs661272	0.128388
1	10556097	rs636291	1	10490759	rs143754643	0.402719
1	10556097	rs636291	1	10490789	rs6662684	0.164514
1	10556097	rs636291	1	10490881	rs481571	0.402719
1	10556097	rs636291	1	10491209	rs484416	0.133585
1	10556097	rs636291	1	10491895	rs59490056	0.403954
1	10556097	rs636291	1	10492168	rs678850	0.397729
1	10556097	rs636291	1	10492405	rs519472	0.397729
1	10556097	rs636291	1	10492672	rs70997232	0.397729
1	10556097	rs636291	1	10492684	rs583515	0.397729
1	10556097	rs636291	1	10492715	rs522280	0.397729
1	10556097	rs636291	1	10492940	rs524150	0.397729
1	10556097	rs636291	1	10493295	rs586223	0.392126
1	10556097	rs636291	1	10493415	rs597441	0.298325
1	10556097	rs636291	1	10495110	rs2847336	0.133585
1	10556097	rs636291	1	10495508	rs1307485	0.404245
1	10556097	rs636291	1	10495765	rs201071645	0.343015
1	10556097	rs636291	1	10495767	rs375944750	0.347899
1	10556097	rs636291	1	10495769	rs369098411	0.350365
1	10556097	rs636291	1	10495771	rs372494304	0.3208
1	10556097	rs636291	1	10495773	rs375902788	0.3208
1	10556097	rs636291	1	10495795	rs2483683	0.377908
1	10556097	rs636291	1	10495797	rs2478013	0.377908
1	10556097	rs636291	1	10496038	rs141993546	0.304968
1	10556097	rs636291	1	10496601	rs61088068	0.381924
1	10556097	rs636291	1	10496623	rs1760664	0.404245
1	10556097	rs636291	1	10496717	rs35138970	0.16557
1	10556097	rs636291	1	10496854	rs2483684	0.404245
1	10556097	rs636291	1	10496943	rs643399	0.404245
1	10556097	rs636291	1	10496944	rs643400	0.404245
1	10556097	rs636291	1	10497453	rs485665	0.370006
1	10556097	rs636291	1	10497532	rs71583869	0.283905
1	10556097	rs636291	1	10497815	rs565907019	0.404245
1	10556097	rs636291	1	10497911	rs1760666	0.399547
1	10556097	rs636291	1	10497915	rs1750349	0.399547
1	10556097	rs636291	1	10498453	rs676995	0.134325
1	10556097	rs636291	1	10500936	rs35315955	0.151389
1	10556097	rs636291	1	10502148	rs58692231	0.161391
1	10556097	rs636291	1	10502307	rs33919161	0.133585
1	10556097	rs636291	1	10502710	rs2847337	0.133585
1	10556097	rs636291	1	10503000	rs10864455	0.133585
1	10556097	rs636291	1	10503489	rs12126556	0.151389
1	10556097	rs636291	1	10503641	rs10864456	0.133585
1	10556097	rs636291	1	10506518	rs4285702	0.129927
1	10556097	rs636291	1	10506667	rs1307487	0.4058
1	10556097	rs636291	1	10506981	rs76730171	0.107317
1	10556097	rs636291	1	10507236	rs1307489	0.133585
1	10556097	rs636291	1	10508023	rs61450086	0.133585
1	10556097	rs636291	1	10508136	rs3828044	0.151389
1	10556097	rs636291	1	10508679	rs1307490	0.133585
1	10556097	rs636291	1	10508699	rs1307491	0.17622
1	10556097	rs636291	1	10509409	rs1307493	0.133585
1	10556097	rs636291	1	10509703	rs1307494	0.133585
1	10556097	rs636291	1	10510682	rs1308520	0.133585
1	10556097	rs636291	1	10511330	rs3838398	0.383476
1	10556097	rs636291	1	10511544	rs628462	0.207021
1	10556097	rs636291	1	10511589	rs666103	0.143855
1	10556097	rs636291	1	10512056	rs1307497	0.133585
1	10556097	rs636291	1	10512270	rs540121078	0.0940973
1	10556097	rs636291	1	10512390	rs10746494	0.386136
1	10556097	rs636291	1	10512509	rs6540931	0.133585
1	10556097	rs636291	1	10513731	rs34620741	0.188804
1	10556097	rs636291	1	10514046	rs5772412	0.181605
1	10556097	rs636291	1	10514330	rs12745969	0.168871
1	10556097	rs636291	1	10515414	rs2483686	0.138961
1	10556097	rs636291	1	10515551	rs531056487	0.141261
1	10556097	rs636291	1	10516290	rs12134590	0.167132
1	10556097	rs636291	1	10516393	rs944973	0.133585
1	10556097	rs636291	1	10517273	rs11121572	0.168871
1	10556097	rs636291	1	10517944	rs142589167	0.133585
1	10556097	rs636291	1	10518596	rs3927586	0.133585
1	10556097	rs636291	1	10519090	rs7537164	0.133585
1	10556097	rs636291	1	10520587	rs532954990	0.124947
1	10556097	rs636291	1	10522276	rs34372628	0.598987
1	10556097	rs636291	1	10522289	rs12065251	0.591958
1	10556097	rs636291	1	10523930	rs12729844	0.602536
1	10556097	rs636291	1	10524153	rs564849257	0.110392
1	10556097	rs636291	1	10524432	rs2027087	0.602536
1	10556097	rs636291	1	10524444	rs1203122	0.415232
1	10556097	rs636291	1	10524467	rs6667629	0.602536
1	10556097	rs636291	1	10525150	rs35526893	0.415232
1	10556097	rs636291	1	10525459	rs34389737	0.602536
1	10556097	rs636291	1	10525841	rs34132699	0.501907
1	10556097	rs636291	1	10525860	rs1188530	0.145204
1	10556097	rs636291	1	10525914	rs1188529	0.947623
1	10556097	rs636291	1	10526144	rs672606	0.418594
1	10556097	rs636291	1	10529194	rs2781233	0.418594
1	10556097	rs636291	1	10529896	rs35502618	0.789635
1	10556097	rs636291	1	10536635	rs655271	0.40865
1	10556097	rs636291	1	10537090	rs684016	0.343467
1	10556097	rs636291	1	10537420	rs74225522	0.130547
1	10556097	rs636291	1	10537437	rs685746	0.965175
1	10556097	rs636291	1	10538147	rs60321516	0.119953
1	10556097	rs636291	1	10538951	rs1152739	0.894832
1	10556097	rs636291	1	10539543	rs607941	0.894832
1	10556097	rs636291	1	10540898	rs547212171	0.118104
1	10556097	rs636291	1	10540900	rs568713909	0.118104
1	10556097	rs636291	1	10540916	rs201060538	0.33697
1	10556097	rs636291	1	10540918	rs56006920	0.187496
1	10556097	rs636291	1	10540926	rs55935829	0.40865
1	10556097	rs636291	1	10541293	rs10864458	0.965175
1	10556097	rs636291	1	10541824	rs11121579	0.40865
1	10556097	rs636291	1	10541880	rs34612970	0.582821
1	10556097	rs636291	1	10542584	rs12124486	0.619637
1	10556097	rs636291	1	10542609	rs143427354	0.114455
1	10556097	rs636291	1	10542714	rs652771	0.894832
1	10556097	rs636291	1	10542920	rs663864	0.40865
1	10556097	rs636291	1	10542940	rs76927098	0.125598
1	10556097	rs636291	1	10543817	rs34647980	0.894832
1	10556097	rs636291	1	10543836	rs9970001	0.125598
1	10556097	rs636291	1	10543988	rs33999128	0.341604
1	10556097	rs636291	1	10544234	rs34856066	0.40865
1	10556097	rs636291	1	10544388	rs2781232	0.890945
1	10556097	rs636291	1	10544547	rs668805	0.894832
1	10556097	rs636291	1	10544725	rs669701	0.894832
1	10556097	rs636291	1	10544988	rs12565133	0.391051
1	10556097	rs636291	1	10545590	rs587916	0.894832
1	10556097	rs636291	1	10547263	rs6540933	0.890945
1	10556097	rs636291	1	10547687	rs1188528	0.894832
1	10556097	rs636291	1	10549380	rs670666	0.40865
1	10556097	rs636291	1	10549628	rs585870	0.894832
1	10556097	rs636291	1	10549848	rs1188526	0.890945
1	10556097	rs636291	1	10550352	rs673254	0.40865
1	10556097	rs636291	1	10550877	rs1188525	0.890945
1	10556097	rs636291	1	10551763	rs657244	0.890945
1	10556097	rs636291	1	10552718	rs4846228	0.125598
1	10556097	rs636291	1	10554505	rs597438	0.894832
1	10556097	rs636291	1	10554709	rs596537	0.894832
1	10556097	rs636291	1	10554794	rs620405	0.894832
1	10556097	rs636291	1	10555257	rs622623	0.894832
1	10556097	rs636291	1	10556097	rs636291	1
1	10556097	rs636291	1	10556447	rs648324	0.890275
1	10556097	rs636291	1	10556485	rs648399	0.894832
1	10556097	rs636291	1	10557251	rs662064	0.894832
1	10556097	rs636291	1	10557544	rs660725	0.894832
1	10556097	rs636291	1	10558210	rs647281	0.144523
1	10556097	rs636291	1	10559598	rs585406	0.361189
1	10556097	rs636291	1	10560214	rs373062624;rs34611625	0.882291
1	10556097	rs636291	1	10560988	rs74810178	0.122876
1	10556097	rs636291	1	10561282	rs589400	0.886155
1	10556097	rs636291	1	10561347	rs71583875	0.951909
1	10556097	rs636291	1	10561559	rs58975800	0.114091
1	10556097	rs636291	1	10561604	rs6658216	0.951909
1	10556097	rs636291	1	10561923	rs1632108	0.886155
1	10556097	rs636291	1	10561954	rs683864	0.886155
1	10556097	rs636291	1	10562163	rs76282123	0.122876
1	10556097	rs636291	1	10563364	rs202087283	0.810084
1	10556097	rs636291	1	10563492	rs2506901	0.886155
1	10556097	rs636291	1	10563609	rs10864459	0.951909
1	10556097	rs636291	1	10563671	rs10864460	0.78993
1	10556097	rs636291	1	10563681	rs2506902	0.723961
1	10556097	rs636291	1	10563717	rs2781230	0.721041
1	10556097	rs636291	1	10563935	rs2186949	0.391616
1	10556097	rs636291	1	10564675	rs2847344	0.81499
1	10556097	rs636291	1	10564774	rs141752784	0.12015
1	10556097	rs636291	1	10564909	rs12073943	0.361084
1	10556097	rs636291	1	10565343	rs61192982	0.110262
1	10556097	rs636291	1	10565488	rs1755594	0.646523
1	10556097	rs636291	1	10565741	rs34387707	0.612848
1	10556097	rs636291	1	10565947	rs1755592	0.339736
1	10556097	rs636291	1	10566148	rs7543322	0.29566
1	10556097	rs636291	1	10566215	rs616488	0.615909
1	10556097	rs636291	1	10566272	rs616402	0.761648
1	10556097	rs636291	1	10566522	rs617728	0.753882
1	10556097	rs636291	1	10566668	rs2506879	0.103975
1	10556097	rs636291	1	10567058	rs602601	0.305925
1	10556097	rs636291	1	10567122	rs604814	0.305925
1	10556097	rs636291	1	10567208	rs604369	0.369323
1	10556097	rs636291	1	10567658	rs2480786	0.105974
1	10556097	rs636291	1	10567711	rs589151	0.371153
1	10556097	rs636291	1	10568277	rs2506880	0.753882
1	10556097	rs636291	1	10569000	rs550808470	0.690678
1	10556097	rs636291	1	10569258	rs2480785	0.753882
1	10556097	rs636291	1	10570721	rs2480784	0.106793
1	10556097	rs636291	1	10572967	rs12129512	0.529686
1	10556097	rs636291	1	10573296	rs34946937	0.369323
1	10556097	rs636291	1	10573867	rs2274985	0.369323
1	10556097	rs636291	1	10574185	rs3215946	0.297674
1	10556097	rs636291	1	10577276	rs5005737	0.365978
1	10556097	rs636291	1	10577740	rs11121581	0.369323
1	10556097	rs636291	1	10578606	rs7419116	0.311
1	10556097	rs636291	1	10578791	rs11584327	0.369323
1	10556097	rs636291	1	10579545	rs1411402	0.746543
1	10556097	rs636291	1	10579650	rs2506884	0.0994871
1	10556097	rs636291	1	10579808	rs74225528	0.0994871
1	10556097	rs636291	1	10580275	rs10779737	0.311
1	10556097	rs636291	1	10580891	rs2483677	0.750199
1	10556097	rs636291	1	10581051	rs2506885	0.565021
1	10556097	rs636291	1	10581658	rs2056417	0.750199
1	10556097	rs636291	1	10582047	rs2483678	0.0994871
1	10556097	rs636291	1	10583531	rs2506886	0.0994871
1	10556097	rs636291	1	10584346	rs7522072	0.0994871
1	10556097	rs636291	1	10584672	rs2506887	0.0994871
1	10556097	rs636291	1	10585527	rs17035156	0.0994871
1	10556097	rs636291	1	10586801	rs2988399	0.109846
1	10556097	rs636291	1	10589836	rs7548453	0.33143
1	10556097	rs636291	1	10592231	rs12403130	0.0957851
1	10556097	rs636291	1	10593296	rs2480782	0.103696
1	10556097	rs636291	1	10594790	rs2026792	0.707752
1	10556097	rs636291	1	10595211	rs2480780	0.107959
1	10556097	rs636291	1	10595833	rs34318995	0.275903
1	10556097	rs636291	1	10596022	rs2506889	0.707752
1	10556097	rs636291	1	10596341	rs12375	0.707752
1	10556097	rs636291	1	10596622	rs10779738	0.107959
1	10556097	rs636291	1	10596624	rs10864461	0.107959
1	10556097	rs636291	1	10597024	rs17035189	0.333144
1	10556097	rs636291	1	10597217	rs4240914	0.107959
1	10556097	rs636291	1	10597551	rs2480777	0.707752
1	10556097	rs636291	1	10598216	rs2506892	0.707752
1	10556097	rs636291	1	10600605	rs56172605	0.175412
1	10556097	rs636291	1	10600658	rs542462274	0.143559
1	10556097	rs636291	1	10601761	rs6681221	0.107959
1	10556097	rs636291	1	10602784	rs61394893	0.107959
1	10556097	rs636291	1	10603716	rs2506896	0.705985
1	10556097	rs636291	1	10605796	rs11580264	0.342312
1	10556097	rs636291	1	10606787	rs55913143	0.181018
1	10556097	rs636291	1	10607394	rs710130	0.142528
1	10556097	rs636291	1	10608583	rs12117392	0.180032
1	10556097	rs636291	1	10609505	rs12120962	0.178291
1	10556097	rs636291	1	10609973	rs2150038	0.681856
1	10556097	rs636291	1	10610129	rs2183377	0.0960106
1	10556097	rs636291	1	10611403	rs6688558	0.179051
1	10556097	rs636291	1	10611417	rs6696891	0.177307
1	10556097	rs636291	1	10612820	rs9430149	0.675607
1	10556097	rs636291	1	10613167	rs7555790	0.180032
1	10556097	rs636291	1	10613351	rs12725704	0.463543
1	10556097	rs636291	1	10613611	rs12739407	0.0963513
1	10556097	rs636291	1	10613660	rs12127400	0.180032
1	10556097	rs636291	1	10613697	rs112766521	0.17751
1	10556097	rs636291	1	10614777	rs58060040	0.177869
1	10556097	rs636291	1	10614804	rs67488812	0.675185
1	10556097	rs636291	1	10615982	rs78432262	0.128106
1	10556097	rs636291	1	10616505	rs17035305	0.678344
1	10556097	rs636291	1	10617034	rs12028449	0.677903
1	10556097	rs636291	1	10617359	rs9660218	0.176538
1	10556097	rs636291	1	10617924	rs12402967	0.470271
1	10556097	rs636291	1	10618109	rs11121587	0.675185
1	10556097	rs636291	1	10618804	rs7545184	0.0960106
1	10556097	rs636291	1	10620719	rs9661121	0.141437
1	10556097	rs636291	1	10620773	rs9660903	0.121749
1	10556097	rs636291	1	10621050	rs58788814	0.0952832
1	10556097	rs636291	1	10621061	rs34575776	0.675185
1	10556097	rs636291	1	10621363	rs7519424	0.14249
1	10556097	rs636291	1	10622374	rs7512467	0.0952832
1	10556097	rs636291	1	10622915	rs35409029	0.14249
1	10556097	rs636291	1	10622971	rs35438761	0.140056
1	10556097	rs636291	1	10622976	rs56219403	0.14249
1	10556097	rs636291	1	10623239	rs12750901	0.14249
1	10556097	rs636291	1	10624057	rs59001371	0.0952832
1	10556097	rs636291	1	10624315	rs6663688	0.14249
1	10556097	rs636291	1	10624468	rs6663898	0.14249
1	10556097	rs636291	1	10626287	rs11121593	0.14249
1	10556097	rs636291	1	10626550	rs56355612	0.127017
1	10556097	rs636291	1	10626922	rs11121594	0.14249
1	10556097	rs636291	1	10627542	rs12033275	0.0952832
1	10556097	rs636291	1	10627619	rs6661757	0.1448
1	10556097	rs636291	1	10627701	rs114425920	0.0952832
1	10556097	rs636291	1	10628350	rs12753364	0.14249
1	10556097	rs636291	1	10628882	rs10779743	0.141437
1	10556097	rs636291	1	10629133	rs10779744	0.141437
1	10556097	rs636291	1	10629562	rs12565494	0.141437
1	10556097	rs636291	1	10629772	rs76431309	0.128106
1	10556097	rs636291	1	10630966	rs34230252	0.141437
1	10556097	rs636291	1	10631237	rs7512495	0.179103
1	10556097	rs636291	1	10631739	rs7534954	0.141437
1	10556097	rs636291	1	10631811	rs7524790	0.141437
1	10556097	rs636291	1	10631815	rs12133103	0.141437
1	10556097	rs636291	1	10632235	rs4846235	0.675607
1	10556097	rs636291	1	10632615	rs72641424	0.0952832
1	10556097	rs636291	1	10632647	rs4846237	0.141437
1	10556097	rs636291	1	10632737	rs36116008	0.141437
1	10556097	rs636291	1	10633245	rs6687430	0.417843
1	10556097	rs636291	1	10633273	rs6687502	0.141437
1	10556097	rs636291	1	10633421	rs6676491	0.178291
1	10556097	rs636291	1	10633453	rs6687622	0.141437
1	10556097	rs636291	1	10633489	rs78507554	0.099404
1	10556097	rs636291	1	10633543	rs6664134	0.141437
1	10556097	rs636291	1	10633651	rs12129678	0.0952832
1	10556097	rs636291	1	10634171	rs7536149	0.184633
1	10556097	rs636291	1	10634195	rs72641427	0.0997178
1	10556097	rs636291	1	10635121	rs10864465	0.0952832
1	10556097	rs636291	1	10635131	rs142120114	0.640243
1	10556097	rs636291	1	10635328	rs12139169	0.179103
1	10556097	rs636291	1	10635362	rs11121596	0.0946001
1	10556097	rs636291	1	10635656	rs4845937	0.099422
1	10556097	rs636291	1	10636443	rs6540937	0.141437
1	10556097	rs636291	1	10636459	rs6540938	0.141437
1	10556097	rs636291	1	10636853	rs11121597	0.0952832
1	10556097	rs636291	1	10636955	rs4617401	0.141437
1	10556097	rs636291	1	10637246	rs5772421	0.14039
1	10556097	rs636291	1	10637709	rs112436634	0.681444
1	10556097	rs636291	1	10637841	rs59163005	0.0952832
1	10556097	rs636291	1	10638604	rs12741973	0.366107
1	10556097	rs636291	1	10639107	rs113736844	0.174086
1	10556097	rs636291	1	10643197	rs12038548	0.238244
