CHR_A	BP_A	SNP_A	CHR_B	BP_B	SNP_B	R2
10	51521247	rs2843549	10	51449190	rs530482936	0.292638
10	51521247	rs2843549	10	51450060	rs1817303	0.500426
10	51521247	rs2843549	10	51455870	rs61849554	0.178274
10	51521247	rs2843549	10	51456627	rs200047895	0.382784
10	51521247	rs2843549	10	51461613	rs372210980	0.257393
10	51521247	rs2843549	10	51461808	rs79489567	0.305027
10	51521247	rs2843549	10	51462599	rs200470358	0.595328
10	51521247	rs2843549	10	51462703	rs28576473	0.609806
10	51521247	rs2843549	10	51463695	rs10995905	0.286518
10	51521247	rs2843549	10	51464102	rs199929553	0.354454
10	51521247	rs2843549	10	51464656	rs61850063	0.485571
10	51521247	rs2843549	10	51465138	rs201025969	0.29733
10	51521247	rs2843549	10	51465650	rs199898426	0.484244
10	51521247	rs2843549	10	51465920	rs4043622	0.395039
10	51521247	rs2843549	10	51467783	rs61850065	0.484966
10	51521247	rs2843549	10	51468284	rs61850067	0.477559
10	51521247	rs2843549	10	51469030	rs146944434	0.329698
10	51521247	rs2843549	10	51469118	rs61850070	0.437429
10	51521247	rs2843549	10	51469145	rs61850071	0.435803
10	51521247	rs2843549	10	51469168	rs61850072	0.397408
10	51521247	rs2843549	10	51469179	rs61850073	0.397408
10	51521247	rs2843549	10	51470151	rs61850085	0.569144
10	51521247	rs2843549	10	51475313	rs61850088	0.544893
10	51521247	rs2843549	10	51475684	rs61850089	0.622711
10	51521247	rs2843549	10	51477149	rs11002357	0.657056
10	51521247	rs2843549	10	51477471	rs11002501	0.65286
10	51521247	rs2843549	10	51477663	rs11002583	0.65286
10	51521247	rs2843549	10	51480646	rs184076571	0.102876
10	51521247	rs2843549	10	51480647	rs114151169	0.587234
10	51521247	rs2843549	10	51480648	rs188110706	0.582973
10	51521247	rs2843549	10	51482312	rs201381596	0.616767
10	51521247	rs2843549	10	51483510	rs200581019	0.557304
10	51521247	rs2843549	10	51484494	rs146059343	0.466001
10	51521247	rs2843549	10	51484603	rs191378001	0.124318
10	51521247	rs2843549	10	51485001	rs61850095	0.70344
10	51521247	rs2843549	10	51486999	rs61850098	0.70574
10	51521247	rs2843549	10	51488744	rs76782576	0.341733
10	51521247	rs2843549	10	51489186	rs2843567	0.494496
10	51521247	rs2843549	10	51489215	rs2611493	0.558249
10	51521247	rs2843549	10	51489224	rs35716372	0.688611
10	51521247	rs2843549	10	51489257	rs11595194	0.610665
10	51521247	rs2843549	10	51489279	rs11003800	0.42302
10	51521247	rs2843549	10	51489367	rs2843566	0.546389
10	51521247	rs2843549	10	51489370	rs2611492	0.546389
10	51521247	rs2843549	10	51489393	rs2611491	0.68601
10	51521247	rs2843549	10	51489577	rs143567661	0.637517
10	51521247	rs2843549	10	51489667	rs12783102	0.633664
10	51521247	rs2843549	10	51489780	rs28451380	0.712979
10	51521247	rs2843549	10	51491125	rs4935090	0.641384
10	51521247	rs2843549	10	51491280	rs35397545	0.641384
10	51521247	rs2843549	10	51491589	rs12781411	0.721761
10	51521247	rs2843549	10	51491927	rs10825187	0.641384
10	51521247	rs2843549	10	51492131	rs2926493	0.637517
10	51521247	rs2843549	10	51492713	rs4278470	0.637517
10	51521247	rs2843549	10	51492783	rs11004047	0.429898
10	51521247	rs2843549	10	51492786	rs35436610	0.663801
10	51521247	rs2843549	10	51492789	rs10825222	0.540347
10	51521247	rs2843549	10	51493566	rs11591637	0.641384
10	51521247	rs2843549	10	51495110	rs11004221	0.641384
10	51521247	rs2843549	10	51495349	rs11004246	0.719246
10	51521247	rs2843549	10	51495683	rs79784258	0.637517
10	51521247	rs2843549	10	51495828	rs111290213	0.419214
10	51521247	rs2843549	10	51496623	rs11004324	0.721761
10	51521247	rs2843549	10	51496796	rs2843562	0.637517
10	51521247	rs2843549	10	51497155	rs34135040	0.721761
10	51521247	rs2843549	10	51498019	rs11004409	0.848774
10	51521247	rs2843549	10	51498181	rs11004415	0.848774
10	51521247	rs2843549	10	51498336	rs11004422	0.848774
10	51521247	rs2843549	10	51498493	rs11004435	0.848774
10	51521247	rs2843549	10	51499655	rs11599333	0.848774
10	51521247	rs2843549	10	51500088	rs11004584	0.845422
10	51521247	rs2843549	10	51500301	rs2611502	0.845422
10	51521247	rs2843549	10	51500625	rs12777595	0.227955
10	51521247	rs2843549	10	51500874	rs12763717	0.848774
10	51521247	rs2843549	10	51501276	rs66746805	0.849359
10	51521247	rs2843549	10	51501304	rs67289834	0.949116
10	51521247	rs2843549	10	51501963	rs138061577	0.952958
10	51521247	rs2843549	10	51502436	rs56244335	0.852699
10	51521247	rs2843549	10	51502552	rs55848837	0.946745
10	51521247	rs2843549	10	51502574	rs57858801	0.856054
10	51521247	rs2843549	10	51502612	rs57442251	0.950773
10	51521247	rs2843549	10	51502802	rs113082846	0.852699
10	51521247	rs2843549	10	51503178	rs2611475	0.845422
10	51521247	rs2843549	10	51503335	rs7071471	0.952958
10	51521247	rs2843549	10	51503375	rs7090326	0.856054
10	51521247	rs2843549	10	51503559	rs2611471	0.852699
10	51521247	rs2843549	10	51503977	rs12412140	0.856054
10	51521247	rs2843549	10	51504385	rs4935573	0.852699
10	51521247	rs2843549	10	51504493	rs745180	0.85149
10	51521247	rs2843549	10	51504604	rs2337711	0.952958
10	51521247	rs2843549	10	51504797	rs2012677	0.852699
10	51521247	rs2843549	10	51504938	rs10763193	0.856054
10	51521247	rs2843549	10	51505000	rs34974181	0.948828
10	51521247	rs2843549	10	51505403	rs898343	0.856054
10	51521247	rs2843549	10	51506284	rs4448631	0.856054
10	51521247	rs2843549	10	51506957	rs2125771	0.852699
10	51521247	rs2843549	10	51509258	rs10825587	0.948997
10	51521247	rs2843549	10	51509408	rs10763256	0.952958
10	51521247	rs2843549	10	51510203	rs61847060	0.948997
10	51521247	rs2843549	10	51510300	rs34115425	0.877274
10	51521247	rs2843549	10	51510482	rs11005075	0.856054
10	51521247	rs2843549	10	51510761	rs10825652	0.952958
10	51521247	rs2843549	10	51510813	rs11005089	0.952958
10	51521247	rs2843549	10	51512129	rs2843560	0.856054
10	51521247	rs2843549	10	51512393	rs570571161;rs66462216	0.719818
10	51521247	rs2843549	10	51513871	rs2262569	0.856054
10	51521247	rs2843549	10	51514824	rs2125770	0.856054
10	51521247	rs2843549	10	51515457	rs2611513	0.952958
10	51521247	rs2843549	10	51515534	rs2611512	0.856054
10	51521247	rs2843549	10	51516252	rs2611509	0.961047
10	51521247	rs2843549	10	51516299	rs2843556	0.956583
10	51521247	rs2843549	10	51517356	rs2926494	0.988175
10	51521247	rs2843549	10	51518047	rs2611508	0.992072
10	51521247	rs2843549	10	51518083	rs35094615	0.988175
10	51521247	rs2843549	10	51518673	rs2611507	0.992122
10	51521247	rs2843549	10	51518688	rs2843546	0.988175
10	51521247	rs2843549	10	51518787	rs2611506	0.992122
10	51521247	rs2843549	10	51518906	rs2611505	0.992122
10	51521247	rs2843549	10	51518910	rs2611504	0.988175
10	51521247	rs2843549	10	51519154	rs57263518	0.992122
10	51521247	rs2843549	10	51519358	rs2843547	0.992041
10	51521247	rs2843549	10	51519516	rs2611486	0.988175
10	51521247	rs2843549	10	51520177	rs3032323	0.924252
10	51521247	rs2843549	10	51520203	rs3101227	0.996012
10	51521247	rs2843549	10	51520488	rs35931666	0.876088
10	51521247	rs2843549	10	51521247	rs2843549	1
10	51521247	rs2843549	10	51521452	rs2843550	1
10	51521247	rs2843549	10	51521684	rs2249986	0.988175
10	51521247	rs2843549	10	51521945	rs2843551	0.996012
10	51521247	rs2843549	10	51522120	rs7088225	0.992024
10	51521247	rs2843549	10	51522276	rs7077830	0.988032
10	51521247	rs2843549	10	51523213	rs1585378	0.984245
10	51521247	rs2843549	10	51523861	rs2843554	0.996012
10	51521247	rs2843549	10	51524274	rs2843555	0.98043
10	51521247	rs2843549	10	51524889	rs2611489	0.992066
10	51521247	rs2843549	10	51524971	rs3123078	0.992066
10	51521247	rs2843549	10	51525699	rs4935162	0.992066
10	51521247	rs2843549	10	51526051	rs543447601	0.74736
10	51521247	rs2843549	10	51526093	rs7081532	0.992066
10	51521247	rs2843549	10	51527370	rs10826075	0.380527
10	51521247	rs2843549	10	51528656	rs7915602	0.992066
10	51521247	rs2843549	10	51529379	rs7896156	0.98434
10	51521247	rs2843549	10	51529593	rs7896437	0.992066
10	51521247	rs2843549	10	51529746	rs6481329	0.98434
10	51521247	rs2843549	10	51529805	rs7910704	0.506024
10	51521247	rs2843549	10	51530146	rs4554834	0.98434
10	51521247	rs2843549	10	51530505	rs10826125	0.98434
10	51521247	rs2843549	10	51530757	rs10826127	0.98043
10	51521247	rs2843549	10	51531805	rs4486572	0.988093
10	51521247	rs2843549	10	51532367	rs4581397	0.980298
10	51521247	rs2843549	10	51532528	rs4630240	0.496281
10	51521247	rs2843549	10	51532621	rs7920517	0.972728
10	51521247	rs2843549	10	51532751	rs4630241	0.968842
10	51521247	rs2843549	10	51533376	rs9787697	0.968842
10	51521247	rs2843549	10	51534920	rs10763534	0.964929
10	51521247	rs2843549	10	51535801	rs10763536	0.976345
10	51521247	rs2843549	10	51535857	rs10763538	0.976345
10	51521247	rs2843549	10	51535931	rs10763539	0.964929
10	51521247	rs2843549	10	51535992	rs10826181	0.961047
10	51521247	rs2843549	10	51536399	rs10763546	0.964929
10	51521247	rs2843549	10	51536884	rs11006162	0.352921
10	51521247	rs2843549	10	51537292	rs4131357	0.964929
10	51521247	rs2843549	10	51537431	rs7914347	0.964929
10	51521247	rs2843549	10	51537475	rs7911198	0.972407
10	51521247	rs2843549	10	51537653	rs4463804	0.968826
10	51521247	rs2843549	10	51538169	rs10763567	0.972453
10	51521247	rs2843549	10	51538176	rs11006207	0.964929
10	51521247	rs2843549	10	51538813	rs10763576	0.968826
10	51521247	rs2843549	10	51538915	rs11006223	0.964929
10	51521247	rs2843549	10	51539006	rs57194127	0.675028
10	51521247	rs2843549	10	51539156	rs11593361	0.968826
10	51521247	rs2843549	10	51539256	rs10826227	0.961517
10	51521247	rs2843549	10	51539259	rs78865546	0.957659
10	51521247	rs2843549	10	51539271	rs28416634	0.957659
10	51521247	rs2843549	10	51539745	rs35494443	0.964929
10	51521247	rs2843549	10	51539762	rs10763588	0.964929
10	51521247	rs2843549	10	51540291	rs11006274	0.976345
10	51521247	rs2843549	10	51540613	rs12569640	0.230858
10	51521247	rs2843549	10	51540860	rs4315013	0.957162
10	51521247	rs2843549	10	51540867	rs4630243	0.957162
10	51521247	rs2843549	10	51540906	rs4512771	0.968504
10	51521247	rs2843549	10	51542444	rs4306255	0.864169
10	51521247	rs2843549	10	51543070	rs7070301	0.864169
10	51521247	rs2843549	10	51543344	rs4631830	0.861524
10	51521247	rs2843549	10	51544143	rs7075009	0.961047
10	51521247	rs2843549	10	51544475	rs7098889	0.957162
10	51521247	rs2843549	10	51544587	rs4304716	0.861524
10	51521247	rs2843549	10	51544680	rs72077188	0.961047
10	51521247	rs2843549	10	51544692	rs7477953	0.961047
10	51521247	rs2843549	10	51545028	rs6481462	0.861524
10	51521247	rs2843549	10	51545813	rs11006462	0.961047
10	51521247	rs2843549	10	51546115	rs71502415	0.181764
10	51521247	rs2843549	10	51546336	rs11006489	0.861524
10	51521247	rs2843549	10	51546461	rs35292857	0.404339
10	51521247	rs2843549	10	51547002	rs34073986	0.857235
10	51521247	rs2843549	10	51547371	rs7075697	0.853561
10	51521247	rs2843549	10	51549314	rs12770171	0.263827
10	51521247	rs2843549	10	51549496	rs10993994	0.790406
10	51521247	rs2843549	10	51551173	rs12775087	0.132584
10	51521247	rs2843549	10	51558125	rs7076948	0.193451
10	51521247	rs2843549	10	51559469	rs7904463	0.110582
10	51521247	rs2843549	10	51559936	rs7094791	0.110582
10	51521247	rs2843549	10	51563351	rs75933669	0.108004
10	51521247	rs2843549	10	51563352	rs78267136	0.108004
10	51524971	rs3123078	10	51449190	rs530482936	0.288865
10	51524971	rs3123078	10	51450060	rs1817303	0.492351
10	51524971	rs3123078	10	51455870	rs61849554	0.179913
10	51524971	rs3123078	10	51456627	rs200047895	0.374824
10	51524971	rs3123078	10	51461613	rs372210980	0.258483
10	51524971	rs3123078	10	51461808	rs79489567	0.300466
10	51524971	rs3123078	10	51462599	rs200470358	0.585564
10	51524971	rs3123078	10	51462703	rs28576473	0.60001
10	51524971	rs3123078	10	51463695	rs10995905	0.281022
10	51524971	rs3123078	10	51464102	rs199929553	0.348971
10	51524971	rs3123078	10	51464656	rs61850063	0.474914
10	51524971	rs3123078	10	51465138	rs201025969	0.292485
10	51524971	rs3123078	10	51465650	rs199898426	0.472641
10	51524971	rs3123078	10	51465920	rs4043622	0.384909
10	51524971	rs3123078	10	51467783	rs61850065	0.47499
10	51524971	rs3123078	10	51468284	rs61850067	0.467728
10	51524971	rs3123078	10	51469030	rs146944434	0.322848
10	51524971	rs3123078	10	51469118	rs61850070	0.428099
10	51524971	rs3123078	10	51469145	rs61850071	0.426495
10	51524971	rs3123078	10	51469168	rs61850072	0.387501
10	51524971	rs3123078	10	51469179	rs61850073	0.387501
10	51524971	rs3123078	10	51470151	rs61850085	0.557764
10	51524971	rs3123078	10	51475313	rs61850088	0.539324
10	51524971	rs3123078	10	51475684	rs61850089	0.611443
10	51524971	rs3123078	10	51477149	rs11002357	0.646049
10	51524971	rs3123078	10	51477471	rs11002501	0.641859
10	51524971	rs3123078	10	51477663	rs11002583	0.641859
10	51524971	rs3123078	10	51480646	rs184076571	0.101345
10	51524971	rs3123078	10	51480647	rs114151169	0.576041
10	51524971	rs3123078	10	51480648	rs188110706	0.571665
10	51524971	rs3123078	10	51482312	rs201381596	0.605593
10	51524971	rs3123078	10	51483510	rs200581019	0.551392
10	51524971	rs3123078	10	51484494	rs146059343	0.458869
10	51524971	rs3123078	10	51484603	rs191378001	0.122335
10	51524971	rs3123078	10	51485001	rs61850095	0.691995
10	51524971	rs3123078	10	51486999	rs61850098	0.694238
10	51524971	rs3123078	10	51488744	rs76782576	0.3318
10	51524971	rs3123078	10	51489186	rs2843567	0.483911
10	51524971	rs3123078	10	51489215	rs2611493	0.547051
10	51524971	rs3123078	10	51489224	rs35716372	0.676977
10	51524971	rs3123078	10	51489257	rs11595194	0.59876
10	51524971	rs3123078	10	51489279	rs11003800	0.415244
10	51524971	rs3123078	10	51489367	rs2843566	0.535634
10	51524971	rs3123078	10	51489370	rs2611492	0.535634
10	51524971	rs3123078	10	51489393	rs2611491	0.67435
10	51524971	rs3123078	10	51489577	rs143567661	0.625621
10	51524971	rs3123078	10	51489667	rs12783102	0.62177
10	51524971	rs3123078	10	51489780	rs28451380	0.700935
10	51524971	rs3123078	10	51491125	rs4935090	0.629487
10	51524971	rs3123078	10	51491280	rs35397545	0.629487
10	51524971	rs3123078	10	51491589	rs12781411	0.70971
10	51524971	rs3123078	10	51491927	rs10825187	0.629487
10	51524971	rs3123078	10	51492131	rs2926493	0.625621
10	51524971	rs3123078	10	51492713	rs4278470	0.625621
10	51524971	rs3123078	10	51492783	rs11004047	0.418194
10	51524971	rs3123078	10	51492786	rs35436610	0.651698
10	51524971	rs3123078	10	51492789	rs10825222	0.530538
10	51524971	rs3123078	10	51493566	rs11591637	0.629487
10	51524971	rs3123078	10	51495110	rs11004221	0.629487
10	51524971	rs3123078	10	51495349	rs11004246	0.707258
10	51524971	rs3123078	10	51495683	rs79784258	0.625621
10	51524971	rs3123078	10	51495828	rs111290213	0.409552
10	51524971	rs3123078	10	51496623	rs11004324	0.70971
10	51524971	rs3123078	10	51496796	rs2843562	0.625621
10	51524971	rs3123078	10	51497155	rs34135040	0.70971
10	51524971	rs3123078	10	51498019	rs11004409	0.840574
10	51524971	rs3123078	10	51498181	rs11004415	0.840574
10	51524971	rs3123078	10	51498336	rs11004422	0.840574
10	51524971	rs3123078	10	51498493	rs11004435	0.840574
10	51524971	rs3123078	10	51499655	rs11599333	0.840574
10	51524971	rs3123078	10	51500088	rs11004584	0.837202
10	51524971	rs3123078	10	51500301	rs2611502	0.837202
10	51524971	rs3123078	10	51500625	rs12777595	0.2296
10	51524971	rs3123078	10	51500874	rs12763717	0.840574
10	51524971	rs3123078	10	51501276	rs66746805	0.841076
10	51524971	rs3123078	10	51501304	rs67289834	0.941132
10	51524971	rs3123078	10	51501963	rs138061577	0.944994
10	51524971	rs3123078	10	51502436	rs56244335	0.844437
10	51524971	rs3123078	10	51502552	rs55848837	0.938362
10	51524971	rs3123078	10	51502574	rs57858801	0.84781
10	51524971	rs3123078	10	51502612	rs57442251	0.942412
10	51524971	rs3123078	10	51502802	rs113082846	0.844437
10	51524971	rs3123078	10	51503178	rs2611475	0.837202
10	51524971	rs3123078	10	51503335	rs7071471	0.944994
10	51524971	rs3123078	10	51503375	rs7090326	0.84781
10	51524971	rs3123078	10	51503559	rs2611471	0.844437
10	51524971	rs3123078	10	51503977	rs12412140	0.84781
10	51524971	rs3123078	10	51504385	rs4935573	0.844437
10	51524971	rs3123078	10	51504493	rs745180	0.843289
10	51524971	rs3123078	10	51504604	rs2337711	0.944994
10	51524971	rs3123078	10	51504797	rs2012677	0.844437
10	51524971	rs3123078	10	51504938	rs10763193	0.84781
10	51524971	rs3123078	10	51505000	rs34974181	0.940902
10	51524971	rs3123078	10	51505403	rs898343	0.84781
10	51524971	rs3123078	10	51506284	rs4448631	0.84781
10	51524971	rs3123078	10	51506957	rs2125771	0.844437
10	51524971	rs3123078	10	51509258	rs10825587	0.941094
10	51524971	rs3123078	10	51509408	rs10763256	0.944994
10	51524971	rs3123078	10	51510203	rs61847060	0.941094
10	51524971	rs3123078	10	51510300	rs34115425	0.870034
10	51524971	rs3123078	10	51510482	rs11005075	0.84781
10	51524971	rs3123078	10	51510761	rs10825652	0.944994
10	51524971	rs3123078	10	51510813	rs11005089	0.944994
10	51524971	rs3123078	10	51512129	rs2843560	0.84781
10	51524971	rs3123078	10	51512393	rs570571161;rs66462216	0.719818
10	51524971	rs3123078	10	51513871	rs2262569	0.84781
10	51524971	rs3123078	10	51514824	rs2125770	0.84781
10	51524971	rs3123078	10	51515457	rs2611513	0.944994
10	51524971	rs3123078	10	51515534	rs2611512	0.84781
10	51524971	rs3123078	10	51516252	rs2611509	0.953167
10	51524971	rs3123078	10	51516299	rs2843556	0.948775
10	51524971	rs3123078	10	51517356	rs2926494	0.980307
10	51524971	rs3123078	10	51518047	rs2611508	0.9842
10	51524971	rs3123078	10	51518083	rs35094615	0.980228
10	51524971	rs3123078	10	51518673	rs2611507	0.984193
10	51524971	rs3123078	10	51518688	rs2843546	0.980228
10	51524971	rs3123078	10	51518787	rs2611506	0.984193
10	51524971	rs3123078	10	51518906	rs2611505	0.984193
10	51524971	rs3123078	10	51518910	rs2611504	0.980228
10	51524971	rs3123078	10	51519154	rs57263518	0.984193
10	51524971	rs3123078	10	51519358	rs2843547	0.984068
10	51524971	rs3123078	10	51519516	rs2611486	0.980228
10	51524971	rs3123078	10	51520177	rs3032323	0.932285
10	51524971	rs3123078	10	51520203	rs3101227	0.988115
10	51524971	rs3123078	10	51520488	rs35931666	0.867832
10	51524971	rs3123078	10	51521247	rs2843549	0.992066
10	51524971	rs3123078	10	51521452	rs2843550	0.992066
10	51524971	rs3123078	10	51521684	rs2249986	0.980228
10	51524971	rs3123078	10	51521945	rs2843551	0.996021
10	51524971	rs3123078	10	51522120	rs7088225	0.992066
10	51524971	rs3123078	10	51522276	rs7077830	0.988115
10	51524971	rs3123078	10	51523213	rs1585378	0.984164
10	51524971	rs3123078	10	51523861	rs2843554	0.996021
10	51524971	rs3123078	10	51524274	rs2843555	0.9882
10	51524971	rs3123078	10	51524889	rs2611489	1
10	51524971	rs3123078	10	51524971	rs3123078	1
10	51524971	rs3123078	10	51525699	rs4935162	1
10	51524971	rs3123078	10	51526051	rs543447601	0.760307
10	51524971	rs3123078	10	51526093	rs7081532	1
10	51524971	rs3123078	10	51527370	rs10826075	0.374378
10	51524971	rs3123078	10	51528656	rs7915602	1
10	51524971	rs3123078	10	51529379	rs7896156	0.992138
10	51524971	rs3123078	10	51529593	rs7896437	1
10	51524971	rs3123078	10	51529746	rs6481329	0.992138
10	51524971	rs3123078	10	51529805	rs7910704	0.514479
10	51524971	rs3123078	10	51530146	rs4554834	0.992138
10	51524971	rs3123078	10	51530505	rs10826125	0.992138
10	51524971	rs3123078	10	51530757	rs10826127	0.9882
10	51524971	rs3123078	10	51531805	rs4486572	0.996033
10	51524971	rs3123078	10	51532367	rs4581397	0.988175
10	51524971	rs3123078	10	51532528	rs4630240	0.498575
10	51524971	rs3123078	10	51532621	rs7920517	0.980437
10	51524971	rs3123078	10	51532751	rs4630241	0.976523
10	51524971	rs3123078	10	51533376	rs9787697	0.976523
10	51524971	rs3123078	10	51534920	rs10763534	0.972616
10	51524971	rs3123078	10	51535801	rs10763536	0.984193
10	51524971	rs3123078	10	51535857	rs10763538	0.984193
10	51524971	rs3123078	10	51535931	rs10763539	0.972616
10	51524971	rs3123078	10	51535992	rs10826181	0.968706
10	51524971	rs3123078	10	51536399	rs10763546	0.972616
10	51524971	rs3123078	10	51536884	rs11006162	0.347194
10	51524971	rs3123078	10	51537292	rs4131357	0.972616
10	51524971	rs3123078	10	51537431	rs7914347	0.972616
10	51524971	rs3123078	10	51537475	rs7911198	0.980228
10	51524971	rs3123078	10	51537653	rs4463804	0.976541
10	51524971	rs3123078	10	51538169	rs10763567	0.980307
10	51524971	rs3123078	10	51538176	rs11006207	0.972616
10	51524971	rs3123078	10	51538813	rs10763576	0.976541
10	51524971	rs3123078	10	51538915	rs11006223	0.972616
10	51524971	rs3123078	10	51539006	rs57194127	0.684389
10	51524971	rs3123078	10	51539156	rs11593361	0.976541
10	51524971	rs3123078	10	51539256	rs10826227	0.969102
10	51524971	rs3123078	10	51539259	rs78865546	0.965216
10	51524971	rs3123078	10	51539271	rs28416634	0.965216
10	51524971	rs3123078	10	51539745	rs35494443	0.972616
10	51524971	rs3123078	10	51539762	rs10763588	0.972616
10	51524971	rs3123078	10	51540291	rs11006274	0.984193
10	51524971	rs3123078	10	51540613	rs12569640	0.227103
10	51524971	rs3123078	10	51540860	rs4315013	0.964826
10	51524971	rs3123078	10	51540867	rs4630243	0.964826
10	51524971	rs3123078	10	51540906	rs4512771	0.97633
10	51524971	rs3123078	10	51542444	rs4306255	0.872613
10	51524971	rs3123078	10	51543070	rs7070301	0.872613
10	51524971	rs3123078	10	51543344	rs4631830	0.870051
10	51524971	rs3123078	10	51544143	rs7075009	0.968706
10	51524971	rs3123078	10	51544475	rs7098889	0.964826
10	51524971	rs3123078	10	51544587	rs4304716	0.870051
10	51524971	rs3123078	10	51544680	rs72077188	0.968706
10	51524971	rs3123078	10	51544692	rs7477953	0.968706
10	51524971	rs3123078	10	51545028	rs6481462	0.870051
10	51524971	rs3123078	10	51545813	rs11006462	0.968706
10	51524971	rs3123078	10	51546115	rs71502415	0.189011
10	51524971	rs3123078	10	51546336	rs11006489	0.870051
10	51524971	rs3123078	10	51546461	rs35292857	0.401753
10	51524971	rs3123078	10	51547002	rs34073986	0.865729
10	51524971	rs3123078	10	51547371	rs7075697	0.862101
10	51524971	rs3123078	10	51549314	rs12770171	0.259442
10	51524971	rs3123078	10	51549496	rs10993994	0.799319
10	51524971	rs3123078	10	51551173	rs12775087	0.139028
10	51524971	rs3123078	10	51558125	rs7076948	0.198068
10	51524971	rs3123078	10	51559469	rs7904463	0.112165
10	51524971	rs3123078	10	51559936	rs7094791	0.112165
10	51524971	rs3123078	10	51563351	rs75933669	0.115387
10	51524971	rs3123078	10	51563352	rs78267136	0.115387
10	51549496	rs10993994	10	51449190	rs530482936	0.227488
10	51549496	rs10993994	10	51450060	rs1817303	0.413384
10	51549496	rs10993994	10	51455870	rs61849554	0.0925807
10	51549496	rs10993994	10	51456627	rs200047895	0.367153
10	51549496	rs10993994	10	51461613	rs372210980	0.216893
10	51549496	rs10993994	10	51461808	rs79489567	0.273378
10	51549496	rs10993994	10	51462599	rs200470358	0.499901
10	51549496	rs10993994	10	51462703	rs28576473	0.505349
10	51549496	rs10993994	10	51463695	rs10995905	0.255271
10	51549496	rs10993994	10	51464102	rs199929553	0.258115
10	51549496	rs10993994	10	51464656	rs61850063	0.404725
10	51549496	rs10993994	10	51465138	rs201025969	0.194032
10	51549496	rs10993994	10	51465650	rs199898426	0.381974
10	51549496	rs10993994	10	51465920	rs4043622	0.335743
10	51549496	rs10993994	10	51467783	rs61850065	0.403861
10	51549496	rs10993994	10	51468284	rs61850067	0.400821
10	51549496	rs10993994	10	51469030	rs146944434	0.266963
10	51549496	rs10993994	10	51469118	rs61850070	0.352249
10	51549496	rs10993994	10	51469145	rs61850071	0.346656
10	51549496	rs10993994	10	51469168	rs61850072	0.310601
10	51549496	rs10993994	10	51469179	rs61850073	0.310601
10	51549496	rs10993994	10	51470151	rs61850085	0.478052
10	51549496	rs10993994	10	51475313	rs61850088	0.458356
10	51549496	rs10993994	10	51475684	rs61850089	0.51927
10	51549496	rs10993994	10	51477149	rs11002357	0.544222
10	51549496	rs10993994	10	51477471	rs11002501	0.540673
10	51549496	rs10993994	10	51477663	rs11002583	0.540673
10	51549496	rs10993994	10	51480646	rs184076571	0.129562
10	51549496	rs10993994	10	51480647	rs114151169	0.50435
10	51549496	rs10993994	10	51480648	rs188110706	0.494021
10	51549496	rs10993994	10	51482312	rs201381596	0.512427
10	51549496	rs10993994	10	51483510	rs200581019	0.490823
10	51549496	rs10993994	10	51484494	rs146059343	0.380016
10	51549496	rs10993994	10	51484603	rs191378001	0.134098
10	51549496	rs10993994	10	51485001	rs61850095	0.58898
10	51549496	rs10993994	10	51486999	rs61850098	0.59157
10	51549496	rs10993994	10	51488744	rs76782576	0.268127
10	51549496	rs10993994	10	51489186	rs2843567	0.45823
10	51549496	rs10993994	10	51489215	rs2611493	0.496159
10	51549496	rs10993994	10	51489224	rs35716372	0.58521
10	51549496	rs10993994	10	51489257	rs11595194	0.484335
10	51549496	rs10993994	10	51489279	rs11003800	0.355316
10	51549496	rs10993994	10	51489367	rs2843566	0.484445
10	51549496	rs10993994	10	51489370	rs2611492	0.484445
10	51549496	rs10993994	10	51489393	rs2611491	0.58767
10	51549496	rs10993994	10	51489577	rs143567661	0.541568
10	51549496	rs10993994	10	51489667	rs12783102	0.532215
10	51549496	rs10993994	10	51489780	rs28451380	0.606949
10	51549496	rs10993994	10	51489887	rs61850100	0.10039
10	51549496	rs10993994	10	51491125	rs4935090	0.538784
10	51549496	rs10993994	10	51491280	rs35397545	0.538784
10	51549496	rs10993994	10	51491589	rs12781411	0.614448
10	51549496	rs10993994	10	51491671	rs143863517	0.111175
10	51549496	rs10993994	10	51491927	rs10825187	0.538784
10	51549496	rs10993994	10	51492131	rs2926493	0.541568
10	51549496	rs10993994	10	51492713	rs4278470	0.541568
10	51549496	rs10993994	10	51492783	rs11004047	0.363179
10	51549496	rs10993994	10	51492786	rs35436610	0.573353
10	51549496	rs10993994	10	51492789	rs10825222	0.429746
10	51549496	rs10993994	10	51493566	rs11591637	0.538784
10	51549496	rs10993994	10	51495110	rs11004221	0.538784
10	51549496	rs10993994	10	51495349	rs11004246	0.611638
10	51549496	rs10993994	10	51495683	rs79784258	0.541568
10	51549496	rs10993994	10	51495828	rs111290213	0.335367
10	51549496	rs10993994	10	51496623	rs11004324	0.614448
10	51549496	rs10993994	10	51496796	rs2843562	0.541568
10	51549496	rs10993994	10	51497155	rs34135040	0.614448
10	51549496	rs10993994	10	51498019	rs11004409	0.665249
10	51549496	rs10993994	10	51498181	rs11004415	0.665249
10	51549496	rs10993994	10	51498336	rs11004422	0.665249
10	51549496	rs10993994	10	51498493	rs11004435	0.665249
10	51549496	rs10993994	10	51499655	rs11599333	0.665249
10	51549496	rs10993994	10	51500088	rs11004584	0.669037
10	51549496	rs10993994	10	51500301	rs2611502	0.669037
10	51549496	rs10993994	10	51500625	rs12777595	0.189181
10	51549496	rs10993994	10	51500874	rs12763717	0.665249
10	51549496	rs10993994	10	51501276	rs66746805	0.672863
10	51549496	rs10993994	10	51501304	rs67289834	0.755432
10	51549496	rs10993994	10	51501963	rs138061577	0.758686
10	51549496	rs10993994	10	51502436	rs56244335	0.675704
10	51549496	rs10993994	10	51502552	rs55848837	0.755323
10	51549496	rs10993994	10	51502574	rs57858801	0.671886
10	51549496	rs10993994	10	51502612	rs57442251	0.751263
10	51549496	rs10993994	10	51502802	rs113082846	0.675704
10	51549496	rs10993994	10	51503178	rs2611475	0.669037
10	51549496	rs10993994	10	51503335	rs7071471	0.758686
10	51549496	rs10993994	10	51503375	rs7090326	0.671886
10	51549496	rs10993994	10	51503559	rs2611471	0.675704
10	51549496	rs10993994	10	51503977	rs12412140	0.671886
10	51549496	rs10993994	10	51504385	rs4935573	0.669037
10	51549496	rs10993994	10	51504493	rs745180	0.666667
10	51549496	rs10993994	10	51504604	rs2337711	0.758686
10	51549496	rs10993994	10	51504797	rs2012677	0.675704
10	51549496	rs10993994	10	51504938	rs10763193	0.671886
10	51549496	rs10993994	10	51505000	rs34974181	0.753677
10	51549496	rs10993994	10	51505403	rs898343	0.671886
10	51549496	rs10993994	10	51506284	rs4448631	0.671886
10	51549496	rs10993994	10	51506957	rs2125771	0.675704
10	51549496	rs10993994	10	51509258	rs10825587	0.754773
10	51549496	rs10993994	10	51509408	rs10763256	0.758686
10	51549496	rs10993994	10	51510203	rs61847060	0.754773
10	51549496	rs10993994	10	51510300	rs34115425	0.66687
10	51549496	rs10993994	10	51510482	rs11005075	0.671886
10	51549496	rs10993994	10	51510761	rs10825652	0.758686
10	51549496	rs10993994	10	51510813	rs11005089	0.758686
10	51549496	rs10993994	10	51512129	rs2843560	0.671886
10	51549496	rs10993994	10	51512393	rs570571161;rs66462216	0.408665
10	51549496	rs10993994	10	51513871	rs2262569	0.671886
10	51549496	rs10993994	10	51514824	rs2125770	0.671886
10	51549496	rs10993994	10	51515457	rs2611513	0.758686
10	51549496	rs10993994	10	51515534	rs2611512	0.671886
10	51549496	rs10993994	10	51516252	rs2611509	0.767421
10	51549496	rs10993994	10	51516299	rs2843556	0.76687
10	51549496	rs10993994	10	51517356	rs2926494	0.781829
10	51549496	rs10993994	10	51518047	rs2611508	0.78414
10	51549496	rs10993994	10	51518083	rs35094615	0.789653
10	51549496	rs10993994	10	51518673	rs2611507	0.785723
10	51549496	rs10993994	10	51518688	rs2843546	0.789653
10	51549496	rs10993994	10	51518787	rs2611506	0.785723
10	51549496	rs10993994	10	51518906	rs2611505	0.785723
10	51549496	rs10993994	10	51518910	rs2611504	0.789653
10	51549496	rs10993994	10	51519154	rs57263518	0.785723
10	51549496	rs10993994	10	51519358	rs2843547	0.783679
10	51549496	rs10993994	10	51519516	rs2611486	0.789653
10	51549496	rs10993994	10	51520177	rs3032323	0.766511
10	51549496	rs10993994	10	51520203	rs3101227	0.785478
10	51549496	rs10993994	10	51520488	rs35931666	0.703093
10	51549496	rs10993994	10	51521247	rs2843549	0.790406
10	51549496	rs10993994	10	51521452	rs2843550	0.790406
10	51549496	rs10993994	10	51521684	rs2249986	0.789653
10	51549496	rs10993994	10	51521945	rs2843551	0.794362
10	51549496	rs10993994	10	51522120	rs7088225	0.790406
10	51549496	rs10993994	10	51522276	rs7077830	0.792805
10	51549496	rs10993994	10	51523213	rs1585378	0.793621
10	51549496	rs10993994	10	51523861	rs2843554	0.794362
10	51549496	rs10993994	10	51524274	rs2843555	0.798612
10	51549496	rs10993994	10	51524889	rs2611489	0.799319
10	51549496	rs10993994	10	51524971	rs3123078	0.799319
10	51549496	rs10993994	10	51525699	rs4935162	0.799319
10	51549496	rs10993994	10	51526051	rs543447601	0.618093
10	51549496	rs10993994	10	51526093	rs7081532	0.799319
10	51549496	rs10993994	10	51527370	rs10826075	0.270764
10	51549496	rs10993994	10	51528656	rs7915602	0.799319
10	51549496	rs10993994	10	51529379	rs7896156	0.794628
10	51549496	rs10993994	10	51529593	rs7896437	0.799319
10	51549496	rs10993994	10	51529746	rs6481329	0.794628
10	51549496	rs10993994	10	51529805	rs7910704	0.39694
10	51549496	rs10993994	10	51530146	rs4554834	0.794628
10	51549496	rs10993994	10	51530505	rs10826125	0.794628
10	51549496	rs10993994	10	51530757	rs10826127	0.798612
10	51549496	rs10993994	10	51531805	rs4486572	0.802682
10	51549496	rs10993994	10	51532367	rs4581397	0.79635
10	51549496	rs10993994	10	51532528	rs4630240	0.422402
10	51549496	rs10993994	10	51532621	rs7920517	0.799615
10	51549496	rs10993994	10	51532751	rs4630241	0.803616
10	51549496	rs10993994	10	51533376	rs9787697	0.803616
10	51549496	rs10993994	10	51534920	rs10763534	0.806925
10	51549496	rs10993994	10	51535801	rs10763536	0.80764
10	51549496	rs10993994	10	51535857	rs10763538	0.80764
10	51549496	rs10993994	10	51535931	rs10763539	0.806925
10	51549496	rs10993994	10	51535992	rs10826181	0.803616
10	51549496	rs10993994	10	51536399	rs10763546	0.806925
10	51549496	rs10993994	10	51536884	rs11006162	0.252955
10	51549496	rs10993994	10	51537292	rs4131357	0.806925
10	51549496	rs10993994	10	51537431	rs7914347	0.806925
10	51549496	rs10993994	10	51537475	rs7911198	0.811657
10	51549496	rs10993994	10	51537653	rs4463804	0.802933
10	51549496	rs10993994	10	51538169	rs10763567	0.803661
10	51549496	rs10993994	10	51538176	rs11006207	0.806925
10	51549496	rs10993994	10	51538813	rs10763576	0.802933
10	51549496	rs10993994	10	51538915	rs11006223	0.806925
10	51549496	rs10993994	10	51539006	rs57194127	0.564664
10	51549496	rs10993994	10	51539156	rs11593361	0.802933
10	51549496	rs10993994	10	51539256	rs10826227	0.798375
10	51549496	rs10993994	10	51539259	rs78865546	0.802343
10	51549496	rs10993994	10	51539271	rs28416634	0.802343
10	51549496	rs10993994	10	51539745	rs35494443	0.806925
10	51549496	rs10993994	10	51539762	rs10763588	0.806925
10	51549496	rs10993994	10	51540291	rs11006274	0.80764
10	51549496	rs10993994	10	51540613	rs12569640	0.11688
10	51549496	rs10993994	10	51540860	rs4315013	0.799615
10	51549496	rs10993994	10	51540867	rs4630243	0.799615
10	51549496	rs10993994	10	51540906	rs4512771	0.800301
10	51549496	rs10993994	10	51542444	rs4306255	0.711733
10	51549496	rs10993994	10	51543070	rs7070301	0.711733
10	51549496	rs10993994	10	51543344	rs4631830	0.707369
10	51549496	rs10993994	10	51544143	rs7075009	0.810955
10	51549496	rs10993994	10	51544475	rs7098889	0.806925
10	51549496	rs10993994	10	51544587	rs4304716	0.707369
10	51549496	rs10993994	10	51544680	rs72077188	0.810955
10	51549496	rs10993994	10	51544692	rs7477953	0.810955
10	51549496	rs10993994	10	51545028	rs6481462	0.707369
10	51549496	rs10993994	10	51545813	rs11006462	0.810955
10	51549496	rs10993994	10	51546115	rs71502415	0.157358
10	51549496	rs10993994	10	51546336	rs11006489	0.707369
10	51549496	rs10993994	10	51546461	rs35292857	0.317782
10	51549496	rs10993994	10	51547002	rs34073986	0.71075
10	51549496	rs10993994	10	51547371	rs7075697	0.706164
10	51549496	rs10993994	10	51548455	rs61847070	0.110981
10	51549496	rs10993994	10	51549314	rs12770171	0.338779
10	51549496	rs10993994	10	51549496	rs10993994	1
10	51549496	rs10993994	10	51551173	rs12775087	0.10462
10	51549496	rs10993994	10	51558125	rs7076948	0.115755
