CHR_A	BP_A	SNP_A	CHR_B	BP_B	SNP_B	R2
1	204518842	rs4245739	1	204406034	rs3014629	0.0954673
1	204518842	rs4245739	1	204407298	rs4626956	0.0914561
1	204518842	rs4245739	1	204411063	rs3747634	0.0914561
1	204518842	rs4245739	1	204411144	rs4553256	0.0914561
1	204518842	rs4245739	1	204411942	rs1107339	0.0914561
1	204518842	rs4245739	1	204413297	rs2292459	0.10265
1	204518842	rs4245739	1	204413299	rs2292460	0.0976551
1	204518842	rs4245739	1	204413748	rs3014633	0.0976551
1	204518842	rs4245739	1	204413986	rs12077886	0.108017
1	204518842	rs4245739	1	204414769	rs6594012	0.108017
1	204518842	rs4245739	1	204415513	rs3747633	0.110271
1	204518842	rs4245739	1	204416014	rs3122288	0.0982143
1	204518842	rs4245739	1	204416501	rs3827534	0.108507
1	204518842	rs4245739	1	204417024	rs2999494	0.0982143
1	204518842	rs4245739	1	204417917	rs12407668	0.103985
1	204518842	rs4245739	1	204417972	rs3106366	0.0982143
1	204518842	rs4245739	1	204418145	rs2271426	0.108507
1	204518842	rs4245739	1	204418198	rs2271427	0.106749
1	204518842	rs4245739	1	204418671	rs6660789	0.108507
1	204518842	rs4245739	1	204418889	rs2999492	0.10436
1	204518842	rs4245739	1	204418939	rs3014637	0.0998828
1	204518842	rs4245739	1	204419615	rs61762613	0.100978
1	204518842	rs4245739	1	204420774	rs75573410	0.103702
1	204518842	rs4245739	1	204420903	rs16853712	0.105438
1	204518842	rs4245739	1	204421144	rs16853715	0.103702
1	204518842	rs4245739	1	204421752	rs2942130	0.0932321
1	204518842	rs4245739	1	204421773	rs57810379	0.105438
1	204518842	rs4245739	1	204422373	rs57367068	0.103173
1	204518842	rs4245739	1	204422692	rs58689605	0.104981
1	204518842	rs4245739	1	204422876	rs58805378	0.104981
1	204518842	rs4245739	1	204423167	rs74849463	0.105438
1	204518842	rs4245739	1	204423183	rs11240746	0.0976789
1	204518842	rs4245739	1	204423452	rs3014598	0.0976789
1	204518842	rs4245739	1	204424232	rs2055938	0.0926889
1	204518842	rs4245739	1	204424473	rs61817902	0.104981
1	204518842	rs4245739	1	204425028	rs3765156	0.104981
1	204518842	rs4245739	1	204425431	rs2942143	0.0943312
1	204518842	rs4245739	1	204425461	rs3014599	0.0943312
1	204518842	rs4245739	1	204426032	rs553783892	0.0926889
1	204518842	rs4245739	1	204426049	rs572074251	0.0926889
1	204518842	rs4245739	1	204426051	rs546199852	0.0926889
1	204518842	rs4245739	1	204426052	rs2999490	0.0959889
1	204518842	rs4245739	1	204426295	rs1008833	0.0900715
1	204518842	rs4245739	1	204426373	rs2137255	0.10681
1	204518842	rs4245739	1	204427361	rs16853742	0.104596
1	204518842	rs4245739	1	204431485	rs61761705	0.104115
1	204518842	rs4245739	1	204432051	rs55954758	0.104115
1	204518842	rs4245739	1	204432073	rs3014602	0.0959959
1	204518842	rs4245739	1	204432236	rs16853770	0.104115
1	204518842	rs4245739	1	204432410	rs1318046	0.10681
1	204518842	rs4245739	1	204432497	rs3038305	0.104115
1	204518842	rs4245739	1	204433093	rs2271415	0.0970644
1	204518842	rs4245739	1	204434325	rs58247897	0.102116
1	204518842	rs4245739	1	204434326	rs17847779	0.102116
1	204518842	rs4245739	1	204434771	rs61761691	0.107708
1	204518842	rs4245739	1	204434927	rs12092943	0.104596
1	204518842	rs4245739	1	204436066	rs16853773	0.10681
1	204518842	rs4245739	1	204437680	rs16853781	0.115955
1	204518842	rs4245739	1	204441440	rs190408735	0.13285
1	204518842	rs4245739	1	204448441	rs10640159	0.109242
1	204518842	rs4245739	1	204449157	rs6692377	0.330942
1	204518842	rs4245739	1	204449434	rs6594014	0.338233
1	204518842	rs4245739	1	204449952	rs7519417	0.888449
1	204518842	rs4245739	1	204450341	rs16853822	0.132178
1	204518842	rs4245739	1	204450396	rs59090154	0.3061
1	204518842	rs4245739	1	204450467	rs938126	0.888449
1	204518842	rs4245739	1	204450482	rs938125	0.888449
1	204518842	rs4245739	1	204451086	rs10900590	0.897567
1	204518842	rs4245739	1	204451495	rs4951382	0.893132
1	204518842	rs4245739	1	204452278	rs4951383	0.286558
1	204518842	rs4245739	1	204452295	rs6668637	0.132178
1	204518842	rs4245739	1	204452514	rs4951384	0.893132
1	204518842	rs4245739	1	204452615	rs10664961	0.888722
1	204518842	rs4245739	1	204452779	rs12402641	0.286558
1	204518842	rs4245739	1	204453320	rs11240748	0.156818
1	204518842	rs4245739	1	204453693	rs10793763	0.897567
1	204518842	rs4245739	1	204453784	rs11240749	0.897567
1	204518842	rs4245739	1	204454165	rs4951385	0.897567
1	204518842	rs4245739	1	204454547	rs4951386	0.897567
1	204518842	rs4245739	1	204454570	rs35634264	0.132178
1	204518842	rs4245739	1	204454704	rs11407141	0.205722
1	204518842	rs4245739	1	204454741	rs12117054	0.286558
1	204518842	rs4245739	1	204456282	rs4951387	0.90203
1	204518842	rs4245739	1	204456983	rs2926536	0.961149
1	204518842	rs4245739	1	204457336	rs7556371	0.889412
1	204518842	rs4245739	1	204457786	rs10494852	0.764194
1	204518842	rs4245739	1	204458328	rs1398148	0.889412
1	204518842	rs4245739	1	204458612	rs34501643	0.224598
1	204518842	rs4245739	1	204459786	rs11240750	0.290191
1	204518842	rs4245739	1	204460516	rs34371258	0.496707
1	204518842	rs4245739	1	204460681	rs10900592	0.897567
1	204518842	rs4245739	1	204461622	rs6594015	0.90203
1	204518842	rs4245739	1	204462050	rs11240751	0.753455
1	204518842	rs4245739	1	204462612	rs61817953	0.150726
1	204518842	rs4245739	1	204462619	rs2010432	0.150726
1	204518842	rs4245739	1	204464150	rs3014606	0.990198
1	204518842	rs4245739	1	204464181	rs2926534	0.990198
1	204518842	rs4245739	1	204464446	rs4951075	0.751535
1	204518842	rs4245739	1	204465484	rs12404974	0.806088
1	204518842	rs4245739	1	204465659	rs16853865	0.806088
1	204518842	rs4245739	1	204466176	rs4951076	0.793408
1	204518842	rs4245739	1	204467915	rs34029163	0.27517
1	204518842	rs4245739	1	204468023	rs36074620	0.785993
1	204518842	rs4245739	1	204469314	rs12036042	0.153425
1	204518842	rs4245739	1	204470096	rs10900593	0.756377
1	204518842	rs4245739	1	204470129	rs10900594	0.806088
1	204518842	rs4245739	1	204471042	rs35219978	0.7682
1	204518842	rs4245739	1	204471746	rs1961602	0.268179
1	204518842	rs4245739	1	204472009	rs56334721	0.755901
1	204518842	rs4245739	1	204475513	rs11240753	0.7682
1	204518842	rs4245739	1	204475834	rs4951389	0.7682
1	204518842	rs4245739	1	204476113	rs12031912	0.150726
1	204518842	rs4245739	1	204476361	rs12028476	0.150726
1	204518842	rs4245739	1	204477525	rs12034564	0.27517
1	204518842	rs4245739	1	204477977	rs11240754	0.806088
1	204518842	rs4245739	1	204478649	rs11240755	0.806088
1	204518842	rs4245739	1	204479176	rs7367519	0.793408
1	204518842	rs4245739	1	204479715	rs572725367	0.181136
1	204518842	rs4245739	1	204480742	rs2926533	0.995102
1	204518842	rs4245739	1	204481209	rs12032733	0.793408
1	204518842	rs4245739	1	204481368	rs12738124	0.793408
1	204518842	rs4245739	1	204482262	rs4951077	0.806088
1	204518842	rs4245739	1	204482594	rs11240756	0.806088
1	204518842	rs4245739	1	204482650	rs544335310;rs149278980	0.796859
1	204518842	rs4245739	1	204483845	rs34242990	0.675402
1	204518842	rs4245739	1	204484557	rs4951391	0.944976
1	204518842	rs4245739	1	204484617	rs4951392	0.995102
1	204518842	rs4245739	1	204486205	rs4245736	0.809622
1	204518842	rs4245739	1	204486242	rs4245737	0.759648
1	204518842	rs4245739	1	204486982	rs56084242	0.733941
1	204518842	rs4245739	1	204488278	rs1380576	0.796859
1	204518842	rs4245739	1	204488687	rs12039365	0.151345
1	204518842	rs4245739	1	204489143	rs12136299	0.796859
1	204518842	rs4245739	1	204489500	rs11290909	0.785584
1	204518842	rs4245739	1	204489557	rs4951393	0.756377
1	204518842	rs4245739	1	204490470	rs12041243	0.151345
1	204518842	rs4245739	1	204490674	rs12039968	0.151345
1	204518842	rs4245739	1	204491530	rs373501508	0.280038
1	204518842	rs4245739	1	204491551	rs35946963	0.995103
1	204518842	rs4245739	1	204491612	rs61817958	0.796859
1	204518842	rs4245739	1	204491802	rs4951078	0.809622
1	204518842	rs4245739	1	204491991	rs10711972	0.759648
1	204518842	rs4245739	1	204492007	rs12043196	0.759648
1	204518842	rs4245739	1	204492153	rs12041075	0.796859
1	204518842	rs4245739	1	204492223	rs151068712	0.114031
1	204518842	rs4245739	1	204492522	rs61817959	0.150726
1	204518842	rs4245739	1	204492582	rs12741918	0.796859
1	204518842	rs4245739	1	204492631	rs12757249	0.223221
1	204518842	rs4245739	1	204492784	rs35666383	0.276301
1	204518842	rs4245739	1	204493844	rs7556655	0.809622
1	204518842	rs4245739	1	204494283	rs3789052	0.276301
1	204518842	rs4245739	1	204494436	rs3789051	0.276301
1	204518842	rs4245739	1	204494576	rs4252675	0.154649
1	204518842	rs4245739	1	204495253	rs4252677	0.796859
1	204518842	rs4245739	1	204495595	rs575722286;rs575722286;rs550004770;rs200388119;rs557385238;rs539168886	0.328807
1	204518842	rs4245739	1	204496257	rs372967296	0.779785
1	204518842	rs4245739	1	204496829	rs4252684	1
1	204518842	rs4245739	1	204496856	rs4252685	0.796859
1	204518842	rs4245739	1	204496895	rs4252686	0.796859
1	204518842	rs4245739	1	204497202	rs11440400	0.360459
1	204518842	rs4245739	1	204497335	rs4252687	0.809622
1	204518842	rs4245739	1	204497413	rs2045623	0.809622
1	204518842	rs4245739	1	204497913	rs2169137	1
1	204518842	rs4245739	1	204499056	rs4252694	0.796859
1	204518842	rs4245739	1	204500257	rs898388	0.150726
1	204518842	rs4245739	1	204501383	rs4252697	0.151345
1	204518842	rs4245739	1	204502514	rs11268668	0.693184
1	204518842	rs4245739	1	204502910	rs59912938	0.72328
1	204518842	rs4245739	1	204504252	rs2926532	0.150878
1	204518842	rs4245739	1	204504487	rs4951079	0.796859
1	204518842	rs4245739	1	204504527	rs4951394	0.814409
1	204518842	rs4245739	1	204505487	rs10458588	0.276301
1	204518842	rs4245739	1	204505976	rs35493922	0.276301
1	204518842	rs4245739	1	204506107	rs4245738	0.809622
1	204518842	rs4245739	1	204506174	rs4252704	0.150726
1	204518842	rs4245739	1	204508147	rs4252707	0.151029
1	204518842	rs4245739	1	204508159	rs4252708	0.759648
1	204518842	rs4245739	1	204509305	rs12047467	0.269305
1	204518842	rs4245739	1	204509412	rs533132725	0.787264
1	204518842	rs4245739	1	204510466	rs4252711	0.129894
1	204518842	rs4245739	1	204510528	rs4252713	0.276301
1	204518842	rs4245739	1	204511602	rs10900595	0.941016
1	204518842	rs4245739	1	204512100	rs4252717	0.796859
1	204518842	rs4245739	1	204512195	rs4252718	0.759648
1	204518842	rs4245739	1	204513256	rs4252725	0.809622
1	204518842	rs4245739	1	204513402	rs4252726	0.269305
1	204518842	rs4245739	1	204515299	rs2369244	0.756377
1	204518842	rs4245739	1	204515863	rs2290855	0.796859
1	204518842	rs4245739	1	204516025	rs2290854	0.809622
1	204518842	rs4245739	1	204516577	rs1563828	0.759648
1	204518842	rs4245739	1	204516918	rs4252733	0.150726
1	204518842	rs4245739	1	204516947	rs4252734	0.809622
1	204518842	rs4245739	1	204517097	rs4252736	0.796859
1	204518842	rs4245739	1	204518842	rs4245739	1
1	204518842	rs4245739	1	204519187	rs4252745	0.269305
1	204518842	rs4245739	1	204519258	rs557173393	0.192793
1	204518842	rs4245739	1	204519692	rs11285873	0.895066
1	204518842	rs4245739	1	204520209	rs4951396	0.759648
1	204518842	rs4245739	1	204520589	rs528440255	0.473073
1	204518842	rs4245739	1	204521107	rs532645714	0.334569
1	204518842	rs4245739	1	204521453	rs550795878	0.266071
1	204518842	rs4245739	1	204521577	rs12119098	0.796859
1	204518842	rs4245739	1	204522018	rs56200417	0.803551
1	204518842	rs4245739	1	204522457	rs10900596	0.804773
1	204518842	rs4245739	1	204522489	rs10900597	0.756377
1	204518842	rs4245739	1	204524474	rs12116645	0.759648
1	204518842	rs4245739	1	204525054	rs61455914	0.790729
1	204518842	rs4245739	1	204525568	rs10900598	0.269305
1	204518842	rs4245739	1	204526721	rs12118859	0.269305
1	204518842	rs4245739	1	204527060	rs1046874	1
1	204518842	rs4245739	1	204527379	rs1460036	0.809622
1	204518842	rs4245739	1	204528256	rs12741351	0.756377
1	204518842	rs4245739	1	204528344	rs16853958	0.811985
1	204518842	rs4245739	1	204528651	rs11240758	0.796859
1	204518842	rs4245739	1	204528969	rs11801289	0.796859
1	204518842	rs4245739	1	204529084	rs11801299	0.151345
1	204518842	rs4245739	1	204529302	rs12125533	0.759648
1	204518842	rs4245739	1	204530502	rs12756329	0.269305
1	204518842	rs4245739	1	204530505	rs12740680	0.809622
1	204518842	rs4245739	1	204530725	rs35420260	0.0990968
1	204518842	rs4245739	1	204530924	rs12030639	0.269305
1	204518842	rs4245739	1	204531567	rs4951397	0.756377
1	204518842	rs4245739	1	204531876	rs4951398	0.759648
1	204518842	rs4245739	1	204532323	rs12029692	0.151345
1	204518842	rs4245739	1	204532659	rs12032618	0.269305
1	204518842	rs4245739	1	204533255	rs4951399	0.721477
1	204518842	rs4245739	1	204533284	rs4951080	0.756377
1	204518842	rs4245739	1	204534460	rs68149367	0.756377
1	204518842	rs4245739	1	204534571	rs4951400	0.756377
1	204518842	rs4245739	1	204535789	rs6681905	0.809622
1	204518842	rs4245739	1	204536197	rs6679336	0.809622
1	204518842	rs4245739	1	204537648	rs4951401	1
1	204518842	rs4245739	1	204539122	rs4951402	0.756377
1	204518842	rs4245739	1	204539241	rs4951403	0.809622
1	204518842	rs4245739	1	204539291	rs6689629	0.151345
1	204518842	rs4245739	1	204539462	rs6594016	0.809622
1	204518842	rs4245739	1	204541197	rs930947	1
1	204518842	rs4245739	1	204541342	rs4951404	1
1	204518842	rs4245739	1	204541832	rs534879278;rs151228401	0.152928
1	204518842	rs4245739	1	204541943	rs10900599	0.756377
1	204518842	rs4245739	1	204542521	rs7541589	0.809622
1	204518842	rs4245739	1	204542580	rs12039454	0.759648
1	204518842	rs4245739	1	204543579	rs61817460	0.151345
1	204518842	rs4245739	1	204544001	rs885012	0.809622
1	204518842	rs4245739	1	204544246	rs10665887	0.759648
1	204518842	rs4245739	1	204546947	rs2125855	1
1	204518842	rs4245739	1	204546987	rs34812029	0.269305
1	204518842	rs4245739	1	204547268	rs11240760	0.809622
1	204518842	rs4245739	1	204548132	rs12730457	0.269305
1	204518842	rs4245739	1	204548416	rs35270244	0.754811
1	204518842	rs4245739	1	204549375	rs10793765	0.718389
1	204518842	rs4245739	1	204549496	rs10793766	0.718389
1	204518842	rs4245739	1	204549564	rs10793767	0.735439
1	204518842	rs4245739	1	204549671	rs114106618	0.1433
1	204518842	rs4245739	1	204550359	rs540499267	0.717676
1	204518842	rs4245739	1	204550361	rs565146283	0.717676
1	204518842	rs4245739	1	204550366	rs5010868	0.912758
1	204518842	rs4245739	1	204550716	rs79958830	0.148833
1	204518842	rs4245739	1	204551407	rs12038102	0.253575
1	204518842	rs4245739	1	204551830	rs16854023	0.139745
1	204518842	rs4245739	1	204553104	rs12139477	0.638183
1	204518842	rs4245739	1	204553904	rs11307394	0.42184
1	204518842	rs4245739	1	204554057	rs12130686	0.645479
1	204518842	rs4245739	1	204554603	rs4951406	0.253575
1	204518842	rs4245739	1	204555089	rs36095617	0.649797
1	204518842	rs4245739	1	204556223	rs12135707	0.253575
1	204518842	rs4245739	1	204556478	rs12138846	0.687393
1	204518842	rs4245739	1	204556836	rs12133735	0.646256
1	204518842	rs4245739	1	204556958	rs12566957	0.646256
1	204518842	rs4245739	1	204556990	rs10660539	0.846687
1	204518842	rs4245739	1	204557561	rs6669246	0.253575
1	204518842	rs4245739	1	204558070	rs4951407	0.680514
1	204518842	rs4245739	1	204558984	rs4951408	0.628159
1	204518842	rs4245739	1	204559676	rs6679311	0.769697
1	204518842	rs4245739	1	204559707	rs10900600	0.615436
1	204518842	rs4245739	1	204560004	rs12043569	0.112374
1	204518842	rs4245739	1	204560431	rs59250961	0.612669
1	204518842	rs4245739	1	204560440	rs61421373	0.112374
1	204518842	rs4245739	1	204560677	rs6679717	0.612669
1	204518842	rs4245739	1	204560990	rs4951409	0.612669
1	204518842	rs4245739	1	204561617	rs7532236	0.612669
1	204518842	rs4245739	1	204563346	rs11808748	0.121688
1	204518842	rs4245739	1	204563817	rs4951410	0.243448
1	204518842	rs4245739	1	204564237	rs2169136	0.261236
1	204518842	rs4245739	1	204564308	rs140581921	0.102048
1	204518842	rs4245739	1	204564558	rs12040459	0.102048
1	204518842	rs4245739	1	204564714	rs12044599	0.101529
1	204518842	rs4245739	1	204564762	rs12040520	0.101529
1	204518842	rs4245739	1	204564986	rs4328119	0.612669
1	204518842	rs4245739	1	204565012	rs2887429	0.612669
1	204518842	rs4245739	1	204566183	rs6682208	0.612669
1	204518842	rs4245739	1	204566700	rs11240761	0.606123
1	204518842	rs4245739	1	204566999	rs11240762	0.261236
1	204518842	rs4245739	1	204567041	rs55979051	0.102048
1	204518842	rs4245739	1	204567762	rs2369246	0.243448
1	204518842	rs4245739	1	204568152	rs6594018	0.612669
1	204518842	rs4245739	1	204568610	rs6594019	0.614554
1	204518842	rs4245739	1	204569376	rs11240764	0.612669
1	204518842	rs4245739	1	204570347	rs61817482	0.102048
1	204518842	rs4245739	1	204572050	rs10900601	0.827498
1	204518842	rs4245739	1	204572071	rs12143943	0.250101
1	204518842	rs4245739	1	204573481	rs55678522	0.10716
1	204518842	rs4245739	1	204575481	rs4950953	0.225272
1	204518842	rs4245739	1	204575634	rs567811363	0.230724
1	204518842	rs4245739	1	204575807	rs4951082	0.247733
1	204518842	rs4245739	1	204576170	rs55869665	0.10716
1	204518842	rs4245739	1	204576522	rs11240229	0.10716
1	204518842	rs4245739	1	204576983	rs11584700	0.10716
1	204518842	rs4245739	1	204577832	rs12567161	0.252855
1	204518842	rs4245739	1	204578308	rs7541449	0.252855
1	204518842	rs4245739	1	204579139	rs1563827	0.250101
1	204518842	rs4245739	1	204579373	rs898387	0.738024
1	204518842	rs4245739	1	204579697	rs898386	0.74182
1	204518842	rs4245739	1	204579860	rs898385	0.229986
1	204518842	rs4245739	1	204580139	rs868097	0.252855
1	204518842	rs4245739	1	204580832	rs57450685	0.111725
1	204518842	rs4245739	1	204581014	rs1870551	0.226891
1	204518842	rs4245739	1	204582730	rs4951083	0.737328
1	204518842	rs4245739	1	204583450	rs561295299;rs35449046	0.197322
1	204518842	rs4245739	1	204584385	rs2045624	0.586271
1	204518842	rs4245739	1	204585738	rs3795567	0.249522
1	204518842	rs4245739	1	204586184	rs3789047	0.226891
1	204518842	rs4245739	1	204586805	rs3789046	0.226891
1	204518842	rs4245739	1	204586812	rs3789045	0.104338
1	204518842	rs4245739	1	204587047	rs11588857	0.104338
1	204518842	rs4245739	1	204587240	rs3747632	0.226891
1	204518842	rs4245739	1	204587569	rs3747631	0.104338
1	204518842	rs4245739	1	204588140	rs3747630	0.112965
1	204518842	rs4245739	1	204589101	rs3789044	0.0938207
1	204518842	rs4245739	1	204590044	rs7539399	0.52866
1	204518842	rs4245739	1	204591237	rs884108	0.473019
1	204518842	rs4245739	1	204592174	rs12094388	0.367884
1	204518842	rs4245739	1	204593696	rs12046747	0.0938207
1	204518842	rs4245739	1	204594628	rs143696257	0.0938207
1	204518842	rs4245739	1	204594847	rs79680436	0.10315
1	204518842	rs4245739	1	204595544	rs12027855	0.179744
1	204518842	rs4245739	1	204595592	rs61817485	0.103137
1	204518842	rs4245739	1	204595899	rs17335392	0.179953
1	204518842	rs4245739	1	204596454	rs45501495	0.103137
1	204518842	rs4245739	1	204599295	rs7551222	0.511182
1	204518842	rs4245739	1	204599325	rs7531829	0.155429
1	204518842	rs4245739	1	204599461	rs7553683	0.511182
1	204518842	rs4245739	1	204599622	rs7553896	0.156461
1	204518842	rs4245739	1	204599692	rs7546057	0.155195
1	204518842	rs4245739	1	204599849	rs875094	0.156461
1	204518842	rs4245739	1	204600236	rs140571405	0.0962742
1	204518842	rs4245739	1	204601587	rs7515096	0.14024
1	204518842	rs4245739	1	204601875	rs9729959	0.0976339
1	204518842	rs4245739	1	204602874	rs2887430	0.398667
1	204518842	rs4245739	1	204603861	rs11811826	0.0985135
1	204518842	rs4245739	1	204606974	rs4951084	0.37519
1	204518842	rs4245739	1	204607227	rs11240230	0.315903
1	204518842	rs4245739	1	204607408	rs58651344	0.0909664
1	204518842	rs4245739	1	204607516	rs11240232	0.136393
1	204518842	rs4245739	1	204607874	rs12024827	0.258401
1	204518842	rs4245739	1	204608284	rs4951085	0.258401
1	204518842	rs4245739	1	204608643	rs4951086	0.17754
1	204518842	rs4245739	1	204609194	rs4951087	0.258401
1	204518842	rs4245739	1	204610475	rs4950954	0.258401
1	204518842	rs4245739	1	204610780	rs4951088	0.260141
1	204518842	rs4245739	1	204610898	rs4951089	0.258401
1	204518842	rs4245739	1	204611658	rs138881554	0.254382
1	204518842	rs4245739	1	204611742	rs12038573	0.139883
1	204518842	rs4245739	1	204612138	rs11240234	0.254382
1	204518842	rs4245739	1	204612200	rs11240235	0.254382
1	204518842	rs4245739	1	204612463	rs11240236	0.254382
1	204518842	rs4245739	1	204612518	rs11240237	0.254382
1	204518842	rs4245739	1	204612537	rs11240238	0.254382
1	204518842	rs4245739	1	204612804	rs11240239	0.254382
1	204518842	rs4245739	1	204613764	rs4279904	0.208745
1	204518842	rs4245739	1	204614166	rs10900418	0.206009
1	204518842	rs4245739	1	204615400	rs2772227	0.16851
1	204518842	rs4245739	1	204616180	rs1411108	0.096228
1	204518842	rs4245739	1	204616390	rs1329631	0.205307
1	204518842	rs4245739	1	204617240	rs2815832	0.16851
1	204518842	rs4245739	1	204617943	rs11240241	0.152744
1	204518842	rs4245739	1	204618004	rs10900419	0.0962065
1	204518842	rs4245739	1	204618533	rs4951090	0.100224
1	204518842	rs4245739	1	204618540	rs4951091	0.151869
1	204518842	rs4245739	1	204618573	rs4951092	0.152744
1	204518842	rs4245739	1	204618814	rs12136166	0.153367
1	204518842	rs4245739	1	204618861	rs12125207	0.150404
