CHR_A	BP_A	SNP_A	CHR_B	BP_B	SNP_B	R2
1	205757824	rs1775148	1	205661964	rs12037559	0.474243
1	205757824	rs1775148	1	205662718	rs1172198	0.275794
1	205757824	rs1775148	1	205663993	rs55776455	0.543733
1	205757824	rs1775148	1	205665167	rs823102	0.286112
1	205757824	rs1775148	1	205666272	rs75506911	0.2306
1	205757824	rs1775148	1	205667006	rs823101	0.275794
1	205757824	rs1775148	1	205669322	rs823099	0.328133
1	205757824	rs1775148	1	205670369	rs6673687	0.480947
1	205757824	rs1775148	1	205670726	rs823098	0.103689
1	205757824	rs1775148	1	205671644	rs11240554	0.661798
1	205757824	rs1775148	1	205672107	rs1775140;rs35935286	0.48479
1	205757824	rs1775148	1	205672285	rs539315410	0.483692
1	205757824	rs1775148	1	205672482	rs1772140	0.103689
1	205757824	rs1775148	1	205675240	rs72750964	0.342598
1	205757824	rs1775148	1	205675429	rs112215351	0.389092
1	205757824	rs1775148	1	205676088	rs11580015	0.355211
1	205757824	rs1775148	1	205676263	rs12748961	0.0919752
1	205757824	rs1775148	1	205677148	rs3747973	0.64849
1	205757824	rs1775148	1	205677335	rs3747972	0.0919752
1	205757824	rs1775148	1	205678043	rs12030754	0.529777
1	205757824	rs1775148	1	205678481	rs55735020	0.393872
1	205757824	rs1775148	1	205678483	rs140801892	0.393872
1	205757824	rs1775148	1	205678488	rs112907843	0.213037
1	205757824	rs1775148	1	205678490	rs55762795	0.213037
1	205757824	rs1775148	1	205679239	rs823095	0.348702
1	205757824	rs1775148	1	205679887	rs823096	0.328015
1	205757824	rs1775148	1	205681370	rs823097	0.351943
1	205757824	rs1775148	1	205681595	rs140020090	0.236508
1	205757824	rs1775148	1	205683355	rs3805	0.0919752
1	205757824	rs1775148	1	205684067	rs10900522	0.529777
1	205757824	rs1775148	1	205685352	rs951366	0.454212
1	205757824	rs1775148	1	205686523	rs34305872	0.267017
1	205757824	rs1775148	1	205687348	rs71709139	0.349561
1	205757824	rs1775148	1	205689227	rs823093	0.0967384
1	205757824	rs1775148	1	205689807	rs823094	0.33213
1	205757824	rs1775148	1	205691161	rs145557339	0.354807
1	205757824	rs1775148	1	205691316	rs4951258	0.454212
1	205757824	rs1775148	1	205691546	rs4951023	0.454212
1	205757824	rs1775148	1	205692084	rs1935025	0.564846
1	205757824	rs1775148	1	205693601	rs823108	0.0967384
1	205757824	rs1775148	1	205694720	rs3761919	0.564846
1	205757824	rs1775148	1	205696521	rs1772146	0.0967384
1	205757824	rs1775148	1	205696615	rs1775154	0.357893
1	205757824	rs1775148	1	205696671	rs1772147	0.0967384
1	205757824	rs1775148	1	205697845	rs1620334	0.0967384
1	205757824	rs1775148	1	205698026	rs7513645	0.564846
1	205757824	rs1775148	1	205699075	rs71633561	0.0933499
1	205757824	rs1775148	1	205700762	rs823109	0.0967384
1	205757824	rs1775148	1	205701078	rs823110	0.354807
1	205757824	rs1775148	1	205701870	rs823111	0.359254
1	205757824	rs1775148	1	205704580	rs1772148	0.354807
1	205757824	rs1775148	1	205707142	rs77365272	0.268096
1	205757824	rs1775148	1	205708624	rs823112	0.0967384
1	205757824	rs1775148	1	205709621	rs11240559	0.564846
1	205757824	rs1775148	1	205710333	rs376406180	0.354807
1	205757824	rs1775148	1	205711237	rs823113	0.0967384
1	205757824	rs1775148	1	205711974	rs864783	0.354807
1	205757824	rs1775148	1	205712196	rs71970505	0.0933499
1	205757824	rs1775148	1	205712957	rs11240561	0.564846
1	205757824	rs1775148	1	205713378	rs823128	0.0967384
1	205757824	rs1775148	1	205713799	rs823129	0.0967384
1	205757824	rs1775148	1	205714372	rs823130	0.354807
1	205757824	rs1775148	1	205714437	rs823131	0.0967384
1	205757824	rs1775148	1	205714478	rs12046305	0.564846
1	205757824	rs1775148	1	205714616	rs55737937	0.560378
1	205757824	rs1775148	1	205715573	rs199882740	0.307421
1	205757824	rs1775148	1	205715575	rs146019018	0.0909075
1	205757824	rs1775148	1	205717823	rs4951261	0.454212
1	205757824	rs1775148	1	205718468	rs12047038	0.564846
1	205757824	rs1775148	1	205718858	rs7536483	0.359254
1	205757824	rs1775148	1	205719532	rs823114	0.619501
1	205757824	rs1775148	1	205719857	rs865402	0.0967384
1	205757824	rs1775148	1	205720078	rs823115	0.0967384
1	205757824	rs1775148	1	205720212	rs12564209	0.0927345
1	205757824	rs1775148	1	205720483	rs823116	0.624727
1	205757824	rs1775148	1	205721922	rs34838718	0.213157
1	205757824	rs1775148	1	205721928	rs12059093	0.253696
1	205757824	rs1775148	1	205721929	rs200129376	0.213157
1	205757824	rs1775148	1	205722221	rs34072338	0.101807
1	205757824	rs1775148	1	205722958	rs11240565	0.484864
1	205757824	rs1775148	1	205723513	rs823117	0.0967384
1	205757824	rs1775148	1	205723572	rs823118	0.624727
1	205757824	rs1775148	1	205723638	rs823119	0.0967384
1	205757824	rs1775148	1	205723639	rs1891461	0.597855
1	205757824	rs1775148	1	205723778	rs2096078	0.0907164
1	205757824	rs1775148	1	205723898	rs5780297	0.597855
1	205757824	rs1775148	1	205724050	rs823120	0.0967384
1	205757824	rs1775148	1	205724278	rs138568057	0.566092
1	205757824	rs1775148	1	205724302	rs823121	0.364559
1	205757824	rs1775148	1	205725346	rs823123	0.0967384
1	205757824	rs1775148	1	205726336	rs823124	0.0967384
1	205757824	rs1775148	1	205726392	rs200774229	0.123172
1	205757824	rs1775148	1	205730573	rs56276813	0.597855
1	205757824	rs1775148	1	205731166	rs34848415	0.228936
1	205757824	rs1775148	1	205732243	rs552104062	0.143895
1	205757824	rs1775148	1	205732512	rs823145	0.0967384
1	205757824	rs1775148	1	205732814	rs823146	0.0967384
1	205757824	rs1775148	1	205733138	rs823147	0.0967384
1	205757824	rs1775148	1	205734032	rs1832775	0.606875
1	205757824	rs1775148	1	205735121	rs823148	0.0967384
1	205757824	rs1775148	1	205735486	rs823150	0.0967384
1	205757824	rs1775148	1	205735517	rs823151	0.0967384
1	205757824	rs1775148	1	205735612	rs2014202	0.776113
1	205757824	rs1775148	1	205735718	rs5780298	0.103001
1	205757824	rs1775148	1	205735854	rs71633563	0.094399
1	205757824	rs1775148	1	205735891	rs7522056	0.780529
1	205757824	rs1775148	1	205736285	rs823152	0.369897
1	205757824	rs1775148	1	205736563	rs823153	0.0967384
1	205757824	rs1775148	1	205736662	rs1772152	0.0905597
1	205757824	rs1775148	1	205736663	rs1618936	0.0905597
1	205757824	rs1775148	1	205737450	rs844005	0.0967384
1	205757824	rs1775148	1	205737739	rs11557080	0.094399
1	205757824	rs1775148	1	205737764	rs823132	0.0967384
1	205757824	rs1775148	1	205737781	rs823133	0.0967384
1	205757824	rs1775148	1	205737956	rs823134	0.0967384
1	205757824	rs1775148	1	205738166	rs823135	0.0967384
1	205757824	rs1775148	1	205738251	rs823136	0.0967384
1	205757824	rs1775148	1	205738302	rs823137	0.369897
1	205757824	rs1775148	1	205738327	rs71762778	0.606875
1	205757824	rs1775148	1	205738975	rs34580135	0.0967384
1	205757824	rs1775148	1	205739192	rs823138	0.0967384
1	205757824	rs1775148	1	205739266	rs708723	0.632777
1	205757824	rs1775148	1	205740437	rs58121045	0.328807
1	205757824	rs1775148	1	205741426	rs823141	0.380252
1	205757824	rs1775148	1	205741816	rs823142	0.104444
1	205757824	rs1775148	1	205742449	rs11286094	0.103689
1	205757824	rs1775148	1	205743425	rs823143	0.388414
1	205757824	rs1775148	1	205743663	rs708724	0.388414
1	205757824	rs1775148	1	205744138	rs708725	0.388414
1	205757824	rs1775148	1	205744218	rs1572931	0.265498
1	205757824	rs1775148	1	205744546	rs823144	0.507624
1	205757824	rs1775148	1	205745684	rs1775151	0.507624
1	205757824	rs1775148	1	205745782	rs1772153	0.542636
1	205757824	rs1775148	1	205745932	rs1772154	0.542636
1	205757824	rs1775148	1	205747438	rs112880684	0.534196
1	205757824	rs1775148	1	205748309	rs10900524	0.542636
1	205757824	rs1775148	1	205749714	rs112414579	0.200595
1	205757824	rs1775148	1	205749786	rs11394622	0.0925284
1	205757824	rs1775148	1	205751182	rs112632065	0.264753
1	205757824	rs1775148	1	205751196	rs863725	0.505856
1	205757824	rs1775148	1	205752665	rs947211	0.505856
1	205757824	rs1775148	1	205752690	rs73080374	0.0962337
1	205757824	rs1775148	1	205752894	rs1772156	0.540936
1	205757824	rs1775148	1	205753097	rs885224	0.505856
1	205757824	rs1775148	1	205753675	rs1775158	0.507624
1	205757824	rs1775148	1	205753808	rs1772157	0.543739
1	205757824	rs1775148	1	205753812	rs1775159	0.508917
1	205757824	rs1775148	1	205753820	rs1772158	0.508917
1	205757824	rs1775148	1	205753870	rs5014255	0.508917
1	205757824	rs1775148	1	205753877	rs5014256	0.508917
1	205757824	rs1775148	1	205755046	rs12565968	0.563665
1	205757824	rs1775148	1	205755144	rs12565321	0.563665
1	205757824	rs1775148	1	205755151	rs12567894	0.563665
1	205757824	rs1775148	1	205755265	rs11240567	0.563665
1	205757824	rs1775148	1	205755550	rs1775143	0.563665
1	205757824	rs1775148	1	205756012	rs1775144	0.104444
1	205757824	rs1775148	1	205756143	rs1775145	0.523496
1	205757824	rs1775148	1	205756168	rs1775146	0.563665
1	205757824	rs1775148	1	205756535	rs12740609	0.0925284
1	205757824	rs1775148	1	205757569	rs7536285	0.563665
1	205757824	rs1775148	1	205757692	rs7513115	0.563665
1	205757824	rs1775148	1	205757800	rs10682043	0.108043
1	205757824	rs1775148	1	205757800	rs12747475	0.702584
1	205757824	rs1775148	1	205757824	rs1775148	1
1	205757824	rs1775148	1	205759195	rs1772159	0.371079
1	205757824	rs1775148	1	205759876	rs1341249	0.398306
1	205757824	rs1775148	1	205762069	rs954071	0.288559
1	205757824	rs1775148	1	205762139	rs708726	0.505
1	205757824	rs1775148	1	205762406	rs823154	0.369706
1	205757824	rs1775148	1	205762946	rs823155	0.501654
1	205757824	rs1775148	1	205764994	rs112312142	0.178541
1	205757824	rs1775148	1	205767885	rs708727	0.331657
1	205757824	rs1775148	1	205769223	rs9438392	0.148125
1	205757824	rs1775148	1	205771061	rs823065	0.185251
1	205757824	rs1775148	1	205771173	rs823066	0.185251
1	205757824	rs1775148	1	205771704	rs823067	0.185984
1	205757824	rs1775148	1	205771720	rs823068	0.185984
1	205757824	rs1775148	1	205772370	rs823070	0.17805
1	205757824	rs1775148	1	205772760	rs140199204	0.128354
1	205757824	rs1775148	1	205773379	rs823071	0.184723
1	205757824	rs1775148	1	205774156	rs823073	0.17805
1	205757824	rs1775148	1	205774839	rs823074	0.331657
1	205757824	rs1775148	1	205774897	rs823075	0.331657
1	205757824	rs1775148	1	205775810	rs823076	0.17805
1	205757824	rs1775148	1	205776109	rs823077	0.17805
1	205757824	rs1775148	1	205776458	rs823078	0.185251
1	205757824	rs1775148	1	205776857	rs79162712	0.183155
1	205757824	rs1775148	1	205777159	rs823079	0.17805
1	205757824	rs1775148	1	205782718	rs9438393	0.31855
1	205757824	rs1775148	1	205785485	rs1891092	0.1615
1	205757824	rs1775148	1	205785638	rs1891093	0.162015
1	205757824	rs1775148	1	205785932	rs1891094	0.162015
1	205757824	rs1775148	1	205786935	rs823082	0.284618
1	205757824	rs1775148	1	205789282	rs823080	0.317549
1	205757824	rs1775148	1	205789455	rs7538321	0.13276
1	205757824	rs1775148	1	205790037	rs200300084	0.150595
1	205757824	rs1775148	1	205790337	rs142713114	0.10145
1	205757824	rs1775148	1	205790722	rs145113523	0.282728
1	205757824	rs1775148	1	205792680	rs844004	0.177665
1	205757824	rs1775148	1	205795960	rs7529407	0.1615
1	205757824	rs1775148	1	205796276	rs12071261	0.1615
1	205757824	rs1775148	1	205798033	rs823085	0.177665
1	205757824	rs1775148	1	205798313	rs823084	0.286715
1	205757824	rs1775148	1	205799987	rs1772143	0.311926
1	205757824	rs1775148	1	205801872	rs1361754	0.282353
1	205757824	rs1775148	1	205803284	rs34037383	0.263334
1	205757824	rs1775148	1	205805745	rs7546846	0.160992
1	205757824	rs1775148	1	205807379	rs5780306	0.156527
1	205757824	rs1775148	1	205808013	rs11240572	0.0973783
1	205757824	rs1775148	1	205809642	rs10900525	0.107524
1	205757824	rs1775148	1	205811828	rs4951025	0.188173
1	205757824	rs1775148	1	205812614	rs960603	0.204924
1	205757824	rs1775148	1	205820214	rs115294216	0.155758
1	205757824	rs1775148	1	205824938	rs139876269	0.158699
1	205757824	rs1775148	1	205842640	rs147477887	0.161373
