CHR_A	BP_A	SNP_A	CHR_B	BP_B	SNP_B	R2
13	73728139	rs9600079	13	73694142	rs150193743	0.111532
13	73728139	rs9600079	13	73694144	rs9543232	0.111532
13	73728139	rs9600079	13	73698466	rs12428214	0.124009
13	73728139	rs9600079	13	73699186	rs2027019	0.128648
13	73728139	rs9600079	13	73699989	rs7985518	0.128978
13	73728139	rs9600079	13	73702639	rs5804659	0.130645
13	73728139	rs9600079	13	73711349	rs9600072	0.109069
13	73728139	rs9600079	13	73712174	rs12873808	0.175368
13	73728139	rs9600079	13	73713447	rs7327286	0.200031
13	73728139	rs9600079	13	73713875	rs7332697	0.642879
13	73728139	rs9600079	13	73714116	rs80287632	0.10659
13	73728139	rs9600079	13	73714290	rs7996468	0.10154
13	73728139	rs9600079	13	73714301	rs11452649	0.0922797
13	73728139	rs9600079	13	73714675	rs12867899	0.243287
13	73728139	rs9600079	13	73715341	rs943559;rs552874943	0.200158
13	73728139	rs9600079	13	73715441	rs9530152	0.524376
13	73728139	rs9600079	13	73716317	rs1108921	0.200158
13	73728139	rs9600079	13	73716626	rs4242949	0.200289
13	73728139	rs9600079	13	73716824	rs7489384	0.200289
13	73728139	rs9600079	13	73716861	rs7489409	0.200031
13	73728139	rs9600079	13	73717099	rs3929754	0.200031
13	73728139	rs9600079	13	73717331	rs7983677	0.713054
13	73728139	rs9600079	13	73717800	rs147707062	0.351614
13	73728139	rs9600079	13	73717865	rs7987565	0.446934
13	73728139	rs9600079	13	73717945	rs7987732	0.446934
13	73728139	rs9600079	13	73718257	rs67581291	0.182729
13	73728139	rs9600079	13	73719502	rs67454090	0.51815
13	73728139	rs9600079	13	73719589	rs9543235	0.411077
13	73728139	rs9600079	13	73719777	rs9543236	0.200289
13	73728139	rs9600079	13	73720118	rs9543238	0.411077
13	73728139	rs9600079	13	73720696	rs73222558	0.108867
13	73728139	rs9600079	13	73721535	rs9564946	0.116016
13	73728139	rs9600079	13	73722311	rs12872867	0.195311
13	73728139	rs9600079	13	73722660	rs12874474	0.209313
13	73728139	rs9600079	13	73722830	rs9530156	0.635924
13	73728139	rs9600079	13	73723293	rs17089916	0.211804
13	73728139	rs9600079	13	73723581	rs12100342	0.207489
13	73728139	rs9600079	13	73723884	rs12100017	0.207489
13	73728139	rs9600079	13	73723941	rs5804662	0.550098
13	73728139	rs9600079	13	73724030	rs7982719	0.232476
13	73728139	rs9600079	13	73724125	rs7981427	0.232476
13	73728139	rs9600079	13	73724131	rs7981432	0.118418
13	73728139	rs9600079	13	73724572	rs12865355	0.24304
13	73728139	rs9600079	13	73724876	rs12018601	0.468249
13	73728139	rs9600079	13	73724879	rs7323342	0.24304
13	73728139	rs9600079	13	73724885	rs12018010	0.468249
13	73728139	rs9600079	13	73725111	rs71198175	0.24304
13	73728139	rs9600079	13	73725334	rs57212342	0.236146
13	73728139	rs9600079	13	73725402	rs12870373	0.24304
13	73728139	rs9600079	13	73725493	rs12870680	0.242819
13	73728139	rs9600079	13	73725782	rs12184909	0.237934
13	73728139	rs9600079	13	73726104	rs56977717	0.24304
13	73728139	rs9600079	13	73726211	rs9600077	0.468249
13	73728139	rs9600079	13	73726578	rs8001777	0.24304
13	73728139	rs9600079	13	73726997	rs8002549	0.24304
13	73728139	rs9600079	13	73727139	rs35919816;rs192452341	0.24304
13	73728139	rs9600079	13	73727148	rs34432613	0.24304
13	73728139	rs9600079	13	73727163	rs9600078	0.222188
13	73728139	rs9600079	13	73728139	rs9600079	1
13	73728139	rs9600079	13	73728418	rs7987255	0.58169
13	73728139	rs9600079	13	73728457	rs11619956	0.975977
13	73728139	rs9600079	13	73728540	rs11619950	0.975977
13	73728139	rs9600079	13	73728591	rs71198176	0.24304
13	73728139	rs9600079	13	73728619	rs11619976	0.9642
13	73728139	rs9600079	13	73729587	rs7334778	0.583039
13	73728139	rs9600079	13	73730549	rs7983621	0.824875
13	73728139	rs9600079	13	73730671	rs7982559	0.824875
13	73728139	rs9600079	13	73730907	rs11413429	0.498762
13	73728139	rs9600079	13	73731245	rs2148927	0.332695
13	73728139	rs9600079	13	73731681	rs146228411	0.331158
13	73728139	rs9600079	13	73731968	rs9600080	0.376163
13	73728139	rs9600079	13	73732454	rs9600081	0.248471
13	73728139	rs9600079	13	73732823	rs9592882	0.248471
13	73728139	rs9600079	13	73733320	rs79687040	0.0935125
13	73728139	rs9600079	13	73733808	rs9592883	0.248471
13	73728139	rs9600079	13	73734091	rs7339018	0.0935125
13	73728139	rs9600079	13	73734941	rs6562740	0.447633
13	73728139	rs9600079	13	73735453	rs60084629	0.0985043
13	73728139	rs9600079	13	73735844	rs61967429	0.090574
13	73728139	rs9600079	13	73735904	rs5804663	0.161495
13	73728139	rs9600079	13	73736028	rs61966265	0.0971661
13	73728139	rs9600079	13	73736209	rs11303466	0.374489
13	73728139	rs9600079	13	73736251	rs7318120	0.374489
13	73728139	rs9600079	13	73736713	rs144540012	0.396943
13	73728139	rs9600079	13	73737046	rs7323629	0.426261
13	73728139	rs9600079	13	73737069	rs7323651	0.410475
13	73728139	rs9600079	13	73738872	rs34548693	0.216043
13	73728139	rs9600079	13	73738932	rs34117559	0.186609
13	73728139	rs9600079	13	73742311	rs374586467	0.0973756
13	73728139	rs9600079	13	73742917	rs17089937	0.197057
13	73728139	rs9600079	13	73743707	rs36072455	0.197057
13	73728139	rs9600079	13	73743899	rs9600082	0.174519
13	73728139	rs9600079	13	73744223	rs35975676	0.197057
13	73728139	rs9600079	13	73744391	rs66749391	0.197057
13	73728139	rs9600079	13	73744669	rs9600083	0.174519
13	73728139	rs9600079	13	73746904	rs7331096	0.266006
13	73728139	rs9600079	13	73747284	rs7333339	0.314803
13	73728139	rs9600079	13	73748144	rs8002683	0.41731
13	73728139	rs9600079	13	73749358	rs35547251	0.170209
13	73728139	rs9600079	13	73750211	rs61966281	0.169269
13	73728139	rs9600079	13	73750244	rs61966282	0.157146
13	73728139	rs9600079	13	73751557	rs9543248	0.100217
13	73728139	rs9600079	13	73753285	rs4885066	0.107094
13	73728139	rs9600079	13	73754437	rs9592885	0.0974094
13	73728139	rs9600079	13	73756636	rs9600085	0.145405
13	73728139	rs9600079	13	73756857	rs530315507;rs563215654	0.104882
13	73728139	rs9600079	13	73756923	rs9543254	0.103606
13	73728139	rs9600079	13	73757025	rs9543255	0.103606
13	73728139	rs9600079	13	73758580	rs9573126	0.103606
13	73728139	rs9600079	13	73758839	rs11843243	0.136812
13	73728139	rs9600079	13	73759038	rs200914437	0.165902
13	73728139	rs9600079	13	73759349	rs7992919	0.103606
13	73728139	rs9600079	13	73760307	rs4883923	0.103051
13	73728139	rs9600079	13	73760317	rs4883924	0.118155
13	73728139	rs9600079	13	73760623	rs4356353	0.103606
13	73728139	rs9600079	13	73760792	rs11620105	0.136812
13	73728139	rs9600079	13	73761044	rs115489432	0.126126
13	73728139	rs9600079	13	73761100	rs111299394	0.107391
13	73728139	rs9600079	13	73761264	rs568059214;rs138589203	0.13176
13	73728139	rs9600079	13	73761770	rs9600088	0.13176
13	73728139	rs9600079	13	73761997	rs7989341	0.13176
13	73728139	rs9600079	13	73762687	rs9543256	0.13176
13	73728139	rs9600079	13	73762846	rs9543257	0.203054
13	73728139	rs9600079	13	73763425	rs34579369	0.128291
13	73728139	rs9600079	13	73765221	rs35456240	0.0988873
13	73728139	rs9600079	13	73765343	rs1998983	0.155022
13	73728139	rs9600079	13	73765835	rs9543258	0.149729
13	73728139	rs9600079	13	73766209	rs7981649	0.115622
13	73728139	rs9600079	13	73766272	rs7982992	0.146001
13	73728139	rs9600079	13	73766389	rs7983169	0.146001
13	73728139	rs9600079	13	73766780	rs7988134	0.115622
13	73728139	rs9600079	13	73766784	rs7986852	0.115622
13	73728139	rs9600079	13	73766872	rs7988300	0.115622
13	73728139	rs9600079	13	73767166	rs7324143	0.122968
13	73728139	rs9600079	13	73767189	rs7323673	0.117321
13	73728139	rs9600079	13	73767231	rs7325371	0.122968
13	73728139	rs9600079	13	73768013	rs1927192	0.122968
13	73728139	rs9600079	13	73768029	rs1927191	0.122968
13	73728139	rs9600079	13	73768473	rs554521638	0.120728
13	73728139	rs9600079	13	73768550	rs7998829	0.122968
13	73728139	rs9600079	13	73768710	rs10672055	0.122968
13	73728139	rs9600079	13	73769284	rs8000639	0.122968
13	73728139	rs9600079	13	73770085	rs1998982	0.122968
13	73728139	rs9600079	13	73770218	rs4486772	0.122968
13	73728139	rs9600079	13	73770309	rs4304921	0.122968
13	73728139	rs9600079	13	73770450	rs4375550	0.122968
13	73728139	rs9600079	13	73770914	rs527812659	0.152197
13	73728139	rs9600079	13	73771206	rs1410098	0.151885
13	73728139	rs9600079	13	73771272	rs1410099	0.118667
13	73728139	rs9600079	13	73771657	rs6562741	0.115279
13	73728139	rs9600079	13	73771707	rs6562742	0.118667
13	73728139	rs9600079	13	73771713	rs6562743	0.12421
13	73728139	rs9600079	13	73772652	rs539295646	0.125441
13	73728139	rs9600079	13	73773068	rs8002845	0.130272
13	73728139	rs9600079	13	73777572	rs7337332	0.108747
13	73728139	rs9600079	13	73787176	rs78238427	0.0974255
13	73728139	rs9600079	13	73789717	rs4885069	0.113166
13	73728139	rs9600079	13	73791719	rs1810841	0.102907
