CHR_A	BP_A	SNP_A	CHR_B	BP_B	SNP_B	R2
12	114685571	rs1270884	12	114586440	rs36018855	0.13508
12	114685571	rs1270884	12	114592172	rs76001535	0.0939432
12	114685571	rs1270884	12	114599261	rs4767230	0.21673
12	114685571	rs1270884	12	114599613	rs4767231	0.21673
12	114685571	rs1270884	12	114601242	rs199714583	0.104701
12	114685571	rs1270884	12	114604195	rs1920577	0.1199
12	114685571	rs1270884	12	114605881	rs1025258	0.218025
12	114685571	rs1270884	12	114607299	rs759926	0.283113
12	114685571	rs1270884	12	114608038	rs4766724	0.13153
12	114685571	rs1270884	12	114608094	rs71089442	0.136226
12	114685571	rs1270884	12	114610142	rs7973161	0.304827
12	114685571	rs1270884	12	114610453	rs759927	0.146827
12	114685571	rs1270884	12	114610511	rs759928	0.172247
12	114685571	rs1270884	12	114610539	rs759929	0.14323
12	114685571	rs1270884	12	114610805	rs71467958	0.166893
12	114685571	rs1270884	12	114612986	rs4767232	0.171508
12	114685571	rs1270884	12	114613862	rs2042861	0.266773
12	114685571	rs1270884	12	114615401	rs7967885	0.30106
12	114685571	rs1270884	12	114615472	rs12832663	0.171409
12	114685571	rs1270884	12	114615910	rs11066975	0.171409
12	114685571	rs1270884	12	114616189	rs1882111	0.30106
12	114685571	rs1270884	12	114616205	rs1882110	0.30106
12	114685571	rs1270884	12	114616917	rs4767233	0.118508
12	114685571	rs1270884	12	114617116	rs11287702	0.135255
12	114685571	rs1270884	12	114617508	rs2042862	0.160709
12	114685571	rs1270884	12	114617734	rs4766725	0.157507
12	114685571	rs1270884	12	114618506	rs7965491	0.137881
12	114685571	rs1270884	12	114619515	rs6489940	0.296359
12	114685571	rs1270884	12	114620070	rs7304416	0.143293
12	114685571	rs1270884	12	114620336	rs16943778	0.143293
12	114685571	rs1270884	12	114620351	rs7297089	0.123589
12	114685571	rs1270884	12	114620582	rs6489941	0.296359
12	114685571	rs1270884	12	114620591	rs6489942	0.1459
12	114685571	rs1270884	12	114621467	rs6489943	0.296359
12	114685571	rs1270884	12	114621530	rs10644592	0.296359
12	114685571	rs1270884	12	114622620	rs7132289	0.226236
12	114685571	rs1270884	12	114623896	rs6489944	0.296267
12	114685571	rs1270884	12	114624208	rs1920603	0.29499
12	114685571	rs1270884	12	114624214	rs1920602	0.26667
12	114685571	rs1270884	12	114626694	rs12424280	0.139477
12	114685571	rs1270884	12	114627326	rs10850286	0.139245
12	114685571	rs1270884	12	114628140	rs10774736	0.139245
12	114685571	rs1270884	12	114628549	rs10744811	0.291245
12	114685571	rs1270884	12	114631976	rs57567340	0.409183
12	114685571	rs1270884	12	114632071	rs11066980	0.177478
12	114685571	rs1270884	12	114632506	rs1543909	0.352725
12	114685571	rs1270884	12	114633742	rs12422413	0.14081
12	114685571	rs1270884	12	114634019	rs10774738	0.376543
12	114685571	rs1270884	12	114634033	rs10744812	0.38034
12	114685571	rs1270884	12	114634036	rs10744813	0.375391
12	114685571	rs1270884	12	114634628	rs1560001	0.112109
12	114685571	rs1270884	12	114635443	rs11066982	0.160362
12	114685571	rs1270884	12	114637848	rs4767234	0.358844
12	114685571	rs1270884	12	114637909	rs4767235	0.15574
12	114685571	rs1270884	12	114638515	rs34536114	0.177115
12	114685571	rs1270884	12	114639214	rs57123669	0.110165
12	114685571	rs1270884	12	114639385	rs979108	0.394105
12	114685571	rs1270884	12	114639828	rs34780461	0.177115
12	114685571	rs1270884	12	114640718	rs16943814	0.177478
12	114685571	rs1270884	12	114641284	rs714253	0.176756
12	114685571	rs1270884	12	114641793	rs1920557	0.365078
12	114685571	rs1270884	12	114641800	rs12367740	0.177115
12	114685571	rs1270884	12	114642110	rs550010271	0.101892
12	114685571	rs1270884	12	114642190	rs10774739	0.391646
12	114685571	rs1270884	12	114643005	rs10735083	0.394105
12	114685571	rs1270884	12	114644128	rs2114864	0.394105
12	114685571	rs1270884	12	114644733	rs7967272	0.367083
12	114685571	rs1270884	12	114645226	rs7970696	0.106868
12	114685571	rs1270884	12	114645231	rs35384202	0.177478
12	114685571	rs1270884	12	114645356	rs978498	0.366277
12	114685571	rs1270884	12	114645384	rs978499	0.107078
12	114685571	rs1270884	12	114645639	rs978500	0.365078
12	114685571	rs1270884	12	114646262	rs7310099	0.394105
12	114685571	rs1270884	12	114646399	rs10744814	0.391487
12	114685571	rs1270884	12	114647154	rs2195216	0.28697
12	114685571	rs1270884	12	114647734	rs10850287	0.28697
12	114685571	rs1270884	12	114647824	rs10850288	0.292475
12	114685571	rs1270884	12	114648452	rs1920558	0.394105
12	114685571	rs1270884	12	114649369	rs6489945	0.394105
12	114685571	rs1270884	12	114650143	rs10850289	0.432402
12	114685571	rs1270884	12	114650182	rs17425965	0.107078
12	114685571	rs1270884	12	114650495	rs11066991	0.173393
12	114685571	rs1270884	12	114652636	rs2003611	0.377321
12	114685571	rs1270884	12	114652751	rs2003612	0.380003
12	114685571	rs1270884	12	114652949	rs10850290	0.391554
12	114685571	rs1270884	12	114654197	rs5801031	0.114533
12	114685571	rs1270884	12	114654496	rs2081805	0.186171
12	114685571	rs1270884	12	114655185	rs10850291	0.486592
12	114685571	rs1270884	12	114656829	rs1465548	0.195212
12	114685571	rs1270884	12	114657882	rs1465549	0.499466
12	114685571	rs1270884	12	114658037	rs1465550	0.194867
12	114685571	rs1270884	12	114659110	rs1920561	0.13265
12	114685571	rs1270884	12	114659981	rs11066995	0.194867
12	114685571	rs1270884	12	114660658	rs1920562	0.340807
12	114685571	rs1270884	12	114661066	rs12828548	0.343053
12	114685571	rs1270884	12	114661524	rs11066997	0.195212
12	114685571	rs1270884	12	114661789	rs11066998	0.323995
12	114685571	rs1270884	12	114663333	rs11066999	0.194193
12	114685571	rs1270884	12	114664513	rs1920564	0.50506
12	114685571	rs1270884	12	114664920	rs2701111	0.540457
12	114685571	rs1270884	12	114665076	rs11067000	0.502302
12	114685571	rs1270884	12	114665684	rs66945137	0.194878
12	114685571	rs1270884	12	114666099	rs2555009	0.867071
12	114685571	rs1270884	12	114666202	rs10774740	0.396676
12	114685571	rs1270884	12	114666585	rs10774741	0.397189
12	114685571	rs1270884	12	114666587	rs12814418	0.325389
12	114685571	rs1270884	12	114666784	rs34337800	0.195222
12	114685571	rs1270884	12	114667046	rs11067002	0.485757
12	114685571	rs1270884	12	114667184	rs75121874	0.169558
12	114685571	rs1270884	12	114667739	rs4766726	0.195222
12	114685571	rs1270884	12	114667744	rs1920567	0.168874
12	114685571	rs1270884	12	114667772	rs4766727	0.195222
12	114685571	rs1270884	12	114668618	rs2555019	0.867071
12	114685571	rs1270884	12	114669732	rs1920568	0.78368
12	114685571	rs1270884	12	114669870	rs2701110	0.169558
12	114685571	rs1270884	12	114670194	rs2555017	0.169558
12	114685571	rs1270884	12	114670663	rs2555016	0.867071
12	114685571	rs1270884	12	114671418	rs11067004	0.248664
12	114685571	rs1270884	12	114671500	rs34049968	0.248664
12	114685571	rs1270884	12	114671555	rs61932422	0.129111
12	114685571	rs1270884	12	114671825	rs2701109	0.867071
12	114685571	rs1270884	12	114672508	rs10850292	0.248664
12	114685571	rs1270884	12	114673421	rs1247943	0.855938
12	114685571	rs1270884	12	114673723	rs1247942	0.551781
12	114685571	rs1270884	12	114673774	rs2555015	0.771442
12	114685571	rs1270884	12	114674261	rs2701108	0.579556
12	114685571	rs1270884	12	114674346	rs1271988	0.168874
12	114685571	rs1270884	12	114675995	rs1269790	0.167629
12	114685571	rs1270884	12	114676113	rs11382177	0.703939
12	114685571	rs1270884	12	114676117	rs2384355	0.167629
12	114685571	rs1270884	12	114676470	rs1270886	0.705874
12	114685571	rs1270884	12	114676983	rs1265496	0.702028
12	114685571	rs1270884	12	114677491	rs2555014	0.694393
12	114685571	rs1270884	12	114678318	rs2555013	0.992186
12	114685571	rs1270884	12	114678673	rs7980132	0.222263
12	114685571	rs1270884	12	114678725	rs2555012	0.740883
12	114685571	rs1270884	12	114678868	rs2162319	0.170964
12	114685571	rs1270884	12	114678955	rs71809277	0.429072
12	114685571	rs1270884	12	114679137	rs2252414	0.742984
12	114685571	rs1270884	12	114679342	rs2555011	0.1716
12	114685571	rs1270884	12	114680189	rs1950090	0.77407
12	114685571	rs1270884	12	114681027	rs11067013	0.221815
12	114685571	rs1270884	12	114681552	rs1270885	0.75021
12	114685571	rs1270884	12	114682580	rs1247941	0.172263
12	114685571	rs1270884	12	114682651	rs1247940	0.75021
12	114685571	rs1270884	12	114683214	rs34388546	0.221815
12	114685571	rs1270884	12	114683320	rs2252923	0.747779
12	114685571	rs1270884	12	114683323	rs2252924	0.747779
12	114685571	rs1270884	12	114683516	rs1247939	0.177343
12	114685571	rs1270884	12	114683568	rs1247938	0.747779
12	114685571	rs1270884	12	114684268	rs10850295	0.296177
12	114685571	rs1270884	12	114684542	rs1269789	0.747779
12	114685571	rs1270884	12	114684809	rs149360197	0.747779
12	114685571	rs1270884	12	114685437	rs2253207	0.752824
12	114685571	rs1270884	12	114685571	rs1270884	1
12	114685571	rs1270884	12	114685655	rs1247929	0.294644
12	114685571	rs1270884	12	114685657	rs10706438	0.58121
12	114685571	rs1270884	12	114685668	rs4007267	0.744879
12	114685571	rs1270884	12	114686244	rs35484355	0.742984
12	114685571	rs1270884	12	114686645	rs2555004	0.939439
12	114685571	rs1270884	12	114686840	rs1247928	0.745111
12	114685571	rs1270884	12	114687056	rs1247927	0.745111
12	114685571	rs1270884	12	114687311	rs1247926	0.745111
12	114685571	rs1270884	12	114689743	rs1896009	0.22145
12	114685571	rs1270884	12	114689944	rs1896008	0.238392
12	114685571	rs1270884	12	114690513	rs12423902	0.371625
12	114685571	rs1270884	12	114692372	rs1920604	0.231055
12	114685571	rs1270884	12	114693131	rs1247932	0.105613
12	114685571	rs1270884	12	114696061	rs34997602	0.221929
12	114685571	rs1270884	12	114697547	rs2701106	0.110771
12	114685571	rs1270884	12	114698769	rs11610607	0.217882
12	114685571	rs1270884	12	114701598	rs12426785	0.224673
12	114685571	rs1270884	12	114703674	rs11608388	0.224673
12	114685571	rs1270884	12	114704092	rs1920597	0.109599
12	114685571	rs1270884	12	114704412	rs1920596	0.113063
12	114685571	rs1270884	12	114706209	rs1920591	0.224673
12	114685571	rs1270884	12	114706626	rs12302135	0.0995644
12	114685571	rs1270884	12	114728578	rs1896000	0.180995
12	114685571	rs1270884	12	114746907	rs11067036	0.180879
12	114685571	rs1270884	12	114749691	rs7968251	0.149511
