CHR_A	BP_A	SNP_A	CHR_B	BP_B	SNP_B	R2
12	53273904	rs902774	12	53184559	rs11834139	0.0954194
12	53273904	rs902774	12	53206039	rs3134665	0.0962285
12	53273904	rs902774	12	53209626	rs2682322	0.116395
12	53273904	rs902774	12	53210145	rs17739600	0.127414
12	53273904	rs902774	12	53210327	rs149584468	0.125031
12	53273904	rs902774	12	53210357	rs4406899	0.127414
12	53273904	rs902774	12	53210452	rs4450236	0.130594
12	53273904	rs902774	12	53210493	rs12228236	0.102592
12	53273904	rs902774	12	53210503	rs4595627	0.124771
12	53273904	rs902774	12	53210524	rs556034914	0.105094
12	53273904	rs902774	12	53210592	rs4368013	0.124771
12	53273904	rs902774	12	53210646	rs4473014	0.124771
12	53273904	rs902774	12	53210683	rs4368014	0.122734
12	53273904	rs902774	12	53210758	rs4641556	0.129114
12	53273904	rs902774	12	53210878	rs12304814	0.126287
12	53273904	rs902774	12	53210937	rs2363620	0.126287
12	53273904	rs902774	12	53210984	rs2255824	0.126287
12	53273904	rs902774	12	53210998	rs2885852	0.126287
12	53273904	rs902774	12	53211021	rs2363621	0.126287
12	53273904	rs902774	12	53211031	rs2885853	0.124234
12	53273904	rs902774	12	53212198	rs5798244	0.0944197
12	53273904	rs902774	12	53212207	rs882757	0.10738
12	53273904	rs902774	12	53212807	rs12424629	0.125561
12	53273904	rs902774	12	53213053	rs2682321	0.111036
12	53273904	rs902774	12	53214923	rs876407	0.124254
12	53273904	rs902774	12	53217056	rs10876353	0.132252
12	53273904	rs902774	12	53217701	rs10876354	0.132252
12	53273904	rs902774	12	53220001	rs144484590	0.103242
12	53273904	rs902774	12	53220166	rs10783542	0.122972
12	53273904	rs902774	12	53221019	rs35647631	0.113726
12	53273904	rs902774	12	53223661	rs7970710	0.112796
12	53273904	rs902774	12	53224401	rs2638500	0.107801
12	53273904	rs902774	12	53226907	rs2682289	0.14888
12	53273904	rs902774	12	53227326	rs2682288	0.108765
12	53273904	rs902774	12	53227384	rs7965401	0.103242
12	53273904	rs902774	12	53227803	rs2638497	0.13467
12	53273904	rs902774	12	53228736	rs73106413	0.110174
12	53273904	rs902774	12	53229902	rs10876355	0.137676
12	53273904	rs902774	12	53241626	rs11170287	0.118386
12	53273904	rs902774	12	53242440	rs2013335	0.208526
12	53273904	rs902774	12	53255387	rs56395412	0.209467
12	53273904	rs902774	12	53255803	rs1105758	0.0994278
12	53273904	rs902774	12	53256478	rs7397143	0.220867
12	53273904	rs902774	12	53256863	rs58017462	0.443783
12	53273904	rs902774	12	53258471	rs112676730	0.449381
12	53273904	rs902774	12	53259655	rs117006546	0.0981518
12	53273904	rs902774	12	53260310	rs113820735	0.300998
12	53273904	rs902774	12	53260412	rs113903470	0.449381
12	53273904	rs902774	12	53260577	rs141403252	0.0981518
12	53273904	rs902774	12	53260710	rs7311004	0.206728
12	53273904	rs902774	12	53260717	rs139653137	0.458278
12	53273904	rs902774	12	53260779	rs7311035	0.156005
12	53273904	rs902774	12	53260823	rs78356341	0.0981518
12	53273904	rs902774	12	53261010	rs2363618	0.228968
12	53273904	rs902774	12	53261035	rs75236170	0.343395
12	53273904	rs902774	12	53261674	rs10783544	0.156005
12	53273904	rs902774	12	53261822	rs10876376	0.156005
12	53273904	rs902774	12	53261871	rs10876377	0.156005
12	53273904	rs902774	12	53262109	rs12227911	0.156005
12	53273904	rs902774	12	53262186	rs34911003	0.175496
12	53273904	rs902774	12	53262292	rs10783545	0.156005
12	53273904	rs902774	12	53262719	rs2682319	0.206627
12	53273904	rs902774	12	53262815	rs8181696	0.156005
12	53273904	rs902774	12	53263855	rs4919768	0.156005
12	53273904	rs902774	12	53263957	rs7972845	0.206627
12	53273904	rs902774	12	53264152	rs2638524	0.21239
12	53273904	rs902774	12	53264412	rs17119830	0.0981518
12	53273904	rs902774	12	53264692	rs7308990	0.153839
12	53273904	rs902774	12	53264973	rs1492239	0.156005
12	53273904	rs902774	12	53266395	rs11170314	0.198125
12	53273904	rs902774	12	53266693	rs11829175	0.220374
12	53273904	rs902774	12	53266726	rs35125059	0.157263
12	53273904	rs902774	12	53266739	rs73106451	0.815005
12	53273904	rs902774	12	53267309	rs56207534	0.831046
12	53273904	rs902774	12	53268073	rs147181250	0.831046
12	53273904	rs902774	12	53269671	rs117584863	0.0981518
12	53273904	rs902774	12	53270795	rs4919737	0.831046
12	53273904	rs902774	12	53270971	rs4919740	0.822971
12	53273904	rs902774	12	53271671	rs73108429	0.83923
12	53273904	rs902774	12	53272015	rs11831919	0.83923
12	53273904	rs902774	12	53272113	rs11831942	0.991987
12	53273904	rs902774	12	53272349	rs1027246	0.233536
12	53273904	rs902774	12	53272427	rs55663254	0.233536
12	53273904	rs902774	12	53272576	rs1492236	0.233536
12	53273904	rs902774	12	53272712	rs7959089	0.233536
12	53273904	rs902774	12	53272964	rs4919742	0.83923
12	53273904	rs902774	12	53273085	rs17746508	1
12	53273904	rs902774	12	53273208	rs73108440	1
12	53273904	rs902774	12	53273773	rs902772	1
12	53273904	rs902774	12	53273779	rs902773	1
12	53273904	rs902774	12	53273904	rs902774	1
12	53273904	rs902774	12	53273962	rs902775	0.234422
12	53273904	rs902774	12	53274314	rs577831078	1
12	53273904	rs902774	12	53274499	rs112162741	1
12	53273904	rs902774	12	53274503	rs10661840	0.161986
12	53273904	rs902774	12	53274572	rs150026456	0.0981518
12	53273904	rs902774	12	53274727	rs7301750	1
12	53273904	rs902774	12	53274768	rs7301912	1
12	53273904	rs902774	12	53274805	rs7302252	1
12	53273904	rs902774	12	53275037	rs11836041	0.83923
12	53273904	rs902774	12	53275049	rs7133156	0.83923
12	53273904	rs902774	12	53275113	rs10876385	0.237202
12	53273904	rs902774	12	53275264	rs75732456	0.0981518
12	53273904	rs902774	12	53275537	rs139828754	1
12	53273904	rs902774	12	53275614	rs73108447	1
12	53273904	rs902774	12	53275701	rs115756021	1
12	53273904	rs902774	12	53275746	rs17689987	1
12	53273904	rs902774	12	53275946	rs138540296	0.0981518
12	53273904	rs902774	12	53276029	rs7398573	1
12	53273904	rs902774	12	53276099	rs148417907	0.0981518
12	53273904	rs902774	12	53276395	rs11836819	1
12	53273904	rs902774	12	53276425	rs575924683	0.0981518
12	53273904	rs902774	12	53276900	rs73108453	1
12	53273904	rs902774	12	53276932	rs79377635	0.83923
12	53273904	rs902774	12	53276938	rs75236700	1
12	53273904	rs902774	12	53277196	rs4271457	0.237202
12	53273904	rs902774	12	53277367	rs73108457	1
12	53273904	rs902774	12	53277456	rs147951155	0.0981518
12	53273904	rs902774	12	53277568	rs141567999	0.0981518
12	53273904	rs902774	12	53277789	rs79479372	0.0981518
12	53273904	rs902774	12	53277814	rs142500479	0.28588
12	53273904	rs902774	12	53277917	rs116778160	0.0981518
12	53273904	rs902774	12	53278127	rs117454965	0.0981518
12	53273904	rs902774	12	53278429	rs75711811	0.0981518
12	53273904	rs902774	12	53278451	rs75049745	0.0981518
12	53273904	rs902774	12	53278822	rs140067174	0.0938812
12	53273904	rs902774	12	53278851	rs117973788	0.0938812
12	53273904	rs902774	12	53278911	rs141154719	0.0938812
12	53273904	rs902774	12	53279239	rs117893961	0.0938812
12	53273904	rs902774	12	53279300	rs542597616	0.0938812
12	53273904	rs902774	12	53279387	rs143944454	0.0938812
12	53273904	rs902774	12	53279455	rs143181958	0.0938812
12	53273904	rs902774	12	53279481	rs117182065	0.0938812
12	53273904	rs902774	12	53279488	rs200778133	0.0938812
12	53273904	rs902774	12	53279511	rs117595167	0.0938812
12	53273904	rs902774	12	53279524	rs147540582	0.0938812
12	53273904	rs902774	12	53279623	rs4919763	0.83923
12	53273904	rs902774	12	53279627	rs200016927	0.0938812
12	53273904	rs902774	12	53279959	rs118138717	0.0938812
12	53273904	rs902774	12	53280223	rs2363628	0.232585
12	53273904	rs902774	12	53280673	rs17746685	0.0938812
12	53273904	rs902774	12	53280934	rs17746715	0.0938812
12	53273904	rs902774	12	53281141	rs145893313	0.0938812
12	53273904	rs902774	12	53281380	rs55667620	0.231692
12	53273904	rs902774	12	53281418	rs147497584	0.0938812
12	53273904	rs902774	12	53281428	rs139353374	0.0938812
12	53273904	rs902774	12	53281591	rs200375364	0.0938812
12	53273904	rs902774	12	53281605	rs149649158	0.0938812
12	53273904	rs902774	12	53282094	rs79147936	0.0938812
12	53273904	rs902774	12	53282149	rs77421183	0.0938812
12	53273904	rs902774	12	53282274	rs55914512	0.83923
12	53273904	rs902774	12	53282325	rs2682334	0.295647
12	53273904	rs902774	12	53282332	rs140283261	0.0938812
12	53273904	rs902774	12	53282385	rs7974663	0.231692
12	53273904	rs902774	12	53282461	rs151235305	0.83923
12	53273904	rs902774	12	53282554	rs145726399	0.0938812
12	53273904	rs902774	12	53283198	rs1907671	0.231692
12	53273904	rs902774	12	53283269	rs17690220	0.0938812
12	53273904	rs902774	12	53283607	rs368878614	0.242982
12	53273904	rs902774	12	53283641	rs73108466	0.83923
12	53273904	rs902774	12	53283663	rs150696208	0.0938812
12	53273904	rs902774	12	53283800	rs146315974	0.0938812
12	53273904	rs902774	12	53283916	rs117171203	0.0938812
12	53273904	rs902774	12	53284012	rs116852818	0.0938812
12	53273904	rs902774	12	53284167	rs12422322	0.156792
12	53273904	rs902774	12	53284199	rs76766870	0.0938812
12	53273904	rs902774	12	53284360	rs55999178	0.83923
12	53273904	rs902774	12	53284460	rs140858812	0.0938812
12	53273904	rs902774	12	53284849	rs73108469	0.83923
12	53273904	rs902774	12	53285086	rs11170319	0.163535
12	53273904	rs902774	12	53285844	rs2035874	0.207289
12	53273904	rs902774	12	53286498	rs4300473	0.207289
12	53273904	rs902774	12	53287835	rs73110432	0.831046
12	53273904	rs902774	12	53287948	rs7312765	0.207289
12	53273904	rs902774	12	53288338	rs7313089	0.207289
12	53273904	rs902774	12	53288683	rs11170321	0.207289
12	53273904	rs902774	12	53289648	rs4919707	0.83923
12	53273904	rs902774	12	53292972	rs10735846	0.207289
12	53273904	rs902774	12	53294381	rs8608	0.143326
12	53273904	rs902774	12	53294742	rs56128482	0.205342
12	53273904	rs902774	12	53294747	rs56095813	0.83923
12	53273904	rs902774	12	53294821	rs4351899	0.143326
12	53273904	rs902774	12	53295058	rs5019800	0.143326
12	53273904	rs902774	12	53295063	rs5019799	0.143326
12	53273904	rs902774	12	53295079	rs4403881	0.143326
12	53273904	rs902774	12	53295081	rs4531558	0.143326
12	53273904	rs902774	12	53295109	rs4479068	0.143326
12	53273904	rs902774	12	53295184	rs7312512	0.143326
12	53273904	rs902774	12	53295360	rs7312756	0.143326
12	53273904	rs902774	12	53295394	rs1799872	0.143326
12	53273904	rs902774	12	53295917	rs2035875	0.141393
12	53273904	rs902774	12	53296422	rs34260645	0.0906445
12	53273904	rs902774	12	53296443	rs12809309	0.0957131
12	53273904	rs902774	12	53296456	rs12809813	0.101869
12	53273904	rs902774	12	53296852	rs61927889	0.101869
12	53273904	rs902774	12	53296889	rs61927890	0.159144
12	53273904	rs902774	12	53296914	rs7963560	0.101869
12	53273904	rs902774	12	53297044	rs199613343	0.101298
12	53273904	rs902774	12	53297242	rs7978935	0.101869
12	53273904	rs902774	12	53297320	rs7964223	0.101298
12	53273904	rs902774	12	53297721	rs7953982	0.104093
12	53273904	rs902774	12	53298215	rs2070912	0.103828
12	53273904	rs902774	12	53298769	rs1065306	0.102965
12	53273904	rs902774	12	53298775	rs137898974	0.831046
12	53273904	rs902774	12	53298835	rs2070910	0.154648
12	53273904	rs902774	12	53300203	rs12580050	0.103264
12	53273904	rs902774	12	53301019	rs55958994	0.822971
12	53273904	rs902774	12	53302619	rs11170326	0.154148
12	53273904	rs902774	12	53303331	rs17120257	0.822971
12	53273904	rs902774	12	53305135	rs143605202	0.103034
12	53273904	rs902774	12	53307369	rs2638503	0.297964
12	53273904	rs902774	12	53308265	rs2682296	0.299828
12	53273904	rs902774	12	53308355	rs11609037	0.153156
12	53273904	rs902774	12	53308408	rs57802417	0.150947
12	53273904	rs902774	12	53308932	rs113925811	0.822971
12	53273904	rs902774	12	53309584	rs4919743	0.822971
12	53273904	rs902774	12	53312267	rs11170336	0.150947
12	53273904	rs902774	12	53312612	rs73110464	0.822971
12	53273904	rs902774	12	53315659	rs11829997	0.467899
12	53273904	rs902774	12	53316821	rs73110471	0.81596
12	53273904	rs902774	12	53317731	rs111345606	0.153682
12	53273904	rs902774	12	53321998	rs11613918	0.132789
12	53273904	rs902774	12	53322277	rs12425966	0.154776
12	53273904	rs902774	12	53323144	rs113094235	0.785476
12	53273904	rs902774	12	53324855	rs11615553	0.132505
12	53273904	rs902774	12	53324886	rs112433325	0.289643
12	53273904	rs902774	12	53325562	rs7298485	0.131936
12	53273904	rs902774	12	53326791	rs7297834	0.131371
12	53273904	rs902774	12	53329088	rs141785230	0.289643
12	53273904	rs902774	12	53329313	rs376953061	0.0921034
12	53273904	rs902774	12	53330595	rs66534130	0.592324
12	53273904	rs902774	12	53333249	rs59210689	0.538012
12	53273904	rs902774	12	53333309	rs117412892	0.605379
12	53273904	rs902774	12	53334851	rs10706288	0.422538
12	53273904	rs902774	12	53335216	rs12302939	0.616102
12	53273904	rs902774	12	53335563	rs11170341	0.611781
12	53273904	rs902774	12	53338041	rs2172276	0.111291
12	53273904	rs902774	12	53338143	rs2131160	0.111291
12	53273904	rs902774	12	53338804	rs11609512	0.105131
12	53273904	rs902774	12	53344830	rs2070876	0.10906
12	53273904	rs902774	12	53346972	rs11615022	0.113612
12	53273904	rs902774	12	53347915	rs10783550	0.11082
12	53273904	rs902774	12	53348593	rs73297800	0.109394
12	53273904	rs902774	12	53349196	rs12229517	0.11082
12	53273904	rs902774	12	53350985	rs11834907	0.44776
12	53273904	rs902774	12	53351486	rs35650442	0.44776
12	53273904	rs902774	12	53351540	rs145830391	0.380281
12	53273904	rs902774	12	53352351	rs34961808	0.44776
12	53273904	rs902774	12	53352572	rs7299694	0.267692
12	53273904	rs902774	12	53353410	rs6580920	0.264689
12	53273904	rs902774	12	53353537	rs139181293	0.433625
12	53273904	rs902774	12	53353759	rs4503623	0.264689
12	53273904	rs902774	12	53353956	rs12819597	0.433625
12	53273904	rs902774	12	53354110	rs12818597	0.433625
12	53273904	rs902774	12	53354622	rs2363635	0.270727
12	53273904	rs902774	12	53354683	rs2363634	0.208077
12	53273904	rs902774	12	53354788	rs2363633	0.341516
12	53273904	rs902774	12	53354906	rs10641073	0.264689
12	53273904	rs902774	12	53355557	rs2682339	0.264689
12	53273904	rs902774	12	53355588	rs11170348	0.208077
12	53273904	rs902774	12	53355955	rs2055038	0.208077
12	53273904	rs902774	12	53356411	rs727266	0.208077
12	53273904	rs902774	12	53357482	rs71443274	0.17422
12	53273904	rs902774	12	53357710	rs2363631	0.208077
12	53273904	rs902774	12	53357713	rs2363630	0.208077
12	53273904	rs902774	12	53357870	rs77384759	0.208077
12	53273904	rs902774	12	53358034	rs4919749	0.265734
12	53273904	rs902774	12	53358352	rs6580923	0.208077
12	53273904	rs902774	12	53359118	rs2638522	0.264689
12	53273904	rs902774	12	53359229	rs4919752	0.208077
12	53273904	rs902774	12	53359396	rs4919754	0.208077
12	53273904	rs902774	12	53359416	rs4919755	0.208077
12	53273904	rs902774	12	53360093	rs4919759	0.149754
12	53273904	rs902774	12	53360531	rs9634243	0.114577
12	53273904	rs902774	12	53361128	rs66599453	0.146696
12	53273904	rs902774	12	53366180	rs75311416	0.299286
12	53273904	rs902774	12	53368471	rs148164223	0.122234
12	53273904	rs902774	12	53407012	rs115019703	0.112884
12	53316821	rs73110471	12	53184559	rs11834139	0.104678
12	53316821	rs73110471	12	53206039	rs3134665	0.120192
12	53316821	rs73110471	12	53209431	rs4587803	0.0973413
12	53316821	rs73110471	12	53209742	rs10783541	0.101898
12	53316821	rs73110471	12	53210145	rs17739600	0.0914302
12	53316821	rs73110471	12	53210357	rs4406899	0.0914302
12	53316821	rs73110471	12	53210452	rs4450236	0.0942708
12	53316821	rs73110471	12	53210503	rs4595627	0.091389
12	53316821	rs73110471	12	53210592	rs4368013	0.091389
12	53316821	rs73110471	12	53210646	rs4473014	0.091389
12	53316821	rs73110471	12	53210683	rs4368014	0.0932889
12	53316821	rs73110471	12	53210758	rs4641556	0.0927139
12	53316821	rs73110471	12	53210878	rs12304814	0.0925558
12	53316821	rs73110471	12	53210937	rs2363620	0.0925558
12	53316821	rs73110471	12	53210984	rs2255824	0.0925558
12	53316821	rs73110471	12	53210998	rs2885852	0.0925558
12	53316821	rs73110471	12	53211021	rs2363621	0.0925558
12	53316821	rs73110471	12	53211031	rs2885853	0.0944692
12	53316821	rs73110471	12	53212198	rs5798244	0.121119
12	53316821	rs73110471	12	53212542	rs141190882	0.111866
12	53316821	rs73110471	12	53212807	rs12424629	0.0988726
12	53316821	rs73110471	12	53213053	rs2682321	0.14089
12	53316821	rs73110471	12	53214923	rs876407	0.093767
12	53316821	rs73110471	12	53217056	rs10876353	0.102854
12	53316821	rs73110471	12	53217701	rs10876354	0.102854
12	53316821	rs73110471	12	53220001	rs144484590	0.112875
12	53316821	rs73110471	12	53220166	rs10783542	0.0995174
12	53316821	rs73110471	12	53221019	rs35647631	0.141792
12	53316821	rs73110471	12	53223661	rs7970710	0.140633
12	53316821	rs73110471	12	53224401	rs2638500	0.134586
12	53316821	rs73110471	12	53226907	rs2682289	0.103829
12	53316821	rs73110471	12	53227326	rs2682288	0.140738
12	53316821	rs73110471	12	53227384	rs7965401	0.112875
12	53316821	rs73110471	12	53227803	rs2638497	0.106892
12	53316821	rs73110471	12	53229902	rs10876355	0.104223
12	53316821	rs73110471	12	53241626	rs11170287	0.11012
12	53316821	rs73110471	12	53242440	rs2013335	0.166229
12	53316821	rs73110471	12	53255387	rs56395412	0.252569
12	53316821	rs73110471	12	53256478	rs7397143	0.169163
12	53316821	rs73110471	12	53256863	rs58017462	0.500722
12	53316821	rs73110471	12	53258471	rs112676730	0.50729
12	53316821	rs73110471	12	53260310	rs113820735	0.169858
12	53316821	rs73110471	12	53260412	rs113903470	0.50729
12	53316821	rs73110471	12	53260710	rs7311004	0.25859
12	53316821	rs73110471	12	53260717	rs139653137	0.51662
12	53316821	rs73110471	12	53260779	rs7311035	0.198632
12	53316821	rs73110471	12	53261010	rs2363618	0.170865
12	53316821	rs73110471	12	53261035	rs75236170	0.384368
12	53316821	rs73110471	12	53261674	rs10783544	0.198632
12	53316821	rs73110471	12	53261822	rs10876376	0.198632
12	53316821	rs73110471	12	53261871	rs10876377	0.198632
12	53316821	rs73110471	12	53262109	rs12227911	0.198632
12	53316821	rs73110471	12	53262186	rs34911003	0.225884
12	53316821	rs73110471	12	53262292	rs10783545	0.198632
12	53316821	rs73110471	12	53262719	rs2682319	0.234455
12	53316821	rs73110471	12	53262815	rs8181696	0.198632
12	53316821	rs73110471	12	53263855	rs4919768	0.198632
12	53316821	rs73110471	12	53263957	rs7972845	0.234455
12	53316821	rs73110471	12	53264152	rs2638524	0.241518
12	53316821	rs73110471	12	53264692	rs7308990	0.196206
12	53316821	rs73110471	12	53264973	rs1492239	0.198632
12	53316821	rs73110471	12	53266395	rs11170314	0.157811
12	53316821	rs73110471	12	53266693	rs11829175	0.175974
12	53316821	rs73110471	12	53266726	rs35125059	0.134964
12	53316821	rs73110471	12	53266739	rs73106451	0.948711
12	53316821	rs73110471	12	53267309	rs56207534	0.965696
12	53316821	rs73110471	12	53268073	rs147181250	0.965696
12	53316821	rs73110471	12	53270795	rs4919737	0.965696
12	53316821	rs73110471	12	53270971	rs4919740	0.957146
12	53316821	rs73110471	12	53271671	rs73108429	0.974363
12	53316821	rs73110471	12	53272015	rs11831919	0.974363
12	53316821	rs73110471	12	53272113	rs11831942	0.80939
12	53316821	rs73110471	12	53272349	rs1027246	0.186077
12	53316821	rs73110471	12	53272427	rs55663254	0.186077
12	53316821	rs73110471	12	53272576	rs1492236	0.186077
12	53316821	rs73110471	12	53272712	rs7959089	0.186077
12	53316821	rs73110471	12	53272964	rs4919742	0.974363
12	53316821	rs73110471	12	53273085	rs17746508	0.81596
12	53316821	rs73110471	12	53273208	rs73108440	0.81596
12	53316821	rs73110471	12	53273773	rs902772	0.81596
12	53316821	rs73110471	12	53273779	rs902773	0.81596
12	53316821	rs73110471	12	53273904	rs902774	0.81596
12	53316821	rs73110471	12	53273962	rs902775	0.18681
12	53316821	rs73110471	12	53274314	rs577831078	0.815235
12	53316821	rs73110471	12	53274499	rs112162741	0.81596
12	53316821	rs73110471	12	53274503	rs10661840	0.159953
12	53316821	rs73110471	12	53274727	rs7301750	0.81596
12	53316821	rs73110471	12	53274768	rs7301912	0.81596
12	53316821	rs73110471	12	53274805	rs7302252	0.81596
12	53316821	rs73110471	12	53275037	rs11836041	0.974363
12	53316821	rs73110471	12	53275049	rs7133156	0.974363
12	53316821	rs73110471	12	53275113	rs10876385	0.189052
12	53316821	rs73110471	12	53275537	rs139828754	0.81596
12	53316821	rs73110471	12	53275614	rs73108447	0.81596
12	53316821	rs73110471	12	53275701	rs115756021	0.81596
12	53316821	rs73110471	12	53275746	rs17689987	0.81596
12	53316821	rs73110471	12	53276029	rs7398573	0.81596
12	53316821	rs73110471	12	53276395	rs11836819	0.81596
12	53316821	rs73110471	12	53276900	rs73108453	0.81596
12	53316821	rs73110471	12	53276932	rs79377635	0.974363
12	53316821	rs73110471	12	53276938	rs75236700	0.81596
12	53316821	rs73110471	12	53277196	rs4271457	0.189052
12	53316821	rs73110471	12	53277367	rs73108457	0.81596
12	53316821	rs73110471	12	53277814	rs142500479	0.355779
12	53316821	rs73110471	12	53279623	rs4919763	0.974363
12	53316821	rs73110471	12	53280223	rs2363628	0.189791
12	53316821	rs73110471	12	53281380	rs55667620	0.189052
12	53316821	rs73110471	12	53282274	rs55914512	0.974363
12	53316821	rs73110471	12	53282325	rs2682334	0.243366
12	53316821	rs73110471	12	53282385	rs7974663	0.189052
12	53316821	rs73110471	12	53282461	rs151235305	0.974363
12	53316821	rs73110471	12	53283198	rs1907671	0.189052
12	53316821	rs73110471	12	53283607	rs368878614	0.241423
12	53316821	rs73110471	12	53283641	rs73108466	0.974363
12	53316821	rs73110471	12	53284167	rs12422322	0.13458
12	53316821	rs73110471	12	53284360	rs55999178	0.974363
12	53316821	rs73110471	12	53284849	rs73108469	0.974363
12	53316821	rs73110471	12	53285086	rs11170319	0.214793
12	53316821	rs73110471	12	53285844	rs2035874	0.167637
12	53316821	rs73110471	12	53286498	rs4300473	0.167637
12	53316821	rs73110471	12	53287835	rs73110432	0.965696
12	53316821	rs73110471	12	53287948	rs7312765	0.167637
12	53316821	rs73110471	12	53288338	rs7313089	0.167637
12	53316821	rs73110471	12	53288683	rs11170321	0.167637
12	53316821	rs73110471	12	53289648	rs4919707	0.974363
12	53316821	rs73110471	12	53292972	rs10735846	0.167637
12	53316821	rs73110471	12	53294381	rs8608	0.191045
12	53316821	rs73110471	12	53294742	rs56128482	0.2379
12	53316821	rs73110471	12	53294747	rs56095813	0.974363
12	53316821	rs73110471	12	53294821	rs4351899	0.191045
12	53316821	rs73110471	12	53295058	rs5019800	0.191045
12	53316821	rs73110471	12	53295063	rs5019799	0.191045
12	53316821	rs73110471	12	53295079	rs4403881	0.191045
12	53316821	rs73110471	12	53295081	rs4531558	0.191045
12	53316821	rs73110471	12	53295109	rs4479068	0.191045
12	53316821	rs73110471	12	53295184	rs7312512	0.191045
12	53316821	rs73110471	12	53295360	rs7312756	0.191045
12	53316821	rs73110471	12	53295394	rs1799872	0.191045
12	53316821	rs73110471	12	53295917	rs2035875	0.193952
12	53316821	rs73110471	12	53296422	rs34260645	0.136214
12	53316821	rs73110471	12	53296443	rs12809309	0.142972
12	53316821	rs73110471	12	53296456	rs12809813	0.152963
12	53316821	rs73110471	12	53296852	rs61927889	0.152963
12	53316821	rs73110471	12	53296889	rs61927890	0.134513
12	53316821	rs73110471	12	53296914	rs7963560	0.152963
12	53316821	rs73110471	12	53297044	rs199613343	0.152525
12	53316821	rs73110471	12	53297242	rs7978935	0.152963
12	53316821	rs73110471	12	53297320	rs7964223	0.152525
12	53316821	rs73110471	12	53297721	rs7953982	0.152516
12	53316821	rs73110471	12	53298215	rs2070912	0.151729
12	53316821	rs73110471	12	53298769	rs1065306	0.150449
12	53316821	rs73110471	12	53298775	rs137898974	0.982889
12	53316821	rs73110471	12	53298835	rs2070910	0.130757
12	53316821	rs73110471	12	53300203	rs12580050	0.151302
12	53316821	rs73110471	12	53301019	rs55958994	0.99146
12	53316821	rs73110471	12	53302619	rs11170326	0.130345
12	53316821	rs73110471	12	53303331	rs17120257	0.99146
12	53316821	rs73110471	12	53305135	rs143605202	0.148392
12	53316821	rs73110471	12	53307369	rs2638503	0.378933
12	53316821	rs73110471	12	53308265	rs2682296	0.380804
12	53316821	rs73110471	12	53308355	rs11609037	0.129529
12	53316821	rs73110471	12	53308408	rs57802417	0.127683
12	53316821	rs73110471	12	53308932	rs113925811	0.99146
12	53316821	rs73110471	12	53309584	rs4919743	0.99146
12	53316821	rs73110471	12	53312267	rs11170336	0.127683
12	53316821	rs73110471	12	53312612	rs73110464	0.99146
12	53316821	rs73110471	12	53315659	rs11829997	0.54428
12	53316821	rs73110471	12	53316821	rs73110471	1
12	53316821	rs73110471	12	53317731	rs111345606	0.139117
12	53316821	rs73110471	12	53321998	rs11613918	0.121582
12	53316821	rs73110471	12	53322277	rs12425966	0.134494
12	53316821	rs73110471	12	53323144	rs113094235	0.949792
12	53316821	rs73110471	12	53324855	rs11615553	0.121855
12	53316821	rs73110471	12	53324886	rs112433325	0.367542
12	53316821	rs73110471	12	53325562	rs7298485	0.121392
12	53316821	rs73110471	12	53326791	rs7297834	0.120931
12	53316821	rs73110471	12	53329088	rs141785230	0.367542
12	53316821	rs73110471	12	53330595	rs66534130	0.547137
12	53316821	rs73110471	12	53333249	rs59210689	0.502311
12	53316821	rs73110471	12	53333309	rs117412892	0.73651
12	53316821	rs73110471	12	53334851	rs10706288	0.404891
12	53316821	rs73110471	12	53335216	rs12302939	0.575919
12	53316821	rs73110471	12	53335563	rs11170341	0.572071
12	53316821	rs73110471	12	53336989	rs2055036	0.0972001
12	53316821	rs73110471	12	53337068	rs2055037	0.0961114
12	53316821	rs73110471	12	53338041	rs2172276	0.104229
12	53316821	rs73110471	12	53338143	rs2131160	0.104229
12	53316821	rs73110471	12	53338804	rs11609512	0.103992
12	53316821	rs73110471	12	53339034	rs12423065	0.11425
12	53316821	rs73110471	12	53339942	rs2682292	0.11559
12	53316821	rs73110471	12	53344830	rs2070876	0.0988451
12	53316821	rs73110471	12	53346972	rs11615022	0.106819
12	53316821	rs73110471	12	53347915	rs10783550	0.0999499
12	53316821	rs73110471	12	53348593	rs73297800	0.0987074
12	53316821	rs73110471	12	53349196	rs12229517	0.0999499
12	53316821	rs73110471	12	53350985	rs11834907	0.526412
12	53316821	rs73110471	12	53351486	rs35650442	0.526412
12	53316821	rs73110471	12	53351540	rs145830391	0.446065
12	53316821	rs73110471	12	53352351	rs34961808	0.526412
12	53316821	rs73110471	12	53352572	rs7299694	0.201413
12	53316821	rs73110471	12	53353410	rs6580920	0.199064
12	53316821	rs73110471	12	53353537	rs139181293	0.510489
12	53316821	rs73110471	12	53353759	rs4503623	0.199064
12	53316821	rs73110471	12	53353956	rs12819597	0.510489
12	53316821	rs73110471	12	53354110	rs12818597	0.510489
12	53316821	rs73110471	12	53354622	rs2363635	0.196623
12	53316821	rs73110471	12	53354683	rs2363634	0.259026
12	53316821	rs73110471	12	53354749	rs35127492	0.105878
12	53316821	rs73110471	12	53354788	rs2363633	0.410692
12	53316821	rs73110471	12	53354906	rs10641073	0.199064
12	53316821	rs73110471	12	53355557	rs2682339	0.199064
12	53316821	rs73110471	12	53355588	rs11170348	0.259026
12	53316821	rs73110471	12	53355955	rs2055038	0.259026
12	53316821	rs73110471	12	53356411	rs727266	0.259026
12	53316821	rs73110471	12	53357482	rs71443274	0.22025
12	53316821	rs73110471	12	53357710	rs2363631	0.259026
12	53316821	rs73110471	12	53357713	rs2363630	0.259026
12	53316821	rs73110471	12	53357870	rs77384759	0.259026
12	53316821	rs73110471	12	53358034	rs4919749	0.191887
12	53316821	rs73110471	12	53358352	rs6580923	0.259026
12	53316821	rs73110471	12	53359118	rs2638522	0.199064
12	53316821	rs73110471	12	53359229	rs4919752	0.259026
12	53316821	rs73110471	12	53359396	rs4919754	0.259026
12	53316821	rs73110471	12	53359416	rs4919755	0.259026
12	53316821	rs73110471	12	53360093	rs4919759	0.18348
12	53316821	rs73110471	12	53360531	rs9634243	0.145693
12	53316821	rs73110471	12	53361128	rs66599453	0.180202
12	53316821	rs73110471	12	53364807	rs201223290	0.0981473
12	53316821	rs73110471	12	53366180	rs75311416	0.352854
12	53316821	rs73110471	12	53368471	rs148164223	0.140188
12	53316821	rs73110471	12	53407012	rs115019703	0.134287
