CHR_A	BP_A	SNP_A	CHR_B	BP_B	SNP_B	R2
14	53372330	rs8008270	14	53278443	rs149720051	0.097269
14	53372330	rs8008270	14	53286839	rs145289589	0.44459
14	53372330	rs8008270	14	53288310	rs62003490	0.126364
14	53372330	rs8008270	14	53288682	rs17125761	0.126364
14	53372330	rs8008270	14	53289189	rs148713909	0.126364
14	53372330	rs8008270	14	53289281	rs11625993	0.124542
14	53372330	rs8008270	14	53289808	rs11626152	0.126364
14	53372330	rs8008270	14	53304638	rs7150104	0.187891
14	53372330	rs8008270	14	53304888	rs111505917	0.159315
14	53372330	rs8008270	14	53309940	rs111448470	0.939982
14	53372330	rs8008270	14	53313097	rs74800104	0.939982
14	53372330	rs8008270	14	53316867	rs113907726	0.933282
14	53372330	rs8008270	14	53321246	rs74884304	0.963245
14	53372330	rs8008270	14	53321273	rs62003514	0.963245
14	53372330	rs8008270	14	53321340	rs62003515	0.975033
14	53372330	rs8008270	14	53322999	rs12433887	0.566262
14	53372330	rs8008270	14	53323211	rs2884345	0.566262
14	53372330	rs8008270	14	53330007	rs62003516	0.957134
14	53372330	rs8008270	14	53330720	rs10144517;rs531022828	0.89257
14	53372330	rs8008270	14	53331679	rs17694496	0.963245
14	53372330	rs8008270	14	53333116	rs62003517	0.98131
14	53372330	rs8008270	14	53348540	rs62003529	0.963245
14	53372330	rs8008270	14	53350479	rs7161281	0.586566
14	53372330	rs8008270	14	53355518	rs79024024	0.307407
14	53372330	rs8008270	14	53357111	rs62003532	0.98131
14	53372330	rs8008270	14	53365816	rs11157934	0.338324
14	53372330	rs8008270	14	53365952	rs4901306	1
14	53372330	rs8008270	14	53366149	rs7161323	0.586566
14	53372330	rs8008270	14	53366323	rs1977350	1
14	53372330	rs8008270	14	53366439	rs1570876	1
14	53372330	rs8008270	14	53366923	rs6572870	1
14	53372330	rs8008270	14	53367088	rs11281196	1
14	53372330	rs8008270	14	53367793	rs8009956	1
14	53372330	rs8008270	14	53367823	rs576387693	0.137818
14	53372330	rs8008270	14	53367998	rs10638877	0.160687
14	53372330	rs8008270	14	53368082	rs8014470	0.987533
14	53372330	rs8008270	14	53368232	rs12889169	1
14	53372330	rs8008270	14	53368804	rs2358075	1
14	53372330	rs8008270	14	53369122	rs66918916	0.525513
14	53372330	rs8008270	14	53370038	rs79595478	0.251726
14	53372330	rs8008270	14	53371018	rs11629233	0.338324
14	53372330	rs8008270	14	53371906	rs368666856	0.398425
14	53372330	rs8008270	14	53371980	rs12881375	0.586566
14	53372330	rs8008270	14	53372330	rs8008270	1
14	53372330	rs8008270	14	53373399	rs12887631	0.577824
14	53372330	rs8008270	14	53373731	rs562066451;rs374197502	0.321099
14	53372330	rs8008270	14	53375241	rs7140747	0.963519
14	53372330	rs8008270	14	53375302	rs7141054	0.963519
14	53372330	rs8008270	14	53377540	rs9888615	0.574943
14	53372330	rs8008270	14	53378246	rs2147974	0.950648
14	53372330	rs8008270	14	53378287	rs2147975	0.330608
14	53372330	rs8008270	14	53378360	rs2147976	0.950648
14	53372330	rs8008270	14	53379925	rs4901308	0.962702
14	53372330	rs8008270	14	53380014	rs4901309	0.956234
14	53372330	rs8008270	14	53380371	rs2296496	0.336647
14	53372330	rs8008270	14	53381142	rs34965736	0.33351
14	53372330	rs8008270	14	53384280	rs11624016	0.333745
14	53372330	rs8008270	14	53384621	rs12892879	0.333745
14	53372330	rs8008270	14	53386172	rs5808695	0.962702
14	53372330	rs8008270	14	53386237	rs3825593	0.33351
14	53372330	rs8008270	14	53387109	rs4901313	0.962702
14	53372330	rs8008270	14	53389699	rs62003539	0.631218
14	53372330	rs8008270	14	53389923	rs573160397	0.0915267
14	53372330	rs8008270	14	53390305	rs4901317	0.200412
14	53372330	rs8008270	14	53390620	rs957190	0.118225
14	53372330	rs8008270	14	53391743	rs1570878	0.103881
14	53372330	rs8008270	14	53392698	rs12888271	0.117852
14	53372330	rs8008270	14	53394103	rs10873062	0.117132
14	53372330	rs8008270	14	53394444	rs12878516	0.117132
14	53372330	rs8008270	14	53397783	rs62003542	0.624987
14	53372330	rs8008270	14	53399337	rs8012109	0.634149
14	53372330	rs8008270	14	53405423	rs12433388	0.092485
14	53372330	rs8008270	14	53406442	rs17125955	0.629555
14	53372330	rs8008270	14	53409281	rs62003544	0.620444
14	53372330	rs8008270	14	53409843	rs77301702	0.580636
14	53372330	rs8008270	14	53409914	rs185605345	0.244828
14	53372330	rs8008270	14	53409916	rs188600347	0.244828
14	53372330	rs8008270	14	53409921	rs181389676	0.244828
14	53372330	rs8008270	14	53409931	rs566645858	0.629555
14	53372330	rs8008270	14	53418339	rs7158115	0.620772
14	53372330	rs8008270	14	53422847	rs62003548	0.506443
14	53372330	rs8008270	14	53423053	rs62003549	0.53541
14	53372330	rs8008270	14	53423360	rs142812462	0.53541
14	53372330	rs8008270	14	53424058	rs62003550	0.506443
14	53372330	rs8008270	14	53424320	rs62003551	0.506443
14	53372330	rs8008270	14	53424661	rs60083376	0.506443
14	53372330	rs8008270	14	53425197	rs62003553	0.417826
14	53372330	rs8008270	14	53425232	rs62003554	0.356841
14	53372330	rs8008270	14	53425665	rs559846700	0.261168
14	53372330	rs8008270	14	53426222	rs62003555	0.373836
14	53372330	rs8008270	14	53426739	rs62003556	0.348621
14	53372330	rs8008270	14	53426851	rs62003558	0.348621
14	53372330	rs8008270	14	53427174	rs57151582	0.352709
14	53372330	rs8008270	14	53428573	rs59825463	0.405467
14	53372330	rs8008270	14	53433752	rs2358077	0.170153
14	53372330	rs8008270	14	53434943	rs62005661	0.170153
14	53372330	rs8008270	14	53435143	rs11846585	0.160589
14	53372330	rs8008270	14	53435835	rs2104821	0.158365
14	53372330	rs8008270	14	53436163	rs2210317	0.160589
14	53372330	rs8008270	14	53436361	rs2210316	0.160589
14	53372330	rs8008270	14	53436768	rs7494700	0.170153
14	53372330	rs8008270	14	53437011	rs4901326	0.170153
14	53372330	rs8008270	14	53437237	rs12589058	0.158365
14	53372330	rs8008270	14	53437915	rs2150540	0.158365
14	53372330	rs8008270	14	53440178	rs34663179	0.166837
14	53372330	rs8008270	14	53440964	rs35089211	0.166837
14	53372330	rs8008270	14	53442832	rs35518231	0.166837
14	53372330	rs8008270	14	53444339	rs12891767	0.168569
14	53372330	rs8008270	14	53445576	rs35025638	0.166837
14	53372330	rs8008270	14	53445643	rs34949414	0.166837
14	53372330	rs8008270	14	53448213	rs537505575;rs539752605	0.161323
14	53372330	rs8008270	14	53449373	rs1958907	0.163564
14	53372330	rs8008270	14	53450065	rs7160059	0.163564
14	53372330	rs8008270	14	53451186	rs12881324	0.163564
14	53372330	rs8008270	14	53451273	rs34649799	0.163564
14	53372330	rs8008270	14	53451760	rs12431981	0.163564
14	53372330	rs8008270	14	53452376	rs4027140	0.161844
14	53372330	rs8008270	14	53452777	rs11157937	0.163564
14	53372330	rs8008270	14	53453942	rs17126005	0.163042
14	53372330	rs8008270	14	53454003	rs12898158	0.163042
14	53372330	rs8008270	14	53454049	rs7161716	0.16529
14	53372330	rs8008270	14	53454156	rs12897910	0.163042
14	53372330	rs8008270	14	53454232	rs142711678	0.163042
14	53372330	rs8008270	14	53454532	rs7141020	0.112932
14	53372330	rs8008270	14	53454693	rs6572873	0.155942
14	53372330	rs8008270	14	53455260	rs12883648	0.158133
14	53372330	rs8008270	14	53455413	rs34370904	0.16529
14	53372330	rs8008270	14	53455931	rs12435497	0.16529
14	53372330	rs8008270	14	53459772	rs1112339	0.16529
14	53372330	rs8008270	14	53460182	rs1112340	0.16529
14	53372330	rs8008270	14	53461595	rs34910107	0.144036
14	53372330	rs8008270	14	53461733	rs34274911	0.145163
14	53372330	rs8008270	14	53461791	rs34325464	0.124344
14	53372330	rs8008270	14	53462462	rs35597534	0.156846
14	53372330	rs8008270	14	53463049	rs11157938	0.155593
14	53372330	rs8008270	14	53463067	rs58160093	0.107161
14	53372330	rs8008270	14	53463207	rs4144386	0.156912
14	53372330	rs8008270	14	53464211	rs17697101	0.0995177
14	53372330	rs8008270	14	53464833	rs12435772	0.109692
14	53372330	rs8008270	14	53465150	rs62005704	0.148479
14	53372330	rs8008270	14	53466612	rs12437415	0.0932266
14	53372330	rs8008270	14	53466847	rs11157939	0.0925935
14	53372330	rs8008270	14	53467249	rs12050297	0.0925935
14	53372330	rs8008270	14	53467562	rs554215941;rs574876135	0.0942149
14	53372330	rs8008270	14	53467570	rs7144512	0.136734
14	53372330	rs8008270	14	53468249	rs12435886	0.093598
14	53372330	rs8008270	14	53469038	rs12588079	0.0954474
14	53372330	rs8008270	14	53469891	rs4901328	0.103572
14	53372330	rs8008270	14	53469959	rs4901329	0.0940231
14	53372330	rs8008270	14	53470519	rs4901330	0.0980016
14	53372330	rs8008270	14	53470708	rs56398612	0.0947598
14	53372330	rs8008270	14	53470916	rs7153163	0.135616
14	53372330	rs8008270	14	53470981	rs7158623	0.0980016
14	53372330	rs8008270	14	53471498	rs12434007	0.0980023
14	53372330	rs8008270	14	53471595	rs8020179	0.101177
14	53372330	rs8008270	14	53471850	rs8020380	0.101985
14	53372330	rs8008270	14	53472330	rs9989200	0.102782
14	53372330	rs8008270	14	53472513	rs12434875	0.0948908
14	53372330	rs8008270	14	53473864	rs12886722	0.104652
14	53389699	rs62003539	14	53274550	rs575292457;rs372686539	0.143894
14	53389699	rs62003539	14	53275672	rs146610735	0.141808
14	53389699	rs62003539	14	53275678	rs78499637	0.141251
14	53389699	rs62003539	14	53275977	rs397853124	0.127052
14	53389699	rs62003539	14	53276075	rs12589690	0.132878
14	53389699	rs62003539	14	53276236	rs142401250	0.140362
14	53389699	rs62003539	14	53277525	rs8017604	0.141251
14	53389699	rs62003539	14	53277786	rs8018404	0.141251
14	53389699	rs62003539	14	53278843	rs62003486	0.147253
14	53389699	rs62003539	14	53278967	rs55643334	0.146359
14	53389699	rs62003539	14	53279375	rs1952095	0.147253
14	53389699	rs62003539	14	53281883	rs4898765	0.108304
14	53389699	rs62003539	14	53283011	rs140133857	0.118076
14	53389699	rs62003539	14	53283012	rs62003489	0.118076
14	53389699	rs62003539	14	53284620	rs2147977	0.118968
14	53389699	rs62003539	14	53284810	rs2147978	0.118968
14	53389699	rs62003539	14	53285019	rs7142329	0.118968
14	53389699	rs62003539	14	53285465	rs8005941	0.118968
14	53389699	rs62003539	14	53285555	rs2182210	0.118968
14	53389699	rs62003539	14	53286839	rs145289589	0.640259
14	53389699	rs62003539	14	53304638	rs7150104	0.257714
14	53389699	rs62003539	14	53304888	rs111505917	0.103779
14	53389699	rs62003539	14	53309940	rs111448470	0.581763
14	53389699	rs62003539	14	53313097	rs74800104	0.581763
14	53389699	rs62003539	14	53316867	rs113907726	0.581644
14	53389699	rs62003539	14	53321246	rs74884304	0.604436
14	53389699	rs62003539	14	53321273	rs62003514	0.604436
14	53389699	rs62003539	14	53321340	rs62003515	0.604827
14	53389699	rs62003539	14	53322999	rs12433887	0.350532
14	53389699	rs62003539	14	53323211	rs2884345	0.350532
14	53389699	rs62003539	14	53330007	rs62003516	0.608409
14	53389699	rs62003539	14	53330720	rs10144517;rs531022828	0.562487
14	53389699	rs62003539	14	53331679	rs17694496	0.604436
14	53389699	rs62003539	14	53333116	rs62003517	0.608898
14	53389699	rs62003539	14	53348540	rs62003529	0.604436
14	53389699	rs62003539	14	53350479	rs7161281	0.358594
14	53389699	rs62003539	14	53355518	rs79024024	0.383358
14	53389699	rs62003539	14	53357111	rs62003532	0.608898
14	53389699	rs62003539	14	53365816	rs11157934	0.210624
14	53389699	rs62003539	14	53365952	rs4901306	0.631218
14	53389699	rs62003539	14	53366149	rs7161323	0.358594
14	53389699	rs62003539	14	53366323	rs1977350	0.631218
14	53389699	rs62003539	14	53366439	rs1570876	0.631218
14	53389699	rs62003539	14	53366923	rs6572870	0.631218
14	53389699	rs62003539	14	53367088	rs11281196	0.631218
14	53389699	rs62003539	14	53367793	rs8009956	0.631218
14	53389699	rs62003539	14	53367998	rs10638877	0.110132
14	53389699	rs62003539	14	53368082	rs8014470	0.623047
14	53389699	rs62003539	14	53368232	rs12889169	0.631218
14	53389699	rs62003539	14	53368804	rs2358075	0.631218
14	53389699	rs62003539	14	53369122	rs66918916	0.318663
14	53389699	rs62003539	14	53370038	rs79595478	0.333715
14	53389699	rs62003539	14	53371018	rs11629233	0.210624
14	53389699	rs62003539	14	53371906	rs368666856	0.241925
14	53389699	rs62003539	14	53371980	rs12881375	0.358594
14	53389699	rs62003539	14	53372330	rs8008270	0.631218
14	53389699	rs62003539	14	53373399	rs12887631	0.360705
14	53389699	rs62003539	14	53373731	rs562066451;rs374197502	0.193252
14	53389699	rs62003539	14	53375241	rs7140747	0.610907
14	53389699	rs62003539	14	53375302	rs7141054	0.610907
14	53389699	rs62003539	14	53377540	rs9888615	0.350944
14	53389699	rs62003539	14	53378246	rs2147974	0.626357
14	53389699	rs62003539	14	53378287	rs2147975	0.219086
14	53389699	rs62003539	14	53378360	rs2147976	0.626357
14	53389699	rs62003539	14	53379925	rs4901308	0.634466
14	53389699	rs62003539	14	53380014	rs4901309	0.634922
14	53389699	rs62003539	14	53380371	rs2296496	0.219196
14	53389699	rs62003539	14	53381142	rs34965736	0.22108
14	53389699	rs62003539	14	53384280	rs11624016	0.222881
14	53389699	rs62003539	14	53384621	rs12892879	0.222881
14	53389699	rs62003539	14	53386172	rs5808695	0.634466
14	53389699	rs62003539	14	53386237	rs3825593	0.22108
14	53389699	rs62003539	14	53387109	rs4901313	0.634466
14	53389699	rs62003539	14	53389699	rs62003539	1
14	53389699	rs62003539	14	53390305	rs4901317	0.338849
14	53389699	rs62003539	14	53390620	rs957190	0.22885
14	53389699	rs62003539	14	53391743	rs1570878	0.207158
14	53389699	rs62003539	14	53392698	rs12888271	0.192145
14	53389699	rs62003539	14	53394103	rs10873062	0.192074
14	53389699	rs62003539	14	53394444	rs12878516	0.192074
14	53389699	rs62003539	14	53397783	rs62003542	0.79513
14	53389699	rs62003539	14	53399337	rs8012109	0.810806
14	53389699	rs62003539	14	53405423	rs12433388	0.188128
14	53389699	rs62003539	14	53406442	rs17125955	0.802947
14	53389699	rs62003539	14	53409281	rs62003544	0.787354
14	53389699	rs62003539	14	53409843	rs77301702	0.763142
14	53389699	rs62003539	14	53409914	rs185605345	0.319476
14	53389699	rs62003539	14	53409916	rs188600347	0.319476
14	53389699	rs62003539	14	53409921	rs181389676	0.319476
14	53389699	rs62003539	14	53409931	rs566645858	0.802947
14	53389699	rs62003539	14	53411381	rs62003545	0.0994363
14	53389699	rs62003539	14	53416811	rs62003546	0.107818
14	53389699	rs62003539	14	53418339	rs7158115	0.796762
14	53389699	rs62003539	14	53422847	rs62003548	0.645246
14	53389699	rs62003539	14	53423053	rs62003549	0.675111
14	53389699	rs62003539	14	53423360	rs142812462	0.675111
14	53389699	rs62003539	14	53424058	rs62003550	0.645246
14	53389699	rs62003539	14	53424320	rs62003551	0.645246
14	53389699	rs62003539	14	53424661	rs60083376	0.645246
14	53389699	rs62003539	14	53425197	rs62003553	0.513492
14	53389699	rs62003539	14	53425232	rs62003554	0.502255
14	53389699	rs62003539	14	53425665	rs559846700	0.370685
14	53389699	rs62003539	14	53426222	rs62003555	0.520492
14	53389699	rs62003539	14	53426739	rs62003556	0.493421
14	53389699	rs62003539	14	53426851	rs62003558	0.493421
14	53389699	rs62003539	14	53427174	rs57151582	0.497815
14	53389699	rs62003539	14	53428573	rs59825463	0.501392
14	53389699	rs62003539	14	53454532	rs7141020	0.0915927
14	53389699	rs62003539	14	53462462	rs35597534	0.0909162
14	53389699	rs62003539	14	53464833	rs12435772	0.0902445
14	53389699	rs62003539	14	53473864	rs12886722	0.112405
