CHR_A	BP_A	SNP_A	CHR_B	BP_B	SNP_B	R2
19	51361757	rs17632542	19	51335049	rs55786312	0.18589
19	51361757	rs17632542	19	51335071	rs563498645	0.106752
19	51361757	rs17632542	19	51341326	rs2739443	0.340134
19	51361757	rs17632542	19	51342838	rs578229174	0.218192
19	51361757	rs17632542	19	51342875	rs2569752	0.167254
19	51361757	rs17632542	19	51345264	rs78177998	0.435933
19	51361757	rs17632542	19	51345568	rs2659051	0.151144
19	51361757	rs17632542	19	51346522	rs56397626	0.430116
19	51361757	rs17632542	19	51348229	rs4802751	0.0965489
19	51361757	rs17632542	19	51348572	rs4801855	0.0953787
19	51361757	rs17632542	19	51348711	rs4239492	0.0953787
19	51361757	rs17632542	19	51349090	rs266849	0.185062
19	51361757	rs17632542	19	51349484	rs543715417	0.131619
19	51361757	rs17632542	19	51349602	rs11084032	0.0973281
19	51361757	rs17632542	19	51349716	rs10445554	0.0973281
19	51361757	rs17632542	19	51350791	rs7251465	0.44187
19	51361757	rs17632542	19	51350880	rs2411331	0.0973281
19	51361757	rs17632542	19	51351233	rs200343323	0.0938417
19	51361757	rs17632542	19	51354397	rs11665748	0.154472
19	51361757	rs17632542	19	51354411	rs11665698	0.165711
19	51361757	rs17632542	19	51354597	rs2659124	0.291332
19	51361757	rs17632542	19	51354652	rs112786111	0.753639
19	51361757	rs17632542	19	51354986	rs62113210	0.17447
19	51361757	rs17632542	19	51356165	rs266861	0.133182
19	51361757	rs17632542	19	51356800	rs266859	0.132195
19	51361757	rs17632542	19	51357167	rs186855811	0.17447
19	51361757	rs17632542	19	51359114	rs266878	0.296963
19	51361757	rs17632542	19	51359852	rs174776	0.306236
19	51361757	rs17632542	19	51360818	rs266876	0.191389
19	51361757	rs17632542	19	51360840	rs62113212	0.985104
19	51361757	rs17632542	19	51361757	rs17632542	1
19	51361757	rs17632542	19	51362537	rs62113214	1
19	51361757	rs17632542	19	51362715	rs76765083	1
19	51361757	rs17632542	19	51363026	rs2659122	0.202026
19	51361757	rs17632542	19	51363398	rs1058205	0.374017
19	51361757	rs17632542	19	51364269	rs2569735	0.473944
19	51361757	rs17632542	19	51364623	rs2735839	0.473944
19	51361757	rs17632542	19	51364803	rs62113216	0.735654
19	51361757	rs17632542	19	51365356	rs546644629;rs149682597	0.155997
19	51361757	rs17632542	19	51365440	rs111362352	0.970362
19	51361757	rs17632542	19	51366222	rs62113220	0.18607
19	51361757	rs17632542	19	51366496	rs62113221	0.18607
19	51361757	rs17632542	19	51366794	rs62113222	0.18607
19	51361757	rs17632542	19	51366876	rs117152153	0.18607
19	51361757	rs17632542	19	51367054	rs62113223	0.18607
19	51361757	rs17632542	19	51367112	rs375451274	0.0946851
19	51361757	rs17632542	19	51367130	rs62113224	0.18607
19	51361757	rs17632542	19	51367285	rs182899077	0.18607
19	51361757	rs17632542	19	51367386	rs111731525	0.18607
19	51361757	rs17632542	19	51367714	rs566402942	0.15647
19	51361757	rs17632542	19	51368188	rs117005051	0.18607
19	51361757	rs17632542	19	51370436	rs548953645	0.0953425
19	51361757	rs17632542	19	51372261	rs79015965	0.0953425
19	51361757	rs17632542	19	51373429	rs62113228	0.18607
19	51361757	rs17632542	19	51374641	rs2739478	0.0953425
19	51361757	rs17632542	19	51374738	rs79178205	0.140051
19	51361757	rs17632542	19	51374748	rs79473488	0.140051
19	51361757	rs17632542	19	51374807	rs75759612	0.140051
19	51361757	rs17632542	19	51377267	rs55832816	0.123849
19	51361757	rs17632542	19	51377713	rs56297463	0.123849
19	51361757	rs17632542	19	51418257	rs11670134	0.0901527
19	51364623	rs2735839	19	51335049	rs55786312	0.180857
19	51364623	rs2735839	19	51335071	rs563498645	0.172047
19	51364623	rs2735839	19	51341326	rs2739443	0.219633
19	51364623	rs2735839	19	51342838	rs578229174	0.100512
19	51364623	rs2735839	19	51343805	rs12984286	0.0994426
19	51364623	rs2735839	19	51344483	rs34575650	0.102299
19	51364623	rs2735839	19	51345264	rs78177998	0.292684
19	51364623	rs2735839	19	51345568	rs2659051	0.251162
19	51364623	rs2735839	19	51346522	rs56397626	0.287442
19	51364623	rs2735839	19	51348229	rs4802751	0.114818
19	51364623	rs2735839	19	51348297	rs4802752	0.0960686
19	51364623	rs2735839	19	51348572	rs4801855	0.113142
19	51364623	rs2735839	19	51348711	rs4239492	0.113142
19	51364623	rs2735839	19	51349090	rs266849	0.31566
19	51364623	rs2735839	19	51349288	rs11878415	0.0960686
19	51364623	rs2735839	19	51349602	rs11084032	0.11632
19	51364623	rs2735839	19	51349716	rs10445554	0.11632
19	51364623	rs2735839	19	51350740	rs2411332	0.110023
19	51364623	rs2735839	19	51350791	rs7251465	0.298038
19	51364623	rs2735839	19	51350880	rs2411331	0.11632
19	51364623	rs2735839	19	51351233	rs200343323	0.114637
19	51364623	rs2735839	19	51351934	rs266870	0.110023
19	51364623	rs2735839	19	51352937	rs266868	0.106882
19	51364623	rs2735839	19	51354397	rs11665748	0.21755
19	51364623	rs2735839	19	51354411	rs11665698	0.224571
19	51364623	rs2735839	19	51354597	rs2659124	0.509371
19	51364623	rs2735839	19	51354652	rs112786111	0.372171
19	51364623	rs2735839	19	51355650	rs266863	0.114646
19	51364623	rs2735839	19	51355913	rs73588928	0.106215
19	51364623	rs2735839	19	51356165	rs266861	0.268548
19	51364623	rs2735839	19	51356800	rs266859	0.266487
19	51364623	rs2735839	19	51357271	rs2739451	0.132248
19	51364623	rs2735839	19	51358333	rs266881	0.0991766
19	51364623	rs2735839	19	51358471	rs266880	0.0985698
19	51364623	rs2735839	19	51358638	rs266879	0.125086
19	51364623	rs2735839	19	51359114	rs266878	0.519903
19	51364623	rs2735839	19	51359497	rs11573	0.0978983
19	51364623	rs2735839	19	51359503	rs1135766	0.0978983
19	51364623	rs2735839	19	51359566	rs7252245	0.106215
19	51364623	rs2735839	19	51359852	rs174776	0.526441
19	51364623	rs2735839	19	51360768	rs266877	0.291234
19	51364623	rs2735839	19	51360818	rs266876	0.460451
19	51364623	rs2735839	19	51360840	rs62113212	0.468051
19	51364623	rs2735839	19	51361644	rs1810020	0.322011
19	51364623	rs2735839	19	51361757	rs17632542	0.473944
19	51364623	rs2735839	19	51361937	rs266875	0.113087
19	51364623	rs2735839	19	51362399	rs73591117	0.1291
19	51364623	rs2735839	19	51362537	rs62113214	0.473944
19	51364623	rs2735839	19	51362585	rs62113215	0.139418
19	51364623	rs2735839	19	51362715	rs76765083	0.473944
19	51364623	rs2735839	19	51363026	rs2659122	0.476046
19	51364623	rs2735839	19	51363398	rs1058205	0.802521
19	51364623	rs2735839	19	51363448	rs1058274	0.115075
19	51364623	rs2735839	19	51364240	rs4802755	0.212908
19	51364623	rs2735839	19	51364269	rs2569735	1
19	51364623	rs2735839	19	51364623	rs2735839	1
19	51364623	rs2735839	19	51364803	rs62113216	0.64956
19	51364623	rs2735839	19	51365061	rs55788344	0.115075
19	51364623	rs2735839	19	51365356	rs546644629;rs149682597	0.0943244
19	51364623	rs2735839	19	51365440	rs111362352	0.458802
19	51364623	rs2735839	19	51365466	rs2735837	0.125694
19	51364623	rs2735839	19	51365729	rs73591127	0.120261
19	51364623	rs2735839	19	51369840	rs2569738	0.0934138
19	51364623	rs2735839	19	51369905	rs111848818	0.106215
19	51364623	rs2735839	19	51371688	rs73592831	0.120261
19	51364623	rs2735839	19	51373878	rs111477094	0.10125
19	51364623	rs2735839	19	51374332	rs59510117	0.120261
19	51364623	rs2735839	19	51377607	rs73592857	0.181932
