CHR_A	BP_A	SNP_A	CHR_B	BP_B	SNP_B	R2
11	69453985	rs36225067	11	69393494	rs79779413	0.138939
11	69453985	rs36225067	11	69410555	rs149003188	0.107195
11	69453985	rs36225067	11	69427546	rs117398347	0.620417
11	69453985	rs36225067	11	69430656	rs56176742	0.11716
11	69453985	rs36225067	11	69443283	rs118148732	0.589584
11	69453985	rs36225067	11	69444235	rs117465240	0.660108
11	69453985	rs36225067	11	69444267	rs58136268	0.69851
11	69453985	rs36225067	11	69446296	rs11827340	0.529858
11	69453985	rs36225067	11	69446331	rs11824610	0.529858
11	69453985	rs36225067	11	69446552	rs11827379	0.529858
11	69453985	rs36225067	11	69446766	rs11826558	0.449886
11	69453985	rs36225067	11	69446913	rs11827026	0.529858
11	69453985	rs36225067	11	69447518	rs7103817	0.529858
11	69453985	rs36225067	11	69448758	rs11820019	0.967638
11	69453985	rs36225067	11	69448912	rs74606104	1
11	69453985	rs36225067	11	69451864	rs76941912	1
11	69453985	rs36225067	11	69451910	rs191958513	1
11	69453985	rs36225067	11	69451911	rs184379418	1
11	69453985	rs36225067	11	69452706	rs180898041	1
11	69453985	rs36225067	11	69453044	rs144245804	1
11	69453985	rs36225067	11	69453985	rs36225067	1
11	69453985	rs36225067	11	69454255	rs532228592	0.968523
11	69453985	rs36225067	11	69454276	rs36225073	1
11	69453985	rs36225067	11	69454707	rs3212859	1
11	69453985	rs36225067	11	69456000	rs55911137	1
11	69453985	rs36225067	11	69458430	rs55816909	1
11	69453985	rs36225067	11	69459036	rs3918296	0.968523
11	69453985	rs36225067	11	69462856	rs3862792	1
11	69453985	rs36225067	11	69463273	rs3918298	1
11	69453985	rs36225067	11	69463679	rs3212880	1
11	69453985	rs36225067	11	69465274	rs7944853	0.620417
11	69453985	rs36225067	11	69465860	rs3212892	0.56134
11	69453985	rs36225067	11	69469986	rs3212920	0.620417
11	69453985	rs36225067	11	69470383	rs3212922	0.620417
11	69453985	rs36225067	11	69470609	rs115181523	0.620417
11	69453985	rs36225067	11	69472462	rs113873420	0.620417
11	69453985	rs36225067	11	69472557	rs117640087	0.620417
11	69453985	rs36225067	11	69475386	rs147070975	0.281368
11	69453985	rs36225067	11	69476727	rs12283700	0.620417
11	69453985	rs36225067	11	69477080	rs56934519	0.620417
11	69453985	rs36225067	11	69478870	rs61009294	0.620417
11	69453985	rs36225067	11	69479143	rs112844066	0.620417
11	69453985	rs36225067	11	69480191	rs11263527	0.620417
11	69453985	rs36225067	11	69480363	rs1055825	0.620417
11	69453985	rs36225067	11	69480680	rs73522758	0.620417
11	69453985	rs36225067	11	69481263	rs77258288	0.620417
11	69453985	rs36225067	11	69484416	rs112267300	0.620417
11	69453985	rs36225067	11	69487293	rs11301941	0.345294
11	69453985	rs36225067	11	69488201	rs78436484	0.620417
11	69453985	rs36225067	11	69489417	rs111794691	0.591998
11	69453985	rs36225067	11	69489418	rs185703700	0.589584
11	69453985	rs36225067	11	69489422	rs113966981	0.399815
11	69453985	rs36225067	11	69489665	rs12279395	0.620417
11	69453985	rs36225067	11	69490413	rs57134742	0.620417
11	69453985	rs36225067	11	69490613	rs112649984	0.620417
11	69453985	rs36225067	11	69491628	rs112004407	0.620417
11	69453985	rs36225067	11	69492251	rs111631554	0.620417
11	69453985	rs36225067	11	69492358	rs140866829	0.620417
11	69453985	rs36225067	11	69492711	rs115048640	0.620417
11	69453985	rs36225067	11	69493659	rs11821378	0.620417
11	69453985	rs36225067	11	69493665	rs11263529	0.620417
11	69453985	rs36225067	11	69494148	rs117874718	0.620417
11	69453985	rs36225067	11	69494331	rs550635595	0.620417
11	69453985	rs36225067	11	69495721	rs140506484	0.461299
11	69453985	rs36225067	11	69496612	rs12284226	0.620417
11	69453985	rs36225067	11	69497269	rs80208956	0.620417
11	69453985	rs36225067	11	69497673	rs76113683	0.620417
11	69453985	rs36225067	11	69498356	rs12278346	0.620417
11	69453985	rs36225067	11	69498969	rs112433012	0.620417
11	69453985	rs36225067	11	69499402	rs546852615	0.0930709
11	69453985	rs36225067	11	69501251	rs112269168	0.620417
11	69453985	rs36225067	11	69501395	rs113926888	0.620417
11	69453985	rs36225067	11	69502703	rs144721871	0.288893
11	69453985	rs36225067	11	69502717	rs113980874	0.620417
11	69453985	rs36225067	11	69504562	rs74492992	0.620417
11	69453985	rs36225067	11	69507944	rs147636791	0.620417
11	69453985	rs36225067	11	69510553	rs111514291	0.589584
11	69453985	rs36225067	11	69511060	rs114685884	0.558886
11	69453985	rs36225067	11	69511118	rs112437459	0.558886
11	69453985	rs36225067	11	69511630	rs80272029	0.558886
