CHR_A	BP_A	SNP_A	CHR_B	BP_B	SNP_B	R2
22	40452119	rs9623117	22	40353634	rs9611233	0.11928
22	40452119	rs9623117	22	40354981	rs138000	0.132579
22	40452119	rs9623117	22	40358148	rs7285609	0.135845
22	40452119	rs9623117	22	40358183	rs138002	0.133579
22	40452119	rs9623117	22	40363548	rs2284077	0.142867
22	40452119	rs9623117	22	40364394	rs138009	0.131233
22	40452119	rs9623117	22	40364415	rs2267423	0.236911
22	40452119	rs9623117	22	40371138	rs149281924	0.169149
22	40452119	rs9623117	22	40373297	rs138014	0.10726
22	40452119	rs9623117	22	40374669	rs112668429	0.1042
22	40452119	rs9623117	22	40375703	rs138016	0.139432
22	40452119	rs9623117	22	40378567	rs111788716	0.284432
22	40452119	rs9623117	22	40380656	rs2958652	0.278597
22	40452119	rs9623117	22	40382249	rs2958654	0.289679
22	40452119	rs9623117	22	40384712	rs34726410	0.276612
22	40452119	rs9623117	22	40386370	rs2958657	0.0963007
22	40452119	rs9623117	22	40386770	rs3021217	0.0963007
22	40452119	rs9623117	22	40389007	rs2958658	0.286037
22	40452119	rs9623117	22	40390238	rs28607928	0.279
22	40452119	rs9623117	22	40392604	rs3021222	0.10292
22	40452119	rs9623117	22	40394797	rs2958663	0.100207
22	40452119	rs9623117	22	40395084	rs3021274	0.106399
22	40452119	rs9623117	22	40396028	rs12373990	0.381743
22	40452119	rs9623117	22	40396409	rs3021270	0.114176
22	40452119	rs9623117	22	40396612	rs34584677	0.113571
22	40452119	rs9623117	22	40399550	rs78511287	0.12558
22	40452119	rs9623117	22	40399827	rs2958660	0.124966
22	40452119	rs9623117	22	40400735	rs62230283	0.13386
22	40452119	rs9623117	22	40400912	rs2958659	0.126853
22	40452119	rs9623117	22	40401895	rs11705454	0.130079
22	40452119	rs9623117	22	40402759	rs62230284	0.131911
22	40452119	rs9623117	22	40402817	rs1108047	0.481011
22	40452119	rs9623117	22	40403171	rs11912922	0.125061
22	40452119	rs9623117	22	40403988	rs117571052	0.144859
22	40452119	rs9623117	22	40404293	rs11704971	0.132018
22	40452119	rs9623117	22	40405763	rs2958651	0.126853
22	40452119	rs9623117	22	40405898	rs17406386	0.130079
22	40452119	rs9623117	22	40405931	rs2958650	0.123186
22	40452119	rs9623117	22	40406272	rs714008	0.362648
22	40452119	rs9623117	22	40407574	rs17406434	0.132018
22	40452119	rs9623117	22	40408805	rs58286117	0.126853
22	40452119	rs9623117	22	40409139	rs11089967	0.121325
22	40452119	rs9623117	22	40412203	rs199929056	0.481011
22	40452119	rs9623117	22	40412205	rs73414424;rs564392103	0.491887
22	40452119	rs9623117	22	40412551	rs7284488	0.0905899
22	40452119	rs9623117	22	40414530	rs4820395	0.128661
22	40452119	rs9623117	22	40415140	rs2071771	0.484061
22	40452119	rs9623117	22	40415617	rs7291782	0.133759
22	40452119	rs9623117	22	40415709	rs9611246	0.487613
22	40452119	rs9623117	22	40417571	rs35823589	0.264215
22	40452119	rs9623117	22	40417780	rs5995793	0.481011
22	40452119	rs9623117	22	40417820	rs5995794	0.481449
22	40452119	rs9623117	22	40419123	rs11089969	0.126382
22	40452119	rs9623117	22	40419154	rs737815	0.135994
22	40452119	rs9623117	22	40419617	rs743840	0.129713
22	40452119	rs9623117	22	40419816	rs2899333	0.487128
22	40452119	rs9623117	22	40421488	rs9623110	0.133759
22	40452119	rs9623117	22	40423344	rs9611250	0.487613
22	40452119	rs9623117	22	40423439	rs732748	0.127713
22	40452119	rs9623117	22	40423596	rs9611251	0.488133
22	40452119	rs9623117	22	40424075	rs9607682	0.487613
22	40452119	rs9623117	22	40424922	rs11704113	0.264215
22	40452119	rs9623117	22	40425974	rs3752470	0.130283
22	40452119	rs9623117	22	40426306	rs7284189	0.101099
22	40452119	rs9623117	22	40428433	rs6001722	0.439034
22	40452119	rs9623117	22	40428706	rs6001723	0.472487
22	40452119	rs9623117	22	40428787	rs9611253	0.31754
22	40452119	rs9623117	22	40428794	rs9611254	0.330399
22	40452119	rs9623117	22	40429365	rs9607683	0.917927
22	40452119	rs9623117	22	40434757	rs6001728	1
22	40452119	rs9623117	22	40436973	rs11704416	0.8304
22	40452119	rs9623117	22	40439681	rs113141267	0.994304
22	40452119	rs9623117	22	40442750	rs6001733	1
22	40452119	rs9623117	22	40443219	rs6001734	1
22	40452119	rs9623117	22	40445151	rs7290960	1
22	40452119	rs9623117	22	40445157	rs28494590	0.871047
22	40452119	rs9623117	22	40445733	rs7290555	0.96636
22	40452119	rs9623117	22	40449483	rs531499761	1
22	40452119	rs9623117	22	40450877	rs536397622	0.0928533
22	40452119	rs9623117	22	40452119	rs9623117	1
22	40452119	rs9623117	22	40452801	rs35657644	0.539464
22	40452119	rs9623117	22	40453964	rs7290298	1
22	40452119	rs9623117	22	40454069	rs7291691	1
22	40452119	rs9623117	22	40454131	rs75942214	0.871047
22	40452119	rs9623117	22	40455378	rs9611257	0.96636
22	40452119	rs9623117	22	40457623	rs138671314	0.96636
22	40452119	rs9623117	22	40460111	rs6001740	1
22	40452119	rs9623117	22	40461508	rs28837144	0.870252
22	40452119	rs9623117	22	40464204	rs6001741	0.870252
22	40452119	rs9623117	22	40464452	rs9611260	0.0953748
22	40452119	rs9623117	22	40464821	rs7288882	0.994304
22	40452119	rs9623117	22	40464936	rs7288667	0.960877
22	40452119	rs9623117	22	40465297	rs7292999	0.864896
22	40452119	rs9623117	22	40466872	rs9611261	0.960877
22	40452119	rs9623117	22	40468008	rs6001743	0.994304
22	40452119	rs9623117	22	40469292	rs5995808	0.994304
22	40452119	rs9623117	22	40471188	rs58133635	0.829148
22	40452119	rs9623117	22	40472399	rs6519216	0.835238
22	40452119	rs9623117	22	40473769	rs10640739	0.114442
22	40452119	rs9623117	22	40474513	rs7284980	0.835238
22	40452119	rs9623117	22	40475326	rs6001749	0.994304
22	40452119	rs9623117	22	40475587	rs538236362;rs538236362;rs9611262	0.864678
22	40452119	rs9623117	22	40479448	rs7292838	0.26435
22	40452119	rs9623117	22	40479484	rs7292602	0.895852
22	40452119	rs9623117	22	40479811	rs9607685	0.895852
22	40452119	rs9623117	22	40481736	rs11704464	0.278597
22	40452119	rs9623117	22	40482752	rs7290587	0.835238
22	40452119	rs9623117	22	40485027	rs9607686	0.865226
22	40452119	rs9623117	22	40486405	rs369608803	0.890668
22	40452119	rs9623117	22	40493860	rs714020	0.988617
22	40452119	rs9623117	22	40495139	rs9611263	0.849591
22	40452119	rs9623117	22	40495473	rs6001762	0.879952
22	40452119	rs9623117	22	40495644	rs6001763	0.849591
22	40452119	rs9623117	22	40496066	rs140803867	0.695648
22	40452119	rs9623117	22	40496394	rs141373362	0.123636
22	40452119	rs9623117	22	40496656	rs11705409	0.849591
22	40452119	rs9623117	22	40497122	rs12106521	0.849591
22	40452119	rs9623117	22	40498156	rs6001765	0.849591
22	40452119	rs9623117	22	40498493	rs9611265	0.12173
22	40452119	rs9623117	22	40499103	rs34419824	0.844639
22	40452119	rs9623117	22	40499107	rs34584683	0.82803
22	40452119	rs9623117	22	40500261	rs145571764	0.75858
22	40452119	rs9623117	22	40500852	rs9611266	0.378973
22	40452119	rs9623117	22	40505863	rs6001773	0.977372
22	40452119	rs9623117	22	40506004	rs9611267	0.944059
22	40452119	rs9623117	22	40507282	rs713639	0.944059
22	40452119	rs9623117	22	40508926	rs7289694	0.977372
22	40452119	rs9623117	22	40511670	rs1474666	0.312623
22	40452119	rs9623117	22	40513589	rs6001774	0.977372
22	40452119	rs9623117	22	40516339	rs112151297	0.661593
22	40452119	rs9623117	22	40516522	rs8136657	0.977372
22	40452119	rs9623117	22	40526214	rs9611271	0.138417
22	40452119	rs9623117	22	40526472	rs2018458	0.971534
22	40452119	rs9623117	22	40527060	rs6001787	0.921155
22	40452119	rs9623117	22	40527858	rs2413611	0.103651
22	40452119	rs9623117	22	40530052	rs7284587	0.3769
22	40452119	rs9623117	22	40532375	rs150445100	0.411184
22	40452119	rs9623117	22	40534466	rs9611273	0.362904
22	40452119	rs9623117	22	40534964	rs2064258	0.143475
22	40452119	rs9623117	22	40535399	rs5995819	0.366742
22	40452119	rs9623117	22	40535731	rs2143177	0.121993
22	40452119	rs9623117	22	40535963	rs2179422	0.370083
22	40452119	rs9623117	22	40538229	rs397868055	0.123224
22	40452119	rs9623117	22	40539379	rs2103648	0.451197
22	40452119	rs9623117	22	40540185	rs6001800	0.372837
22	40452119	rs9623117	22	40540762	rs4586740	0.108095
22	40452119	rs9623117	22	40540766	rs6001801	0.358666
22	40452119	rs9623117	22	40540836	rs35947949	0.358666
22	40452119	rs9623117	22	40541173	rs4588292	0.358666
22	40452119	rs9623117	22	40541700	rs2413617	0.362112
22	40452119	rs9623117	22	40541831	rs2015410	0.373451
22	40452119	rs9623117	22	40541838	rs2005999	0.110154
22	40452119	rs9623117	22	40541844	rs5845447	0.367447
22	40452119	rs9623117	22	40542407	rs59426214	0.366056
22	40452119	rs9623117	22	40542688	rs4820397	0.111284
22	40452119	rs9623117	22	40542915	rs4586733	0.361766
22	40452119	rs9623117	22	40543215	rs6001802	0.361766
22	40452119	rs9623117	22	40544666	rs141588226	0.167017
22	40452119	rs9623117	22	40545595	rs6001804	0.161704
22	40452119	rs9623117	22	40547688	rs80148882	0.318911
22	40797933	rs11704314	22	40378567	rs111788716	0.12775
22	40797933	rs11704314	22	40380656	rs2958652	0.136191
22	40797933	rs11704314	22	40382249	rs2958654	0.136191
22	40797933	rs11704314	22	40384712	rs34726410	0.136622
22	40797933	rs11704314	22	40389007	rs2958658	0.136296
22	40797933	rs11704314	22	40390238	rs28607928	0.138135
22	40797933	rs11704314	22	40396028	rs12373990	0.199043
22	40797933	rs11704314	22	40402817	rs1108047	0.206586
22	40797933	rs11704314	22	40406272	rs714008	0.184159
22	40797933	rs11704314	22	40412203	rs199929056	0.206586
22	40797933	rs11704314	22	40412205	rs73414424;rs564392103	0.20533
22	40797933	rs11704314	22	40415140	rs2071771	0.20842
22	40797933	rs11704314	22	40415709	rs9611246	0.214226
22	40797933	rs11704314	22	40417571	rs35823589	0.0998738
22	40797933	rs11704314	22	40417780	rs5995793	0.206586
22	40797933	rs11704314	22	40417820	rs5995794	0.210493
22	40797933	rs11704314	22	40419816	rs2899333	0.220964
22	40797933	rs11704314	22	40423344	rs9611250	0.214226
22	40797933	rs11704314	22	40423596	rs9611251	0.218276
22	40797933	rs11704314	22	40424075	rs9607682	0.214226
22	40797933	rs11704314	22	40424922	rs11704113	0.0998738
22	40797933	rs11704314	22	40428433	rs6001722	0.177601
22	40797933	rs11704314	22	40428706	rs6001723	0.18317
22	40797933	rs11704314	22	40428794	rs9611254	0.0928736
22	40797933	rs11704314	22	40429365	rs9607683	0.264146
22	40797933	rs11704314	22	40434757	rs6001728	0.261537
22	40797933	rs11704314	22	40436973	rs11704416	0.296471
22	40797933	rs11704314	22	40439681	rs113141267	0.257717
22	40797933	rs11704314	22	40442750	rs6001733	0.261537
22	40797933	rs11704314	22	40443219	rs6001734	0.261537
22	40797933	rs11704314	22	40445151	rs7290960	0.261537
22	40797933	rs11704314	22	40445157	rs28494590	0.317833
22	40797933	rs11704314	22	40445733	rs7290555	0.276977
22	40797933	rs11704314	22	40449483	rs531499761	0.261537
22	40797933	rs11704314	22	40452119	rs9623117	0.261537
22	40797933	rs11704314	22	40452801	rs35657644	0.093206
22	40797933	rs11704314	22	40453964	rs7290298	0.261537
22	40797933	rs11704314	22	40454069	rs7291691	0.261537
22	40797933	rs11704314	22	40454131	rs75942214	0.317833
22	40797933	rs11704314	22	40455378	rs9611257	0.276977
22	40797933	rs11704314	22	40457623	rs138671314	0.276977
22	40797933	rs11704314	22	40460111	rs6001740	0.261537
22	40797933	rs11704314	22	40461508	rs28837144	0.289893
22	40797933	rs11704314	22	40464204	rs6001741	0.289893
22	40797933	rs11704314	22	40464821	rs7288882	0.257717
22	40797933	rs11704314	22	40464936	rs7288667	0.273081
22	40797933	rs11704314	22	40465297	rs7292999	0.282523
22	40797933	rs11704314	22	40466872	rs9611261	0.273081
22	40797933	rs11704314	22	40468008	rs6001743	0.257717
22	40797933	rs11704314	22	40469292	rs5995808	0.257717
22	40797933	rs11704314	22	40471188	rs58133635	0.297457
22	40797933	rs11704314	22	40472399	rs6519216	0.300524
22	40797933	rs11704314	22	40474513	rs7284980	0.300524
22	40797933	rs11704314	22	40475326	rs6001749	0.257717
22	40797933	rs11704314	22	40475587	rs538236362;rs538236362;rs9611262	0.284956
22	40797933	rs11704314	22	40479448	rs7292838	0.0924812
22	40797933	rs11704314	22	40479484	rs7292602	0.275531
22	40797933	rs11704314	22	40479811	rs9607685	0.275531
22	40797933	rs11704314	22	40481736	rs11704464	0.112413
22	40797933	rs11704314	22	40482752	rs7290587	0.300524
22	40797933	rs11704314	22	40485027	rs9607686	0.292841
22	40797933	rs11704314	22	40486405	rs369608803	0.278354
22	40797933	rs11704314	22	40493860	rs714020	0.256868
22	40797933	rs11704314	22	40495139	rs9611263	0.302269
22	40797933	rs11704314	22	40495473	rs6001762	0.284248
22	40797933	rs11704314	22	40495644	rs6001763	0.302269
22	40797933	rs11704314	22	40496066	rs140803867	0.245279
22	40797933	rs11704314	22	40496656	rs11705409	0.302269
22	40797933	rs11704314	22	40497122	rs12106521	0.302269
22	40797933	rs11704314	22	40498156	rs6001765	0.302269
22	40797933	rs11704314	22	40499103	rs34419824	0.305366
22	40797933	rs11704314	22	40499107	rs34584683	0.265657
22	40797933	rs11704314	22	40500261	rs145571764	0.340462
22	40797933	rs11704314	22	40500852	rs9611266	0.210981
22	40797933	rs11704314	22	40505863	rs6001773	0.268158
22	40797933	rs11704314	22	40506004	rs9611267	0.284275
22	40797933	rs11704314	22	40507282	rs713639	0.284275
22	40797933	rs11704314	22	40508926	rs7289694	0.268158
22	40797933	rs11704314	22	40511670	rs1474666	0.0916141
22	40797933	rs11704314	22	40513589	rs6001774	0.268158
22	40797933	rs11704314	22	40516339	rs112151297	0.139209
22	40797933	rs11704314	22	40516522	rs8136657	0.268158
22	40797933	rs11704314	22	40526472	rs2018458	0.275474
22	40797933	rs11704314	22	40527060	rs6001787	0.29924
22	40797933	rs11704314	22	40527858	rs2413611	0.100248
22	40797933	rs11704314	22	40530052	rs7284587	0.322409
22	40797933	rs11704314	22	40532375	rs150445100	0.25826
22	40797933	rs11704314	22	40534466	rs9611273	0.332424
22	40797933	rs11704314	22	40534964	rs2064258	0.137804
22	40797933	rs11704314	22	40535399	rs5995819	0.316222
22	40797933	rs11704314	22	40535731	rs2143177	0.145993
22	40797933	rs11704314	22	40535963	rs2179422	0.315564
22	40797933	rs11704314	22	40538229	rs397868055	0.156438
22	40797933	rs11704314	22	40539379	rs2103648	0.27685
22	40797933	rs11704314	22	40540185	rs6001800	0.396068
22	40797933	rs11704314	22	40540762	rs4586740	0.181893
22	40797933	rs11704314	22	40540766	rs6001801	0.389346
22	40797933	rs11704314	22	40540836	rs35947949	0.389346
22	40797933	rs11704314	22	40541173	rs4588292	0.389346
22	40797933	rs11704314	22	40541700	rs2413617	0.391801
22	40797933	rs11704314	22	40541831	rs2015410	0.40142
22	40797933	rs11704314	22	40541838	rs2005999	0.185263
22	40797933	rs11704314	22	40541844	rs5845447	0.395094
22	40797933	rs11704314	22	40542407	rs59426214	0.396068
22	40797933	rs11704314	22	40542688	rs4820397	0.186383
22	40797933	rs11704314	22	40542915	rs4586733	0.392227
22	40797933	rs11704314	22	40543215	rs6001802	0.392227
22	40797933	rs11704314	22	40544337	rs5995825	0.157673
22	40797933	rs11704314	22	40544666	rs141588226	0.225465
22	40797933	rs11704314	22	40545595	rs6001804	0.214565
22	40797933	rs11704314	22	40545797	rs34190441	0.119967
22	40797933	rs11704314	22	40545998	rs532866839	0.121667
22	40797933	rs11704314	22	40546041	rs35629137	0.119967
22	40797933	rs11704314	22	40546153	rs5995826	0.118506
22	40797933	rs11704314	22	40546633	rs4820399	0.118506
22	40797933	rs11704314	22	40547688	rs80148882	0.273373
22	40797933	rs11704314	22	40547879	rs3044495	0.124536
22	40797933	rs11704314	22	40548084	rs4820400	0.118506
22	40797933	rs11704314	22	40548492	rs4585125	0.122419
22	40797933	rs11704314	22	40548703	rs8137853	0.121667
22	40797933	rs11704314	22	40549553	rs536613338	0.122977
22	40797933	rs11704314	22	40550105	rs9611279	0.124713
22	40797933	rs11704314	22	40550107	rs3950173	0.124713
22	40797933	rs11704314	22	40550769	rs4821928	0.124536
22	40797933	rs11704314	22	40550802	rs4820401	0.124536
22	40797933	rs11704314	22	40550982	rs4820403	0.124536
22	40797933	rs11704314	22	40551767	rs1012241	0.124536
22	40797933	rs11704314	22	40551850	rs2899334	0.124536
