CHR_A	BP_A	SNP_A	CHR_B	BP_B	SNP_B	R2
2	242157087	rs111770284	2	242284405	rs62193175	0.501723
2	242157087	rs111770284	2	242284824	rs1984598	0.465182
2	242157087	rs111770284	2	242286008	rs570914431	0.217702
2	242157087	rs111770284	2	242289051	rs2051963	0.501723
2	242157087	rs111770284	2	242292307	rs1056801	0.501723
2	242157087	rs111770284	2	242294301	rs62193197	0.501723
2	242157087	rs111770284	2	242295387	rs144691074	0.0996164
2	242157087	rs111770284	2	242296449	rs1476698	0.118952
2	242157087	rs111770284	2	242297118	rs60624480	0.125133
2	242157087	rs111770284	2	242298228	rs16843590	0.501723
2	242157087	rs111770284	2	242300076	rs62193199	0.501723
2	242157087	rs111770284	2	242301982	rs111309489	0.501723
2	242157087	rs111770284	2	242302934	rs73002147	0.501723
2	242157087	rs111770284	2	242303717	rs62193202	0.501723
2	242157087	rs111770284	2	242311505	rs72543523	0.501723
2	242157087	rs111770284	2	242315443	rs62193204	0.501723
2	242157087	rs111770284	2	242316512	rs62193205	0.495856
2	242157087	rs111770284	2	242316843	rs62193206	0.501723
2	242157087	rs111770284	2	242318501	rs62193207	0.501723
2	242157087	rs111770284	2	242322430	rs62193208	0.501723
2	242157087	rs111770284	2	242322680	rs3771555	0.125133
2	242157087	rs111770284	2	242323523	rs62193209	0.493961
2	242157087	rs111770284	2	242323616	rs62193210	0.501723
2	242157087	rs111770284	2	242324760	rs4675964	0.465182
2	242157087	rs111770284	2	242324763	rs4675963	0.465182
2	242157087	rs111770284	2	242327076	rs62193211	0.501723
2	242157087	rs111770284	2	242336614	rs62193213	0.501723
2	242157087	rs111770284	2	242339656	rs28433352	0.460078
2	242157087	rs111770284	2	242342253	rs11678364	0.102911
2	242157087	rs111770284	2	242345534	rs13001766	0.304518
2	242157087	rs111770284	2	242345782	rs142541198	0.424359
2	242157087	rs111770284	2	242346057	rs55751610	0.494898
2	242157087	rs111770284	2	242348614	rs147434105	0.495856
2	242157087	rs111770284	2	242352257	rs60604866	0.495856
2	242157087	rs111770284	2	242352582	rs3815262	0.460078
2	242157087	rs111770284	2	242354632	rs62193221	0.490068
2	242157087	rs111770284	2	242355534	rs77183814	0.284043
2	242157087	rs111770284	2	242355701	rs3771564	0.495856
2	242157087	rs111770284	2	242356239	rs73004354	0.495856
2	242157087	rs111770284	2	242361298	rs62193255	0.501723
2	242157087	rs111770284	2	242362168	rs62193256	0.501723
2	242157087	rs111770284	2	242364119	rs56222556	0.501723
2	242157087	rs111770284	2	242366262	rs59715783	0.501723
2	242157087	rs111770284	2	242370751	rs59916403	0.129246
2	242157087	rs111770284	2	242371825	rs17386555	0.501723
2	242157087	rs111770284	2	242372918	rs3067856	0.501723
2	242157087	rs111770284	2	242375008	rs62190365	0.501723
2	242157087	rs111770284	2	242376276	rs62190367	0.501723
2	242157087	rs111770284	2	242378138	rs62190368	0.490068
2	242157087	rs111770284	2	242379751	rs17386695	0.501723
2	242157087	rs111770284	2	242382192	rs73004382	0.501723
2	242157087	rs111770284	2	242382864	rs3771570	0.501723
2	242157087	rs111770284	2	242384194	rs62190370	0.501723
2	242157087	rs111770284	2	242387786	rs75030003	0.2127
2	242157087	rs111770284	2	242388685	rs62190373	0.501723
2	242157087	rs111770284	2	242391183	rs3771577	0.210155
2	242157087	rs111770284	2	242391212	rs3771578	0.210155
2	242157087	rs111770284	2	242393182	rs377324224	0.148939
2	242157087	rs111770284	2	242396033	rs2074775	0.169646
2	242157087	rs111770284	2	242396087	rs2074774	0.135714
2	242157087	rs111770284	2	242396146	rs184603323	0.113323
2	242157087	rs111770284	2	242396666	rs886814	0.0942493
2	242157087	rs111770284	2	242396693	rs886813	0.103821
2	242157087	rs111770284	2	242396694	rs886812	0.104681
2	242157087	rs111770284	2	242396804	rs28630927	0.179407
2	242157087	rs111770284	2	242396874	rs12622256	0.140266
2	242157087	rs111770284	2	242397319	rs886810	0.117399
2	242157087	rs111770284	2	242399863	rs2010169	0.45751
2	242157087	rs111770284	2	242399927	rs757974	0.169747
2	242157087	rs111770284	2	242400597	rs13388333	0.169646
2	242157087	rs111770284	2	242400723	rs3771585	0.45751
2	242157087	rs111770284	2	242400748	rs3836159	0.472833
2	242157087	rs111770284	2	242401002	rs3771586	0.169747
2	242157087	rs111770284	2	242402062	rs4675811	0.470349
2	242157087	rs111770284	2	242403921	rs10182982	0.165346
2	242157087	rs111770284	2	242403940	rs10182990	0.101396
2	242157087	rs111770284	2	242404135	rs10191488	0.169646
2	242157087	rs111770284	2	242404661	rs6752327	0.169747
2	242157087	rs111770284	2	242405772	rs62190407	0.45751
2	242157087	rs111770284	2	242406245	rs55811034	0.472833
2	242157087	rs111770284	2	242406362	rs574098642	0.351264
2	242157087	rs111770284	2	242406654	rs73006381	0.472833
2	242157087	rs111770284	2	242407467	rs55764424	0.472833
2	242157087	rs111770284	2	242408507	rs570980000	0.428726
2	242157087	rs111770284	2	242409701	rs3771587	0.472833
2	242157087	rs111770284	2	242409895	rs11682299	0.169747
2	242157087	rs111770284	2	242409933	rs11682333	0.169747
2	242157087	rs111770284	2	242410081	rs11683555	0.164864
2	242157087	rs111770284	2	242410257	rs34459712	0.169747
2	242157087	rs111770284	2	242410621	rs62190410	0.472833
2	242157087	rs111770284	2	242410784	rs6707883	0.169747
2	242157087	rs111770284	2	242410948	rs6752480	0.169646
2	242157087	rs111770284	2	242411069	rs4503983	0.148043
2	242157087	rs111770284	2	242411071	rs5016140	0.148043
2	242157087	rs111770284	2	242411190	rs4386311	0.169747
2	242157087	rs111770284	2	242411407	rs437022	0.169747
2	242157087	rs111770284	2	242411836	rs6712206	0.169747
2	242157087	rs111770284	2	242412109	rs3771588	0.165346
2	242157087	rs111770284	2	242412358	rs10190033	0.422262
2	242157087	rs111770284	2	242413908	rs10196248	0.169747
2	242157087	rs111770284	2	242415617	rs10184910	0.169747
2	242157087	rs111770284	2	242416009	rs10173174	0.169747
2	242157087	rs111770284	2	242417950	rs62190413	0.472833
2	242157087	rs111770284	2	242418673	rs147476185	0.152008
2	242157087	rs111770284	2	242418808	rs740313	0.166325
2	242157087	rs111770284	2	242421314	rs3821285	0.45751
2	242157087	rs111770284	2	242422404	rs146420876	0.467506
2	242157087	rs111770284	2	242422446	rs73008106	0.472833
2	242157087	rs111770284	2	242424110	rs4675947	0.169747
2	242157087	rs111770284	2	242425585	rs34505866	0.169747
2	242157087	rs111770284	2	242426692	rs62190415	0.472833
2	242157087	rs111770284	2	242428809	rs4675945	0.17635
2	242157087	rs111770284	2	242428910	rs7607425	0.17635
2	242157087	rs111770284	2	242430170	rs4675944	0.45751
2	242157087	rs111770284	2	242430245	rs13405290	0.472833
2	242157087	rs111770284	2	242431585	rs869943	0.472833
2	242157087	rs111770284	2	242432142	rs4075818	0.472833
2	242157087	rs111770284	2	242432704	rs2271030	0.172863
2	242157087	rs111770284	2	242434316	rs35496488	0.467422
2	242157087	rs111770284	2	242434809	rs9052	0.450087
2	242157087	rs111770284	2	242436238	rs3771590	0.176313
2	242157087	rs111770284	2	242437375	rs7592992	0.16602
2	242157087	rs111770284	2	242439071	rs2279846	0.172863
2	242157087	rs111770284	2	242439938	rs35256094	0.467422
2	242157087	rs111770284	2	242440663	rs2279845	0.169422
2	242157087	rs111770284	2	242442575	rs62190456	0.462041
2	242157087	rs111770284	2	242442847	rs9679726	0.165108
2	242157087	rs111770284	2	242442856	rs13033734	0.163996
2	242157087	rs111770284	2	242443091	rs11684339	0.165108
2	242157087	rs111770284	2	242443157	rs73008126	0.462041
2	242157087	rs111770284	2	242444758	rs905660	0.170487
2	242157087	rs111770284	2	242445040	rs905661	0.170487
2	242157087	rs111770284	2	242445336	rs1995496	0.0920128
2	242157087	rs111770284	2	242446339	rs73008138	0.138122
2	242157087	rs111770284	2	242446340	rs73008141	0.138122
2	242157087	rs111770284	2	242447138	rs35654218	0.184253
2	242157087	rs111770284	2	242448642	rs4675809	0.171321
2	242157087	rs111770284	2	242449346	rs35971633	0.179494
2	242157087	rs111770284	2	242449625	rs34393556	0.173184
2	242157087	rs111770284	2	242449943	rs62191663	0.169387
2	242157087	rs111770284	2	242451421	rs12467258	0.169387
2	242157087	rs111770284	2	242451919	rs62191665	0.169387
2	242157087	rs111770284	2	242453008	rs6759601	0.107061
2	242157087	rs111770284	2	242453436	rs111918792	0.199256
2	242157087	rs111770284	2	242453623	rs12473772	0.186854
2	242157087	rs111770284	2	242455831	rs73010120	0.164021
2	242157087	rs111770284	2	242455872	rs141912755	0.0958147
2	242157087	rs111770284	2	242456415	rs149138938	0.15505
2	242157087	rs111770284	2	242456975	rs4675808	0.095376
2	242157087	rs111770284	2	242457361	rs62191667	0.170455
2	242157087	rs111770284	2	242457864	rs4381775	0.0958147
2	242157087	rs111770284	2	242458060	rs2379194	0.170455
2	242157087	rs111770284	2	242458265	rs4011486	0.095376
2	242157087	rs111770284	2	242460166	rs34437017;rs200027376	0.122973
2	242157087	rs111770284	2	242461584	rs75675856	0.125322
2	242157087	rs111770284	2	242462858	rs62191673	0.125322
2	242157087	rs111770284	2	242463107	rs62191676	0.125322
2	242157087	rs111770284	2	242463122	rs571377544	0.128866
2	242157087	rs111770284	2	242464793	rs139985148	0.125322
2	242157087	rs111770284	2	242464938	rs62191677	0.125322
2	242157087	rs111770284	2	242465522	rs113739568	0.107564
2	242382864	rs3771570	2	242284405	rs62193175	1
2	242382864	rs3771570	2	242284824	rs1984598	0.917826
2	242382864	rs3771570	2	242286008	rs570914431	0.429395
2	242382864	rs3771570	2	242287487	rs12619647	0.210312
2	242382864	rs3771570	2	242289051	rs2051963	1
2	242382864	rs3771570	2	242292307	rs1056801	1
2	242382864	rs3771570	2	242294301	rs62193197	1
2	242382864	rs3771570	2	242295387	rs144691074	0.274967
2	242382864	rs3771570	2	242296449	rs1476698	0.283729
2	242382864	rs3771570	2	242297118	rs60624480	0.299114
2	242382864	rs3771570	2	242298228	rs16843590	1
2	242382864	rs3771570	2	242300076	rs62193199	1
2	242382864	rs3771570	2	242301982	rs111309489	1
2	242382864	rs3771570	2	242302934	rs73002147	1
2	242382864	rs3771570	2	242303717	rs62193202	1
2	242382864	rs3771570	2	242311505	rs72543523	1
2	242382864	rs3771570	2	242315443	rs62193204	1
2	242382864	rs3771570	2	242316512	rs62193205	0.99089
2	242382864	rs3771570	2	242316843	rs62193206	1
2	242382864	rs3771570	2	242318501	rs62193207	1
2	242382864	rs3771570	2	242322430	rs62193208	1
2	242382864	rs3771570	2	242322680	rs3771555	0.299114
2	242382864	rs3771570	2	242323523	rs62193209	0.990892
2	242382864	rs3771570	2	242323616	rs62193210	1
2	242382864	rs3771570	2	242323637	rs112476475	0.098301
2	242382864	rs3771570	2	242324760	rs4675964	0.917826
2	242382864	rs3771570	2	242324763	rs4675963	0.917826
2	242382864	rs3771570	2	242327076	rs62193211	1
2	242382864	rs3771570	2	242333889	rs11690426	0.131082
2	242382864	rs3771570	2	242333932	rs10592643	0.102679
2	242382864	rs3771570	2	242334335	rs3771559	0.131082
2	242382864	rs3771570	2	242336614	rs62193213	1
2	242382864	rs3771570	2	242339644	rs10687319	0.171544
2	242382864	rs3771570	2	242339656	rs28433352	0.910091
2	242382864	rs3771570	2	242342253	rs11678364	0.280744
2	242382864	rs3771570	2	242345534	rs13001766	0.414917
2	242382864	rs3771570	2	242345782	rs142541198	0.81773
2	242382864	rs3771570	2	242345837	rs13019759	0.108459
2	242382864	rs3771570	2	242346057	rs55751610	0.990871
2	242382864	rs3771570	2	242348614	rs147434105	0.99089
2	242382864	rs3771570	2	242348660	rs181334212	0.098715
2	242382864	rs3771570	2	242349848	rs11369953	0.216421
2	242382864	rs3771570	2	242352257	rs60604866	0.99089
2	242382864	rs3771570	2	242352582	rs3815262	0.910091
2	242382864	rs3771570	2	242354632	rs62193221	0.981902
2	242382864	rs3771570	2	242355406	rs62193222	0.107543
2	242382864	rs3771570	2	242355534	rs77183814	0.487763
2	242382864	rs3771570	2	242355701	rs3771564	0.99089
2	242382864	rs3771570	2	242356239	rs73004354	0.99089
2	242382864	rs3771570	2	242357315	rs80115714	0.103661
2	242382864	rs3771570	2	242361298	rs62193255	1
2	242382864	rs3771570	2	242362168	rs62193256	1
2	242382864	rs3771570	2	242364119	rs56222556	1
2	242382864	rs3771570	2	242366262	rs59715783	1
2	242382864	rs3771570	2	242367649	rs370381328	0.113328
2	242382864	rs3771570	2	242370751	rs59916403	0.304997
2	242382864	rs3771570	2	242371825	rs17386555	1
2	242382864	rs3771570	2	242372918	rs3067856	1
2	242382864	rs3771570	2	242375008	rs62190365	1
2	242382864	rs3771570	2	242376276	rs62190367	1
2	242382864	rs3771570	2	242378138	rs62190368	0.981902
2	242382864	rs3771570	2	242379751	rs17386695	1
2	242382864	rs3771570	2	242382192	rs73004382	1
2	242382864	rs3771570	2	242382864	rs3771570	1
2	242382864	rs3771570	2	242384194	rs62190370	1
2	242382864	rs3771570	2	242387786	rs75030003	0.402678
2	242382864	rs3771570	2	242388685	rs62190373	1
2	242382864	rs3771570	2	242391183	rs3771577	0.474949
2	242382864	rs3771570	2	242391212	rs3771578	0.474949
2	242382864	rs3771570	2	242391840	rs113191968	0.139976
2	242382864	rs3771570	2	242393182	rs377324224	0.283816
2	242382864	rs3771570	2	242395674	rs4675812	0.0968341
2	242382864	rs3771570	2	242396033	rs2074775	0.230185
2	242382864	rs3771570	2	242396087	rs2074774	0.177494
2	242382864	rs3771570	2	242396666	rs886814	0.191452
2	242382864	rs3771570	2	242396693	rs886813	0.206458
2	242382864	rs3771570	2	242396694	rs886812	0.207396
2	242382864	rs3771570	2	242396804	rs28630927	0.348183
2	242382864	rs3771570	2	242396874	rs12622256	0.344257
2	242382864	rs3771570	2	242397292	rs886811	0.101076
2	242382864	rs3771570	2	242397319	rs886810	0.308347
2	242382864	rs3771570	2	242399863	rs2010169	0.91929
2	242382864	rs3771570	2	242399927	rs757974	0.231673
2	242382864	rs3771570	2	242400597	rs13388333	0.230185
2	242382864	rs3771570	2	242400723	rs3771585	0.91929
2	242382864	rs3771570	2	242400748	rs3836159	0.948735
2	242382864	rs3771570	2	242401002	rs3771586	0.231673
2	242382864	rs3771570	2	242402062	rs4675811	0.925656
2	242382864	rs3771570	2	242403921	rs10182982	0.17128
2	242382864	rs3771570	2	242403940	rs10182990	0.256072
2	242382864	rs3771570	2	242404135	rs10191488	0.230185
2	242382864	rs3771570	2	242404415	rs73006377	0.14454
2	242382864	rs3771570	2	242404661	rs6752327	0.231673
2	242382864	rs3771570	2	242405772	rs62190407	0.91929
2	242382864	rs3771570	2	242406245	rs55811034	0.948735
2	242382864	rs3771570	2	242406362	rs574098642	0.68067
2	242382864	rs3771570	2	242406654	rs73006381	0.948735
2	242382864	rs3771570	2	242407467	rs55764424	0.948735
2	242382864	rs3771570	2	242408507	rs570980000	0.882729
2	242382864	rs3771570	2	242409701	rs3771587	0.948735
2	242382864	rs3771570	2	242409895	rs11682299	0.231673
2	242382864	rs3771570	2	242409933	rs11682333	0.231673
2	242382864	rs3771570	2	242410081	rs11683555	0.226261
2	242382864	rs3771570	2	242410257	rs34459712	0.231673
2	242382864	rs3771570	2	242410621	rs62190410	0.948735
2	242382864	rs3771570	2	242410784	rs6707883	0.231673
2	242382864	rs3771570	2	242410948	rs6752480	0.230185
2	242382864	rs3771570	2	242411069	rs4503983	0.21765
2	242382864	rs3771570	2	242411071	rs5016140	0.21765
2	242382864	rs3771570	2	242411190	rs4386311	0.231673
2	242382864	rs3771570	2	242411407	rs437022	0.231673
2	242382864	rs3771570	2	242411836	rs6712206	0.231673
2	242382864	rs3771570	2	242412109	rs3771588	0.17128
2	242382864	rs3771570	2	242412358	rs10190033	0.862658
2	242382864	rs3771570	2	242413908	rs10196248	0.231673
2	242382864	rs3771570	2	242415617	rs10184910	0.231673
2	242382864	rs3771570	2	242416009	rs10173174	0.231673
2	242382864	rs3771570	2	242417950	rs62190413	0.948735
2	242382864	rs3771570	2	242418673	rs147476185	0.306653
2	242382864	rs3771570	2	242418808	rs740313	0.226759
2	242382864	rs3771570	2	242421314	rs3821285	0.91929
2	242382864	rs3771570	2	242422404	rs146420876	0.940516
2	242382864	rs3771570	2	242422446	rs73008106	0.948735
2	242382864	rs3771570	2	242424110	rs4675947	0.231673
2	242382864	rs3771570	2	242425585	rs34505866	0.231673
2	242382864	rs3771570	2	242426692	rs62190415	0.948735
2	242382864	rs3771570	2	242428809	rs4675945	0.234601
2	242382864	rs3771570	2	242428910	rs7607425	0.234601
2	242382864	rs3771570	2	242430170	rs4675944	0.91929
2	242382864	rs3771570	2	242430245	rs13405290	0.948735
2	242382864	rs3771570	2	242431585	rs869943	0.948735
2	242382864	rs3771570	2	242432142	rs4075818	0.948735
2	242382864	rs3771570	2	242432704	rs2271030	0.229665
2	242382864	rs3771570	2	242434316	rs35496488	0.93968
2	242382864	rs3771570	2	242434809	rs9052	0.904374
2	242382864	rs3771570	2	242436238	rs3771590	0.23166
2	242382864	rs3771570	2	242437375	rs7592992	0.222899
2	242382864	rs3771570	2	242439071	rs2279846	0.229665
2	242382864	rs3771570	2	242439938	rs35256094	0.93968
2	242382864	rs3771570	2	242440663	rs2279845	0.224798
2	242382864	rs3771570	2	242442575	rs62190456	0.930675
2	242382864	rs3771570	2	242442847	rs9679726	0.2279
2	242382864	rs3771570	2	242442856	rs13033734	0.226793
2	242382864	rs3771570	2	242443091	rs11684339	0.2279
2	242382864	rs3771570	2	242443157	rs73008126	0.930675
2	242382864	rs3771570	2	242443983	rs6757649	0.178738
2	242382864	rs3771570	2	242444498	rs112803069	0.137418
2	242382864	rs3771570	2	242444758	rs905660	0.235769
2	242382864	rs3771570	2	242445040	rs905661	0.235769
2	242382864	rs3771570	2	242445336	rs1995496	0.139477
2	242382864	rs3771570	2	242446339	rs73008138	0.30011
2	242382864	rs3771570	2	242446340	rs73008141	0.30011
2	242382864	rs3771570	2	242447138	rs35654218	0.36109
2	242382864	rs3771570	2	242448642	rs4675809	0.337466
2	242382864	rs3771570	2	242449346	rs35971633	0.352842
2	242382864	rs3771570	2	242449625	rs34393556	0.340317
2	242382864	rs3771570	2	242449943	rs62191663	0.334051
2	242382864	rs3771570	2	242451421	rs12467258	0.334051
2	242382864	rs3771570	2	242451919	rs62191665	0.334051
2	242382864	rs3771570	2	242453008	rs6759601	0.2185
2	242382864	rs3771570	2	242453436	rs111918792	0.385647
2	242382864	rs3771570	2	242453623	rs12473772	0.362877
2	242382864	rs3771570	2	242455831	rs73010120	0.354323
2	242382864	rs3771570	2	242455872	rs141912755	0.2166
2	242382864	rs3771570	2	242456415	rs149138938	0.341948
2	242382864	rs3771570	2	242456623	rs111064578	0.202497
2	242382864	rs3771570	2	242456975	rs4675808	0.215853
2	242382864	rs3771570	2	242457361	rs62191667	0.367532
2	242382864	rs3771570	2	242457864	rs4381775	0.2166
2	242382864	rs3771570	2	242458060	rs2379194	0.367532
2	242382864	rs3771570	2	242458265	rs4011486	0.215853
2	242382864	rs3771570	2	242460166	rs34437017;rs200027376	0.28967
2	242382864	rs3771570	2	242461584	rs75675856	0.291007
2	242382864	rs3771570	2	242462858	rs62191673	0.291007
2	242382864	rs3771570	2	242463107	rs62191676	0.291007
2	242382864	rs3771570	2	242463122	rs571377544	0.29717
2	242382864	rs3771570	2	242463904	rs7587670	0.133661
2	242382864	rs3771570	2	242464793	rs139985148	0.291007
2	242382864	rs3771570	2	242464938	rs62191677	0.291007
2	242382864	rs3771570	2	242465295	rs11884861	0.136522
2	242382864	rs3771570	2	242465522	rs113739568	0.240365
2	242382864	rs3771570	2	242465826	rs112397406	0.166306
2	242382864	rs3771570	2	242465838	rs80179742	0.158156
2	242382864	rs3771570	2	242470544	rs6437262	0.0915415
2	242382864	rs3771570	2	242471098	rs4675806	0.100662
2	242382864	rs3771570	2	242471244	rs10933562	0.103263
2	242382864	rs3771570	2	242475815	rs4521037	0.0911179
2	242382864	rs3771570	2	242476629	rs138376328	0.103069
2	242382864	rs3771570	2	242477016	rs34029771	0.0911179
2	242382864	rs3771570	2	242479192	rs34824551	0.0930866
2	242382864	rs3771570	2	242480281	rs35066097	0.0950898
2	242382864	rs3771570	2	242505141	rs529098649	0.0924306
2	242420971	rs183997311	2	242285151	rs74783204	0.785831
2	242420971	rs183997311	2	242286374	rs116154780	0.632949
2	242420971	rs183997311	2	242307824	rs115771422	0.785831
2	242420971	rs183997311	2	242341221	rs532451335	0.150468
2	242420971	rs183997311	2	242367129	rs73004368	0.11626
2	242420971	rs183997311	2	242371245	rs148538153	0.11626
2	242420971	rs183997311	2	242400847	rs143289946	0.13839
2	242420971	rs183997311	2	242405109	rs190356373	0.150468
2	242420971	rs183997311	2	242406626	rs189628845	0.0978638
2	242420971	rs183997311	2	242420971	rs183997311	1
2	242420971	rs183997311	2	242478698	rs188715063	0.462866
2	242420971	rs183997311	2	242480862	rs370913397	0.462866
2	242420971	rs183997311	2	242487577	rs185899670	0.0909145
2	242420971	rs183997311	2	242494868	rs184853906	0.462866
