CHR_A	BP_A	SNP_A	CHR_B	BP_B	SNP_B	R2
2	10710730	rs9287719	2	10668831	rs1641135	0.0911873
2	10710730	rs9287719	2	10669302	rs1641136	0.0932508
2	10710730	rs9287719	2	10672353	rs887986	0.0928439
2	10710730	rs9287719	2	10675312	rs1641152	0.0920069
2	10710730	rs9287719	2	10675371	rs2270308	0.093052
2	10710730	rs9287719	2	10675549	rs1641153	0.0920069
2	10710730	rs9287719	2	10675741	rs1728144	0.0902618
2	10710730	rs9287719	2	10677558	rs13001275	0.091105
2	10710730	rs9287719	2	10679406	rs12467965	0.0961611
2	10710730	rs9287719	2	10680381	rs34277085	0.0909203
2	10710730	rs9287719	2	10682720	rs534461329	0.101032
2	10710730	rs9287719	2	10689582	rs35469864	0.117114
2	10710730	rs9287719	2	10690636	rs5829268	0.108089
2	10710730	rs9287719	2	10691027	rs4669590	0.108671
2	10710730	rs9287719	2	10691333	rs10197999	0.108671
2	10710730	rs9287719	2	10692600	rs11883723	0.169335
2	10710730	rs9287719	2	10692766	rs11883805	0.25803
2	10710730	rs9287719	2	10693327	rs1918704	0.10974
2	10710730	rs9287719	2	10693478	rs1918705	0.167877
2	10710730	rs9287719	2	10694242	rs3929613	0.533326
2	10710730	rs9287719	2	10694273	rs3929614	0.274498
2	10710730	rs9287719	2	10694283	rs3929615	0.235478
2	10710730	rs9287719	2	10694389	rs3916710	0.117058
2	10710730	rs9287719	2	10694392	rs3929616	0.117058
2	10710730	rs9287719	2	10694522	rs35211954	0.404967
2	10710730	rs9287719	2	10694543	rs75210324	0.540945
2	10710730	rs9287719	2	10694544	rs75440823	0.540945
2	10710730	rs9287719	2	10695079	rs145504609	0.25425
2	10710730	rs9287719	2	10696499	rs5829270	0.171604
2	10710730	rs9287719	2	10696788	rs2357649	0.561001
2	10710730	rs9287719	2	10696833	rs1534400	0.685315
2	10710730	rs9287719	2	10696877	rs2357650	0.565598
2	10710730	rs9287719	2	10696988	rs542070593;rs538184058	0.556921
2	10710730	rs9287719	2	10697380	rs78292058	0.266556
2	10710730	rs9287719	2	10697412	rs6432104	0.150893
2	10710730	rs9287719	2	10697599	rs6432105	0.565598
2	10710730	rs9287719	2	10697707	rs144935462	0.565598
2	10710730	rs9287719	2	10697882	rs11674776	0.261645
2	10710730	rs9287719	2	10698364	rs16856412	0.252891
2	10710730	rs9287719	2	10700516	rs7598541	0.585036
2	10710730	rs9287719	2	10700546	rs138769734	0.592548
2	10710730	rs9287719	2	10700628	rs36084451	0.115854
2	10710730	rs9287719	2	10700874	rs7589694	0.639907
2	10710730	rs9287719	2	10700918	rs7598994	0.115854
2	10710730	rs9287719	2	10701596	rs77575195	0.413496
2	10710730	rs9287719	2	10701629	rs9287718	0.592548
2	10710730	rs9287719	2	10701686	rs4668688	0.115854
2	10710730	rs9287719	2	10701908	rs4669593	0.992188
2	10710730	rs9287719	2	10702099	rs3814388	0.992188
2	10710730	rs9287719	2	10702202	rs3841441	0.992188
2	10710730	rs9287719	2	10702541	rs141024581	0.407588
2	10710730	rs9287719	2	10702823	rs13003763	0.992188
2	10710730	rs9287719	2	10703123	rs6748865	0.115854
2	10710730	rs9287719	2	10703233	rs10175555	0.595952
2	10710730	rs9287719	2	10703579	rs6713013	0.115098
2	10710730	rs9287719	2	10703880	rs12151843	0.115854
2	10710730	rs9287719	2	10704188	rs12151506	0.115854
2	10710730	rs9287719	2	10704428	rs34077349	0.115854
2	10710730	rs9287719	2	10705639	rs10929675	0.115854
2	10710730	rs9287719	2	10706488	rs35454239	0.115854
2	10710730	rs9287719	2	10706894	rs13018664	0.115854
2	10710730	rs9287719	2	10707051	rs12464765	0.115854
2	10710730	rs9287719	2	10707122	rs12468357	0.115854
2	10710730	rs9287719	2	10707212	rs12464817	1
2	10710730	rs9287719	2	10707667	rs59399536	0.115854
2	10710730	rs9287719	2	10707687	rs10179854	0.595952
2	10710730	rs9287719	2	10707762	rs34187525	0.115854
2	10710730	rs9287719	2	10707826	rs56090656	0.115854
2	10710730	rs9287719	2	10707889	rs35488682	0.115854
2	10710730	rs9287719	2	10707985	rs13427815	0.595952
2	10710730	rs9287719	2	10708186	rs57669930	0.115854
2	10710730	rs9287719	2	10708375	rs57945759	0.115098
2	10710730	rs9287719	2	10708502	rs57633878	0.115854
2	10710730	rs9287719	2	10708546	rs56667275	0.119405
2	10710730	rs9287719	2	10708924	rs2884231	0.115854
2	10710730	rs9287719	2	10708927	rs4640361	0.115854
2	10710730	rs9287719	2	10708996	rs11695378	0.115854
2	10710730	rs9287719	2	10709071	rs2357651	0.115854
2	10710730	rs9287719	2	10709094	rs11679990	0.115854
2	10710730	rs9287719	2	10709591	rs11695660	0.115854
2	10710730	rs9287719	2	10709816	rs759400	0.259384
2	10710730	rs9287719	2	10709863	rs34721824	0.158277
2	10710730	rs9287719	2	10709903	rs35922089	0.115854
2	10710730	rs9287719	2	10709922	rs759401	0.595952
2	10710730	rs9287719	2	10710594	rs2160257	0.115854
2	10710730	rs9287719	2	10710730	rs9287719	1
2	10710730	rs9287719	2	10710747	rs56138710	0.11087
2	10710730	rs9287719	2	10710808	rs71392236	0.115854
2	10710730	rs9287719	2	10711112	rs78463923	0.418257
2	10710730	rs9287719	2	10711197	rs35551831	0.115854
2	10710730	rs9287719	2	10711446	rs13028945	0.115854
2	10710730	rs9287719	2	10711494	rs12998328	0.115854
2	10710730	rs9287719	2	10711909	rs529349447	0.115854
2	10710730	rs9287719	2	10711922	rs1045600	0.115854
2	10710730	rs9287719	2	10711964	rs1045598	0.115854
2	10710730	rs9287719	2	10711981	rs1045597	0.115854
2	10710730	rs9287719	2	10711987	rs1045596	0.115854
2	10710730	rs9287719	2	10712278	rs3732114	0.115854
2	10710730	rs9287719	2	10712923	rs13011270	0.115854
2	10710730	rs9287719	2	10712996	rs13011439	0.115854
2	10710730	rs9287719	2	10713068	rs12992628	0.115854
2	10710730	rs9287719	2	10713100	rs7571206	0.115854
2	10710730	rs9287719	2	10713180	rs7571318	0.115854
2	10710730	rs9287719	2	10713203	rs200640564	0.113101
2	10710730	rs9287719	2	10713208	rs74939892	0.113101
2	10710730	rs9287719	2	10713211	rs13011892	0.113101
2	10710730	rs9287719	2	10713271	rs58932234	0.115854
2	10710730	rs9287719	2	10713540	rs7607611	0.115854
2	10710730	rs9287719	2	10713602	rs7607627	0.115854
2	10710730	rs9287719	2	10713609	rs7598463	0.115854
2	10710730	rs9287719	2	10713645	rs7595614	0.115854
2	10710730	rs9287719	2	10713698	rs10177062	0.595952
2	10710730	rs9287719	2	10713755	rs61515414	0.115854
2	10710730	rs9287719	2	10713781	rs561312921	0.61906
2	10710730	rs9287719	2	10713813	rs4669594	0.117049
2	10710730	rs9287719	2	10713820	rs4668689	0.117049
2	10710730	rs9287719	2	10713834	rs4669595	0.117049
2	10710730	rs9287719	2	10714143	rs34622987	0.115854
2	10710730	rs9287719	2	10714367	rs6735867	0.115854
2	10710730	rs9287719	2	10714460	rs70953312	0.115854
2	10710730	rs9287719	2	10714548	rs6736120	0.115854
2	10710730	rs9287719	2	10714549	rs6750803	0.115854
2	10710730	rs9287719	2	10714715	rs6754178	0.115854
2	10710730	rs9287719	2	10714772	rs527869141	0.522864
2	10710730	rs9287719	2	10715150	rs10195255	0.249828
2	10710730	rs9287719	2	10715169	rs56038505	0.115854
2	10710730	rs9287719	2	10715388	rs6757809	0.115854
2	10710730	rs9287719	2	10715526	rs6710687	0.115854
2	10710730	rs9287719	2	10715983	rs76761022	0.418649
2	10710730	rs9287719	2	10716384	rs9973374	0.643745
2	10710730	rs9287719	2	10716716	rs12996735	0.595952
2	10710730	rs9287719	2	10716734	rs74799085	0.424639
2	10710730	rs9287719	2	10716828	rs12995465	0.595952
2	10710730	rs9287719	2	10717039	rs141148925	0.408693
2	10710730	rs9287719	2	10717186	rs34692219	0.643745
2	10710730	rs9287719	2	10717194	rs12473787	0.643745
2	10710730	rs9287719	2	10717221	rs2160258	0.643745
2	10710730	rs9287719	2	10717489	rs6748036	1
2	10710730	rs9287719	2	10717548	rs10929677	0.643745
2	10710730	rs9287719	2	10717714	rs12473957	0.643745
2	10710730	rs9287719	2	10717806	rs2287059	0.416249
2	10710730	rs9287719	2	10718007	rs7570118	0.992227
2	10710730	rs9287719	2	10718130	rs9973456	0.643745
2	10710730	rs9287719	2	10718534	rs10175884	0.643745
2	10710730	rs9287719	2	10718618	rs10190673	0.643745
2	10710730	rs9287719	2	10718699	rs10198971	0.643745
2	10710730	rs9287719	2	10718746	rs10190774	0.643745
2	10710730	rs9287719	2	10718765	rs71392239	0.643745
2	10710730	rs9287719	2	10718802	rs10188373	0.643745
2	10710730	rs9287719	2	10719091	rs78712844	0.422232
2	10710730	rs9287719	2	10719679	rs2884232	0.643745
2	10710730	rs9287719	2	10719686	rs557907724	0.394118
2	10710730	rs9287719	2	10719709	rs55932619	0.643745
2	10710730	rs9287719	2	10720054	rs12692412	0.595952
2	10710730	rs9287719	2	10720441	rs12620209	0.643745
2	10710730	rs9287719	2	10720443	rs12622551	0.643745
2	10710730	rs9287719	2	10720572	rs4669596	1
2	10710730	rs9287719	2	10720664	rs10182589	0.643745
2	10710730	rs9287719	2	10720829	rs112847736	0.996077
2	10710730	rs9287719	2	10720867	rs10208103	0.643745
2	10710730	rs9287719	2	10721210	rs6721857	0.643745
2	10710730	rs9287719	2	10721399	rs70953313	0.643745
2	10710730	rs9287719	2	10721537	rs75324771	1
2	10710730	rs9287719	2	10721642	rs6722126	0.643745
2	10710730	rs9287719	2	10721931	rs12621977	0.643745
2	10710730	rs9287719	2	10721945	rs201716786;rs12617968	0.828258
2	10710730	rs9287719	2	10722124	rs4284804	1
2	10710730	rs9287719	2	10722140	rs12622053	0.643745
2	10710730	rs9287719	2	10722518	rs34595606	0.595952
2	10710730	rs9287719	2	10722764	rs12329184	0.643745
2	10710730	rs9287719	2	10722877	rs10803723	1
2	10710730	rs9287719	2	10723095	rs10929678	0.595952
2	10710730	rs9287719	2	10723108	rs10929679	0.643745
2	10710730	rs9287719	2	10723111	rs74979008	0.416249
2	10710730	rs9287719	2	10723126	rs10929680	0.643745
2	10710730	rs9287719	2	10723283	rs10929681	0.643745
2	10710730	rs9287719	2	10723374	rs6711473	0.643745
2	10710730	rs9287719	2	10723546	rs6751075	1
2	10710730	rs9287719	2	10723862	rs6751436	0.595952
2	10710730	rs9287719	2	10724639	rs34235474	1
2	10710730	rs9287719	2	10725232	rs10174605	0.643745
2	10710730	rs9287719	2	10725334	rs62128635	0.588765
2	10710730	rs9287719	2	10725428	rs10211190	0.643745
2	10710730	rs9287719	2	10725673	rs10166765	0.643745
2	10710730	rs9287719	2	10725719	rs6720112	0.643745
2	10710730	rs9287719	2	10725888	rs6730247	0.643745
2	10710730	rs9287719	2	10726046	rs6717431	0.645096
2	10710730	rs9287719	2	10726446	rs10184776	0.643745
2	10710730	rs9287719	2	10726639	rs10197187	0.643745
2	10710730	rs9287719	2	10726640	rs10199635	0.643745
2	10710730	rs9287719	2	10726727	rs77661523	0.115854
2	10710730	rs9287719	2	10726863	rs10199831	0.643745
2	10710730	rs9287719	2	10726955	rs11684569	0.115854
2	10710730	rs9287719	2	10726960	rs10187659	0.643745
2	10710730	rs9287719	2	10727043	rs10202370	0.643745
2	10710730	rs9287719	2	10727143	rs200216852	0.643745
2	10710730	rs9287719	2	10727182	rs200196813	0.274848
2	10710730	rs9287719	2	10727747	rs12476554	0.643745
2	10710730	rs9287719	2	10728331	rs12622765	1
2	10710730	rs9287719	2	10728375	rs12618726	0.643745
2	10710730	rs9287719	2	10728972	rs35516187	0.410693
2	10710730	rs9287719	2	10729032	rs6714787	0.643745
2	10710730	rs9287719	2	10729554	rs759402	1
2	10710730	rs9287719	2	10729897	rs759403	1
2	10710730	rs9287719	2	10730198	rs561931574	0.996077
2	10710730	rs9287719	2	10730661	rs4669597	0.115854
2	10710730	rs9287719	2	10730839	rs11674433	1
2	10710730	rs9287719	2	10730884	rs34392918	0.115854
2	10710730	rs9287719	2	10731327	rs2024431	1
2	10710730	rs9287719	2	10731474	rs2024432	0.643745
2	10710730	rs9287719	2	10731504	rs2024433	0.638675
2	10710730	rs9287719	2	10731966	rs13425171	0.595952
2	10710730	rs9287719	2	10732105	rs12104950	0.643745
2	10710730	rs9287719	2	10732123	rs555031898;rs113548578	0.100807
2	10710730	rs9287719	2	10732146	rs573333723	0.643745
2	10710730	rs9287719	2	10732152	rs552903945	0.643745
2	10710730	rs9287719	2	10732189	rs10929682	0.996077
2	10710730	rs9287719	2	10732208	rs10929683	0.638675
2	10710730	rs9287719	2	10732224	rs10929684	0.638675
2	10710730	rs9287719	2	10732250	rs35364825	0.115854
2	10710730	rs9287719	2	10732323	rs10803724	0.643745
2	10710730	rs9287719	2	10732346	rs10803725	0.643745
2	10710730	rs9287719	2	10732440	rs11681219	0.112827
2	10710730	rs9287719	2	10732799	rs10929685	0.643745
2	10710730	rs9287719	2	10733044	rs10183359	0.643745
2	10710730	rs9287719	2	10733188	rs10207885	0.643745
2	10710730	rs9287719	2	10733254	rs10172926	0.643745
2	10710730	rs9287719	2	10733255	rs572661787	0.638745
2	10710730	rs9287719	2	10733467	rs6432106	0.115854
2	10710730	rs9287719	2	10733520	rs6432107	0.996092
2	10710730	rs9287719	2	10733543	rs10183880	0.59491
2	10710730	rs9287719	2	10733545	rs10183883	0.642411
2	10710730	rs9287719	2	10733832	rs77047837	0.415872
2	10710730	rs9287719	2	10733929	rs10210859	1
2	10710730	rs9287719	2	10734192	rs10186984	0.643745
2	10710730	rs9287719	2	10734203	rs10178751	0.643745
2	10710730	rs9287719	2	10734268	rs145235980	0.643745
2	10710730	rs9287719	2	10734419	rs6716907	0.115854
2	10710730	rs9287719	2	10734766	rs6735074	1
2	10710730	rs9287719	2	10734832	rs11684537	0.643745
2	10710730	rs9287719	2	10734868	rs11680664	0.643745
2	10710730	rs9287719	2	10735609	rs62127163	0.115854
2	10710730	rs9287719	2	10735614	rs113441812	0.416249
2	10710730	rs9287719	2	10735734	rs542694467	0.551684
2	10710730	rs9287719	2	10735762	rs12692414	0.643745
2	10710730	rs9287719	2	10735876	rs12690509	0.636018
2	10710730	rs9287719	2	10735878	rs12690510	0.636018
2	10710730	rs9287719	2	10736033	rs35618588	0.643745
2	10710730	rs9287719	2	10736291	rs715247	1
2	10710730	rs9287719	2	10736355	rs715246	1
2	10710730	rs9287719	2	10736382	rs58633964	0.937158
2	10710730	rs9287719	2	10736389	rs61447318	0.996077
2	10710730	rs9287719	2	10736394	rs2357652	0.902357
2	10710730	rs9287719	2	10736478	rs2010073	1
2	10710730	rs9287719	2	10736552	rs2010080	1
2	10710730	rs9287719	2	10736650	rs6432108	0.114069
2	10710730	rs9287719	2	10736810	rs10168351	0.595952
2	10710730	rs9287719	2	10736821	rs6432109	1
2	10710730	rs9287719	2	10737426	rs7592691	1
2	10710730	rs9287719	2	10737673	rs10490187	0.115854
2	10710730	rs9287719	2	10738018	rs6432110	1
2	10710730	rs9287719	2	10738134	rs7605461	1
2	10710730	rs9287719	2	10738176	rs7593496	1
2	10710730	rs9287719	2	10738428	rs7608498	1
2	10710730	rs9287719	2	10738449	rs7582775	1
2	10710730	rs9287719	2	10738563	rs6750891	1
2	10710730	rs9287719	2	10738684	rs6733416	1
2	10710730	rs9287719	2	10738931	rs150706013	0.988297
2	10710730	rs9287719	2	10738972	rs6751398	1
2	10710730	rs9287719	2	10739087	rs4519489	0.996077
2	10710730	rs9287719	2	10739128	rs4453662	0.996077
2	10710730	rs9287719	2	10739210	rs34731464	0.99217
2	10710730	rs9287719	2	10739592	rs13034017	1
2	10710730	rs9287719	2	10739651	rs13034061	1
2	10710730	rs9287719	2	10739800	rs7600495	1
2	10710730	rs9287719	2	10739851	rs7600587	1
2	10710730	rs9287719	2	10739945	rs7600695	1
2	10710730	rs9287719	2	10739963	rs7587114	1
2	10710730	rs9287719	2	10739999	rs7600728	1
2	10710730	rs9287719	2	10740044	rs7600820	1
2	10710730	rs9287719	2	10740093	rs7587231	1
2	10710730	rs9287719	2	10740494	rs4668691	1
2	10710730	rs9287719	2	10740729	rs142274948	0.996094
2	10710730	rs9287719	2	10740841	rs4668692	0.115854
2	10710730	rs9287719	2	10741141	rs10181806	1
2	10710730	rs9287719	2	10741347	rs11686969	1
2	10710730	rs9287719	2	10741350	rs11683148	1
2	10710730	rs9287719	2	10741412	rs11687023	1
2	10710730	rs9287719	2	10742049	rs10454738	1
2	10710730	rs9287719	2	10742290	rs12613769	0.595952
2	10710730	rs9287719	2	10742291	rs76923771	0.416249
2	10710730	rs9287719	2	10742491	rs6706542	1
2	10710730	rs9287719	2	10742704	rs78979433	0.416249
2	10710730	rs9287719	2	10743153	rs2287061	1
2	10710730	rs9287719	2	10743191	rs2287062	1
2	10710730	rs9287719	2	10743319	rs2287063	0.115854
2	10710730	rs9287719	2	10743546	rs1309	1
2	10710730	rs9287719	2	10743654	rs3815521	1
2	10710730	rs9287719	2	10743705	rs10929686	1
2	10710730	rs9287719	2	10743998	rs4470306	1
2	10710730	rs9287719	2	10744051	rs4613248	1
2	10710730	rs9287719	2	10744136	rs10191883	1
2	10710730	rs9287719	2	10744159	rs4629131	1
2	10710730	rs9287719	2	10744247	rs4555317	1
2	10710730	rs9287719	2	10744295	rs4555318	1
2	10710730	rs9287719	2	10744327	rs4622695	1
2	10710730	rs9287719	2	10744354	rs62127175	0.112286
2	10710730	rs9287719	2	10744620	rs6432111	1
2	10710730	rs9287719	2	10744874	rs6432112	0.996092
2	10710730	rs9287719	2	10744889	rs6432113	0.996092
2	10710730	rs9287719	2	10744930	rs6432114	1
2	10710730	rs9287719	2	10745132	rs728135	1
2	10710730	rs9287719	2	10745184	rs963831	1
2	10710730	rs9287719	2	10745187	rs728134	1
2	10710730	rs9287719	2	10745303	rs2884233	1
2	10710730	rs9287719	2	10745474	rs12692415	1
2	10710730	rs9287719	2	10745627	rs12692416	1
2	10710730	rs9287719	2	10745692	rs35454548	0.115854
2	10710730	rs9287719	2	10745718	rs12692417	1
2	10710730	rs9287719	2	10745870	rs12692418	1
2	10710730	rs9287719	2	10746126	rs6755548	1
2	10710730	rs9287719	2	10746323	rs10168852	0.595952
2	10710730	rs9287719	2	10746341	rs6761678	1
2	10710730	rs9287719	2	10746352	rs146694259	0.590494
2	10710730	rs9287719	2	10746710	rs6759100	1
2	10710730	rs9287719	2	10746733	rs548694025	0.466501
2	10710730	rs9287719	2	10747013	rs6744599	1
2	10710730	rs9287719	2	10747207	rs6759714	1
2	10710730	rs9287719	2	10747246	rs6744854	1
2	10710730	rs9287719	2	10747271	rs6759740	1
2	10710730	rs9287719	2	10747876	rs373298093	0.597008
2	10710730	rs9287719	2	10748094	rs7355649	1
2	10710730	rs9287719	2	10748257	rs6709466	1
2	10710730	rs9287719	2	10748283	rs6719701	1
2	10710730	rs9287719	2	10748343	rs6432115	1
2	10710730	rs9287719	2	10748615	rs6432116	1
2	10710730	rs9287719	2	10748647	rs113430620	0.99217
2	10710730	rs9287719	2	10748810	rs2110776	1
2	10710730	rs9287719	2	10748970	rs2110778	1
2	10710730	rs9287719	2	10749330	rs76424311	0.210829
2	10710730	rs9287719	2	10749359	rs6432117	1
2	10710730	rs9287719	2	10749375	rs58851320	1
2	10710730	rs9287719	2	10749441	rs6432118	1
2	10710730	rs9287719	2	10750090	rs728283	1
2	10710730	rs9287719	2	10750303	rs728282	1
2	10710730	rs9287719	2	10750355	rs728281	1
2	10710730	rs9287719	2	10751046	rs6721510	1
2	10710730	rs9287719	2	10751062	rs6721514	1
2	10710730	rs9287719	2	10751246	rs6721739	1
2	10710730	rs9287719	2	10751407	rs6706763	1
2	10710730	rs9287719	2	10751710	rs9679122	0.996092
2	10710730	rs9287719	2	10751736	rs9679581	0.996092
2	10710730	rs9287719	2	10751843	rs9678985	0.115854
2	10710730	rs9287719	2	10752377	rs10203664	1
2	10710730	rs9287719	2	10752426	rs10201077	1
2	10710730	rs9287719	2	10752508	rs10203785	1
2	10710730	rs9287719	2	10752664	rs9287720	1
2	10710730	rs9287719	2	10753140	rs10167676	1
2	10710730	rs9287719	2	10753323	rs12995159	1
2	10710730	rs9287719	2	10753542	rs12995602	1
2	10710730	rs9287719	2	10753687	rs6432119	1
2	10710730	rs9287719	2	10753771	rs6432120	1
2	10710730	rs9287719	2	10753804	rs6432121	1
2	10710730	rs9287719	2	10753844	rs6432122	1
2	10710730	rs9287719	2	10754104	rs34761084	0.595952
2	10710730	rs9287719	2	10754178	rs6432123	1
2	10710730	rs9287719	2	10754220	rs6432124	1
2	10710730	rs9287719	2	10754231	rs6432125	1
2	10710730	rs9287719	2	10754321	rs55750243	0.595952
2	10710730	rs9287719	2	10754375	rs6712304	0.996092
2	10710730	rs9287719	2	10754387	rs6725354	0.261209
2	10710730	rs9287719	2	10754420	rs6712406	1
2	10710730	rs9287719	2	10754532	rs10195802	1
2	10710730	rs9287719	2	10754649	rs7563894	1
2	10710730	rs9287719	2	10754663	rs7566767	1
2	10710730	rs9287719	2	10754792	rs7566875	1
2	10710730	rs9287719	2	10755538	rs4997811	0.969296
2	10710730	rs9287719	2	10755540	rs4997810	0.969296
2	10710730	rs9287719	2	10755542	rs4997809	0.969296
2	10710730	rs9287719	2	10755564	rs4233882	0.958294
2	10710730	rs9287719	2	10755583	rs4331474	0.958294
2	10710730	rs9287719	2	10755596	rs4233883	0.973357
2	10710730	rs9287719	2	10755723	rs4371336	1
2	10710730	rs9287719	2	10755779	rs4405729	1
2	10710730	rs9287719	2	10756343	rs533351651	0.883574
2	10710730	rs9287719	2	10756636	rs10929687	0.992227
2	10710730	rs9287719	2	10756650	rs10929688	0.992227
2	10710730	rs9287719	2	10756665	rs11683335	0.996092
2	10710730	rs9287719	2	10756675	rs78809883	1
2	10710730	rs9287719	2	10757101	rs6432126	1
2	10710730	rs9287719	2	10757131	rs60847919	1
2	10710730	rs9287719	2	10757132	rs55738250	1
2	10710730	rs9287719	2	10757145	rs6432127	0.115854
2	10710730	rs9287719	2	10757479	rs6727768	1
2	10710730	rs9287719	2	10757557	rs6727884	1
2	10710730	rs9287719	2	10757677	rs6710033	1
2	10710730	rs9287719	2	10757838	rs4669598	1
2	10710730	rs9287719	2	10758029	rs4669599	1
2	10710730	rs9287719	2	10758133	rs4669600	0.115854
2	10710730	rs9287719	2	10758369	rs112583419	0.121447
2	10710730	rs9287719	2	10758370	rs55973289;rs140578202	0.789438
2	10710730	rs9287719	2	10758371	rs61424402	0.996077
2	10710730	rs9287719	2	10758575	rs10167129	1
2	10710730	rs9287719	2	10758657	rs10206225	0.996094
2	10710730	rs9287719	2	10758859	rs6714413	0.889932
2	10710730	rs9287719	2	10758972	rs6732429	0.643745
2	10710730	rs9287719	2	10759126	rs6742448	0.889932
2	10710730	rs9287719	2	10759134	rs6714795	0.889932
2	10710730	rs9287719	2	10759149	rs6732671	0.889932
2	10710730	rs9287719	2	10759151	rs56403646	0.115854
2	10710730	rs9287719	2	10759279	rs2018512	0.889932
2	10710730	rs9287719	2	10759363	rs56070731	0.889932
2	10710730	rs9287719	2	10759373	rs3900609	0.889932
2	10710730	rs9287719	2	10759432	rs146642164	0.889932
2	10710730	rs9287719	2	10759770	rs76265500	1
2	10710730	rs9287719	2	10760416	rs7572489	0.56751
2	10710730	rs9287719	2	10760574	rs7572631	0.167799
2	10710730	rs9287719	2	10760902	rs6740245	0.638675
2	10710730	rs9287719	2	10761326	rs62127189	0.592181
2	10710730	rs9287719	2	10761484	rs12467642	1
2	10710730	rs9287719	2	10761496	rs12464908	1
2	10710730	rs9287719	2	10761645	rs12476022	0.115854
2	10710730	rs9287719	2	10763118	rs13009015	0.597008
2	10710730	rs9287719	2	10763239	rs7594513	0.115854
2	10710730	rs9287719	2	10763339	rs113822101	0.988424
2	10710730	rs9287719	2	10763340	rs55861579	0.988424
2	10710730	rs9287719	2	10763400	rs7563816	1
2	10710730	rs9287719	2	10763757	rs1861299	0.595952
2	10710730	rs9287719	2	10763961	rs1861300	0.595952
2	10710730	rs9287719	2	10764277	rs13035291	0.115854
2	10710730	rs9287719	2	10766137	rs112198858	0.11087
2	10710730	rs9287719	2	10766884	rs199516524	0.409955
2	10710730	rs9287719	2	10766890	rs200678374	0.415872
2	10710730	rs9287719	2	10766905	rs35688901	0.115854
2	10710730	rs9287719	2	10767732	rs7579314	0.115854
2	10710730	rs9287719	2	10767999	rs70953326	0.595952
2	10710730	rs9287719	2	10768091	rs4669601	0.115854
2	10710730	rs9287719	2	10768284	rs77909024	0.416249
2	10710730	rs9287719	2	10768598	rs6733161	0.115854
2	10710730	rs9287719	2	10769112	rs34140737	0.115854
2	10710730	rs9287719	2	10769766	rs6752034	0.115854
2	10710730	rs9287719	2	10769849	rs6752145	0.115854
2	10710730	rs9287719	2	10769855	rs6755281	0.595952
2	10710730	rs9287719	2	10770481	rs11673879	0.115854
2	10710730	rs9287719	2	10770688	rs13430911	0.595952
2	10710730	rs9287719	2	10770789	rs2357654	0.259282
2	10710730	rs9287719	2	10771228	rs10084172	0.595952
2	10710730	rs9287719	2	10771718	rs62127196	0.115854
2	10710730	rs9287719	2	10771843	rs35958352	0.0995341
2	10710730	rs9287719	2	10772371	rs13424648	0.52616
2	10710730	rs9287719	2	10772449	rs13019722	0.115098
2	10710730	rs9287719	2	10772665	rs2110779	0.115854
2	10710730	rs9287719	2	10773385	rs1541573	1
2	10710730	rs9287719	2	10773508	rs1541574	1
2	10710730	rs9287719	2	10773631	rs75295272	0.416249
2	10710730	rs9287719	2	10773939	rs201045248	0.257647
2	10710730	rs9287719	2	10774531	rs77767350	0.416249
2	10710730	rs9287719	2	10776739	rs56763235	0.81812
2	10710730	rs9287719	2	10777351	rs10167779	0.52616
2	10710730	rs9287719	2	10777787	rs7594816	0.115854
2	10710730	rs9287719	2	10778060	rs57210258	0.52616
2	10710730	rs9287719	2	10778063	rs61671865	0.52616
2	10710730	rs9287719	2	10778143	rs13005359	0.261108
2	10710730	rs9287719	2	10778364	rs113441467	0.416249
2	10710730	rs9287719	2	10778522	rs111950418	0.886428
2	10710730	rs9287719	2	10778876	rs62127197	0.52616
2	10710730	rs9287719	2	10778918	rs575658225	0.127701
2	10710730	rs9287719	2	10780153	rs576153738	0.598332
2	10710730	rs9287719	2	10780352	rs34565728	0.112345
2	10710730	rs9287719	2	10781484	rs57839701	0.807019
2	10710730	rs9287719	2	10781605	rs12472807	0.885937
2	10710730	rs9287719	2	10781609	rs13027316	0.528313
2	10710730	rs9287719	2	10781944	rs1990612	0.889932
2	10710730	rs9287719	2	10781975	rs1990613	0.817334
2	10710730	rs9287719	2	10782323	rs34851538	0.112345
2	10710730	rs9287719	2	10782705	rs12692420	0.528313
2	10710730	rs9287719	2	10782882	rs34965800	0.112345
2	10710730	rs9287719	2	10782912	rs36065209	0.112345
2	10710730	rs9287719	2	10783089	rs13407040	0.528313
2	10710730	rs9287719	2	10783108	rs35859525	0.524011
2	10710730	rs9287719	2	10783308	rs34562923	0.112345
2	10710730	rs9287719	2	10783621	rs56902481	0.112345
2	10710730	rs9287719	2	10783653	rs59199925	0.112345
2	10710730	rs9287719	2	10784491	rs3732111	0.119405
2	10710730	rs9287719	2	10784528	rs3821196	0.115854
2	10710730	rs9287719	2	10785446	rs7601748	0.889932
2	10710730	rs9287719	2	10785658	rs33945473	0.154515
2	10710730	rs9287719	2	10786250	rs1990614	0.115854
2	10710730	rs9287719	2	10787314	rs145906698	0.996077
2	10710730	rs9287719	2	10787967	rs4669602	0.746283
2	10710730	rs9287719	2	10789249	rs744809	0.527579
2	10710730	rs9287719	2	10789522	rs10178247	0.118477
2	10710730	rs9287719	2	10790029	rs7567304	0.641951
2	10710730	rs9287719	2	10790410	rs6432129	0.115098
2	10710730	rs9287719	2	10790432	rs34601556	0.115098
2	10710730	rs9287719	2	10790436	rs60552448	0.115098
2	10710730	rs9287719	2	10791589	rs10207845	0.115098
2	10710730	rs9287719	2	10791600	rs139144145	0.401204
2	10710730	rs9287719	2	10792365	rs564630311	0.383982
2	10710730	rs9287719	2	10792582	rs12621903	0.115098
2	10710730	rs9287719	2	10793791	rs75419580	0.401204
2	10710730	rs9287719	2	10795197	rs2015525	0.115098
2	10710730	rs9287719	2	10795440	rs6715461	0.118603
2	10710730	rs9287719	2	10796176	rs1023587	0.115098
2	10710730	rs9287719	2	10796181	rs1023588	0.110151
2	10710730	rs9287719	2	10796869	rs759398	0.118603
2	10710730	rs9287719	2	10796883	rs759399	0.728275
2	10710730	rs9287719	2	10796884	rs11903800	0.345142
2	10710730	rs9287719	2	10797301	rs113291671	0.401204
2	10710730	rs9287719	2	10797349	rs111861993	0.401204
2	10710730	rs9287719	2	10797663	rs3832139	0.0902507
2	10710730	rs9287719	2	10798426	rs764526	0.401204
2	10710730	rs9287719	2	10798798	rs55819728	0.157856
2	10710730	rs9287719	2	10798850	rs72777324	0.118603
2	10710730	rs9287719	2	10799467	rs147521601	0.156489
2	10710730	rs9287719	2	10799647	rs113310863	0.0983151
2	10710730	rs9287719	2	10801420	rs12475662	0.470954
2	10710730	rs9287719	2	10801834	rs72777328	0.118477
2	10710730	rs9287719	2	10802377	rs71392251	0.470954
2	10710730	rs9287719	2	10803492	rs548832731	0.215204
2	10710730	rs9287719	2	10803850	rs4574081	0.728275
2	10710730	rs9287719	2	10803883	rs9798203	0.16491
2	10710730	rs9287719	2	10803977	rs7589242	0.728275
2	10710730	rs9287719	2	10804536	rs149185887	0.391987
2	10710730	rs9287719	2	10805046	rs34002911	0.401204
2	10710730	rs9287719	2	10805460	rs62127209	0.107181
2	10710730	rs9287719	2	10805974	rs10929690	0.728275
2	10710730	rs9287719	2	10806948	rs55674834	0.11753
2	10710730	rs9287719	2	10807748	rs1012580	0.401204
2	10710730	rs9287719	2	10808204	rs2357656	0.0909806
2	10710730	rs9287719	2	10809516	rs115591000	0.401204
2	10710730	rs9287719	2	10809933	rs62127211	0.103753
2	10710730	rs9287719	2	10810042	rs114684284	0.401204
