CHR_A	BP_A	SNP_A	CHR_B	BP_B	SNP_B	R2
2	62763347	rs901532	2	62670449	rs76899303	0.262035
2	62763347	rs901532	2	62680102	rs10169216	0.0961884
2	62763347	rs901532	2	62685481	rs11899341	0.158206
2	62763347	rs901532	2	62690914	rs34784181	0.152699
2	62763347	rs901532	2	62691850	rs7581180	0.152699
2	62763347	rs901532	2	62693949	rs11680698	0.121295
2	62763347	rs901532	2	62694828	rs11673903	0.12338
2	62763347	rs901532	2	62700692	rs13029215	0.167547
2	62763347	rs901532	2	62708063	rs544479210	0.0915682
2	62763347	rs901532	2	62708131	rs7604459	0.0922721
2	62763347	rs901532	2	62708803	rs36193613	0.0986153
2	62763347	rs901532	2	62710273	rs79766835	0.494144
2	62763347	rs901532	2	62710608	rs78408772	0.577402
2	62763347	rs901532	2	62713295	rs10186788	0.0922721
2	62763347	rs901532	2	62716971	rs34298249	0.095838
2	62763347	rs901532	2	62719126	rs34145499	0.0949912
2	62763347	rs901532	2	62719212	rs34751801	0.0949912
2	62763347	rs901532	2	62722292	rs10211381	0.0961785
2	62763347	rs901532	2	62722801	rs67825856	0.0968351
2	62763347	rs901532	2	62723220	rs66654346	0.0957031
2	62763347	rs901532	2	62725350	rs10191324	0.204505
2	62763347	rs901532	2	62725407	rs10191428	0.642609
2	62763347	rs901532	2	62725714	rs10191909	0.211474
2	62763347	rs901532	2	62726068	rs13388903	0.649829
2	62763347	rs901532	2	62726509	rs13389363	0.649829
2	62763347	rs901532	2	62727154	rs7582882	0.649829
2	62763347	rs901532	2	62727902	rs4233979	0.40544
2	62763347	rs901532	2	62727986	rs73934251	0.649829
2	62763347	rs901532	2	62728046	rs73934252	0.649829
2	62763347	rs901532	2	62728105	rs13396048	0.649829
2	62763347	rs901532	2	62728112	rs75662659	0.649829
2	62763347	rs901532	2	62728740	rs73934253	0.649829
2	62763347	rs901532	2	62729107	rs57645001	0.649829
2	62763347	rs901532	2	62729674	rs4672527	0.649829
2	62763347	rs901532	2	62729747	rs11443505	0.649829
2	62763347	rs901532	2	62730048	rs4672528	0.649829
2	62763347	rs901532	2	62730222	rs6745280	0.649829
2	62763347	rs901532	2	62730506	rs11903221	0.649829
2	62763347	rs901532	2	62731070	rs13035295	0.643484
2	62763347	rs901532	2	62732614	rs4286259	0.649829
2	62763347	rs901532	2	62735691	rs145675868	0.637224
2	62763347	rs901532	2	62735698	rs148243724	0.637224
2	62763347	rs901532	2	62735699	rs372691112	0.649829
2	62763347	rs901532	2	62735706	rs56044100	0.649829
2	62763347	rs901532	2	62738111	rs7604354	0.207875
2	62763347	rs901532	2	62738883	rs6757222	0.214912
2	62763347	rs901532	2	62738931	rs6757448	0.246162
2	62763347	rs901532	2	62739135	rs4405748	0.662779
2	62763347	rs901532	2	62741388	rs12622031	0.231772
2	62763347	rs901532	2	62742841	rs13027031	0.106376
2	62763347	rs901532	2	62743015	rs4633914	0.106376
2	62763347	rs901532	2	62743488	rs190498444	0.107097
2	62763347	rs901532	2	62744681	rs192090238	0.107097
2	62763347	rs901532	2	62745762	rs113633313	0.231772
2	62763347	rs901532	2	62746434	rs113296172	0.698074
2	62763347	rs901532	2	62746438	rs111341686	0.104103
2	62763347	rs901532	2	62748319	rs4672530	0.698074
2	62763347	rs901532	2	62748369	rs4672531	0.103405
2	62763347	rs901532	2	62750021	rs149423735	0.107097
2	62763347	rs901532	2	62750163	rs12618875	0.104103
2	62763347	rs901532	2	62750220	rs12622342	0.233324
2	62763347	rs901532	2	62751619	rs6545950	0.233324
2	62763347	rs901532	2	62752921	rs7424968	0.104103
2	62763347	rs901532	2	62752975	rs11125927	0.698074
2	62763347	rs901532	2	62754382	rs12471388	0.863349
2	62763347	rs901532	2	62756049	rs6726083	0.871309
2	62763347	rs901532	2	62757683	rs4494727	0.871309
2	62763347	rs901532	2	62757985	rs4490165	0.34235
2	62763347	rs901532	2	62758044	rs4399711	0.162284
2	62763347	rs901532	2	62758232	rs6708322	0.344936
2	62763347	rs901532	2	62758620	rs6752833	0.863566
2	62763347	rs901532	2	62758756	rs6708968	0.863566
2	62763347	rs901532	2	62758933	rs6753189	0.344936
2	62763347	rs901532	2	62760476	rs13403582	0.159309
2	62763347	rs901532	2	62760555	rs13429359	0.863566
2	62763347	rs901532	2	62761241	rs2129510	0.162485
2	62763347	rs901532	2	62761855	rs6750204	0.160452
2	62763347	rs901532	2	62763056	rs72885263	0.350374
2	62763347	rs901532	2	62763347	rs901532	1
2	62763347	rs901532	2	62764247	rs4608500	0.10853
2	62763347	rs901532	2	62766723	rs11904315	0.879091
2	62763347	rs901532	2	62767328	rs62178042	0.349458
2	62763347	rs901532	2	62769988	rs12613959	0.926646
2	62763347	rs901532	2	62771503	rs72885271	0.864238
2	62763347	rs901532	2	62773101	rs137907756	0.477597
2	62763347	rs901532	2	62776684	rs13017269	0.178298
2	62763347	rs901532	2	62777035	rs12151765	0.93633
2	62763347	rs901532	2	62778009	rs55776722	0.856485
2	62763347	rs901532	2	62778578	rs58257459	0.803421
2	62763347	rs901532	2	62780325	rs75204040	0.78074
2	62763347	rs901532	2	62781015	rs7577341	0.118803
2	62763347	rs901532	2	62781035	rs7577534	0.118803
2	62763347	rs901532	2	62781499	rs7580494	0.11957
2	62763347	rs901532	2	62790823	rs17025780	0.319453
2	62763347	rs901532	2	62793514	rs17025805	0.307768
2	62763347	rs901532	2	62796331	rs57717415	0.104784
2	62763347	rs901532	2	62797517	rs7596224	0.106609
2	62763347	rs901532	2	62804567	rs62179977	0.153711
2	62763347	rs901532	2	62805224	rs17025954	0.127274
2	62763347	rs901532	2	62805622	rs62179978	0.09731
2	62763347	rs901532	2	62816350	rs147344642	0.12324
2	62763347	rs901532	2	62817019	rs17576670	0.153711
2	62763347	rs901532	2	62821466	rs139775992	0.12324
2	62763347	rs901532	2	62822425	rs58889687	0.0972152
2	62763347	rs901532	2	62846184	rs190774408	0.181637
2	62763347	rs901532	2	62850886	rs78440639	0.095555
2	63131731	rs721048	2	62709355	rs148892834	0.101528
2	63131731	rs721048	2	62733382	rs117632723	0.106018
2	63131731	rs721048	2	62735727	rs78060808	0.106018
2	63131731	rs721048	2	62749569	rs6751123	0.125466
2	63131731	rs721048	2	62756049	rs6726083	0.0913758
2	63131731	rs721048	2	62757683	rs4494727	0.0913758
2	63131731	rs721048	2	62758620	rs6752833	0.093421
2	63131731	rs721048	2	62758756	rs6708968	0.093421
2	63131731	rs721048	2	62760555	rs13429359	0.093421
2	63131731	rs721048	2	62763347	rs901532	0.114593
2	63131731	rs721048	2	62766723	rs11904315	0.0989138
2	63131731	rs721048	2	62769988	rs12613959	0.126188
2	63131731	rs721048	2	62771503	rs72885271	0.0979136
2	63131731	rs721048	2	62777035	rs12151765	0.119332
2	63131731	rs721048	2	62778009	rs55776722	0.099997
2	63131731	rs721048	2	62778578	rs58257459	0.112872
2	63131731	rs721048	2	62780325	rs75204040	0.114496
2	63131731	rs721048	2	62790823	rs17025780	0.219081
2	63131731	rs721048	2	62793514	rs17025805	0.218285
2	63131731	rs721048	2	62796331	rs57717415	0.112646
2	63131731	rs721048	2	62796919	rs80348898	0.114517
2	63131731	rs721048	2	62797500	rs7596223	0.109555
2	63131731	rs721048	2	62797517	rs7596224	0.152815
2	63131731	rs721048	2	62797738	rs13417654	0.247549
2	63131731	rs721048	2	62804327	rs12713461	0.260163
2	63131731	rs721048	2	62804567	rs62179977	0.209548
2	63131731	rs721048	2	62804919	rs75135136	0.125535
2	63131731	rs721048	2	62805224	rs17025954	0.361004
2	63131731	rs721048	2	62805622	rs62179978	0.304974
2	63131731	rs721048	2	62805902	rs10496099	0.100929
2	63131731	rs721048	2	62807091	rs1406002	0.136199
2	63131731	rs721048	2	62808995	rs9678029	0.228091
2	63131731	rs721048	2	62808999	rs9678681	0.228091
2	63131731	rs721048	2	62809659	rs7607678	0.136199
2	63131731	rs721048	2	62809740	rs6545957	0.136199
2	63131731	rs721048	2	62811309	rs193045029	0.136199
2	63131731	rs721048	2	62812024	rs150648230	0.136199
2	63131731	rs721048	2	62813068	rs6545960	0.136199
2	63131731	rs721048	2	62813705	rs10186082	0.137903
2	63131731	rs721048	2	62814166	rs6545961	0.136199
2	63131731	rs721048	2	62817019	rs17576670	0.198667
2	63131731	rs721048	2	62817468	rs901529	0.459545
2	63131731	rs721048	2	62819187	rs6721263	0.136841
2	63131731	rs721048	2	62819915	rs62180020	0.136841
2	63131731	rs721048	2	62821318	rs6545962	0.136841
2	63131731	rs721048	2	62822425	rs58889687	0.272739
2	63131731	rs721048	2	62822891	rs6545963	0.138547
2	63131731	rs721048	2	62823444	rs6752597	0.138547
2	63131731	rs721048	2	62825723	rs62180022	0.107869
2	63131731	rs721048	2	62828377	rs9989741	0.138547
2	63131731	rs721048	2	62829979	rs10204410	0.140269
2	63131731	rs721048	2	62832657	rs11125929	0.140269
2	63131731	rs721048	2	62832784	rs11125930	0.140269
2	63131731	rs721048	2	62835253	rs145001513	0.14201
2	63131731	rs721048	2	62835658	rs76315048	0.140269
2	63131731	rs721048	2	62836023	rs112185543	0.140269
2	63131731	rs721048	2	62838417	rs7564393	0.140269
2	63131731	rs721048	2	62838936	rs10192894	0.247654
2	63131731	rs721048	2	62839819	rs6731286	0.100688
2	63131731	rs721048	2	62840987	rs7558681	0.140269
2	63131731	rs721048	2	62842559	rs1601673	0.140269
2	63131731	rs721048	2	62842935	rs6714927	0.140269
2	63131731	rs721048	2	62843158	rs11392032	0.140269
2	63131731	rs721048	2	62843163	rs60144282	0.140269
2	63131731	rs721048	2	62845873	rs116622237	0.223588
2	63131731	rs721048	2	62846184	rs190774408	0.489706
2	63131731	rs721048	2	62847188	rs138500955	0.274221
2	63131731	rs721048	2	62847292	rs7578229	0.140269
2	63131731	rs721048	2	62848164	rs28798215	0.140917
2	63131731	rs721048	2	62848319	rs13417156	0.255766
2	63131731	rs721048	2	62848632	rs13404126	0.274221
2	63131731	rs721048	2	62850886	rs78440639	0.296311
2	63131731	rs721048	2	62852926	rs7583570	0.140269
2	63131731	rs721048	2	62857411	rs151302903	0.100548
2	63131731	rs721048	2	62857466	rs77479170	0.192587
2	63131731	rs721048	2	62857616	rs62177678	0.09439
2	63131731	rs721048	2	62857768	rs191553719	0.223588
2	63131731	rs721048	2	62857975	rs4479415	0.100548
2	63131731	rs721048	2	62858609	rs6545965	0.100048
2	63131731	rs721048	2	62859042	rs6752010	0.100048
2	63131731	rs721048	2	62859146	rs56239516	0.534467
2	63131731	rs721048	2	62859511	rs77281619	0.259668
2	63131731	rs721048	2	62860293	rs2129509	0.100548
2	63131731	rs721048	2	62860683	rs1830260	0.100548
2	63131731	rs721048	2	62861353	rs6545966	0.188293
2	63131731	rs721048	2	62861499	rs7349258	0.100548
2	63131731	rs721048	2	62861661	rs11893614	0.0991911
2	63131731	rs721048	2	62861824	rs6706506	0.100548
2	63131731	rs721048	2	62861957	rs6749020	0.100548
2	63277843	rs58235267	2	62734319	rs542408703;rs61134973	0.111306
2	63277843	rs58235267	2	62797517	rs7596224	0.108355
2	63277843	rs58235267	2	62798783	rs34078377	0.128749
2	63277843	rs58235267	2	62800936	rs34790320	0.0994194
2	63277843	rs58235267	2	62801489	rs36095781	0.0963518
2	63277843	rs58235267	2	62802108	rs34756893	0.0907081
2	63277843	rs58235267	2	62804327	rs12713461	0.126869
2	63277843	rs58235267	2	62804436	rs12691187	0.102186
2	63277843	rs58235267	2	62804482	rs12713462	0.251524
2	63277843	rs58235267	2	62805902	rs10496099	0.246663
2	63277843	rs58235267	2	62806286	rs9636442	0.102269
2	63277843	rs58235267	2	62806359	rs1906202	0.102269
2	63277843	rs58235267	2	62806373	rs1906201	0.0995009
2	63277843	rs58235267	2	62806598	rs1906200	0.0995009
2	63277843	rs58235267	2	62807091	rs1406002	0.298066
2	63277843	rs58235267	2	62807954	rs11685524	0.0920136
2	63277843	rs58235267	2	62808189	rs13386935	0.102269
2	63277843	rs58235267	2	62808591	rs10445940	0.0963518
2	63277843	rs58235267	2	62808857	rs9677313	0.134784
2	63277843	rs58235267	2	62808880	rs4271755	0.134784
2	63277843	rs58235267	2	62808995	rs9678029	0.210634
2	63277843	rs58235267	2	62808999	rs9678681	0.210634
2	63277843	rs58235267	2	62809563	rs4672534	0.0963518
2	63277843	rs58235267	2	62809576	rs140611843	0.0963518
2	63277843	rs58235267	2	62809659	rs7607678	0.298066
2	63277843	rs58235267	2	62809684	rs12713463	0.134784
2	63277843	rs58235267	2	62809740	rs6545957	0.298066
2	63277843	rs58235267	2	62809832	rs11677640	0.0963518
2	63277843	rs58235267	2	62810191	rs4502392	0.134784
2	63277843	rs58235267	2	62810441	rs6545958	0.134784
2	63277843	rs58235267	2	62810524	rs7558267	0.134784
2	63277843	rs58235267	2	62810686	rs10445944	0.0963518
2	63277843	rs58235267	2	62811116	rs200227812	0.111236
2	63277843	rs58235267	2	62811117	rs201282993	0.111236
2	63277843	rs58235267	2	62811309	rs193045029	0.298066
2	63277843	rs58235267	2	62811796	rs150821151	0.134784
2	63277843	rs58235267	2	62812024	rs150648230	0.298066
2	63277843	rs58235267	2	62812251	rs145148272	0.134784
2	63277843	rs58235267	2	62812533	rs11682112	0.0963518
2	63277843	rs58235267	2	62812897	rs4671429	0.134784
2	63277843	rs58235267	2	62813068	rs6545960	0.298066
2	63277843	rs58235267	2	62813217	rs61525359	0.134784
2	63277843	rs58235267	2	62813705	rs10186082	0.298552
2	63277843	rs58235267	2	62813723	rs4671430	0.0963518
2	63277843	rs58235267	2	62814166	rs6545961	0.298066
2	63277843	rs58235267	2	62814554	rs10183859	0.134784
2	63277843	rs58235267	2	62814985	rs1527965	0.134674
2	63277843	rs58235267	2	62816083	rs11679934	0.0963518
2	63277843	rs58235267	2	62816151	rs11679950	0.0963518
2	63277843	rs58235267	2	62817678	rs1872788	0.134566
2	63277843	rs58235267	2	62817978	rs11687746	0.0963518
2	63277843	rs58235267	2	62818267	rs901530	0.132881
2	63277843	rs58235267	2	62819187	rs6721263	0.296255
2	63277843	rs58235267	2	62819258	rs1963013	0.0963518
2	63277843	rs58235267	2	62819915	rs62180020	0.296255
2	63277843	rs58235267	2	62820403	rs6753844	0.134674
2	63277843	rs58235267	2	62821318	rs6545962	0.296255
2	63277843	rs58235267	2	62821933	rs150355185	0.0907544
2	63277843	rs58235267	2	62822608	rs4671431	0.099385
2	63277843	rs58235267	2	62822891	rs6545963	0.29247
2	63277843	rs58235267	2	62823342	rs4671432	0.129687
2	63277843	rs58235267	2	62823444	rs6752597	0.29247
2	63277843	rs58235267	2	62825303	rs1014121	0.099385
2	63277843	rs58235267	2	62825304	rs1014120	0.099385
2	63277843	rs58235267	2	62825482	rs1014119	0.129687
2	63277843	rs58235267	2	62825650	rs577165044	0.099385
2	63277843	rs58235267	2	62826646	rs11676339	0.099385
2	63277843	rs58235267	2	62827648	rs11695167	0.099385
2	63277843	rs58235267	2	62827879	rs11689333	0.099385
2	63277843	rs58235267	2	62828107	rs11679278	0.099385
2	63277843	rs58235267	2	62828377	rs9989741	0.29247
2	63277843	rs58235267	2	62828416	rs4671043	0.099385
2	63277843	rs58235267	2	62828819	rs4671044	0.099385
2	63277843	rs58235267	2	62829479	rs4671045	0.101745
2	63277843	rs58235267	2	62829979	rs10204410	0.292952
2	63277843	rs58235267	2	62831447	rs72807533	0.104843
2	63277843	rs58235267	2	62831597	rs72807535	0.104843
2	63277843	rs58235267	2	62832410	rs1994397	0.104843
2	63277843	rs58235267	2	62832657	rs11125929	0.292952
2	63277843	rs58235267	2	62832743	rs145929465	0.104843
2	63277843	rs58235267	2	62832784	rs11125930	0.292952
2	63277843	rs58235267	2	62833247	rs34541466	0.104843
2	63277843	rs58235267	2	62833955	rs4553811	0.104843
2	63277843	rs58235267	2	62834534	rs139158059	0.101745
2	63277843	rs58235267	2	62834678	rs4671434	0.104843
2	63277843	rs58235267	2	62835253	rs145001513	0.293441
2	63277843	rs58235267	2	62835586	rs75482700	0.108411
2	63277843	rs58235267	2	62835658	rs76315048	0.292952
2	63277843	rs58235267	2	62836023	rs112185543	0.292952
2	63277843	rs58235267	2	62836284	rs141857750	0.126126
2	63277843	rs58235267	2	62836789	rs4671435	0.104843
2	63277843	rs58235267	2	62837768	rs144073815	0.101745
2	63277843	rs58235267	2	62837944	rs74487936	0.101745
2	63277843	rs58235267	2	62838270	rs12995710	0.101745
2	63277843	rs58235267	2	62838417	rs7564393	0.292952
2	63277843	rs58235267	2	62838458	rs7603495	0.127904
2	63277843	rs58235267	2	62838666	rs10221574	0.127904
2	63277843	rs58235267	2	62838936	rs10192894	0.194563
2	63277843	rs58235267	2	62839374	rs1527967	0.127904
2	63277843	rs58235267	2	62839819	rs6731286	0.244346
2	63277843	rs58235267	2	62840133	rs11335441	0.126388
2	63277843	rs58235267	2	62840987	rs7558681	0.292952
2	63277843	rs58235267	2	62841180	rs35821355	0.101745
2	63277843	rs58235267	2	62841717	rs71410951	0.101745
2	63277843	rs58235267	2	62842243	rs4671046	0.101745
2	63277843	rs58235267	2	62842450	rs4671047	0.101745
2	63277843	rs58235267	2	62842559	rs1601673	0.292952
2	63277843	rs58235267	2	62842935	rs6714927	0.292952
2	63277843	rs58235267	2	62843036	rs67985833	0.101044
2	63277843	rs58235267	2	62843158	rs11392032	0.292952
2	63277843	rs58235267	2	62843163	rs60144282	0.292952
2	63277843	rs58235267	2	62844456	rs147668583	0.0993081
2	63277843	rs58235267	2	62844612	rs12469984	0.101745
2	63277843	rs58235267	2	62844614	rs74692226	0.110043
2	63277843	rs58235267	2	62845359	rs13007226	0.101745
2	63277843	rs58235267	2	62846095	rs142213938	0.101745
2	63277843	rs58235267	2	62846184	rs190774408	0.098701
2	63277843	rs58235267	2	62846883	rs113429614	0.127904
2	63277843	rs58235267	2	62846967	rs74659944	0.127904
2	63277843	rs58235267	2	62847188	rs138500955	0.231715
2	63277843	rs58235267	2	62847292	rs7578229	0.292952
2	63277843	rs58235267	2	62847415	rs11681543	0.101745
2	63277843	rs58235267	2	62848164	rs28798215	0.291182
2	63277843	rs58235267	2	62848319	rs13417156	0.25655
2	63277843	rs58235267	2	62848632	rs13404126	0.231715
2	63277843	rs58235267	2	62851687	rs60830778	0.129371
2	63277843	rs58235267	2	62852926	rs7583570	0.288704
2	63277843	rs58235267	2	62853099	rs1601674	0.126639
2	63277843	rs58235267	2	62853459	rs12713465	0.124865
2	63277843	rs58235267	2	62853740	rs13396557	0.124865
2	63277843	rs58235267	2	62853810	rs13422188	0.124865
2	63277843	rs58235267	2	62853835	rs34791478	0.101745
2	63277843	rs58235267	2	62854428	rs34184400	0.101745
2	63277843	rs58235267	2	62856099	rs11125934	0.0938139
2	63277843	rs58235267	2	62856837	rs7578858	0.0969512
2	63277843	rs58235267	2	62857411	rs151302903	0.198579
2	63277843	rs58235267	2	62857418	rs13004964	0.0938139
2	63277843	rs58235267	2	62857466	rs77479170	0.12625
2	63277843	rs58235267	2	62857553	rs13005035	0.0980522
2	63277843	rs58235267	2	62857616	rs62177678	0.184393
2	63277843	rs58235267	2	62857831	rs11678011	0.095036
2	63277843	rs58235267	2	62857975	rs4479415	0.198579
2	63277843	rs58235267	2	62858609	rs6545965	0.200251
2	63277843	rs58235267	2	62858712	rs202002316	0.128794
2	63277843	rs58235267	2	62859042	rs6752010	0.200251
2	63277843	rs58235267	2	62860131	rs2129508	0.0938139
2	63277843	rs58235267	2	62860293	rs2129509	0.198579
2	63277843	rs58235267	2	62860683	rs1830260	0.198579
2	63277843	rs58235267	2	62861353	rs6545966	0.121369
2	63277843	rs58235267	2	62861499	rs7349258	0.198579
2	63277843	rs58235267	2	62861661	rs11893614	0.19486
2	63277843	rs58235267	2	62861824	rs6706506	0.198579
2	63277843	rs58235267	2	62861957	rs6749020	0.198579
2	63277843	rs58235267	2	62862587	rs10179098	0.110043
