CHR_A	BP_A	SNP_A	CHR_B	BP_B	SNP_B	R2
22	43500212	rs5759167	22	43400006	rs2284097	0.195736
22	43500212	rs5759167	22	43400329	rs1546860	0.196402
22	43500212	rs5759167	22	43400764	rs738379	0.196402
22	43500212	rs5759167	22	43400937	rs738380	0.117347
22	43500212	rs5759167	22	43401079	rs5759082	0.196402
22	43500212	rs5759167	22	43401772	rs2284098	0.196402
22	43500212	rs5759167	22	43403024	rs4822246	0.117347
22	43500212	rs5759167	22	43403290	rs4822247	0.196402
22	43500212	rs5759167	22	43403379	rs4822248	0.196402
22	43500212	rs5759167	22	43403506	rs4822249	0.196402
22	43500212	rs5759167	22	43404107	rs738381	0.196402
22	43500212	rs5759167	22	43404429	rs5759084	0.196402
22	43500212	rs5759167	22	43404537	rs5759085	0.196402
22	43500212	rs5759167	22	43404929	rs5759086	0.196402
22	43500212	rs5759167	22	43405016	rs3838166	0.196402
22	43500212	rs5759167	22	43405068	rs2179259	0.120873
22	43500212	rs5759167	22	43405871	rs5759088	0.169267
22	43500212	rs5759167	22	43406673	rs9623736	0.196402
22	43500212	rs5759167	22	43406680	rs9623737	0.196402
22	43500212	rs5759167	22	43407464	rs5759091	0.196402
22	43500212	rs5759167	22	43407909	rs6519357	0.123019
22	43500212	rs5759167	22	43407957	rs5996255	0.196402
22	43500212	rs5759167	22	43408257	rs5751412	0.196402
22	43500212	rs5759167	22	43408562	rs9611984	0.196402
22	43500212	rs5759167	22	43408940	rs4820503	0.123019
22	43500212	rs5759167	22	43409058	rs4822250	0.196402
22	43500212	rs5759167	22	43409989	rs5759093	0.196402
22	43500212	rs5759167	22	43410235	rs5759094	0.202509
22	43500212	rs5759167	22	43410328	rs76947229	0.157338
22	43500212	rs5759167	22	43410330	rs369679702	0.157338
22	43500212	rs5759167	22	43410333	rs140488927	0.157338
22	43500212	rs5759167	22	43410447	rs9611985	0.202509
22	43500212	rs5759167	22	43411389	rs2267487	0.144469
22	43500212	rs5759167	22	43411887	rs5759095	0.11366
22	43500212	rs5759167	22	43412376	rs5759096	0.190681
22	43500212	rs5759167	22	43412527	rs5751413	0.188793
22	43500212	rs5759167	22	43414330	rs3091364	0.271596
22	43500212	rs5759167	22	43415060	rs4822251	0.269496
22	43500212	rs5759167	22	43415116	rs5759097	0.133583
22	43500212	rs5759167	22	43415148	rs5759098	0.154916
22	43500212	rs5759167	22	43415247	rs555783520	0.260225
22	43500212	rs5759167	22	43415418	rs2056947	0.10201
22	43500212	rs5759167	22	43415424	rs3047271	0.103595
22	43500212	rs5759167	22	43416866	rs2056948	0.160626
22	43500212	rs5759167	22	43417799	rs7290324	0.275464
22	43500212	rs5759167	22	43418957	rs71311477	0.0939248
22	43500212	rs5759167	22	43419325	rs2413740	0.282514
22	43500212	rs5759167	22	43420666	rs6002998	0.282514
22	43500212	rs5759167	22	43422556	rs5759103	0.105143
22	43500212	rs5759167	22	43423738	rs35522752;rs564934676	0.108231
22	43500212	rs5759167	22	43425120	rs2413741	0.106086
22	43500212	rs5759167	22	43425262	rs2413742	0.102731
22	43500212	rs5759167	22	43425732	rs59513466	0.106086
22	43500212	rs5759167	22	43425824	rs6003000	0.188209
22	43500212	rs5759167	22	43425861	rs5996256	0.106086
22	43500212	rs5759167	22	43425948	rs6003001	0.106086
22	43500212	rs5759167	22	43426188	rs5996257	0.18449
22	43500212	rs5759167	22	43426201	rs5996258	0.104508
22	43500212	rs5759167	22	43426209	rs5996259	0.106086
22	43500212	rs5759167	22	43426262	rs6003002	0.106086
22	43500212	rs5759167	22	43426542	rs2223346	0.106086
22	43500212	rs5759167	22	43426929	rs4300946	0.106086
22	43500212	rs5759167	22	43427622	rs546504804	0.0998931
22	43500212	rs5759167	22	43428373	rs5996260	0.285667
22	43500212	rs5759167	22	43429150	rs6003003	0.109084
22	43500212	rs5759167	22	43429540	rs34456283	0.291326
22	43500212	rs5759167	22	43429725	rs6003005	0.109084
22	43500212	rs5759167	22	43430792	rs5759106	0.291779
22	43500212	rs5759167	22	43431970	rs28522522	0.170386
22	43500212	rs5759167	22	43432319	rs2005983	0.291779
22	43500212	rs5759167	22	43432826	rs5751416	0.178628
22	43500212	rs5759167	22	43433873	rs60682269	0.198087
22	43500212	rs5759167	22	43434028	rs1807717	0.29322
22	43500212	rs5759167	22	43434284	rs1807724	0.198087
22	43500212	rs5759167	22	43434300	rs531493080	0.173347
22	43500212	rs5759167	22	43434623	rs738382	0.0907646
22	43500212	rs5759167	22	43435668	rs2072883	0.29955
22	43500212	rs5759167	22	43436169	rs2072884	0.0972159
22	43500212	rs5759167	22	43436594	rs4822254	0.152677
22	43500212	rs5759167	22	43442599	rs5759111	0.145402
22	43500212	rs5759167	22	43443952	rs5759113	0.291326
22	43500212	rs5759167	22	43445797	rs60752792	0.132106
22	43500212	rs5759167	22	43449508	rs2038063	0.149084
22	43500212	rs5759167	22	43453957	rs57289362	0.0945862
22	43500212	rs5759167	22	43454753	rs2056949	0.152781
22	43500212	rs5759167	22	43455665	rs5759126	0.298557
22	43500212	rs5759167	22	43456512	rs5845579	0.150161
22	43500212	rs5759167	22	43456683	rs1040431	0.150161
22	43500212	rs5759167	22	43459026	rs5759129	0.152781
22	43500212	rs5759167	22	43459468	rs34847416	0.104724
22	43500212	rs5759167	22	43462122	rs6003027	0.30285
22	43500212	rs5759167	22	43466931	rs6003033	0.136326
22	43500212	rs5759167	22	43468376	rs5996267	0.143961
22	43500212	rs5759167	22	43468411	rs6003034	0.143961
22	43500212	rs5759167	22	43469083	rs6003035	0.143961
22	43500212	rs5759167	22	43469839	rs5759136	0.322765
22	43500212	rs5759167	22	43469957	rs6003036	0.18973
22	43500212	rs5759167	22	43470433	rs565905037	0.196211
22	43500212	rs5759167	22	43470919	rs5996269	0.322765
22	43500212	rs5759167	22	43471386	rs2294413	0.18973
22	43500212	rs5759167	22	43471948	rs926350	0.116809
22	43500212	rs5759167	22	43472319	rs5759137	0.116809
22	43500212	rs5759167	22	43472999	rs5759140	0.220184
22	43500212	rs5759167	22	43473061	rs34180097	0.171129
22	43500212	rs5759167	22	43474346	rs9306371	0.139057
22	43500212	rs5759167	22	43474522	rs56050372	0.248587
22	43500212	rs5759167	22	43475471	rs62231652	0.241035
22	43500212	rs5759167	22	43475563	rs760769	0.241035
22	43500212	rs5759167	22	43477077	rs7287713	0.148374
22	43500212	rs5759167	22	43477852	rs545105044	0.124216
22	43500212	rs5759167	22	43485898	rs5845580	0.0907232
22	43500212	rs5759167	22	43487260	rs5759157	0.0923439
22	43500212	rs5759167	22	43489497	rs6003051	0.116202
22	43500212	rs5759167	22	43489705	rs35555787	0.114112
22	43500212	rs5759167	22	43490634	rs8142159	0.115762
22	43500212	rs5759167	22	43490875	rs8142541	0.116202
22	43500212	rs5759167	22	43491269	rs9612003	0.419995
22	43500212	rs5759167	22	43491718	rs67346988	0.265042
22	43500212	rs5759167	22	43492639	rs135001	0.200856
22	43500212	rs5759167	22	43492962	rs135002	0.203243
22	43500212	rs5759167	22	43493350	rs84433	0.203243
22	43500212	rs5759167	22	43493430	rs84434	0.203243
22	43500212	rs5759167	22	43493649	rs135003	0.269726
22	43500212	rs5759167	22	43493729	rs5759163	0.116202
22	43500212	rs5759167	22	43493956	rs135005	0.204492
22	43500212	rs5759167	22	43494004	rs135006	0.269726
22	43500212	rs5759167	22	43494072	rs5759165	0.112918
22	43500212	rs5759167	22	43495739	rs135009	0.524464
22	43500212	rs5759167	22	43495934	rs135010	0.211481
22	43500212	rs5759167	22	43495939	rs534041733	0.309026
22	43500212	rs5759167	22	43495989	rs9680838	0.282771
22	43500212	rs5759167	22	43496495	rs5759166	0.124668
22	43500212	rs5759167	22	43496836	rs135012	0.445928
22	43500212	rs5759167	22	43496923	rs135013	0.4496
22	43500212	rs5759167	22	43497898	rs135014	0.440822
22	43500212	rs5759167	22	43498161	rs135015	0.371474
22	43500212	rs5759167	22	43498196	rs67856494	0.435616
22	43500212	rs5759167	22	43498282	rs135017	0.543082
22	43500212	rs5759167	22	43498826	rs61307529	0.847513
22	43500212	rs5759167	22	43499032	rs9612006	0.622138
22	43500212	rs5759167	22	43499054	rs181747029	0.120266
22	43500212	rs5759167	22	43499144	rs9612008	0.606027
22	43500212	rs5759167	22	43499310	rs76052142	0.108652
22	43500212	rs5759167	22	43499451	rs6003057	0.090783
22	43500212	rs5759167	22	43500212	rs5759167	1
22	43500212	rs5759167	22	43500435	rs5759168	0.206916
22	43500212	rs5759167	22	43503212	rs2413744	0.277383
22	43500212	rs5759167	22	43503336	rs7510952	0.228731
22	43500212	rs5759167	22	43503341	rs2008148	0.228731
22	43500212	rs5759167	22	43503357	rs2008150	0.277383
22	43500212	rs5759167	22	43503547	rs747745	0.41254
22	43500212	rs5759167	22	43503973	rs5759171	0.332297
22	43500212	rs5759167	22	43504244	rs34118963	0.206384
22	43500212	rs5759167	22	43504326	rs2413747	0.330238
22	43500212	rs5759167	22	43504327	rs2899368	0.330238
22	43500212	rs5759167	22	43504328	rs2899369	0.331869
22	43500212	rs5759167	22	43504588	rs2013863	0.330238
22	43500212	rs5759167	22	43505157	rs4988362	0.225768
22	43500212	rs5759167	22	43509617	rs1883263	0.208364
22	43500212	rs5759167	22	43510219	rs738276	0.177682
22	43500212	rs5759167	22	43513541	rs34026513	0.191602
22	43500212	rs5759167	22	43515754	rs4988392	0.0955226
22	43500212	rs5759167	22	43517905	rs2003666	0.141698
22	43500212	rs5759167	22	43519082	rs4988409	0.136178
22	43500212	rs5759167	22	43522035	rs546607536	0.138033
22	43500212	rs5759167	22	43530700	rs872841	0.141471
22	43500212	rs5759167	22	43532104	rs13056312	0.141471
22	43500212	rs5759167	22	43539431	rs13056026	0.129724
22	43500212	rs5759167	22	43543954	rs138903	0.111604
22	43500212	rs5759167	22	43544282	rs138904	0.111604
22	43500212	rs5759167	22	43544294	rs34679008	0.0947102
22	43500212	rs5759167	22	43545866	rs557552321	0.163703
22	43500212	rs5759167	22	43546013	rs138907	0.111423
22	43500212	rs5759167	22	43548155	rs138908	0.108735
22	43500212	rs5759167	22	43549115	rs138177673	0.09161
22	43500212	rs5759167	22	43549637	rs6003078	0.0915598
22	43500212	rs5759167	22	43549646	rs62234274	0.0915598
22	43500212	rs5759167	22	43549648	rs62232061	0.0915598
22	43500212	rs5759167	22	43549649	rs62232062	0.0915598
22	43500212	rs5759167	22	43549652	rs62232063	0.0982528
22	43500212	rs5759167	22	43549739	rs138909	0.106833
22	43500212	rs5759167	22	43555194	rs3937387	0.10122
22	43500212	rs5759167	22	43555921	rs138914	0.103604
22	43500212	rs5759167	22	43556922	rs113515	0.103439
22	43500212	rs5759167	22	43557492	rs105585	0.103116
22	43500212	rs5759167	22	43557516	rs138916	0.102958
22	43500212	rs5759167	22	43557748	rs138917	0.105681
22	43500212	rs5759167	22	43558926	rs6971	0.122753
22	43500212	rs5759167	22	43559451	rs138918	0.102802
22	43500212	rs5759167	22	43560112	rs138919	0.121379
22	43500212	rs5759167	22	43560309	rs10522794	0.139311
22	43500212	rs5759167	22	43560430	rs80408	0.119717
22	43500212	rs5759167	22	43560763	rs47341	0.0997617
22	43500212	rs5759167	22	43560966	rs129401	0.119717
22	43500212	rs5759167	22	43561385	rs25245	0.119279
22	43500212	rs5759167	22	43561675	rs80411	0.116191
22	43500212	rs5759167	22	43561803	rs138922	0.116191
22	43500212	rs5759167	22	43561982	rs138923	0.116191
22	43500212	rs5759167	22	43562115	rs67884203	0.116439
22	43500212	rs5759167	22	43562195	rs138925	0.102818
22	43500212	rs5759167	22	43562306	rs138926	0.115909
22	43500212	rs5759167	22	43562381	rs138927	0.117649
22	43500212	rs5759167	22	43562407	rs138928	0.12083
22	43500212	rs5759167	22	43562439	rs138929	0.117649
22	43500212	rs5759167	22	43562705	rs9463	0.101503
22	43500212	rs5759167	22	43562829	rs47340	0.0977333
22	43500212	rs5759167	22	43563711	rs107402	0.153913
22	43500212	rs5759167	22	43564963	rs138931	0.102301
22	43513156	rs5751435	22	43472311	rs148289768	0.184165
22	43513156	rs5751435	22	43474678	rs77771351	0.095203
22	43513156	rs5751435	22	43476352	rs73179042	0.122018
22	43513156	rs5751435	22	43494731	rs135007	0.100155
22	43513156	rs5751435	22	43498412	rs12169371	0.309381
22	43513156	rs5751435	22	43498587	rs111671981	0.309381
22	43513156	rs5751435	22	43499263	rs113511744	0.322342
22	43513156	rs5751435	22	43499451	rs6003057	0.316139
22	43513156	rs5751435	22	43499703	rs6003061	0.322342
22	43513156	rs5751435	22	43499741	rs6003062	0.322342
22	43513156	rs5751435	22	43499899	rs6003063	0.322342
22	43513156	rs5751435	22	43499972	rs6003064	0.322342
22	43513156	rs5751435	22	43501620	rs73179053	0.382994
22	43513156	rs5751435	22	43501819	rs738272	0.389459
22	43513156	rs5751435	22	43501905	rs34501242	0.12224
22	43513156	rs5751435	22	43501932	rs2007868	0.112957
22	43513156	rs5751435	22	43502152	rs2007886	0.330811
22	43513156	rs5751435	22	43503354	rs113104377	0.611666
22	43513156	rs5751435	22	43503547	rs747745	0.177321
22	43513156	rs5751435	22	43503973	rs5759171	0.181162
22	43513156	rs5751435	22	43504326	rs2413747	0.182456
22	43513156	rs5751435	22	43504327	rs2899368	0.182456
22	43513156	rs5751435	22	43504328	rs2899369	0.183368
22	43513156	rs5751435	22	43504556	rs12168319	0.941999
22	43513156	rs5751435	22	43504588	rs2013863	0.182456
22	43513156	rs5751435	22	43505444	rs4988364	0.951255
22	43513156	rs5751435	22	43505695	rs4988366	0.951989
22	43513156	rs5751435	22	43506265	rs926328	0.262571
22	43513156	rs5751435	22	43506635	rs4988372	0.967664
22	43513156	rs5751435	22	43506753	rs4988374	0.433618
22	43513156	rs5751435	22	43508222	rs5751433	0.102101
22	43513156	rs5751435	22	43510219	rs738276	0.234629
22	43513156	rs5751435	22	43513156	rs5751435	1
22	43513156	rs5751435	22	43518108	rs2008738	0.693559
22	43513156	rs5751435	22	43518275	rs742134	0.834987
22	43513156	rs5751435	22	43518822	rs742136	0.834987
22	43513156	rs5751435	22	43520258	rs4988417	0.834987
22	43513156	rs5751435	22	43520263	rs2076079	0.276876
22	43513156	rs5751435	22	43521950	rs9612011	0.72609
22	43513156	rs5751435	22	43522427	rs6003067	0.27862
22	43513156	rs5751435	22	43523188	rs760699	0.800532
22	43513156	rs5751435	22	43523921	rs4988434	0.814567
22	43513156	rs5751435	22	43523991	rs2235316	0.258194
22	43513156	rs5751435	22	43524000	rs2235317	0.258194
22	43513156	rs5751435	22	43524487	rs4988438	0.258194
22	43513156	rs5751435	22	43525176	rs909666	0.72023
22	43513156	rs5751435	22	43525477	rs373141908	0.208911
22	43513156	rs5751435	22	43526496	rs5759176	0.276876
22	43513156	rs5751435	22	43526704	rs5759177	0.259504
22	43513156	rs5751435	22	43528240	rs2245946	0.27352
22	43513156	rs5751435	22	43528251	rs2245947	0.27352
22	43513156	rs5751435	22	43528793	rs737802	0.27463
22	43513156	rs5751435	22	43529029	rs7402	0.27463
22	43513156	rs5751435	22	43529314	rs13815	0.27463
22	43513156	rs5751435	22	43529517	rs2066910	0.27463
22	43513156	rs5751435	22	43530631	rs872842	0.81297
22	43513156	rs5751435	22	43530982	rs2413748	0.81297
22	43513156	rs5751435	22	43531515	rs377331273	0.287355
22	43513156	rs5751435	22	43532156	rs909667	0.820209
22	43513156	rs5751435	22	43533515	rs2072855	0.240056
22	43513156	rs5751435	22	43534047	rs73179060	0.274924
22	43513156	rs5751435	22	43534149	rs148017482	0.095203
22	43513156	rs5751435	22	43534794	rs6003071	0.176809
22	43513156	rs5751435	22	43535586	rs55787888	0.205885
22	43513156	rs5751435	22	43539651	rs5759182	0.800532
22	43513156	rs5751435	22	43540125	rs35761900	0.251068
22	43513156	rs5751435	22	43540978	rs7410538	0.152701
22	43513156	rs5751435	22	43541173	rs926329	0.166878
22	43513156	rs5751435	22	43544823	rs739092	0.13485
22	43513156	rs5751435	22	43545229	rs555285508	0.12319
22	43513156	rs5751435	22	43548619	rs5759195	0.133712
22	43513156	rs5751435	22	43549260	rs62234272	0.0944941
22	43513156	rs5751435	22	43550149	rs5759197	0.0966106
22	43513156	rs5751435	22	43550552	rs9333319	0.090758
22	43513156	rs5751435	22	43551007	rs762959	0.104357
22	43513156	rs5751435	22	43551052	rs762960	0.0983055
22	43513156	rs5751435	22	43551513	rs5759199	0.101045
22	43513156	rs5751435	22	43551836	rs2284099	0.101808
22	43513156	rs5751435	22	43557563	rs62232064	0.277056
22	43513156	rs5751435	22	43562247	rs17514783	0.28533
22	43513156	rs5751435	22	43564978	rs9623764	0.105818
22	43513156	rs5751435	22	43567158	rs71697558	0.0951504
22	43513156	rs5751435	22	43567279	rs62232065	0.0951504
22	43513156	rs5751435	22	43567545	rs2071728	0.0940815
22	43513156	rs5751435	22	43568512	rs34074034	0.0901229
22	43513156	rs5751435	22	43569302	rs8140960	0.113758
22	43513156	rs5751435	22	43570068	rs762953	0.118349
22	43513156	rs5751435	22	43570463	rs2269525	0.120609
22	43513156	rs5751435	22	43570659	rs2269526	0.108416
22	43513156	rs5751435	22	43570794	rs2269527	0.104647
