CHR_A	BP_A	SNP_A	CHR_B	BP_B	SNP_B	R2
21	42901421	rs1041449	21	42866107	rs2838042	0.116892
21	42901421	rs1041449	21	42868876	rs34256269	0.209756
21	42901421	rs1041449	21	42869063	rs415731	0.1501
21	42901421	rs1041449	21	42869735	rs56695953	0.118611
21	42901421	rs1041449	21	42871220	rs2838043	0.118611
21	42901421	rs1041449	21	42871273	rs3761374	0.209756
21	42901421	rs1041449	21	42872751	rs2187238	0.119397
21	42901421	rs1041449	21	42873605	rs9980693	0.209756
21	42901421	rs1041449	21	42875004	rs9984012	0.209756
21	42901421	rs1041449	21	42876598	rs8129713	0.119397
21	42901421	rs1041449	21	42878611	rs55704664	0.118611
21	42901421	rs1041449	21	42879403	rs112467088	0.122447
21	42901421	rs1041449	21	42879604	rs73230088	0.219516
21	42901421	rs1041449	21	42879724	rs8126497	0.119397
21	42901421	rs1041449	21	42882432	rs73230090	0.245276
21	42901421	rs1041449	21	42882671	rs55953905	0.298599
21	42901421	rs1041449	21	42884586	rs13046567	0.256436
21	42901421	rs1041449	21	42885874	rs4635604	0.279795
21	42901421	rs1041449	21	42885959	rs28751065	0.245276
21	42901421	rs1041449	21	42886717	rs9982595	0.245276
21	42901421	rs1041449	21	42887220	rs9983001	0.245276
21	42901421	rs1041449	21	42887554	rs2097004	0.279795
21	42901421	rs1041449	21	42888252	rs6517672	0.308459
21	42901421	rs1041449	21	42888331	rs62219272	0.168975
21	42901421	rs1041449	21	42888792	rs7276907	0.256436
21	42901421	rs1041449	21	42889410	rs112714648	0.173487
21	42901421	rs1041449	21	42889938	rs200265359	0.180041
21	42901421	rs1041449	21	42890443	rs71285081	0.0940082
21	42901421	rs1041449	21	42891715	rs7281987	0.308459
21	42901421	rs1041449	21	42891810	rs555164860;rs34666868	0.336278
21	42901421	rs1041449	21	42891817	rs73231904	0.168975
21	42901421	rs1041449	21	42892348	rs73231906	0.214401
21	42901421	rs1041449	21	42892744	rs35247320	0.245276
21	42901421	rs1041449	21	42892925	rs11908828	0.308459
21	42901421	rs1041449	21	42893808	rs56095453	0.214401
21	42901421	rs1041449	21	42894185	rs62219275	0.168975
21	42901421	rs1041449	21	42894520	rs35221358	0.245276
21	42901421	rs1041449	21	42895154	rs11910588	0.227424
21	42901421	rs1041449	21	42896098	rs149489375	0.306074
21	42901421	rs1041449	21	42896100	rs143911765	0.304289
21	42901421	rs1041449	21	42896258	rs113192256	0.162253
21	42901421	rs1041449	21	42896305	rs11911661	0.250897
21	42901421	rs1041449	21	42896333	rs62219277	0.302368
21	42901421	rs1041449	21	42896389	rs2838045	0.306074
21	42901421	rs1041449	21	42896603	rs11702754	0.264712
21	42901421	rs1041449	21	42896753	rs73231912	0.254579
21	42901421	rs1041449	21	42896779	rs73231913	0.253041
21	42901421	rs1041449	21	42896828	rs11700636	0.0967273
21	42901421	rs1041449	21	42896927	rs12151964	0.241947
21	42901421	rs1041449	21	42897867	rs58987663	0.119786
21	42901421	rs1041449	21	42900167	rs73231921	0.245276
21	42901421	rs1041449	21	42901033	rs4327307	0.208341
21	42901421	rs1041449	21	42901421	rs1041449	1
21	42901421	rs1041449	21	42902308	rs73903411	0.464448
21	42901421	rs1041449	21	42902883	rs713399	0.618634
21	42901421	rs1041449	21	42903564	rs537282337;rs72305139	0.489845
21	42901421	rs1041449	21	42903752	rs56379149	0.626841
21	42901421	rs1041449	21	42904067	rs7281798	0.0941042
21	42901421	rs1041449	21	42904130	rs7281825	0.628058
21	42901421	rs1041449	21	42904315	rs34243672	0.626841
21	42901421	rs1041449	21	42904683	rs34460787	0.618924
21	42901421	rs1041449	21	42904814	rs4818246	0.459202
21	42901421	rs1041449	21	42905094	rs7277088	0.623981
21	42901421	rs1041449	21	42905374	rs1893657	0.623981
21	42901421	rs1041449	21	42906668	rs9978632	0.23018
21	42901421	rs1041449	21	42906758	rs12626797	0.414429
21	42901421	rs1041449	21	42907168	rs9979125	0.884522
21	42901421	rs1041449	21	42908010	rs2838048	0.495665
21	42901421	rs1041449	21	42908213	rs7278065	0.500385
21	42901421	rs1041449	21	42908367	rs55650061	0.327698
21	42901421	rs1041449	21	42908379	rs375541353	0.176283
21	42901421	rs1041449	21	42908380	rs55931937	0.330423
21	42901421	rs1041449	21	42909862	rs9983011	0.229877
21	42901421	rs1041449	21	42911032	rs9975074	0.222873
21	42901421	rs1041449	21	42911033	rs9975075	0.208489
21	42901421	rs1041449	21	42911084	rs2838049	0.122677
21	42901421	rs1041449	21	42911231	rs56975983	0.207877
21	42901421	rs1041449	21	42911334	rs61696992	0.207586
21	42901421	rs1041449	21	42911377	rs11286505	0.447542
21	42901421	rs1041449	21	42911521	rs73359732	0.210865
21	42901421	rs1041449	21	42911619	rs73359734	0.210865
21	42901421	rs1041449	21	42911942	rs540958258	0.211181
21	42901421	rs1041449	21	42911999	rs55788142	0.386035
21	42901421	rs1041449	21	42912417	rs149220370	0.202049
21	42901421	rs1041449	21	42912517	rs56113505	0.76342
21	42901421	rs1041449	21	42912591	rs74576407	0.211181
21	42901421	rs1041449	21	42912614	rs141639998	0.20674
21	42901421	rs1041449	21	42912973	rs2838053	0.766851
21	42901421	rs1041449	21	42913108	rs141825629	0.20674
21	42901421	rs1041449	21	42913262	rs73903421	0.342752
21	42901421	rs1041449	21	42913526	rs9305748	0.211181
21	42901421	rs1041449	21	42913863	rs9636992	0.20674
21	42901421	rs1041449	21	42913868	rs9636993	0.206408
21	42901421	rs1041449	21	42913907	rs12381221	0.20674
21	42901421	rs1041449	21	42914001	rs12381222	0.759466
21	42901421	rs1041449	21	42914056	rs59023458	0.20674
21	42901421	rs1041449	21	42914272	rs11700414	0.759466
21	42901421	rs1041449	21	42914603	rs9647192	0.211504
21	42901421	rs1041449	21	42915004	rs9305749	0.200556
21	42901421	rs1041449	21	42915121	rs11701062	0.261994
21	42901421	rs1041449	21	42915934	rs59000515	0.603122
21	42901421	rs1041449	21	42915988	rs9979417	0.603122
21	42901421	rs1041449	21	42916958	rs76446838	0.17165
21	42901421	rs1041449	21	42917073	rs7276024	0.118381
21	42901421	rs1041449	21	42919487	rs527528680	0.0936898
21	42901421	rs1041449	21	42919922	rs1557371	0.176427
21	42901421	rs1041449	21	42920022	rs1041834	0.107829
21	42901421	rs1041449	21	42920122	rs77812224	0.0928631
21	42901421	rs1041449	21	42920296	rs9975623	0.175535
