CHR_A	BP_A	SNP_A	CHR_B	BP_B	SNP_B	R2
20	62362563	rs6062509	20	62263003	rs67114507	0.152362
20	62362563	rs6062509	20	62263128	rs6062980	0.183395
20	62362563	rs6062509	20	62263217	rs6090480	0.128667
20	62362563	rs6062509	20	62263223	rs528654913	0.128667
20	62362563	rs6062509	20	62263224	rs542055550	0.128667
20	62362563	rs6062509	20	62263225	rs180895250	0.128667
20	62362563	rs6062509	20	62263226	rs6011937	0.124048
20	62362563	rs6062509	20	62263548	rs4809316	0.147504
20	62362563	rs6062509	20	62264760	rs4809318	0.152362
20	62362563	rs6062509	20	62265951	rs201078918	0.142692
20	62362563	rs6062509	20	62267510	esv3646322	0.299542
20	62362563	rs6062509	20	62267540	rs374160763	0.264127
20	62362563	rs6062509	20	62268149	rs6089946	0.151172
20	62362563	rs6062509	20	62268955	rs6062468	0.161888
20	62362563	rs6062509	20	62269338	rs2738774	0.372235
20	62362563	rs6062509	20	62269363	rs201834468	0.107256
20	62362563	rs6062509	20	62269607	rs6062470	0.114173
20	62362563	rs6062509	20	62269942	rs879471	0.248529
20	62362563	rs6062509	20	62270637	rs909333	0.284684
20	62362563	rs6062509	20	62270930	rs909334	0.29559
20	62362563	rs6062509	20	62272411	rs6423444	0.126964
20	62362563	rs6062509	20	62272583	rs3865523	0.243295
20	62362563	rs6062509	20	62272658	rs2150910	0.146109
20	62362563	rs6062509	20	62273130	rs13042091	0.314946
20	62362563	rs6062509	20	62273435	rs186744824	0.312018
20	62362563	rs6062509	20	62273935	rs55953468	0.315276
20	62362563	rs6062509	20	62274548	rs58675328	0.315276
20	62362563	rs6062509	20	62275844	rs6010986	0.370044
20	62362563	rs6062509	20	62275845	rs73135821	0.308716
20	62362563	rs6062509	20	62275875	rs4083754	0.384595
20	62362563	rs6062509	20	62276869	rs6062293	0.308716
20	62362563	rs6062509	20	62276984	rs6062294	0.307108
20	62362563	rs6062509	20	62277763	rs7262218	0.313027
20	62362563	rs6062509	20	62277922	rs4809319	0.35551
20	62362563	rs6062509	20	62278387	rs6062475	0.309317
20	62362563	rs6062509	20	62279039	rs200554474	0.259479
20	62362563	rs6062509	20	62279344	rs112604138	0.347788
20	62362563	rs6062509	20	62280874	rs140082233	0.0988989
20	62362563	rs6062509	20	62281476	rs6010990	0.367464
20	62362563	rs6062509	20	62281505	rs147522398	0.135636
20	62362563	rs6062509	20	62282014	rs6010992	0.369472
20	62362563	rs6062509	20	62282314	rs151283484	0.399449
20	62362563	rs6062509	20	62282439	rs4809320	0.367464
20	62362563	rs6062509	20	62284925	rs201497780	0.280233
20	62362563	rs6062509	20	62284984	rs112548487	0.310585
20	62362563	rs6062509	20	62286870	rs3761125	0.312909
20	62362563	rs6062509	20	62287600	rs6062477	0.160623
20	62362563	rs6062509	20	62287688	rs35995366	0.317575
20	62362563	rs6062509	20	62288727	rs3834652	0.329912
20	62362563	rs6062509	20	62288752	rs3761124	0.432129
20	62362563	rs6062509	20	62288817	rs117232954	0.101843
20	62362563	rs6062509	20	62289105	rs576937350	0.109481
20	62362563	rs6062509	20	62289108	rs576892822	0.109481
20	62362563	rs6062509	20	62289111	rs545619025	0.109481
20	62362563	rs6062509	20	62289614	rs3746341	0.329912
20	62362563	rs6062509	20	62290193	rs2872811	0.329008
20	62362563	rs6062509	20	62290663	rs2297432	0.161718
20	62362563	rs6062509	20	62290697	rs13043797	0.136387
20	62362563	rs6062509	20	62291008	rs6089953	0.423544
20	62362563	rs6062509	20	62291174	rs6062295	0.161718
20	62362563	rs6062509	20	62291438	rs6010994	0.423544
20	62362563	rs6062509	20	62291830	rs2738778	0.412336
20	62362563	rs6062509	20	62291969	rs6010995	0.112472
20	62362563	rs6062509	20	62292137	rs6062296	0.332716
20	62362563	rs6062509	20	62292409	rs73920920	0.110973
20	62362563	rs6062509	20	62292447	rs75526725	0.110973
20	62362563	rs6062509	20	62293272	rs3848668	0.110973
20	62362563	rs6062509	20	62293460	rs2297433	0.436741
20	62362563	rs6062509	20	62294015	rs2297434	0.332716
20	62362563	rs6062509	20	62294045	rs41298344	0.109753
20	62362563	rs6062509	20	62294062	rs12480249	0.110973
20	62362563	rs6062509	20	62294094	rs12481716	0.110973
20	62362563	rs6062509	20	62294402	rs6010998	0.436741
20	62362563	rs6062509	20	62294709	rs6010612	0.112472
20	62362563	rs6062509	20	62294856	rs79979881	0.110973
20	62362563	rs6062509	20	62294961	rs77221632	0.118332
20	62362563	rs6062509	20	62295241	rs6010999	0.112472
20	62362563	rs6062509	20	62295462	rs12480034	0.112472
20	62362563	rs6062509	20	62295701	rs3787103	0.326853
20	62362563	rs6062509	20	62295943	rs3787102	0.332716
20	62362563	rs6062509	20	62295947	rs12480876	0.112472
20	62362563	rs6062509	20	62296214	rs6062482	0.332716
20	62362563	rs6062509	20	62296247	rs75671088	0.110973
20	62362563	rs6062509	20	62296263	rs73920928	0.112472
20	62362563	rs6062509	20	62296349	rs77993536	0.100313
20	62362563	rs6062509	20	62296462	rs112246475	0.110973
20	62362563	rs6062509	20	62296656	rs73920931	0.112472
20	62362563	rs6062509	20	62296681	rs73920933	0.112472
20	62362563	rs6062509	20	62296993	rs12481186	0.110973
20	62362563	rs6062509	20	62297002	rs149579663	0.110973
20	62362563	rs6062509	20	62297400	rs73920935	0.112472
20	62362563	rs6062509	20	62297768	rs79391682	0.110973
20	62362563	rs6062509	20	62297802	rs6011002	0.112472
20	62362563	rs6062509	20	62298044	rs6011005	0.113977
20	62362563	rs6062509	20	62298404	rs11696198	0.294658
20	62362563	rs6062509	20	62299578	rs6011011	0.108428
20	62362563	rs6062509	20	62300811	rs3848669	0.441781
20	62362563	rs6062509	20	62300940	rs6011014	0.108428
20	62362563	rs6062509	20	62301007	rs73920947	0.108428
20	62362563	rs6062509	20	62301009	rs3848670	0.331961
20	62362563	rs6062509	20	62301022	rs35379633	0.108428
20	62362563	rs6062509	20	62301024	rs35060126	0.108428
20	62362563	rs6062509	20	62301795	rs3859579	0.644245
20	62362563	rs6062509	20	62301849	rs117314802	0.109561
20	62362563	rs6062509	20	62301970	rs6062298	0.638137
20	62362563	rs6062509	20	62301980	rs6062484	0.340385
20	62362563	rs6062509	20	62302539	rs6062486	0.638137
20	62362563	rs6062509	20	62302650	rs6011016	0.428573
20	62362563	rs6062509	20	62303115	rs4809219	0.441781
20	62362563	rs6062509	20	62303558	rs75897888	0.110973
20	62362563	rs6062509	20	62303622	rs6011018	0.441781
20	62362563	rs6062509	20	62303794	rs6062300	0.340385
20	62362563	rs6062509	20	62304114	rs56010802	0.110973
20	62362563	rs6062509	20	62304178	rs2297436	0.340385
20	62362563	rs6062509	20	62304299	rs4809321	0.426238
20	62362563	rs6062509	20	62304762	rs67311561	0.340385
20	62362563	rs6062509	20	62304892	rs111340639	0.336583
20	62362563	rs6062509	20	62305947	rs2777937	0.345016
20	62362563	rs6062509	20	62306208	rs2777938	0.340385
20	62362563	rs6062509	20	62306410	rs3787100	0.428573
20	62362563	rs6062509	20	62306548	rs6011023	0.108428
20	62362563	rs6062509	20	62306757	rs56053617	0.340385
20	62362563	rs6062509	20	62306793	rs139917366	0.110973
20	62362563	rs6062509	20	62306855	rs57502349	0.453716
20	62362563	rs6062509	20	62307776	rs76832249	0.110973
20	62362563	rs6062509	20	62308156	rs3787097	0.385541
20	62362563	rs6062509	20	62308158	rs3787096	0.407254
20	62362563	rs6062509	20	62308159	rs62207043	0.385541
20	62362563	rs6062509	20	62308160	rs6011024	0.0981289
20	62362563	rs6062509	20	62308163	rs3787095	0.268516
20	62362563	rs6062509	20	62308262	rs3838004	0.170766
20	62362563	rs6062509	20	62308354	rs6089763	0.1756
20	62362563	rs6062509	20	62308364	rs6089956	0.164124
20	62362563	rs6062509	20	62308395	rs35902944	0.276574
20	62362563	rs6062509	20	62308412	rs11476531	0.202917
20	62362563	rs6062509	20	62308430	rs34538116	0.245743
20	62362563	rs6062509	20	62308486	rs6011026	0.262815
20	62362563	rs6062509	20	62308612	rs2738783	0.397581
20	62362563	rs6062509	20	62308829	rs116668146	0.0965866
20	62362563	rs6062509	20	62309554	rs41309367	0.654256
20	62362563	rs6062509	20	62309839	rs6010620	0.45291
20	62362563	rs6062509	20	62310806	rs8114049	0.654256
20	62362563	rs6062509	20	62310810	rs6062301	0.455811
20	62362563	rs6062509	20	62310821	rs112914646	0.109927
20	62362563	rs6062509	20	62310872	rs6010621	0.455811
20	62362563	rs6062509	20	62311098	rs2297438	0.455811
20	62362563	rs6062509	20	62311377	rs41309933	0.112472
20	62362563	rs6062509	20	62312299	rs2297440	0.468191
20	62362563	rs6062509	20	62312497	rs4809323	0.468191
20	62362563	rs6062509	20	62312531	rs75123278	0.110973
20	62362563	rs6062509	20	62312755	rs7361098	0.468191
20	62362563	rs6062509	20	62315399	rs3838001	0.46349
20	62362563	rs6062509	20	62315593	rs3787092	0.46349
20	62362563	rs6062509	20	62315594	rs3787091	0.460569
20	62362563	rs6062509	20	62316447	rs3787090	0.466262
20	62362563	rs6062509	20	62316630	rs3787089	0.66074
20	62362563	rs6062509	20	62316634	rs3787088	0.66074
20	62362563	rs6062509	20	62316834	rs75451331	0.109927
20	62362563	rs6062509	20	62318856	rs6062490	0.465274
20	62362563	rs6062509	20	62319166	rs111622789	0.100689
20	62362563	rs6062509	20	62319207	rs143664886	0.100689
20	62362563	rs6062509	20	62319464	rs2738785	0.471127
20	62362563	rs6062509	20	62319604	rs2777941	0.457515
20	62362563	rs6062509	20	62320968	rs6062302	0.47408
20	62362563	rs6062509	20	62321655	rs2236506	0.471127
20	62362563	rs6062509	20	62322288	rs3208007	0.471127
20	62362563	rs6062509	20	62322699	rs6011033	0.447928
20	62362563	rs6062509	20	62323006	rs2236507	0.466262
20	62362563	rs6062509	20	62326110	rs3208008	0.538033
20	62362563	rs6062509	20	62327582	rs2297441	0.542832
20	62362563	rs6062509	20	62328267	rs2257440	0.542832
20	62362563	rs6062509	20	62328375	rs2738787	0.214352
20	62362563	rs6062509	20	62328453	rs2258056	0.545933
20	62362563	rs6062509	20	62328742	rs909341	0.528397
20	62362563	rs6062509	20	62328829	rs1291205	0.542832
20	62362563	rs6062509	20	62329099	rs6062496	0.55371
20	62362563	rs6062509	20	62329169	rs1291206	0.542832
20	62362563	rs6062509	20	62329412	rs1291207	0.538033
20	62362563	rs6062509	20	62330417	rs1291208	0.214352
20	62362563	rs6062509	20	62330439	rs1291209	0.532762
20	62362563	rs6062509	20	62330484	rs1295810	0.534958
20	62362563	rs6062509	20	62331989	rs1048665	0.535855
20	62362563	rs6062509	20	62332638	rs367993153	0.532762
20	62362563	rs6062509	20	62332641	rs2257818	0.529687
20	62362563	rs6062509	20	62333022	rs1623866	0.529687
20	62362563	rs6062509	20	62333115	rs2236508	0.529687
20	62362563	rs6062509	20	62334220	rs2257885	0.537587
20	62362563	rs6062509	20	62335293	rs1291210	0.540688
20	62362563	rs6062509	20	62335565	rs67351073	0.209934
20	62362563	rs6062509	20	62336258	rs6062497	0.907729
20	62362563	rs6062509	20	62336334	rs1758206	0.215918
20	62362563	rs6062509	20	62337406	rs6011040	0.91174
20	62362563	rs6062509	20	62337622	rs1291211	0.214352
20	62362563	rs6062509	20	62339059	rs6062498	0.931523
20	62362563	rs6062509	20	62339825	rs144352421	0.220507
20	62362563	rs6062509	20	62340115	rs1291212	0.220507
20	62362563	rs6062509	20	62341235	rs4809325	0.215918
20	62362563	rs6062509	20	62341665	rs4809220	0.220507
20	62362563	rs6062509	20	62341931	rs6062501	0.104448
20	62362563	rs6062509	20	62342380	rs34657783	0.378146
20	62362563	rs6062509	20	62342468	rs3761123	0.979231
20	62362563	rs6062509	20	62342654	rs2750480	0.604626
20	62362563	rs6062509	20	62342801	rs2872881	0.604626
20	62362563	rs6062509	20	62343013	rs2260045	0.220507
20	62362563	rs6062509	20	62343140	rs2750481	0.604626
20	62362563	rs6062509	20	62343164	rs2750482	0.604626
20	62362563	rs6062509	20	62343845	rs2315007	0.950264
20	62362563	rs6062509	20	62343956	rs2315008	0.950264
20	62362563	rs6062509	20	62344140	rs2315009	0.568916
20	62362563	rs6062509	20	62344431	rs547768273	0.562703
20	62362563	rs6062509	20	62344480	rs35046559	0.548713
20	62362563	rs6062509	20	62344694	rs35201382	0.565058
20	62362563	rs6062509	20	62344883	rs67468102	0.568916
20	62362563	rs6062509	20	62345470	rs2750483	0.568916
20	62362563	rs6062509	20	62346459	rs2259858	0.554123
20	62362563	rs6062509	20	62346871	rs2257437	0.601471
20	62362563	rs6062509	20	62347187	rs1741706	0.212705
20	62362563	rs6062509	20	62347189	rs62217798	0.415363
20	62362563	rs6062509	20	62347191	rs62217799	0.815272
20	62362563	rs6062509	20	62347193	rs62217815	0.19359
20	62362563	rs6062509	20	62348158	rs2262311	0.220507
20	62362563	rs6062509	20	62348190	rs4809327	0.984462
20	62362563	rs6062509	20	62348327	rs4809328	0.950264
20	62362563	rs6062509	20	62348460	rs4809329	0.95477
20	62362563	rs6062509	20	62348907	rs6062504	0.950264
20	62362563	rs6062509	20	62348917	rs145835311	0.568916
20	62362563	rs6062509	20	62349491	rs6089961	0.574419
20	62362563	rs6062509	20	62349586	rs4809330	0.964668
20	62362563	rs6062509	20	62349625	rs2738758	0.574419
20	62362563	rs6062509	20	62349678	rs142326702	0.577569
20	62362563	rs6062509	20	62350246	rs199657529	0.127456
20	62362563	rs6062509	20	62350413	rs2738759	0.220507
20	62362563	rs6062509	20	62351150	rs2263805	0.610587
20	62362563	rs6062509	20	62351539	rs6062304	0.98962
20	62362563	rs6062509	20	62352319	rs1298721	0.220507
20	62362563	rs6062509	20	62352389	rs6062506	0.98962
20	62362563	rs6062509	20	62352626	rs1291213	0.595219
20	62362563	rs6062509	20	62352637	rs8125514	0.98962
20	62362563	rs6062509	20	62352827	rs1758199	0.220507
20	62362563	rs6062509	20	62353364	rs201555224	0.610587
20	62362563	rs6062509	20	62353933	rs2261092	0.220507
20	62362563	rs6062509	20	62354144	rs6011057	0.98962
20	62362563	rs6062509	20	62354494	rs7262150	0.601471
20	62362563	rs6062509	20	62354502	rs13040276	0.278551
20	62362563	rs6062509	20	62354503	rs13045211	0.297076
20	62362563	rs6062509	20	62354572	rs7267230	0.224101
20	62362563	rs6062509	20	62355715	rs375122843	0.357077
20	62362563	rs6062509	20	62355756	rs1758205	0.610587
20	62362563	rs6062509	20	62356336	rs35291396	0.429616
20	62362563	rs6062509	20	62356538	rs2263806	0.610587
20	62362563	rs6062509	20	62356627	rs6011058	0.989509
20	62362563	rs6062509	20	62357116	rs71197427	0.374778
20	62362563	rs6062509	20	62357330	rs6062507	0.294966
20	62362563	rs6062509	20	62357471	rs34251386	0.610587
20	62362563	rs6062509	20	62357556	rs35108552	0.220507
20	62362563	rs6062509	20	62357866	rs538887674	0.968799
20	62362563	rs6062509	20	62358580	rs11476997	0.215918
20	62362563	rs6062509	20	62359345	rs6122154	0.610587
20	62362563	rs6062509	20	62359564	rs2427529	0.610587
20	62362563	rs6062509	20	62361250	rs6089966	0.220507
20	62362563	rs6062509	20	62361737	rs2427530	0.610587
20	62362563	rs6062509	20	62362116	rs2427531	0.595219
20	62362563	rs6062509	20	62362324	rs6011064	0.119155
20	62362563	rs6062509	20	62362563	rs6062509	1
20	62362563	rs6062509	20	62362698	rs10689862	0.198216
20	62362563	rs6062509	20	62362834	rs71325463	0.595219
20	62362563	rs6062509	20	62362850	rs112756706	0.579929
20	62362563	rs6062509	20	62362954	rs6122157	0.606251
20	62362563	rs6062509	20	62363020	rs534164653;rs536484105	0.610587
20	62362563	rs6062509	20	62363096	rs6122158	0.595219
20	62362563	rs6062509	20	62363453	rs71325464	0.610587
20	62362563	rs6062509	20	62363487	rs67616625	0.610587
20	62362563	rs6062509	20	62363573	rs148551880	0.610587
20	62362563	rs6062509	20	62363587	rs112111529	0.610587
20	62362563	rs6062509	20	62363640	rs72448466	0.98962
20	62362563	rs6062509	20	62363817	rs2427532	0.610587
20	62362563	rs6062509	20	62363838	rs6010634	0.220507
20	62362563	rs6062509	20	62363858	rs55791529	0.98962
20	62362563	rs6062509	20	62363864	rs117223048	0.129058
20	62362563	rs6062509	20	62363869	rs55946717	0.98962
20	62362563	rs6062509	20	62364002	rs557069747;rs11472500	0.956001
20	62362563	rs6062509	20	62364034	rs11472432	0.508137
20	62362563	rs6062509	20	62364164	rs146710035	0.610587
20	62362563	rs6062509	20	62364180	rs6011066	0.98962
20	62362563	rs6062509	20	62364376	rs6011067	0.215918
20	62362563	rs6062509	20	62364885	rs6011068	0.220507
20	62362563	rs6062509	20	62365556	rs1151622	0.610587
20	62362563	rs6062509	20	62365866	rs2427533;rs59415374	0.609844
20	62362563	rs6062509	20	62366478	rs2427534	0.604626
20	62362563	rs6062509	20	62367377	rs2427535	0.208352
20	62362563	rs6062509	20	62368539	rs1275330	0.610587
20	62362563	rs6062509	20	62368606	rs1151623	0.600002
20	62362563	rs6062509	20	62368804	rs2236510	0.610587
20	62362563	rs6062509	20	62369300	rs914559	0.604302
20	62362563	rs6062509	20	62369422	rs200548769	0.220507
20	62362563	rs6062509	20	62369426	rs150938918	0.901164
20	62362563	rs6062509	20	62369895	rs1151624	0.610587
20	62362563	rs6062509	20	62369997	rs1151625	0.218969
20	62362563	rs6062509	20	62370349	rs1056441	0.99476
20	62362563	rs6062509	20	62370732	rs6122159	0.589304
20	62362563	rs6062509	20	62370890	rs4809331	0.214352
20	62362563	rs6062509	20	62372041	rs1741708	0.595219
20	62362563	rs6062509	20	62372148	rs6062510	0.98962
20	62362563	rs6062509	20	62372706	rs4809221	0.984395
20	62362563	rs6062509	20	62372813	rs2427536	0.220507
20	62362563	rs6062509	20	62372956	rs2253823	0.610587
20	62362563	rs6062509	20	62373079	rs2253829	0.610587
20	62362563	rs6062509	20	62373707	rs8957	0.851725
20	62362563	rs6062509	20	62373983	rs2256814	0.504059
20	62362563	rs6062509	20	62374219	rs1151626	0.2
20	62362563	rs6062509	20	62374389	rs1058319	0.239073
20	62362563	rs6062509	20	62376939	rs2296763	0.747989
20	62362563	rs6062509	20	62378349	rs5019252	0.15872
20	62362563	rs6062509	20	62378364	rs12625387	0.163232
20	62362563	rs6062509	20	62378954	rs73622886	0.439227
20	62362563	rs6062509	20	62379006	rs6011076	0.17886
20	62362563	rs6062509	20	62379339	rs73622887	0.44605
20	62362563	rs6062509	20	62379445	rs73625081;rs202191527	0.450185
20	62362563	rs6062509	20	62379531	rs11697610	0.124347
20	62362563	rs6062509	20	62379747	rs2872979	0.172617
20	62362563	rs6062509	20	62379748	rs12053646	0.450185
20	62362563	rs6062509	20	62379750	rs2315646	0.171617
20	62362563	rs6062509	20	62379990	rs1887406	0.452712
20	62362563	rs6062509	20	62380098	rs2315648	0.171617
20	62362563	rs6062509	20	62380315	rs932824	0.172617
20	62362563	rs6062509	20	62380328	rs932825	0.172617
20	62362563	rs6062509	20	62380527	rs932827	0.100295
20	62362563	rs6062509	20	62380542	rs12625413	0.171139
20	62362563	rs6062509	20	62380685	rs3840068	0.174169
20	62362563	rs6062509	20	62381979	rs6089970	0.370502
20	62362563	rs6062509	20	62383051	rs1316200	0.102839
20	62362563	rs6062509	20	62383074	rs1884846	0.193156
20	62362563	rs6062509	20	62383148	rs529848408	0.108748
20	62362563	rs6062509	20	62383923	rs4809333	0.193156
20	62362563	rs6062509	20	62384309	rs2281926	0.41874
20	62362563	rs6062509	20	62384972	rs4809334	0.43613
20	62362563	rs6062509	20	62385446	rs13041528	0.43613
20	62362563	rs6062509	20	62385479	rs7273624	0.104768
20	62362563	rs6062509	20	62385541	rs12481497	0.43613
20	62362563	rs6062509	20	62385558	rs4299387	0.106723
20	62362563	rs6062509	20	62385846	rs6089971	0.43613
20	62362563	rs6062509	20	62385932	rs2093118	0.168067
20	62362563	rs6062509	20	62385976	rs6011081	0.104768
20	62362563	rs6062509	20	62386767	rs6122160	0.173621
20	62362563	rs6062509	20	62386887	rs6122161	0.173621
20	62362563	rs6062509	20	62387061	rs533020748;rs147544793	0.435976
20	62362563	rs6062509	20	62387417	rs11696871	0.43613
20	62362563	rs6062509	20	62387549	rs4809223	0.100598
20	62362563	rs6062509	20	62387830	rs4809224	0.0987101
20	62362563	rs6062509	20	62388206	rs6011085	0.0987101
20	62362563	rs6062509	20	62388378	rs11697497	0.228484
20	62362563	rs6062509	20	62388547	rs6089769	0.0987101
20	62362563	rs6062509	20	62388673	rs6010639	0.0987101
20	62362563	rs6062509	20	62388897	rs6010640	0.193156
20	62362563	rs6062509	20	62389892	rs11471754	0.0987101
20	62362563	rs6062509	20	62390087	rs551871297	0.110041
20	62362563	rs6062509	20	62390275	rs11395510	0.193156
20	62362563	rs6062509	20	62390633	rs36043714	0.0997344
20	62362563	rs6062509	20	62391453	rs6122028	0.170634
20	62362563	rs6062509	20	62392041	esv3646326	0.190123
20	62362563	rs6062509	20	62393107	rs2315649	0.170634
20	62362563	rs6062509	20	62395318	rs78476458	0.194689
20	62362563	rs6062509	20	62395721	rs6512287	0.425249
20	62362563	rs6062509	20	62396269	rs141414795	0.102582
20	62362563	rs6062509	20	62396397	rs144067174	0.425249
20	62362563	rs6062509	20	62396925	rs7271043	0.170634
20	62362563	rs6062509	20	62397078	rs11472945	0.425249
20	62362563	rs6062509	20	62397558	rs549966838	0.209478
20	62362563	rs6062509	20	62398825	rs6011097	0.425249
20	62362563	rs6062509	20	62398935	rs6011098	0.425249
20	62362563	rs6062509	20	62399641	rs2315654	0.425249
20	62362563	rs6062509	20	62400021	rs6010648	0.412097
20	62362563	rs6062509	20	62401114	rs12480190	0.193209
20	62362563	rs6062509	20	62401115	rs10485826	0.100916
20	62362563	rs6062509	20	62401143	rs6089982	0.127532
20	62362563	rs6062509	20	62401711	rs6089983	0.159412
20	62362563	rs6062509	20	62401714	rs71869591	0.160922
20	62362563	rs6062509	20	62401720	rs80149857	0.160922
20	62362563	rs6062509	20	62402044	rs144064368	0.184393
20	62362563	rs6062509	20	62402860	rs6089986	0.127324
20	62362563	rs6062509	20	62404607	rs6122165	0.125596
20	62362563	rs6062509	20	62405863	rs6122166	0.143316
20	62362563	rs6062509	20	62405960	rs6089988	0.139853
20	62362563	rs6062509	20	62406029	rs11473068	0.139853
20	62362563	rs6062509	20	62406133	rs55754920	0.139853
20	62362563	rs6062509	20	62406176	rs6122167	0.139853
20	62362563	rs6062509	20	62406641	rs3810493	0.139853
20	62362563	rs6062509	20	62406749	rs3810494	0.133773
20	62362563	rs6062509	20	62406819	rs3810495	0.135283
20	62362563	rs6062509	20	62406886	rs3810496	0.164494
20	62362563	rs6062509	20	62407617	rs11698493	0.181072
20	62362563	rs6062509	20	62408156	rs71333712	0.127522
20	62362563	rs6062509	20	62408400	rs79334591	0.172189
20	62362563	rs6062509	20	62408454	rs151158205	0.163023
20	62362563	rs6062509	20	62408472	rs79240334	0.158024
20	62362563	rs6062509	20	62408490	rs59221881	0.129345
20	62362563	rs6062509	20	62408691	rs6122168	0.138323
20	62362563	rs6062509	20	62408749	rs13042220	0.181072
20	62362563	rs6062509	20	62408781	rs13043476	0.179406
20	62362563	rs6062509	20	62409394	rs6512290	0.138323
20	62362563	rs6062509	20	62409453	rs6122169	0.138323
20	62362563	rs6062509	20	62409477	rs6122170	0.138323
20	62362563	rs6062509	20	62409482	rs113323777	0.138323
20	62362563	rs6062509	20	62409510	rs6122171	0.138323
20	62362563	rs6062509	20	62409689	rs7363352	0.135693
20	62362563	rs6062509	20	62409691	rs7361427	0.135693
20	62362563	rs6062509	20	62409888	rs6122172	0.13642
20	62362563	rs6062509	20	62410024	rs12710317	0.13642
20	62362563	rs6062509	20	62410049	rs12710318	0.13642
20	62362563	rs6062509	20	62410070	rs66581209	0.181072
20	62362563	rs6062509	20	62410551	rs58429504	0.13642
20	62362563	rs6062509	20	62410576	rs6089992	0.13642
20	62362563	rs6062509	20	62410589	rs201770319	0.13642
20	62362563	rs6062509	20	62410656	rs13039534	0.13642
20	62362563	rs6062509	20	62410686	rs13044637	0.13642
20	62362563	rs6062509	20	62410754	rs12481588	0.13642
20	62362563	rs6062509	20	62410897	rs12480840	0.134539
20	62362563	rs6062509	20	62411102	rs6089774	0.13642
20	62362563	rs6062509	20	62411407	rs67840723	0.181072
20	62362563	rs6062509	20	62411440	rs6089994	0.13642
20	62362563	rs6062509	20	62412100	rs6122173	0.13642
20	62362563	rs6062509	20	62412334	rs4809342	0.181072
20	62362563	rs6062509	20	62412513	rs77399871	0.185307
20	62362563	rs6062509	20	62413142	rs112270335	0.136799
20	62362563	rs6062509	20	62413209	rs6122030	0.13642
20	62362563	rs6062509	20	62413323	rs6122031	0.13642
20	62362563	rs6062509	20	62413550	rs71333714	0.125754
20	62362563	rs6062509	20	62413663	rs4809343	0.181072
20	62362563	rs6062509	20	62413844	rs6122174	0.13642
20	62362563	rs6062509	20	62414424	rs6089775	0.13642
20	62362563	rs6062509	20	62415064	rs6122175	0.13642
20	62362563	rs6062509	20	62415693	rs6089995	0.137943
20	62362563	rs6062509	20	62416324	rs11700159	0.181072
20	62362563	rs6062509	20	62416325	rs35960945	0.118695
20	62362563	rs6062509	20	62416358	rs11698179	0.181072
20	62362563	rs6062509	20	62417030	rs6122177	0.137943
20	62362563	rs6062509	20	62417181	rs6122179	0.13642
20	62362563	rs6062509	20	62417735	rs6089777	0.137214
20	62362563	rs6062509	20	62418012	rs147310510	0.0920412
20	62362563	rs6062509	20	62418243	rs6010651	0.100037
20	62362563	rs6062509	20	62419213	rs67047102	0.127586
20	62362563	rs6062509	20	62421622	rs755017	0.208525
20	62362563	rs6062509	20	62422080	rs2281929	0.208525
20	62362563	rs6062509	20	62422619	rs747514	0.0927566
20	62362563	rs6062509	20	62422675	rs4456758	0.0927566
20	62362563	rs6062509	20	62423164	rs55643250	0.127586
20	62362563	rs6062509	20	62423362	rs67542556	0.127586
20	62362563	rs6062509	20	62424393	rs11698037	0.127586
20	62362563	rs6062509	20	62424661	rs6010652;rs199891885	0.143458
20	62362563	rs6062509	20	62425472	rs6011116	0.127586
20	62362563	rs6062509	20	62425714	rs6011117	0.127586
20	62362563	rs6062509	20	62425966	rs6011118	0.127586
20	62362563	rs6062509	20	62426005	rs66493913	0.127586
20	62362563	rs6062509	20	62426149	rs67415541	0.127586
20	62362563	rs6062509	20	62426150	rs66486049	0.127586
20	62362563	rs6062509	20	62426688	rs4809229	0.202198
20	62362563	rs6062509	20	62427085	rs6011119	0.127586
20	62362563	rs6062509	20	62427187	rs4538263	0.188722
20	62362563	rs6062509	20	62427211	rs6010653	0.127586
20	62362563	rs6062509	20	62427354	rs67796606	0.126143
20	62362563	rs6062509	20	62428104	rs6011121	0.184612
20	62362563	rs6062509	20	62429794	rs57620666	0.184612
20	62362563	rs6062509	20	62429977	rs73624722	0.184612
20	62362563	rs6062509	20	62430238	rs6010655	0.184612
20	62362563	rs6062509	20	62430449	rs6010656	0.184612
20	62362563	rs6062509	20	62431510	rs11906437	0.182786
20	62362563	rs6062509	20	62431547	rs11908487	0.182786
20	62362563	rs6062509	20	62431785	rs11086127	0.182786
20	62362563	rs6062509	20	62431973	rs11906513	0.182786
20	62362563	rs6062509	20	62432000	rs11908565	0.182786
20	62362563	rs6062509	20	62432023	rs11905140	0.182786
20	62362563	rs6062509	20	62432030	rs11906517	0.182786
20	62362563	rs6062509	20	62432154	rs67549383	0.182786
20	62362563	rs6062509	20	62432179	rs66780440	0.182786
20	62362563	rs6062509	20	62432495	rs6011123	0.0919526
20	62362563	rs6062509	20	62432533	rs6010658	0.190564
20	62362563	rs6062509	20	62432886	rs6011124	0.190564
20	62362563	rs6062509	20	62433459	rs6011125	0.182786
20	62362563	rs6062509	20	62433862	rs4809345	0.182786
20	62362563	rs6062509	20	62435007	rs6011126	0.182786
20	62362563	rs6062509	20	62435258	rs6011127	0.182786
20	62362563	rs6062509	20	62435465	rs11697082	0.122723
20	62362563	rs6062509	20	62435627	rs11697261	0.182786
20	62362563	rs6062509	20	62436305	rs67835080	0.182786
20	62362563	rs6062509	20	62436320	rs67078803	0.182786
20	62362563	rs6062509	20	62436398	rs73624724	0.182786
20	62362563	rs6062509	20	62437022	rs6010659	0.182786
20	62362563	rs6062509	20	62437140	rs57498343	0.182786
20	62362563	rs6062509	20	62437195	rs58150746	0.182786
20	62362563	rs6062509	20	62437371	rs79386254	0.182786
20	62362563	rs6062509	20	62437599	rs567257880	0.175376
20	62362563	rs6062509	20	62437674	rs66859979	0.182786
20	62362563	rs6062509	20	62437988	rs4809348	0.18689
20	62362563	rs6062509	20	62438142	rs4809349	0.163402
20	62362563	rs6062509	20	62438147	rs4809350	0.163402
20	62362563	rs6062509	20	62438176	rs4809351	0.182786
20	62362563	rs6062509	20	62438758	rs6011128	0.182786
20	62362563	rs6062509	20	62438825	rs6011129	0.182786
20	62362563	rs6062509	20	62438870	rs73624728	0.121274
20	62362563	rs6062509	20	62438871	rs6011130	0.182786
20	62362563	rs6062509	20	62438993	rs6011131	0.182786
20	62362563	rs6062509	20	62439108	rs4809352	0.182786
20	62362563	rs6062509	20	62439216	rs4809353	0.182786
20	62362563	rs6062509	20	62439223	rs4809354	0.182786
20	62362563	rs6062509	20	62439274	rs4809230	0.122723
20	62362563	rs6062509	20	62439312	rs4809231	0.182786
20	62362563	rs6062509	20	62439417	rs10577517	0.169127
20	62362563	rs6062509	20	62439598	rs576096414;rs35212655	0.182786
20	62362563	rs6062509	20	62439682	rs11698072	0.190564
20	62362563	rs6062509	20	62439874	rs11699536	0.182399
20	62362563	rs6062509	20	62439902	rs11699646	0.178421
20	62362563	rs6062509	20	62439995	rs6010660	0.178753
20	62362563	rs6062509	20	62440143	rs6010661	0.182786
20	62362563	rs6062509	20	62440347	rs6011136	0.169578
20	62362563	rs6062509	20	62440526	rs6011137	0.178753
20	62362563	rs6062509	20	62440577	rs34310751	0.115123
20	62362563	rs6062509	20	62440681	rs67416152	0.182786
20	62362563	rs6062509	20	62440700	rs6011138	0.182786
20	62362563	rs6062509	20	62440737	rs6011139	0.182786
20	62362563	rs6062509	20	62441008	rs6011140	0.178753
20	62362563	rs6062509	20	62441080	rs6011141	0.178753
20	62362563	rs6062509	20	62441216	rs6011142	0.178753
20	62362563	rs6062509	20	62441261	rs11700177	0.121274
20	62362563	rs6062509	20	62441314	rs200197951	0.0967483
20	62362563	rs6062509	20	62441456	rs6010664	0.178753
20	62362563	rs6062509	20	62441459	rs11086128	0.122723
20	62362563	rs6062509	20	62441624	rs6011143	0.178753
20	62362563	rs6062509	20	62441767	rs6011144	0.178753
20	62362563	rs6062509	20	62441955	rs6011145	0.178753
20	62362563	rs6062509	20	62442056	rs6011146	0.178753
20	62362563	rs6062509	20	62442500	rs6011148	0.178753
20	62362563	rs6062509	20	62443763	rs4809356	0.178753
20	62362563	rs6062509	20	62443823	rs4809233	0.178753
20	62362563	rs6062509	20	62444450	rs11472667	0.178376
20	62362563	rs6062509	20	62445431	rs11474245	0.178753
20	62362563	rs6062509	20	62445688	rs6010669	0.178753
20	62362563	rs6062509	20	62445824	rs4809357	0.178753
20	62362563	rs6062509	20	62446181	rs4809358	0.178753
20	62362563	rs6062509	20	62446354	rs4809359	0.178753
20	62362563	rs6062509	20	62446622	rs4809360	0.122723
20	62362563	rs6062509	20	62446889	rs140351298	0.176944
20	62362563	rs6062509	20	62447221	rs574656098	0.178753
20	62362563	rs6062509	20	62447394	rs4991877	0.165931
20	62362563	rs6062509	20	62447416	rs4991876	0.176153
20	62362563	rs6062509	20	62447602	rs66682622	0.178753
20	62362563	rs6062509	20	62447978	rs751861	0.178753
20	62362563	rs6062509	20	62448126	rs751860	0.178753
20	62362563	rs6062509	20	62448196	rs2004748	0.178753
20	62362563	rs6062509	20	62448201	rs2004749	0.178753
20	62362563	rs6062509	20	62448790	rs4369919	0.178753
20	62362563	rs6062509	20	62449008	rs2315657	0.178753
20	62362563	rs6062509	20	62449449	rs6011152	0.183171
20	62362563	rs6062509	20	62449616	rs11700372	0.178753
20	62362563	rs6062509	20	62450653	rs6011154	0.178753
20	62362563	rs6062509	20	62450660	rs11698713	0.121274
20	62362563	rs6062509	20	62450780	rs4809362	0.178753
20	62362563	rs6062509	20	62451654	rs6011156	0.178753
20	62362563	rs6062509	20	62451760	rs6011157	0.178753
20	62362563	rs6062509	20	62451961	rs6011158	0.178753
20	62362563	rs6062509	20	62452309	rs6011159	0.122723
20	62362563	rs6062509	20	62452347	rs6011160	0.178753
20	62362563	rs6062509	20	62452517	rs6011161	0.178753
20	62362563	rs6062509	20	62452662	rs12481524	0.121274
20	62362563	rs6062509	20	62452840	rs6010671	0.178753
20	62362563	rs6062509	20	62454075	rs73145513	0.11862
20	62362563	rs6062509	20	62454472	rs4809234	0.178753
20	62362563	rs6062509	20	62454528	rs4809364	0.178753
20	62362563	rs6062509	20	62454969	rs4809236	0.178753
20	62362563	rs6062509	20	62455009	rs4809365	0.178753
20	62362563	rs6062509	20	62455192	rs4809366	0.178753
20	62362563	rs6062509	20	62455464	rs11086129	0.125644
20	62362563	rs6062509	20	62455610	rs60086020	0.121274
20	62362563	rs6062509	20	62455784	rs6011163	0.178753
20	62362563	rs6062509	20	62455988	rs6011164	0.178753
20	62362563	rs6062509	20	62456447	rs6011167	0.178753
20	62362563	rs6062509	20	62456686	rs6011168	0.178753
20	62362563	rs6062509	20	62456818	rs6011169	0.172478
20	62362563	rs6062509	20	62458395	rs11700373	0.121274
20	62362563	rs6062509	20	62458732	rs7348841	0.178753
20	62362563	rs6062509	20	62458930	rs191574817	0.178753
20	62362563	rs6062509	20	62458982	rs199884764	0.103958
20	62362563	rs6062509	20	62459052	rs67675495	0.177399
20	62362563	rs6062509	20	62459058	rs67563752	0.178753
20	62362563	rs6062509	20	62459663	rs12479805	0.122723
20	62362563	rs6062509	20	62460055	rs6011171	0.180572
20	62362563	rs6062509	20	62460780	rs6011173	0.178753
20	62362563	rs6062509	20	62461305	rs4809367	0.180572
20	62362563	rs6062509	20	62461582	rs4809368	0.122723
20	62362563	rs6062509	20	62465488	rs67517207	0.122723
20	62362563	rs6062509	20	62465709	rs66788614	0.122723
20	62362563	rs6062509	20	62465930	rs11086130	0.122723
20	62362563	rs6062509	20	62466059	rs755920	0.122723
20	62362563	rs6062509	20	62467796	rs112747373	0.176944
20	62362563	rs6062509	20	62473114	rs73624750	0.0920894
20	62362563	rs6062509	20	62473923	rs6010679	0.0920894
20	62374389	rs1058319	20	62267221	rs113325912	0.109587
20	62374389	rs1058319	20	62268124	rs35143638	0.185509
20	62374389	rs1058319	20	62269338	rs2738774	0.11255
20	62374389	rs1058319	20	62269607	rs6062470	0.0917918
20	62374389	rs1058319	20	62270637	rs909333	0.176464
20	62374389	rs1058319	20	62270930	rs909334	0.186414
20	62374389	rs1058319	20	62272583	rs3865523	0.0960003
20	62374389	rs1058319	20	62272658	rs2150910	0.171085
20	62374389	rs1058319	20	62273130	rs13042091	0.103096
20	62374389	rs1058319	20	62273435	rs186744824	0.0986797
20	62374389	rs1058319	20	62273935	rs55953468	0.0997356
20	62374389	rs1058319	20	62274548	rs58675328	0.0997356
20	62374389	rs1058319	20	62275844	rs6010986	0.270099
20	62374389	rs1058319	20	62275845	rs73135821	0.100087
20	62374389	rs1058319	20	62275875	rs4083754	0.242976
20	62374389	rs1058319	20	62276869	rs6062293	0.100087
20	62374389	rs1058319	20	62276984	rs6062294	0.0995645
20	62374389	rs1058319	20	62277763	rs7262218	0.101485
20	62374389	rs1058319	20	62277922	rs4809319	0.260461
20	62374389	rs1058319	20	62278387	rs6062475	0.102012
20	62374389	rs1058319	20	62279039	rs200554474	0.110933
20	62374389	rs1058319	20	62279344	rs112604138	0.101432
20	62374389	rs1058319	20	62281476	rs6010990	0.272342
20	62374389	rs1058319	20	62282014	rs6010992	0.278045
20	62374389	rs1058319	20	62282314	rs151283484	0.237729
20	62374389	rs1058319	20	62282439	rs4809320	0.272342
20	62374389	rs1058319	20	62284925	rs201497780	0.159647
20	62374389	rs1058319	20	62284984	rs112548487	0.101671
20	62374389	rs1058319	20	62286870	rs3761125	0.0999498
20	62374389	rs1058319	20	62287600	rs6062477	0.147458
20	62374389	rs1058319	20	62287688	rs35995366	0.106476
20	62374389	rs1058319	20	62288727	rs3834652	0.111519
20	62374389	rs1058319	20	62288752	rs3761124	0.253462
20	62374389	rs1058319	20	62289614	rs3746341	0.111519
20	62374389	rs1058319	20	62290193	rs2872811	0.113031
20	62374389	rs1058319	20	62290663	rs2297432	0.148914
20	62374389	rs1058319	20	62291008	rs6089953	0.243874
20	62374389	rs1058319	20	62291174	rs6062295	0.148914
20	62374389	rs1058319	20	62291438	rs6010994	0.243874
20	62374389	rs1058319	20	62291599	rs34978822	0.0909807
20	62374389	rs1058319	20	62291830	rs2738778	0.221358
20	62374389	rs1058319	20	62292137	rs6062296	0.112467
20	62374389	rs1058319	20	62293460	rs2297433	0.25554
20	62374389	rs1058319	20	62294015	rs2297434	0.112467
20	62374389	rs1058319	20	62294402	rs6010998	0.25554
20	62374389	rs1058319	20	62295701	rs3787103	0.103487
20	62374389	rs1058319	20	62295943	rs3787102	0.112467
20	62374389	rs1058319	20	62296214	rs6062482	0.112467
20	62374389	rs1058319	20	62296306	rs113365193	0.10363
20	62374389	rs1058319	20	62298404	rs11696198	0.101276
20	62374389	rs1058319	20	62300811	rs3848669	0.258296
20	62374389	rs1058319	20	62301009	rs3848670	0.113864
20	62374389	rs1058319	20	62301795	rs3859579	0.170775
20	62374389	rs1058319	20	62301970	rs6062298	0.172567
20	62374389	rs1058319	20	62301980	rs6062484	0.116612
20	62374389	rs1058319	20	62302539	rs6062486	0.172567
20	62374389	rs1058319	20	62302650	rs6011016	0.246631
20	62374389	rs1058319	20	62303115	rs4809219	0.258296
20	62374389	rs1058319	20	62303622	rs6011018	0.258296
20	62374389	rs1058319	20	62303794	rs6062300	0.116612
20	62374389	rs1058319	20	62304178	rs2297436	0.116612
20	62374389	rs1058319	20	62304299	rs4809321	0.24166
20	62374389	rs1058319	20	62304762	rs67311561	0.116612
20	62374389	rs1058319	20	62304892	rs111340639	0.117168
20	62374389	rs1058319	20	62305947	rs2777937	0.118171
20	62374389	rs1058319	20	62306208	rs2777938	0.116612
20	62374389	rs1058319	20	62306410	rs3787100	0.246631
20	62374389	rs1058319	20	62306757	rs56053617	0.116612
20	62374389	rs1058319	20	62306855	rs57502349	0.228674
20	62374389	rs1058319	20	62308156	rs3787097	0.114361
20	62374389	rs1058319	20	62308158	rs3787096	0.106286
20	62374389	rs1058319	20	62308159	rs62207043	0.114361
20	62374389	rs1058319	20	62308163	rs3787095	0.11799
20	62374389	rs1058319	20	62308612	rs2738783	0.138169
20	62374389	rs1058319	20	62309050	rs113486739	0.103515
20	62374389	rs1058319	20	62309514	rs41302954	0.110006
20	62374389	rs1058319	20	62309554	rs41309367	0.174947
20	62374389	rs1058319	20	62309839	rs6010620	0.258678
20	62374389	rs1058319	20	62310806	rs8114049	0.174947
20	62374389	rs1058319	20	62310810	rs6062301	0.264602
20	62374389	rs1058319	20	62310872	rs6010621	0.264602
20	62374389	rs1058319	20	62311098	rs2297438	0.264602
20	62374389	rs1058319	20	62312299	rs2297440	0.266186
20	62374389	rs1058319	20	62312497	rs4809323	0.266186
20	62374389	rs1058319	20	62312755	rs7361098	0.266186
20	62374389	rs1058319	20	62314863	rs112662625	0.10363
20	62374389	rs1058319	20	62315399	rs3838001	0.27275
20	62374389	rs1058319	20	62315593	rs3787092	0.27275
20	62374389	rs1058319	20	62315594	rs3787091	0.274924
20	62374389	rs1058319	20	62316238	rs73137734	0.1724
20	62374389	rs1058319	20	62316241	rs113548943	0.110006
20	62374389	rs1058319	20	62316447	rs3787090	0.270036
20	62374389	rs1058319	20	62316630	rs3787089	0.176681
20	62374389	rs1058319	20	62316634	rs3787088	0.176681
20	62374389	rs1058319	20	62318856	rs6062490	0.26022
20	62374389	rs1058319	20	62319464	rs2738785	0.27222
20	62374389	rs1058319	20	62319604	rs2777941	0.26022
20	62374389	rs1058319	20	62320968	rs6062302	0.270036
20	62374389	rs1058319	20	62321128	rs35640778	0.0909807
20	62374389	rs1058319	20	62321655	rs2236506	0.27222
20	62374389	rs1058319	20	62322288	rs3208007	0.27222
20	62374389	rs1058319	20	62322699	rs6011033	0.255948
20	62374389	rs1058319	20	62323006	rs2236507	0.270036
20	62374389	rs1058319	20	62325690	rs2738786	0.0993405
20	62374389	rs1058319	20	62326110	rs3208008	0.356771
20	62374389	rs1058319	20	62327582	rs2297441	0.36874
20	62374389	rs1058319	20	62328267	rs2257440	0.36874
20	62374389	rs1058319	20	62328453	rs2258056	0.375732
20	62374389	rs1058319	20	62328742	rs909341	0.354957
20	62374389	rs1058319	20	62328829	rs1291205	0.36874
20	62374389	rs1058319	20	62329099	rs6062496	0.180513
20	62374389	rs1058319	20	62329169	rs1291206	0.36874
20	62374389	rs1058319	20	62329412	rs1291207	0.356771
20	62374389	rs1058319	20	62330439	rs1291209	0.3542
20	62374389	rs1058319	20	62330484	rs1295810	0.349919
20	62374389	rs1058319	20	62331989	rs1048665	0.361101
20	62374389	rs1058319	20	62332638	rs367993153	0.3542
20	62374389	rs1058319	20	62332641	rs2257818	0.347366
20	62374389	rs1058319	20	62333022	rs1623866	0.347366
20	62374389	rs1058319	20	62333115	rs2236508	0.347366
20	62374389	rs1058319	20	62334220	rs2257885	0.366148
20	62374389	rs1058319	20	62335293	rs1291210	0.373122
20	62374389	rs1058319	20	62336258	rs6062497	0.224389
20	62374389	rs1058319	20	62337406	rs6011040	0.221241
20	62374389	rs1058319	20	62339059	rs6062498	0.234899
20	62374389	rs1058319	20	62342380	rs34657783	0.272502
20	62374389	rs1058319	20	62342468	rs3761123	0.23365
20	62374389	rs1058319	20	62342654	rs2750480	0.403156
20	62374389	rs1058319	20	62342801	rs2872881	0.403156
20	62374389	rs1058319	20	62343140	rs2750481	0.403156
20	62374389	rs1058319	20	62343164	rs2750482	0.403156
20	62374389	rs1058319	20	62343845	rs2315007	0.235921
20	62374389	rs1058319	20	62343956	rs2315008	0.235921
20	62374389	rs1058319	20	62344140	rs2315009	0.388456
20	62374389	rs1058319	20	62344431	rs547768273	0.391052
20	62374389	rs1058319	20	62344480	rs35046559	0.371592
20	62374389	rs1058319	20	62344694	rs35201382	0.390804
20	62374389	rs1058319	20	62344883	rs67468102	0.388456
20	62374389	rs1058319	20	62345470	rs2750483	0.388456
20	62374389	rs1058319	20	62345757	rs111790321	0.12194
20	62374389	rs1058319	20	62346459	rs2259858	0.374269
20	62374389	rs1058319	20	62346871	rs2257437	0.395814
20	62374389	rs1058319	20	62347191	rs62217799	0.217901
20	62374389	rs1058319	20	62348190	rs4809327	0.239254
20	62374389	rs1058319	20	62348327	rs4809328	0.235921
20	62374389	rs1058319	20	62348460	rs4809329	0.232762
20	62374389	rs1058319	20	62348907	rs6062504	0.235921
20	62374389	rs1058319	20	62348917	rs145835311	0.388456
20	62374389	rs1058319	20	62349491	rs6089961	0.391193
20	62374389	rs1058319	20	62349586	rs4809330	0.235602
20	62374389	rs1058319	20	62349625	rs2738758	0.391193
20	62374389	rs1058319	20	62349678	rs142326702	0.398405
20	62374389	rs1058319	20	62351150	rs2263805	0.406106
20	62374389	rs1058319	20	62351539	rs6062304	0.240727
20	62374389	rs1058319	20	62352389	rs6062506	0.240727
20	62374389	rs1058319	20	62352626	rs1291213	0.391451
20	62374389	rs1058319	20	62352637	rs8125514	0.240727
20	62374389	rs1058319	20	62353364	rs201555224	0.406106
20	62374389	rs1058319	20	62354144	rs6011057	0.240727
20	62374389	rs1058319	20	62354494	rs7262150	0.385655
20	62374389	rs1058319	20	62354503	rs13045211	0.0925036
20	62374389	rs1058319	20	62355715	rs375122843	0.126039
20	62374389	rs1058319	20	62355756	rs1758205	0.406106
20	62374389	rs1058319	20	62356336	rs35291396	0.347683
20	62374389	rs1058319	20	62356538	rs2263806	0.406106
20	62374389	rs1058319	20	62356627	rs6011058	0.231988
20	62374389	rs1058319	20	62357116	rs71197427	0.280398
20	62374389	rs1058319	20	62357330	rs6062507	0.0934737
20	62374389	rs1058319	20	62357471	rs34251386	0.406106
20	62374389	rs1058319	20	62357866	rs538887674	0.24254
20	62374389	rs1058319	20	62359015	rs113438431	0.103515
20	62374389	rs1058319	20	62359345	rs6122154	0.406106
20	62374389	rs1058319	20	62359564	rs2427529	0.406106
20	62374389	rs1058319	20	62361737	rs2427530	0.406106
20	62374389	rs1058319	20	62362116	rs2427531	0.391451
20	62374389	rs1058319	20	62362563	rs6062509	0.239073
20	62374389	rs1058319	20	62362834	rs71325463	0.391451
20	62374389	rs1058319	20	62362850	rs112756706	0.39605
20	62374389	rs1058319	20	62362954	rs6122157	0.40402
20	62374389	rs1058319	20	62363020	rs534164653;rs536484105	0.406106
20	62374389	rs1058319	20	62363096	rs6122158	0.391451
20	62374389	rs1058319	20	62363453	rs71325464	0.406106
20	62374389	rs1058319	20	62363487	rs67616625	0.406106
20	62374389	rs1058319	20	62363573	rs148551880	0.406106
20	62374389	rs1058319	20	62363587	rs112111529	0.406106
20	62374389	rs1058319	20	62363640	rs72448466	0.240727
20	62374389	rs1058319	20	62363817	rs2427532	0.406106
20	62374389	rs1058319	20	62363858	rs55791529	0.240727
20	62374389	rs1058319	20	62363869	rs55946717	0.240727
20	62374389	rs1058319	20	62364034	rs11472432	0.118469
20	62374389	rs1058319	20	62364164	rs146710035	0.406106
20	62374389	rs1058319	20	62364180	rs6011066	0.240727
20	62374389	rs1058319	20	62365556	rs1151622	0.406106
20	62374389	rs1058319	20	62365866	rs2427533;rs59415374	0.404343
20	62374389	rs1058319	20	62366478	rs2427534	0.403156
20	62374389	rs1058319	20	62368539	rs1275330	0.406106
20	62374389	rs1058319	20	62368606	rs1151623	0.405297
20	62374389	rs1058319	20	62368804	rs2236510	0.406106
20	62374389	rs1058319	20	62369300	rs914559	0.391451
20	62374389	rs1058319	20	62369426	rs150938918	0.218728
20	62374389	rs1058319	20	62369895	rs1151624	0.406106
20	62374389	rs1058319	20	62370349	rs1056441	0.233461
20	62374389	rs1058319	20	62370732	rs6122159	0.38854
20	62374389	rs1058319	20	62372041	rs1741708	0.391451
20	62374389	rs1058319	20	62372148	rs6062510	0.240727
20	62374389	rs1058319	20	62372706	rs4809221	0.235113
20	62374389	rs1058319	20	62372956	rs2253823	0.406106
20	62374389	rs1058319	20	62373079	rs2253829	0.406106
20	62374389	rs1058319	20	62373707	rs8957	0.275624
20	62374389	rs1058319	20	62373983	rs2256814	0.443662
20	62374389	rs1058319	20	62374389	rs1058319	1
20	62374389	rs1058319	20	62376227	rs2427537	0.104231
20	62374389	rs1058319	20	62376939	rs2296763	0.246671
20	62374389	rs1058319	20	62378954	rs73622886	0.408969
20	62374389	rs1058319	20	62379339	rs73622887	0.39277
20	62374389	rs1058319	20	62379445	rs73625081;rs202191527	0.405265
20	62374389	rs1058319	20	62379748	rs12053646	0.405265
20	62374389	rs1058319	20	62379853	rs2315647	0.092377
20	62374389	rs1058319	20	62379990	rs1887406	0.401602
20	62374389	rs1058319	20	62380516	rs932826	0.0949029
20	62374389	rs1058319	20	62380607	rs113535639	0.202465
20	62374389	rs1058319	20	62381979	rs6089970	0.336377
20	62374389	rs1058319	20	62384309	rs2281926	0.326656
20	62374389	rs1058319	20	62384972	rs4809334	0.342255
20	62374389	rs1058319	20	62385446	rs13041528	0.342255
20	62374389	rs1058319	20	62385541	rs12481497	0.342255
20	62374389	rs1058319	20	62385846	rs6089971	0.342255
20	62374389	rs1058319	20	62387061	rs533020748;rs147544793	0.3483
20	62374389	rs1058319	20	62387417	rs11696871	0.342255
20	62374389	rs1058319	20	62395721	rs6512287	0.324996
20	62374389	rs1058319	20	62396033	rs111640556	0.103515
20	62374389	rs1058319	20	62396397	rs144067174	0.324996
20	62374389	rs1058319	20	62397078	rs11472945	0.324996
20	62374389	rs1058319	20	62397558	rs549966838	0.193235
20	62374389	rs1058319	20	62398825	rs6011097	0.324996
20	62374389	rs1058319	20	62398935	rs6011098	0.324996
20	62374389	rs1058319	20	62399641	rs2315654	0.324996
20	62374389	rs1058319	20	62400021	rs6010648	0.311389
20	62374389	rs1058319	20	62401711	rs6089983	0.0960988
20	62374389	rs1058319	20	62401714	rs71869591	0.0937157
20	62374389	rs1058319	20	62401720	rs80149857	0.0937157
