CHR_A	BP_A	SNP_A	CHR_B	BP_B	SNP_B	R2
22	40452119	rs9623117	22	40703888	rs139910	0.350248
22	40452119	rs9623117	22	40710037	rs141321517	0.0940431
22	40452119	rs9623117	22	40712637	rs6001877	0.099077
22	40452119	rs9623117	22	40721062	rs139916	0.350248
22	40452119	rs9623117	22	40725023	rs10707775	0.361849
22	40452119	rs9623117	22	40728545	rs10595950	0.28849
22	40452119	rs9623117	22	40731134	rs11703324	0.0982287
22	40452119	rs9623117	22	40740075	rs11705061	0.11348
22	40452119	rs9623117	22	40797933	rs11704314	0.261537
22	40452119	rs9623117	22	40811146	rs78445741	0.157658
22	40452119	rs9623117	22	40814500	rs878756	0.0933395
22	40452119	rs9623117	22	40833842	rs76747430	0.155681
22	40452119	rs9623117	22	40845131	rs7284704	0.172077
22	40452119	rs9623117	22	40855276	rs78943580	0.166832
22	40452119	rs9623117	22	40872654	rs75817276	0.166575
22	40797933	rs11704314	22	40703888	rs139910	0.40012
22	40797933	rs11704314	22	40704052	rs139911	0.130674
22	40797933	rs11704314	22	40710037	rs141321517	0.28654
22	40797933	rs11704314	22	40713861	rs139913	0.126799
22	40797933	rs11704314	22	40715303	rs139914	0.125288
22	40797933	rs11704314	22	40720963	rs139915	0.12081
22	40797933	rs11704314	22	40721062	rs139916	0.392404
22	40797933	rs11704314	22	40725023	rs10707775	0.430215
22	40797933	rs11704314	22	40726749	rs139920	0.222508
22	40797933	rs11704314	22	40726762	rs139921	0.225378
22	40797933	rs11704314	22	40728545	rs10595950	0.946799
22	40797933	rs11704314	22	40731134	rs11703324	0.334478
22	40797933	rs11704314	22	40740075	rs11705061	0.422627
22	40797933	rs11704314	22	40764941	rs75437643	0.0944637
22	40797933	rs11704314	22	40771670	rs556585845	0.418243
22	40797933	rs11704314	22	40797933	rs11704314	1
22	40797933	rs11704314	22	40803186	rs2018393	0.211476
22	40797933	rs11704314	22	40811146	rs78445741	0.269369
22	40797933	rs11704314	22	40811501	rs191016613	0.0921217
22	40797933	rs11704314	22	40814500	rs878756	0.286739
22	40797933	rs11704314	22	40814636	rs4821944	0.238218
22	40797933	rs11704314	22	40816749	rs2072856	0.18939
22	40797933	rs11704314	22	40828375	rs8139974	0.154814
22	40797933	rs11704314	22	40828691	rs71199286	0.101238
22	40797933	rs11704314	22	40831256	rs75075962	0.110801
22	40797933	rs11704314	22	40833762	rs34503826	0.18181
22	40797933	rs11704314	22	40833842	rs76747430	0.463458
22	40797933	rs11704314	22	40836024	rs35592496	0.187742
22	40797933	rs11704314	22	40845131	rs7284704	0.494614
22	40797933	rs11704314	22	40847102	rs77521957	0.234822
22	40797933	rs11704314	22	40849704	rs4507196	0.0972055
22	40797933	rs11704314	22	40855276	rs78943580	0.492486
22	40797933	rs11704314	22	40859004	rs8135759	0.15066
22	40797933	rs11704314	22	40862971	rs140238806	0.137776
22	40797933	rs11704314	22	40865417	rs5995863	0.0927704
22	40797933	rs11704314	22	40872654	rs75817276	0.490692
22	40797933	rs11704314	22	40876813	rs190124777	0.101884
22	40797933	rs11704314	22	40876822	rs185645965	0.101884
22	40797933	rs11704314	22	40876833	rs542242600	0.108866
22	40797933	rs11704314	22	40876834	rs188107884	0.108866
22	40797933	rs11704314	22	40876838	rs180869192	0.108866
22	40797933	rs11704314	22	40881793	rs139062	0.0972383
22	40797933	rs11704314	22	40885186	rs139063	0.0965506
22	40797933	rs11704314	22	40885955	rs5750946	0.0914619
22	40797933	rs11704314	22	40886557	rs139064	0.156982
22	40797933	rs11704314	22	40896670	rs139065	0.100908
