CHR_A	BP_A	SNP_A	CHR_B	BP_B	SNP_B	R2
2	85767735	rs2028900	2	85689845	rs72838574	0.110994
2	85767735	rs2028900	2	85692999	rs11695848	0.243334
2	85767735	rs2028900	2	85693889	rs72838575	0.218361
2	85767735	rs2028900	2	85694333	rs368675943	0.27728
2	85767735	rs2028900	2	85695458	rs35619560	0.288338
2	85767735	rs2028900	2	85696280	rs76792713	0.193745
2	85767735	rs2028900	2	85696551	rs12616455	0.115278
2	85767735	rs2028900	2	85697165	rs35311250	0.289897
2	85767735	rs2028900	2	85699750	rs7577642	0.126789
2	85767735	rs2028900	2	85700469	rs10196372	0.304064
2	85767735	rs2028900	2	85700924	rs960066	0.225933
2	85767735	rs2028900	2	85701392	rs4268923	0.32958
2	85767735	rs2028900	2	85701425	rs4286278	0.128276
2	85767735	rs2028900	2	85701849	rs7585235	0.294006
2	85767735	rs2028900	2	85702020	rs7585678	0.330362
2	85767735	rs2028900	2	85702382	rs13017730	0.128363
2	85767735	rs2028900	2	85702983	rs1867881	0.128363
2	85767735	rs2028900	2	85704113	rs1470500	0.128276
2	85767735	rs2028900	2	85706407	rs72838581	0.190971
2	85767735	rs2028900	2	85707654	rs11680227	0.273308
2	85767735	rs2028900	2	85709069	rs35700171	0.102774
2	85767735	rs2028900	2	85709551	rs11126994	0.192641
2	85767735	rs2028900	2	85710226	rs11673725	0.192641
2	85767735	rs2028900	2	85710427	rs11673745	0.192641
2	85767735	rs2028900	2	85712271	rs371288339;rs71390071;rs71390071	0.182361
2	85767735	rs2028900	2	85713040	rs72838587	0.147287
2	85767735	rs2028900	2	85713565	rs11678662	0.102774
2	85767735	rs2028900	2	85714456	rs377120115	0.122221
2	85767735	rs2028900	2	85714528	rs11694208	0.123755
2	85767735	rs2028900	2	85714670	rs7594059	0.182804
2	85767735	rs2028900	2	85714745	rs59925060	0.25692
2	85767735	rs2028900	2	85715092	rs7558180	0.201173
2	85767735	rs2028900	2	85715093	rs530115670	0.116537
2	85767735	rs2028900	2	85715106	rs7558184	0.201173
2	85767735	rs2028900	2	85715315	rs139082193	0.2967
2	85767735	rs2028900	2	85715577	rs192668754	0.102774
2	85767735	rs2028900	2	85716457	rs142873525	0.128958
2	85767735	rs2028900	2	85719185	rs78197231	0.128489
2	85767735	rs2028900	2	85719371	rs143371579	0.130602
2	85767735	rs2028900	2	85720803	rs112147438	0.2967
2	85767735	rs2028900	2	85721246	rs7593195	0.2967
2	85767735	rs2028900	2	85722672	rs138389495	0.267012
2	85767735	rs2028900	2	85723006	rs72844410	0.301685
2	85767735	rs2028900	2	85723742	rs4331503	0.0907922
2	85767735	rs2028900	2	85723859	rs72844411	0.256607
2	85767735	rs2028900	2	85724009	rs72844412	0.25434
2	85767735	rs2028900	2	85724103	rs72844414	0.25692
2	85767735	rs2028900	2	85724993	rs12165189	0.0907922
2	85767735	rs2028900	2	85724995	rs12165190	0.0907922
2	85767735	rs2028900	2	85725195	rs36117311	0.199329
2	85767735	rs2028900	2	85725354	rs56015515	0.30194
2	85767735	rs2028900	2	85726720	rs7566408	0.199329
2	85767735	rs2028900	2	85728580	rs73943229	0.0907922
2	85767735	rs2028900	2	85728695	rs72844419	0.30194
2	85767735	rs2028900	2	85729520	rs72844420	0.30194
2	85767735	rs2028900	2	85729852	rs540930120	0.173168
2	85767735	rs2028900	2	85730617	rs35300715	0.093885
2	85767735	rs2028900	2	85730641	rs10779966	0.115202
2	85767735	rs2028900	2	85731858	rs6750610	0.220561
2	85767735	rs2028900	2	85732718	rs71411829	0.0965234
2	85767735	rs2028900	2	85736051	rs143743883	0.607283
2	85767735	rs2028900	2	85736386	rs111680529	0.316482
2	85767735	rs2028900	2	85736693	rs55868816	0.607687
2	85767735	rs2028900	2	85737059	rs62164837	0.404972
2	85767735	rs2028900	2	85737304	rs2166531	0.26515
2	85767735	rs2028900	2	85737362	rs2166530	0.58362
2	85767735	rs2028900	2	85737509	rs6738009	0.861823
2	85767735	rs2028900	2	85737604	rs6709288	0.861823
2	85767735	rs2028900	2	85737608	rs371073926	0.301584
2	85767735	rs2028900	2	85737719	rs13422558	0.221739
2	85767735	rs2028900	2	85737960	rs6738514	0.18839
2	85767735	rs2028900	2	85737997	rs7587923	0.313535
2	85767735	rs2028900	2	85738010	rs140242727	0.321366
2	85767735	rs2028900	2	85738374	rs7591175	0.864986
2	85767735	rs2028900	2	85738878	rs2044476	0.311029
2	85767735	rs2028900	2	85738944	rs2044475	0.321366
2	85767735	rs2028900	2	85739185	rs35410476	0.231388
2	85767735	rs2028900	2	85739327	rs34488525	0.190252
2	85767735	rs2028900	2	85739371	rs71390075	0.232071
2	85767735	rs2028900	2	85739892	rs9751361	0.190252
2	85767735	rs2028900	2	85739984	rs9751370	0.208693
2	85767735	rs2028900	2	85741126	rs35850123	0.697526
2	85767735	rs2028900	2	85741372	rs13411109	0.6846
2	85767735	rs2028900	2	85741517	rs570309701	0.14748
2	85767735	rs2028900	2	85741523	rs35513818	0.154752
2	85767735	rs2028900	2	85741613	rs12994163	0.154752
2	85767735	rs2028900	2	85742175	rs2166529	0.868994
2	85767735	rs2028900	2	85742297	rs2886722	0.746692
2	85767735	rs2028900	2	85742616	rs7579665	0.319311
2	85767735	rs2028900	2	85743260	rs12714142	0.154752
2	85767735	rs2028900	2	85743336	rs10174551	0.153623
2	85767735	rs2028900	2	85743357	rs10198001	0.116563
2	85767735	rs2028900	2	85744485	rs10172793	0.169367
2	85767735	rs2028900	2	85744885	rs12714143	0.13088
2	85767735	rs2028900	2	85746568	rs10190585	0.13088
2	85767735	rs2028900	2	85746699	rs10167018	0.199521
2	85767735	rs2028900	2	85747371	rs10496316	0.13088
2	85767735	rs2028900	2	85747747	rs529200031	0.193435
2	85767735	rs2028900	2	85747965	rs28404046	0.322505
2	85767735	rs2028900	2	85748569	rs535193211	0.137542
2	85767735	rs2028900	2	85748719	rs17735885	0.169367
2	85767735	rs2028900	2	85749918	rs28398892	0.169367
2	85767735	rs2028900	2	85750016	rs28810460	0.169367
2	85767735	rs2028900	2	85750407	rs28479378	0.169367
2	85767735	rs2028900	2	85750853	rs6727614	0.169367
2	85767735	rs2028900	2	85752474	rs60012532	0.375864
2	85767735	rs2028900	2	85752584	rs13406611	0.174847
2	85767735	rs2028900	2	85752707	rs13431962	0.176064
2	85767735	rs2028900	2	85753464	rs201955338	0.176691
2	85767735	rs2028900	2	85753465	rs113180696	0.381888
2	85767735	rs2028900	2	85753553	rs11895341	0.380196
2	85767735	rs2028900	2	85753806	rs11895399	0.380196
2	85767735	rs2028900	2	85753847	rs11895401	0.380196
2	85767735	rs2028900	2	85753888	rs34824628	0.176064
2	85767735	rs2028900	2	85754342	rs13394343	0.734735
2	85767735	rs2028900	2	85754450	rs6735152	0.734735
2	85767735	rs2028900	2	85754563	rs6721924	0.734735
2	85767735	rs2028900	2	85754578	rs12714144	0.174847
2	85767735	rs2028900	2	85755139	rs56819945	0.439511
2	85767735	rs2028900	2	85755357	rs6739015	0.734735
2	85767735	rs2028900	2	85755928	rs6547620	0.734735
2	85767735	rs2028900	2	85756375	rs6714709	0.734735
2	85767735	rs2028900	2	85757045	rs560187032	0.640767
2	85767735	rs2028900	2	85757066	rs146094769	0.380196
2	85767735	rs2028900	2	85757371	rs6719046	0.734735
2	85767735	rs2028900	2	85757379	rs6733913	0.734735
2	85767735	rs2028900	2	85757616	rs28800839	0.176064
2	85767735	rs2028900	2	85758015	rs6747828	0.734735
2	85767735	rs2028900	2	85758090	rs6750832	0.734735
2	85767735	rs2028900	2	85758144	rs6750847	0.734735
2	85767735	rs2028900	2	85758299	rs13408713	0.176064
2	85767735	rs2028900	2	85758352	rs6722691	0.380196
2	85767735	rs2028900	2	85758790	rs2044474	0.734735
2	85767735	rs2028900	2	85758970	rs566521502	0.545504
2	85767735	rs2028900	2	85759127	rs17026396	0.734735
2	85767735	rs2028900	2	85759494	rs59877521	0.734735
2	85767735	rs2028900	2	85759590	rs70953953	0.684975
2	85767735	rs2028900	2	85760395	rs6731005	0.919352
2	85767735	rs2028900	2	85760991	rs6731700	0.439511
2	85767735	rs2028900	2	85761279	rs6705839	0.915096
2	85767735	rs2028900	2	85761417	rs6705971	0.919352
2	85767735	rs2028900	2	85761654	rs10175792	0.919352
2	85767735	rs2028900	2	85762048	rs10176176	0.835078
2	85767735	rs2028900	2	85762209	rs1446669	0.380196
2	85767735	rs2028900	2	85762675	rs10202828	0.176064
2	85767735	rs2028900	2	85762761	rs10179195	0.919352
2	85767735	rs2028900	2	85763274	rs6714157	0.919352
2	85767735	rs2028900	2	85763301	rs1254895	0.0970703
2	85767735	rs2028900	2	85763520	rs6743030	0.919352
2	85767735	rs2028900	2	85764006	rs3755014	0.919352
2	85767735	rs2028900	2	85764041	rs3755015	0.919352
2	85767735	rs2028900	2	85764960	rs1446668	0.919352
2	85767735	rs2028900	2	85764966	rs1048740	0.439511
2	85767735	rs2028900	2	85764968	rs1048739	0.439511
2	85767735	rs2028900	2	85765205	rs6729475	0.327508
2	85767735	rs2028900	2	85765439	rs4258795	0.330839
2	85767735	rs2028900	2	85765441	rs1446667	0.452904
2	85767735	rs2028900	2	85766545	rs2289972	0.452077
2	85767735	rs2028900	2	85767735	rs2028900	1
2	85767735	rs2028900	2	85767866	rs11675092	0.119871
2	85767735	rs2028900	2	85769711	rs1078004	0.929564
2	85767735	rs2028900	2	85769975	rs2043675	0.447064
2	85767735	rs2028900	2	85772548	rs7605975	0.925347
2	85767735	rs2028900	2	85772628	rs62165899	0.176064
2	85767735	rs2028900	2	85773061	rs12473819	0.929564
2	85767735	rs2028900	2	85773609	rs71390078	0.176064
2	85767735	rs2028900	2	85773654	rs565245309	0.933216
2	85767735	rs2028900	2	85773659	rs35416445	0.452077
2	85767735	rs2028900	2	85774010	rs34669893	0.176064
2	85767735	rs2028900	2	85774676	rs6547621	0.933216
2	85767735	rs2028900	2	85776008	rs13406935	0.176064
2	85767735	rs2028900	2	85776490	rs5832649	0.925347
2	85767735	rs2028900	2	85777270	rs2028898	0.447064
2	85767735	rs2028900	2	85777633	rs11676382	0.120935
2	85767735	rs2028900	2	85780107	rs10179904	0.176064
2	85767735	rs2028900	2	85780131	rs2592551	0.452077
2	85767735	rs2028900	2	85780536	rs699664	0.621118
2	85767735	rs2028900	2	85781577	rs112936952	0.726495
2	85767735	rs2028900	2	85781768	rs10196357	0.176064
2	85767735	rs2028900	2	85782023	rs762684	0.452077
2	85767735	rs2028900	2	85783128	rs6738645	0.933216
2	85767735	rs2028900	2	85783150	rs78831337	0.335688
2	85767735	rs2028900	2	85786556	rs1254897	0.414899
2	85767735	rs2028900	2	85786842	rs61544460	0.390763
2	85767735	rs2028900	2	85787123	rs67988001	0.452077
2	85767735	rs2028900	2	85787341	rs12714145	0.808245
2	85767735	rs2028900	2	85788140	rs1254898	0.414899
2	85767735	rs2028900	2	85788175	rs7568458	0.876143
2	85767735	rs2028900	2	85788270	rs10172544	0.808245
2	85767735	rs2028900	2	85788401	rs11350741	0.788401
2	85767735	rs2028900	2	85788402	rs55829881	0.358344
2	85767735	rs2028900	2	85788738	rs115669754	0.335688
2	85767735	rs2028900	2	85790165	rs11890182	0.335688
2	85767735	rs2028900	2	85790316	rs35565292	0.735669
2	85767735	rs2028900	2	85791852	rs12714146	0.170519
2	85767735	rs2028900	2	85792384	rs35215812	0.749549
2	85767735	rs2028900	2	85792404	rs55692129	0.452077
2	85767735	rs2028900	2	85792408	rs11126995	0.442912
2	85767735	rs2028900	2	85792487	rs139775513	0.176064
2	85767735	rs2028900	2	85792936	rs62165905	0.176064
2	85767735	rs2028900	2	85793562	rs13409377	0.176064
2	85767735	rs2028900	2	85793758	rs71390080	0.889525
2	85767735	rs2028900	2	85793839	rs71390081	0.176064
2	85767735	rs2028900	2	85794114	rs10187218	0.176064
2	85767735	rs2028900	2	85794297	rs10187424	0.749549
2	85767735	rs2028900	2	85794415	rs10198569	0.749549
2	85767735	rs2028900	2	85794634	rs10198761	0.176064
2	85767735	rs2028900	2	85795456	rs17430670	0.176064
2	85767735	rs2028900	2	85795993	rs34212016	0.176064
2	85767735	rs2028900	2	85796101	rs11891260	0.878555
2	85767735	rs2028900	2	85796407	rs142825030	0.316361
2	85767735	rs2028900	2	85796788	rs28564788	0.176064
2	85767735	rs2028900	2	85796961	rs532988600	0.775041
2	85767735	rs2028900	2	85797665	rs13429968	0.176064
2	85767735	rs2028900	2	85798715	rs539482903	0.478066
2	85767735	rs2028900	2	85798858	rs2121397	0.176064
2	85767735	rs2028900	2	85799776	rs17508727	0.176064
2	85767735	rs2028900	2	85800265	rs13000511	0.176064
2	85767735	rs2028900	2	85801084	rs202232673	0.176064
2	85767735	rs2028900	2	85801108	rs62165906	0.121944
2	85767735	rs2028900	2	85801137	rs62165907	0.176064
2	85767735	rs2028900	2	85801655	rs35984455	0.341414
2	85767735	rs2028900	2	85801837	rs13432584	0.176064
2	85767735	rs2028900	2	85801902	rs6547622	0.427067
2	85767735	rs2028900	2	85801964	rs6547623	0.368688
2	85767735	rs2028900	2	85802012	rs34565621	0.179827
2	85767735	rs2028900	2	85802134	rs6547624	0.72784
2	85767735	rs2028900	2	85802294	rs34214220	0.17545
2	85767735	rs2028900	2	85802660	rs56359002	0.169937
2	85767735	rs2028900	2	85802754	rs55892665	0.17545
2	85767735	rs2028900	2	85803242	rs13425821	0.17545
2	85767735	rs2028900	2	85803398	rs13426038	0.17545
2	85767735	rs2028900	2	85803542	rs6757263	0.730543
2	85767735	rs2028900	2	85803897	rs3755008	0.427067
2	85767735	rs2028900	2	85804096	rs10166612	0.17545
2	85767735	rs2028900	2	85805367	rs3770098	0.713603
2	85767735	rs2028900	2	85805654	rs7579147	0.416346
2	85767735	rs2028900	2	85806068	rs3731827	0.713603
2	85767735	rs2028900	2	85806266	rs3731828	0.416346
2	85767735	rs2028900	2	85807079	rs368912301	0.822749
2	85767735	rs2028900	2	85807610	rs13421434	0.176064
2	85767735	rs2028900	2	85807782	rs552142973	0.134616
2	85767735	rs2028900	2	85808087	rs72843861	0.0958756
2	85767735	rs2028900	2	85808573	rs1972297	0.713603
2	85767735	rs2028900	2	85808594	rs11326680	0.390833
2	85767735	rs2028900	2	85808737	rs1009	0.713603
2	85767735	rs2028900	2	85808871	rs1058588	0.713603
2	85767735	rs2028900	2	85808982	rs1010	0.713603
2	85767735	rs2028900	2	85809670	rs7593969	0.417019
2	85767735	rs2028900	2	85809703	rs7608074	0.417019
2	85767735	rs2028900	2	85809711	rs1562323	0.713603
2	85767735	rs2028900	2	85809955	rs2366639	0.713603
2	85767735	rs2028900	2	85809989	rs1561198	0.853115
2	85767735	rs2028900	2	85810734	rs2366640	0.460506
2	85767735	rs2028900	2	85811229	rs1254901	0.344406
2	85767735	rs2028900	2	85811592	rs11311	0.135114
2	85767735	rs2028900	2	85812074	rs13387999	0.135027
2	85767735	rs2028900	2	85812746	rs55971080	0.835648
2	85767735	rs2028900	2	85812784	rs62166769	0.540178
2	85767735	rs2028900	2	85813703	rs557767223;rs557767223;rs375299480	0.232725
2	85767735	rs2028900	2	85813834	rs12714147	0.17016
2	85767735	rs2028900	2	85814384	rs200779045	0.240938
2	85767735	rs2028900	2	85814984	rs10206961	0.668975
2	85767735	rs2028900	2	85815651	rs13431159	0.205678
2	85767735	rs2028900	2	85815954	rs13394092	0.166278
2	85767735	rs2028900	2	85816334	rs1254900	0.232387
2	85767735	rs2028900	2	85817167	rs35776719	0.187067
2	85767735	rs2028900	2	85818273	rs1374370	0.425538
2	85767735	rs2028900	2	85818488	rs719023	0.378381
2	85767735	rs2028900	2	85818797	rs2289976	0.426085
2	85767735	rs2028900	2	85818886	rs14976	0.425538
2	85767735	rs2028900	2	85820027	rs72843872	0.427207
2	85767735	rs2028900	2	85820301	rs1049363	0.154153
2	85767735	rs2028900	2	85821714	rs11688233	0.0950392
2	85767735	rs2028900	2	85823476	rs34772095	0.148882
2	85767735	rs2028900	2	85824039	rs1127974	0.135576
2	85767735	rs2028900	2	85824084	rs2232748	0.350608
2	85767735	rs2028900	2	85826132	rs1044158	0.332513
2	85767735	rs2028900	2	85826721	rs11891495	0.315785
2	85767735	rs2028900	2	85828014	rs6733550	0.331571
2	85767735	rs2028900	2	85834641	rs62166770	0.318127
2	85767735	rs2028900	2	85840085	rs374731788	0.32971
2	85767735	rs2028900	2	85842102	rs201996194	0.264438
2	85767735	rs2028900	2	85843881	rs6732858	0.119328
2	85767735	rs2028900	2	85845081	rs540399227	0.118678
2	85767735	rs2028900	2	85847085	rs9678632	0.334373
2	85767735	rs2028900	2	85852085	rs535281376	0.155359
2	85767735	rs2028900	2	85852143	rs7569073	0.119328
2	85767735	rs2028900	2	85853463	rs62166774	0.334373
2	85767735	rs2028900	2	85854015	rs12463933	0.28968
2	85767735	rs2028900	2	85854476	rs13406807	0.334373
2	85767735	rs2028900	2	85857175	rs71411832	0.114497
2	85767735	rs2028900	2	85859571	rs563930839	0.262474
2	85767735	rs2028900	2	85860228	rs6547629	0.334373
2	85767735	rs2028900	2	85860999	rs7594258	0.334373
2	85767735	rs2028900	2	85861325	rs115235685	0.119328
2	85767735	rs2028900	2	85863116	rs564795437	0.115447
2	85767735	rs2028900	2	85863120	rs546644168	0.115447
2	85767735	rs2028900	2	85863121	rs528489334	0.115447
2	85767735	rs2028900	2	85863394	rs4416212	0.124771
2	85767735	rs2028900	2	85864710	rs34623563	0.318127
2	85767735	rs2028900	2	85865440	rs62166779	0.318127
2	85767735	rs2028900	2	85867727	rs148399817	0.181851
2	85767735	rs2028900	2	85869140	rs72314269	0.289013
2	85767735	rs2028900	2	85869770	rs17508809	0.119328
2	85767735	rs2028900	2	85870214	rs13009914	0.318127
2	85767735	rs2028900	2	85870771	rs144822753	0.318863
2	85767735	rs2028900	2	85874044	rs58588820	0.334373
2	85767735	rs2028900	2	85874845	rs17508843	0.312632
2	85767735	rs2028900	2	85876224	rs3832098	0.323506
2	85767735	rs2028900	2	85878158	rs7607208	0.289013
2	85767735	rs2028900	2	85878728	rs146785578	0.138268
2	85767735	rs2028900	2	85879037	rs11887442	0.318127
2	85767735	rs2028900	2	85879041	rs11887443	0.318127
2	85767735	rs2028900	2	85879630	rs560172580	0.120965
2	85767735	rs2028900	2	85880126	rs549235529	0.104985
2	85767735	rs2028900	2	85882919	rs56192500	0.318127
2	85767735	rs2028900	2	85886667	rs9752	0.331584
2	85767735	rs2028900	2	85889525	rs2040349	0.328463
2	85767735	rs2028900	2	85890293	rs2118177	0.328463
2	85767735	rs2028900	2	85890758	rs2304566	0.317392
2	85767735	rs2028900	2	85893292	rs371492586	0.0993192
2	85794297	rs10187424	2	85689845	rs72838574	0.140241
2	85794297	rs10187424	2	85692999	rs11695848	0.367824
2	85794297	rs10187424	2	85693889	rs72838575	0.264165
2	85794297	rs10187424	2	85694333	rs368675943	0.385423
2	85794297	rs10187424	2	85695458	rs35619560	0.418386
2	85794297	rs10187424	2	85696280	rs76792713	0.18295
2	85794297	rs10187424	2	85696551	rs12616455	0.183937
2	85794297	rs10187424	2	85697165	rs35311250	0.421236
2	85794297	rs10187424	2	85699750	rs7577642	0.200329
2	85794297	rs10187424	2	85700469	rs10196372	0.435257
2	85794297	rs10187424	2	85700924	rs960066	0.273031
2	85794297	rs10187424	2	85701392	rs4268923	0.391072
2	85794297	rs10187424	2	85701425	rs4286278	0.199025
2	85794297	rs10187424	2	85701849	rs7585235	0.424291
2	85794297	rs10187424	2	85702020	rs7585678	0.392313
2	85794297	rs10187424	2	85702382	rs13017730	0.199368
2	85794297	rs10187424	2	85702983	rs1867881	0.199368
2	85794297	rs10187424	2	85704113	rs1470500	0.199025
2	85794297	rs10187424	2	85706407	rs72838581	0.239926
2	85794297	rs10187424	2	85707654	rs11680227	0.406561
2	85794297	rs10187424	2	85709551	rs11126994	0.160778
2	85794297	rs10187424	2	85710226	rs11673725	0.160778
2	85794297	rs10187424	2	85710427	rs11673745	0.160778
2	85794297	rs10187424	2	85712271	rs371288339;rs71390071;rs71390071	0.156865
2	85794297	rs10187424	2	85713040	rs72838587	0.19108
2	85794297	rs10187424	2	85714670	rs7594059	0.153822
2	85794297	rs10187424	2	85714745	rs59925060	0.396405
2	85794297	rs10187424	2	85715092	rs7558180	0.167946
2	85794297	rs10187424	2	85715106	rs7558184	0.167946
2	85794297	rs10187424	2	85715315	rs139082193	0.361172
2	85794297	rs10187424	2	85719537	rs200879364	0.126686
2	85794297	rs10187424	2	85720803	rs112147438	0.361172
2	85794297	rs10187424	2	85721246	rs7593195	0.361172
2	85794297	rs10187424	2	85722672	rs138389495	0.35809
2	85794297	rs10187424	2	85723006	rs72844410	0.366683
2	85794297	rs10187424	2	85723859	rs72844411	0.39563
2	85794297	rs10187424	2	85724009	rs72844412	0.392424
2	85794297	rs10187424	2	85724103	rs72844414	0.396405
2	85794297	rs10187424	2	85725195	rs36117311	0.16717
2	85794297	rs10187424	2	85725354	rs56015515	0.367318
2	85794297	rs10187424	2	85726720	rs7566408	0.16717
2	85794297	rs10187424	2	85728695	rs72844419	0.367318
2	85794297	rs10187424	2	85729520	rs72844420	0.367318
2	85794297	rs10187424	2	85729852	rs540930120	0.140909
2	85794297	rs10187424	2	85730617	rs35300715	0.090224
2	85794297	rs10187424	2	85730641	rs10779966	0.100646
2	85794297	rs10187424	2	85731858	rs6750610	0.278859
2	85794297	rs10187424	2	85732718	rs71411829	0.0918195
2	85794297	rs10187424	2	85736051	rs143743883	0.397956
2	85794297	rs10187424	2	85736386	rs111680529	0.379521
2	85794297	rs10187424	2	85736693	rs55868816	0.397098
2	85794297	rs10187424	2	85737059	rs62164837	0.341766
2	85794297	rs10187424	2	85737304	rs2166531	0.353026
2	85794297	rs10187424	2	85737362	rs2166530	0.658474
2	85794297	rs10187424	2	85737509	rs6738009	0.741233
2	85794297	rs10187424	2	85737604	rs6709288	0.741233
2	85794297	rs10187424	2	85737608	rs371073926	0.139373
2	85794297	rs10187424	2	85737960	rs6738514	0.279844
2	85794297	rs10187424	2	85737997	rs7587923	0.126947
2	85794297	rs10187424	2	85738010	rs140242727	0.384515
2	85794297	rs10187424	2	85738374	rs7591175	0.743496
2	85794297	rs10187424	2	85738878	rs2044476	0.377371
2	85794297	rs10187424	2	85738944	rs2044475	0.384515
2	85794297	rs10187424	2	85739185	rs35410476	0.252709
2	85794297	rs10187424	2	85739205	rs539796800	0.0981312
2	85794297	rs10187424	2	85739327	rs34488525	0.281752
2	85794297	rs10187424	2	85739371	rs71390075	0.252516
2	85794297	rs10187424	2	85739892	rs9751361	0.281752
2	85794297	rs10187424	2	85739984	rs9751370	0.185669
2	85794297	rs10187424	2	85741126	rs35850123	0.915074
2	85794297	rs10187424	2	85741372	rs13411109	0.895944
2	85794297	rs10187424	2	85741517	rs570309701	0.172098
2	85794297	rs10187424	2	85741523	rs35513818	0.154883
2	85794297	rs10187424	2	85741613	rs12994163	0.154883
2	85794297	rs10187424	2	85742175	rs2166529	0.741525
2	85794297	rs10187424	2	85742297	rs2886722	0.85775
2	85794297	rs10187424	2	85742616	rs7579665	0.38224
2	85794297	rs10187424	2	85743260	rs12714142	0.154883
2	85794297	rs10187424	2	85743336	rs10174551	0.154354
2	85794297	rs10187424	2	85743357	rs10198001	0.184251
2	85794297	rs10187424	2	85744485	rs10172793	0.172041
2	85794297	rs10187424	2	85744885	rs12714143	0.20321
2	85794297	rs10187424	2	85746568	rs10190585	0.20321
2	85794297	rs10187424	2	85747371	rs10496316	0.20321
2	85794297	rs10187424	2	85747747	rs529200031	0.168189
2	85794297	rs10187424	2	85747965	rs28404046	0.385722
2	85794297	rs10187424	2	85748569	rs535193211	0.135741
2	85794297	rs10187424	2	85748719	rs17735885	0.172041
2	85794297	rs10187424	2	85749918	rs28398892	0.172041
2	85794297	rs10187424	2	85750016	rs28810460	0.172041
2	85794297	rs10187424	2	85750407	rs28479378	0.172041
2	85794297	rs10187424	2	85750853	rs6727614	0.172041
2	85794297	rs10187424	2	85752474	rs60012532	0.571188
2	85794297	rs10187424	2	85752584	rs13406611	0.177264
2	85794297	rs10187424	2	85752707	rs13431962	0.17786
2	85794297	rs10187424	2	85753464	rs201955338	0.178174
2	85794297	rs10187424	2	85753465	rs113180696	0.579202
2	85794297	rs10187424	2	85753553	rs11895341	0.575967
2	85794297	rs10187424	2	85753806	rs11895399	0.575967
2	85794297	rs10187424	2	85753847	rs11895401	0.575967
2	85794297	rs10187424	2	85753888	rs34824628	0.17786
2	85794297	rs10187424	2	85754342	rs13394343	0.984379
2	85794297	rs10187424	2	85754450	rs6735152	0.984379
2	85794297	rs10187424	2	85754563	rs6721924	0.984379
2	85794297	rs10187424	2	85754578	rs12714144	0.177264
2	85794297	rs10187424	2	85755139	rs56819945	0.533681
2	85794297	rs10187424	2	85755357	rs6739015	0.984379
2	85794297	rs10187424	2	85755928	rs6547620	0.984379
2	85794297	rs10187424	2	85756375	rs6714709	0.984379
2	85794297	rs10187424	2	85757045	rs560187032	0.925417
2	85794297	rs10187424	2	85757066	rs146094769	0.575967
2	85794297	rs10187424	2	85757371	rs6719046	0.984379
2	85794297	rs10187424	2	85757379	rs6733913	0.984379
2	85794297	rs10187424	2	85757616	rs28800839	0.17786
2	85794297	rs10187424	2	85758015	rs6747828	0.984379
2	85794297	rs10187424	2	85758090	rs6750832	0.984379
2	85794297	rs10187424	2	85758144	rs6750847	0.984379
2	85794297	rs10187424	2	85758299	rs13408713	0.17786
2	85794297	rs10187424	2	85758352	rs6722691	0.575967
2	85794297	rs10187424	2	85758790	rs2044474	0.984379
2	85794297	rs10187424	2	85758970	rs566521502	0.610853
2	85794297	rs10187424	2	85759127	rs17026396	0.984379
2	85794297	rs10187424	2	85759494	rs59877521	0.984379
2	85794297	rs10187424	2	85759590	rs70953953	0.80519
2	85794297	rs10187424	2	85760395	rs6731005	0.80565
2	85794297	rs10187424	2	85760991	rs6731700	0.533681
2	85794297	rs10187424	2	85761279	rs6705839	0.800984
2	85794297	rs10187424	2	85761417	rs6705971	0.80565
2	85794297	rs10187424	2	85761654	rs10175792	0.80565
2	85794297	rs10187424	2	85762048	rs10176176	0.722848
2	85794297	rs10187424	2	85762209	rs1446669	0.575967
2	85794297	rs10187424	2	85762675	rs10202828	0.17786
2	85794297	rs10187424	2	85762761	rs10179195	0.80565
2	85794297	rs10187424	2	85763274	rs6714157	0.80565
2	85794297	rs10187424	2	85763520	rs6743030	0.80565
2	85794297	rs10187424	2	85764006	rs3755014	0.80565
2	85794297	rs10187424	2	85764041	rs3755015	0.80565
2	85794297	rs10187424	2	85764960	rs1446668	0.80565
2	85794297	rs10187424	2	85764966	rs1048740	0.533681
2	85794297	rs10187424	2	85764968	rs1048739	0.533681
2	85794297	rs10187424	2	85765205	rs6729475	0.390835
2	85794297	rs10187424	2	85765439	rs4258795	0.394462
2	85794297	rs10187424	2	85765441	rs1446667	0.547521
2	85794297	rs10187424	2	85766545	rs2289972	0.546142
2	85794297	rs10187424	2	85767735	rs2028900	0.749549
2	85794297	rs10187424	2	85767866	rs11675092	0.102249
2	85794297	rs10187424	2	85769711	rs1078004	0.813644
2	85794297	rs10187424	2	85769975	rs2043675	0.541082
2	85794297	rs10187424	2	85772548	rs7605975	0.809005
2	85794297	rs10187424	2	85772628	rs62165899	0.17786
2	85794297	rs10187424	2	85773061	rs12473819	0.813644
2	85794297	rs10187424	2	85773609	rs71390078	0.17786
2	85794297	rs10187424	2	85773654	rs565245309	0.816838
2	85794297	rs10187424	2	85773659	rs35416445	0.546142
2	85794297	rs10187424	2	85774010	rs34669893	0.17786
2	85794297	rs10187424	2	85774676	rs6547621	0.816838
2	85794297	rs10187424	2	85776008	rs13406935	0.17786
2	85794297	rs10187424	2	85776490	rs5832649	0.809005
2	85794297	rs10187424	2	85777270	rs2028898	0.541082
2	85794297	rs10187424	2	85777633	rs11676382	0.0992014
2	85794297	rs10187424	2	85780107	rs10179904	0.17786
2	85794297	rs10187424	2	85780131	rs2592551	0.546142
2	85794297	rs10187424	2	85780536	rs699664	0.414266
2	85794297	rs10187424	2	85781577	rs112936952	0.488352
2	85794297	rs10187424	2	85781768	rs10196357	0.17786
2	85794297	rs10187424	2	85782023	rs762684	0.546142
2	85794297	rs10187424	2	85783128	rs6738645	0.816838
2	85794297	rs10187424	2	85783150	rs78831337	0.399019
2	85794297	rs10187424	2	85786556	rs1254897	0.363078
2	85794297	rs10187424	2	85786842	rs61544460	0.587667
2	85794297	rs10187424	2	85787123	rs67988001	0.546142
2	85794297	rs10187424	2	85787341	rs12714145	0.924725
2	85794297	rs10187424	2	85788140	rs1254898	0.363078
2	85794297	rs10187424	2	85788175	rs7568458	0.862914
2	85794297	rs10187424	2	85788270	rs10172544	0.924725
2	85794297	rs10187424	2	85788401	rs11350741	0.907812
2	85794297	rs10187424	2	85788402	rs55829881	0.519601
2	85794297	rs10187424	2	85788738	rs115669754	0.399019
2	85794297	rs10187424	2	85790165	rs11890182	0.399019
2	85794297	rs10187424	2	85790316	rs35565292	0.984202
2	85794297	rs10187424	2	85791852	rs12714146	0.172585
2	85794297	rs10187424	2	85792384	rs35215812	1
2	85794297	rs10187424	2	85792404	rs55692129	0.546142
2	85794297	rs10187424	2	85792408	rs11126995	0.531048
2	85794297	rs10187424	2	85792487	rs139775513	0.17786
2	85794297	rs10187424	2	85792936	rs62165905	0.17786
2	85794297	rs10187424	2	85793562	rs13409377	0.17786
2	85794297	rs10187424	2	85793758	rs71390080	0.827689
2	85794297	rs10187424	2	85793839	rs71390081	0.17786
2	85794297	rs10187424	2	85794114	rs10187218	0.17786
2	85794297	rs10187424	2	85794297	rs10187424	1
2	85794297	rs10187424	2	85794415	rs10198569	1
2	85794297	rs10187424	2	85794634	rs10198761	0.17786
2	85794297	rs10187424	2	85795456	rs17430670	0.17786
2	85794297	rs10187424	2	85795993	rs34212016	0.17786
2	85794297	rs10187424	2	85796101	rs11891260	0.80807
2	85794297	rs10187424	2	85796407	rs142825030	0.375675
2	85794297	rs10187424	2	85796788	rs28564788	0.17786
2	85794297	rs10187424	2	85796961	rs532988600	0.885765
2	85794297	rs10187424	2	85797665	rs13429968	0.17786
2	85794297	rs10187424	2	85798715	rs539482903	0.636521
2	85794297	rs10187424	2	85798858	rs2121397	0.17786
2	85794297	rs10187424	2	85799776	rs17508727	0.17786
2	85794297	rs10187424	2	85800265	rs13000511	0.17786
2	85794297	rs10187424	2	85801084	rs202232673	0.17786
2	85794297	rs10187424	2	85801108	rs62165906	0.124152
2	85794297	rs10187424	2	85801137	rs62165907	0.17786
2	85794297	rs10187424	2	85801655	rs35984455	0.324744
2	85794297	rs10187424	2	85801837	rs13432584	0.17786
2	85794297	rs10187424	2	85801902	rs6547622	0.515398
2	85794297	rs10187424	2	85801964	rs6547623	0.558109
2	85794297	rs10187424	2	85802012	rs34565621	0.18229
2	85794297	rs10187424	2	85802134	rs6547624	0.972738
2	85794297	rs10187424	2	85802294	rs34214220	0.177557
2	85794297	rs10187424	2	85802660	rs56359002	0.172308
2	85794297	rs10187424	2	85802754	rs55892665	0.177557
2	85794297	rs10187424	2	85803242	rs13425821	0.177557
2	85794297	rs10187424	2	85803398	rs13426038	0.177557
2	85794297	rs10187424	2	85803542	rs6757263	0.976467
2	85794297	rs10187424	2	85803897	rs3755008	0.515398
2	85794297	rs10187424	2	85804096	rs10166612	0.177557
2	85794297	rs10187424	2	85805367	rs3770098	0.953917
2	85794297	rs10187424	2	85805654	rs7579147	0.501825
2	85794297	rs10187424	2	85806068	rs3731827	0.953917
2	85794297	rs10187424	2	85806266	rs3731828	0.501825
2	85794297	rs10187424	2	85807079	rs368912301	0.756704
2	85794297	rs10187424	2	85807610	rs13421434	0.17786
2	85794297	rs10187424	2	85807782	rs552142973	0.178716
2	85794297	rs10187424	2	85808573	rs1972297	0.953917
2	85794297	rs10187424	2	85808594	rs11326680	0.444328
2	85794297	rs10187424	2	85808737	rs1009	0.953917
2	85794297	rs10187424	2	85808871	rs1058588	0.953917
2	85794297	rs10187424	2	85808982	rs1010	0.953917
2	85794297	rs10187424	2	85809670	rs7593969	0.503001
2	85794297	rs10187424	2	85809703	rs7608074	0.503001
2	85794297	rs10187424	2	85809711	rs1562323	0.953917
2	85794297	rs10187424	2	85809955	rs2366639	0.953917
2	85794297	rs10187424	2	85809989	rs1561198	0.782397
2	85794297	rs10187424	2	85810734	rs2366640	0.303493
2	85794297	rs10187424	2	85811229	rs1254901	0.327038
2	85794297	rs10187424	2	85812074	rs13387999	0.224289
2	85794297	rs10187424	2	85812746	rs55971080	0.760275
2	85794297	rs10187424	2	85812784	rs62166769	0.729662
2	85794297	rs10187424	2	85813703	rs557767223;rs557767223;rs375299480	0.277671
2	85794297	rs10187424	2	85813834	rs12714147	0.270396
2	85794297	rs10187424	2	85814384	rs200779045	0.263017
2	85794297	rs10187424	2	85814984	rs10206961	0.608683
2	85794297	rs10187424	2	85815651	rs13431159	0.220127
2	85794297	rs10187424	2	85815954	rs13394092	0.270595
2	85794297	rs10187424	2	85816334	rs1254900	0.215754
2	85794297	rs10187424	2	85817167	rs35776719	0.204175
2	85794297	rs10187424	2	85818273	rs1374370	0.493047
2	85794297	rs10187424	2	85818488	rs719023	0.461988
2	85794297	rs10187424	2	85818797	rs2289976	0.487902
2	85794297	rs10187424	2	85818886	rs14976	0.493047
2	85794297	rs10187424	2	85820027	rs72843872	0.483799
2	85794297	rs10187424	2	85820301	rs1049363	0.186234
2	85794297	rs10187424	2	85823476	rs34772095	0.24193
2	85794297	rs10187424	2	85824039	rs1127974	0.188142
2	85794297	rs10187424	2	85824084	rs2232748	0.246775
2	85794297	rs10187424	2	85826132	rs1044158	0.228762
2	85794297	rs10187424	2	85826721	rs11891495	0.38484
2	85794297	rs10187424	2	85828014	rs6733550	0.227822
2	85794297	rs10187424	2	85834641	rs62166770	0.387785
2	85794297	rs10187424	2	85840085	rs374731788	0.229905
2	85794297	rs10187424	2	85842102	rs201996194	0.184721
2	85794297	rs10187424	2	85843881	rs6732858	0.136731
2	85794297	rs10187424	2	85845081	rs540399227	0.0948583
2	85794297	rs10187424	2	85847085	rs9678632	0.230741
2	85794297	rs10187424	2	85852143	rs7569073	0.136731
2	85794297	rs10187424	2	85853463	rs62166774	0.230741
2	85794297	rs10187424	2	85854015	rs12463933	0.175313
2	85794297	rs10187424	2	85854476	rs13406807	0.230741
2	85794297	rs10187424	2	85857175	rs71411832	0.131788
2	85794297	rs10187424	2	85859571	rs563930839	0.179188
2	85794297	rs10187424	2	85860228	rs6547629	0.230741
2	85794297	rs10187424	2	85860999	rs7594258	0.230741
2	85794297	rs10187424	2	85861325	rs115235685	0.136731
2	85794297	rs10187424	2	85863116	rs564795437	0.13232
2	85794297	rs10187424	2	85863120	rs546644168	0.13232
2	85794297	rs10187424	2	85863121	rs528489334	0.13232
2	85794297	rs10187424	2	85863394	rs4416212	0.121099
2	85794297	rs10187424	2	85864710	rs34623563	0.387785
2	85794297	rs10187424	2	85865440	rs62166779	0.387785
2	85794297	rs10187424	2	85867727	rs148399817	0.17706
2	85794297	rs10187424	2	85869140	rs72314269	0.174639
2	85794297	rs10187424	2	85869770	rs17508809	0.136731
2	85794297	rs10187424	2	85870214	rs13009914	0.387785
2	85794297	rs10187424	2	85870771	rs144822753	0.218345
2	85794297	rs10187424	2	85874044	rs58588820	0.230741
2	85794297	rs10187424	2	85874845	rs17508843	0.387089
2	85794297	rs10187424	2	85876224	rs3832098	0.224274
2	85794297	rs10187424	2	85878158	rs7607208	0.174639
2	85794297	rs10187424	2	85878728	rs146785578	0.176885
2	85794297	rs10187424	2	85879037	rs11887442	0.387785
2	85794297	rs10187424	2	85879041	rs11887443	0.387785
2	85794297	rs10187424	2	85879630	rs560172580	0.155183
2	85794297	rs10187424	2	85882919	rs56192500	0.387785
2	85794297	rs10187424	2	85886667	rs9752	0.227946
2	85794297	rs10187424	2	85889525	rs2040349	0.226662
2	85794297	rs10187424	2	85890293	rs2118177	0.226662
2	85794297	rs10187424	2	85890758	rs2304566	0.393054
