CHR_A	BP_A	SNP_A	CHR_B	BP_B	SNP_B	R2
2	242157087	rs111770284	2	242058731	rs3771351	0.10155
2	242157087	rs111770284	2	242061465	rs7584496	0.0904753
2	242157087	rs111770284	2	242062130	rs2302049	0.10155
2	242157087	rs111770284	2	242065601	rs75080735	0.100453
2	242157087	rs111770284	2	242066314	rs2240542	0.103277
2	242157087	rs111770284	2	242068388	rs28542852	0.0965237
2	242157087	rs111770284	2	242071754	rs2871578	0.11335
2	242157087	rs111770284	2	242071875	rs139092072	0.111717
2	242157087	rs111770284	2	242072280	rs11684830	0.142879
2	242157087	rs111770284	2	242072691	rs13019391	0.143716
2	242157087	rs111770284	2	242072696	rs34146101	0.143716
2	242157087	rs111770284	2	242072698	rs6748158	0.143716
2	242157087	rs111770284	2	242072906	rs6437241	0.146802
2	242157087	rs111770284	2	242073060	rs6437242	0.145885
2	242157087	rs111770284	2	242073397	rs559792670	0.150087
2	242157087	rs111770284	2	242074139	rs2240550	0.146802
2	242157087	rs111770284	2	242074210	rs3214253	0.159848
2	242157087	rs111770284	2	242074402	rs4258787	0.138011
2	242157087	rs111770284	2	242075147	rs34345561	0.146802
2	242157087	rs111770284	2	242075192	rs2108484	0.138011
2	242157087	rs111770284	2	242075623	rs2074825	0.146802
2	242157087	rs111770284	2	242076944	rs7568414	0.146802
2	242157087	rs111770284	2	242077496	rs1470414	0.147217
2	242157087	rs111770284	2	242077685	rs1470413	0.161046
2	242157087	rs111770284	2	242079007	rs2074828	0.161046
2	242157087	rs111770284	2	242079233	rs10933531	0.138876
2	242157087	rs111770284	2	242080418	rs2120853	0.161046
2	242157087	rs111770284	2	242081778	rs2074829	0.154195
2	242157087	rs111770284	2	242081793	rs2074830	0.163538
2	242157087	rs111770284	2	242082222	rs2074834	0.161046
2	242157087	rs111770284	2	242082262	rs6709462	0.138876
2	242157087	rs111770284	2	242082480	rs758068	0.152086
2	242157087	rs111770284	2	242082559	rs2066941	0.152086
2	242157087	rs111770284	2	242082628	rs758069	0.152086
2	242157087	rs111770284	2	242083510	rs758070	0.159885
2	242157087	rs111770284	2	242083529	rs758071	0.161046
2	242157087	rs111770284	2	242084020	rs758074	0.152086
2	242157087	rs111770284	2	242085008	rs2190656	0.138011
2	242157087	rs111770284	2	242085127	rs563585370	0.163538
2	242157087	rs111770284	2	242085413	rs2215025	0.138011
2	242157087	rs111770284	2	242085602	rs7581893	0.138011
2	242157087	rs111770284	2	242085929	rs73011861	0.161046
2	242157087	rs111770284	2	242086025	rs55777737	0.161046
2	242157087	rs111770284	2	242087168	rs568903022	0.161197
2	242157087	rs111770284	2	242087346	rs6726954	0.14925
2	242157087	rs111770284	2	242088645	rs1373690	0.134946
2	242157087	rs111770284	2	242089450	rs7596642	0.162365
2	242157087	rs111770284	2	242089573	rs7584799	0.162365
2	242157087	rs111770284	2	242092483	rs4675993	0.127235
2	242157087	rs111770284	2	242093144	rs11884809	0.132994
2	242157087	rs111770284	2	242093510	rs11889836	0.132994
2	242157087	rs111770284	2	242094117	rs151053770	0.162365
2	242157087	rs111770284	2	242095625	rs62187405	0.162365
2	242157087	rs111770284	2	242095698	rs17384397	0.169849
2	242157087	rs111770284	2	242096134	rs6741569	0.162365
2	242157087	rs111770284	2	242098219	rs56305838	0.162365
2	242157087	rs111770284	2	242098426	rs6753081	0.131051
2	242157087	rs111770284	2	242099028	rs56237707	0.162365
2	242157087	rs111770284	2	242099322	rs62187408	0.162365
2	242157087	rs111770284	2	242101368	rs719564	0.162365
2	242157087	rs111770284	2	242101500	rs2871619	0.131051
2	242157087	rs111770284	2	242102146	rs2268895	0.132994
2	242157087	rs111770284	2	242103742	rs17384537	0.162365
2	242157087	rs111770284	2	242105065	rs6437243	0.132994
2	242157087	rs111770284	2	242107853	rs6721380	0.164218
2	242157087	rs111770284	2	242109594	rs10185639	0.164218
2	242157087	rs111770284	2	242109849	rs2159005	0.132994
2	242157087	rs111770284	2	242110786	rs3771350	0.142038
2	242157087	rs111770284	2	242111569	rs34924573	0.112091
2	242157087	rs111770284	2	242112575	rs59075484	0.168832
2	242157087	rs111770284	2	242112904	rs6706956	0.165897
2	242157087	rs111770284	2	242113513	rs6437244	0.135793
2	242157087	rs111770284	2	242114037	rs7565364	0.0904936
2	242157087	rs111770284	2	242115567	rs62187413	0.164218
2	242157087	rs111770284	2	242118005	rs12473813	0.158877
2	242157087	rs111770284	2	242120170	rs4675828	0.154782
2	242157087	rs111770284	2	242121781	rs2268905	0.169518
2	242157087	rs111770284	2	242121959	rs34186191	0.172942
2	242157087	rs111770284	2	242122602	rs1974555	0.19924
2	242157087	rs111770284	2	242123470	rs12694994	0.163613
2	242157087	rs111770284	2	242124544	rs28489289	0.159434
2	242157087	rs111770284	2	242124964	rs6747260	0.122376
2	242157087	rs111770284	2	242125015	rs146432363	0.137803
2	242157087	rs111770284	2	242126109	rs12472217	0.105337
2	242157087	rs111770284	2	242126702	rs11414479	0.156716
2	242157087	rs111770284	2	242127237	rs35422140	0.178291
2	242157087	rs111770284	2	242127262	rs12476166	0.159053
2	242157087	rs111770284	2	242128416	rs11694278	0.17203
2	242157087	rs111770284	2	242128447	rs11694282	0.17203
2	242157087	rs111770284	2	242128543	rs11694323	0.153402
2	242157087	rs111770284	2	242128930	rs12478310	0.101219
2	242157087	rs111770284	2	242147264	rs9679681	0.20499
2	242157087	rs111770284	2	242148404	rs13021863	0.185286
2	242157087	rs111770284	2	242151791	rs62187431	0.818985
2	242157087	rs111770284	2	242152886	rs2166191	0.141846
2	242157087	rs111770284	2	242154015	rs12620606	0.142501
2	242157087	rs111770284	2	242154849	rs12471975	0.142298
2	242157087	rs111770284	2	242154930	rs10933537	0.142298
2	242157087	rs111770284	2	242156236	rs111551638	0.142759
2	242157087	rs111770284	2	242156803	rs56098160	0.140835
2	242157087	rs111770284	2	242157087	rs111770284	1
2	242157087	rs111770284	2	242157089	rs151090828	0.216626
2	242157087	rs111770284	2	242157241	rs76832527	0.965758
2	242157087	rs111770284	2	242159146	rs11299376	0.129974
2	242157087	rs111770284	2	242159266	rs6746534	0.132239
2	242157087	rs111770284	2	242161999	rs56091437	0.867408
2	242157087	rs111770284	2	242164562	rs7568928	0.475003
2	242157087	rs111770284	2	242168518	rs62186361	0.594095
2	242157087	rs111770284	2	242170798	rs369875117	0.45307
2	242157087	rs111770284	2	242173916	rs3755325	0.135634
2	242157087	rs111770284	2	242180757	rs56216206	0.544306
2	242157087	rs111770284	2	242185311	rs56241013	0.537868
2	242157087	rs111770284	2	242185820	rs62186366	0.219991
2	242157087	rs111770284	2	242187976	rs116838395	0.110134
2	242157087	rs111770284	2	242190109	rs3771346	0.21793
2	242157087	rs111770284	2	242191140	rs62186369	0.537868
2	242157087	rs111770284	2	242191378	rs62186370	0.213994
2	242157087	rs111770284	2	242194150	rs2310749	0.216707
2	242157087	rs111770284	2	242195394	rs59384702	0.208027
2	242157087	rs111770284	2	242196324	rs11693403	0.207526
2	242157087	rs111770284	2	242200406	rs4675970	0.450507
2	242157087	rs111770284	2	242200454	rs11382181	0.0910541
2	242157087	rs111770284	2	242205955	rs56156035	0.478725
2	242157087	rs111770284	2	242206555	rs7557535	0.478725
2	242157087	rs111770284	2	242207396	rs141960424	0.473167
2	242157087	rs111770284	2	242207710	rs147124226	0.175937
2	242157087	rs111770284	2	242211554	rs62186378	0.446307
2	242157087	rs111770284	2	242212033	rs181225616	0.463239
2	242157087	rs111770284	2	242212155	rs186385628	0.446307
2	242157087	rs111770284	2	242214896	rs149863403	0.478725
2	242157087	rs111770284	2	242217627	rs4675969	0.445141
2	242157087	rs111770284	2	242219281	rs56383420	0.478725
2	242157087	rs111770284	2	242220718	rs7579620	0.478725
2	242157087	rs111770284	2	242221219	rs62186396	0.478725
2	242157087	rs111770284	2	242221570	rs73018141	0.478725
2	242157087	rs111770284	2	242226700	rs62186400	0.478725
2	242157087	rs111770284	2	242226835	rs571289582	0.215679
2	242157087	rs111770284	2	242227112	rs55918461	0.478725
2	242157087	rs111770284	2	242227157	rs56363214	0.478725
2	242157087	rs111770284	2	242228780	rs6752050	0.495856
2	242157087	rs111770284	2	242229957	rs62186404	0.478725
2	242157087	rs111770284	2	242232184	rs148341026	0.478725
2	242157087	rs111770284	2	242235193	rs57196672	0.495856
2	242157087	rs111770284	2	242236667	rs62186411	0.478725
2	242157087	rs111770284	2	242237902	rs59104589	0.116621
2	242157087	rs111770284	2	242242439	rs56129392	0.478725
2	242157087	rs111770284	2	242243251	rs56052835	0.478725
2	242157087	rs111770284	2	242245570	rs6757876	0.450507
2	242157087	rs111770284	2	242249499	rs62186422	0.478725
2	242157087	rs111770284	2	242252792	rs62186431	0.473245
2	242157087	rs111770284	2	242255378	rs1134941	0.189682
2	242382864	rs3771570	2	242107853	rs6721380	0.0901101
2	242382864	rs3771570	2	242109594	rs10185639	0.0901101
2	242382864	rs3771570	2	242112575	rs59075484	0.0917305
2	242382864	rs3771570	2	242112904	rs6706956	0.090556
2	242382864	rs3771570	2	242115567	rs62187413	0.0901101
2	242382864	rs3771570	2	242121781	rs2268905	0.0939926
2	242382864	rs3771570	2	242121959	rs34186191	0.0954521
2	242382864	rs3771570	2	242122602	rs1974555	0.115754
2	242382864	rs3771570	2	242125663	rs62187426	0.106159
2	242382864	rs3771570	2	242125784	rs75255130	0.107185
2	242382864	rs3771570	2	242125785	rs76016342	0.107185
2	242382864	rs3771570	2	242126109	rs12472217	0.143209
2	242382864	rs3771570	2	242127237	rs35422140	0.106561
2	242382864	rs3771570	2	242128416	rs11694278	0.0932267
2	242382864	rs3771570	2	242128447	rs11694282	0.0932267
2	242382864	rs3771570	2	242128930	rs12478310	0.135544
2	242382864	rs3771570	2	242130409	rs56085327	0.0975481
2	242382864	rs3771570	2	242144009	rs113870213	0.136897
2	242382864	rs3771570	2	242147264	rs9679681	0.100712
2	242382864	rs3771570	2	242148404	rs13021863	0.0949307
2	242382864	rs3771570	2	242151791	rs62187431	0.502589
2	242382864	rs3771570	2	242157087	rs111770284	0.501723
2	242382864	rs3771570	2	242157241	rs76832527	0.497603
2	242382864	rs3771570	2	242161999	rs56091437	0.569502
2	242382864	rs3771570	2	242164562	rs7568928	0.326456
2	242382864	rs3771570	2	242168518	rs62186361	0.798588
2	242382864	rs3771570	2	242170798	rs369875117	0.670379
2	242382864	rs3771570	2	242171231	rs111244756	0.12566
2	242382864	rs3771570	2	242173916	rs3755325	0.0978867
2	242382864	rs3771570	2	242180757	rs56216206	0.885692
2	242382864	rs3771570	2	242185311	rs56241013	0.895252
2	242382864	rs3771570	2	242185820	rs62186366	0.437811
2	242382864	rs3771570	2	242187976	rs116838395	0.154825
2	242382864	rs3771570	2	242190109	rs3771346	0.435073
2	242382864	rs3771570	2	242191140	rs62186369	0.895252
2	242382864	rs3771570	2	242191378	rs62186370	0.437811
2	242382864	rs3771570	2	242194150	rs2310749	0.451403
2	242382864	rs3771570	2	242195394	rs59384702	0.427963
2	242382864	rs3771570	2	242196324	rs11693403	0.456351
2	242382864	rs3771570	2	242200406	rs4675970	0.880069
2	242382864	rs3771570	2	242200454	rs11382181	0.256762
2	242382864	rs3771570	2	242201871	rs11443847	0.113698
2	242382864	rs3771570	2	242205955	rs56156035	0.964281
2	242382864	rs3771570	2	242206555	rs7557535	0.964281
2	242382864	rs3771570	2	242207396	rs141960424	0.955643
2	242382864	rs3771570	2	242207710	rs147124226	0.329155
2	242382864	rs3771570	2	242208792	rs11675957	0.0905285
2	242382864	rs3771570	2	242211554	rs62186378	0.910113
2	242382864	rs3771570	2	242212033	rs181225616	0.883678
2	242382864	rs3771570	2	242212155	rs186385628	0.910113
2	242382864	rs3771570	2	242212672	rs6705421	0.10162
2	242382864	rs3771570	2	242214896	rs149863403	0.964281
2	242382864	rs3771570	2	242217627	rs4675969	0.88744
2	242382864	rs3771570	2	242218689	rs12474449	0.0968157
2	242382864	rs3771570	2	242218762	rs12475374	0.0968157
2	242382864	rs3771570	2	242218915	rs7592138	0.11549
2	242382864	rs3771570	2	242219281	rs56383420	0.964281
2	242382864	rs3771570	2	242219669	rs6733962	0.0968157
2	242382864	rs3771570	2	242220566	rs59065053	0.0968157
2	242382864	rs3771570	2	242220718	rs7579620	0.964281
2	242382864	rs3771570	2	242221219	rs62186396	0.964281
2	242382864	rs3771570	2	242221459	rs34006413	0.0968157
2	242382864	rs3771570	2	242221570	rs73018141	0.964281
2	242382864	rs3771570	2	242222397	rs6724257	0.0968157
2	242382864	rs3771570	2	242222492	rs4675968	0.11549
2	242382864	rs3771570	2	242223912	rs62186397	0.0968157
2	242382864	rs3771570	2	242226700	rs62186400	0.964281
2	242382864	rs3771570	2	242226835	rs571289582	0.466693
2	242382864	rs3771570	2	242227054	rs6747036	0.129005
2	242382864	rs3771570	2	242227112	rs55918461	0.964281
2	242382864	rs3771570	2	242227157	rs56363214	0.964281
2	242382864	rs3771570	2	242228733	rs6704615	0.124497
2	242382864	rs3771570	2	242228780	rs6752050	0.99089
2	242382864	rs3771570	2	242229957	rs62186404	0.964281
2	242382864	rs3771570	2	242230030	rs565626644;rs553531184	0.147772
2	242382864	rs3771570	2	242230443	rs10933547	0.129005
2	242382864	rs3771570	2	242232099	rs73018159	0.137735
2	242382864	rs3771570	2	242232184	rs148341026	0.964281
2	242382864	rs3771570	2	242235193	rs57196672	0.99089
2	242382864	rs3771570	2	242235446	rs139523542;rs67652230	0.120713
2	242382864	rs3771570	2	242236530	rs10624296	0.118119
2	242382864	rs3771570	2	242236667	rs62186411	0.964281
2	242382864	rs3771570	2	242236972	rs6743226	0.129005
2	242382864	rs3771570	2	242237490	rs571316626	0.130393
2	242382864	rs3771570	2	242237856	rs12478458	0.129005
2	242382864	rs3771570	2	242237902	rs59104589	0.28373
2	242382864	rs3771570	2	242240702	rs10933549	0.120708
2	242382864	rs3771570	2	242242439	rs56129392	0.964281
2	242382864	rs3771570	2	242243251	rs56052835	0.964281
2	242382864	rs3771570	2	242244342	rs4675966	0.129005
2	242382864	rs3771570	2	242245570	rs6757876	0.880069
2	242382864	rs3771570	2	242246402	rs199904674	0.0907068
2	242382864	rs3771570	2	242246403	rs4234101	0.123319
2	242382864	rs3771570	2	242248033	rs7599888	0.12537
2	242382864	rs3771570	2	242249499	rs62186422	0.964281
2	242382864	rs3771570	2	242249822	rs7565186	0.120708
2	242382864	rs3771570	2	242249828	rs7604465	0.120708
2	242382864	rs3771570	2	242251893	rs145593875	0.12417
2	242382864	rs3771570	2	242252792	rs62186431	0.95513
2	242382864	rs3771570	2	242254737	rs12624197	0.121661
2	242382864	rs3771570	2	242255378	rs1134941	0.187931
2	242420971	rs183997311	2	242068328	rs192185817	0.366159
2	242420971	rs183997311	2	242107930	rs191626977	0.131461
2	242420971	rs183997311	2	242139600	rs77482050	0.538951
2	242420971	rs183997311	2	242155985	rs192127563	0.709086
2	242420971	rs183997311	2	242158418	rs142565114	0.632949
2	242420971	rs183997311	2	242158999	rs186068294	0.150468
2	242420971	rs183997311	2	242214120	rs191459073	0.150468
2	242420971	rs183997311	2	242220761	rs143321112	0.785831
2	242420971	rs183997311	2	242247627	rs79340821	0.785831
2	242420971	rs183997311	2	242252009	rs80239448	0.150468
