CHR_A	BP_A	SNP_A	CHR_B	BP_B	SNP_B	R2
22	19757892	rs2238776	22	19733811	rs7293017	0.145131
22	19757892	rs2238776	22	19738355	rs1005133	0.184146
22	19757892	rs2238776	22	19743424	rs41260844	0.328985
22	19757892	rs2238776	22	19744840	rs41299445	0.457989
22	19757892	rs2238776	22	19746903	rs737867	0.0966191
22	19757892	rs2238776	22	19747082	rs737868	0.0950949
22	19757892	rs2238776	22	19747735	rs71761160	0.355897
22	19757892	rs2238776	22	19747747	rs539766082;rs201950954	0.114369
22	19757892	rs2238776	22	19749525	rs1978060	0.403055
22	19757892	rs2238776	22	19750773	rs41298814	0.856044
22	19757892	rs2238776	22	19752007	rs41298826	0.85993
22	19757892	rs2238776	22	19752943	rs41298830	0.856044
22	19757892	rs2238776	22	19752973	rs2238773	0.928143
22	19757892	rs2238776	22	19753449	rs41298840	0.856044
22	19757892	rs2238776	22	19753848	rs72646966	0.856044
22	19757892	rs2238776	22	19754091	rs72646967	0.856044
22	19757892	rs2238776	22	19754508	rs72646969	0.094189
22	19757892	rs2238776	22	19757339	rs2238774	0.336346
22	19757892	rs2238776	22	19757372	rs2238775	0.334599
22	19757892	rs2238776	22	19757572	rs35973679	0.334599
22	19757892	rs2238776	22	19757892	rs2238776	1
22	19757892	rs2238776	22	19758228	rs2238777	0.323007
22	19757892	rs2238776	22	19758399	rs2238778	0.341248
22	19757892	rs2238776	22	19759437	rs737869	0.320607
22	19757892	rs2238776	22	19760628	rs41300478	0.173779
22	19757892	rs2238776	22	19762428	rs34331122	0.167641
22	19757892	rs2238776	22	19762506	rs41297802	0.727243
22	19757892	rs2238776	22	19765181	rs12165908	0.715025
22	19757892	rs2238776	22	19765322	rs4819521	0.165641
22	19757892	rs2238776	22	19765443	rs41297838	0.683071
22	19757892	rs2238776	22	19765631	rs117152059	0.157025
22	19757892	rs2238776	22	19766107	rs41297994	0.650553
22	19757892	rs2238776	22	19766137	rs9798754	0.216248
22	19757892	rs2238776	22	19766248	rs41297996	0.631298
22	19757892	rs2238776	22	19767051	rs5746826	0.163405
22	19757892	rs2238776	22	19767420	rs713675	0.176889
22	19757892	rs2238776	22	19767421	rs713676	0.176889
22	19757892	rs2238776	22	19767499	rs5992481	0.392484
22	19757892	rs2238776	22	19768045	rs5746828	0.156475
22	19757892	rs2238776	22	19768311	rs5746831	0.144926
22	19757892	rs2238776	22	19768337	rs41298028	0.640237
22	19757892	rs2238776	22	19769498	rs148747995	0.156187
22	19757892	rs2238776	22	19769668	rs12484920	0.605052
22	19757892	rs2238776	22	19771064	rs41258424	0.448308
22	19757892	rs2238776	22	19771190	rs5746832	0.162309
22	19757892	rs2238776	22	19771568	rs2073762	0.150811
22	19757892	rs2238776	22	19773308	rs5993830	0.170777
22	19757892	rs2238776	22	19775287	rs5748427	0.172175
22	19757892	rs2238776	22	19776019	rs2073768	0.428932
22	19757892	rs2238776	22	19776159	rs3214094	0.432929
22	19757892	rs2238776	22	19776794	rs2073769	0.185763
22	19757892	rs2238776	22	19777383	rs12483857	0.432929
22	19757892	rs2238776	22	19777512	rs2239894	0.432929
22	19757892	rs2238776	22	19777766	rs141980695	0.432929
22	19757892	rs2238776	22	19781216	rs76660130	0.104566
22	19757892	rs2238776	22	19782138	rs60543144	0.563666
22	19757892	rs2238776	22	19782537	rs59469159	0.432929
22	19757892	rs2238776	22	19783304	rs73148917	0.432929
22	19757892	rs2238776	22	19783362	rs5748432	0.17877
22	19757892	rs2238776	22	19783817	rs73148919	0.432929
22	19757892	rs2238776	22	19783857	rs17209798	0.432929
22	19757892	rs2238776	22	19783906	rs73148920	0.432929
22	19757892	rs2238776	22	19784015	rs73148921	0.432929
22	19757892	rs2238776	22	19784495	rs59279356	0.432929
22	19757892	rs2238776	22	19784731	rs2269725	0.432929
22	19757892	rs2238776	22	19785006	rs2269726	0.186496
22	19757892	rs2238776	22	19785329	rs880194	0.186496
22	19757892	rs2238776	22	19785482	rs76698965	0.432929
22	19757892	rs2238776	22	19786910	rs148536031	0.122538
22	19757892	rs2238776	22	19787497	rs12484377	0.432929
22	19757892	rs2238776	22	19787736	rs748806	0.442507
22	19757892	rs2238776	22	19788956	rs75024316	0.442507
22	19757892	rs2238776	22	19789541	rs2073770	0.442507
22	19757892	rs2238776	22	19790308	rs12485220	0.442507
22	19757892	rs2238776	22	19791037	rs75690590	0.10701
22	19757892	rs2238776	22	19792660	rs200510172	0.419354
22	19757892	rs2238776	22	19793027	rs73148927	0.117166
22	19757892	rs2238776	22	19793884	rs74953564	0.428932
22	19757892	rs2238776	22	19795191	rs3788301	0.173356
22	19757892	rs2238776	22	19795586	rs3827286	0.442507
22	19757892	rs2238776	22	19797211	rs5993838	0.185192
22	19757892	rs2238776	22	19840196	rs3788304	0.0934941
