CHR_A	BP_A	SNP_A	CHR_B	BP_B	SNP_B	R2
2	238387228	rs7584330	2	238334012	rs6746699	0.107549
2	238387228	rs7584330	2	238334142	rs60044643	0.106416
2	238387228	rs7584330	2	238334279	rs6717825	0.106416
2	238387228	rs7584330	2	238334742	rs6711202	0.106416
2	238387228	rs7584330	2	238334895	rs113696961	0.106416
2	238387228	rs7584330	2	238335927	rs4053466	0.107549
2	238387228	rs7584330	2	238335999	rs139367020	0.106416
2	238387228	rs7584330	2	238336647	rs12466882	0.106416
2	238387228	rs7584330	2	238336984	rs59421849	0.106416
2	238387228	rs7584330	2	238337069	rs58859093	0.106416
2	238387228	rs7584330	2	238337204	rs67939050	0.102901
2	238387228	rs7584330	2	238337593	rs57027839	0.106416
2	238387228	rs7584330	2	238338048	rs2645784	0.106416
2	238387228	rs7584330	2	238338734	rs6727493	0.106416
2	238387228	rs7584330	2	238339747	rs2173155	0.106416
2	238387228	rs7584330	2	238340068	rs553077624;rs59705103	0.107186
2	238387228	rs7584330	2	238340701	rs2173157	0.106416
2	238387228	rs7584330	2	238341340	rs59797738	0.106416
2	238387228	rs7584330	2	238342249	rs7578770	0.106416
2	238387228	rs7584330	2	238342528	rs143983966	0.106416
2	238387228	rs7584330	2	238342798	rs67718218	0.107549
2	238387228	rs7584330	2	238343023	rs66490726	0.114772
2	238387228	rs7584330	2	238343818	rs61182743	0.106416
2	238387228	rs7584330	2	238344183	rs58412743	0.106416
2	238387228	rs7584330	2	238344192	rs72620814	0.106416
2	238387228	rs7584330	2	238344595	rs67762685	0.106416
2	238387228	rs7584330	2	238344653	rs72620815	0.106416
2	238387228	rs7584330	2	238345561	rs66566814	0.106416
2	238387228	rs7584330	2	238345801	rs112945669	0.106416
2	238387228	rs7584330	2	238347061	rs67776838	0.106416
2	238387228	rs7584330	2	238348215	rs60258675	0.102901
2	238387228	rs7584330	2	238348767	rs66795698	0.106416
2	238387228	rs7584330	2	238349734	rs68022885	0.106416
2	238387228	rs7584330	2	238349819	rs68178112	0.106416
2	238387228	rs7584330	2	238351337	rs12471077	0.3755
2	238387228	rs7584330	2	238351347	rs12476059	0.411592
2	238387228	rs7584330	2	238352099	rs10202181	0.754183
2	238387228	rs7584330	2	238352128	rs10202195	0.764942
2	238387228	rs7584330	2	238352185	rs10202292	0.764942
2	238387228	rs7584330	2	238352206	rs139594347	0.733183
2	238387228	rs7584330	2	238352230	rs530696125	0.739406
2	238387228	rs7584330	2	238352241	rs10165879	0.14834
2	238387228	rs7584330	2	238352282	rs10190310	0.769392
2	238387228	rs7584330	2	238352465	rs10202599	0.744276
2	238387228	rs7584330	2	238352484	rs10205112	0.769392
2	238387228	rs7584330	2	238352506	rs10202616	0.769392
2	238387228	rs7584330	2	238352898	rs7599658	0.744276
2	238387228	rs7584330	2	238353513	rs7600317	0.725009
2	238387228	rs7584330	2	238353604	rs72620816	0.742652
2	238387228	rs7584330	2	238353661	rs72620817	0.742652
2	238387228	rs7584330	2	238353776	rs10211024	0.754419
2	238387228	rs7584330	2	238354236	rs184779332;rs372389681	0.753218
2	238387228	rs7584330	2	238354238	rs75751873	0.754096
2	238387228	rs7584330	2	238354239	rs116069557	0.754096
2	238387228	rs7584330	2	238354652	rs72620818	0.754096
2	238387228	rs7584330	2	238354982	rs72620819	0.762582
2	238387228	rs7584330	2	238356795	rs7602387	0.785186
2	238387228	rs7584330	2	238357118	rs60278044	0.801405
2	238387228	rs7584330	2	238358584	rs60079197	0.689219
2	238387228	rs7584330	2	238358844	rs72620820	0.768321
2	238387228	rs7584330	2	238359366	rs11884395	0.769901
2	238387228	rs7584330	2	238359891	rs6758246	0.848892
2	238387228	rs7584330	2	238360708	rs6431539	0.848892
2	238387228	rs7584330	2	238360966	rs6431540	0.843968
2	238387228	rs7584330	2	238361089	rs7584314	0.858849
2	238387228	rs7584330	2	238361241	rs13397017	0.858849
2	238387228	rs7584330	2	238361650	rs11886117	0.848892
2	238387228	rs7584330	2	238362615	rs72620821	0.798353
2	238387228	rs7584330	2	238363432	rs60222762	0.858849
2	238387228	rs7584330	2	238364039	rs937386	0.798353
2	238387228	rs7584330	2	238364342	rs7568588	0.858849
2	238387228	rs7584330	2	238364492	rs7595979	0.858849
2	238387228	rs7584330	2	238364776	rs7598954	0.798353
2	238387228	rs7584330	2	238365159	rs60187585	0.858849
2	238387228	rs7584330	2	238365210	rs72248967	0.858849
2	238387228	rs7584330	2	238365230	rs61212490	0.858849
2	238387228	rs7584330	2	238365528	rs12469894	0.858849
2	238387228	rs7584330	2	238365637	rs12465714	0.858849
2	238387228	rs7584330	2	238366317	rs77922291	0.858849
2	238387228	rs7584330	2	238367130	rs937392	0.863882
2	238387228	rs7584330	2	238367420	rs1390985	0.858375
2	238387228	rs7584330	2	238368730	rs9287620	0.838916
2	238387228	rs7584330	2	238368751	rs10445707	0.863882
2	238387228	rs7584330	2	238368925	rs6709497	0.859786
2	238387228	rs7584330	2	238369184	rs1497129	0.863882
2	238387228	rs7584330	2	238369211	rs1497128	0.853852
2	238387228	rs7584330	2	238369282	rs1497127	0.853852
2	238387228	rs7584330	2	238370509	rs6758047	0.858375
2	238387228	rs7584330	2	238370610	rs6750895	0.858375
2	238387228	rs7584330	2	238370658	rs6751019	0.853852
2	238387228	rs7584330	2	238370893	rs12464906	0.768321
2	238387228	rs7584330	2	238372255	rs192687018	0.857484
2	238387228	rs7584330	2	238372700	rs28531854	0.768321
2	238387228	rs7584330	2	238372824	rs28725355	0.752619
2	238387228	rs7584330	2	238372896	rs7607231	0.853852
2	238387228	rs7584330	2	238373350	rs13394694	0.295973
2	238387228	rs7584330	2	238373362	rs551840055	0.24677
2	238387228	rs7584330	2	238373374	rs13429745	0.111689
2	238387228	rs7584330	2	238373537	rs370710113	0.643498
2	238387228	rs7584330	2	238373580	rs149967202	0.654965
2	238387228	rs7584330	2	238373655	rs57700932	0.757481
2	238387228	rs7584330	2	238373657	rs57079712	0.757303
2	238387228	rs7584330	2	238374318	rs60671275	0.768321
2	238387228	rs7584330	2	238374824	rs13398506	0.830614
2	238387228	rs7584330	2	238374957	rs4402703	0.830614
2	238387228	rs7584330	2	238375494	rs13386174	0.836016
2	238387228	rs7584330	2	238376190	rs6431541	0.859399
2	238387228	rs7584330	2	238377012	rs12474519	0.84145
2	238387228	rs7584330	2	238378476	rs7582828	0.856775
2	238387228	rs7584330	2	238378644	rs58223447	0.795446
2	238387228	rs7584330	2	238378749	rs937395	0.867034
2	238387228	rs7584330	2	238379582	rs72620822	0.795446
2	238387228	rs7584330	2	238380034	rs10929234	0.795446
2	238387228	rs7584330	2	238380266	rs9973650	0.843496
2	238387228	rs7584330	2	238380272	rs10929235	0.795446
2	238387228	rs7584330	2	238381083	rs72620824	0.816478
2	238387228	rs7584330	2	238381243	rs72620825	0.804477
2	238387228	rs7584330	2	238381729	rs7604315	0.855429
2	238387228	rs7584330	2	238382899	rs13408361	0.882088
2	238387228	rs7584330	2	238383028	rs7571898	0.882088
2	238387228	rs7584330	2	238383073	rs7569197	0.882088
2	238387228	rs7584330	2	238384046	rs6722471	0.905014
2	238387228	rs7584330	2	238384530	rs551677993	0.383883
2	238387228	rs7584330	2	238384784	rs76408976	0.467111
2	238387228	rs7584330	2	238384819	rs72620826	0.302639
2	238387228	rs7584330	2	238385092	rs6739456	0.485553
2	238387228	rs7584330	2	238385126	rs6729659	1
2	238387228	rs7584330	2	238385766	rs7582964	0.513717
2	238387228	rs7584330	2	238386195	rs36030838	0.302639
2	238387228	rs7584330	2	238386286	rs2325839	0.878423
2	238387228	rs7584330	2	238386515	rs2325838	0.482056
2	238387228	rs7584330	2	238387228	rs7584330	1
2	238387228	rs7584330	2	238387332	rs72620827	0.302639
2	238387228	rs7584330	2	238387632	rs7587496	0.482056
2	238387228	rs7584330	2	238387673	rs143014131	0.569222
2	238387228	rs7584330	2	238387996	rs74688400	0.302639
2	238387228	rs7584330	2	238388631	rs13432426	0.99425
2	238387228	rs7584330	2	238388792	rs13390494	0.99425
2	238387228	rs7584330	2	238388978	rs13390704	0.32599
2	238387228	rs7584330	2	238389739	rs73098849	0.562413
2	238387228	rs7584330	2	238389855	rs58643200	0.99425
2	238387228	rs7584330	2	238389862	rs72620828	0.302639
2	238387228	rs7584330	2	238390686	rs7565264	0.32599
2	238387228	rs7584330	2	238390739	rs7591065	0.592568
2	238387228	rs7584330	2	238390745	rs7581882	0.99425
2	238387228	rs7584330	2	238392000	rs72620829	0.318356
2	238387228	rs7584330	2	238392143	rs10660831	0.99425
2	238387228	rs7584330	2	238392538	rs12612240	0.475343
2	238387228	rs7584330	2	238392665	rs111845861	0.302639
2	238387228	rs7584330	2	238393136	rs13386290	0.862105
2	238387228	rs7584330	2	238393288	rs6740722	0.475343
2	238387228	rs7584330	2	238393434	rs6737914	0.960943
2	238387228	rs7584330	2	238394913	rs7606177	0.960943
2	238387228	rs7584330	2	238395394	rs66509917	0.960943
2	238387228	rs7584330	2	238395429	rs67071074	0.872438
2	238387228	rs7584330	2	238395479	rs58057291	0.830552
2	238387228	rs7584330	2	238395708	rs1574530	0.563564
2	238387228	rs7584330	2	238395789	rs3049924	0.475343
2	238387228	rs7584330	2	238395813	rs17524101	0.267956
2	238387228	rs7584330	2	238395871	rs1574529	0.328647
2	238387228	rs7584330	2	238396741	rs880931	0.475343
2	238387228	rs7584330	2	238396872	rs880930	0.881873
2	238387228	rs7584330	2	238396963	rs880932	0.881873
2	238387228	rs7584330	2	238396985	rs72620830	0.881873
2	238387228	rs7584330	2	238398165	rs6760842	0.850577
2	238387228	rs7584330	2	238398182	rs6713555	0.870919
2	238387228	rs7584330	2	238398268	rs6760963	0.533566
2	238387228	rs7584330	2	238398580	rs6706729	0.460292
2	238387228	rs7584330	2	238398826	rs80151891	0.468733
2	238387228	rs7584330	2	238399130	rs77956735	0.475343
2	238387228	rs7584330	2	238400036	rs6757376	0.943641
2	238387228	rs7584330	2	238400645	rs6760890	0.475343
2	238387228	rs7584330	2	238400702	rs6760913	0.475343
2	238387228	rs7584330	2	238400743	rs12467572	0.288683
2	238387228	rs7584330	2	238401389	rs12465015	0.304834
2	238387228	rs7584330	2	238401784	rs12465081	0.927501
2	238387228	rs7584330	2	238402830	rs77856818	0.468733
2	238387228	rs7584330	2	238405074	rs59214542	0.273473
2	238387228	rs7584330	2	238405606	rs6713838	0.273687
2	238387228	rs7584330	2	238405871	rs6711160	0.273473
2	238387228	rs7584330	2	238406337	rs66467838	0.273473
2	238387228	rs7584330	2	238406366	rs10186010	0.28613
2	238387228	rs7584330	2	238406604	rs10196831	0.292396
2	238387228	rs7584330	2	238406966	rs57319024	0.266669
2	238387228	rs7584330	2	238407124	rs59145502	0.266669
2	238387228	rs7584330	2	238407350	rs67815105	0.242798
2	238387228	rs7584330	2	238407680	rs72620831	0.277832
2	238387228	rs7584330	2	238408128	rs10192449	0.250641
2	238387228	rs7584330	2	238408404	rs10200848	0.250641
2	238387228	rs7584330	2	238408720	rs28503917	0.250641
2	238387228	rs7584330	2	238408727	rs59550850	0.277832
2	238387228	rs7584330	2	238408923	rs61153258	0.250641
2	238387228	rs7584330	2	238409008	rs13413065	0.244967
2	238387228	rs7584330	2	238409112	rs13413170	0.250641
2	238387228	rs7584330	2	238409261	rs77957237	0.11341
2	238387228	rs7584330	2	238410068	rs35847523	0.259219
2	238387228	rs7584330	2	238410069	rs35233322	0.256449
2	238387228	rs7584330	2	238410353	rs58025064	0.27082
2	238387228	rs7584330	2	238410952	rs59970246	0.277832
2	238387228	rs7584330	2	238411851	rs7577227	0.253414
2	238387228	rs7584330	2	238412103	rs7565387	0.259219
2	238387228	rs7584330	2	238412392	rs1463795	0.747734
2	238387228	rs7584330	2	238413206	rs7572008	0.239458
2	238387228	rs7584330	2	238413338	rs7569427	0.239458
2	238387228	rs7584330	2	238413566	rs78358347	0.299181
2	238387228	rs7584330	2	238413576	rs12468452	0.262955
2	238387228	rs7584330	2	238413600	rs6724766	0.747734
2	238387228	rs7584330	2	238415117	rs12469812	0.262955
2	238387228	rs7584330	2	238416524	rs10187185	0.76347
2	238387228	rs7584330	2	238416611	rs75393846	0.129084
2	238387228	rs7584330	2	238416786	rs7583768	0.757949
2	238387228	rs7584330	2	238416858	rs7595883	0.262744
2	238387228	rs7584330	2	238417363	rs6737888	0.76347
2	238387228	rs7584330	2	238417728	rs6431544	0.76347
2	238387228	rs7584330	2	238419611	rs2292879	0.752474
2	238387228	rs7584330	2	238419959	rs79618460	0.421976
2	238387228	rs7584330	2	238421033	rs66486735	0.272054
2	238387228	rs7584330	2	238421349	rs3087553	0.658555
2	238387228	rs7584330	2	238422228	rs6736468	0.422534
2	238387228	rs7584330	2	238423442	rs6740834	0.409485
2	238387228	rs7584330	2	238423791	rs6743992	0.160269
2	238387228	rs7584330	2	238423925	rs79785469	0.345951
2	238387228	rs7584330	2	238424418	rs74001383	0.411797
2	238387228	rs7584330	2	238424530	rs74001384	0.411797
2	238387228	rs7584330	2	238424671	rs11884238	0.411797
2	238387228	rs7584330	2	238424684	rs6744807	0.415357
2	238387228	rs7584330	2	238424763	rs11888077	0.444849
2	238387228	rs7584330	2	238425004	rs729388	0.358761
2	238387228	rs7584330	2	238425118	rs729389	0.411797
2	238387228	rs7584330	2	238425283	rs11884519	0.358761
2	238387228	rs7584330	2	238425333	rs74001386	0.411797
2	238387228	rs7584330	2	238425352	rs67482783	0.213868
2	238387228	rs7584330	2	238425423	rs559165745	0.399495
2	238387228	rs7584330	2	238425473	rs201705751	0.208029
2	238387228	rs7584330	2	238425556	rs57188478	0.170776
2	238387228	rs7584330	2	238425557	rs60379223	0.170776
2	238387228	rs7584330	2	238425594	rs113271883	0.411797
2	238387228	rs7584330	2	238425640	rs572802780;rs573630068;rs577630622;rs566032470	0.178581
2	238387228	rs7584330	2	238425834	rs79020383	0.394899
2	238387228	rs7584330	2	238425883	rs62186170	0.411797
2	238387228	rs7584330	2	238425992	rs76605518	0.411797
2	238387228	rs7584330	2	238426204	rs75548261	0.401227
2	238387228	rs7584330	2	238426204	rs149344362	0.403792
2	238387228	rs7584330	2	238426287	rs75918156	0.411797
2	238387228	rs7584330	2	238426328	rs537032255;rs534774021	0.592514
2	238387228	rs7584330	2	238426372	rs146832634	0.490961
2	238387228	rs7584330	2	238426458	rs74449293	0.411797
2	238387228	rs7584330	2	238426551	rs77380873	0.444849
2	238387228	rs7584330	2	238426625	rs74832280	0.411797
2	238387228	rs7584330	2	238426750	rs76980036	0.411797
2	238387228	rs7584330	2	238426768	rs543316247;rs544218366	0.405924
2	238387228	rs7584330	2	238426890	rs79213383	0.411797
2	238387228	rs7584330	2	238426953	rs3751111	0.411797
2	238387228	rs7584330	2	238427142	rs3751110	0.411797
2	238387228	rs7584330	2	238427194	rs3751109	0.411797
2	238387228	rs7584330	2	238427251	rs3751107	0.411797
2	238387228	rs7584330	2	238427731	rs10660491	0.406458
2	238387228	rs7584330	2	238427734	rs371522923	0.402459
2	238387228	rs7584330	2	238427808	rs6712927	0.358761
2	238387228	rs7584330	2	238427940	rs6742601	0.38309
2	238387228	rs7584330	2	238428132	rs61213635	0.371694
2	238387228	rs7584330	2	238428186	rs10184904	0.62563
2	238387228	rs7584330	2	238428256	rs10176842	0.62563
2	238387228	rs7584330	2	238428327	rs56853932	0.417471
2	238387228	rs7584330	2	238428330	rs57140815	0.371694
2	238387228	rs7584330	2	238428418	rs3751106	0.371694
2	238387228	rs7584330	2	238428454	rs75559690	0.451113
2	238387228	rs7584330	2	238428459	rs3751105	0.417471
2	238387228	rs7584330	2	238428823	rs55919896	0.365704
2	238387228	rs7584330	2	238428961	rs78063959	0.415594
2	238387228	rs7584330	2	238429058	rs112402109	0.415594
2	238387228	rs7584330	2	238429538	rs111512641	0.412552
2	238387228	rs7584330	2	238429818	rs76519914	0.412552
2	238387228	rs7584330	2	238429844	rs80149249	0.412552
2	238387228	rs7584330	2	238429852	rs79071719	0.412552
2	238387228	rs7584330	2	238429943	rs6729415	0.369786
2	238387228	rs7584330	2	238430063	rs80188539	0.440457
2	238387228	rs7584330	2	238430138	rs74475275	0.415594
2	238387228	rs7584330	2	238430168	rs112077221	0.444849
2	238387228	rs7584330	2	238430231	rs59520579	0.408782
2	238387228	rs7584330	2	238430273	rs13392410	0.408782
2	238387228	rs7584330	2	238430275	rs13431733	0.408782
2	238387228	rs7584330	2	238430325	rs13418641;rs113081231	0.408062
2	238387228	rs7584330	2	238430451	rs111339512	0.39774
2	238387228	rs7584330	2	238430454	rs113280486	0.39774
2	238387228	rs7584330	2	238430471	rs60604278	0.39774
2	238387228	rs7584330	2	238430476	rs74001391	0.39774
2	238387228	rs7584330	2	238431127	rs10168932	0.227552
2	238387228	rs7584330	2	238431257	rs116656801	0.412327
2	238387228	rs7584330	2	238431304	rs147897212	0.408782
2	238387228	rs7584330	2	238431434	rs77009515	0.408782
2	238387228	rs7584330	2	238431435	rs76364880	0.408782
2	238387228	rs7584330	2	238431638	rs73100920	0.408782
2	238387228	rs7584330	2	238431832	rs77648388	0.441353
2	238387228	rs7584330	2	238431927	rs13399198	0.408782
2	238387228	rs7584330	2	238432187	rs77287919	0.441353
2	238387228	rs7584330	2	238432212	rs13390651	0.408782
2	238387228	rs7584330	2	238432269	rs13425823	0.408782
2	238387228	rs7584330	2	238432291	rs13399633	0.408782
2	238387228	rs7584330	2	238432343	rs13399735	0.408782
2	238387228	rs7584330	2	238432558	rs148059178	0.405923
2	238387228	rs7584330	2	238432559	rs114331205	0.408782
2	238387228	rs7584330	2	238432619	rs13390883	0.408782
2	238387228	rs7584330	2	238432760	rs12478122	0.195072
2	238387228	rs7584330	2	238432766	rs11903073	0.408782
2	238387228	rs7584330	2	238432809	rs11892169	0.408782
2	238387228	rs7584330	2	238433040	rs10173100	0.408782
2	238387228	rs7584330	2	238433225	rs10208231	0.408782
2	238387228	rs7584330	2	238433307	rs10183995	0.408782
2	238387228	rs7584330	2	238433406	rs144000832	0.408782
2	238387228	rs7584330	2	238433449	rs10176035	0.408782
2	238387228	rs7584330	2	238433818	rs10178682	0.408782
2	238387228	rs7584330	2	238433965	rs6705908	0.366418
2	238387228	rs7584330	2	238434249	rs2292881	0.195072
2	238387228	rs7584330	2	238434434	rs11883500	0.408782
2	238387228	rs7584330	2	238434605	rs11890255	0.408782
2	238387228	rs7584330	2	238434702	rs11891426	0.366418
2	238387228	rs7584330	2	238434705	rs11890307	0.408782
2	238387228	rs7584330	2	238434942	rs7598035	0.408782
2	238387228	rs7584330	2	238434943	rs7558685	0.408782
2	238387228	rs7584330	2	238435054	rs7570873	0.408782
2	238387228	rs7584330	2	238435086	rs7570882	0.627077
2	238387228	rs7584330	2	238435241	rs7561919	0.444849
2	238387228	rs7584330	2	238435265	rs7598417	0.366418
2	238387228	rs7584330	2	238435305	rs7571100	0.408782
2	238387228	rs7584330	2	238435306	rs7559057	0.408782
2	238387228	rs7584330	2	238435398	rs7598559	0.408782
2	238387228	rs7584330	2	238435482	rs10190935	0.408782
2	238387228	rs7584330	2	238435546	rs10185109	0.414385
2	238387228	rs7584330	2	238436463	rs77194105	0.441353
2	238387228	rs7584330	2	238436502	rs1979762	0.6066
2	238387228	rs7584330	2	238436959	rs143871094	0.408782
2	238387228	rs7584330	2	238437080	rs10186470	0.6066
2	238387228	rs7584330	2	238437245	rs12471805	0.132166
2	238387228	rs7584330	2	238437333	rs34810686	0.132166
2	238387228	rs7584330	2	238437364	rs74478860	0.444849
2	238387228	rs7584330	2	238437554	rs13395743	0.398323
2	238387228	rs7584330	2	238437560	rs13411613	0.398323
2	238387228	rs7584330	2	238437623	rs13420503	0.408782
2	238387228	rs7584330	2	238437789	rs12475576	0.132166
2	238387228	rs7584330	2	238437803	rs7609087	0.612725
2	238387228	rs7584330	2	238437833	rs148907132	0.408782
2	238387228	rs7584330	2	238437835	rs13409241	0.612725
2	238387228	rs7584330	2	238437842	rs112810114	0.405923
2	238387228	rs7584330	2	238438055	rs78856668	0.435279
2	238387228	rs7584330	2	238438124	rs11896232	0.6066
2	238387228	rs7584330	2	238438200	rs57586287	0.132166
2	238387228	rs7584330	2	238438346	rs56840327	0.127149
2	238387228	rs7584330	2	238438395	rs11889660	0.436309
2	238387228	rs7584330	2	238438513	rs60426519	0.130535
2	238387228	rs7584330	2	238438630	rs67760028	0.130535
2	238387228	rs7584330	2	238438658	rs68001503	0.18386
2	238387228	rs7584330	2	238438672	rs73100941	0.18386
2	238387228	rs7584330	2	238438682	rs67317751	0.18386
2	238387228	rs7584330	2	238438861	rs938997	0.143566
2	238387228	rs7584330	2	238439020	rs1878815	0.130535
2	238387228	rs7584330	2	238439073	rs7585969	0.436309
2	238387228	rs7584330	2	238439089	rs7585975	0.436309
2	238387228	rs7584330	2	238439237	rs67488171	0.130535
2	238387228	rs7584330	2	238439313	rs2875755	0.130535
2	238387228	rs7584330	2	238439344	rs67192671	0.130505
2	238387228	rs7584330	2	238439389	rs7586312	0.596449
2	238387228	rs7584330	2	238439494	rs1320201	0.130535
2	238387228	rs7584330	2	238439503	rs7574337	0.627965
2	238387228	rs7584330	2	238439537	rs1320202	0.130535
2	238387228	rs7584330	2	238440366	rs66572458	0.132166
2	238387228	rs7584330	2	238440449	rs11891348	0.618894
2	238387228	rs7584330	2	238440518	rs67880298	0.132166
2	238387228	rs7584330	2	238440972	rs77789507	0.441353
2	238387228	rs7584330	2	238441412	rs13404177	0.6066
2	238387228	rs7584330	2	238441751	rs12471291	0.64784
2	238387228	rs7584330	2	238442951	rs77180399	0.437875
2	238387228	rs7584330	2	238443000	rs2292883	0.173398
2	238387228	rs7584330	2	238443226	rs2292884	0.642755
2	238387228	rs7584330	2	238443407	rs2292885	0.588419
2	238387228	rs7584330	2	238443483	rs74970394	0.275679
2	238387228	rs7584330	2	238443509	rs12471827	0.173398
2	238387228	rs7584330	2	238443542	rs9646713	0.413922
2	238387228	rs7584330	2	238443784	rs9646716	0.413922
2	238387228	rs7584330	2	238443980	rs4355063	0.12113
2	238387228	rs7584330	2	238444467	rs7573177	0.413922
2	238387228	rs7584330	2	238444793	rs4420668	0.413922
2	238387228	rs7584330	2	238444881	rs1343768	0.413922
2	238387228	rs7584330	2	238445440	rs74001399	0.413922
2	238387228	rs7584330	2	238445593	rs13418586	0.588419
2	238387228	rs7584330	2	238445661	rs13405619	0.413922
2	238387228	rs7584330	2	238445803	rs6715245	0.441353
2	238387228	rs7584330	2	238445868	rs10563909	0.412078
2	238387228	rs7584330	2	238446242	rs10186871	0.118735
2	238387228	rs7584330	2	238446678	rs56881028	0.413922
2	238387228	rs7584330	2	238446699	rs74003103	0.441353
2	238387228	rs7584330	2	238446823	rs74003104	0.441353
2	238387228	rs7584330	2	238446851	rs74003105	0.441353
2	238387228	rs7584330	2	238447004	rs74003106	0.441353
2	238387228	rs7584330	2	238447168	rs13425580	0.609478
2	238387228	rs7584330	2	238447208	rs13383538	0.124595
2	238387228	rs7584330	2	238447295	rs13383648	0.124595
2	238387228	rs7584330	2	238447307	rs13422959	0.124595
2	238387228	rs7584330	2	238447775	rs28419147	0.122299
2	238387228	rs7584330	2	238447787	rs113449392	0.129713
2	238387228	rs7584330	2	238447929	rs80282956	0.441353
2	238387228	rs7584330	2	238447934	rs113812061	0.444849
2	238387228	rs7584330	2	238447940	rs13426236	0.606759
2	238387228	rs7584330	2	238447952	rs74003107;rs532826191	0.428693
2	238387228	rs7584330	2	238448000	rs74003108	0.429293
2	238387228	rs7584330	2	238448150	rs74003109	0.438776
2	238387228	rs7584330	2	238448188	rs74003110	0.355976
2	238387228	rs7584330	2	238448482	rs4663750	0.314619
2	238387228	rs7584330	2	238448712	rs13429533	0.614719
2	238387228	rs7584330	2	238448753	rs13429623	0.150477
2	238387228	rs7584330	2	238448768	rs74003113	0.409697
2	238387228	rs7584330	2	238449007	rs3817362	0.145114
2	238387228	rs7584330	2	238449023	rs3817363	0.131965
2	238387228	rs7584330	2	238449107	rs2271809	0.556277
2	238387228	rs7584330	2	238454152	rs139727526	0.342024
2	238387228	rs7584330	2	238454154	rs867306	0.354205
2	238387228	rs7584330	2	238454444	rs146154829	0.292052
2	238387228	rs7584330	2	238457684	rs10173589	0.173347
2	238387228	rs7584330	2	238460373	rs12620533	0.273544
2	238387228	rs7584330	2	238466538	rs60866447	0.146091
2	238387228	rs7584330	2	238474363	rs201122024	0.163883
2	238387228	rs7584330	2	238491003	rs2325810	0.195872
2	238387228	rs7584330	2	238491258	rs13404216	0.0921534
2	238387228	rs7584330	2	238497610	rs57747957	0.175965
2	238387228	rs7584330	2	238498931	rs75931343	0.178578
2	238387228	rs7584330	2	238499528	rs78523256	0.173399
2	238387228	rs7584330	2	238500149	rs79104302	0.176019
2	238387228	rs7584330	2	238500487	rs139154033	0.173399
2	238387228	rs7584330	2	238501241	rs116197326	0.170792
2	238440449	rs11891348	2	238317393	rs2645781	0.0927034
2	238440449	rs11891348	2	238321676	rs10929232	0.0927914
2	238440449	rs11891348	2	238351337	rs12471077	0.318043
2	238440449	rs11891348	2	238351347	rs12476059	0.358396
2	238440449	rs11891348	2	238352099	rs10202181	0.59756
2	238440449	rs11891348	2	238352128	rs10202195	0.606948
2	238440449	rs11891348	2	238352185	rs10202292	0.606948
2	238440449	rs11891348	2	238352206	rs139594347	0.568216
2	238440449	rs11891348	2	238352230	rs530696125	0.576895
2	238440449	rs11891348	2	238352282	rs10190310	0.609772
2	238440449	rs11891348	2	238352465	rs10202599	0.624354
2	238440449	rs11891348	2	238352484	rs10205112	0.609772
2	238440449	rs11891348	2	238352506	rs10202616	0.609772
2	238440449	rs11891348	2	238352898	rs7599658	0.624354
2	238440449	rs11891348	2	238353513	rs7600317	0.597943
2	238440449	rs11891348	2	238353604	rs72620816	0.620239
2	238440449	rs11891348	2	238353661	rs72620817	0.620239
2	238440449	rs11891348	2	238353776	rs10211024	0.59077
2	238440449	rs11891348	2	238354236	rs184779332;rs372389681	0.630385
2	238440449	rs11891348	2	238354238	rs75751873	0.631698
2	238440449	rs11891348	2	238354239	rs116069557	0.631698
2	238440449	rs11891348	2	238354652	rs72620818	0.631698
2	238440449	rs11891348	2	238354982	rs72620819	0.640244
2	238440449	rs11891348	2	238356795	rs7602387	0.609383
2	238440449	rs11891348	2	238357118	rs60278044	0.630503
2	238440449	rs11891348	2	238358584	rs60079197	0.62496
2	238440449	rs11891348	2	238358844	rs72620820	0.645406
2	238440449	rs11891348	2	238359366	rs11884395	0.602235
2	238440449	rs11891348	2	238359891	rs6758246	0.555679
2	238440449	rs11891348	2	238360708	rs6431539	0.555679
2	238440449	rs11891348	2	238360966	rs6431540	0.551767
2	238440449	rs11891348	2	238361089	rs7584314	0.563588
2	238440449	rs11891348	2	238361241	rs13397017	0.563588
2	238440449	rs11891348	2	238361650	rs11886117	0.555679
2	238440449	rs11891348	2	238362615	rs72620821	0.634673
2	238440449	rs11891348	2	238363432	rs60222762	0.563588
2	238440449	rs11891348	2	238364039	rs937386	0.634673
2	238440449	rs11891348	2	238364342	rs7568588	0.563588
2	238440449	rs11891348	2	238364492	rs7595979	0.563588
2	238440449	rs11891348	2	238364776	rs7598954	0.634673
2	238440449	rs11891348	2	238365159	rs60187585	0.563588
2	238440449	rs11891348	2	238365210	rs72248967	0.563588
2	238440449	rs11891348	2	238365230	rs61212490	0.563588
2	238440449	rs11891348	2	238365528	rs12469894	0.563588
2	238440449	rs11891348	2	238365637	rs12465714	0.563588
2	238440449	rs11891348	2	238366317	rs77922291	0.563588
2	238440449	rs11891348	2	238367130	rs937392	0.558936
2	238440449	rs11891348	2	238367420	rs1390985	0.56293
2	238440449	rs11891348	2	238368730	rs9287620	0.627569
2	238440449	rs11891348	2	238368751	rs10445707	0.558936
2	238440449	rs11891348	2	238368925	rs6709497	0.557342
2	238440449	rs11891348	2	238369184	rs1497129	0.558936
2	238440449	rs11891348	2	238369211	rs1497128	0.551035
2	238440449	rs11891348	2	238369282	rs1497127	0.551035
2	238440449	rs11891348	2	238370509	rs6758047	0.56293
2	238440449	rs11891348	2	238370610	rs6750895	0.554312
2	238440449	rs11891348	2	238370658	rs6751019	0.551035
2	238440449	rs11891348	2	238370893	rs12464906	0.645406
2	238440449	rs11891348	2	238372255	rs192687018	0.551954
2	238440449	rs11891348	2	238372700	rs28531854	0.645406
2	238440449	rs11891348	2	238372824	rs28725355	0.557125
2	238440449	rs11891348	2	238372896	rs7607231	0.551035
2	238440449	rs11891348	2	238373350	rs13394694	0.132929
2	238440449	rs11891348	2	238373362	rs551840055	0.148205
2	238440449	rs11891348	2	238373537	rs370710113	0.416643
2	238440449	rs11891348	2	238373580	rs149967202	0.457902
2	238440449	rs11891348	2	238373655	rs57700932	0.485197
2	238440449	rs11891348	2	238373657	rs57079712	0.477092
2	238440449	rs11891348	2	238374318	rs60671275	0.645406
2	238440449	rs11891348	2	238374824	rs13398506	0.538211
2	238440449	rs11891348	2	238374957	rs4402703	0.538211
2	238440449	rs11891348	2	238375494	rs13386174	0.542764
2	238440449	rs11891348	2	238376190	rs6431541	0.555679
2	238440449	rs11891348	2	238377012	rs12474519	0.538797
2	238440449	rs11891348	2	238378476	rs7582828	0.550786
2	238440449	rs11891348	2	238378644	rs58223447	0.670443
2	238440449	rs11891348	2	238378749	rs937395	0.567198
2	238440449	rs11891348	2	238379582	rs72620822	0.670443
2	238440449	rs11891348	2	238380034	rs10929234	0.670443
2	238440449	rs11891348	2	238380266	rs9973650	0.557553
2	238440449	rs11891348	2	238380272	rs10929235	0.670443
2	238440449	rs11891348	2	238381083	rs72620824	0.689125
2	238440449	rs11891348	2	238381243	rs72620825	0.678308
2	238440449	rs11891348	2	238381729	rs7604315	0.638428
2	238440449	rs11891348	2	238382899	rs13408361	0.654414
2	238440449	rs11891348	2	238383028	rs7571898	0.654414
2	238440449	rs11891348	2	238383073	rs7569197	0.654414
2	238440449	rs11891348	2	238384046	rs6722471	0.674044
2	238440449	rs11891348	2	238384530	rs551677993	0.0972501
2	238440449	rs11891348	2	238384784	rs76408976	0.486801
2	238440449	rs11891348	2	238384819	rs72620826	0.175922
2	238440449	rs11891348	2	238385092	rs6739456	0.495464
2	238440449	rs11891348	2	238385126	rs6729659	0.618894
2	238440449	rs11891348	2	238385766	rs7582964	0.482777
2	238440449	rs11891348	2	238386195	rs36030838	0.175922
2	238440449	rs11891348	2	238386286	rs2325839	0.687957
2	238440449	rs11891348	2	238386515	rs2325838	0.502362
2	238440449	rs11891348	2	238387228	rs7584330	0.618894
2	238440449	rs11891348	2	238387332	rs72620827	0.175922
2	238440449	rs11891348	2	238387632	rs7587496	0.502362
2	238440449	rs11891348	2	238387673	rs143014131	0.439028
2	238440449	rs11891348	2	238387996	rs74688400	0.175922
2	238440449	rs11891348	2	238388631	rs13432426	0.61451
2	238440449	rs11891348	2	238388792	rs13390494	0.61451
2	238440449	rs11891348	2	238388978	rs13390704	0.151397
2	238440449	rs11891348	2	238389739	rs73098849	0.433295
2	238440449	rs11891348	2	238389855	rs58643200	0.61451
2	238440449	rs11891348	2	238389862	rs72620828	0.175922
2	238440449	rs11891348	2	238390686	rs7565264	0.151397
2	238440449	rs11891348	2	238390739	rs7591065	0.424029
2	238440449	rs11891348	2	238390745	rs7581882	0.61451
2	238440449	rs11891348	2	238392000	rs72620829	0.146904
2	238440449	rs11891348	2	238392143	rs10660831	0.61451
2	238440449	rs11891348	2	238392538	rs12612240	0.495464
2	238440449	rs11891348	2	238392665	rs111845861	0.175922
2	238440449	rs11891348	2	238393136	rs13386290	0.68312
2	238440449	rs11891348	2	238393288	rs6740722	0.495464
2	238440449	rs11891348	2	238393434	rs6737914	0.591091
2	238440449	rs11891348	2	238394913	rs7606177	0.591091
2	238440449	rs11891348	2	238395394	rs66509917	0.591091
2	238440449	rs11891348	2	238395429	rs67071074	0.682787
2	238440449	rs11891348	2	238395479	rs58057291	0.705188
2	238440449	rs11891348	2	238395708	rs1574530	0.401278
2	238440449	rs11891348	2	238395789	rs3049924	0.495464
2	238440449	rs11891348	2	238395813	rs17524101	0.16346
2	238440449	rs11891348	2	238395871	rs1574529	0.154014
2	238440449	rs11891348	2	238396741	rs880931	0.495464
2	238440449	rs11891348	2	238396872	rs880930	0.629994
2	238440449	rs11891348	2	238396963	rs880932	0.629994
2	238440449	rs11891348	2	238396985	rs72620830	0.629994
2	238440449	rs11891348	2	238398165	rs6760842	0.691691
2	238440449	rs11891348	2	238398182	rs6713555	0.612045
2	238440449	rs11891348	2	238398268	rs6760963	0.409485
2	238440449	rs11891348	2	238398580	rs6706729	0.479792
2	238440449	rs11891348	2	238398826	rs80151891	0.499132
2	238440449	rs11891348	2	238399130	rs77956735	0.495464
2	238440449	rs11891348	2	238400036	rs6757376	0.593084
2	238440449	rs11891348	2	238400645	rs6760890	0.495464
2	238440449	rs11891348	2	238400702	rs6760913	0.495464
2	238440449	rs11891348	2	238400743	rs12467572	0.178725
2	238440449	rs11891348	2	238401389	rs12465015	0.109734
2	238440449	rs11891348	2	238401784	rs12465081	0.580608
2	238440449	rs11891348	2	238402830	rs77856818	0.499132
2	238440449	rs11891348	2	238405074	rs59214542	0.16342
2	238440449	rs11891348	2	238405606	rs6713838	0.132687
2	238440449	rs11891348	2	238405871	rs6711160	0.16342
2	238440449	rs11891348	2	238406337	rs66467838	0.16342
2	238440449	rs11891348	2	238406366	rs10186010	0.116043
2	238440449	rs11891348	2	238406604	rs10196831	0.119497
2	238440449	rs11891348	2	238406966	rs57319024	0.15865
2	238440449	rs11891348	2	238407124	rs59145502	0.15865
2	238440449	rs11891348	2	238407350	rs67815105	0.164932
2	238440449	rs11891348	2	238407680	rs72620831	0.197541
2	238440449	rs11891348	2	238408128	rs10192449	0.139717
2	238440449	rs11891348	2	238408404	rs10200848	0.139717
2	238440449	rs11891348	2	238408720	rs28503917	0.139717
2	238440449	rs11891348	2	238408727	rs59550850	0.197541
2	238440449	rs11891348	2	238408923	rs61153258	0.139717
2	238440449	rs11891348	2	238409008	rs13413065	0.135877
2	238440449	rs11891348	2	238409112	rs13413170	0.139717
2	238440449	rs11891348	2	238409261	rs77957237	0.118073
2	238440449	rs11891348	2	238410068	rs35847523	0.146225
2	238440449	rs11891348	2	238410069	rs35233322	0.150281
2	238440449	rs11891348	2	238410353	rs58025064	0.192017
2	238440449	rs11891348	2	238410952	rs59970246	0.197541
2	238440449	rs11891348	2	238411851	rs7577227	0.14227
2	238440449	rs11891348	2	238412103	rs7565387	0.146225
2	238440449	rs11891348	2	238412392	rs1463795	0.697287
2	238440449	rs11891348	2	238413206	rs7572008	0.143655
2	238440449	rs11891348	2	238413338	rs7569427	0.143655
2	238440449	rs11891348	2	238413566	rs78358347	0.372601
2	238440449	rs11891348	2	238413576	rs12468452	0.200522
2	238440449	rs11891348	2	238413600	rs6724766	0.697287
2	238440449	rs11891348	2	238415117	rs12469812	0.200522
2	238440449	rs11891348	2	238416524	rs10187185	0.764011
2	238440449	rs11891348	2	238416611	rs75393846	0.104392
2	238440449	rs11891348	2	238416786	rs7583768	0.769126
2	238440449	rs11891348	2	238416858	rs7595883	0.194822
2	238440449	rs11891348	2	238417363	rs6737888	0.764011
2	238440449	rs11891348	2	238417728	rs6431544	0.764011
2	238440449	rs11891348	2	238419611	rs2292879	0.774271
2	238440449	rs11891348	2	238419959	rs79618460	0.502122
2	238440449	rs11891348	2	238421033	rs66486735	0.219726
2	238440449	rs11891348	2	238421349	rs3087553	0.758385
2	238440449	rs11891348	2	238422228	rs6736468	0.450711
2	238440449	rs11891348	2	238423442	rs6740834	0.497457
2	238440449	rs11891348	2	238423791	rs6743992	0.313723
2	238440449	rs11891348	2	238423925	rs79785469	0.439282
2	238440449	rs11891348	2	238424418	rs74001383	0.47683
2	238440449	rs11891348	2	238424530	rs74001384	0.47683
2	238440449	rs11891348	2	238424671	rs11884238	0.47683
2	238440449	rs11891348	2	238424684	rs6744807	0.471147
2	238440449	rs11891348	2	238424763	rs11888077	0.547131
2	238440449	rs11891348	2	238425004	rs729388	0.527729
2	238440449	rs11891348	2	238425118	rs729389	0.47683
2	238440449	rs11891348	2	238425283	rs11884519	0.527729
2	238440449	rs11891348	2	238425333	rs74001386	0.47683
2	238440449	rs11891348	2	238425352	rs67482783	0.260038
2	238440449	rs11891348	2	238425423	rs559165745	0.492679
2	238440449	rs11891348	2	238425473	rs201705751	0.262805
2	238440449	rs11891348	2	238425556	rs57188478	0.195372
2	238440449	rs11891348	2	238425557	rs60379223	0.195372
2	238440449	rs11891348	2	238425594	rs113271883	0.47683
2	238440449	rs11891348	2	238425640	rs572802780;rs573630068;rs577630622;rs566032470	0.242418
2	238440449	rs11891348	2	238425834	rs79020383	0.45992
2	238440449	rs11891348	2	238425883	rs62186170	0.47683
2	238440449	rs11891348	2	238425992	rs76605518	0.47683
2	238440449	rs11891348	2	238426204	rs75548261	0.46543
2	238440449	rs11891348	2	238426204	rs149344362	0.469639
2	238440449	rs11891348	2	238426287	rs75918156	0.47683
2	238440449	rs11891348	2	238426328	rs537032255;rs534774021	0.840851
2	238440449	rs11891348	2	238426372	rs146832634	0.560441
2	238440449	rs11891348	2	238426458	rs74449293	0.47683
2	238440449	rs11891348	2	238426551	rs77380873	0.547131
2	238440449	rs11891348	2	238426625	rs74832280	0.47683
2	238440449	rs11891348	2	238426750	rs76980036	0.47683
2	238440449	rs11891348	2	238426768	rs543316247;rs544218366	0.503302
2	238440449	rs11891348	2	238426890	rs79213383	0.47683
2	238440449	rs11891348	2	238426953	rs3751111	0.47683
2	238440449	rs11891348	2	238427142	rs3751110	0.47683
2	238440449	rs11891348	2	238427194	rs3751109	0.47683
2	238440449	rs11891348	2	238427251	rs3751107	0.47683
2	238440449	rs11891348	2	238427731	rs10660491	0.500302
2	238440449	rs11891348	2	238427734	rs371522923	0.511733
2	238440449	rs11891348	2	238427808	rs6712927	0.527729
2	238440449	rs11891348	2	238427940	rs6742601	0.478611
2	238440449	rs11891348	2	238428132	rs61213635	0.512965
2	238440449	rs11891348	2	238428186	rs10184904	0.862402
2	238440449	rs11891348	2	238428256	rs10176842	0.862402
2	238440449	rs11891348	2	238428327	rs56853932	0.45441
2	238440449	rs11891348	2	238428330	rs57140815	0.512965
2	238440449	rs11891348	2	238428418	rs3751106	0.512965
2	238440449	rs11891348	2	238428454	rs75559690	0.512902
2	238440449	rs11891348	2	238428459	rs3751105	0.45441
2	238440449	rs11891348	2	238428823	rs55919896	0.535143
2	238440449	rs11891348	2	238428961	rs78063959	0.480603
2	238440449	rs11891348	2	238429058	rs112402109	0.480603
2	238440449	rs11891348	2	238429538	rs111512641	0.476811
2	238440449	rs11891348	2	238429818	rs76519914	0.476811
2	238440449	rs11891348	2	238429844	rs80149249	0.476811
2	238440449	rs11891348	2	238429852	rs79071719	0.476811
2	238440449	rs11891348	2	238429943	rs6729415	0.509537
2	238440449	rs11891348	2	238430063	rs80188539	0.541219
2	238440449	rs11891348	2	238430138	rs74475275	0.480603
2	238440449	rs11891348	2	238430168	rs112077221	0.547131
2	238440449	rs11891348	2	238430231	rs59520579	0.463689
2	238440449	rs11891348	2	238430273	rs13392410	0.463689
2	238440449	rs11891348	2	238430275	rs13431733	0.463689
2	238440449	rs11891348	2	238430325	rs13418641;rs113081231	0.463019
2	238440449	rs11891348	2	238430451	rs111339512	0.433714
2	238440449	rs11891348	2	238430454	rs113280486	0.433714
2	238440449	rs11891348	2	238430471	rs60604278	0.433714
2	238440449	rs11891348	2	238430476	rs74001391	0.433714
2	238440449	rs11891348	2	238431127	rs10168932	0.293154
2	238440449	rs11891348	2	238431257	rs116656801	0.476887
2	238440449	rs11891348	2	238431304	rs147897212	0.463689
2	238440449	rs11891348	2	238431434	rs77009515	0.463689
2	238440449	rs11891348	2	238431435	rs76364880	0.463689
2	238440449	rs11891348	2	238431638	rs73100920	0.463689
2	238440449	rs11891348	2	238431832	rs77648388	0.543351
2	238440449	rs11891348	2	238431927	rs13399198	0.463689
2	238440449	rs11891348	2	238432187	rs77287919	0.543351
2	238440449	rs11891348	2	238432212	rs13390651	0.463689
2	238440449	rs11891348	2	238432269	rs13425823	0.463689
2	238440449	rs11891348	2	238432291	rs13399633	0.463689
2	238440449	rs11891348	2	238432343	rs13399735	0.463689
2	238440449	rs11891348	2	238432558	rs148059178	0.460232
2	238440449	rs11891348	2	238432559	rs114331205	0.463689
2	238440449	rs11891348	2	238432619	rs13390883	0.463689
2	238440449	rs11891348	2	238432760	rs12478122	0.27858
2	238440449	rs11891348	2	238432766	rs11903073	0.463689
2	238440449	rs11891348	2	238432809	rs11892169	0.463689
2	238440449	rs11891348	2	238433040	rs10173100	0.463689
2	238440449	rs11891348	2	238433225	rs10208231	0.463689
2	238440449	rs11891348	2	238433307	rs10183995	0.463689
2	238440449	rs11891348	2	238433406	rs144000832	0.463689
2	238440449	rs11891348	2	238433449	rs10176035	0.463689
2	238440449	rs11891348	2	238433818	rs10178682	0.463689
2	238440449	rs11891348	2	238433965	rs6705908	0.496971
2	238440449	rs11891348	2	238434249	rs2292881	0.27858
2	238440449	rs11891348	2	238434434	rs11883500	0.463689
2	238440449	rs11891348	2	238434605	rs11890255	0.463689
2	238440449	rs11891348	2	238434702	rs11891426	0.496971
2	238440449	rs11891348	2	238434705	rs11890307	0.463689
2	238440449	rs11891348	2	238434942	rs7598035	0.463689
2	238440449	rs11891348	2	238434943	rs7558685	0.463689
2	238440449	rs11891348	2	238435054	rs7570873	0.463689
2	238440449	rs11891348	2	238435086	rs7570882	0.865412
2	238440449	rs11891348	2	238435241	rs7561919	0.547131
2	238440449	rs11891348	2	238435265	rs7598417	0.496971
2	238440449	rs11891348	2	238435305	rs7571100	0.463689
2	238440449	rs11891348	2	238435306	rs7559057	0.463689
2	238440449	rs11891348	2	238435398	rs7598559	0.463689
2	238440449	rs11891348	2	238435482	rs10190935	0.463689
2	238440449	rs11891348	2	238435546	rs10185109	0.442101
2	238440449	rs11891348	2	238436463	rs77194105	0.543351
2	238440449	rs11891348	2	238436502	rs1979762	0.894331
2	238440449	rs11891348	2	238436959	rs143871094	0.463689
2	238440449	rs11891348	2	238437080	rs10186470	0.894331
2	238440449	rs11891348	2	238437245	rs12471805	0.35005
2	238440449	rs11891348	2	238437333	rs34810686	0.35005
2	238440449	rs11891348	2	238437364	rs74478860	0.547131
2	238440449	rs11891348	2	238437554	rs13395743	0.451657
2	238440449	rs11891348	2	238437560	rs13411613	0.451657
2	238440449	rs11891348	2	238437623	rs13420503	0.463689
2	238440449	rs11891348	2	238437789	rs12475576	0.35005
2	238440449	rs11891348	2	238437803	rs7609087	0.878765
2	238440449	rs11891348	2	238437833	rs148907132	0.463689
2	238440449	rs11891348	2	238437835	rs13409241	0.878765
2	238440449	rs11891348	2	238437842	rs112810114	0.460232
2	238440449	rs11891348	2	238438055	rs78856668	0.536374
2	238440449	rs11891348	2	238438124	rs11896232	0.894331
2	238440449	rs11891348	2	238438200	rs57586287	0.35005
2	238440449	rs11891348	2	238438346	rs56840327	0.298677
2	238440449	rs11891348	2	238438395	rs11889660	0.52652
2	238440449	rs11891348	2	238438513	rs60426519	0.304573
2	238440449	rs11891348	2	238438630	rs67760028	0.304573
2	238440449	rs11891348	2	238438658	rs68001503	0.283979
2	238440449	rs11891348	2	238438672	rs73100941	0.283979
2	238440449	rs11891348	2	238438682	rs67317751	0.283979
2	238440449	rs11891348	2	238438861	rs938997	0.309465
2	238440449	rs11891348	2	238439020	rs1878815	0.304573
2	238440449	rs11891348	2	238439073	rs7585969	0.52652
2	238440449	rs11891348	2	238439089	rs7585975	0.52652
2	238440449	rs11891348	2	238439237	rs67488171	0.304573
2	238440449	rs11891348	2	238439313	rs2875755	0.304573
2	238440449	rs11891348	2	238439344	rs67192671	0.307953
2	238440449	rs11891348	2	238439389	rs7586312	0.914396
2	238440449	rs11891348	2	238439494	rs1320201	0.304573
2	238440449	rs11891348	2	238439503	rs7574337	0.865288
2	238440449	rs11891348	2	238439537	rs1320202	0.304573
2	238440449	rs11891348	2	238440366	rs66572458	0.35005
2	238440449	rs11891348	2	238440449	rs11891348	1
2	238440449	rs11891348	2	238440518	rs67880298	0.35005
2	238440449	rs11891348	2	238440972	rs77789507	0.543351
2	238440449	rs11891348	2	238441412	rs13404177	0.894331
2	238440449	rs11891348	2	238441751	rs12471291	0.796851
2	238440449	rs11891348	2	238442951	rs77180399	0.539591
2	238440449	rs11891348	2	238443000	rs2292883	0.281271
2	238440449	rs11891348	2	238443226	rs2292884	0.811992
2	238440449	rs11891348	2	238443407	rs2292885	0.882656
2	238440449	rs11891348	2	238443483	rs74970394	0.368094
2	238440449	rs11891348	2	238443509	rs12471827	0.281271
2	238440449	rs11891348	2	238443542	rs9646713	0.459906
2	238440449	rs11891348	2	238443784	rs9646716	0.459906
2	238440449	rs11891348	2	238443980	rs4355063	0.318856
2	238440449	rs11891348	2	238444467	rs7573177	0.459906
2	238440449	rs11891348	2	238444793	rs4420668	0.459906
2	238440449	rs11891348	2	238444881	rs1343768	0.459906
2	238440449	rs11891348	2	238445440	rs74001399	0.459906
2	238440449	rs11891348	2	238445593	rs13418586	0.882656
2	238440449	rs11891348	2	238445661	rs13405619	0.459906
2	238440449	rs11891348	2	238445803	rs6715245	0.543351
2	238440449	rs11891348	2	238445868	rs10563909	0.476815
2	238440449	rs11891348	2	238446242	rs10186871	0.325667
2	238440449	rs11891348	2	238446678	rs56881028	0.459906
2	238440449	rs11891348	2	238446699	rs74003103	0.543351
2	238440449	rs11891348	2	238446823	rs74003104	0.543351
2	238440449	rs11891348	2	238446851	rs74003105	0.543351
2	238440449	rs11891348	2	238447004	rs74003106	0.543351
2	238440449	rs11891348	2	238447168	rs13425580	0.853711
2	238440449	rs11891348	2	238447208	rs13383538	0.257438
2	238440449	rs11891348	2	238447295	rs13383648	0.257438
2	238440449	rs11891348	2	238447307	rs13422959	0.257438
2	238440449	rs11891348	2	238447775	rs28419147	0.322656
2	238440449	rs11891348	2	238447787	rs113449392	0.316684
2	238440449	rs11891348	2	238447929	rs80282956	0.543351
2	238440449	rs11891348	2	238447934	rs113812061	0.536374
2	238440449	rs11891348	2	238447940	rs13426236	0.910752
2	238440449	rs11891348	2	238447952	rs74003107;rs532826191	0.689173
2	238440449	rs11891348	2	238448000	rs74003108	0.529498
2	238440449	rs11891348	2	238448150	rs74003109	0.540162
2	238440449	rs11891348	2	238448188	rs74003110	0.532048
2	238440449	rs11891348	2	238448482	rs4663750	0.316061
2	238440449	rs11891348	2	238448712	rs13429533	0.802629
2	238440449	rs11891348	2	238448753	rs13429623	0.158139
2	238440449	rs11891348	2	238448768	rs74003113	0.465435
2	238440449	rs11891348	2	238449007	rs3817362	0.246271
2	238440449	rs11891348	2	238449023	rs3817363	0.21105
2	238440449	rs11891348	2	238449107	rs2271809	0.774319
2	238440449	rs11891348	2	238454152	rs139727526	0.377633
2	238440449	rs11891348	2	238454154	rs867306	0.432124
2	238440449	rs11891348	2	238454444	rs146154829	0.360136
2	238440449	rs11891348	2	238457684	rs10173589	0.177951
2	238440449	rs11891348	2	238460373	rs12620533	0.313419
2	238440449	rs11891348	2	238466538	rs60866447	0.205294
2	238440449	rs11891348	2	238474363	rs201122024	0.198876
2	238440449	rs11891348	2	238491003	rs2325810	0.228841
2	238440449	rs11891348	2	238491258	rs13404216	0.093333
2	238440449	rs11891348	2	238493118	rs6431547	0.0969617
2	238440449	rs11891348	2	238493182	rs7597767	0.100024
2	238440449	rs11891348	2	238497610	rs57747957	0.192454
2	238440449	rs11891348	2	238498931	rs75931343	0.195207
2	238440449	rs11891348	2	238499528	rs78523256	0.189708
2	238440449	rs11891348	2	238500149	rs79104302	0.192471
2	238440449	rs11891348	2	238500487	rs139154033	0.189708
2	238440449	rs11891348	2	238501241	rs116197326	0.186957
2	238443226	rs2292884	2	238351337	rs12471077	0.320249
2	238443226	rs2292884	2	238351347	rs12476059	0.379717
2	238443226	rs2292884	2	238352099	rs10202181	0.612671
2	238443226	rs2292884	2	238352128	rs10202195	0.621991
2	238443226	rs2292884	2	238352185	rs10202292	0.621991
2	238443226	rs2292884	2	238352206	rs139594347	0.588348
2	238443226	rs2292884	2	238352230	rs530696125	0.582996
2	238443226	rs2292884	2	238352241	rs10165879	0.107908
2	238443226	rs2292884	2	238352282	rs10190310	0.625005
2	238443226	rs2292884	2	238352465	rs10202599	0.629988
2	238443226	rs2292884	2	238352484	rs10205112	0.625005
2	238443226	rs2292884	2	238352506	rs10202616	0.625005
2	238443226	rs2292884	2	238352898	rs7599658	0.629988
2	238443226	rs2292884	2	238353513	rs7600317	0.594562
2	238443226	rs2292884	2	238353604	rs72620816	0.616362
2	238443226	rs2292884	2	238353661	rs72620817	0.616362
2	238443226	rs2292884	2	238353776	rs10211024	0.605835
2	238443226	rs2292884	2	238354236	rs184779332;rs372389681	0.616672
2	238443226	rs2292884	2	238354238	rs75751873	0.618006
2	238443226	rs2292884	2	238354239	rs116069557	0.618006
2	238443226	rs2292884	2	238354652	rs72620818	0.618006
2	238443226	rs2292884	2	238354982	rs72620819	0.626449
2	238443226	rs2292884	2	238356795	rs7602387	0.615225
2	238443226	rs2292884	2	238357118	rs60278044	0.636002
2	238443226	rs2292884	2	238358584	rs60079197	0.601574
2	238443226	rs2292884	2	238358844	rs72620820	0.631438
2	238443226	rs2292884	2	238359366	rs11884395	0.5989
2	238443226	rs2292884	2	238359891	rs6758246	0.587747
2	238443226	rs2292884	2	238360708	rs6431539	0.587747
2	238443226	rs2292884	2	238360966	rs6431540	0.583811
2	238443226	rs2292884	2	238361089	rs7584314	0.595705
2	238443226	rs2292884	2	238361241	rs13397017	0.595705
2	238443226	rs2292884	2	238361650	rs11886117	0.587747
2	238443226	rs2292884	2	238362615	rs72620821	0.649705
2	238443226	rs2292884	2	238363432	rs60222762	0.595705
2	238443226	rs2292884	2	238364039	rs937386	0.649705
2	238443226	rs2292884	2	238364342	rs7568588	0.595705
2	238443226	rs2292884	2	238364492	rs7595979	0.595705
2	238443226	rs2292884	2	238364776	rs7598954	0.649705
2	238443226	rs2292884	2	238365159	rs60187585	0.595705
2	238443226	rs2292884	2	238365210	rs72248967	0.595705
2	238443226	rs2292884	2	238365230	rs61212490	0.595705
2	238443226	rs2292884	2	238365528	rs12469894	0.595705
2	238443226	rs2292884	2	238365637	rs12465714	0.595705
2	238443226	rs2292884	2	238366317	rs77922291	0.595705
2	238443226	rs2292884	2	238367130	rs937392	0.59098
2	238443226	rs2292884	2	238367420	rs1390985	0.595
2	238443226	rs2292884	2	238368730	rs9287620	0.661278
2	238443226	rs2292884	2	238368751	rs10445707	0.59098
2	238443226	rs2292884	2	238368925	rs6709497	0.589103
2	238443226	rs2292884	2	238369184	rs1497129	0.59098
2	238443226	rs2292884	2	238369211	rs1497128	0.583028
2	238443226	rs2292884	2	238369282	rs1497127	0.583028
2	238443226	rs2292884	2	238370509	rs6758047	0.595
2	238443226	rs2292884	2	238370610	rs6750895	0.586285
2	238443226	rs2292884	2	238370658	rs6751019	0.583028
2	238443226	rs2292884	2	238370893	rs12464906	0.631438
2	238443226	rs2292884	2	238372255	rs192687018	0.584188
2	238443226	rs2292884	2	238372700	rs28531854	0.631438
2	238443226	rs2292884	2	238372824	rs28725355	0.589645
2	238443226	rs2292884	2	238372896	rs7607231	0.583028
2	238443226	rs2292884	2	238373350	rs13394694	0.170331
2	238443226	rs2292884	2	238373362	rs551840055	0.152499
2	238443226	rs2292884	2	238373537	rs370710113	0.425131
2	238443226	rs2292884	2	238373580	rs149967202	0.439815
2	238443226	rs2292884	2	238373655	rs57700932	0.509278
2	238443226	rs2292884	2	238373657	rs57079712	0.501132
2	238443226	rs2292884	2	238374318	rs60671275	0.631438
2	238443226	rs2292884	2	238374824	rs13398506	0.570225
2	238443226	rs2292884	2	238374957	rs4402703	0.570225
2	238443226	rs2292884	2	238375494	rs13386174	0.574851
2	238443226	rs2292884	2	238376190	rs6431541	0.587747
2	238443226	rs2292884	2	238377012	rs12474519	0.570853
2	238443226	rs2292884	2	238378476	rs7582828	0.574249
2	238443226	rs2292884	2	238378644	rs58223447	0.655762
2	238443226	rs2292884	2	238378749	rs937395	0.590652
2	238443226	rs2292884	2	238379582	rs72620822	0.655762
2	238443226	rs2292884	2	238380034	rs10929234	0.655762
2	238443226	rs2292884	2	238380266	rs9973650	0.658522
2	238443226	rs2292884	2	238380272	rs10929235	0.655762
2	238443226	rs2292884	2	238381083	rs72620824	0.673981
2	238443226	rs2292884	2	238381243	rs72620825	0.663525
2	238443226	rs2292884	2	238381729	rs7604315	0.672902
2	238443226	rs2292884	2	238382899	rs13408361	0.688711
2	238443226	rs2292884	2	238383028	rs7571898	0.688711
2	238443226	rs2292884	2	238383073	rs7569197	0.688711
2	238443226	rs2292884	2	238384046	rs6722471	0.698606
2	238443226	rs2292884	2	238384530	rs551677993	0.127482
2	238443226	rs2292884	2	238384784	rs76408976	0.455265
2	238443226	rs2292884	2	238384819	rs72620826	0.188121
2	238443226	rs2292884	2	238385092	rs6739456	0.464048
2	238443226	rs2292884	2	238385126	rs6729659	0.642755
2	238443226	rs2292884	2	238385766	rs7582964	0.482085
2	238443226	rs2292884	2	238386195	rs36030838	0.188121
2	238443226	rs2292884	2	238386286	rs2325839	0.682939
2	238443226	rs2292884	2	238386515	rs2325838	0.470537
2	238443226	rs2292884	2	238387228	rs7584330	0.642755
2	238443226	rs2292884	2	238387332	rs72620827	0.188121
2	238443226	rs2292884	2	238387632	rs7587496	0.470537
2	238443226	rs2292884	2	238387673	rs143014131	0.411415
2	238443226	rs2292884	2	238387996	rs74688400	0.188121
2	238443226	rs2292884	2	238388631	rs13432426	0.63838
2	238443226	rs2292884	2	238388792	rs13390494	0.63838
2	238443226	rs2292884	2	238388978	rs13390704	0.170229
2	238443226	rs2292884	2	238389739	rs73098849	0.406017
2	238443226	rs2292884	2	238389855	rs58643200	0.63838
2	238443226	rs2292884	2	238389862	rs72620828	0.188121
2	238443226	rs2292884	2	238390686	rs7565264	0.170229
2	238443226	rs2292884	2	238390739	rs7591065	0.424303
2	238443226	rs2292884	2	238390745	rs7581882	0.63838
2	238443226	rs2292884	2	238392000	rs72620829	0.165449
2	238443226	rs2292884	2	238392143	rs10660831	0.63838
2	238443226	rs2292884	2	238392538	rs12612240	0.464048
2	238443226	rs2292884	2	238392665	rs111845861	0.188121
2	238443226	rs2292884	2	238393136	rs13386290	0.678172
2	238443226	rs2292884	2	238393288	rs6740722	0.464048
2	238443226	rs2292884	2	238393434	rs6737914	0.614764
2	238443226	rs2292884	2	238394913	rs7606177	0.614764
2	238443226	rs2292884	2	238395394	rs66509917	0.614764
2	238443226	rs2292884	2	238395429	rs67071074	0.677899
2	238443226	rs2292884	2	238395479	rs58057291	0.689747
2	238443226	rs2292884	2	238395708	rs1574530	0.401976
2	238443226	rs2292884	2	238395789	rs3049924	0.464048
2	238443226	rs2292884	2	238395813	rs17524101	0.168325
2	238443226	rs2292884	2	238395871	rs1574529	0.172864
2	238443226	rs2292884	2	238396741	rs880931	0.464048
2	238443226	rs2292884	2	238396872	rs880930	0.617083
2	238443226	rs2292884	2	238396963	rs880932	0.617083
2	238443226	rs2292884	2	238396985	rs72620830	0.617083
2	238443226	rs2292884	2	238398165	rs6760842	0.696654
2	238443226	rs2292884	2	238398182	rs6713555	0.608737
2	238443226	rs2292884	2	238398268	rs6760963	0.383702
2	238443226	rs2292884	2	238398580	rs6706729	0.448678
2	238443226	rs2292884	2	238398826	rs80151891	0.467617
2	238443226	rs2292884	2	238399130	rs77956735	0.464048
2	238443226	rs2292884	2	238400036	rs6757376	0.62604
2	238443226	rs2292884	2	238400645	rs6760890	0.464048
2	238443226	rs2292884	2	238400702	rs6760913	0.464048
2	238443226	rs2292884	2	238400743	rs12467572	0.19973
2	238443226	rs2292884	2	238401389	rs12465015	0.124784
2	238443226	rs2292884	2	238401784	rs12465081	0.622501
2	238443226	rs2292884	2	238402830	rs77856818	0.467617
2	238443226	rs2292884	2	238405074	rs59214542	0.18285
2	238443226	rs2292884	2	238405606	rs6713838	0.164129
2	238443226	rs2292884	2	238405871	rs6711160	0.18285
2	238443226	rs2292884	2	238406337	rs66467838	0.18285
2	238443226	rs2292884	2	238406366	rs10186010	0.1644
2	238443226	rs2292884	2	238406604	rs10196831	0.168645
2	238443226	rs2292884	2	238406966	rs57319024	0.185509
2	238443226	rs2292884	2	238407124	rs59145502	0.185509
2	238443226	rs2292884	2	238407350	rs67815105	0.19088
2	238443226	rs2292884	2	238407680	rs72620831	0.218455
2	238443226	rs2292884	2	238408128	rs10192449	0.170405
2	238443226	rs2292884	2	238408404	rs10200848	0.170405
2	238443226	rs2292884	2	238408720	rs28503917	0.170405
2	238443226	rs2292884	2	238408727	rs59550850	0.218455
2	238443226	rs2292884	2	238408923	rs61153258	0.170405
2	238443226	rs2292884	2	238409008	rs13413065	0.166106
2	238443226	rs2292884	2	238409112	rs13413170	0.170405
2	238443226	rs2292884	2	238409261	rs77957237	0.12571
2	238443226	rs2292884	2	238410068	rs35847523	0.170405
2	238443226	rs2292884	2	238410069	rs35233322	0.174809
2	238443226	rs2292884	2	238410353	rs58025064	0.221152
2	238443226	rs2292884	2	238410952	rs59970246	0.218455
2	238443226	rs2292884	2	238411851	rs7577227	0.173049
2	238443226	rs2292884	2	238412103	rs7565387	0.170405
2	238443226	rs2292884	2	238412392	rs1463795	0.722178
2	238443226	rs2292884	2	238413206	rs7572008	0.174809
2	238443226	rs2292884	2	238413338	rs7569427	0.174809
2	238443226	rs2292884	2	238413566	rs78358347	0.343953
2	238443226	rs2292884	2	238413576	rs12468452	0.221775
2	238443226	rs2292884	2	238413600	rs6724766	0.722178
2	238443226	rs2292884	2	238415117	rs12469812	0.221775
2	238443226	rs2292884	2	238416524	rs10187185	0.768048
2	238443226	rs2292884	2	238416611	rs75393846	0.111384
2	238443226	rs2292884	2	238416786	rs7583768	0.762628
2	238443226	rs2292884	2	238416858	rs7595883	0.215106
2	238443226	rs2292884	2	238417363	rs6737888	0.768048
2	238443226	rs2292884	2	238417728	rs6431544	0.768048
2	238443226	rs2292884	2	238419611	rs2292879	0.767696
2	238443226	rs2292884	2	238419959	rs79618460	0.480291
2	238443226	rs2292884	2	238421033	rs66486735	0.240794
2	238443226	rs2292884	2	238421349	rs3087553	0.68464
2	238443226	rs2292884	2	238422228	rs6736468	0.575992
2	238443226	rs2292884	2	238423442	rs6740834	0.584404
2	238443226	rs2292884	2	238423791	rs6743992	0.226234
2	238443226	rs2292884	2	238423925	rs79785469	0.421511
2	238443226	rs2292884	2	238424418	rs74001383	0.595112
2	238443226	rs2292884	2	238424530	rs74001384	0.595112
2	238443226	rs2292884	2	238424671	rs11884238	0.595112
2	238443226	rs2292884	2	238424684	rs6744807	0.588659
2	238443226	rs2292884	2	238424763	rs11888077	0.534597
2	238443226	rs2292884	2	238425004	rs729388	0.525778
2	238443226	rs2292884	2	238425118	rs729389	0.595112
2	238443226	rs2292884	2	238425283	rs11884519	0.525778
2	238443226	rs2292884	2	238425333	rs74001386	0.595112
2	238443226	rs2292884	2	238425352	rs67482783	0.282811
2	238443226	rs2292884	2	238425423	rs559165745	0.581947
2	238443226	rs2292884	2	238425473	rs201705751	0.285519
2	238443226	rs2292884	2	238425556	rs57188478	0.167433
2	238443226	rs2292884	2	238425557	rs60379223	0.167433
2	238443226	rs2292884	2	238425594	rs113271883	0.595112
2	238443226	rs2292884	2	238425640	rs572802780;rs573630068;rs577630622;rs566032470	0.196877
2	238443226	rs2292884	2	238425834	rs79020383	0.580724
2	238443226	rs2292884	2	238425883	rs62186170	0.595112
2	238443226	rs2292884	2	238425992	rs76605518	0.595112
2	238443226	rs2292884	2	238426204	rs75548261	0.58321
2	238443226	rs2292884	2	238426204	rs149344362	0.580724
2	238443226	rs2292884	2	238426287	rs75918156	0.595112
2	238443226	rs2292884	2	238426328	rs537032255;rs534774021	0.803234
2	238443226	rs2292884	2	238426372	rs146832634	0.709401
2	238443226	rs2292884	2	238426458	rs74449293	0.595112
2	238443226	rs2292884	2	238426551	rs77380873	0.534597
2	238443226	rs2292884	2	238426625	rs74832280	0.595112
2	238443226	rs2292884	2	238426750	rs76980036	0.595112
2	238443226	rs2292884	2	238426768	rs543316247;rs544218366	0.590958
2	238443226	rs2292884	2	238426890	rs79213383	0.595112
2	238443226	rs2292884	2	238426953	rs3751111	0.595112
2	238443226	rs2292884	2	238427142	rs3751110	0.595112
2	238443226	rs2292884	2	238427194	rs3751109	0.595112
2	238443226	rs2292884	2	238427251	rs3751107	0.595112
2	238443226	rs2292884	2	238427731	rs10660491	0.589761
2	238443226	rs2292884	2	238427734	rs371522923	0.58698
2	238443226	rs2292884	2	238427808	rs6712927	0.525778
2	238443226	rs2292884	2	238427940	rs6742601	0.513439
2	238443226	rs2292884	2	238428132	rs61213635	0.539445
2	238443226	rs2292884	2	238428186	rs10184904	0.885352
2	238443226	rs2292884	2	238428256	rs10176842	0.885352
2	238443226	rs2292884	2	238428327	rs56853932	0.610507
2	238443226	rs2292884	2	238428330	rs57140815	0.539445
2	238443226	rs2292884	2	238428418	rs3751106	0.539445
2	238443226	rs2292884	2	238428454	rs75559690	0.57818
2	238443226	rs2292884	2	238428459	rs3751105	0.610507
2	238443226	rs2292884	2	238428823	rs55919896	0.532926
2	238443226	rs2292884	2	238428961	rs78063959	0.609053
2	238443226	rs2292884	2	238429058	rs112402109	0.609053
2	238443226	rs2292884	2	238429538	rs111512641	0.60342
2	238443226	rs2292884	2	238429818	rs76519914	0.60342
2	238443226	rs2292884	2	238429844	rs80149249	0.60342
2	238443226	rs2292884	2	238429852	rs79071719	0.60342
2	238443226	rs2292884	2	238429943	rs6729415	0.535645
2	238443226	rs2292884	2	238430063	rs80188539	0.53922
2	238443226	rs2292884	2	238430138	rs74475275	0.609053
2	238443226	rs2292884	2	238430168	rs112077221	0.545159
2	238443226	rs2292884	2	238430231	rs59520579	0.589639
2	238443226	rs2292884	2	238430273	rs13392410	0.589639
2	238443226	rs2292884	2	238430275	rs13431733	0.589639
2	238443226	rs2292884	2	238430325	rs13418641;rs113081231	0.589113
2	238443226	rs2292884	2	238430451	rs111339512	0.55862
2	238443226	rs2292884	2	238430454	rs113280486	0.55862
2	238443226	rs2292884	2	238430471	rs60604278	0.55862
2	238443226	rs2292884	2	238430476	rs74001391	0.55862
2	238443226	rs2292884	2	238431127	rs10168932	0.337234
2	238443226	rs2292884	2	238431257	rs116656801	0.604047
2	238443226	rs2292884	2	238431304	rs147897212	0.589639
2	238443226	rs2292884	2	238431434	rs77009515	0.589639
2	238443226	rs2292884	2	238431435	rs76364880	0.589639
2	238443226	rs2292884	2	238431638	rs73100920	0.589639
2	238443226	rs2292884	2	238431832	rs77648388	0.541441
2	238443226	rs2292884	2	238431927	rs13399198	0.589639
2	238443226	rs2292884	2	238432187	rs77287919	0.541441
2	238443226	rs2292884	2	238432212	rs13390651	0.589639
2	238443226	rs2292884	2	238432269	rs13425823	0.589639
2	238443226	rs2292884	2	238432291	rs13399633	0.589639
2	238443226	rs2292884	2	238432343	rs13399735	0.589639
2	238443226	rs2292884	2	238432558	rs148059178	0.584421
2	238443226	rs2292884	2	238432559	rs114331205	0.589639
2	238443226	rs2292884	2	238432619	rs13390883	0.589639
2	238443226	rs2292884	2	238432760	rs12478122	0.272148
2	238443226	rs2292884	2	238432766	rs11903073	0.589639
2	238443226	rs2292884	2	238432809	rs11892169	0.589639
2	238443226	rs2292884	2	238433040	rs10173100	0.589639
2	238443226	rs2292884	2	238433225	rs10208231	0.589639
2	238443226	rs2292884	2	238433307	rs10183995	0.589639
2	238443226	rs2292884	2	238433406	rs144000832	0.589639
2	238443226	rs2292884	2	238433449	rs10176035	0.589639
2	238443226	rs2292884	2	238433818	rs10178682	0.589639
2	238443226	rs2292884	2	238433965	rs6705908	0.523243
2	238443226	rs2292884	2	238434249	rs2292881	0.272148
2	238443226	rs2292884	2	238434434	rs11883500	0.589639
2	238443226	rs2292884	2	238434605	rs11890255	0.589639
2	238443226	rs2292884	2	238434702	rs11891426	0.523243
2	238443226	rs2292884	2	238434705	rs11890307	0.589639
2	238443226	rs2292884	2	238434942	rs7598035	0.589639
2	238443226	rs2292884	2	238434943	rs7558685	0.589639
2	238443226	rs2292884	2	238435054	rs7570873	0.589639
2	238443226	rs2292884	2	238435086	rs7570882	0.888548
2	238443226	rs2292884	2	238435241	rs7561919	0.545159
2	238443226	rs2292884	2	238435265	rs7598417	0.523243
2	238443226	rs2292884	2	238435305	rs7571100	0.589639
2	238443226	rs2292884	2	238435306	rs7559057	0.589639
2	238443226	rs2292884	2	238435398	rs7598559	0.589639
2	238443226	rs2292884	2	238435482	rs10190935	0.589639
2	238443226	rs2292884	2	238435546	rs10185109	0.595411
2	238443226	rs2292884	2	238436463	rs77194105	0.541441
2	238443226	rs2292884	2	238436502	rs1979762	0.885468
2	238443226	rs2292884	2	238436959	rs143871094	0.589639
2	238443226	rs2292884	2	238437080	rs10186470	0.885468
2	238443226	rs2292884	2	238437245	rs12471805	0.199902
2	238443226	rs2292884	2	238437333	rs34810686	0.199902
2	238443226	rs2292884	2	238437364	rs74478860	0.545159
2	238443226	rs2292884	2	238437554	rs13395743	0.563439
2	238443226	rs2292884	2	238437560	rs13411613	0.563439
2	238443226	rs2292884	2	238437623	rs13420503	0.589639
2	238443226	rs2292884	2	238437789	rs12475576	0.199902
2	238443226	rs2292884	2	238437803	rs7609087	0.870084
2	238443226	rs2292884	2	238437833	rs148907132	0.589639
2	238443226	rs2292884	2	238437835	rs13409241	0.870084
2	238443226	rs2292884	2	238437842	rs112810114	0.584421
2	238443226	rs2292884	2	238438055	rs78856668	0.545159
2	238443226	rs2292884	2	238438124	rs11896232	0.885468
2	238443226	rs2292884	2	238438200	rs57586287	0.199902
2	238443226	rs2292884	2	238438346	rs56840327	0.266822
2	238443226	rs2292884	2	238438395	rs11889660	0.524941
2	238443226	rs2292884	2	238438513	rs60426519	0.272195
2	238443226	rs2292884	2	238438630	rs67760028	0.272195
2	238443226	rs2292884	2	238438658	rs68001503	0.277446
2	238443226	rs2292884	2	238438672	rs73100941	0.277446
2	238443226	rs2292884	2	238438682	rs67317751	0.277446
2	238443226	rs2292884	2	238438861	rs938997	0.277782
2	238443226	rs2292884	2	238439020	rs1878815	0.272195
2	238443226	rs2292884	2	238439073	rs7585969	0.524941
2	238443226	rs2292884	2	238439089	rs7585975	0.524941
2	238443226	rs2292884	2	238439237	rs67488171	0.272195
2	238443226	rs2292884	2	238439313	rs2875755	0.272195
2	238443226	rs2292884	2	238439344	rs67192671	0.27487
2	238443226	rs2292884	2	238439389	rs7586312	0.873097
2	238443226	rs2292884	2	238439494	rs1320201	0.272195
2	238443226	rs2292884	2	238439503	rs7574337	0.867466
2	238443226	rs2292884	2	238439537	rs1320202	0.272195
2	238443226	rs2292884	2	238440366	rs66572458	0.199902
2	238443226	rs2292884	2	238440449	rs11891348	0.811992
2	238443226	rs2292884	2	238440518	rs67880298	0.199902
2	238443226	rs2292884	2	238440972	rs77789507	0.552094
2	238443226	rs2292884	2	238441412	rs13404177	0.885468
2	238443226	rs2292884	2	238441751	rs12471291	0.971896
2	238443226	rs2292884	2	238442951	rs77180399	0.548385
2	238443226	rs2292884	2	238443000	rs2292883	0.28468
2	238443226	rs2292884	2	238443226	rs2292884	1
2	238443226	rs2292884	2	238443407	rs2292885	0.895139
2	238443226	rs2292884	2	238443483	rs74970394	0.359596
2	238443226	rs2292884	2	238443509	rs12471827	0.28468
2	238443226	rs2292884	2	238443542	rs9646713	0.627691
2	238443226	rs2292884	2	238443784	rs9646716	0.627691
2	238443226	rs2292884	2	238443980	rs4355063	0.185632
2	238443226	rs2292884	2	238444467	rs7573177	0.627691
2	238443226	rs2292884	2	238444793	rs4420668	0.627691
2	238443226	rs2292884	2	238444881	rs1343768	0.627691
2	238443226	rs2292884	2	238445440	rs74001399	0.627691
2	238443226	rs2292884	2	238445593	rs13418586	0.895139
2	238443226	rs2292884	2	238445661	rs13405619	0.627691
2	238443226	rs2292884	2	238445803	rs6715245	0.552094
2	238443226	rs2292884	2	238445868	rs10563909	0.615686
2	238443226	rs2292884	2	238446242	rs10186871	0.190274
2	238443226	rs2292884	2	238446678	rs56881028	0.627691
2	238443226	rs2292884	2	238446699	rs74003103	0.552094
2	238443226	rs2292884	2	238446823	rs74003104	0.552094
2	238443226	rs2292884	2	238446851	rs74003105	0.552094
2	238443226	rs2292884	2	238447004	rs74003106	0.552094
2	238443226	rs2292884	2	238447168	rs13425580	0.876815
2	238443226	rs2292884	2	238447208	rs13383538	0.260394
2	238443226	rs2292884	2	238447295	rs13383648	0.260394
2	238443226	rs2292884	2	238447307	rs13422959	0.260394
2	238443226	rs2292884	2	238447775	rs28419147	0.19503
2	238443226	rs2292884	2	238447787	rs113449392	0.204895
2	238443226	rs2292884	2	238447929	rs80282956	0.552094
2	238443226	rs2292884	2	238447934	rs113812061	0.545159
2	238443226	rs2292884	2	238447940	rs13426236	0.775666
2	238443226	rs2292884	2	238447952	rs74003107;rs532826191	0.530772
2	238443226	rs2292884	2	238448000	rs74003108	0.527851
2	238443226	rs2292884	2	238448150	rs74003109	0.538323
2	238443226	rs2292884	2	238448188	rs74003110	0.511216
2	238443226	rs2292884	2	238448482	rs4663750	0.3462
2	238443226	rs2292884	2	238448712	rs13429533	0.824678
2	238443226	rs2292884	2	238448753	rs13429623	0.284295
2	238443226	rs2292884	2	238448768	rs74003113	0.474176
2	238443226	rs2292884	2	238449007	rs3817362	0.263937
2	238443226	rs2292884	2	238449023	rs3817363	0.214546
2	238443226	rs2292884	2	238449107	rs2271809	0.806581
2	238443226	rs2292884	2	238454152	rs139727526	0.379509
2	238443226	rs2292884	2	238454154	rs867306	0.391305
2	238443226	rs2292884	2	238454444	rs146154829	0.371087
2	238443226	rs2292884	2	238457684	rs10173589	0.221609
2	238443226	rs2292884	2	238460373	rs12620533	0.315741
2	238443226	rs2292884	2	238466538	rs60866447	0.208493
2	238443226	rs2292884	2	238474363	rs201122024	0.202161
2	238443226	rs2292884	2	238487353	rs6746529	0.0933503
2	238443226	rs2292884	2	238491003	rs2325810	0.216408
2	238443226	rs2292884	2	238491258	rs13404216	0.128946
2	238443226	rs2292884	2	238495763	rs72990127	0.0949405
2	238443226	rs2292884	2	238497610	rs57747957	0.196784
2	238443226	rs2292884	2	238498931	rs75931343	0.199498
2	238443226	rs2292884	2	238499528	rs78523256	0.194005
2	238443226	rs2292884	2	238500149	rs79104302	0.196731
2	238443226	rs2292884	2	238500487	rs139154033	0.194005
2	238443226	rs2292884	2	238501241	rs116197326	0.191292
