CHR_A	BP_A	SNP_A	CHR_B	BP_B	SNP_B	R2
3	141102833	rs6763931	3	141033481	rs9871963	0.309199
3	141102833	rs6763931	3	141034217	rs4306833	0.226443
3	141102833	rs6763931	3	141035122	rs6771916	0.220927
3	141102833	rs6763931	3	141037030	rs13324219	0.230216
3	141102833	rs6763931	3	141038088	rs59539710	0.192309
3	141102833	rs6763931	3	141039349	rs1511380	0.249388
3	141102833	rs6763931	3	141040304	rs9843461	0.198649
3	141102833	rs6763931	3	141040654	rs6439999	0.333454
3	141102833	rs6763931	3	141041091	rs539339699	0.195152
3	141102833	rs6763931	3	141041273	rs35816044	0.197658
3	141102833	rs6763931	3	141041789	rs4325905	0.250914
3	141102833	rs6763931	3	141042222	rs6777886	0.20351
3	141102833	rs6763931	3	141042363	rs6778010	0.28532
3	141102833	rs6763931	3	141045917	rs7636469	0.198649
3	141102833	rs6763931	3	141046507	rs7616781	0.250914
3	141102833	rs6763931	3	141046859	rs4683600	0.28532
3	141102833	rs6763931	3	141047072	rs6795197	0.198649
3	141102833	rs6763931	3	141047088	rs6795377	0.198649
3	141102833	rs6763931	3	141049321	rs1983233	0.323593
3	141102833	rs6763931	3	141049964	rs1983235	0.203009
3	141102833	rs6763931	3	141050805	rs6765857	0.203009
3	141102833	rs6763931	3	141053290	rs568435345	0.163729
3	141102833	rs6763931	3	141053690	rs9829470	0.26316
3	141102833	rs6763931	3	141054579	rs2871887	0.323593
3	141102833	rs6763931	3	141055841	rs13434224	0.257721
3	141102833	rs6763931	3	141056646	rs13088239	0.32775
3	141102833	rs6763931	3	141057572	rs13094525	0.325828
3	141102833	rs6763931	3	141059515	rs13063736	0.275798
3	141102833	rs6763931	3	141061415	rs9823774	0.28039
3	141102833	rs6763931	3	141061438	rs9823785	0.28039
3	141102833	rs6763931	3	141062070	rs13080720	0.100115
3	141102833	rs6763931	3	141063164	rs6765238	0.364469
3	141102833	rs6763931	3	141063716	rs4536797	0.365154
3	141102833	rs6763931	3	141063953	rs9838625	0.471935
3	141102833	rs6763931	3	141067088	rs34655123	0.118804
3	141102833	rs6763931	3	141067584	rs6781636	0.419156
3	141102833	rs6763931	3	141067776	rs34497407	0.356535
3	141102833	rs6763931	3	141070563	rs11367112	0.300119
3	141102833	rs6763931	3	141071293	rs34169305	0.356535
3	141102833	rs6763931	3	141072289	rs1346408	0.596567
3	141102833	rs6763931	3	141072666	rs726838	0.356535
3	141102833	rs6763931	3	141073675	rs6784404	0.586843
3	141102833	rs6763931	3	141074870	rs10624353	0.603414
3	141102833	rs6763931	3	141074962	rs13095453	0.353407
3	141102833	rs6763931	3	141076084	rs9866391	0.513809
3	141102833	rs6763931	3	141077615	rs13065569	0.359748
3	141102833	rs6763931	3	141078188	rs9857275	0.359748
3	141102833	rs6763931	3	141079309	rs7613516	0.60943
3	141102833	rs6763931	3	141081497	rs5853037	0.60531
3	141102833	rs6763931	3	141082990	rs13100711	0.372408
3	141102833	rs6763931	3	141085972	rs6440001	0.577676
3	141102833	rs6763931	3	141087623	rs1863868	0.643817
3	141102833	rs6763931	3	141091595	rs13098180	0.536686
3	141102833	rs6763931	3	141092050	rs4683603	0.626346
3	141102833	rs6763931	3	141093285	rs7624084	0.922455
3	141102833	rs6763931	3	141094209	rs6440003	0.995827
3	141102833	rs6763931	3	141094769	rs4683605	1
3	141102833	rs6763931	3	141095372	rs13067032	0.596422
3	141102833	rs6763931	3	141095724	rs13068065	0.596422
3	141102833	rs6763931	3	141095949	rs9858603	0.596422
3	141102833	rs6763931	3	141096185	rs9821337	0.596422
3	141102833	rs6763931	3	141096736	rs9822195	0.599427
3	141102833	rs6763931	3	141096755	rs9822327	0.594655
3	141102833	rs6763931	3	141097203	rs560428318;rs10575001	0.600013
3	141102833	rs6763931	3	141100280	rs6764769	0.995816
3	141102833	rs6763931	3	141101961	rs9853018	0.995804
3	141102833	rs6763931	3	141102833	rs6763931	1
3	141102833	rs6763931	3	141104180	rs6767786	0.596422
3	141102833	rs6763931	3	141105570	rs724016	0.991632
3	141102833	rs6763931	3	141106063	rs7632381	0.995804
3	141102833	rs6763931	3	141106954	rs13077048	0.92742
3	141102833	rs6763931	3	141106955	rs73872710	0.117811
3	141102833	rs6763931	3	141109321	rs6808936	0.991625
3	141102833	rs6763931	3	141109348	rs6785012	0.991625
3	141102833	rs6763931	3	141110074	rs4683606	0.995804
3	141102833	rs6763931	3	141112859	rs376397524	0.894269
3	141102833	rs6763931	3	141114293	rs6807935	0.584407
3	141102833	rs6763931	3	141115219	rs1582874	0.991625
3	141102833	rs6763931	3	141117969	rs545694574	0.887165
3	141102833	rs6763931	3	141118028	rs13068733	0.995804
3	141102833	rs6763931	3	141120218	rs71930193	0.125744
3	141102833	rs6763931	3	141121814	rs2871960	0.99159
3	141102833	rs6763931	3	141123638	rs2114867	0.174171
3	141102833	rs6763931	3	141124607	rs2011092	0.580916
3	141102833	rs6763931	3	141125186	rs1344674	0.983306
3	141102833	rs6763931	3	141125439	rs6767899	0.582653
3	141102833	rs6763931	3	141125705	rs1344672	0.983306
3	141102833	rs6763931	3	141126825	rs57345461	0.174023
3	141102833	rs6763931	3	141127710	rs58473751	0.174023
3	141102833	rs6763931	3	141128804	rs13099193	0.580916
3	141102833	rs6763931	3	141129999	rs13066993	0.580916
3	141102833	rs6763931	3	141130835	rs35225290	0.579194
3	141102833	rs6763931	3	141133450	rs1991431	0.950188
3	141102833	rs6763931	3	141133960	rs13091182	0.570708
3	141102833	rs6763931	3	141135126	rs11919595	0.0977634
3	141102833	rs6763931	3	141136727	rs9858405	0.131453
3	141102833	rs6763931	3	141138833	rs9869102	0.131246
3	141102833	rs6763931	3	141139330	rs6785073	0.560954
3	141102833	rs6763931	3	141140366	rs6763927	0.937763
3	141102833	rs6763931	3	141140968	rs9846396	0.921519
3	141102833	rs6763931	3	141142391	rs6776991	0.131453
3	141102833	rs6763931	3	141142691	rs6440006	0.909979
3	141102833	rs6763931	3	141143430	rs10513137	0.131453
3	141102833	rs6763931	3	141145315	rs6762826	0.131246
3	141102833	rs6763931	3	141145402	rs55715186	0.140545
3	141102833	rs6763931	3	141145858	rs529663629	0.134979
3	141102833	rs6763931	3	141146944	rs78960151	0.12943
3	141102833	rs6763931	3	141147414	rs7650602	0.908888
3	141102833	rs6763931	3	141148143	rs6440007	0.131246
3	141102833	rs6763931	3	141148231	rs6810158	0.131246
3	141102833	rs6763931	3	141148419	rs13069734	0.553984
3	141102833	rs6763931	3	141148698	rs9856584	0.140545
3	141102833	rs6763931	3	141148930	rs9822817	0.131246
3	141102833	rs6763931	3	141150026	rs7625643	0.908888
3	141102833	rs6763931	3	141150161	rs143772616	0.12943
3	141102833	rs6763931	3	141150183	rs35921581	0.332943
3	141102833	rs6763931	3	141150990	rs6789653	0.555617
3	141102833	rs6763931	3	141151456	rs56339671	0.12943
3	141102833	rs6763931	3	141152220	rs59075313	0.131246
3	141102833	rs6763931	3	141154542	rs6440008	0.698674
3	141102833	rs6763931	3	141158212	rs7612543	0.305534
3	141102833	rs6763931	3	141158614	rs7636914	0.417759
3	141102833	rs6763931	3	141169982	rs9878347	0.273011
3	141102833	rs6763931	3	141170661	rs9879503	0.273011
3	141102833	rs6763931	3	141171190	rs13059128	0.390595
3	141102833	rs6763931	3	141174956	rs1077181	0.363669
3	141102833	rs6763931	3	141175620	rs1863867	0.267475
3	141102833	rs6763931	3	141177845	rs9851256	0.250966
3	141102833	rs6763931	3	141178347	rs9289629	0.383904
3	141102833	rs6763931	3	141178670	rs9289630	0.266213
3	141102833	rs6763931	3	141178786	rs9289631	0.290201
3	141102833	rs6763931	3	141178979	rs2042864	0.290201
3	141102833	rs6763931	3	141179516	rs13098300	0.349718
3	141102833	rs6763931	3	141180097	rs145370916	0.287554
3	141102833	rs6763931	3	141180511	rs11709875	0.347344
3	141102833	rs6763931	3	141181790	rs13088429	0.310081
3	141102833	rs6763931	3	141182781	rs71821097	0.248883
3	141102833	rs6763931	3	141183258	rs12695734	0.312036
3	141102833	rs6763931	3	141183944	rs1366042	0.261158
3	141102833	rs6763931	3	141185754	rs12695735	0.312036
3	141102833	rs6763931	3	141187097	rs9837202	0.312036
3	141102833	rs6763931	3	141188045	rs4067991	0.120511
3	141102833	rs6763931	3	141188399	rs2312193	0.231052
3	141102833	rs6763931	3	141190538	rs1863870	0.313025
3	141102833	rs6763931	3	141191090	rs11708253	0.312036
3	141102833	rs6763931	3	141192125	rs1582875	0.261158
3	141102833	rs6763931	3	141196260	rs7632308	0.262402
3	141102833	rs6763931	3	141196647	rs13072100	0.315973
3	141102833	rs6763931	3	141198568	rs13083593	0.308227
3	141102833	rs6763931	3	141201940	rs36008530	0.307376
3	141102833	rs6763931	3	141202982	rs9856976	0.438092
