CHR_A	BP_A	SNP_A	CHR_B	BP_B	SNP_B	R2
3	170074517	rs78416326	3	169979281	rs1705593	0.131678
3	170074517	rs78416326	3	169980301	rs1567528	0.132786
3	170074517	rs78416326	3	169988286	rs56257047	0.515539
3	170074517	rs78416326	3	169997015	rs1705580	0.131678
3	170074517	rs78416326	3	169999216	rs71277158	0.510301
3	170074517	rs78416326	3	170004599	rs144907344	0.458007
3	170074517	rs78416326	3	170007309	rs55959235	0.126849
3	170074517	rs78416326	3	170016112	rs2692239	0.136717
3	170074517	rs78416326	3	170017585	rs1500111	0.139009
3	170074517	rs78416326	3	170017609	rs75313056	0.236605
3	170074517	rs78416326	3	170018499	rs73879193	0.419977
3	170074517	rs78416326	3	170028600	rs4955720	0.143376
3	170074517	rs78416326	3	170039380	rs11458252	0.107773
3	170074517	rs78416326	3	170045259	rs7614583	0.121605
3	170074517	rs78416326	3	170057704	rs2901621	0.138122
3	170074517	rs78416326	3	170061629	rs6444912	0.118626
3	170074517	rs78416326	3	170061756	rs6444914	0.119186
3	170074517	rs78416326	3	170063227	rs75982374	0.607638
3	170074517	rs78416326	3	170066339	rs76925190	0.844073
3	170074517	rs78416326	3	170066625	rs553716106	0.280405
3	170074517	rs78416326	3	170069655	rs9815664	0.196518
3	170074517	rs78416326	3	170071783	rs10804839	0.0914637
3	170074517	rs78416326	3	170071807	rs10804840	0.0914637
3	170074517	rs78416326	3	170074517	rs78416326	1
3	170074517	rs78416326	3	170083585	rs139048524	0.145528
3	170074517	rs78416326	3	170083629	rs61436251	0.966868
3	170074517	rs78416326	3	170084203	rs141012440	0.273089
3	170074517	rs78416326	3	170090776	rs368818792	0.16375
3	170074517	rs78416326	3	170092057	rs62295839	0.966868
3	170074517	rs78416326	3	170093539	rs532273042	0.147435
3	170074517	rs78416326	3	170095914	rs4582064	0.349932
3	170074517	rs78416326	3	170097606	rs80304993	0.74822
3	170074517	rs78416326	3	170098439	rs61212679	0.153565
3	170074517	rs78416326	3	170100204	rs34123886	0.275904
3	170074517	rs78416326	3	170103592	rs12487040	0.349932
3	170074517	rs78416326	3	170104013	rs11720323	0.349932
3	170074517	rs78416326	3	170105309	rs77658498	0.966868
3	170074517	rs78416326	3	170105721	rs541166783	0.164448
3	170074517	rs78416326	3	170109434	rs62293481	0.146999
3	170074517	rs78416326	3	170109613	rs139006600	0.146999
3	170074517	rs78416326	3	170113798	rs11337003	0.311723
3	170074517	rs78416326	3	170114078	rs1045210	0.349932
3	170074517	rs78416326	3	170117372	rs371397245	0.239256
3	170074517	rs78416326	3	170117906	rs200738953	0.112614
3	170074517	rs78416326	3	170118603	rs138318607	0.270883
3	170074517	rs78416326	3	170119352	rs59758024	0.145789
3	170074517	rs78416326	3	170120192	rs71634469	0.295507
3	170074517	rs78416326	3	170120253	rs6768083	0.334864
3	170074517	rs78416326	3	170121153	rs2421927	0.333386
3	170074517	rs78416326	3	170121598	rs55953261	0.14537
3	170074517	rs78416326	3	170122676	rs12486850	0.333386
3	170074517	rs78416326	3	170122784	rs6444923	0.321508
3	170074517	rs78416326	3	170122872	rs6762828	0.333386
3	170074517	rs78416326	3	170123048	rs6444924	0.321508
3	170074517	rs78416326	3	170123144	rs56121376	0.14537
3	170074517	rs78416326	3	170123972	rs564089208	0.106726
3	170074517	rs78416326	3	170124354	rs12488537	0.331503
3	170074517	rs78416326	3	170125604	rs12491115	0.333386
3	170074517	rs78416326	3	170126305	rs12634437	0.328319
3	170074517	rs78416326	3	170126565	rs62293497	0.290492
3	170074517	rs78416326	3	170126670	rs7644073	0.333386
3	170074517	rs78416326	3	170126707	rs148376875	0.60995
3	170074517	rs78416326	3	170127536	rs77085460	0.277515
3	170074517	rs78416326	3	170127844	rs35317371	0.326458
3	170074517	rs78416326	3	170127919	rs13071543	0.326458
3	170074517	rs78416326	3	170128750	rs13096001	0.290492
3	170074517	rs78416326	3	170129608	rs74651796	0.613851
3	170074517	rs78416326	3	170130102	rs10936632	0.14537
3	170074517	rs78416326	3	170132824	rs62293498	0.330618
3	170074517	rs78416326	3	170132975	rs34945446	0.287148
3	170074517	rs78416326	3	170133401	rs35763188	0.330618
3	170074517	rs78416326	3	170135700	rs10804842	0.527369
3	170074517	rs78416326	3	170138940	rs71176567	0.262328
3	170074517	rs78416326	3	170140153	rs62293499	0.289114
3	170074517	rs78416326	3	170145272	rs2422035	0.289114
3	170074517	rs78416326	3	170145928	rs377570307	0.296075
3	170074517	rs78416326	3	170146881	rs9865021	0.103218
3	170074517	rs78416326	3	170147991	rs6794467	0.103218
3	170074517	rs78416326	3	170150812	rs6770844	0.29065
3	170074517	rs78416326	3	170152884	rs2032744	0.191065
3	170074517	rs78416326	3	170153183	rs7610584	0.104927
3	170074517	rs78416326	3	170155874	rs11279479	0.0996009
3	170074517	rs78416326	3	170156832	rs9811071	0.094854
3	170074517	rs78416326	3	170158128	rs10936633	0.0922853
3	170074517	rs78416326	3	170159134	rs969217	0.165486
3	170074517	rs78416326	3	170160493	rs1035298	0.129574
3	170092053	rs11288195	3	169975450	rs11362547	0.121881
3	170092053	rs11288195	3	169975577	rs1705587	0.231402
3	170092053	rs11288195	3	169975640	rs1705586	0.231402
3	170092053	rs11288195	3	169976104	rs112940759	0.234268
3	170092053	rs11288195	3	169976729	rs7609783	0.141075
3	170092053	rs11288195	3	169982998	rs1705597	0.254791
3	170092053	rs11288195	3	169991792	rs145849596	0.118615
3	170092053	rs11288195	3	169991952	rs1627750	0.262704
3	170092053	rs11288195	3	169996146	rs1798237	0.260327
3	170092053	rs11288195	3	169996200	rs115345596	0.118615
3	170092053	rs11288195	3	170001463	rs112751968	0.170329
3	170092053	rs11288195	3	170002157	rs1705584	0.169525
3	170092053	rs11288195	3	170010234	rs1039929	0.257982
3	170092053	rs11288195	3	170013846	rs2454763	0.260332
3	170092053	rs11288195	3	170018939	rs1392366	0.238436
3	170092053	rs11288195	3	170022495	rs2650220	0.230538
3	170092053	rs11288195	3	170024479	rs2949786	0.241904
3	170092053	rs11288195	3	170030035	rs35669993	0.270036
3	170092053	rs11288195	3	170035679	rs35268240	0.270036
3	170092053	rs11288195	3	170036749	rs71306666	0.238805
3	170092053	rs11288195	3	170037274	rs541446514	0.152096
3	170092053	rs11288195	3	170037987	rs9809529	0.246733
3	170092053	rs11288195	3	170038030	rs9847239	0.270036
3	170092053	rs11288195	3	170038084	rs9847373	0.270036
3	170092053	rs11288195	3	170038694	rs114420148	0.124427
3	170092053	rs11288195	3	170038993	rs6797896	0.270036
3	170092053	rs11288195	3	170040125	rs71634465	0.27273
3	170092053	rs11288195	3	170040826	rs35866820	0.262978
3	170092053	rs11288195	3	170042064	rs1464868	0.262978
3	170092053	rs11288195	3	170042698	rs55984017	0.287491
3	170092053	rs11288195	3	170044126	rs9879315	0.287491
3	170092053	rs11288195	3	170045131	rs12107609	0.287491
3	170092053	rs11288195	3	170046261	rs2421957	0.249984
3	170092053	rs11288195	3	170046292	rs2421958	0.270464
3	170092053	rs11288195	3	170047062	rs35279298	0.287491
3	170092053	rs11288195	3	170047464	rs68035944	0.255647
3	170092053	rs11288195	3	170047765	rs35898309	0.290804
3	170092053	rs11288195	3	170048621	rs9817823	0.2936
3	170092053	rs11288195	3	170049616	rs11457790	0.304801
3	170092053	rs11288195	3	170049857	rs183798548	0.124427
3	170092053	rs11288195	3	170050266	rs13080403	0.261458
3	170092053	rs11288195	3	170050531	rs574012564	0.316569
3	170092053	rs11288195	3	170050566	rs9828454	0.255647
3	170092053	rs11288195	3	170053709	rs9862254	0.2936
3	170092053	rs11288195	3	170053711	rs9825034	0.2936
3	170092053	rs11288195	3	170054537	rs6782932	0.261458
3	170092053	rs11288195	3	170055078	rs56273108	0.2936
3	170092053	rs11288195	3	170055983	rs9811426	0.261458
3	170092053	rs11288195	3	170056322	rs71176560	0.261458
3	170092053	rs11288195	3	170057936	rs9841799	0.261458
3	170092053	rs11288195	3	170058318	rs12374028	0.2936
3	170092053	rs11288195	3	170058772	rs9823568	0.2936
3	170092053	rs11288195	3	170060246	rs9833030	0.2936
3	170092053	rs11288195	3	170060915	rs6785760	0.262807
3	170092053	rs11288195	3	170061693	rs6444913	0.474272
3	170092053	rs11288195	3	170062936	rs17826519	0.100199
3	170092053	rs11288195	3	170063753	rs34237232	0.747236
3	170092053	rs11288195	3	170063891	rs11714943	0.700711
3	170092053	rs11288195	3	170064776	rs9875109	0.676852
3	170092053	rs11288195	3	170065242	rs7632494	0.767745
3	170092053	rs11288195	3	170067049	rs9841852	0.77499
3	170092053	rs11288195	3	170067588	rs34146130	0.373739
3	170092053	rs11288195	3	170067771	rs9880558	0.682707
3	170092053	rs11288195	3	170069402	rs9853019	0.784124
3	170092053	rs11288195	3	170069893	rs7631221;rs567412299	0.742563
3	170092053	rs11288195	3	170069935	rs77278249	0.149387
3	170092053	rs11288195	3	170070072	rs6444919	0.685672
3	170092053	rs11288195	3	170070371	rs7643085	0.811825
3	170092053	rs11288195	3	170070702	rs1525362	0.811825
3	170092053	rs11288195	3	170071191	rs6804688	0.695393
3	170092053	rs11288195	3	170071694	rs10755126	0.712453
3	170092053	rs11288195	3	170071783	rs10804839	0.109225
3	170092053	rs11288195	3	170071807	rs10804840	0.109225
3	170092053	rs11288195	3	170072010	rs9682908	0.712453
3	170092053	rs11288195	3	170072031	rs10804841	0.695393
3	170092053	rs11288195	3	170072235	rs111550352	0.811825
3	170092053	rs11288195	3	170072864	rs4955588	0.783236
3	170092053	rs11288195	3	170073339	rs12489967	0.774756
3	170092053	rs11288195	3	170074001	rs142003368	0.962154
3	170092053	rs11288195	3	170074374	rs57508070	0.962154
3	170092053	rs11288195	3	170075701	rs62295834	0.57655
3	170092053	rs11288195	3	170075833	rs1511174	0.564867
3	170092053	rs11288195	3	170076006	rs1511175	0.971343
3	170092053	rs11288195	3	170077386	rs71300474	0.523839
3	170092053	rs11288195	3	170077713	rs3772172	0.568597
3	170092053	rs11288195	3	170078232	rs3772173	0.564867
3	170092053	rs11288195	3	170079530	rs11321256	0.39856
3	170092053	rs11288195	3	170080332	rs34129766	0.990447
3	170092053	rs11288195	3	170080752	rs13101192	0.647091
3	170092053	rs11288195	3	170081792	rs149220331	0.224464
3	170092053	rs11288195	3	170082181	rs6773095	0.990447
3	170092053	rs11288195	3	170082675	rs6763533	0.755124
3	170092053	rs11288195	3	170083540	rs577952184	0.961778
3	170092053	rs11288195	3	170083604	rs28480463	0.57655
3	170092053	rs11288195	3	170084335	rs7626016	0.990447
3	170092053	rs11288195	3	170084504	rs7628591	0.57655
3	170092053	rs11288195	3	170084937	rs9843242	0.981393
3	170092053	rs11288195	3	170085265	rs150225011	0.981035
3	170092053	rs11288195	3	170085412	rs11712973	0.651942
3	170092053	rs11288195	3	170085568	rs11709437	0.651942
3	170092053	rs11288195	3	170086482	rs6798399	0.651942
3	170092053	rs11288195	3	170086870	rs199589209	0.67607
3	170092053	rs11288195	3	170087062	rs142915761	0.224464
3	170092053	rs11288195	3	170088448	rs11917147	0.651942
3	170092053	rs11288195	3	170088607	rs11917188	0.564867
3	170092053	rs11288195	3	170090006	rs35177863	0.651942
3	170092053	rs11288195	3	170090374	rs6444920	0.990447
3	170092053	rs11288195	3	170090776	rs368818792	0.21624
3	170092053	rs11288195	3	170091210	rs34408171	0.651942
3	170092053	rs11288195	3	170091333	rs11924474	0.57655
3	170092053	rs11288195	3	170091584	rs34392658	0.57655
3	170092053	rs11288195	3	170091644	rs6774380	0.651942
3	170092053	rs11288195	3	170091902	rs9682041	0.990447
3	170092053	rs11288195	3	170092053	rs11288195	1
3	170092053	rs11288195	3	170093539	rs532273042	0.111766
3	170092053	rs11288195	3	170093985	rs13066748	0.651942
3	170092053	rs11288195	3	170094062	rs13067347	0.651942
3	170092053	rs11288195	3	170094190	rs13067560	0.651942
3	170092053	rs11288195	3	170094908	rs10936625	0.564867
3	170092053	rs11288195	3	170095019	rs10936626	0.651942
3	170092053	rs11288195	3	170095145	rs6785326	0.990447
3	170092053	rs11288195	3	170095186	rs34584855	0.185789
3	170092053	rs11288195	3	170095281	rs11923053	0.990447
3	170092053	rs11288195	3	170096623	rs11927807	0.651942
3	170092053	rs11288195	3	170096865	rs7644374	0.990447
3	170092053	rs11288195	3	170097272	rs10634302;rs199809314	0.632837
3	170092053	rs11288195	3	170097512	rs7623490	0.981035
3	170092053	rs11288195	3	170097842	rs16855034	0.647091
3	170092053	rs11288195	3	170098439	rs61212679	0.120125
3	170092053	rs11288195	3	170098443	rs4955721	0.830098
3	170092053	rs11288195	3	170098783	rs375087540	0.296731
3	170092053	rs11288195	3	170099393	rs9872796	0.990447
3	170092053	rs11288195	3	170100476	rs6784631	0.971428
3	170092053	rs11288195	3	170102959	rs4955722	0.651942
3	170092053	rs11288195	3	170104406	rs10936627	0.651942
3	170092053	rs11288195	3	170104630	rs13076319	0.564867
3	170092053	rs11288195	3	170105233	rs6786374	0.57655
3	170092053	rs11288195	3	170105378	rs6786542	0.651942
3	170092053	rs11288195	3	170105709	rs74505194	0.564867
3	170092053	rs11288195	3	170106136	rs59548124	0.651942
3	170092053	rs11288195	3	170106672	rs62293480	0.546624
3	170092053	rs11288195	3	170107334	rs6444922	0.580583
3	170092053	rs11288195	3	170109434	rs62293481	0.115491
3	170092053	rs11288195	3	170109613	rs139006600	0.115491
3	170092053	rs11288195	3	170110529	rs15709	0.990447
3	170092053	rs11288195	3	170111903	rs559327626	0.455688
3	170092053	rs11288195	3	170112307	rs11914970	0.57655
3	170092053	rs11288195	3	170113481	rs13089074	0.651942
3	170092053	rs11288195	3	170113601	rs13089256	0.651942
3	170092053	rs11288195	3	170113706	rs34350658	0.534003
3	170092053	rs11288195	3	170113798	rs11337003	0.213832
3	170092053	rs11288195	3	170115360	rs34158232	0.651942
3	170092053	rs11288195	3	170116601	rs35550700	0.57655
3	170092053	rs11288195	3	170116871	rs143556256	0.224464
3	170092053	rs11288195	3	170117274	rs368830835	0.715013
3	170092053	rs11288195	3	170117471	rs4420873	0.651942
3	170092053	rs11288195	3	170117518	rs4292231	0.564867
3	170092053	rs11288195	3	170118416	rs139047212	0.990447
3	170092053	rs11288195	3	170118525	rs66973698	0.953016
3	170092053	rs11288195	3	170118529	rs184294632	0.131353
3	170092053	rs11288195	3	170118603	rs138318607	0.126034
3	170092053	rs11288195	3	170118835	rs375512385	0.981035
3	170092053	rs11288195	3	170118839	rs371429672	0.981035
3	170092053	rs11288195	3	170118841	rs59806266	0.927378
3	170092053	rs11288195	3	170118843	rs369893487	0.981035
3	170092053	rs11288195	3	170119352	rs59758024	0.118657
3	170092053	rs11288195	3	170119576	rs113431925	0.981035
3	170092053	rs11288195	3	170119585	rs374762251	0.971763
3	170092053	rs11288195	3	170119586	rs367596111	0.971763
3	170092053	rs11288195	3	170119589	rs371472560	0.971763
3	170092053	rs11288195	3	170119591	rs375983524	0.971763
3	170092053	rs11288195	3	170120054	rs6767869	0.962626
3	170092053	rs11288195	3	170121598	rs55953261	0.174624
3	170092053	rs11288195	3	170123144	rs56121376	0.174624
3	170092053	rs11288195	3	170123358	rs6444925	0.933074
3	170092053	rs11288195	3	170123972	rs564089208	0.158575
3	170092053	rs11288195	3	170125011	rs75287841	0.224464
3	170092053	rs11288195	3	170130102	rs10936632	0.174624
3	170092053	rs11288195	3	170133235	rs6444926	0.933618
3	170092053	rs11288195	3	170133639	rs6782252	0.933618
3	170092053	rs11288195	3	170133886	rs555596618	0.275703
3	170092053	rs11288195	3	170134787	rs200687390	0.130282
3	170092053	rs11288195	3	170134790	rs537747348	0.142111
3	170092053	rs11288195	3	170137321	rs147186361	0.118615
3	170092053	rs11288195	3	170140051	rs72057924	0.485375
3	170092053	rs11288195	3	170140165	rs9856511	0.485375
3	170092053	rs11288195	3	170140792	rs1477211	0.485375
3	170092053	rs11288195	3	170140846	rs2111826	0.82118
3	170092053	rs11288195	3	170142730	rs10664846	0.166807
3	170092053	rs11288195	3	170144281	rs7643214	0.517153
3	170092053	rs11288195	3	170144994	rs7613356	0.509036
3	170092053	rs11288195	3	170145357	rs2422036	0.517153
3	170092053	rs11288195	3	170146445	rs7616830	0.517153
3	170092053	rs11288195	3	170146532	rs4955724	0.517153
3	170092053	rs11288195	3	170146862	rs7621787	0.821691
3	170092053	rs11288195	3	170146881	rs9865021	0.103504
3	170092053	rs11288195	3	170147875	rs6444928	0.517153
3	170092053	rs11288195	3	170147991	rs6794467	0.103504
3	170092053	rs11288195	3	170148331	rs11346564	0.522077
3	170092053	rs11288195	3	170150076	rs6444929	0.821691
3	170092053	rs11288195	3	170153183	rs7610584	0.102186
3	170092053	rs11288195	3	170154406	rs6790483	0.813008
3	170092053	rs11288195	3	170155726	rs7640791	0.755432
3	170092053	rs11288195	3	170155874	rs11279479	0.099194
3	170092053	rs11288195	3	170156832	rs9811071	0.102014
3	170092053	rs11288195	3	170158128	rs10936633	0.0959613
3	170092053	rs11288195	3	170162179	rs34814917	0.103275
3	170092053	rs11288195	3	170162684	rs6444930	0.0974125
3	170092053	rs11288195	3	170163474	rs6444931	0.103275
3	170130102	rs10936632	3	169979281	rs1705593	0.152861
3	170130102	rs10936632	3	169980301	rs1567528	0.155587
3	170130102	rs10936632	3	169988286	rs56257047	0.123356
3	170130102	rs10936632	3	169990410	rs2140825	0.231157
3	170130102	rs10936632	3	169994874	rs531618757	0.130918
3	170130102	rs10936632	3	169997015	rs1705580	0.15609
3	170130102	rs10936632	3	169999216	rs71277158	0.123134
3	170130102	rs10936632	3	170003774	rs4955719	0.223394
3	170130102	rs10936632	3	170004599	rs144907344	0.116182
3	170130102	rs10936632	3	170005126	rs10936620	0.20634
3	170130102	rs10936632	3	170016112	rs2692239	0.153598
3	170130102	rs10936632	3	170017585	rs1500111	0.154416
3	170130102	rs10936632	3	170018499	rs73879193	0.109391
3	170130102	rs10936632	3	170021195	rs564888717	0.165026
3	170130102	rs10936632	3	170027997	rs12493973	0.243582
3	170130102	rs10936632	3	170028600	rs4955720	0.180888
3	170130102	rs10936632	3	170032514	rs5854369	0.267718
3	170130102	rs10936632	3	170032677	rs1997061	0.262485
3	170130102	rs10936632	3	170032851	rs1997062	0.205103
3	170130102	rs10936632	3	170036641	rs6768593	0.263067
3	170130102	rs10936632	3	170039380	rs11458252	0.138303
3	170130102	rs10936632	3	170041513	rs79777156	0.10608
3	170130102	rs10936632	3	170042802	rs1880589	0.264052
3	170130102	rs10936632	3	170042811	rs1880588	0.264052
3	170130102	rs10936632	3	170045259	rs7614583	0.199896
3	170130102	rs10936632	3	170045710	rs6772875	0.265641
3	170130102	rs10936632	3	170054689	rs13082930	0.265641
3	170130102	rs10936632	3	170057704	rs2901621	0.177948
3	170130102	rs10936632	3	170061357	rs62295833	0.175697
3	170130102	rs10936632	3	170061629	rs6444912	0.209024
3	170130102	rs10936632	3	170061693	rs6444913	0.107638
3	170130102	rs10936632	3	170061756	rs6444914	0.205251
3	170130102	rs10936632	3	170061776	rs6444915	0.461274
3	170130102	rs10936632	3	170062936	rs17826519	0.614492
3	170130102	rs10936632	3	170063227	rs75982374	0.146849
3	170130102	rs10936632	3	170063753	rs34237232	0.113879
3	170130102	rs10936632	3	170063891	rs11714943	0.132735
3	170130102	rs10936632	3	170064694	rs13068600	0.146238
3	170130102	rs10936632	3	170064776	rs9875109	0.139789
3	170130102	rs10936632	3	170065242	rs7632494	0.112271
3	170130102	rs10936632	3	170066339	rs76925190	0.172911
3	170130102	rs10936632	3	170067049	rs9841852	0.112611
3	170130102	rs10936632	3	170067771	rs9880558	0.135918
3	170130102	rs10936632	3	170069402	rs9853019	0.116264
3	170130102	rs10936632	3	170069655	rs9815664	0.325317
3	170130102	rs10936632	3	170069893	rs7631221;rs567412299	0.112918
3	170130102	rs10936632	3	170070072	rs6444919	0.143707
3	170130102	rs10936632	3	170070371	rs7643085	0.123349
3	170130102	rs10936632	3	170070702	rs1525362	0.123349
3	170130102	rs10936632	3	170071191	rs6804688	0.15293
3	170130102	rs10936632	3	170071694	rs10755126	0.151344
3	170130102	rs10936632	3	170071783	rs10804839	0.684682
3	170130102	rs10936632	3	170071807	rs10804840	0.684682
3	170130102	rs10936632	3	170072010	rs9682908	0.151344
3	170130102	rs10936632	3	170072031	rs10804841	0.15293
3	170130102	rs10936632	3	170072235	rs111550352	0.123349
3	170130102	rs10936632	3	170072864	rs4955588	0.130241
3	170130102	rs10936632	3	170073339	rs12489967	0.180365
3	170130102	rs10936632	3	170074001	rs142003368	0.173273
3	170130102	rs10936632	3	170074374	rs57508070	0.173273
3	170130102	rs10936632	3	170074517	rs78416326	0.14537
3	170130102	rs10936632	3	170076006	rs1511175	0.176755
3	170130102	rs10936632	3	170080332	rs34129766	0.173942
3	170130102	rs10936632	3	170082181	rs6773095	0.173942
3	170130102	rs10936632	3	170082675	rs6763533	0.14106
3	170130102	rs10936632	3	170083540	rs577952184	0.165866
3	170130102	rs10936632	3	170083629	rs61436251	0.145021
3	170130102	rs10936632	3	170084335	rs7626016	0.173942
3	170130102	rs10936632	3	170084937	rs9843242	0.175039
3	170130102	rs10936632	3	170085265	rs150225011	0.173273
3	170130102	rs10936632	3	170086870	rs199589209	0.148225
3	170130102	rs10936632	3	170090374	rs6444920	0.173942
3	170130102	rs10936632	3	170090776	rs368818792	0.295256
3	170130102	rs10936632	3	170091902	rs9682041	0.173942
3	170130102	rs10936632	3	170092053	rs11288195	0.174624
3	170130102	rs10936632	3	170092057	rs62295839	0.145021
3	170130102	rs10936632	3	170093539	rs532273042	0.655638
3	170130102	rs10936632	3	170095145	rs6785326	0.173942
3	170130102	rs10936632	3	170095281	rs11923053	0.173942
3	170130102	rs10936632	3	170095914	rs4582064	0.399811
3	170130102	rs10936632	3	170096865	rs7644374	0.173942
3	170130102	rs10936632	3	170097512	rs7623490	0.178376
3	170130102	rs10936632	3	170097606	rs80304993	0.227809
3	170130102	rs10936632	3	170098439	rs61212679	0.661906
3	170130102	rs10936632	3	170098443	rs4955721	0.211335
3	170130102	rs10936632	3	170099393	rs9872796	0.173942
3	170130102	rs10936632	3	170100204	rs34123886	0.276022
3	170130102	rs10936632	3	170100476	rs6784631	0.179067
3	170130102	rs10936632	3	170103592	rs12487040	0.399811
3	170130102	rs10936632	3	170104013	rs11720323	0.399811
3	170130102	rs10936632	3	170105309	rs77658498	0.145021
3	170130102	rs10936632	3	170109434	rs62293481	0.666132
3	170130102	rs10936632	3	170109613	rs139006600	0.666132
3	170130102	rs10936632	3	170110529	rs15709	0.173942
3	170130102	rs10936632	3	170111903	rs559327626	0.101038
3	170130102	rs10936632	3	170113798	rs11337003	0.538739
3	170130102	rs10936632	3	170114078	rs1045210	0.399811
3	170130102	rs10936632	3	170117274	rs368830835	0.193754
3	170130102	rs10936632	3	170117372	rs371397245	0.436546
3	170130102	rs10936632	3	170118416	rs139047212	0.173942
3	170130102	rs10936632	3	170118525	rs66973698	0.167609
3	170130102	rs10936632	3	170118603	rs138318607	0.313955
3	170130102	rs10936632	3	170118835	rs375512385	0.178376
3	170130102	rs10936632	3	170118839	rs371429672	0.178376
3	170130102	rs10936632	3	170118841	rs59806266	0.159786
3	170130102	rs10936632	3	170118843	rs369893487	0.178376
3	170130102	rs10936632	3	170119352	rs59758024	0.772652
3	170130102	rs10936632	3	170119576	rs113431925	0.173273
3	170130102	rs10936632	3	170119585	rs374762251	0.167609
3	170130102	rs10936632	3	170119586	rs367596111	0.167609
3	170130102	rs10936632	3	170119589	rs371472560	0.167609
3	170130102	rs10936632	3	170119591	rs375983524	0.167609
3	170130102	rs10936632	3	170120054	rs6767869	0.166987
3	170130102	rs10936632	3	170120192	rs71634469	0.576018
3	170130102	rs10936632	3	170120253	rs6768083	0.539014
3	170130102	rs10936632	3	170121153	rs2421927	0.543154
3	170130102	rs10936632	3	170121598	rs55953261	1
3	170130102	rs10936632	3	170122676	rs12486850	0.53678
3	170130102	rs10936632	3	170122784	rs6444923	0.548714
3	170130102	rs10936632	3	170122872	rs6762828	0.53678
3	170130102	rs10936632	3	170123048	rs6444924	0.548714
3	170130102	rs10936632	3	170123144	rs56121376	1
3	170130102	rs10936632	3	170123358	rs6444925	0.175032
3	170130102	rs10936632	3	170123972	rs564089208	0.839835
3	170130102	rs10936632	3	170124354	rs12488537	0.544242
3	170130102	rs10936632	3	170125604	rs12491115	0.53678
3	170130102	rs10936632	3	170126305	rs12634437	0.539014
3	170130102	rs10936632	3	170126565	rs62293497	0.582646
3	170130102	rs10936632	3	170126670	rs7644073	0.53678
3	170130102	rs10936632	3	170126707	rs148376875	0.152786
3	170130102	rs10936632	3	170127844	rs35317371	0.546471
3	170130102	rs10936632	3	170127919	rs13071543	0.546471
3	170130102	rs10936632	3	170128750	rs13096001	0.582646
3	170130102	rs10936632	3	170129608	rs74651796	0.258572
3	170130102	rs10936632	3	170130102	rs10936632	1
3	170130102	rs10936632	3	170132824	rs62293498	0.516949
3	170130102	rs10936632	3	170132975	rs34945446	0.556793
3	170130102	rs10936632	3	170133235	rs6444926	0.180492
3	170130102	rs10936632	3	170133401	rs35763188	0.516949
3	170130102	rs10936632	3	170133639	rs6782252	0.180492
3	170130102	rs10936632	3	170135684	rs139858319	0.0999928
3	170130102	rs10936632	3	170135700	rs10804842	0.290387
3	170130102	rs10936632	3	170138940	rs71176567	0.427004
3	170130102	rs10936632	3	170140153	rs62293499	0.465867
3	170130102	rs10936632	3	170140846	rs2111826	0.165919
3	170130102	rs10936632	3	170142730	rs10664846	0.10151
3	170130102	rs10936632	3	170145272	rs2422035	0.465867
3	170130102	rs10936632	3	170145928	rs377570307	0.421946
3	170130102	rs10936632	3	170146862	rs7621787	0.168124
3	170130102	rs10936632	3	170146881	rs9865021	0.740038
3	170130102	rs10936632	3	170147991	rs6794467	0.740038
3	170130102	rs10936632	3	170150076	rs6444929	0.168124
3	170130102	rs10936632	3	170150812	rs6770844	0.46229
3	170130102	rs10936632	3	170151224	rs75747180	0.0982086
3	170130102	rs10936632	3	170152884	rs2032744	0.402331
3	170130102	rs10936632	3	170153183	rs7610584	0.737579
3	170130102	rs10936632	3	170154406	rs6790483	0.162317
3	170130102	rs10936632	3	170155726	rs7640791	0.138263
3	170130102	rs10936632	3	170155874	rs11279479	0.622124
3	170130102	rs10936632	3	170156832	rs9811071	0.615276
3	170130102	rs10936632	3	170158128	rs10936633	0.613678
3	170130102	rs10936632	3	170159134	rs969217	0.30555
3	170130102	rs10936632	3	170160493	rs1035298	0.269277
