CHR_A	BP_A	SNP_A	CHR_B	BP_B	SNP_B	R2
3	113275624	rs7611694	3	113176122	rs7637618	0.098839
3	113275624	rs7611694	3	113178601	rs62265992	0.327961
3	113275624	rs7611694	3	113180678	rs7650538	0.560795
3	113275624	rs7611694	3	113181506	rs55865352	0.327961
3	113275624	rs7611694	3	113183947	rs35595850	0.496573
3	113275624	rs7611694	3	113185064	rs6769604	0.098839
3	113275624	rs7611694	3	113185303	rs6805691	0.560795
3	113275624	rs7611694	3	113185770	rs62265996	0.327961
3	113275624	rs7611694	3	113186446	rs4682489	0.327961
3	113275624	rs7611694	3	113186745	rs71917202	0.329835
3	113275624	rs7611694	3	113188805	rs12488964	0.559247
3	113275624	rs7611694	3	113188852	rs9848087	0.560795
3	113275624	rs7611694	3	113189368	rs9852703	0.098839
3	113275624	rs7611694	3	113191012	rs6783387	0.098839
3	113275624	rs7611694	3	113192530	rs12637502	0.327961
3	113275624	rs7611694	3	113192815	rs111857900	0.327961
3	113275624	rs7611694	3	113192838	rs141461408	0.098839
3	113275624	rs7611694	3	113193688	rs187648721	0.33293
3	113275624	rs7611694	3	113193897	rs6793704	0.098839
3	113275624	rs7611694	3	113194952	rs145718264	0.327961
3	113275624	rs7611694	3	113194956	rs138668669	0.327961
3	113275624	rs7611694	3	113196702	rs7623389	0.563899
3	113275624	rs7611694	3	113197393	rs1463644	0.332659
3	113275624	rs7611694	3	113197993	rs149889160	0.0982889
3	113275624	rs7611694	3	113198381	rs12054036	0.305467
3	113275624	rs7611694	3	113199129	rs11719925	0.0955911
3	113275624	rs7611694	3	113199779	rs73241126	0.33842
3	113275624	rs7611694	3	113200467	rs60634072	0.111102
3	113275624	rs7611694	3	113200626	rs7635676	0.098839
3	113275624	rs7611694	3	113200894	rs7617772	0.560795
3	113275624	rs7611694	3	113201216	rs7650671	0.098839
3	113275624	rs7611694	3	113201754	rs7628945	0.111102
3	113275624	rs7611694	3	113202165	rs7621210	0.560795
3	113275624	rs7611694	3	113205003	rs140118151	0.521439
3	113275624	rs7611694	3	113206602	rs60292736	0.332659
3	113275624	rs7611694	3	113207758	rs7625841	0.560795
3	113275624	rs7611694	3	113208224	rs3928555	0.317376
3	113275624	rs7611694	3	113209166	rs7631335	0.114675
3	113275624	rs7611694	3	113209375	rs13092925	0.111102
3	113275624	rs7611694	3	113210150	rs71134892	0.111102
3	113275624	rs7611694	3	113210283	rs55711506	0.521244
3	113275624	rs7611694	3	113210365	rs72946748	0.111102
3	113275624	rs7611694	3	113211686	rs12629498	0.292462
3	113275624	rs7611694	3	113211828	rs1471883	0.0955643
3	113275624	rs7611694	3	113211953	rs3732804	0.296754
3	113275624	rs7611694	3	113212041	rs1471884	0.0955643
3	113275624	rs7611694	3	113212562	rs4396864	0.111102
3	113275624	rs7611694	3	113214727	rs12629271	0.275293
3	113275624	rs7611694	3	113214906	rs545109923	0.13576
3	113275624	rs7611694	3	113215447	rs1463643	0.111102
3	113275624	rs7611694	3	113216529	rs540576624;rs142916767	0.277171
3	113275624	rs7611694	3	113217591	rs6438160	0.0955643
3	113275624	rs7611694	3	113219160	rs7623919	0.0955643
3	113275624	rs7611694	3	113219272	rs7646188	0.0955643
3	113275624	rs7611694	3	113221258	rs9874747	0.114675
3	113275624	rs7611694	3	113221509	rs551044744	0.329378
3	113275624	rs7611694	3	113222036	rs11537650	0.111102
3	113275624	rs7611694	3	113222998	rs2399477	0.111102
3	113275624	rs7611694	3	113223362	rs13082603	0.111102
3	113275624	rs7611694	3	113223410	rs7642163	0.562338
3	113275624	rs7611694	3	113225730	rs1552433	0.0955643
3	113275624	rs7611694	3	113226874	rs9877649	0.111102
3	113275624	rs7611694	3	113226961	rs10934233	0.33493
3	113275624	rs7611694	3	113226983	rs2087130	0.111102
3	113275624	rs7611694	3	113227070	rs10934234	0.337212
3	113275624	rs7611694	3	113228599	rs2399480	0.108803
3	113275624	rs7611694	3	113228688	rs9846539	0.108803
3	113275624	rs7611694	3	113231403	rs7618226	0.108803
3	113275624	rs7611694	3	113231927	rs16861097	0.160432
3	113275624	rs7611694	3	113232334	rs149109306	0.120377
3	113275624	rs7611694	3	113232336	rs200724027	0.120377
3	113275624	rs7611694	3	113232879	rs12632492	0.340741
3	113275624	rs7611694	3	113233188	rs16861103	0.113826
3	113275624	rs7611694	3	113233563	rs2306069	0.340741
3	113275624	rs7611694	3	113234309	rs75394137	0.336027
3	113275624	rs7611694	3	113234984	rs2399481	0.340741
3	113275624	rs7611694	3	113236369	rs35581027	0.563899
3	113275624	rs7611694	3	113238375	rs9870996	0.0955643
3	113275624	rs7611694	3	113238956	rs59546377	0.30621
3	113275624	rs7611694	3	113239021	rs35278902	0.122503
3	113275624	rs7611694	3	113239682	rs7631730	0.563899
3	113275624	rs7611694	3	113241804	rs75681629	0.565992
3	113275624	rs7611694	3	113248811	rs200184362	0.255489
3	113275624	rs7611694	3	113251079	rs35350834	0.320792
3	113275624	rs7611694	3	113252705	rs9842559	0.100237
3	113275624	rs7611694	3	113253080	rs72204933	0.132163
3	113275624	rs7611694	3	113259413	rs6769970	0.609122
3	113275624	rs7611694	3	113260769	rs34844841	0.132029
3	113275624	rs7611694	3	113261709	rs16861158	0.132029
3	113275624	rs7611694	3	113261749	rs201459832	0.65471
3	113275624	rs7611694	3	113262057	rs6785962	0.605055
3	113275624	rs7611694	3	113262497	rs138162694	0.100242
3	113275624	rs7611694	3	113263272	rs9854686	0.100903
3	113275624	rs7611694	3	113265215	rs13067967	0.132029
3	113275624	rs7611694	3	113265727	rs2669909	0.100903
3	113275624	rs7611694	3	113266391	rs35274817	0.132029
3	113275624	rs7611694	3	113268347	rs35809878	0.103816
3	113275624	rs7611694	3	113269201	rs2614191	0.171119
3	113275624	rs7611694	3	113269695	rs34286076	0.132029
3	113275624	rs7611694	3	113270671	rs201129202	0.250792
3	113275624	rs7611694	3	113271056	rs7620964	0.386903
3	113275624	rs7611694	3	113271057	rs7620803	0.386903
3	113275624	rs7611694	3	113271406	rs2399488	0.722829
3	113275624	rs7611694	3	113272208	rs1513287	0.746788
3	113275624	rs7611694	3	113272703	rs4682491	0.180868
3	113275624	rs7611694	3	113273634	rs13074313	0.222101
3	113275624	rs7611694	3	113274334	rs6808951	0.216603
3	113275624	rs7611694	3	113274336	rs80079831	0.408348
3	113275624	rs7611694	3	113274519	rs7630708	0.762703
3	113275624	rs7611694	3	113275624	rs7611694	1
3	113275624	rs7611694	3	113276381	rs34627996	0.329923
3	113275624	rs7611694	3	113276732	rs7637206	0.408348
3	113275624	rs7611694	3	113277105	rs7639565	0.862539
3	113275624	rs7611694	3	113278297	rs570632756	0.0946138
3	113275624	rs7611694	3	113279698	rs7613948	0.216603
3	113275624	rs7611694	3	113281370	rs74803054	0.216603
3	113275624	rs7611694	3	113281831	rs9874993	0.319389
3	113275624	rs7611694	3	113282075	rs35452897	0.329923
3	113275624	rs7611694	3	113282129	rs9879239	0.319389
3	113275624	rs7611694	3	113282176	rs62265514	0.319389
3	113275624	rs7611694	3	113282193	rs62265515	0.319389
3	113275624	rs7611694	3	113282195	rs140673077	0.319389
3	113275624	rs7611694	3	113282326	rs6769767	0.840394
3	113275624	rs7611694	3	113282583	rs35475210	0.216377
3	113275624	rs7611694	3	113283278	rs3896909	0.408829
3	113275624	rs7611694	3	113284149	rs12629813	0.844976
3	113275624	rs7611694	3	113284162	rs12629879	0.806473
3	113275624	rs7611694	3	113284208	rs12635148	0.715728
3	113275624	rs7611694	3	113284492	rs7645464	0.197801
3	113275624	rs7611694	3	113284698	rs7623311	0.198064
3	113275624	rs7611694	3	113284745	rs7613082	0.848702
3	113275624	rs7611694	3	113285423	rs2271495	0.408348
3	113275624	rs7611694	3	113286405	rs2292511	0.319389
3	113275624	rs7611694	3	113286748	rs2292510	0.319389
3	113275624	rs7611694	3	113287035	rs55669843	0.848702
3	113275624	rs7611694	3	113287314	rs56721892	0.336869
3	113275624	rs7611694	3	113287448	rs556721008	0.138207
3	113275624	rs7611694	3	113287448	rs202138300	0.402435
3	113275624	rs7611694	3	113287453	rs202098448	0.187682
3	113275624	rs7611694	3	113288229	rs11921816	0.848702
3	113275624	rs7611694	3	113288430	rs11929640	0.407969
3	113275624	rs7611694	3	113288726	rs28564696	0.336869
3	113275624	rs7611694	3	113288751	rs80249027	0.0989539
3	113275624	rs7611694	3	113288855	rs7616118	0.198064
3	113275624	rs7611694	3	113289088	rs55941419	0.336869
3	113275624	rs7611694	3	113289304	rs77555207	0.336869
3	113275624	rs7611694	3	113290016	rs62265518	0.336869
3	113275624	rs7611694	3	113290314	rs78139366	0.319389
3	113275624	rs7611694	3	113290358	rs78384425	0.259076
3	113275624	rs7611694	3	113290450	rs13092681	0.848702
3	113275624	rs7611694	3	113290468	rs13092825	0.198064
3	113275624	rs7611694	3	113290480	rs72950888	0.336869
3	113275624	rs7611694	3	113290519	rs62265519	0.407969
3	113275624	rs7611694	3	113290655	rs4682493	0.336869
3	113275624	rs7611694	3	113290721	rs4682494	0.336869
3	113275624	rs7611694	3	113290793	rs4682495	0.84436
3	113275624	rs7611694	3	113290891	rs4682496	0.336869
3	113275624	rs7611694	3	113291841	rs143640906	0.332203
3	113275624	rs7611694	3	113292417	rs28446408	0.336133
3	113275624	rs7611694	3	113292637	rs28674622	0.815881
3	113275624	rs7611694	3	113292744	rs12631929	0.408348
3	113275624	rs7611694	3	113293403	rs3821683	0.334682
3	113275624	rs7611694	3	113293438	rs3773693	0.198064
3	113275624	rs7611694	3	113293895	rs3821682	0.334682
3	113275624	rs7611694	3	113294153	rs1567781	0.325885
3	113275624	rs7611694	3	113294482	rs1567780	0.848702
3	113275624	rs7611694	3	113294530	rs1567779	0.336869
3	113275624	rs7611694	3	113296131	rs2048624	0.334682
3	113275624	rs7611694	3	113296350	rs71633328	0.140943
3	113275624	rs7611694	3	113296693	rs9823358	0.332459
3	113275624	rs7611694	3	113297078	rs4560271	0.332459
3	113275624	rs7611694	3	113297192	rs4560272	0.330265
3	113275624	rs7611694	3	113297231	rs3932276	0.31298
3	113275624	rs7611694	3	113298600	rs3773691	0.330265
3	113275624	rs7611694	3	113300183	rs2271494	0.816399
3	113275624	rs7611694	3	113300351	rs9863703	0.398444
3	113275624	rs7611694	3	113300390	rs62265520	0.401391
3	113275624	rs7611694	3	113300775	rs9844542	0.31298
3	113275624	rs7611694	3	113300863	rs9868243	0.318015
3	113275624	rs7611694	3	113301566	rs9985452	0.325662
3	113275624	rs7611694	3	113302030	rs9854139	0.311696
3	113275624	rs7611694	3	113302031	rs9854140	0.32429
3	113275624	rs7611694	3	113302037	rs9816095	0.326359
3	113275624	rs7611694	3	113302118	rs62265521	0.401391
3	113275624	rs7611694	3	113302425	rs2271493	0.31298
3	113275624	rs7611694	3	113302493	rs2271492	0.314958
3	113275624	rs7611694	3	113303278	rs17325304	0.201001
3	113275624	rs7611694	3	113304171	rs41271363	0.31298
3	113275624	rs7611694	3	113304513	rs28530478	0.327773
3	113275624	rs7611694	3	113304781	rs9827928	0.827099
3	113275624	rs7611694	3	113306047	rs6787428	0.327773
3	113275624	rs7611694	3	113306167	rs6799004	0.702358
3	113275624	rs7611694	3	113306326	rs6799125	0.702358
3	113275624	rs7611694	3	113306418	rs6787745	0.702358
3	113275624	rs7611694	3	113306741	rs71319373	0.201001
3	113275624	rs7611694	3	113307671	rs35871806	0.209761
3	113275624	rs7611694	3	113308145	rs17259475	0.201001
3	113275624	rs7611694	3	113308412	rs12489267	0.805545
3	113275624	rs7611694	3	113308443	rs34486120	0.201001
3	113275624	rs7611694	3	113309149	rs6808932	0.699549
3	113275624	rs7611694	3	113309470	rs34561841	0.198115
3	113275624	rs7611694	3	113309549	rs4682497	0.406752
3	113275624	rs7611694	3	113310843	rs9843558	0.125791
3	113275624	rs7611694	3	113311445	rs13324882	0.109171
3	113275624	rs7611694	3	113315022	rs12490723	0.0994094
3	113275624	rs7611694	3	113318460	rs12635864	0.0947152
3	113282326	rs6769767	3	113176122	rs7637618	0.185937
3	113282326	rs6769767	3	113178594	rs6438149	0.145483
3	113282326	rs6769767	3	113178601	rs62265992	0.260745
3	113282326	rs6769767	3	113180678	rs7650538	0.630863
3	113282326	rs6769767	3	113181506	rs55865352	0.260745
3	113282326	rs6769767	3	113182231	rs9825827	0.145483
3	113282326	rs6769767	3	113183944	rs9835848	0.145483
3	113282326	rs6769767	3	113183947	rs35595850	0.43846
3	113282326	rs6769767	3	113184282	rs9836396	0.145483
3	113282326	rs6769767	3	113185064	rs6769604	0.185937
3	113282326	rs6769767	3	113185303	rs6805691	0.630863
3	113282326	rs6769767	3	113185770	rs62265996	0.260745
3	113282326	rs6769767	3	113186446	rs4682489	0.260745
3	113282326	rs6769767	3	113186514	rs6773497	0.145483
3	113282326	rs6769767	3	113186745	rs71917202	0.393507
3	113282326	rs6769767	3	113188805	rs12488964	0.628685
3	113282326	rs6769767	3	113188852	rs9848087	0.630863
3	113282326	rs6769767	3	113188885	rs9814395	0.145483
3	113282326	rs6769767	3	113189368	rs9852703	0.185937
3	113282326	rs6769767	3	113190149	rs6786974	0.149214
3	113282326	rs6769767	3	113191012	rs6783387	0.185937
3	113282326	rs6769767	3	113192530	rs12637502	0.260745
3	113282326	rs6769767	3	113192815	rs111857900	0.260745
3	113282326	rs6769767	3	113192838	rs141461408	0.185937
3	113282326	rs6769767	3	113192994	rs144964098	0.145483
3	113282326	rs6769767	3	113193688	rs187648721	0.265573
3	113282326	rs6769767	3	113193897	rs6793704	0.185937
3	113282326	rs6769767	3	113194952	rs145718264	0.260745
3	113282326	rs6769767	3	113194956	rs138668669	0.260745
3	113282326	rs6769767	3	113195078	rs7631189	0.109394
3	113282326	rs6769767	3	113195079	rs7619662	0.105797
3	113282326	rs6769767	3	113196525	rs9844447	0.145483
3	113282326	rs6769767	3	113196702	rs7623389	0.634349
3	113282326	rs6769767	3	113197393	rs1463644	0.265146
3	113282326	rs6769767	3	113197974	rs4425226	0.145483
3	113282326	rs6769767	3	113197993	rs149889160	0.118744
3	113282326	rs6769767	3	113198109	rs4484165	0.144193
3	113282326	rs6769767	3	113198381	rs12054036	0.243635
3	113282326	rs6769767	3	113198722	rs6783965	0.145483
3	113282326	rs6769767	3	113199093	rs9839921	0.144193
3	113282326	rs6769767	3	113199129	rs11719925	0.115621
3	113282326	rs6769767	3	113199779	rs73241126	0.260109
3	113282326	rs6769767	3	113200467	rs60634072	0.209491
3	113282326	rs6769767	3	113200626	rs7635676	0.185937
3	113282326	rs6769767	3	113200894	rs7617772	0.630863
3	113282326	rs6769767	3	113201216	rs7650671	0.185937
3	113282326	rs6769767	3	113201754	rs7628945	0.209491
3	113282326	rs6769767	3	113202165	rs7621210	0.630863
3	113282326	rs6769767	3	113204149	rs6768979	0.144193
3	113282326	rs6769767	3	113204762	rs36054418	0.144193
3	113282326	rs6769767	3	113205003	rs140118151	0.510051
3	113282326	rs6769767	3	113205057	rs145037434	0.144193
3	113282326	rs6769767	3	113205709	rs141247316	0.156411
3	113282326	rs6769767	3	113206602	rs60292736	0.265146
3	113282326	rs6769767	3	113206771	rs7622740	0.145483
3	113282326	rs6769767	3	113206929	rs6438156	0.145483
3	113282326	rs6769767	3	113207316	rs6438157	0.144193
3	113282326	rs6769767	3	113207758	rs7625841	0.630863
3	113282326	rs6769767	3	113208224	rs3928555	0.373383
3	113282326	rs6769767	3	113208423	rs13066742	0.145483
3	113282326	rs6769767	3	113208650	rs13087452	0.144193
3	113282326	rs6769767	3	113208694	rs568937971	0.120554
3	113282326	rs6769767	3	113208913	rs7631082	0.144193
3	113282326	rs6769767	3	113209166	rs7631335	0.215589
3	113282326	rs6769767	3	113209375	rs13092925	0.209491
3	113282326	rs6769767	3	113209828	rs35860985	0.144193
3	113282326	rs6769767	3	113210038	rs13098166	0.144193
3	113282326	rs6769767	3	113210150	rs71134892	0.209491
3	113282326	rs6769767	3	113210283	rs55711506	0.578038
3	113282326	rs6769767	3	113210365	rs72946748	0.209491
3	113282326	rs6769767	3	113211513	rs1486894	0.144193
3	113282326	rs6769767	3	113211686	rs12629498	0.227449
3	113282326	rs6769767	3	113211828	rs1471883	0.181734
3	113282326	rs6769767	3	113211953	rs3732804	0.231435
3	113282326	rs6769767	3	113211957	rs3732803	0.145483
3	113282326	rs6769767	3	113212041	rs1471884	0.181734
3	113282326	rs6769767	3	113212562	rs4396864	0.209491
3	113282326	rs6769767	3	113213493	rs556362941	0.148737
3	113282326	rs6769767	3	113214727	rs12629271	0.206867
3	113282326	rs6769767	3	113215447	rs1463643	0.209491
3	113282326	rs6769767	3	113215818	rs1486897	0.145483
3	113282326	rs6769767	3	113216325	rs10511326	0.144193
3	113282326	rs6769767	3	113216529	rs540576624;rs142916767	0.427218
3	113282326	rs6769767	3	113217290	rs6438158	0.144193
3	113282326	rs6769767	3	113217341	rs6438159	0.144193
3	113282326	rs6769767	3	113217591	rs6438160	0.181734
3	113282326	rs6769767	3	113218206	rs6798938	0.147854
3	113282326	rs6769767	3	113219160	rs7623919	0.181734
3	113282326	rs6769767	3	113219272	rs7646188	0.181734
3	113282326	rs6769767	3	113219342	rs6766615	0.144193
3	113282326	rs6769767	3	113219905	rs6769516	0.144193
3	113282326	rs6769767	3	113221258	rs9874747	0.215589
3	113282326	rs6769767	3	113221509	rs551044744	0.370406
3	113282326	rs6769767	3	113222036	rs11537650	0.209491
3	113282326	rs6769767	3	113222998	rs2399477	0.209491
3	113282326	rs6769767	3	113223195	rs3085005	0.144193
3	113282326	rs6769767	3	113223362	rs13082603	0.209491
3	113282326	rs6769767	3	113223410	rs7642163	0.632155
3	113282326	rs6769767	3	113224161	rs11344009	0.144414
3	113282326	rs6769767	3	113224649	rs5851899	0.144193
3	113282326	rs6769767	3	113225660	rs1552432	0.144193
3	113282326	rs6769767	3	113225730	rs1552433	0.181734
3	113282326	rs6769767	3	113226330	rs869342	0.144193
3	113282326	rs6769767	3	113226705	rs869343	0.144193
3	113282326	rs6769767	3	113226874	rs9877649	0.209491
3	113282326	rs6769767	3	113226961	rs10934233	0.267182
3	113282326	rs6769767	3	113226983	rs2087130	0.209491
3	113282326	rs6769767	3	113227050	rs2399479	0.145483
3	113282326	rs6769767	3	113227070	rs10934234	0.269225
3	113282326	rs6769767	3	113227637	rs6438161	0.144193
3	113282326	rs6769767	3	113228009	rs7624994	0.144193
3	113282326	rs6769767	3	113228019	rs7613546	0.144193
3	113282326	rs6769767	3	113228280	rs34762495	0.142178
3	113282326	rs6769767	3	113228294	rs722392	0.143492
3	113282326	rs6769767	3	113228444	rs9808893	0.142178
3	113282326	rs6769767	3	113228599	rs2399480	0.207319
3	113282326	rs6769767	3	113228688	rs9846539	0.207319
3	113282326	rs6769767	3	113231403	rs7618226	0.207319
3	113282326	rs6769767	3	113231925	rs7631138	0.142178
3	113282326	rs6769767	3	113231927	rs16861097	0.173297
3	113282326	rs6769767	3	113232176	rs67211112	0.142178
3	113282326	rs6769767	3	113232334	rs149109306	0.122481
3	113282326	rs6769767	3	113232336	rs200724027	0.122481
3	113282326	rs6769767	3	113232879	rs12632492	0.272043
3	113282326	rs6769767	3	113233132	rs9872168	0.143492
3	113282326	rs6769767	3	113233185	rs67596581	0.142178
3	113282326	rs6769767	3	113233188	rs16861103	0.210744
3	113282326	rs6769767	3	113233563	rs2306069	0.272043
3	113282326	rs6769767	3	113234141	rs6768648	0.142178
3	113282326	rs6769767	3	113234309	rs75394137	0.267621
3	113282326	rs6769767	3	113234874	rs113285414	0.100515
3	113282326	rs6769767	3	113234984	rs2399481	0.272043
3	113282326	rs6769767	3	113236369	rs35581027	0.634349
3	113282326	rs6769767	3	113238375	rs9870996	0.181734
3	113282326	rs6769767	3	113238956	rs59546377	0.243548
3	113282326	rs6769767	3	113239021	rs35278902	0.124303
3	113282326	rs6769767	3	113239682	rs7631730	0.634349
3	113282326	rs6769767	3	113241804	rs75681629	0.637573
3	113282326	rs6769767	3	113248748	rs6799610	0.151061
3	113282326	rs6769767	3	113248811	rs200184362	0.199275
3	113282326	rs6769767	3	113251079	rs35350834	0.390258
3	113282326	rs6769767	3	113252705	rs9842559	0.189901
3	113282326	rs6769767	3	113253080	rs72204933	0.135016
3	113282326	rs6769767	3	113259413	rs6769970	0.690247
3	113282326	rs6769767	3	113260769	rs34844841	0.130996
3	113282326	rs6769767	3	113261709	rs16861158	0.130996
3	113282326	rs6769767	3	113261749	rs201459832	0.575046
3	113282326	rs6769767	3	113262057	rs6785962	0.686601
3	113282326	rs6769767	3	113262497	rs138162694	0.124696
3	113282326	rs6769767	3	113263272	rs9854686	0.187677
3	113282326	rs6769767	3	113265215	rs13067967	0.130996
3	113282326	rs6769767	3	113265727	rs2669909	0.187677
3	113282326	rs6769767	3	113266391	rs35274817	0.130996
3	113282326	rs6769767	3	113267472	rs9848190	0.0986909
3	113282326	rs6769767	3	113268347	rs35809878	0.122764
3	113282326	rs6769767	3	113268970	rs16861165	0.0954684
3	113282326	rs6769767	3	113269201	rs2614191	0.172437
3	113282326	rs6769767	3	113269563	rs7653791	0.0954684
3	113282326	rs6769767	3	113269695	rs34286076	0.130996
3	113282326	rs6769767	3	113269978	rs7612047	0.0986909
3	113282326	rs6769767	3	113270420	rs7646262	0.0954684
3	113282326	rs6769767	3	113270659	rs11291177	0.0954684
3	113282326	rs6769767	3	113270671	rs201129202	0.311574
3	113282326	rs6769767	3	113270990	rs7620700	0.0949622
3	113282326	rs6769767	3	113271056	rs7620964	0.469511
3	113282326	rs6769767	3	113271057	rs7620803	0.469511
3	113282326	rs6769767	3	113271240	rs11922598	0.103689
3	113282326	rs6769767	3	113271406	rs2399488	0.639211
3	113282326	rs6769767	3	113272208	rs1513287	0.672158
3	113282326	rs6769767	3	113272703	rs4682491	0.18082
3	113282326	rs6769767	3	113273634	rs13074313	0.214475
3	113282326	rs6769767	3	113274334	rs6808951	0.209735
3	113282326	rs6769767	3	113274336	rs80079831	0.343998
3	113282326	rs6769767	3	113274519	rs7630708	0.686373
3	113282326	rs6769767	3	113275624	rs7611694	0.840394
3	113282326	rs6769767	3	113276381	rs34627996	0.314337
3	113282326	rs6769767	3	113276732	rs7637206	0.343998
3	113282326	rs6769767	3	113277105	rs7639565	0.973789
3	113282326	rs6769767	3	113279698	rs7613948	0.209735
3	113282326	rs6769767	3	113281370	rs74803054	0.209735
3	113282326	rs6769767	3	113281831	rs9874993	0.416696
3	113282326	rs6769767	3	113282075	rs35452897	0.314337
3	113282326	rs6769767	3	113282129	rs9879239	0.416696
3	113282326	rs6769767	3	113282176	rs62265514	0.416696
3	113282326	rs6769767	3	113282193	rs62265515	0.416696
3	113282326	rs6769767	3	113282195	rs140673077	0.416696
3	113282326	rs6769767	3	113282326	rs6769767	1
3	113282326	rs6769767	3	113282583	rs35475210	0.209814
3	113282326	rs6769767	3	113283278	rs3896909	0.344124
3	113282326	rs6769767	3	113284149	rs12629813	0.954596
3	113282326	rs6769767	3	113284162	rs12629879	0.918737
3	113282326	rs6769767	3	113284208	rs12635148	0.823867
3	113282326	rs6769767	3	113284492	rs7645464	0.190619
3	113282326	rs6769767	3	113284698	rs7623311	0.190592
3	113282326	rs6769767	3	113284745	rs7613082	0.958254
3	113282326	rs6769767	3	113285423	rs2271495	0.343998
3	113282326	rs6769767	3	113286405	rs2292511	0.416696
3	113282326	rs6769767	3	113286748	rs2292510	0.416696
3	113282326	rs6769767	3	113287035	rs55669843	0.958254
3	113282326	rs6769767	3	113287314	rs56721892	0.430896
3	113282326	rs6769767	3	113287448	rs556721008	0.119723
3	113282326	rs6769767	3	113287448	rs202138300	0.53076
3	113282326	rs6769767	3	113287453	rs202098448	0.263169
3	113282326	rs6769767	3	113288229	rs11921816	0.958254
3	113282326	rs6769767	3	113288430	rs11929640	0.499822
3	113282326	rs6769767	3	113288726	rs28564696	0.430896
3	113282326	rs6769767	3	113288751	rs80249027	0.105978
3	113282326	rs6769767	3	113288855	rs7616118	0.190592
3	113282326	rs6769767	3	113289088	rs55941419	0.430896
3	113282326	rs6769767	3	113289304	rs77555207	0.430896
3	113282326	rs6769767	3	113290016	rs62265518	0.430896
3	113282326	rs6769767	3	113290314	rs78139366	0.416696
3	113282326	rs6769767	3	113290358	rs78384425	0.336741
3	113282326	rs6769767	3	113290450	rs13092681	0.958254
3	113282326	rs6769767	3	113290468	rs13092825	0.190592
3	113282326	rs6769767	3	113290480	rs72950888	0.430896
3	113282326	rs6769767	3	113290519	rs62265519	0.499822
3	113282326	rs6769767	3	113290655	rs4682493	0.430896
3	113282326	rs6769767	3	113290721	rs4682494	0.430896
3	113282326	rs6769767	3	113290793	rs4682495	0.954477
3	113282326	rs6769767	3	113290891	rs4682496	0.430896
3	113282326	rs6769767	3	113291841	rs143640906	0.427704
3	113282326	rs6769767	3	113292417	rs28446408	0.430438
3	113282326	rs6769767	3	113292637	rs28674622	0.973409
3	113282326	rs6769767	3	113292744	rs12631929	0.343998
3	113282326	rs6769767	3	113293403	rs3821683	0.429547
3	113282326	rs6769767	3	113293438	rs3773693	0.190592
3	113282326	rs6769767	3	113293895	rs3821682	0.429547
3	113282326	rs6769767	3	113294153	rs1567781	0.418977
3	113282326	rs6769767	3	113294482	rs1567780	0.958254
3	113282326	rs6769767	3	113294530	rs1567779	0.430896
3	113282326	rs6769767	3	113296131	rs2048624	0.429547
3	113282326	rs6769767	3	113296350	rs71633328	0.135761
3	113282326	rs6769767	3	113296693	rs9823358	0.425608
3	113282326	rs6769767	3	113297078	rs4560271	0.425608
3	113282326	rs6769767	3	113297192	rs4560272	0.424241
3	113282326	rs6769767	3	113297231	rs3932276	0.410213
3	113282326	rs6769767	3	113298600	rs3773691	0.424241
3	113282326	rs6769767	3	113300183	rs2271494	0.925588
3	113282326	rs6769767	3	113300351	rs9863703	0.492349
3	113282326	rs6769767	3	113300390	rs62265520	0.338308
3	113282326	rs6769767	3	113300775	rs9844542	0.410213
3	113282326	rs6769767	3	113300863	rs9868243	0.409798
3	113282326	rs6769767	3	113301566	rs9985452	0.421106
3	113282326	rs6769767	3	113302030	rs9854139	0.409515
3	113282326	rs6769767	3	113302031	rs9854140	0.420305
3	113282326	rs6769767	3	113302037	rs9816095	0.42152
3	113282326	rs6769767	3	113302118	rs62265521	0.338308
3	113282326	rs6769767	3	113302425	rs2271493	0.410213
3	113282326	rs6769767	3	113302493	rs2271492	0.411323
3	113282326	rs6769767	3	113303278	rs17325304	0.193418
3	113282326	rs6769767	3	113304171	rs41271363	0.410213
3	113282326	rs6769767	3	113304513	rs28530478	0.422373
3	113282326	rs6769767	3	113304781	rs9827928	0.936079
3	113282326	rs6769767	3	113306047	rs6787428	0.422373
3	113282326	rs6769767	3	113306167	rs6799004	0.810755
3	113282326	rs6769767	3	113306326	rs6799125	0.810755
3	113282326	rs6769767	3	113306418	rs6787745	0.810755
3	113282326	rs6769767	3	113306741	rs71319373	0.193418
3	113282326	rs6769767	3	113307671	rs35871806	0.201006
3	113282326	rs6769767	3	113308145	rs17259475	0.193418
3	113282326	rs6769767	3	113308412	rs12489267	0.962088
3	113282326	rs6769767	3	113308443	rs34486120	0.193418
3	113282326	rs6769767	3	113309149	rs6808932	0.806985
3	113282326	rs6769767	3	113309470	rs34561841	0.189726
3	113282326	rs6769767	3	113309549	rs4682497	0.34643
3	113282326	rs6769767	3	113310843	rs9843558	0.12047
3	113282326	rs6769767	3	113311445	rs13324882	0.103178
3	113282326	rs6769767	3	113315022	rs12490723	0.098091
