CHR_A	BP_A	SNP_A	CHR_B	BP_B	SNP_B	R2
4	95505592	rs7682375	4	95406460	rs3838640	0.128443
4	95505592	rs7682375	4	95406478	rs3838639	0.111736
4	95505592	rs7682375	4	95407821	rs2438140	0.106336
4	95505592	rs7682375	4	95409567	rs774984	0.11747
4	95505592	rs7682375	4	95409802	rs2452554	0.286013
4	95505592	rs7682375	4	95409930	rs2438141	0.280659
4	95505592	rs7682375	4	95410168	rs2510802	0.310357
4	95505592	rs7682375	4	95410364	rs774982	0.123547
4	95505592	rs7682375	4	95411268	rs2510801	0.310357
4	95505592	rs7682375	4	95411857	rs2433318	0.310357
4	95505592	rs7682375	4	95412143	rs2510800	0.310357
4	95505592	rs7682375	4	95413109	rs2510799	0.307159
4	95505592	rs7682375	4	95413478	rs1493109	0.108549
4	95505592	rs7682375	4	95413759	rs2438145	0.310357
4	95505592	rs7682375	4	95414053	rs2452555	0.108549
4	95505592	rs7682375	4	95414539	rs2452556	0.307159
4	95505592	rs7682375	4	95414613	rs2555215	0.10634
4	95505592	rs7682375	4	95414640	rs2452557	0.317754
4	95505592	rs7682375	4	95415582	rs550542434	0.10634
4	95505592	rs7682375	4	95415907	rs2510798	0.310357
4	95505592	rs7682375	4	95415916	rs2452558	0.310357
4	95505592	rs7682375	4	95418631	rs774991	0.165844
4	95505592	rs7682375	4	95418910	rs774990	0.165844
4	95505592	rs7682375	4	95419141	rs3840292	0.165844
4	95505592	rs7682375	4	95419221	rs2452559	0.494915
4	95505592	rs7682375	4	95419519	rs2438142	0.494915
4	95505592	rs7682375	4	95420235	rs774987	0.168682
4	95505592	rs7682375	4	95420619	rs1493111	0.165844
4	95505592	rs7682375	4	95420659	rs1845176	0.165844
4	95505592	rs7682375	4	95422232	rs11336334	0.15089
4	95505592	rs7682375	4	95422515	rs2452560	0.492227
4	95505592	rs7682375	4	95423030	rs2452561	0.488236
4	95505592	rs7682375	4	95423597	rs2452562	0.492227
4	95505592	rs7682375	4	95424226	rs2452563	0.163905
4	95505592	rs7682375	4	95424783	rs148093964	0.148804
4	95505592	rs7682375	4	95426630	rs2510797	0.165844
4	95505592	rs7682375	4	95426855	rs2510796	0.164304
4	95505592	rs7682375	4	95427298	rs2452564	0.494915
4	95505592	rs7682375	4	95428800	rs2433317	0.490923
4	95505592	rs7682375	4	95430064	rs2510795	0.493628
4	95505592	rs7682375	4	95430797	rs2510794	0.490923
4	95505592	rs7682375	4	95430997	rs2639794	0.165844
4	95505592	rs7682375	4	95433065	rs2510793	0.165844
4	95505592	rs7682375	4	95433221	rs774985	0.165844
4	95505592	rs7682375	4	95433803	rs2510792	0.494915
4	95505592	rs7682375	4	95434236	rs1082513	0.165844
4	95505592	rs7682375	4	95434984	rs2510791	0.494915
4	95505592	rs7682375	4	95435398	rs2510790	0.159789
4	95505592	rs7682375	4	95435399	rs2510789	0.159789
4	95505592	rs7682375	4	95437443	rs2452565	0.484879
4	95505592	rs7682375	4	95437728	rs2452566	0.4889
4	95505592	rs7682375	4	95437921	rs2452567	0.348037
4	95505592	rs7682375	4	95438406	rs2510788	0.476909
4	95505592	rs7682375	4	95438615	rs2452568	0.499138
4	95505592	rs7682375	4	95438714	rs2510787	0.382952
4	95505592	rs7682375	4	95439956	rs2433324	0.411661
4	95505592	rs7682375	4	95440721	rs2510786	0.505948
4	95505592	rs7682375	4	95440929	rs2438143	0.505948
4	95505592	rs7682375	4	95441162	rs2438144	0.505948
4	95505592	rs7682375	4	95441310	rs1353044	0.505948
4	95505592	rs7682375	4	95441592	rs2433325	0.505948
4	95505592	rs7682375	4	95444407	rs2510785	0.510106
4	95505592	rs7682375	4	95445189	rs2510784	0.505948
4	95505592	rs7682375	4	95445191	rs2510783	0.505948
4	95505592	rs7682375	4	95445791	rs766520	0.34255
4	95505592	rs7682375	4	95447259	rs2577056	0.668949
4	95505592	rs7682375	4	95447392	rs2162346	0.517932
4	95505592	rs7682375	4	95447889	rs3133151	0.372144
4	95505592	rs7682375	4	95449752	rs4699505	0.372144
4	95505592	rs7682375	4	95450297	rs2452577	0.366194
4	95505592	rs7682375	4	95450483	rs2452576	0.369763
4	95505592	rs7682375	4	95451193	rs2452575	0.366194
4	95505592	rs7682375	4	95451661	rs547672625	0.15638
4	95505592	rs7682375	4	95452228	rs13143502	0.366194
4	95505592	rs7682375	4	95452900	rs2452574	0.366764
4	95505592	rs7682375	4	95453088	rs2510782	0.341778
4	95505592	rs7682375	4	95453095	rs2452573	0.340173
4	95505592	rs7682375	4	95453295	rs2452572	0.461961
4	95505592	rs7682375	4	95453735	rs2452571	0.432044
4	95505592	rs7682375	4	95453777	rs2510781	0.364982
4	95505592	rs7682375	4	95453809	rs2452570	0.364982
4	95505592	rs7682375	4	95453817	rs2510780	0.43414
4	95505592	rs7682375	4	95454014	rs2510779	0.366764
4	95505592	rs7682375	4	95454148	rs2452569	0.432044
4	95505592	rs7682375	4	95456986	rs572010977	0.295845
4	95505592	rs7682375	4	95457089	rs3792666	0.421523
4	95505592	rs7682375	4	95457872	rs3805285	0.421809
4	95505592	rs7682375	4	95458450	rs2510778	0.663309
4	95505592	rs7682375	4	95458942	rs12645971	0.421809
4	95505592	rs7682375	4	95459422	rs13110115	0.413695
4	95505592	rs7682375	4	95459760	rs2452586	0.426278
4	95505592	rs7682375	4	95460448	rs1032420	0.426278
4	95505592	rs7682375	4	95460949	rs2510777	0.426278
4	95505592	rs7682375	4	95460997	rs2452008	0.426278
4	95505592	rs7682375	4	95461136	rs2452585	0.426278
4	95505592	rs7682375	4	95461283	rs142187116	0.448255
4	95505592	rs7682375	4	95461425	rs2452584	0.426278
4	95505592	rs7682375	4	95461516	rs2452583	0.666398
4	95505592	rs7682375	4	95461559	rs2452582	0.426278
4	95505592	rs7682375	4	95462421	rs2510776	0.426278
4	95505592	rs7682375	4	95463151	rs1972011	0.437877
4	95505592	rs7682375	4	95463486	rs34612297	0.427996
4	95505592	rs7682375	4	95463487	rs56150214	0.363795
4	95505592	rs7682375	4	95464471	rs13146878	0.432235
4	95505592	rs7682375	4	95464626	rs2510775	0.365565
4	95505592	rs7682375	4	95465526	rs2452580	0.441441
4	95505592	rs7682375	4	95466965	rs2452010	0.370668
4	95505592	rs7682375	4	95467258	rs2510774	0.443598
4	95505592	rs7682375	4	95467982	rs5860366	0.412575
4	95505592	rs7682375	4	95468433	rs10213504	0.0922019
4	95505592	rs7682375	4	95469308	rs2510773	0.948055
4	95505592	rs7682375	4	95470544	rs74638457	0.118451
4	95505592	rs7682375	4	95470677	rs78920201	0.118451
4	95505592	rs7682375	4	95470815	rs2510772	0.485613
4	95505592	rs7682375	4	95472630	rs1493112	0.938877
4	95505592	rs7682375	4	95473162	rs2452578	0.962213
4	95505592	rs7682375	4	95473312	rs35037147	0.962213
4	95505592	rs7682375	4	95474122	rs3133150	0.966852
4	95505592	rs7682375	4	95474420	rs2452589	0.498167
4	95505592	rs7682375	4	95475918	rs2452590	0.783194
4	95505592	rs7682375	4	95476182	rs141131570	0.439298
4	95505592	rs7682375	4	95476240	rs111322874	0.286755
4	95505592	rs7682375	4	95476587	rs7685204	0.144658
4	95505592	rs7682375	4	95476719	rs2452591	0.783194
4	95505592	rs7682375	4	95476789	rs17394213	0.424163
4	95505592	rs7682375	4	95477275	rs9684901	0.966852
4	95505592	rs7682375	4	95478138	rs4699533	0.424684
4	95505592	rs7682375	4	95478603	rs113587193	0.0907541
4	95505592	rs7682375	4	95479372	rs2510770	0.976404
4	95505592	rs7682375	4	95481367	rs2452592	0.797857
4	95505592	rs7682375	4	95481377	rs2510769	0.438778
4	95505592	rs7682375	4	95482053	rs2510768	0.438778
4	95505592	rs7682375	4	95482211	rs6830074	0.0930398
4	95505592	rs7682375	4	95482820	rs3805274	0.0924265
4	95505592	rs7682375	4	95484001	rs2510767	0.779598
4	95505592	rs7682375	4	95484190	rs2510766	0.0924265
4	95505592	rs7682375	4	95486094	rs28740868	0.389831
4	95505592	rs7682375	4	95486990	rs3805272	0.104749
4	95505592	rs7682375	4	95487082	rs3805271	0.104749
4	95505592	rs7682375	4	95487714	rs2452593	0.109021
4	95505592	rs7682375	4	95488304	rs2201092	0.352572
4	95505592	rs7682375	4	95488396	rs4590045	0.102454
4	95505592	rs7682375	4	95488659	rs35850642	0.305125
4	95505592	rs7682375	4	95489082	rs2452594	0.11051
4	95505592	rs7682375	4	95489556	rs11300244	0.103931
4	95505592	rs7682375	4	95491286	rs7697149	0.358637
4	95505592	rs7682375	4	95493246	rs2452597	0.990491
4	95505592	rs7682375	4	95493721	rs2452598	0.995233
4	95505592	rs7682375	4	95494126	rs902981	0.438474
4	95505592	rs7682375	4	95495520	rs10019142	0.418339
4	95505592	rs7682375	4	95495573	rs2452599	0.980956
4	95505592	rs7682375	4	95495908	rs2452009	0.995233
4	95505592	rs7682375	4	95496882	rs2452600	0.985764
4	95505592	rs7682375	4	95497436	rs74969077	0.352572
4	95505592	rs7682375	4	95497654	rs2452601	0.345538
4	95505592	rs7682375	4	95497907	rs973995	0.360747
4	95505592	rs7682375	4	95498617	rs66962894	0.351882
4	95505592	rs7682375	4	95498732	rs11349007	0.486365
4	95505592	rs7682375	4	95500223	rs3805266	0.43353
4	95505592	rs7682375	4	95500628	rs3828518	0.106879
4	95505592	rs7682375	4	95501166	rs4699299	1
4	95505592	rs7682375	4	95501167	rs4699540	1
4	95505592	rs7682375	4	95501719	rs6845201	1
4	95505592	rs7682375	4	95503192	rs3805264	0.360747
4	95505592	rs7682375	4	95503578	rs3843444	0.425693
4	95505592	rs7682375	4	95503902	rs5013417	0.371718
4	95505592	rs7682375	4	95504312	rs3805263	0.360747
4	95505592	rs7682375	4	95505592	rs7682375	1
4	95505592	rs7682375	4	95505975	rs12639887	0.389963
4	95505592	rs7682375	4	95506214	rs2172448	0.442774
4	95505592	rs7682375	4	95506531	rs12640669	0.218734
4	95505592	rs7682375	4	95506842	rs11097431	0.104619
4	95505592	rs7682375	4	95507176	rs6532491	0.442774
4	95505592	rs7682375	4	95508108	rs71581594	0.120912
4	95505592	rs7682375	4	95508434	rs66505111	0.13519
4	95505592	rs7682375	4	95508755	rs12642449	0.317012
4	95505592	rs7682375	4	95508865	rs79700101	0.153181
4	95505592	rs7682375	4	95509645	rs60063444	0.330591
4	95505592	rs7682375	4	95509714	rs199665838	0.363125
4	95505592	rs7682375	4	95509763	rs7662466	0.442774
4	95505592	rs7682375	4	95510638	rs4634230	0.43304
4	95505592	rs7682375	4	95510883	rs149749312	0.476437
4	95505592	rs7682375	4	95511096	rs10019505	0.444023
4	95505592	rs7682375	4	95511681	rs13122786	0.320241
4	95505592	rs7682375	4	95512844	rs35044129	0.971616
4	95505592	rs7682375	4	95513010	rs116146172	0.143418
4	95505592	rs7682375	4	95514609	rs12500426	0.424216
4	95505592	rs7682375	4	95516516	rs17336353	0.103931
4	95505592	rs7682375	4	95517914	rs36227776	0.435036
4	95505592	rs7682375	4	95521086	rs66542996	0.976375
4	95505592	rs7682375	4	95521358	rs12648941	0.436205
4	95505592	rs7682375	4	95521397	rs6816687	0.104619
4	95505592	rs7682375	4	95521863	rs12510147	0.985731
4	95505592	rs7682375	4	95524838	rs10034824	0.392502
4	95505592	rs7682375	4	95525186	rs12639623	0.390924
4	95505592	rs7682375	4	95526241	rs10033326	0.38038
4	95505592	rs7682375	4	95527759	rs13135257	0.32103
4	95505592	rs7682375	4	95528867	rs9997813	0.486051
4	95505592	rs7682375	4	95530464	rs12639980	0.330765
4	95505592	rs7682375	4	95531051	rs77107413	0.128508
4	95505592	rs7682375	4	95531563	rs74457440	0.684528
4	95505592	rs7682375	4	95533967	rs2047025	0.327304
4	95505592	rs7682375	4	95537849	rs6854173	0.382142
4	95505592	rs7682375	4	95541215	rs72667648	0.125637
4	95505592	rs7682375	4	95543425	rs13435269	0.514005
4	95505592	rs7682375	4	95544162	rs4699312	0.511952
4	95505592	rs7682375	4	95544285	rs12649976	0.317536
4	95505592	rs7682375	4	95544718	rs6853490	0.29861
4	95505592	rs7682375	4	95545476	rs34560892	0.114105
4	95505592	rs7682375	4	95547412	rs28582311	0.0954457
4	95505592	rs7682375	4	95547456	rs72041848	0.293099
4	95505592	rs7682375	4	95547467	rs7679542	0.698179
4	95505592	rs7682375	4	95548550	rs10015716	0.689251
4	95505592	rs7682375	4	95549855	rs11723532	0.293688
4	95505592	rs7682375	4	95551492	rs11734014	0.293688
4	95505592	rs7682375	4	95551648	rs11725849	0.311922
4	95505592	rs7682375	4	95551649	rs11725850	0.311922
4	95505592	rs7682375	4	95551967	rs35959898	0.293099
4	95505592	rs7682375	4	95552216	rs35302992	0.109162
4	95505592	rs7682375	4	95554249	rs7674144	0.707509
4	95505592	rs7682375	4	95555833	rs11732687	0.311922
4	95505592	rs7682375	4	95555932	rs11732668	0.293688
4	95505592	rs7682375	4	95557567	rs71581597	0.153594
4	95505592	rs7682375	4	95557929	rs4699567	0.293688
4	95505592	rs7682375	4	95558535	rs151255373	0.147079
4	95505592	rs7682375	4	95558854	rs11724023	0.301853
4	95505592	rs7682375	4	95559083	rs6829381	0.293099
4	95505592	rs7682375	4	95561459	rs7690296	0.283874
4	95505592	rs7682375	4	95562013	rs12641023	0.293688
4	95505592	rs7682375	4	95562393	rs10010013	0.10852
4	95505592	rs7682375	4	95562682	rs1543013	0.283256
4	95505592	rs7682375	4	95562877	rs17021918	0.693977
4	95505592	rs7682375	4	95563972	rs1509620	0.644778
4	95505592	rs7682375	4	95564225	rs10014050	0.10852
4	95505592	rs7682375	4	95566316	rs2902987	0.294007
4	95505592	rs7682375	4	95568025	rs34438564	0.294586
4	95505592	rs7682375	4	95568891	rs71601224	0.294007
4	95505592	rs7682375	4	95568956	rs7655928	0.10852
4	95505592	rs7682375	4	95569216	rs7656545	0.10852
4	95505592	rs7682375	4	95569434	rs60195134	0.294007
4	95505592	rs7682375	4	95569698	rs34403066	0.294007
4	95505592	rs7682375	4	95570165	rs35964087	0.660105
4	95505592	rs7682375	4	95571976	rs2136486	0.646772
4	95505592	rs7682375	4	95572699	rs951613	0.288127
4	95505592	rs7682375	4	95573804	rs12511111	0.285616
4	95505592	rs7682375	4	95573998	rs12511169	0.645246
4	95505592	rs7682375	4	95574123	rs7689746	0.628298
4	95505592	rs7682375	4	95574211	rs13110828	0.286266
4	95505592	rs7682375	4	95574708	rs11445839	0.64854
4	95505592	rs7682375	4	95575114	rs28376560	0.112253
4	95505592	rs7682375	4	95575323	rs2280002	0.286266
4	95505592	rs7682375	4	95575601	rs2280003	0.685045
4	95505592	rs7682375	4	95576397	rs12650641	0.28831
4	95505592	rs7682375	4	95577290	rs13121500	0.685045
4	95505592	rs7682375	4	95577397	rs6837308	0.677091
4	95505592	rs7682375	4	95578217	rs12505788	0.673506
4	95505592	rs7682375	4	95579366	rs4699316	0.675124
4	95505592	rs7682375	4	95579592	rs12507763	0.278065
4	95505592	rs7682375	4	95579705	rs11097432	0.105035
4	95505592	rs7682375	4	95579739	rs12500116	0.677091
4	95505592	rs7682375	4	95579800	rs11097433	0.278065
4	95505592	rs7682375	4	95580095	rs7694162	0.673506
4	95505592	rs7682375	4	95580281	rs6532495	0.278065
4	95505592	rs7682375	4	95580404	rs6532496	0.27893
4	95505592	rs7682375	4	95580441	rs6532497	0.27893
4	95505592	rs7682375	4	95580631	rs548646679	0.669673
4	95505592	rs7682375	4	95580633	rs6532498	0.656359
4	95505592	rs7682375	4	95580635	rs547605479	0.669673
4	95505592	rs7682375	4	95580645	rs6532500	0.277553
4	95505592	rs7682375	4	95581051	rs11424534	0.288871
4	95505592	rs7682375	4	95581344	rs12331809	0.10424
4	95505592	rs7682375	4	95581345	rs7659399	0.671563
4	95505592	rs7682375	4	95581543	rs12331240	0.27893
4	95505592	rs7682375	4	95581720	rs10025288	0.10424
4	95505592	rs7682375	4	95581890	rs10025410	0.10424
4	95505592	rs7682375	4	95581895	rs34507709	0.28831
4	95505592	rs7682375	4	95582026	rs61597100	0.685045
4	95505592	rs7682375	4	95582061	rs142383920	0.64619
4	95505592	rs7682375	4	95582108	rs12331253	0.288623
4	95505592	rs7682375	4	95582127	rs13130496	0.28831
4	95505592	rs7682375	4	95582159	rs12331835	0.10424
4	95505592	rs7682375	4	95582213	rs6817664	0.685045
4	95505592	rs7682375	4	95582359	rs6822544	0.685045
4	95505592	rs7682375	4	95583042	rs12331920	0.10424
4	95505592	rs7682375	4	95583065	rs11097434	0.287117
4	95505592	rs7682375	4	95583079	rs11097435	0.287117
4	95505592	rs7682375	4	95583138	rs12643849	0.288623
4	95505592	rs7682375	4	95583222	rs12643867	0.288623
4	95505592	rs7682375	4	95583388	rs148232042	0.281581
4	95505592	rs7682375	4	95583392	rs71601226	0.284466
4	95505592	rs7682375	4	95583827	rs10031423	0.306808
4	95505592	rs7682375	4	95583974	rs3833614	0.266832
4	95505592	rs7682375	4	95585038	rs56921499	0.288623
4	95505592	rs7682375	4	95585642	rs33961001	0.102806
4	95505592	rs7682375	4	95585748	rs1802345	0.10424
4	95505592	rs7682375	4	95586015	rs1056773	0.288006
4	95505592	rs7682375	4	95586224	rs14082	0.288006
4	95505592	rs7682375	4	95586265	rs11339365	0.288006
4	95505592	rs7682375	4	95586279	rs10590	0.67962
4	95505592	rs7682375	4	95586405	rs1134984	0.107348
4	95505592	rs7682375	4	95586632	rs562995884	0.0992072
4	95505592	rs7682375	4	95586726	rs10706956	0.288623
4	95505592	rs7682375	4	95587259	rs11550270	0.10424
4	95505592	rs7682375	4	95587587	rs1048627	0.287739
4	95505592	rs7682375	4	95587675	rs1043848	0.67962
4	95505592	rs7682375	4	95587725	rs148752622	0.635368
4	95505592	rs7682375	4	95588075	rs3943	0.288006
4	95505592	rs7682375	4	95588158	rs1509617	0.107348
4	95505592	rs7682375	4	95588274	rs1043853	0.287739
4	95505592	rs7682375	4	95588565	rs1139697	0.635368
4	95505592	rs7682375	4	95588674	rs12294	0.106147
4	95505592	rs7682375	4	95588823	rs1043862	0.10424
4	95505592	rs7682375	4	95589337	rs7285	0.10424
4	95505592	rs7682375	4	95589477	rs3762876	0.67962
4	95505592	rs7682375	4	95589869	rs28376694	0.10424
4	95505592	rs7682375	4	95589897	rs28654759	0.102133
4	95505592	rs7682375	4	95590158	rs17021972	0.685045
4	95505592	rs7682375	4	95591976	rs998071	0.681515
4	95505592	rs7682375	4	95592144	rs1472961	0.279035
4	95505592	rs7682375	4	95592377	rs1472962	0.279035
4	95505592	rs7682375	4	95592561	rs1472963	0.291088
4	95505592	rs7682375	4	95593185	rs33950780	0.0937084
4	95505592	rs7682375	4	95594456	rs17021981	0.0916892
4	95505592	rs7682375	4	95594738	rs33917639	0.242074
4	95505592	rs7682375	4	95595308	rs7681843	0.652354
4	95505592	rs7682375	4	95595728	rs6839697	0.280893
4	95505592	rs7682375	4	95595800	rs6840428	0.0916892
4	95505592	rs7682375	4	95596188	rs10049504	0.0937084
4	95505592	rs7682375	4	95596744	rs28479946	0.0966828
4	95505592	rs7682375	4	95597814	rs6831015	0.232652
4	95505592	rs7682375	4	95599798	rs71833451	0.254154
4	95505592	rs7682375	4	95600782	rs7669103	0.123035
4	95514609	rs12500426	4	95406460	rs3838640	0.276757
4	95514609	rs12500426	4	95406478	rs3838639	0.256832
4	95514609	rs12500426	4	95407821	rs2438140	0.220576
4	95514609	rs12500426	4	95409567	rs774984	0.220048
4	95514609	rs12500426	4	95410364	rs774982	0.288751
4	95514609	rs12500426	4	95411302	rs17379209	0.112377
4	95514609	rs12500426	4	95412692	rs3805301	0.110354
4	95514609	rs12500426	4	95413478	rs1493109	0.212602
4	95514609	rs12500426	4	95414053	rs2452555	0.212602
4	95514609	rs12500426	4	95414563	rs2639793	0.110754
4	95514609	rs12500426	4	95414613	rs2555215	0.215364
4	95514609	rs12500426	4	95415446	rs2555216	0.112377
4	95514609	rs12500426	4	95415582	rs550542434	0.215364
4	95514609	rs12500426	4	95416599	rs5002909	0.108003
4	95514609	rs12500426	4	95416601	rs5002910	0.108003
4	95514609	rs12500426	4	95416602	rs5002911	0.108003
4	95514609	rs12500426	4	95417665	rs774993	0.122181
4	95514609	rs12500426	4	95418631	rs774991	0.328907
4	95514609	rs12500426	4	95418910	rs774990	0.328907
4	95514609	rs12500426	4	95419141	rs3840292	0.328907
4	95514609	rs12500426	4	95419221	rs2452559	0.196948
4	95514609	rs12500426	4	95419519	rs2438142	0.196948
4	95514609	rs12500426	4	95419878	rs774989	0.122181
4	95514609	rs12500426	4	95420010	rs774988	0.122181
4	95514609	rs12500426	4	95420163	rs699861	0.122181
4	95514609	rs12500426	4	95420235	rs774987	0.335062
4	95514609	rs12500426	4	95420619	rs1493111	0.328907
4	95514609	rs12500426	4	95420659	rs1845176	0.328907
4	95514609	rs12500426	4	95421922	rs577130173;rs149971243	0.121692
4	95514609	rs12500426	4	95422232	rs11336334	0.321375
4	95514609	rs12500426	4	95422515	rs2452560	0.197121
4	95514609	rs12500426	4	95423030	rs2452561	0.200908
4	95514609	rs12500426	4	95423597	rs2452562	0.197121
4	95514609	rs12500426	4	95424226	rs2452563	0.327908
4	95514609	rs12500426	4	95426630	rs2510797	0.328907
4	95514609	rs12500426	4	95426855	rs2510796	0.325334
4	95514609	rs12500426	4	95427298	rs2452564	0.196948
4	95514609	rs12500426	4	95428800	rs2433317	0.200738
4	95514609	rs12500426	4	95430064	rs2510795	0.200572
4	95514609	rs12500426	4	95430797	rs2510794	0.200738
4	95514609	rs12500426	4	95430997	rs2639794	0.328907
4	95514609	rs12500426	4	95432749	rs112229899	0.111391
4	95514609	rs12500426	4	95433065	rs2510793	0.328907
4	95514609	rs12500426	4	95433221	rs774985	0.328907
4	95514609	rs12500426	4	95433803	rs2510792	0.196948
4	95514609	rs12500426	4	95434236	rs1082513	0.328907
4	95514609	rs12500426	4	95434984	rs2510791	0.196948
4	95514609	rs12500426	4	95435398	rs2510790	0.329438
4	95514609	rs12500426	4	95435399	rs2510789	0.329438
4	95514609	rs12500426	4	95437443	rs2452565	0.195408
4	95514609	rs12500426	4	95437659	rs570253350;rs3838638	0.330774
4	95514609	rs12500426	4	95437728	rs2452566	0.199554
4	95514609	rs12500426	4	95437921	rs2452567	0.108937
4	95514609	rs12500426	4	95438406	rs2510788	0.183411
4	95514609	rs12500426	4	95438615	rs2452568	0.198061
4	95514609	rs12500426	4	95438714	rs2510787	0.107477
4	95514609	rs12500426	4	95439154	rs2639795	0.129777
4	95514609	rs12500426	4	95439956	rs2433324	0.120171
4	95514609	rs12500426	4	95440721	rs2510786	0.198061
4	95514609	rs12500426	4	95440929	rs2438143	0.198061
4	95514609	rs12500426	4	95441162	rs2438144	0.198061
4	95514609	rs12500426	4	95441310	rs1353044	0.198061
4	95514609	rs12500426	4	95441592	rs2433325	0.198061
4	95514609	rs12500426	4	95444407	rs2510785	0.202267
4	95514609	rs12500426	4	95445189	rs2510784	0.20611
4	95514609	rs12500426	4	95445191	rs2510783	0.20611
4	95514609	rs12500426	4	95445791	rs766520	0.369361
4	95514609	rs12500426	4	95446586	rs12502803	0.161022
4	95514609	rs12500426	4	95446589	rs139368838	0.166569
4	95514609	rs12500426	4	95447258	rs3828523	0.210379
4	95514609	rs12500426	4	95447259	rs2577056	0.262544
4	95514609	rs12500426	4	95447392	rs2162346	0.151211
4	95514609	rs12500426	4	95447889	rs3133151	0.534042
4	95514609	rs12500426	4	95449752	rs4699505	0.534042
4	95514609	rs12500426	4	95450297	rs2452577	0.530127
4	95514609	rs12500426	4	95450483	rs2452576	0.532026
4	95514609	rs12500426	4	95450770	rs3805288	0.211481
4	95514609	rs12500426	4	95451193	rs2452575	0.530127
4	95514609	rs12500426	4	95451661	rs547672625	0.133272
4	95514609	rs12500426	4	95452228	rs13143502	0.530127
4	95514609	rs12500426	4	95452900	rs2452574	0.52771
4	95514609	rs12500426	4	95453046	rs7679284	0.0933539
4	95514609	rs12500426	4	95453088	rs2510782	0.487277
4	95514609	rs12500426	4	95453095	rs2452573	0.493717
4	95514609	rs12500426	4	95453295	rs2452572	0.397015
4	95514609	rs12500426	4	95453350	rs7683990	0.201575
4	95514609	rs12500426	4	95453735	rs2452571	0.671584
4	95514609	rs12500426	4	95453777	rs2510781	0.52363
4	95514609	rs12500426	4	95453809	rs2452570	0.52363
4	95514609	rs12500426	4	95453817	rs2510780	0.669598
4	95514609	rs12500426	4	95454014	rs2510779	0.521764
4	95514609	rs12500426	4	95454148	rs2452569	0.671584
4	95514609	rs12500426	4	95454259	rs12498904	0.202602
4	95514609	rs12500426	4	95455259	rs11731606	0.211481
4	95514609	rs12500426	4	95455600	rs3805286	0.211481
4	95514609	rs12500426	4	95455972	rs11726587	0.211481
4	95514609	rs12500426	4	95456986	rs572010977	0.36138
4	95514609	rs12500426	4	95457089	rs3792666	0.644078
4	95514609	rs12500426	4	95457872	rs3805285	0.640876
4	95514609	rs12500426	4	95458074	rs3805283	0.136139
4	95514609	rs12500426	4	95458450	rs2510778	0.256847
4	95514609	rs12500426	4	95458942	rs12645971	0.640876
4	95514609	rs12500426	4	95459422	rs13110115	0.633576
4	95514609	rs12500426	4	95459437	rs138163089	0.210927
4	95514609	rs12500426	4	95459760	rs2452586	0.669519
4	95514609	rs12500426	4	95460448	rs1032420	0.669519
4	95514609	rs12500426	4	95460949	rs2510777	0.669519
4	95514609	rs12500426	4	95460997	rs2452008	0.669519
4	95514609	rs12500426	4	95461136	rs2452585	0.669519
4	95514609	rs12500426	4	95461283	rs142187116	0.39035
4	95514609	rs12500426	4	95461425	rs2452584	0.669519
4	95514609	rs12500426	4	95461516	rs2452583	0.256583
4	95514609	rs12500426	4	95461559	rs2452582	0.669519
4	95514609	rs12500426	4	95462421	rs2510776	0.669519
4	95514609	rs12500426	4	95463151	rs1972011	0.678356
4	95514609	rs12500426	4	95463486	rs34612297	0.623931
4	95514609	rs12500426	4	95463487	rs56150214	0.523138
4	95514609	rs12500426	4	95463918	rs3792664	0.124222
4	95514609	rs12500426	4	95463956	rs2452581	0.202602
4	95514609	rs12500426	4	95464471	rs13146878	0.674848
4	95514609	rs12500426	4	95464626	rs2510775	0.5272
4	95514609	rs12500426	4	95465526	rs2452580	0.692459
4	95514609	rs12500426	4	95466965	rs2452010	0.534639
4	95514609	rs12500426	4	95467095	rs10000208	0.126996
4	95514609	rs12500426	4	95467258	rs2510774	0.690448
4	95514609	rs12500426	4	95467982	rs5860366	0.567364
4	95514609	rs12500426	4	95468433	rs10213504	0.125755
4	95514609	rs12500426	4	95469308	rs2510773	0.39916
4	95514609	rs12500426	4	95470815	rs2510772	0.73066
4	95514609	rs12500426	4	95472630	rs1493112	0.384454
4	95514609	rs12500426	4	95473162	rs2452578	0.401079
4	95514609	rs12500426	4	95473312	rs35037147	0.401079
4	95514609	rs12500426	4	95474122	rs3133150	0.401196
4	95514609	rs12500426	4	95474420	rs2452589	0.744785
4	95514609	rs12500426	4	95474562	rs10025074	0.143375
4	95514609	rs12500426	4	95475918	rs2452590	0.254695
4	95514609	rs12500426	4	95476182	rs141131570	0.588997
4	95514609	rs12500426	4	95476240	rs111322874	0.385116
4	95514609	rs12500426	4	95476719	rs2452591	0.254695
4	95514609	rs12500426	4	95476789	rs17394213	0.577152
4	95514609	rs12500426	4	95477006	rs2510771	0.134668
4	95514609	rs12500426	4	95477192	rs28416638	0.143375
4	95514609	rs12500426	4	95477275	rs9684901	0.401196
4	95514609	rs12500426	4	95478138	rs4699533	0.574532
4	95514609	rs12500426	4	95478603	rs113587193	0.132593
4	95514609	rs12500426	4	95479064	rs9307144	0.142043
4	95514609	rs12500426	4	95479372	rs2510770	0.409215
4	95514609	rs12500426	4	95481367	rs2452592	0.261673
4	95514609	rs12500426	4	95481377	rs2510769	0.591662
4	95514609	rs12500426	4	95482053	rs2510768	0.591662
4	95514609	rs12500426	4	95482211	rs6830074	0.134668
4	95514609	rs12500426	4	95482375	rs6812098	0.116396
4	95514609	rs12500426	4	95482820	rs3805274	0.133263
4	95514609	rs12500426	4	95484001	rs2510767	0.259181
4	95514609	rs12500426	4	95484190	rs2510766	0.133263
4	95514609	rs12500426	4	95486094	rs28740868	0.772943
4	95514609	rs12500426	4	95486990	rs3805272	0.206249
4	95514609	rs12500426	4	95487082	rs3805271	0.206249
4	95514609	rs12500426	4	95487714	rs2452593	0.197462
4	95514609	rs12500426	4	95488304	rs2201092	0.705216
4	95514609	rs12500426	4	95488396	rs4590045	0.21845
4	95514609	rs12500426	4	95488659	rs35850642	0.600989
4	95514609	rs12500426	4	95489082	rs2452594	0.202651
4	95514609	rs12500426	4	95489556	rs11300244	0.219053
4	95514609	rs12500426	4	95491286	rs7697149	0.731037
4	95514609	rs12500426	4	95493246	rs2452597	0.43036
4	95514609	rs12500426	4	95493721	rs2452598	0.430195
4	95514609	rs12500426	4	95494126	rs902981	0.923992
4	95514609	rs12500426	4	95495520	rs10019142	0.903759
4	95514609	rs12500426	4	95495573	rs2452599	0.42219
4	95514609	rs12500426	4	95495908	rs2452009	0.430195
4	95514609	rs12500426	4	95496882	rs2452600	0.416277
4	95514609	rs12500426	4	95497436	rs74969077	0.740161
4	95514609	rs12500426	4	95497654	rs2452601	0.731274
4	95514609	rs12500426	4	95497907	rs973995	0.749482
4	95514609	rs12500426	4	95498617	rs66962894	0.734323
4	95514609	rs12500426	4	95498732	rs11349007	0.404251
4	95514609	rs12500426	4	95500223	rs3805266	0.936927
4	95514609	rs12500426	4	95500628	rs3828518	0.21986
4	95514609	rs12500426	4	95501166	rs4699299	0.424216
4	95514609	rs12500426	4	95501167	rs4699540	0.424216
4	95514609	rs12500426	4	95501719	rs6845201	0.424216
4	95514609	rs12500426	4	95503192	rs3805264	0.749482
4	95514609	rs12500426	4	95503578	rs3843444	0.923703
4	95514609	rs12500426	4	95503902	rs5013417	0.761738
4	95514609	rs12500426	4	95504312	rs3805263	0.749482
4	95514609	rs12500426	4	95505592	rs7682375	0.424216
4	95514609	rs12500426	4	95505975	rs12639887	0.788764
4	95514609	rs12500426	4	95506214	rs2172448	0.952087
4	95514609	rs12500426	4	95506531	rs12640669	0.506886
4	95514609	rs12500426	4	95506842	rs11097431	0.212961
4	95514609	rs12500426	4	95507176	rs6532491	0.952087
4	95514609	rs12500426	4	95508108	rs71581594	0.294753
4	95514609	rs12500426	4	95508755	rs12642449	0.653055
4	95514609	rs12500426	4	95509645	rs60063444	0.668271
4	95514609	rs12500426	4	95509714	rs199665838	0.313854
4	95514609	rs12500426	4	95509763	rs7662466	0.952087
4	95514609	rs12500426	4	95510638	rs4634230	0.933052
4	95514609	rs12500426	4	95510883	rs149749312	0.362499
4	95514609	rs12500426	4	95511096	rs10019505	0.944458
4	95514609	rs12500426	4	95511681	rs13122786	0.648329
4	95514609	rs12500426	4	95512844	rs35044129	0.421943
4	95514609	rs12500426	4	95514609	rs12500426	1
4	95514609	rs12500426	4	95516516	rs17336353	0.209284
4	95514609	rs12500426	4	95517914	rs36227776	0.931316
4	95514609	rs12500426	4	95521086	rs66542996	0.423813
4	95514609	rs12500426	4	95521358	rs12648941	0.923636
4	95514609	rs12500426	4	95521397	rs6816687	0.212961
4	95514609	rs12500426	4	95521863	rs12510147	0.429891
4	95514609	rs12500426	4	95524838	rs10034824	0.874681
4	95514609	rs12500426	4	95525186	rs12639623	0.871602
4	95514609	rs12500426	4	95526241	rs10033326	0.860282
4	95514609	rs12500426	4	95527759	rs13135257	0.703919
4	95514609	rs12500426	4	95528173	rs11735212	0.275565
4	95514609	rs12500426	4	95528867	rs9997813	0.159337
4	95514609	rs12500426	4	95530464	rs12639980	0.723387
4	95514609	rs12500426	4	95531563	rs74457440	0.292878
4	95514609	rs12500426	4	95533967	rs2047025	0.713056
4	95514609	rs12500426	4	95537849	rs6854173	0.856899
4	95514609	rs12500426	4	95541006	rs10084920	0.281847
4	95514609	rs12500426	4	95543425	rs13435269	0.166796
4	95514609	rs12500426	4	95543891	rs113036501	0.0996621
4	95514609	rs12500426	4	95544162	rs4699312	0.165073
4	95514609	rs12500426	4	95544285	rs12649976	0.686979
4	95514609	rs12500426	4	95544718	rs6853490	0.705074
4	95514609	rs12500426	4	95545821	rs6824181	0.151256
4	95514609	rs12500426	4	95547412	rs28582311	0.175119
4	95514609	rs12500426	4	95547456	rs72041848	0.641133
4	95514609	rs12500426	4	95547467	rs7679542	0.234571
4	95514609	rs12500426	4	95548550	rs10015716	0.225401
4	95514609	rs12500426	4	95549855	rs11723532	0.647189
4	95514609	rs12500426	4	95551492	rs11734014	0.647189
4	95514609	rs12500426	4	95551648	rs11725849	0.687298
4	95514609	rs12500426	4	95551649	rs11725850	0.687298
4	95514609	rs12500426	4	95551967	rs35959898	0.641133
4	95514609	rs12500426	4	95552216	rs35302992	0.0936694
4	95514609	rs12500426	4	95554249	rs7674144	0.236224
4	95514609	rs12500426	4	95555833	rs11732687	0.687298
4	95514609	rs12500426	4	95555932	rs11732668	0.647189
4	95514609	rs12500426	4	95557567	rs71581597	0.391076
4	95514609	rs12500426	4	95557929	rs4699567	0.647189
4	95514609	rs12500426	4	95558854	rs11724023	0.675777
4	95514609	rs12500426	4	95559083	rs6829381	0.641133
4	95514609	rs12500426	4	95561459	rs7690296	0.635789
4	95514609	rs12500426	4	95561651	rs575628912;rs545230730;rs559140549;rs201046895	0.220228
4	95514609	rs12500426	4	95562013	rs12641023	0.647189
4	95514609	rs12500426	4	95562393	rs10010013	0.192491
4	95514609	rs12500426	4	95562682	rs1543013	0.62971
4	95514609	rs12500426	4	95562877	rs17021918	0.229675
4	95514609	rs12500426	4	95563972	rs1509620	0.257753
4	95514609	rs12500426	4	95564225	rs10014050	0.192491
4	95514609	rs12500426	4	95566316	rs2902987	0.638801
4	95514609	rs12500426	4	95568025	rs34438564	0.64482
4	95514609	rs12500426	4	95568891	rs71601224	0.638801
4	95514609	rs12500426	4	95568956	rs7655928	0.192491
4	95514609	rs12500426	4	95569216	rs7656545	0.192491
4	95514609	rs12500426	4	95569434	rs60195134	0.638801
4	95514609	rs12500426	4	95569698	rs34403066	0.638801
4	95514609	rs12500426	4	95570165	rs35964087	0.206951
4	95514609	rs12500426	4	95571976	rs2136486	0.200762
4	95514609	rs12500426	4	95572699	rs951613	0.624204
4	95514609	rs12500426	4	95573804	rs12511111	0.615228
4	95514609	rs12500426	4	95573998	rs12511169	0.205922
4	95514609	rs12500426	4	95574123	rs7689746	0.253402
4	95514609	rs12500426	4	95574211	rs13110828	0.605337
4	95514609	rs12500426	4	95574708	rs11445839	0.20957
4	95514609	rs12500426	4	95575114	rs28376560	0.164794
4	95514609	rs12500426	4	95575323	rs2280002	0.605337
4	95514609	rs12500426	4	95575601	rs2280003	0.224708
4	95514609	rs12500426	4	95576397	rs12650641	0.614888
4	95514609	rs12500426	4	95577290	rs13121500	0.224708
4	95514609	rs12500426	4	95577397	rs6837308	0.223966
4	95514609	rs12500426	4	95578217	rs12505788	0.220065
4	95514609	rs12500426	4	95579366	rs4699316	0.222139
4	95514609	rs12500426	4	95579592	rs12507763	0.613894
4	95514609	rs12500426	4	95579705	rs11097432	0.173184
4	95514609	rs12500426	4	95579739	rs12500116	0.223966
4	95514609	rs12500426	4	95579800	rs11097433	0.613894
4	95514609	rs12500426	4	95580095	rs7694162	0.228138
4	95514609	rs12500426	4	95580281	rs6532495	0.613894
4	95514609	rs12500426	4	95580404	rs6532496	0.611556
4	95514609	rs12500426	4	95580441	rs6532497	0.611556
4	95514609	rs12500426	4	95580631	rs548646679	0.223528
4	95514609	rs12500426	4	95580633	rs6532498	0.217568
4	95514609	rs12500426	4	95580635	rs547605479	0.223528
4	95514609	rs12500426	4	95580645	rs6532500	0.622187
4	95514609	rs12500426	4	95581051	rs11424534	0.476285
4	95514609	rs12500426	4	95581344	rs12331809	0.171591
4	95514609	rs12500426	4	95581345	rs7659399	0.226279
4	95514609	rs12500426	4	95581543	rs12331240	0.611556
4	95514609	rs12500426	4	95581720	rs10025288	0.171591
4	95514609	rs12500426	4	95581890	rs10025410	0.171591
4	95514609	rs12500426	4	95581895	rs34507709	0.614888
4	95514609	rs12500426	4	95582026	rs61597100	0.232821
4	95514609	rs12500426	4	95582061	rs142383920	0.211037
4	95514609	rs12500426	4	95582108	rs12331253	0.622662
4	95514609	rs12500426	4	95582127	rs13130496	0.614888
4	95514609	rs12500426	4	95582159	rs12331835	0.171591
4	95514609	rs12500426	4	95582213	rs6817664	0.232821
4	95514609	rs12500426	4	95582359	rs6822544	0.232821
4	95514609	rs12500426	4	95583042	rs12331920	0.171591
4	95514609	rs12500426	4	95583065	rs11097434	0.61894
4	95514609	rs12500426	4	95583079	rs11097435	0.61894
4	95514609	rs12500426	4	95583138	rs12643849	0.622662
4	95514609	rs12500426	4	95583222	rs12643867	0.622662
4	95514609	rs12500426	4	95583388	rs148232042	0.60822
4	95514609	rs12500426	4	95583392	rs71601226	0.612642
4	95514609	rs12500426	4	95583827	rs10031423	0.662084
4	95514609	rs12500426	4	95583974	rs3833614	0.566093
4	95514609	rs12500426	4	95585038	rs56921499	0.622662
4	95514609	rs12500426	4	95585225	rs1056772	0.171167
4	95514609	rs12500426	4	95585642	rs33961001	0.171109
4	95514609	rs12500426	4	95585748	rs1802345	0.171591
4	95514609	rs12500426	4	95586015	rs1056773	0.616632
4	95514609	rs12500426	4	95586224	rs14082	0.616632
4	95514609	rs12500426	4	95586265	rs11339365	0.616632
4	95514609	rs12500426	4	95586279	rs10590	0.227057
4	95514609	rs12500426	4	95586405	rs1134984	0.14909
4	95514609	rs12500426	4	95586632	rs562995884	0.0927063
4	95514609	rs12500426	4	95586726	rs10706956	0.622662
4	95514609	rs12500426	4	95587259	rs11550270	0.171591
4	95514609	rs12500426	4	95587587	rs1048627	0.608985
4	95514609	rs12500426	4	95587675	rs1043848	0.227057
4	95514609	rs12500426	4	95587725	rs148752622	0.256253
4	95514609	rs12500426	4	95588075	rs3943	0.616632
4	95514609	rs12500426	4	95588158	rs1509617	0.14909
4	95514609	rs12500426	4	95588274	rs1043853	0.608985
4	95514609	rs12500426	4	95588565	rs1139697	0.256253
4	95514609	rs12500426	4	95588674	rs12294	0.141674
4	95514609	rs12500426	4	95588823	rs1043862	0.171591
4	95514609	rs12500426	4	95589337	rs7285	0.171591
4	95514609	rs12500426	4	95589477	rs3762876	0.227057
4	95514609	rs12500426	4	95589869	rs28376694	0.171591
4	95514609	rs12500426	4	95589897	rs28654759	0.17208
4	95514609	rs12500426	4	95590158	rs17021972	0.232821
4	95514609	rs12500426	4	95591976	rs998071	0.228887
4	95514609	rs12500426	4	95592144	rs1472961	0.614431
4	95514609	rs12500426	4	95592377	rs1472962	0.614431
4	95514609	rs12500426	4	95592561	rs1472963	0.580648
4	95514609	rs12500426	4	95593185	rs33950780	0.158761
4	95514609	rs12500426	4	95594456	rs17021981	0.159269
4	95514609	rs12500426	4	95594738	rs33917639	0.526653
4	95514609	rs12500426	4	95595308	rs7681843	0.229753
4	95514609	rs12500426	4	95595728	rs6839697	0.573532
4	95514609	rs12500426	4	95595800	rs6840428	0.159269
4	95514609	rs12500426	4	95596188	rs10049504	0.154619
4	95514609	rs12500426	4	95596744	rs28479946	0.132918
4	95514609	rs12500426	4	95597814	rs6831015	0.5078
4	95514609	rs12500426	4	95599798	rs71833451	0.513751
4	95514609	rs12500426	4	95600782	rs7669103	0.350045
4	95544718	rs6853490	4	95406460	rs3838640	0.278589
4	95544718	rs6853490	4	95406478	rs3838639	0.263565
4	95544718	rs6853490	4	95407821	rs2438140	0.234316
4	95544718	rs6853490	4	95409567	rs774984	0.235616
4	95544718	rs6853490	4	95410364	rs774982	0.281765
4	95544718	rs6853490	4	95411302	rs17379209	0.116265
4	95544718	rs6853490	4	95412692	rs3805301	0.110682
4	95544718	rs6853490	4	95413478	rs1493109	0.225687
4	95544718	rs6853490	4	95414053	rs2452555	0.225687
4	95544718	rs6853490	4	95414563	rs2639793	0.114798
4	95544718	rs6853490	4	95414613	rs2555215	0.228337
4	95544718	rs6853490	4	95415446	rs2555216	0.116265
4	95544718	rs6853490	4	95415582	rs550542434	0.228337
4	95544718	rs6853490	4	95416599	rs5002909	0.107686
4	95544718	rs6853490	4	95416601	rs5002910	0.107686
4	95544718	rs6853490	4	95416602	rs5002911	0.107686
4	95544718	rs6853490	4	95417665	rs774993	0.117781
4	95544718	rs6853490	4	95418631	rs774991	0.307626
4	95544718	rs6853490	4	95418910	rs774990	0.307626
4	95544718	rs6853490	4	95419141	rs3840292	0.307626
4	95544718	rs6853490	4	95419221	rs2452559	0.160613
4	95544718	rs6853490	4	95419519	rs2438142	0.160613
4	95544718	rs6853490	4	95419878	rs774989	0.117781
4	95544718	rs6853490	4	95420010	rs774988	0.117781
4	95544718	rs6853490	4	95420163	rs699861	0.117781
4	95544718	rs6853490	4	95420235	rs774987	0.309286
4	95544718	rs6853490	4	95420619	rs1493111	0.307626
4	95544718	rs6853490	4	95420659	rs1845176	0.307626
4	95544718	rs6853490	4	95421922	rs577130173;rs149971243	0.117129
4	95544718	rs6853490	4	95422232	rs11336334	0.30148
4	95544718	rs6853490	4	95422515	rs2452560	0.160949
4	95544718	rs6853490	4	95423030	rs2452561	0.164209
4	95544718	rs6853490	4	95423597	rs2452562	0.160949
4	95544718	rs6853490	4	95424226	rs2452563	0.306915
4	95544718	rs6853490	4	95426630	rs2510797	0.307626
4	95544718	rs6853490	4	95426855	rs2510796	0.303894
4	95544718	rs6853490	4	95427298	rs2452564	0.160613
4	95544718	rs6853490	4	95428800	rs2433317	0.163874
4	95544718	rs6853490	4	95430064	rs2510795	0.163542
4	95544718	rs6853490	4	95430797	rs2510794	0.163874
4	95544718	rs6853490	4	95430997	rs2639794	0.307626
4	95544718	rs6853490	4	95432749	rs112229899	0.106617
4	95544718	rs6853490	4	95433065	rs2510793	0.307626
4	95544718	rs6853490	4	95433221	rs774985	0.307626
4	95544718	rs6853490	4	95433803	rs2510792	0.160613
4	95544718	rs6853490	4	95434236	rs1082513	0.307626
4	95544718	rs6853490	4	95434984	rs2510791	0.160613
4	95544718	rs6853490	4	95435398	rs2510790	0.304125
4	95544718	rs6853490	4	95435399	rs2510789	0.304125
4	95544718	rs6853490	4	95437443	rs2452565	0.159578
4	95544718	rs6853490	4	95437659	rs570253350;rs3838638	0.305133
4	95544718	rs6853490	4	95437728	rs2452566	0.163525
4	95544718	rs6853490	4	95437921	rs2452567	0.109635
4	95544718	rs6853490	4	95438406	rs2510788	0.144929
4	95544718	rs6853490	4	95438615	rs2452568	0.158925
4	95544718	rs6853490	4	95438714	rs2510787	0.0961486
4	95544718	rs6853490	4	95439154	rs2639795	0.129113
4	95544718	rs6853490	4	95439956	rs2433324	0.0911826
4	95544718	rs6853490	4	95440721	rs2510786	0.158925
4	95544718	rs6853490	4	95440929	rs2438143	0.158925
4	95544718	rs6853490	4	95441162	rs2438144	0.158925
4	95544718	rs6853490	4	95441310	rs1353044	0.158925
4	95544718	rs6853490	4	95441592	rs2433325	0.158925
4	95544718	rs6853490	4	95444407	rs2510785	0.162893
4	95544718	rs6853490	4	95445189	rs2510784	0.166179
4	95544718	rs6853490	4	95445191	rs2510783	0.166179
4	95544718	rs6853490	4	95445791	rs766520	0.316859
4	95544718	rs6853490	4	95446586	rs12502803	0.144298
4	95544718	rs6853490	4	95446589	rs139368838	0.149761
4	95544718	rs6853490	4	95447258	rs3828523	0.189866
4	95544718	rs6853490	4	95447259	rs2577056	0.196436
4	95544718	rs6853490	4	95447392	rs2162346	0.133912
4	95544718	rs6853490	4	95447889	rs3133151	0.477438
4	95544718	rs6853490	4	95449752	rs4699505	0.477438
4	95544718	rs6853490	4	95450297	rs2452577	0.484111
4	95544718	rs6853490	4	95450483	rs2452576	0.48555
4	95544718	rs6853490	4	95450770	rs3805288	0.191324
4	95544718	rs6853490	4	95451193	rs2452575	0.484111
4	95544718	rs6853490	4	95451661	rs547672625	0.114056
4	95544718	rs6853490	4	95452228	rs13143502	0.484111
4	95544718	rs6853490	4	95452900	rs2452574	0.481612
4	95544718	rs6853490	4	95453046	rs7679284	0.115358
4	95544718	rs6853490	4	95453088	rs2510782	0.445975
4	95544718	rs6853490	4	95453095	rs2452573	0.450949
4	95544718	rs6853490	4	95453295	rs2452572	0.361233
4	95544718	rs6853490	4	95453350	rs7683990	0.194301
4	95544718	rs6853490	4	95453735	rs2452571	0.562924
4	95544718	rs6853490	4	95453777	rs2510781	0.477316
4	95544718	rs6853490	4	95453809	rs2452570	0.477316
4	95544718	rs6853490	4	95453817	rs2510780	0.561591
4	95544718	rs6853490	4	95454014	rs2510779	0.475905
4	95544718	rs6853490	4	95454148	rs2452569	0.562924
4	95544718	rs6853490	4	95454259	rs12498904	0.195737
4	95544718	rs6853490	4	95455259	rs11731606	0.191324
4	95544718	rs6853490	4	95455600	rs3805286	0.191324
4	95544718	rs6853490	4	95455972	rs11726587	0.191324
4	95544718	rs6853490	4	95456986	rs572010977	0.346568
4	95544718	rs6853490	4	95457089	rs3792666	0.578833
4	95544718	rs6853490	4	95457872	rs3805285	0.575636
4	95544718	rs6853490	4	95458074	rs3805283	0.127218
4	95544718	rs6853490	4	95458450	rs2510778	0.200165
4	95544718	rs6853490	4	95458942	rs12645971	0.575636
4	95544718	rs6853490	4	95459422	rs13110115	0.582454
4	95544718	rs6853490	4	95459437	rs138163089	0.190591
4	95544718	rs6853490	4	95459760	rs2452586	0.575152
4	95544718	rs6853490	4	95460448	rs1032420	0.575152
4	95544718	rs6853490	4	95460949	rs2510777	0.575152
4	95544718	rs6853490	4	95460997	rs2452008	0.575152
4	95544718	rs6853490	4	95461136	rs2452585	0.575152
4	95544718	rs6853490	4	95461283	rs142187116	0.334399
4	95544718	rs6853490	4	95461425	rs2452584	0.575152
4	95544718	rs6853490	4	95461516	rs2452583	0.199729
4	95544718	rs6853490	4	95461559	rs2452582	0.575152
4	95544718	rs6853490	4	95462421	rs2510776	0.575152
4	95544718	rs6853490	4	95463151	rs1972011	0.569155
4	95544718	rs6853490	4	95463486	rs34612297	0.526196
4	95544718	rs6853490	4	95463487	rs56150214	0.482008
4	95544718	rs6853490	4	95463918	rs3792664	0.113849
4	95544718	rs6853490	4	95463956	rs2452581	0.195737
4	95544718	rs6853490	4	95464471	rs13146878	0.565879
4	95544718	rs6853490	4	95464626	rs2510775	0.480563
4	95544718	rs6853490	4	95465526	rs2452580	0.589769
4	95544718	rs6853490	4	95466965	rs2452010	0.495569
4	95544718	rs6853490	4	95467095	rs10000208	0.116165
4	95544718	rs6853490	4	95467258	rs2510774	0.60125
4	95544718	rs6853490	4	95467982	rs5860366	0.522921
4	95544718	rs6853490	4	95468433	rs10213504	0.136185
4	95544718	rs6853490	4	95469308	rs2510773	0.307016
4	95544718	rs6853490	4	95470815	rs2510772	0.622544
4	95544718	rs6853490	4	95472630	rs1493112	0.308657
4	95544718	rs6853490	4	95473162	rs2452578	0.303896
4	95544718	rs6853490	4	95473312	rs35037147	0.303896
4	95544718	rs6853490	4	95474122	rs3133150	0.303706
4	95544718	rs6853490	4	95474420	rs2452589	0.634056
4	95544718	rs6853490	4	95474562	rs10025074	0.142136
4	95544718	rs6853490	4	95475918	rs2452590	0.215172
4	95544718	rs6853490	4	95476182	rs141131570	0.525274
4	95544718	rs6853490	4	95476240	rs111322874	0.270119
4	95544718	rs6853490	4	95476719	rs2452591	0.215172
4	95544718	rs6853490	4	95476789	rs17394213	0.533374
4	95544718	rs6853490	4	95477006	rs2510771	0.14588
4	95544718	rs6853490	4	95477192	rs28416638	0.142136
4	95544718	rs6853490	4	95477275	rs9684901	0.303706
4	95544718	rs6853490	4	95478138	rs4699533	0.530645
4	95544718	rs6853490	4	95478603	rs113587193	0.143791
4	95544718	rs6853490	4	95479064	rs9307144	0.140991
4	95544718	rs6853490	4	95479372	rs2510770	0.295255
4	95544718	rs6853490	4	95481367	rs2452592	0.209304
4	95544718	rs6853490	4	95481377	rs2510769	0.527964
4	95544718	rs6853490	4	95482053	rs2510768	0.527964
4	95544718	rs6853490	4	95482211	rs6830074	0.14588
4	95544718	rs6853490	4	95482375	rs6812098	0.117654
4	95544718	rs6853490	4	95482820	rs3805274	0.144721
4	95544718	rs6853490	4	95484001	rs2510767	0.219089
4	95544718	rs6853490	4	95484190	rs2510766	0.144721
4	95544718	rs6853490	4	95486094	rs28740868	0.649287
4	95544718	rs6853490	4	95486990	rs3805272	0.200818
4	95544718	rs6853490	4	95487082	rs3805271	0.200818
4	95544718	rs6853490	4	95487714	rs2452593	0.213327
4	95544718	rs6853490	4	95488304	rs2201092	0.641112
4	95544718	rs6853490	4	95488396	rs4590045	0.207154
4	95544718	rs6853490	4	95488659	rs35850642	0.532539
4	95544718	rs6853490	4	95489082	rs2452594	0.209278
4	95544718	rs6853490	4	95489556	rs11300244	0.207967
4	95544718	rs6853490	4	95491286	rs7697149	0.6454
4	95544718	rs6853490	4	95493246	rs2452597	0.303172
4	95544718	rs6853490	4	95493721	rs2452598	0.303344
4	95544718	rs6853490	4	95494126	rs902981	0.76427
4	95544718	rs6853490	4	95495520	rs10019142	0.743483
4	95544718	rs6853490	4	95495573	rs2452599	0.311819
4	95544718	rs6853490	4	95495908	rs2452009	0.303344
4	95544718	rs6853490	4	95496882	rs2452600	0.292271
4	95544718	rs6853490	4	95497436	rs74969077	0.65441
4	95544718	rs6853490	4	95497654	rs2452601	0.666528
4	95544718	rs6853490	4	95497907	rs973995	0.685907
4	95544718	rs6853490	4	95498617	rs66962894	0.675181
4	95544718	rs6853490	4	95498732	rs11349007	0.336875
4	95544718	rs6853490	4	95500223	rs3805266	0.763136
4	95544718	rs6853490	4	95500628	rs3828518	0.2084
4	95544718	rs6853490	4	95501166	rs4699299	0.29861
4	95544718	rs6853490	4	95501167	rs4699540	0.29861
4	95544718	rs6853490	4	95501719	rs6845201	0.29861
4	95544718	rs6853490	4	95503192	rs3805264	0.685907
4	95544718	rs6853490	4	95503578	rs3843444	0.727515
4	95544718	rs6853490	4	95503902	rs5013417	0.676129
4	95544718	rs6853490	4	95504312	rs3805263	0.685907
4	95544718	rs6853490	4	95505592	rs7682375	0.29861
4	95544718	rs6853490	4	95505975	rs12639887	0.703997
4	95544718	rs6853490	4	95506214	rs2172448	0.753553
4	95544718	rs6853490	4	95506531	rs12640669	0.359479
4	95544718	rs6853490	4	95506842	rs11097431	0.201565
4	95544718	rs6853490	4	95507176	rs6532491	0.753553
4	95544718	rs6853490	4	95508108	rs71581594	0.286798
4	95544718	rs6853490	4	95508755	rs12642449	0.570457
4	95544718	rs6853490	4	95509645	rs60063444	0.586614
4	95544718	rs6853490	4	95509714	rs199665838	0.236939
4	95544718	rs6853490	4	95509763	rs7662466	0.753553
4	95544718	rs6853490	4	95510638	rs4634230	0.759635
4	95544718	rs6853490	4	95510883	rs149749312	0.317353
4	95544718	rs6853490	4	95511096	rs10019505	0.747486
4	95544718	rs6853490	4	95511681	rs13122786	0.588291
4	95544718	rs6853490	4	95512844	rs35044129	0.31221
4	95544718	rs6853490	4	95514609	rs12500426	0.705074
4	95544718	rs6853490	4	95516516	rs17336353	0.19371
4	95544718	rs6853490	4	95517914	rs36227776	0.769542
4	95544718	rs6853490	4	95521086	rs66542996	0.299184
4	95544718	rs6853490	4	95521358	rs12648941	0.763287
4	95544718	rs6853490	4	95521397	rs6816687	0.201565
4	95544718	rs6853490	4	95521863	rs12510147	0.303706
4	95544718	rs6853490	4	95524838	rs10034824	0.811969
4	95544718	rs6853490	4	95525186	rs12639623	0.809801
4	95544718	rs6853490	4	95526241	rs10033326	0.822526
4	95544718	rs6853490	4	95527759	rs13135257	0.718711
4	95544718	rs6853490	4	95528173	rs11735212	0.294727
4	95544718	rs6853490	4	95528867	rs9997813	0.153416
4	95544718	rs6853490	4	95530464	rs12639980	0.715429
4	95544718	rs6853490	4	95531563	rs74457440	0.213467
4	95544718	rs6853490	4	95533967	rs2047025	0.734885
4	95544718	rs6853490	4	95536969	rs13110958	0.105157
4	95544718	rs6853490	4	95537849	rs6854173	0.819667
4	95544718	rs6853490	4	95541006	rs10084920	0.300434
4	95544718	rs6853490	4	95543425	rs13435269	0.151864
4	95544718	rs6853490	4	95543891	rs113036501	0.104098
4	95544718	rs6853490	4	95544162	rs4699312	0.157133
4	95544718	rs6853490	4	95544285	rs12649976	0.751479
4	95544718	rs6853490	4	95544718	rs6853490	1
4	95544718	rs6853490	4	95545821	rs6824181	0.219582
4	95544718	rs6853490	4	95547412	rs28582311	0.177366
4	95544718	rs6853490	4	95547456	rs72041848	0.665227
4	95544718	rs6853490	4	95547467	rs7679542	0.225346
4	95544718	rs6853490	4	95548550	rs10015716	0.235395
4	95544718	rs6853490	4	95549855	rs11723532	0.658498
4	95544718	rs6853490	4	95551492	rs11734014	0.658498
4	95544718	rs6853490	4	95551648	rs11725849	0.702566
4	95544718	rs6853490	4	95551649	rs11725850	0.702566
4	95544718	rs6853490	4	95551967	rs35959898	0.665227
4	95544718	rs6853490	4	95552216	rs35302992	0.0926648
4	95544718	rs6853490	4	95554249	rs7674144	0.219445
4	95544718	rs6853490	4	95555833	rs11732687	0.702566
4	95544718	rs6853490	4	95555932	rs11732668	0.658498
4	95544718	rs6853490	4	95557567	rs71581597	0.405565
4	95544718	rs6853490	4	95557929	rs4699567	0.658498
4	95544718	rs6853490	4	95558854	rs11724023	0.713019
4	95544718	rs6853490	4	95559083	rs6829381	0.665227
4	95544718	rs6853490	4	95561459	rs7690296	0.668135
4	95544718	rs6853490	4	95561651	rs575628912;rs545230730;rs559140549;rs201046895	0.240131
4	95544718	rs6853490	4	95562013	rs12641023	0.658498
4	95544718	rs6853490	4	95562393	rs10010013	0.199703
4	95544718	rs6853490	4	95562682	rs1543013	0.674861
4	95544718	rs6853490	4	95562877	rs17021918	0.225695
4	95544718	rs6853490	4	95563972	rs1509620	0.201008
4	95544718	rs6853490	4	95564225	rs10014050	0.199703
4	95544718	rs6853490	4	95566316	rs2902987	0.662491
4	95544718	rs6853490	4	95568025	rs34438564	0.655769
4	95544718	rs6853490	4	95568891	rs71601224	0.662491
4	95544718	rs6853490	4	95568956	rs7655928	0.199703
4	95544718	rs6853490	4	95569216	rs7656545	0.199703
4	95544718	rs6853490	4	95569434	rs60195134	0.662491
4	95544718	rs6853490	4	95569698	rs34403066	0.662491
4	95544718	rs6853490	4	95570165	rs35964087	0.196612
4	95544718	rs6853490	4	95571976	rs2136486	0.202206
4	95544718	rs6853490	4	95572699	rs951613	0.646452
4	95544718	rs6853490	4	95573804	rs12511111	0.600267
4	95544718	rs6853490	4	95573998	rs12511169	0.191039
4	95544718	rs6853490	4	95574123	rs7689746	0.184331
4	95544718	rs6853490	4	95574211	rs13110828	0.621103
4	95544718	rs6853490	4	95574708	rs11445839	0.194762
4	95544718	rs6853490	4	95575114	rs28376560	0.171515
4	95544718	rs6853490	4	95575323	rs2280002	0.621103
4	95544718	rs6853490	4	95575601	rs2280003	0.21135
4	95544718	rs6853490	4	95576397	rs12650641	0.618575
4	95544718	rs6853490	4	95577290	rs13121500	0.21135
4	95544718	rs6853490	4	95577397	rs6837308	0.215454
4	95544718	rs6853490	4	95578217	rs12505788	0.211413
4	95544718	rs6853490	4	95579366	rs4699316	0.213502
4	95544718	rs6853490	4	95579592	rs12507763	0.607331
4	95544718	rs6853490	4	95579705	rs11097432	0.180115
4	95544718	rs6853490	4	95579739	rs12500116	0.215454
4	95544718	rs6853490	4	95579800	rs11097433	0.607331
4	95544718	rs6853490	4	95580095	rs7694162	0.219365
4	95544718	rs6853490	4	95580281	rs6532495	0.607331
4	95544718	rs6853490	4	95580404	rs6532496	0.604705
4	95544718	rs6853490	4	95580441	rs6532497	0.604705
4	95544718	rs6853490	4	95580631	rs548646679	0.215528
4	95544718	rs6853490	4	95580633	rs6532498	0.209692
4	95544718	rs6853490	4	95580635	rs547605479	0.215528
4	95544718	rs6853490	4	95580645	rs6532500	0.621094
4	95544718	rs6853490	4	95581051	rs11424534	0.477741
4	95544718	rs6853490	4	95581344	rs12331809	0.178727
4	95544718	rs6853490	4	95581345	rs7659399	0.221381
4	95544718	rs6853490	4	95581543	rs12331240	0.611191
4	95544718	rs6853490	4	95581720	rs10025288	0.178727
4	95544718	rs6853490	4	95581890	rs10025410	0.178727
4	95544718	rs6853490	4	95581895	rs34507709	0.618575
4	95544718	rs6853490	4	95582026	rs61597100	0.215287
4	95544718	rs6853490	4	95582061	rs142383920	0.192801
4	95544718	rs6853490	4	95582108	rs12331253	0.601906
4	95544718	rs6853490	4	95582127	rs13130496	0.618575
4	95544718	rs6853490	4	95582159	rs12331835	0.178727
4	95544718	rs6853490	4	95582213	rs6817664	0.215287
4	95544718	rs6853490	4	95582359	rs6822544	0.215287
4	95544718	rs6853490	4	95583042	rs12331920	0.178727
4	95544718	rs6853490	4	95583065	rs11097434	0.604315
4	95544718	rs6853490	4	95583079	rs11097435	0.604315
4	95544718	rs6853490	4	95583138	rs12643849	0.601906
4	95544718	rs6853490	4	95583222	rs12643867	0.601906
4	95544718	rs6853490	4	95583388	rs148232042	0.61743
4	95544718	rs6853490	4	95583392	rs71601226	0.616004
4	95544718	rs6853490	4	95583827	rs10031423	0.643758
4	95544718	rs6853490	4	95583974	rs3833614	0.550101
4	95544718	rs6853490	4	95585038	rs56921499	0.601906
4	95544718	rs6853490	4	95585225	rs1056772	0.176158
4	95544718	rs6853490	4	95585642	rs33961001	0.178022
4	95544718	rs6853490	4	95585748	rs1802345	0.178727
4	95544718	rs6853490	4	95586015	rs1056773	0.60822
4	95544718	rs6853490	4	95586224	rs14082	0.60822
4	95544718	rs6853490	4	95586265	rs11339365	0.60822
4	95544718	rs6853490	4	95586279	rs10590	0.217248
4	95544718	rs6853490	4	95586405	rs1134984	0.153628
4	95544718	rs6853490	4	95586726	rs10706956	0.601906
4	95544718	rs6853490	4	95587259	rs11550270	0.178727
4	95544718	rs6853490	4	95587587	rs1048627	0.625103
4	95544718	rs6853490	4	95587675	rs1043848	0.217248
4	95544718	rs6853490	4	95587725	rs148752622	0.186405
4	95544718	rs6853490	4	95588075	rs3943	0.60822
4	95544718	rs6853490	4	95588158	rs1509617	0.153628
4	95544718	rs6853490	4	95588274	rs1043853	0.625103
4	95544718	rs6853490	4	95588565	rs1139697	0.186405
4	95544718	rs6853490	4	95588674	rs12294	0.160767
4	95544718	rs6853490	4	95588823	rs1043862	0.178727
4	95544718	rs6853490	4	95589337	rs7285	0.178727
4	95544718	rs6853490	4	95589477	rs3762876	0.217248
4	95544718	rs6853490	4	95589869	rs28376694	0.178727
4	95544718	rs6853490	4	95589897	rs28654759	0.17944
4	95544718	rs6853490	4	95590158	rs17021972	0.215287
4	95544718	rs6853490	4	95591976	rs998071	0.211281
4	95544718	rs6853490	4	95592144	rs1472961	0.58854
4	95544718	rs6853490	4	95592377	rs1472962	0.58854
4	95544718	rs6853490	4	95592561	rs1472963	0.546095
4	95544718	rs6853490	4	95593185	rs33950780	0.15881
4	95544718	rs6853490	4	95594456	rs17021981	0.15952
4	95544718	rs6853490	4	95594738	rs33917639	0.482923
4	95544718	rs6853490	4	95595308	rs7681843	0.209954
4	95544718	rs6853490	4	95595728	rs6839697	0.545775
4	95544718	rs6853490	4	95595800	rs6840428	0.15952
4	95544718	rs6853490	4	95596188	rs10049504	0.15881
4	95544718	rs6853490	4	95596744	rs28479946	0.13484
4	95544718	rs6853490	4	95597814	rs6831015	0.519441
4	95544718	rs6853490	4	95599798	rs71833451	0.517537
4	95544718	rs6853490	4	95600782	rs7669103	0.312048
4	95562877	rs17021918	4	95407821	rs2438140	0.156435
4	95562877	rs17021918	4	95409567	rs774984	0.156742
4	95562877	rs17021918	4	95409802	rs2452554	0.199662
4	95562877	rs17021918	4	95409930	rs2438141	0.195513
4	95562877	rs17021918	4	95410168	rs2510802	0.213897
4	95562877	rs17021918	4	95411268	rs2510801	0.213897
4	95562877	rs17021918	4	95411857	rs2433318	0.213897
4	95562877	rs17021918	4	95412143	rs2510800	0.213897
4	95562877	rs17021918	4	95413109	rs2510799	0.215293
4	95562877	rs17021918	4	95413478	rs1493109	0.1553
4	95562877	rs17021918	4	95413759	rs2438145	0.213897
4	95562877	rs17021918	4	95414053	rs2452555	0.1553
4	95562877	rs17021918	4	95414539	rs2452556	0.211101
4	95562877	rs17021918	4	95414613	rs2555215	0.152466
4	95562877	rs17021918	4	95414640	rs2452557	0.219527
4	95562877	rs17021918	4	95415582	rs550542434	0.152466
4	95562877	rs17021918	4	95415907	rs2510798	0.213897
4	95562877	rs17021918	4	95415916	rs2452558	0.213897
4	95562877	rs17021918	4	95418631	rs774991	0.217411
4	95562877	rs17021918	4	95418910	rs774990	0.217411
4	95562877	rs17021918	4	95419141	rs3840292	0.217411
4	95562877	rs17021918	4	95419221	rs2452559	0.340257
4	95562877	rs17021918	4	95419519	rs2438142	0.340257
4	95562877	rs17021918	4	95420235	rs774987	0.220879
4	95562877	rs17021918	4	95420619	rs1493111	0.217411
4	95562877	rs17021918	4	95420659	rs1845176	0.217411
4	95562877	rs17021918	4	95422232	rs11336334	0.195939
4	95562877	rs17021918	4	95422515	rs2452560	0.33845
4	95562877	rs17021918	4	95423030	rs2452561	0.334954
4	95562877	rs17021918	4	95423597	rs2452562	0.33845
4	95562877	rs17021918	4	95424226	rs2452563	0.215363
4	95562877	rs17021918	4	95424783	rs148093964	0.115288
4	95562877	rs17021918	4	95426630	rs2510797	0.217411
4	95562877	rs17021918	4	95426855	rs2510796	0.215641
4	95562877	rs17021918	4	95427298	rs2452564	0.340257
4	95562877	rs17021918	4	95428800	rs2433317	0.336757
4	95562877	rs17021918	4	95430064	rs2510795	0.338572
4	95562877	rs17021918	4	95430797	rs2510794	0.336757
4	95562877	rs17021918	4	95430997	rs2639794	0.217411
4	95562877	rs17021918	4	95433065	rs2510793	0.217411
4	95562877	rs17021918	4	95433221	rs774985	0.217411
4	95562877	rs17021918	4	95433803	rs2510792	0.340257
4	95562877	rs17021918	4	95434236	rs1082513	0.217411
4	95562877	rs17021918	4	95434984	rs2510791	0.340257
4	95562877	rs17021918	4	95435398	rs2510790	0.211187
4	95562877	rs17021918	4	95435399	rs2510789	0.211187
4	95562877	rs17021918	4	95437443	rs2452565	0.332771
4	95562877	rs17021918	4	95437659	rs570253350;rs3838638	0.106937
4	95562877	rs17021918	4	95437728	rs2452566	0.33629
4	95562877	rs17021918	4	95437921	rs2452567	0.419976
4	95562877	rs17021918	4	95438406	rs2510788	0.352495
4	95562877	rs17021918	4	95438615	rs2452568	0.339528
4	95562877	rs17021918	4	95438714	rs2510787	0.439774
4	95562877	rs17021918	4	95439956	rs2433324	0.429233
4	95562877	rs17021918	4	95440721	rs2510786	0.344911
4	95562877	rs17021918	4	95440929	rs2438143	0.344911
4	95562877	rs17021918	4	95441162	rs2438144	0.344911
4	95562877	rs17021918	4	95441310	rs1353044	0.344911
4	95562877	rs17021918	4	95441592	rs2433325	0.344911
4	95562877	rs17021918	4	95444407	rs2510785	0.348531
4	95562877	rs17021918	4	95445189	rs2510784	0.344911
4	95562877	rs17021918	4	95445191	rs2510783	0.344911
4	95562877	rs17021918	4	95445791	rs766520	0.241357
4	95562877	rs17021918	4	95447259	rs2577056	0.467526
4	95562877	rs17021918	4	95447392	rs2162346	0.586986
4	95562877	rs17021918	4	95447889	rs3133151	0.393857
4	95562877	rs17021918	4	95449752	rs4699505	0.393857
4	95562877	rs17021918	4	95450297	rs2452577	0.39843
4	95562877	rs17021918	4	95450483	rs2452576	0.401827
4	95562877	rs17021918	4	95451193	rs2452575	0.39843
4	95562877	rs17021918	4	95451661	rs547672625	0.191294
4	95562877	rs17021918	4	95452228	rs13143502	0.39843
4	95562877	rs17021918	4	95452900	rs2452574	0.398567
4	95562877	rs17021918	4	95453088	rs2510782	0.364188
4	95562877	rs17021918	4	95453095	rs2452573	0.370071
4	95562877	rs17021918	4	95453295	rs2452572	0.518095
4	95562877	rs17021918	4	95453735	rs2452571	0.259504
4	95562877	rs17021918	4	95453777	rs2510781	0.39662
4	95562877	rs17021918	4	95453809	rs2452570	0.39662
4	95562877	rs17021918	4	95453817	rs2510780	0.261532
4	95562877	rs17021918	4	95454014	rs2510779	0.398567
4	95562877	rs17021918	4	95454148	rs2452569	0.259504
4	95562877	rs17021918	4	95456986	rs572010977	0.33552
4	95562877	rs17021918	4	95457089	rs3792666	0.28524
4	95562877	rs17021918	4	95457872	rs3805285	0.285409
4	95562877	rs17021918	4	95458074	rs3805283	0.0935849
4	95562877	rs17021918	4	95458450	rs2510778	0.476846
4	95562877	rs17021918	4	95458942	rs12645971	0.285409
4	95562877	rs17021918	4	95459422	rs13110115	0.289012
4	95562877	rs17021918	4	95459760	rs2452586	0.265194
4	95562877	rs17021918	4	95460448	rs1032420	0.265194
4	95562877	rs17021918	4	95460949	rs2510777	0.265194
4	95562877	rs17021918	4	95460997	rs2452008	0.265194
4	95562877	rs17021918	4	95461136	rs2452585	0.265194
4	95562877	rs17021918	4	95461283	rs142187116	0.288251
4	95562877	rs17021918	4	95461425	rs2452584	0.265194
4	95562877	rs17021918	4	95461516	rs2452583	0.478967
4	95562877	rs17021918	4	95461559	rs2452582	0.265194
4	95562877	rs17021918	4	95462421	rs2510776	0.265194
4	95562877	rs17021918	4	95463151	rs1972011	0.263837
4	95562877	rs17021918	4	95463486	rs34612297	0.344255
4	95562877	rs17021918	4	95463487	rs56150214	0.39484
4	95562877	rs17021918	4	95464471	rs13146878	0.259674
4	95562877	rs17021918	4	95464626	rs2510775	0.396773
4	95562877	rs17021918	4	95465526	rs2452580	0.267272
4	95562877	rs17021918	4	95466965	rs2452010	0.405276
4	95562877	rs17021918	4	95467258	rs2510774	0.278277
4	95562877	rs17021918	4	95467982	rs5860366	0.449469
4	95562877	rs17021918	4	95469308	rs2510773	0.675752
4	95562877	rs17021918	4	95470544	rs74638457	0.108013
4	95562877	rs17021918	4	95470677	rs78920201	0.108013
4	95562877	rs17021918	4	95470815	rs2510772	0.307342
4	95562877	rs17021918	4	95472630	rs1493112	0.668115
4	95562877	rs17021918	4	95473162	rs2452578	0.687538
4	95562877	rs17021918	4	95473312	rs35037147	0.687538
4	95562877	rs17021918	4	95473876	rs55858829	0.0938335
4	95562877	rs17021918	4	95474122	rs3133150	0.690745
4	95562877	rs17021918	4	95474420	rs2452589	0.315361
4	95562877	rs17021918	4	95474600	rs10516952	0.0938335
4	95562877	rs17021918	4	95475918	rs2452590	0.851347
4	95562877	rs17021918	4	95476182	rs141131570	0.468992
4	95562877	rs17021918	4	95476240	rs111322874	0.305468
4	95562877	rs17021918	4	95476587	rs7685204	0.110925
4	95562877	rs17021918	4	95476719	rs2452591	0.851347
4	95562877	rs17021918	4	95476789	rs17394213	0.472745
4	95562877	rs17021918	4	95477006	rs2510771	0.0901021
4	95562877	rs17021918	4	95477275	rs9684901	0.690745
4	95562877	rs17021918	4	95478138	rs4699533	0.472766
4	95562877	rs17021918	4	95478406	rs62315858	0.0938335
4	95562877	rs17021918	4	95478603	rs113587193	0.0915813
4	95562877	rs17021918	4	95479372	rs2510770	0.674453
4	95562877	rs17021918	4	95481367	rs2452592	0.840353
4	95562877	rs17021918	4	95481377	rs2510769	0.468946
4	95562877	rs17021918	4	95482053	rs2510768	0.468946
4	95562877	rs17021918	4	95482211	rs6830074	0.0937105
4	95562877	rs17021918	4	95482375	rs6812098	0.0911075
4	95562877	rs17021918	4	95482820	rs3805274	0.0929915
4	95562877	rs17021918	4	95484001	rs2510767	0.847422
4	95562877	rs17021918	4	95484190	rs2510766	0.0929915
4	95562877	rs17021918	4	95486094	rs28740868	0.367437
4	95562877	rs17021918	4	95486777	rs11735827	0.0938335
4	95562877	rs17021918	4	95486990	rs3805272	0.111999
4	95562877	rs17021918	4	95487082	rs3805271	0.111999
4	95562877	rs17021918	4	95487714	rs2452593	0.122052
4	95562877	rs17021918	4	95488304	rs2201092	0.382996
4	95562877	rs17021918	4	95488396	rs4590045	0.114145
4	95562877	rs17021918	4	95488567	rs28612590	0.0935745
4	95562877	rs17021918	4	95488659	rs35850642	0.331213
4	95562877	rs17021918	4	95489082	rs2452594	0.123356
4	95562877	rs17021918	4	95489556	rs11300244	0.115438
4	95562877	rs17021918	4	95491286	rs7697149	0.366693
4	95562877	rs17021918	4	95491516	rs17021818	0.0935745
4	95562877	rs17021918	4	95493246	rs2452597	0.685254
4	95562877	rs17021918	4	95493721	rs2452598	0.689605
4	95562877	rs17021918	4	95494126	rs902981	0.24308
4	95562877	rs17021918	4	95495520	rs10019142	0.227201
4	95562877	rs17021918	4	95495573	rs2452599	0.701835
4	95562877	rs17021918	4	95495908	rs2452009	0.689605
4	95562877	rs17021918	4	95496882	rs2452600	0.683323
4	95562877	rs17021918	4	95497436	rs74969077	0.362364
4	95562877	rs17021918	4	95497654	rs2452601	0.371566
4	95562877	rs17021918	4	95497907	rs973995	0.388536
4	95562877	rs17021918	4	95498617	rs66962894	0.384148
4	95562877	rs17021918	4	95498732	rs11349007	0.342688
4	95562877	rs17021918	4	95499749	rs10009358	0.0935745
4	95562877	rs17021918	4	95499875	rs9307145	0.0935745
4	95562877	rs17021918	4	95500223	rs3805266	0.253227
4	95562877	rs17021918	4	95500558	rs3805265	0.0935745
4	95562877	rs17021918	4	95500628	rs3828518	0.118672
4	95562877	rs17021918	4	95501166	rs4699299	0.693977
4	95562877	rs17021918	4	95501167	rs4699540	0.693977
4	95562877	rs17021918	4	95501206	rs28717041	0.0935745
4	95562877	rs17021918	4	95501719	rs6845201	0.693977
4	95562877	rs17021918	4	95502916	rs28690414	0.0935745
4	95562877	rs17021918	4	95503192	rs3805264	0.388536
4	95562877	rs17021918	4	95503578	rs3843444	0.233456
4	95562877	rs17021918	4	95503902	rs5013417	0.38259
4	95562877	rs17021918	4	95504312	rs3805263	0.388536
4	95562877	rs17021918	4	95505592	rs7682375	0.693977
4	95562877	rs17021918	4	95505975	rs12639887	0.360296
4	95562877	rs17021918	4	95506214	rs2172448	0.246091
4	95562877	rs17021918	4	95506531	rs12640669	0.224048
4	95562877	rs17021918	4	95506842	rs11097431	0.131796
4	95562877	rs17021918	4	95507176	rs6532491	0.246091
4	95562877	rs17021918	4	95508108	rs71581594	0.12959
4	95562877	rs17021918	4	95508755	rs12642449	0.334815
4	95562877	rs17021918	4	95508865	rs79700101	0.105391
4	95562877	rs17021918	4	95509645	rs60063444	0.349873
4	95562877	rs17021918	4	95509714	rs199665838	0.337376
4	95562877	rs17021918	4	95509763	rs7662466	0.246091
4	95562877	rs17021918	4	95510638	rs4634230	0.244367
4	95562877	rs17021918	4	95510883	rs149749312	0.51497
4	95562877	rs17021918	4	95511096	rs10019505	0.239123
4	95562877	rs17021918	4	95511681	rs13122786	0.345952
4	95562877	rs17021918	4	95512844	rs35044129	0.710766
4	95562877	rs17021918	4	95513010	rs116146172	0.10933
4	95562877	rs17021918	4	95514609	rs12500426	0.229675
4	95562877	rs17021918	4	95516516	rs17336353	0.138613
4	95562877	rs17021918	4	95517914	rs36227776	0.239523
4	95562877	rs17021918	4	95521086	rs66542996	0.699562
4	95562877	rs17021918	4	95521358	rs12648941	0.232621
4	95562877	rs17021918	4	95521397	rs6816687	0.131796
4	95562877	rs17021918	4	95521863	rs12510147	0.698372
4	95562877	rs17021918	4	95524838	rs10034824	0.240545
4	95562877	rs17021918	4	95525186	rs12639623	0.236114
4	95562877	rs17021918	4	95526241	rs10033326	0.241327
4	95562877	rs17021918	4	95527759	rs13135257	0.3762
4	95562877	rs17021918	4	95528867	rs9997813	0.638241
4	95562877	rs17021918	4	95530464	rs12639980	0.379523
4	95562877	rs17021918	4	95531051	rs77107413	0.102842
4	95562877	rs17021918	4	95531563	rs74457440	0.520367
4	95562877	rs17021918	4	95532453	rs28492872	0.0998934
4	95562877	rs17021918	4	95533624	rs10023909	0.113391
4	95562877	rs17021918	4	95533967	rs2047025	0.393699
4	95562877	rs17021918	4	95534456	rs28560157	0.113567
4	95562877	rs17021918	4	95535413	rs1812924	0.113567
4	95562877	rs17021918	4	95535586	rs2006927	0.106517
4	95562877	rs17021918	4	95537849	rs6854173	0.243137
4	95562877	rs17021918	4	95541215	rs72667648	0.129111
4	95562877	rs17021918	4	95543425	rs13435269	0.661831
4	95562877	rs17021918	4	95544162	rs4699312	0.658252
4	95562877	rs17021918	4	95544285	rs12649976	0.383121
4	95562877	rs17021918	4	95544718	rs6853490	0.225695
4	95562877	rs17021918	4	95545476	rs34560892	0.117477
4	95562877	rs17021918	4	95547412	rs28582311	0.133515
4	95562877	rs17021918	4	95547456	rs72041848	0.406538
4	95562877	rs17021918	4	95547467	rs7679542	0.974274
4	95562877	rs17021918	4	95548550	rs10015716	0.949969
4	95562877	rs17021918	4	95549855	rs11723532	0.407656
4	95562877	rs17021918	4	95550062	rs3925567	0.113567
4	95562877	rs17021918	4	95551492	rs11734014	0.407656
4	95562877	rs17021918	4	95551648	rs11725849	0.421989
4	95562877	rs17021918	4	95551649	rs11725850	0.421989
4	95562877	rs17021918	4	95551967	rs35959898	0.406538
4	95562877	rs17021918	4	95552216	rs35302992	0.157602
4	95562877	rs17021918	4	95554249	rs7674144	0.986991
4	95562877	rs17021918	4	95555833	rs11732687	0.421989
4	95562877	rs17021918	4	95555932	rs11732668	0.407656
4	95562877	rs17021918	4	95557567	rs71581597	0.259087
4	95562877	rs17021918	4	95557929	rs4699567	0.407656
4	95562877	rs17021918	4	95557966	rs62316488	0.262909
4	95562877	rs17021918	4	95558535	rs151255373	0.135103
4	95562877	rs17021918	4	95558854	rs11724023	0.428539
4	95562877	rs17021918	4	95559083	rs6829381	0.406538
4	95562877	rs17021918	4	95559152	rs59252413	0.262379
4	95562877	rs17021918	4	95561459	rs7690296	0.413801
4	95562877	rs17021918	4	95561651	rs575628912;rs545230730;rs559140549;rs201046895	0.116712
4	95562877	rs17021918	4	95562013	rs12641023	0.407656
4	95562877	rs17021918	4	95562393	rs10010013	0.155269
4	95562877	rs17021918	4	95562682	rs1543013	0.412641
4	95562877	rs17021918	4	95562877	rs17021918	1
4	95562877	rs17021918	4	95563972	rs1509620	0.592501
4	95562877	rs17021918	4	95564225	rs10014050	0.155269
4	95562877	rs17021918	4	95565119	rs62316491	0.0921691
4	95562877	rs17021918	4	95566316	rs2902987	0.407024
4	95562877	rs17021918	4	95568025	rs34438564	0.408129
4	95562877	rs17021918	4	95568891	rs71601224	0.407024
4	95562877	rs17021918	4	95568956	rs7655928	0.155269
4	95562877	rs17021918	4	95569216	rs7656545	0.155269
4	95562877	rs17021918	4	95569434	rs60195134	0.407024
4	95562877	rs17021918	4	95569698	rs34403066	0.407024
4	95562877	rs17021918	4	95570165	rs35964087	0.935386
4	95562877	rs17021918	4	95571976	rs2136486	0.946979
4	95562877	rs17021918	4	95572699	rs951613	0.400757
4	95562877	rs17021918	4	95573804	rs12511111	0.405123
4	95562877	rs17021918	4	95573998	rs12511169	0.916245
4	95562877	rs17021918	4	95574123	rs7689746	0.544763
4	95562877	rs17021918	4	95574211	rs13110828	0.398465
4	95562877	rs17021918	4	95574708	rs11445839	0.920134
4	95562877	rs17021918	4	95575114	rs28376560	0.158939
4	95562877	rs17021918	4	95575323	rs2280002	0.398465
4	95562877	rs17021918	4	95575601	rs2280003	0.957468
4	95562877	rs17021918	4	95576397	rs12650641	0.40113
4	95562877	rs17021918	4	95577290	rs13121500	0.957468
4	95562877	rs17021918	4	95577397	rs6837308	0.978312
4	95562877	rs17021918	4	95577868	rs112305381	0.0921691
4	95562877	rs17021918	4	95578217	rs12505788	0.974022
4	95562877	rs17021918	4	95579366	rs4699316	0.974162
4	95562877	rs17021918	4	95579592	rs12507763	0.414147
4	95562877	rs17021918	4	95579705	rs11097432	0.150685
4	95562877	rs17021918	4	95579739	rs12500116	0.978312
4	95562877	rs17021918	4	95579800	rs11097433	0.414147
4	95562877	rs17021918	4	95580095	rs7694162	0.974022
4	95562877	rs17021918	4	95580281	rs6532495	0.414147
4	95562877	rs17021918	4	95580404	rs6532496	0.414564
4	95562877	rs17021918	4	95580441	rs6532497	0.414564
4	95562877	rs17021918	4	95580631	rs548646679	0.95645
4	95562877	rs17021918	4	95580633	rs6532498	0.956621
4	95562877	rs17021918	4	95580635	rs547605479	0.95645
4	95562877	rs17021918	4	95580645	rs6532500	0.412072
4	95562877	rs17021918	4	95581051	rs11424534	0.414751
4	95562877	rs17021918	4	95581344	rs12331809	0.149954
4	95562877	rs17021918	4	95581345	rs7659399	0.969904
4	95562877	rs17021918	4	95581543	rs12331240	0.414564
4	95562877	rs17021918	4	95581720	rs10025288	0.149954
4	95562877	rs17021918	4	95581890	rs10025410	0.149954
4	95562877	rs17021918	4	95581895	rs34507709	0.40113
4	95562877	rs17021918	4	95582026	rs61597100	0.957468
4	95562877	rs17021918	4	95582061	rs142383920	0.919226
4	95562877	rs17021918	4	95582108	rs12331253	0.408349
4	95562877	rs17021918	4	95582127	rs13130496	0.40113
4	95562877	rs17021918	4	95582159	rs12331835	0.149954
4	95562877	rs17021918	4	95582213	rs6817664	0.957468
4	95562877	rs17021918	4	95582359	rs6822544	0.957468
4	95562877	rs17021918	4	95583042	rs12331920	0.149954
4	95562877	rs17021918	4	95583065	rs11097434	0.406733
4	95562877	rs17021918	4	95583079	rs11097435	0.406733
4	95562877	rs17021918	4	95583138	rs12643849	0.408349
4	95562877	rs17021918	4	95583222	rs12643867	0.408349
4	95562877	rs17021918	4	95583388	rs148232042	0.391944
4	95562877	rs17021918	4	95583392	rs71601226	0.396254
4	95562877	rs17021918	4	95583827	rs10031423	0.422925
4	95562877	rs17021918	4	95583974	rs3833614	0.3812
4	95562877	rs17021918	4	95585038	rs56921499	0.408349
4	95562877	rs17021918	4	95585225	rs1056772	0.13266
4	95562877	rs17021918	4	95585642	rs33961001	0.144464
4	95562877	rs17021918	4	95585748	rs1802345	0.149954
4	95562877	rs17021918	4	95586015	rs1056773	0.407191
4	95562877	rs17021918	4	95586141	rs62316494	0.0921691
4	95562877	rs17021918	4	95586224	rs14082	0.407191
4	95562877	rs17021918	4	95586265	rs11339365	0.407191
4	95562877	rs17021918	4	95586279	rs10590	0.949426
4	95562877	rs17021918	4	95586405	rs1134984	0.146411
4	95562877	rs17021918	4	95586716	rs201923550	0.0921691
4	95562877	rs17021918	4	95586726	rs10706956	0.408349
4	95562877	rs17021918	4	95587259	rs11550270	0.149954
4	95562877	rs17021918	4	95587587	rs1048627	0.40004
4	95562877	rs17021918	4	95587675	rs1043848	0.949426
4	95562877	rs17021918	4	95587725	rs148752622	0.550894
4	95562877	rs17021918	4	95588075	rs3943	0.407191
4	95562877	rs17021918	4	95588158	rs1509617	0.146411
4	95562877	rs17021918	4	95588274	rs1043853	0.40004
4	95562877	rs17021918	4	95588565	rs1139697	0.550894
4	95562877	rs17021918	4	95588674	rs12294	0.149699
4	95562877	rs17021918	4	95588823	rs1043862	0.149954
4	95562877	rs17021918	4	95589337	rs7285	0.149954
4	95562877	rs17021918	4	95589477	rs3762876	0.949426
4	95562877	rs17021918	4	95589869	rs28376694	0.149954
4	95562877	rs17021918	4	95589897	rs28654759	0.147333
4	95562877	rs17021918	4	95590036	rs62316498	0.250133
4	95562877	rs17021918	4	95590158	rs17021972	0.957468
4	95562877	rs17021918	4	95591976	rs998071	0.953301
4	95562877	rs17021918	4	95592144	rs1472961	0.397125
4	95562877	rs17021918	4	95592377	rs1472962	0.397125
4	95562877	rs17021918	4	95592561	rs1472963	0.409706
4	95562877	rs17021918	4	95593185	rs33950780	0.141025
4	95562877	rs17021918	4	95594456	rs17021981	0.138463
4	95562877	rs17021918	4	95594616	rs13133845	0.246951
4	95562877	rs17021918	4	95594738	rs33917639	0.342839
4	95562877	rs17021918	4	95595308	rs7681843	0.923339
4	95562877	rs17021918	4	95595728	rs6839697	0.397396
4	95562877	rs17021918	4	95595800	rs6840428	0.138463
4	95562877	rs17021918	4	95596188	rs10049504	0.141025
4	95562877	rs17021918	4	95596744	rs28479946	0.137343
4	95562877	rs17021918	4	95597814	rs6831015	0.335519
4	95562877	rs17021918	4	95599798	rs71833451	0.350416
4	95562877	rs17021918	4	95600782	rs7669103	0.154873
