CHR_A	BP_A	SNP_A	CHR_B	BP_B	SNP_B	R2
4	73855253	rs10009409	4	73756020	rs33951752	0.121271
4	73855253	rs10009409	4	73763502	rs34235818	0.118829
4	73855253	rs10009409	4	73765453	rs11721986	0.097266
4	73855253	rs10009409	4	73767642	rs13143720	0.118829
4	73855253	rs10009409	4	73768487	rs17779898	0.097266
4	73855253	rs10009409	4	73770690	rs1346132	0.0965367
4	73855253	rs10009409	4	73771353	rs28497864	0.133859
4	73855253	rs10009409	4	73772170	rs74369014	0.223322
4	73855253	rs10009409	4	73774069	rs10005971	0.133859
4	73855253	rs10009409	4	73775312	rs33929864	0.223322
4	73855253	rs10009409	4	73775346	rs35429797	0.223322
4	73855253	rs10009409	4	73775580	rs11731270	0.0935635
4	73855253	rs10009409	4	73775973	rs71786362	0.141006
4	73855253	rs10009409	4	73775974	rs138764874	0.215952
4	73855253	rs10009409	4	73775975	rs5859357	0.131694
4	73855253	rs10009409	4	73777333	rs10023514	0.133859
4	73855253	rs10009409	4	73778691	rs28820000	0.1647
4	73855253	rs10009409	4	73778709	rs56958077	0.162276
4	73855253	rs10009409	4	73779125	rs13140073	0.108686
4	73855253	rs10009409	4	73779466	rs10019825	0.172137
4	73855253	rs10009409	4	73779845	rs2366460	0.172377
4	73855253	rs10009409	4	73780388	rs1548005	0.172137
4	73855253	rs10009409	4	73780401	rs1548004	0.172137
4	73855253	rs10009409	4	73780853	rs28499048	0.141259
4	73855253	rs10009409	4	73780893	rs11734344	0.172137
4	73855253	rs10009409	4	73780975	rs11729184	0.172137
4	73855253	rs10009409	4	73781007	rs11734315	0.172137
4	73855253	rs10009409	4	73781106	rs11735263	0.172137
4	73855253	rs10009409	4	73781128	rs6843460	0.172137
4	73855253	rs10009409	4	73781392	rs6844076	0.168039
4	73855253	rs10009409	4	73781661	rs6839265	0.218295
4	73855253	rs10009409	4	73781893	rs6815005	0.172137
4	73855253	rs10009409	4	73782295	rs6820531	0.172137
4	73855253	rs10009409	4	73782383	rs6850788	0.172137
4	73855253	rs10009409	4	73782538	rs9884870	0.172137
4	73855253	rs10009409	4	73782616	rs989553	0.141259
4	73855253	rs10009409	4	73783115	rs11939800	0.145912
4	73855253	rs10009409	4	73783123	rs11935218	0.172137
4	73855253	rs10009409	4	73783365	rs11935302	0.172137
4	73855253	rs10009409	4	73783404	rs6816344	0.141259
4	73855253	rs10009409	4	73783690	rs28430697	0.172137
4	73855253	rs10009409	4	73783701	rs28631137	0.172137
4	73855253	rs10009409	4	73783890	rs28384225	0.172137
4	73855253	rs10009409	4	73783921	rs1903404	0.170468
4	73855253	rs10009409	4	73784226	rs2366462	0.172137
4	73855253	rs10009409	4	73784340	rs11941162	0.172137
4	73855253	rs10009409	4	73784539	rs11936630	0.172137
4	73855253	rs10009409	4	73784725	rs28410929	0.172137
4	73855253	rs10009409	4	73788145	rs4694150	0.172137
4	73855253	rs10009409	4	73788800	rs7669430	0.108686
4	73855253	rs10009409	4	73789161	rs28789396	0.172137
4	73855253	rs10009409	4	73789222	rs28834456	0.172137
4	73855253	rs10009409	4	73789266	rs1582754	0.0916468
4	73855253	rs10009409	4	73789694	rs2114159	0.0916468
4	73855253	rs10009409	4	73789893	rs2126114	0.0916468
4	73855253	rs10009409	4	73790092	rs12640865	0.0916468
4	73855253	rs10009409	4	73790269	rs13130436	0.108686
4	73855253	rs10009409	4	73790321	rs13107015	0.108686
4	73855253	rs10009409	4	73790352	rs13130647	0.108686
4	73855253	rs10009409	4	73790392	rs148085357	0.172137
4	73855253	rs10009409	4	73790443	rs28850320	0.172137
4	73855253	rs10009409	4	73790770	rs2114158	0.108686
4	73855253	rs10009409	4	73791582	rs11936245	0.172137
4	73855253	rs10009409	4	73791854	rs13140508	0.108686
4	73855253	rs10009409	4	73791935	rs28786524	0.172137
4	73855253	rs10009409	4	73792071	rs11937317	0.172137
4	73855253	rs10009409	4	73792148	rs11937351	0.0916468
4	73855253	rs10009409	4	73792182	rs7671790	0.0916468
4	73855253	rs10009409	4	73793428	rs28769606	0.108686
4	73855253	rs10009409	4	73793749	rs7663680	0.0916468
4	73855253	rs10009409	4	73794039	rs111447593	0.172137
4	73855253	rs10009409	4	73794440	rs2886679	0.172137
4	73855253	rs10009409	4	73794488	rs6446903	0.108686
4	73855253	rs10009409	4	73796573	rs6840693	0.0916468
4	73855253	rs10009409	4	73796885	rs6446905	0.172137
4	73855253	rs10009409	4	73797562	rs10029999	0.108686
4	73855253	rs10009409	4	73798247	rs6823521	0.172137
4	73855253	rs10009409	4	73798362	rs28846132	0.10664
4	73855253	rs10009409	4	73799310	rs78720312	0.218295
4	73855253	rs10009409	4	73799501	rs7673902	0.10861
4	73855253	rs10009409	4	73801086	rs9997454	0.10861
4	73855253	rs10009409	4	73801672	rs7687220	0.218295
4	73855253	rs10009409	4	73801915	rs10006155	0.108686
4	73855253	rs10009409	4	73802023	rs7692522	0.172137
4	73855253	rs10009409	4	73802927	rs6851058	0.10861
4	73855253	rs10009409	4	73803268	rs7688718	0.10861
4	73855253	rs10009409	4	73804355	rs34323087	0.136186
4	73855253	rs10009409	4	73804525	rs9683911	0.17773
4	73855253	rs10009409	4	73804548	rs9685919	0.10861
4	73855253	rs10009409	4	73806251	rs9994297	0.137805
4	73855253	rs10009409	4	73807487	rs11313318	0.129125
4	73855253	rs10009409	4	73807496	rs7669083	0.188551
4	73855253	rs10009409	4	73807772	rs2169272	0.137805
4	73855253	rs10009409	4	73808688	rs6414650	0.345844
4	73855253	rs10009409	4	73809693	rs997886	0.333188
4	73855253	rs10009409	4	73809891	rs1476223	0.333188
4	73855253	rs10009409	4	73809922	rs997887	0.333188
4	73855253	rs10009409	4	73812806	rs1381015	0.246054
4	73855253	rs10009409	4	73815767	rs3039872	0.359355
4	73855253	rs10009409	4	73817646	rs55986483	0.332693
4	73855253	rs10009409	4	73818454	rs55897524	0.329493
4	73855253	rs10009409	4	73820248	rs11733810	0.332693
4	73855253	rs10009409	4	73820769	rs6854461	0.335932
4	73855253	rs10009409	4	73821064	rs12505905	0.202846
4	73855253	rs10009409	4	73821231	rs7679185	0.335932
4	73855253	rs10009409	4	73821904	rs13102676	0.335932
4	73855253	rs10009409	4	73822035	rs13109785	0.335932
4	73855253	rs10009409	4	73822831	rs17176542	0.335932
4	73855253	rs10009409	4	73824798	rs2059569	0.205051
4	73855253	rs10009409	4	73825072	rs566711507;rs566711507;rs370653601	0.374628
4	73855253	rs10009409	4	73825903	rs2886738	0.202846
4	73855253	rs10009409	4	73826746	rs6810799	0.205051
4	73855253	rs10009409	4	73826898	rs7699591	0.335932
4	73855253	rs10009409	4	73827580	rs7660451	0.362987
4	73855253	rs10009409	4	73830418	rs57639620	0.362987
4	73855253	rs10009409	4	73831245	esv3600986	0.37789
4	73855253	rs10009409	4	73832518	rs2366711	0.388029
4	73855253	rs10009409	4	73832546	rs4287976	0.357703
4	73855253	rs10009409	4	73833081	rs6446910	0.360883
4	73855253	rs10009409	4	73833466	rs6846821	0.390747
4	73855253	rs10009409	4	73834110	rs4694583	0.388029
4	73855253	rs10009409	4	73835941	rs13127904	0.388029
4	73855253	rs10009409	4	73836983	rs6446911	0.223472
4	73855253	rs10009409	4	73838231	rs2042701	0.2825
4	73855253	rs10009409	4	73839188	rs1563924	0.207757
4	73855253	rs10009409	4	73839189	rs1025174	0.207757
4	73855253	rs10009409	4	73839990	rs1460985	0.22567
4	73855253	rs10009409	4	73840078	rs1460987	0.22567
4	73855253	rs10009409	4	73840979	rs7665495	0.223428
4	73855253	rs10009409	4	73841682	rs1460988	0.22567
4	73855253	rs10009409	4	73843134	rs2366712	0.22567
4	73855253	rs10009409	4	73843550	rs2045680	0.22567
4	73855253	rs10009409	4	73844797	rs13136778	0.225705
4	73855253	rs10009409	4	73845128	rs1895854	0.223777
4	73855253	rs10009409	4	73847723	rs56260534	0.382619
4	73855253	rs10009409	4	73848218	rs6821094	0.194567
4	73855253	rs10009409	4	73848346	rs12510236	0.382619
4	73855253	rs10009409	4	73849293	rs6845086	0.225705
4	73855253	rs10009409	4	73849370	rs11731749	0.284152
4	73855253	rs10009409	4	73850416	rs980969	0.225705
4	73855253	rs10009409	4	73850985	rs12512507	0.225705
4	73855253	rs10009409	4	73851501	rs13103155	0.225705
4	73855253	rs10009409	4	73851819	rs13130714	0.359469
4	73855253	rs10009409	4	73853098	rs35499693	0.3683
4	73855253	rs10009409	4	73853099	rs112518083	0.336451
4	73855253	rs10009409	4	73853283	rs4694585	0.223472
4	73855253	rs10009409	4	73853413	rs13129272	0.133051
4	73855253	rs10009409	4	73853951	rs2366714	0.115188
4	73855253	rs10009409	4	73854103	rs2366715	0.296742
4	73855253	rs10009409	4	73854191	rs961873	0.115479
4	73855253	rs10009409	4	73854531	rs13434952	0.293111
4	73855253	rs10009409	4	73854746	rs13137265	0.173766
4	73855253	rs10009409	4	73855253	rs10009409	1
4	73855253	rs10009409	4	73856514	rs10938064	0.34577
4	73855253	rs10009409	4	73856613	rs10938065	0.34577
4	73855253	rs10009409	4	73857746	rs13141048	0.34577
4	73855253	rs10009409	4	73857853	rs13135890	0.34577
4	73855253	rs10009409	4	73858396	rs7690615	0.214318
4	73855253	rs10009409	4	73858464	rs7666763	0.214318
4	73855253	rs10009409	4	73858635	rs10938066	0.34577
4	73855253	rs10009409	4	73858896	rs13148678	0.10634
4	73855253	rs10009409	4	73859163	rs1460989	0.34577
4	73855253	rs10009409	4	73862030	rs1381014	0.322223
4	73855253	rs10009409	4	73862355	rs973541	0.176382
4	73855253	rs10009409	4	73867915	rs17178078	0.168318
4	73855253	rs10009409	4	73876372	rs1350775	0.302028
4	73855253	rs10009409	4	73877415	rs4519770	0.302028
4	73855253	rs10009409	4	73880512	rs33919063	0.309029
4	73855253	rs10009409	4	73881707	rs13135799	0.164392
4	73855253	rs10009409	4	73889388	rs4995246	0.225054
4	73855253	rs10009409	4	73889677	esv3600987	0.145599
4	73855253	rs10009409	4	73890415	rs898650	0.130879
4	73855253	rs10009409	4	73896353	rs7442235	0.134816
4	73855253	rs10009409	4	73899392	rs11721329	0.134816
4	73855253	rs10009409	4	73899977	rs11929937	0.1323
4	73855253	rs10009409	4	73904884	rs11423660	0.227276
4	73855253	rs10009409	4	73906529	rs4645185	0.233772
4	73855253	rs10009409	4	73908093	rs62309635	0.134816
4	73855253	rs10009409	4	73908634	rs6830954	0.233772
4	73855253	rs10009409	4	73911067	rs6850352	0.0971168
4	73855253	rs10009409	4	73918760	rs5859359	0.214209
4	73855253	rs10009409	4	73919809	rs11455318	0.233772
4	73855253	rs10009409	4	73920622	rs1052080	0.126161
4	73855253	rs10009409	4	73926670	rs34716955	0.134816
4	73855253	rs10009409	4	73928570	rs569786333	0.0947266
4	73855253	rs10009409	4	73928958	rs6821206	0.0946179
4	73855253	rs10009409	4	73929509	rs13101277	0.233772
4	73855253	rs10009409	4	73929970	rs36219190	0.233772
4	73855253	rs10009409	4	73930552	rs3762883	0.1323
4	73855253	rs10009409	4	73931526	rs4694155	0.233772
4	73855253	rs10009409	4	73933633	rs6845082	0.0955976
4	73855253	rs10009409	4	73933671	rs66478166	0.107513
4	73855253	rs10009409	4	73940465	rs11727957	0.125874
4	73855253	rs10009409	4	73940743	rs10092	0.0961347
4	73855253	rs10009409	4	73942678	rs2306058	0.0971168
4	73855253	rs10009409	4	73945822	rs67424539	0.125874
4	73855253	rs10009409	4	73947873	rs11367760	0.0991375
4	73855253	rs10009409	4	73949395	rs34230856	0.125874
4	73855253	rs10009409	4	73950168	rs35710035	0.211303
4	73855253	rs10009409	4	73951543	rs71711863	0.162616
4	74349158	rs1894292	4	73856514	rs10938064	0.114555
4	74349158	rs1894292	4	73856613	rs10938065	0.114555
4	74349158	rs1894292	4	73857746	rs13141048	0.114555
4	74349158	rs1894292	4	73857853	rs13135890	0.114555
4	74349158	rs1894292	4	73858635	rs10938066	0.114555
4	74349158	rs1894292	4	73858896	rs13148678	0.0959517
4	74349158	rs1894292	4	73859163	rs1460989	0.114555
4	74349158	rs1894292	4	73862030	rs1381014	0.10503
4	74349158	rs1894292	4	73876372	rs1350775	0.0917408
4	74349158	rs1894292	4	73877415	rs4519770	0.0917408
4	74349158	rs1894292	4	73880050	rs62309628	0.0927791
4	74349158	rs1894292	4	73880512	rs33919063	0.095402
4	74349158	rs1894292	4	73889388	rs4995246	0.230097
4	74349158	rs1894292	4	73889677	esv3600987	0.141475
4	74349158	rs1894292	4	73890415	rs898650	0.11996
4	74349158	rs1894292	4	73896353	rs7442235	0.125744
4	74349158	rs1894292	4	73899392	rs11721329	0.125744
4	74349158	rs1894292	4	73899977	rs11929937	0.127917
4	74349158	rs1894292	4	73904884	rs11423660	0.231763
4	74349158	rs1894292	4	73906529	rs4645185	0.237562
4	74349158	rs1894292	4	73908093	rs62309635	0.125744
4	74349158	rs1894292	4	73908634	rs6830954	0.237562
4	74349158	rs1894292	4	73911067	rs6850352	0.102878
4	74349158	rs1894292	4	73918760	rs5859359	0.22489
4	74349158	rs1894292	4	73919809	rs11455318	0.237562
4	74349158	rs1894292	4	73920622	rs1052080	0.115975
4	74349158	rs1894292	4	73926670	rs34716955	0.125744
4	74349158	rs1894292	4	73928570	rs569786333	0.0967814
4	74349158	rs1894292	4	73928958	rs6821206	0.102391
4	74349158	rs1894292	4	73929509	rs13101277	0.237562
4	74349158	rs1894292	4	73929970	rs36219190	0.237562
4	74349158	rs1894292	4	73930552	rs3762883	0.127917
4	74349158	rs1894292	4	73931526	rs4694155	0.237562
4	74349158	rs1894292	4	73933010	rs71603618	0.109607
4	74349158	rs1894292	4	73933633	rs6845082	0.105206
4	74349158	rs1894292	4	73933671	rs66478166	0.0974143
4	74349158	rs1894292	4	73936926	rs72661094	0.0924696
4	74349158	rs1894292	4	73940465	rs11727957	0.143532
4	74349158	rs1894292	4	73940743	rs10092	0.10337
4	74349158	rs1894292	4	73942678	rs2306058	0.106198
4	74349158	rs1894292	4	73945822	rs67424539	0.143532
4	74349158	rs1894292	4	73947873	rs11367760	0.16223
4	74349158	rs1894292	4	73949395	rs34230856	0.143532
4	74349158	rs1894292	4	73950168	rs35710035	0.251318
4	74349158	rs1894292	4	73951543	rs71711863	0.11562
4	74442349	rs17804499	4	73767852	rs17175394	0.415269
4	74442349	rs17804499	4	73794033	rs113280280	0.0941553
4	74442349	rs17804499	4	73794652	rs72661058	0.217386
4	74442349	rs17804499	4	73833590	rs72661074	0.440239
4	74442349	rs17804499	4	73833891	rs72661075	0.0934854
4	74442349	rs17804499	4	73858896	rs13148678	0.124331
4	74442349	rs17804499	4	73869962	rs35383980	0.168117
4	74442349	rs17804499	4	73911067	rs6850352	0.127034
4	74442349	rs17804499	4	73928958	rs6821206	0.133927
4	74442349	rs17804499	4	73933010	rs71603618	0.150068
4	74442349	rs17804499	4	73933633	rs6845082	0.132729
4	74442349	rs17804499	4	73940743	rs10092	0.12821
4	74442349	rs17804499	4	73942678	rs2306058	0.127034
