CHR_A	BP_A	SNP_A	CHR_B	BP_B	SNP_B	R2
5	1280028	rs2242652	5	1220010	rs11746437	0.10661
5	1280028	rs2242652	5	1222499	rs34896724	0.108712
5	1280028	rs2242652	5	1228953	rs4075300	0.102463
5	1280028	rs2242652	5	1229707	rs12187821	0.106453
5	1280028	rs2242652	5	1233917	rs13158399	0.100697
5	1280028	rs2242652	5	1237435	rs7731934	0.0934113
5	1280028	rs2242652	5	1239043	rs7718658	0.0921815
5	1280028	rs2242652	5	1240103	rs60021514	0.095351
5	1280028	rs2242652	5	1241565	rs74829122	0.156951
5	1280028	rs2242652	5	1252463	rs4975618	0.0989265
5	1280028	rs2242652	5	1252475	rs4975617	0.0989265
5	1280028	rs2242652	5	1270983	rs11742908	0.457609
5	1280028	rs2242652	5	1273183	rs192723047	0.284329
5	1280028	rs2242652	5	1276050	rs113136187	0.424299
5	1280028	rs2242652	5	1276736	rs145685051	0.0909088
5	1280028	rs2242652	5	1276769	esv3603803	0.135991
5	1280028	rs2242652	5	1276873	rs56345976	0.141449
5	1280028	rs2242652	5	1277577	rs33961405	0.144367
5	1280028	rs2242652	5	1279790	rs10069690	0.639526
5	1280028	rs2242652	5	1279964	rs10054203	0.373931
5	1280028	rs2242652	5	1280028	rs2242652	1
5	1280028	rs2242652	5	1280128	rs7734992	0.371542
5	1280028	rs2242652	5	1280830	rs4975538	0.450794
5	1280028	rs2242652	5	1280938	rs6897196	0.3952
5	1280028	rs2242652	5	1280940	rs34002450	0.41183
5	1280028	rs2242652	5	1282319	rs7726159	0.408258
5	1280028	rs2242652	5	1282414	rs7725218	0.371848
5	1280028	rs2242652	5	1283312	rs7713218	0.218911
5	1280028	rs2242652	5	1283486	rs7717443	0.20072
5	1280028	rs2242652	5	1283755	rs72709458	0.744577
5	1280028	rs2242652	5	1284135	rs4449583	0.401063
5	1280028	rs2242652	5	1284976	rs35029535	0.167436
5	1280028	rs2242652	5	1285162	rs10866498	0.197601
5	1280028	rs2242652	5	1285974	rs7705526	0.250434
5	1280028	rs2242652	5	1286516	rs2736100	0.191805
5	1280028	rs2242652	5	1287505	rs7710703	0.172094
5	1280028	rs2242652	5	1287612	rs11291391	0.125193
5	1280028	rs2242652	5	1288547	rs2853676	0.107494
5	1280028	rs2242652	5	1289975	rs74682426	0.267602
5	1280028	rs2242652	5	1291331	rs11414507	0.269055
5	1280028	rs2242652	5	1291406	rs71575543	0.141815
5	1280028	rs2242652	5	1291418	rs71575544	0.108479
5	1280028	rs2242652	5	1291735	rs56158232	0.142575
5	1280028	rs2242652	5	1291740	rs56023411	0.142575
5	1280028	rs2242652	5	1296072	rs7712562	0.269055
5	1280028	rs2242652	5	1297258	rs6554754	0.196915
5	1280028	rs2242652	5	1297918	rs7449190	0.261255
5	1280028	rs2242652	5	1299213	rs2735948	0.103669
5	1280028	rs2242652	5	1300429	rs2735946	0.149093
5	1280028	rs2242652	5	1302113	rs34218850	0.110126
5	1280028	rs2242652	5	1302144	rs2736102	0.105635
5	1280028	rs2242652	5	1302914	rs2853666	0.108991
5	1280028	rs2242652	5	1303901	rs2735945	0.108991
5	1280028	rs2242652	5	1309904	rs60622800	0.126081
5	1280028	rs2242652	5	1310152	rs6554758	0.126081
5	1280028	rs2242652	5	1311105	rs56335551	0.109297
5	1280028	rs2242652	5	1311198	rs12332579	0.117139
5	1280028	rs2242652	5	1311693	rs6866294	0.108001
5	1280028	rs2242652	5	1312457	rs13356727	0.108001
5	1280028	rs2242652	5	1312935	rs13355267	0.108001
5	1280028	rs2242652	5	1312987	rs561499812	0.101564
5	1280028	rs2242652	5	1315660	rs4975616	0.111453
5	1280028	rs2242652	5	1317102	rs6554759	0.10039
5	1280028	rs2242652	5	1317949	rs1801075	0.10039
5	1280028	rs2242652	5	1320136	rs421629	0.101018
5	1280028	rs2242652	5	1320247	rs380286	0.101018
5	1280028	rs2242652	5	1321873	rs10073340	0.0963256
5	1280028	rs2242652	5	1322087	rs401681	0.0977202
5	1280028	rs2242652	5	1323212	rs13178866	0.101018
5	1280028	rs2242652	5	1325590	rs421284	0.0960646
5	1280028	rs2242652	5	1325803	rs465498	0.0925378
5	1280028	rs2242652	5	1327101	rs11133729	0.0983252
5	1280028	rs2242652	5	1330253	rs452932	0.0983252
5	1280028	rs2242652	5	1330840	rs452384	0.0973457
5	1280028	rs2242652	5	1331219	rs370348	0.0973457
5	1280028	rs2242652	5	1332030	rs200780996	0.0997646
5	1280028	rs2242652	5	1333077	rs2447853	0.100122
5	1280028	rs2242652	5	1334507	rs5865369	0.0958751
5	1280028	rs2242652	5	1336221	rs467095	0.0958751
5	1280028	rs2242652	5	1336243	rs455433	0.0958751
5	1280028	rs2242652	5	1336459	rs460073	0.0958751
5	1280028	rs2242652	5	1337070	rs456366	0.0958751
5	1280028	rs2242652	5	1337106	rs459961	0.0958751
5	1280028	rs2242652	5	1337906	rs31484	0.0986098
5	1280028	rs2242652	5	1339797	rs71575564	0.100405
5	1280028	rs2242652	5	1340252	rs35595862	0.0949146
5	1280028	rs2242652	5	1341101	rs31487	0.0986098
5	1280028	rs2242652	5	1344458	rs31490	0.10408
5	1280028	rs2242652	5	1349130	rs71575565	0.0936114
5	1282414	rs7725218	5	1228235	rs59438556	0.113101
5	1282414	rs7725218	5	1228458	rs4975624	0.109575
5	1282414	rs7725218	5	1228719	rs7730878	0.111014
5	1282414	rs7725218	5	1233925	rs144265680	0.101006
5	1282414	rs7725218	5	1241565	rs74829122	0.0937115
5	1282414	rs7725218	5	1270983	rs11742908	0.182079
5	1282414	rs7725218	5	1273183	rs192723047	0.114264
5	1282414	rs7725218	5	1273215	rs78764532	0.1207
5	1282414	rs7725218	5	1276050	rs113136187	0.207994
5	1282414	rs7725218	5	1277577	rs33961405	0.270845
5	1282414	rs7725218	5	1277720	rs372321426	0.123039
5	1282414	rs7725218	5	1279790	rs10069690	0.513016
5	1282414	rs7725218	5	1279964	rs10054203	0.658274
5	1282414	rs7725218	5	1280028	rs2242652	0.371848
5	1282414	rs7725218	5	1280128	rs7734992	0.642883
5	1282414	rs7725218	5	1280830	rs4975538	0.621826
5	1282414	rs7725218	5	1280938	rs6897196	0.706794
5	1282414	rs7725218	5	1280940	rs34002450	0.633267
5	1282414	rs7725218	5	1282319	rs7726159	0.899616
5	1282414	rs7725218	5	1282414	rs7725218	1
5	1282414	rs7725218	5	1283312	rs7713218	0.586922
5	1282414	rs7725218	5	1283486	rs7717443	0.570231
5	1282414	rs7725218	5	1283755	rs72709458	0.53317
5	1282414	rs7725218	5	1284135	rs4449583	0.895597
5	1282414	rs7725218	5	1284976	rs35029535	0.338692
5	1282414	rs7725218	5	1285162	rs10866498	0.543114
5	1282414	rs7725218	5	1285974	rs7705526	0.714874
5	1282414	rs7725218	5	1286516	rs2736100	0.543961
5	1282414	rs7725218	5	1287194	rs2853677	0.147786
5	1282414	rs7725218	5	1287340	rs2736099	0.163831
5	1282414	rs7725218	5	1287505	rs7710703	0.144849
5	1282414	rs7725218	5	1287612	rs11291391	0.129239
5	1282414	rs7725218	5	1288547	rs2853676	0.116249
5	1282414	rs7725218	5	1289880	rs62332588	0.18634
5	1282414	rs7725218	5	1289975	rs74682426	0.210544
5	1282414	rs7725218	5	1290319	rs62332591	0.153356
5	1282414	rs7725218	5	1291331	rs11414507	0.206594
5	1282414	rs7725218	5	1291406	rs71575543	0.130819
5	1282414	rs7725218	5	1291418	rs71575544	0.107496
5	1282414	rs7725218	5	1291735	rs56158232	0.174389
5	1282414	rs7725218	5	1291740	rs56023411	0.174389
5	1282414	rs7725218	5	1292643	rs570266982	0.251673
5	1282414	rs7725218	5	1292983	rs2853672	0.251673
5	1282414	rs7725218	5	1296072	rs7712562	0.206594
5	1282414	rs7725218	5	1296486	rs2735940	0.251352
5	1282414	rs7725218	5	1297258	rs6554754	0.172002
5	1282414	rs7725218	5	1297918	rs7449190	0.216032
5	1282414	rs7725218	5	1361400	rs27062	0.0902961
5	1282414	rs7725218	5	1362793	rs27061	0.0908124
5	1288547	rs2853676	5	1277577	rs33961405	0.140136
5	1288547	rs2853676	5	1279790	rs10069690	0.0972989
5	1288547	rs2853676	5	1280028	rs2242652	0.107494
5	1288547	rs2853676	5	1282319	rs7726159	0.124793
5	1288547	rs2853676	5	1282414	rs7725218	0.116249
5	1288547	rs2853676	5	1283312	rs7713218	0.109911
5	1288547	rs2853676	5	1283486	rs7717443	0.103814
5	1288547	rs2853676	5	1283755	rs72709458	0.140946
5	1288547	rs2853676	5	1284135	rs4449583	0.121145
5	1288547	rs2853676	5	1284149	rs34785213	0.0914675
5	1288547	rs2853676	5	1285162	rs10866498	0.114979
5	1288547	rs2853676	5	1285974	rs7705526	0.101869
5	1288547	rs2853676	5	1286516	rs2736100	0.259762
5	1288547	rs2853676	5	1287194	rs2853677	0.368813
5	1288547	rs2853676	5	1287290	rs35838177	0.0922977
5	1288547	rs2853676	5	1287340	rs2736099	0.160526
5	1288547	rs2853676	5	1287505	rs7710703	0.477551
5	1288547	rs2853676	5	1287612	rs11291391	0.520957
5	1288547	rs2853676	5	1288547	rs2853676	1
5	1288547	rs2853676	5	1289880	rs62332588	0.378949
5	1288547	rs2853676	5	1289975	rs74682426	0.505375
5	1288547	rs2853676	5	1290319	rs62332591	0.416052
5	1288547	rs2853676	5	1291331	rs11414507	0.513722
5	1288547	rs2853676	5	1291406	rs71575543	0.237448
5	1288547	rs2853676	5	1291418	rs71575544	0.173489
5	1288547	rs2853676	5	1291717	rs564256470	0.188164
5	1288547	rs2853676	5	1291718	rs528538268	0.188164
5	1288547	rs2853676	5	1291720	rs376986907	0.188164
5	1288547	rs2853676	5	1291735	rs56158232	0.470592
5	1288547	rs2853676	5	1291740	rs56023411	0.470592
5	1288547	rs2853676	5	1292643	rs570266982	0.375196
5	1288547	rs2853676	5	1292983	rs2853672	0.375196
5	1288547	rs2853676	5	1293389	rs79662648	0.177161
5	1288547	rs2853676	5	1296072	rs7712562	0.513722
5	1288547	rs2853676	5	1296486	rs2735940	0.368252
5	1288547	rs2853676	5	1297258	rs6554754	0.410343
5	1288547	rs2853676	5	1297918	rs7449190	0.488896
5	1288547	rs2853676	5	1298017	rs148297846	0.131683
5	1288547	rs2853676	5	1307555	rs180725355	0.103777
5	1288547	rs2853676	5	1307558	rs185381850	0.103777
5	1288547	rs2853676	5	1307629	rs200878815	0.101508
5	1288547	rs2853676	5	1311198	rs12332579	0.153435
5	1288547	rs2853676	5	1317102	rs6554759	0.140164
5	1288547	rs2853676	5	1317949	rs1801075	0.140164
5	1288547	rs2853676	5	1321873	rs10073340	0.133013
5	1288547	rs2853676	5	1334869	rs3030834	0.0962374
5	1288547	rs2853676	5	1340252	rs35595862	0.128703
5	1288547	rs2853676	5	1349130	rs71575565	0.116521
5	1297854	rs2736107	5	1271524	rs11133719	0.140896
5	1297854	rs2736107	5	1284149	rs34785213	0.138996
5	1297854	rs2736107	5	1286516	rs2736100	0.122084
5	1297854	rs2736107	5	1287194	rs2853677	0.192276
5	1297854	rs2736107	5	1287340	rs2736099	0.188484
5	1297854	rs2736107	5	1289880	rs62332588	0.243931
5	1297854	rs2736107	5	1290319	rs62332591	0.31345
5	1297854	rs2736107	5	1292299	rs35334674	0.113378
5	1297854	rs2736107	5	1292643	rs570266982	0.325418
5	1297854	rs2736107	5	1292983	rs2853672	0.325418
5	1297854	rs2736107	5	1293389	rs79662648	0.133418
5	1297854	rs2736107	5	1294086	rs2736098	0.640271
5	1297854	rs2736107	5	1295349	rs2853669	0.884178
5	1297854	rs2736107	5	1296255	rs3215401	0.884178
5	1297854	rs2736107	5	1296486	rs2735940	0.332927
5	1297854	rs2736107	5	1296759	rs2736109	0.533362
5	1297854	rs2736107	5	1297077	rs10548207	0.924271
5	1297854	rs2736107	5	1297488	rs2736108	0.924271
5	1297854	rs2736107	5	1297854	rs2736107	1
5	1297854	rs2736107	5	1298017	rs148297846	0.195047
5	1297854	rs2736107	5	1298782	rs2736106	0.112525
5	1297854	rs2736107	5	1299213	rs2735948	0.1759
5	1297854	rs2736107	5	1299379	rs2735846	0.23811
5	1297854	rs2736107	5	1299756	rs2736105	0.162178
5	1297854	rs2736107	5	1300025	rs2853668	0.210709
5	1297854	rs2736107	5	1300070	rs2853667	0.109332
5	1297854	rs2736107	5	1300401	rs2736103	0.321926
5	1297854	rs2736107	5	1300429	rs2735946	0.149608
5	1297854	rs2736107	5	1300584	rs2735845	0.214974
5	1297854	rs2736107	5	1302113	rs34218850	0.164741
5	1297854	rs2736107	5	1302144	rs2736102	0.167782
5	1297854	rs2736107	5	1302914	rs2853666	0.171634
5	1297854	rs2736107	5	1303901	rs2735945	0.171634
5	1297854	rs2736107	5	1306165	rs4404721	0.10473
5	1297854	rs2736107	5	1306331	rs4530805	0.0985792
5	1297854	rs2736107	5	1307434	rs201770763	0.106442
5	1297854	rs2736107	5	1307632	rs201857317	0.237109
5	1297854	rs2736107	5	1307642	rs183257831	0.256221
5	1297854	rs2736107	5	1307910	rs62651531	0.131454
5	1297854	rs2736107	5	1308005	rs554390746	0.0958923
5	1297854	rs2736107	5	1309168	rs61574973	0.10473
5	1297854	rs2736107	5	1309904	rs60622800	0.127417
5	1297854	rs2736107	5	1310152	rs6554758	0.127417
5	1297854	rs2736107	5	1311105	rs56335551	0.147911
5	1297854	rs2736107	5	1311693	rs6866294	0.140448
5	1297854	rs2736107	5	1312020	rs6866783	0.12214
5	1297854	rs2736107	5	1312457	rs13356727	0.140448
5	1297854	rs2736107	5	1312935	rs13355267	0.140448
5	1297854	rs2736107	5	1312987	rs561499812	0.143956
5	1297854	rs2736107	5	1313701	rs28379291	0.124088
5	1297854	rs2736107	5	1314009	rs10078017	0.124088
5	1297854	rs2736107	5	1315343	rs4975615	0.124859
5	1297854	rs2736107	5	1315660	rs4975616	0.150118
5	1297854	rs2736107	5	1317820	rs3816659	0.13676
5	1297854	rs2736107	5	1320136	rs421629	0.168077
5	1297854	rs2736107	5	1320247	rs380286	0.168077
5	1297854	rs2736107	5	1322087	rs401681	0.170068
5	1297854	rs2736107	5	1322468	rs381949	0.141149
5	1297854	rs2736107	5	1322663	rs428499	0.325426
5	1297854	rs2736107	5	1323196	rs410805	0.271573
5	1297854	rs2736107	5	1323212	rs13178866	0.168077
5	1297854	rs2736107	5	1324121	rs414965	0.139958
5	1297854	rs2736107	5	1325590	rs421284	0.171206
5	1297854	rs2736107	5	1325803	rs465498	0.171439
5	1297854	rs2736107	5	1327101	rs11133729	0.167977
5	1297854	rs2736107	5	1327851	rs383009	0.14158
5	1297854	rs2736107	5	1328320	rs139395514	0.106698
5	1297854	rs2736107	5	1330253	rs452932	0.167977
5	1297854	rs2736107	5	1330840	rs452384	0.163179
5	1297854	rs2736107	5	1331219	rs370348	0.163179
5	1297854	rs2736107	5	1333077	rs2447853	0.170558
5	1297854	rs2736107	5	1334507	rs5865369	0.157059
5	1297854	rs2736107	5	1336178	rs457130	0.128074
5	1297854	rs2736107	5	1336221	rs467095	0.157059
5	1297854	rs2736107	5	1336243	rs455433	0.157059
5	1297854	rs2736107	5	1336459	rs460073	0.157059
5	1297854	rs2736107	5	1336626	rs462608	0.128967
5	1297854	rs2736107	5	1337070	rs456366	0.157059
5	1297854	rs2736107	5	1337106	rs459961	0.157059
5	1297854	rs2736107	5	1337906	rs31484	0.164252
5	1297854	rs2736107	5	1338523	rs34620990	0.135777
5	1297854	rs2736107	5	1339797	rs71575564	0.166786
5	1297854	rs2736107	5	1339890	rs36019446	0.127226
5	1297854	rs2736107	5	1339985	rs42269	0.168162
5	1297854	rs2736107	5	1341101	rs31487	0.164252
5	1297854	rs2736107	5	1342157	rs560532560;rs31488	0.150379
5	1297854	rs2736107	5	1342714	rs31489	0.135271
5	1297854	rs2736107	5	1344458	rs31490	0.164643
5	1297854	rs2736107	5	1345474	rs27996	0.0937587
5	1297854	rs2736107	5	1348798	rs37011	0.0937306
5	1297854	rs2736107	5	1350339	rs37009	0.102148
5	1297854	rs2736107	5	1350397	rs40182	0.102148
5	1297854	rs2736107	5	1351538	rs37008	0.104053
5	1297854	rs2736107	5	1352372	rs37007	0.101111
5	1297854	rs2736107	5	1354022	rs57516180	0.106017
5	1297854	rs2736107	5	1354462	rs40181	0.106017
5	1297854	rs2736107	5	1355058	rs37006	0.106017
5	1297854	rs2736107	5	1356450	rs37005	0.096399
5	1297854	rs2736107	5	1356771	rs37003	0.0946423
5	1297854	rs2736107	5	1356944	rs37002	0.097984
5	1297854	rs2736107	5	1359133	rs27066	0.126976
5	1297854	rs2736107	5	1359938	rs27064	0.125646
5	1297854	rs2736107	5	1361888	rs27919	0.102758
5	1298733	rs13190087	5	1192521	rs529160797;rs534808135	0.0962002
5	1298733	rs13190087	5	1196258	rs138885893	0.12321
5	1298733	rs13190087	5	1197825	rs115745578	0.179612
5	1298733	rs13190087	5	1211943	rs55641226	0.39717
5	1298733	rs13190087	5	1253918	rs35033501	0.526498
5	1298733	rs13190087	5	1267356	rs4246742	0.130599
5	1298733	rs13190087	5	1271661	rs13172201	0.0922077
5	1298733	rs13190087	5	1274445	rs35517815	0.314752
5	1298733	rs13190087	5	1275857	rs13156167	0.175572
5	1298733	rs13190087	5	1280477	rs13167280	0.189323
5	1298733	rs13190087	5	1292118	rs71595003	0.754594
5	1298733	rs13190087	5	1298733	rs13190087	1
5	1298733	rs13190087	5	1300429	rs2735946	0.0950837
5	1298733	rs13190087	5	1307555	rs180725355	0.124327
5	1298733	rs13190087	5	1307558	rs185381850	0.124327
5	1298733	rs13190087	5	1307629	rs200878815	0.100727
5	1298733	rs13190087	5	1311198	rs12332579	0.192289
5	1298733	rs13190087	5	1317102	rs6554759	0.205593
5	1298733	rs13190087	5	1317949	rs1801075	0.205593
5	1298733	rs13190087	5	1320722	rs402710	0.0970452
5	1298733	rs13190087	5	1321873	rs10073340	0.208357
5	1298733	rs13190087	5	1323726	rs75630086	0.574059
5	1298733	rs13190087	5	1334869	rs3030834_2	0.972264
5	1298733	rs13190087	5	1340252	rs35595862	0.201545
5	1298733	rs13190087	5	1349130	rs71575565	0.194714
5	1298733	rs13190087	5	1350392	rs140305563	0.0953702
5	1298733	rs13190087	5	1355859	rs9312825	0.222288
5	1298733	rs13190087	5	1359260	rs35195551	0.11994
5	1298733	rs13190087	5	1362205	rs35659713	0.107795
5	1298733	rs13190087	5	1363048	rs3733798	0.102972
5	1298733	rs13190087	5	1365018	rs113838085	0.101665
5	1298733	rs13190087	5	1365064	rs113762475	0.105439
5	1298733	rs13190087	5	1365982	rs13163340	0.102972
5	1298733	rs13190087	5	1366962	rs13185938	0.121905
5	1298733	rs13190087	5	1368956	rs56397275	0.095087
5	1298733	rs13190087	5	1374590	rs35559535	0.107096
5	1298733	rs13190087	5	1374886	rs13162394	0.107096
5	1298733	rs13190087	5	1376877	rs55659724	0.104399
5	1298733	rs13190087	5	1377397	rs12189390	0.104505
5	1298733	rs13190087	5	1378700	rs55989583	0.0966375
5	1298733	rs13190087	5	1378772	rs55754205	0.0948349
5	1298733	rs13190087	5	1379369	rs12188277	0.0901824
5	1298733	rs13190087	5	1379826	rs2113328	0.101695
5	1298733	rs13190087	5	1380021	rs72323935	0.104441
5	1298733	rs13190087	5	1382417	rs71595036	0.121716
5	1298733	rs13190087	5	1383169	rs13177347	0.123724
5	1298733	rs13190087	5	1383363	rs13164174	0.176571
