CHR_A	BP_A	SNP_A	CHR_B	BP_B	SNP_B	R2
5	44365545	rs2121875	5	44266680	rs76003790	0.178701
5	44365545	rs2121875	5	44267175	rs6883160	0.851865
5	44365545	rs2121875	5	44267411	rs72761383	0.247053
5	44365545	rs2121875	5	44267744	rs6866891	0.843065
5	44365545	rs2121875	5	44267855	rs10472390	0.178173
5	44365545	rs2121875	5	44267962	rs201205267	0.180963
5	44365545	rs2121875	5	44268215	rs74857237	0.178701
5	44365545	rs2121875	5	44268606	rs79581441	0.173686
5	44365545	rs2121875	5	44268953	rs10717592	0.180963
5	44365545	rs2121875	5	44269206	rs7713769	0.180963
5	44365545	rs2121875	5	44269391	rs72761384	0.252859
5	44365545	rs2121875	5	44270934	rs72761387	0.25373
5	44365545	rs2121875	5	44271153	rs60966956	0.180963
5	44365545	rs2121875	5	44272089	rs71655531	0.178701
5	44365545	rs2121875	5	44272596	rs1374964	0.839056
5	44365545	rs2121875	5	44273622	rs77975471	0.178701
5	44365545	rs2121875	5	44273673	rs2034347	0.921653
5	44365545	rs2121875	5	44273923	rs2034346	0.851865
5	44365545	rs2121875	5	44274058	rs3849694	0.921653
5	44365545	rs2121875	5	44275901	rs72761394	0.25373
5	44365545	rs2121875	5	44276831	rs72761395	0.254612
5	44365545	rs2121875	5	44277102	rs72761396	0.254612
5	44365545	rs2121875	5	44277548	rs11955386	0.180026
5	44365545	rs2121875	5	44277946	rs146382888	0.254612
5	44365545	rs2121875	5	44278214	rs75612337	0.135863
5	44365545	rs2121875	5	44278487	rs1839094	0.180026
5	44365545	rs2121875	5	44278645	rs76577047	0.178701
5	44365545	rs2121875	5	44279163	rs17250399	0.106693
5	44365545	rs2121875	5	44279496	rs1542219	0.912744
5	44365545	rs2121875	5	44279689	rs200871448	0.143484
5	44365545	rs2121875	5	44279850	rs77825455	0.178701
5	44365545	rs2121875	5	44280204	rs560870081	0.851865
5	44365545	rs2121875	5	44280337	rs4610466	0.180026
5	44365545	rs2121875	5	44280735	rs2053786	0.921653
5	44365545	rs2121875	5	44281080	rs144506691	0.170299
5	44365545	rs2121875	5	44281111	rs10941661	0.180026
5	44365545	rs2121875	5	44281285	rs72761399	0.254612
5	44365545	rs2121875	5	44281602	rs10064886	0.180026
5	44365545	rs2121875	5	44281604	rs10071859	0.180026
5	44365545	rs2121875	5	44281797	rs28378497	0.180026
5	44365545	rs2121875	5	44281803	rs28676336	0.851865
5	44365545	rs2121875	5	44282605	rs80264550	0.178701
5	44365545	rs2121875	5	44282627	rs75966986	0.178701
5	44365545	rs2121875	5	44283001	rs10941663	0.851865
5	44365545	rs2121875	5	44284488	rs35455179	0.234916
5	44365545	rs2121875	5	44284854	rs4242111	0.921653
5	44365545	rs2121875	5	44286200	rs534145050;rs368326742	0.24794
5	44365545	rs2121875	5	44286362	rs369388925	0.944939
5	44365545	rs2121875	5	44286562	rs4410644	0.921653
5	44365545	rs2121875	5	44287091	rs2330542	0.178701
5	44365545	rs2121875	5	44287197	rs4866889	0.179096
5	44365545	rs2121875	5	44287913	rs2166832	0.180963
5	44365545	rs2121875	5	44288292	rs77826884	0.178701
5	44365545	rs2121875	5	44289320	rs6862505	0.176277
5	44365545	rs2121875	5	44289499	rs10062585	0.176277
5	44365545	rs2121875	5	44289908	rs72763161	0.25373
5	44365545	rs2121875	5	44289952	rs10064342	0.180963
5	44365545	rs2121875	5	44290311	rs16873923	0.880585
5	44365545	rs2121875	5	44290574	rs10472392	0.949366
5	44365545	rs2121875	5	44290889	rs78220969	0.178701
5	44365545	rs2121875	5	44290940	rs35090641	0.204377
5	44365545	rs2121875	5	44291002	rs150770789	0.101214
5	44365545	rs2121875	5	44291034	rs113165935	0.178701
5	44365545	rs2121875	5	44291404	rs13156213	0.949366
5	44365545	rs2121875	5	44292137	rs554039660;rs11299518	0.939799
5	44365545	rs2121875	5	44292171	rs6896904	0.211139
5	44365545	rs2121875	5	44292202	rs12656842	0.208522
5	44365545	rs2121875	5	44293274	rs12520496	0.178701
5	44365545	rs2121875	5	44293405	rs72763164	0.25373
5	44365545	rs2121875	5	44293757	rs79050154	0.178701
5	44365545	rs2121875	5	44293836	rs76003829	0.178701
5	44365545	rs2121875	5	44294003	rs1374977	0.949366
5	44365545	rs2121875	5	44295584	rs146035333	0.178701
5	44365545	rs2121875	5	44295719	rs138734246	0.178701
5	44365545	rs2121875	5	44296884	rs17250784	0.249864
5	44365545	rs2121875	5	44296986	rs1448044	0.954066
5	44365545	rs2121875	5	44297042	rs1374978	0.954066
5	44365545	rs2121875	5	44298336	rs1448045	0.448865
5	44365545	rs2121875	5	44299400	rs10072476	0.954066
5	44365545	rs2121875	5	44299998	rs9292903	0.873133
5	44365545	rs2121875	5	44300025	rs10074405	0.885458
5	44365545	rs2121875	5	44300196	rs1979078	0.448865
5	44365545	rs2121875	5	44300348	rs543442841	0.885458
5	44365545	rs2121875	5	44300361	rs5867657	0.885458
5	44365545	rs2121875	5	44300650	rs1979079	0.448865
5	44365545	rs2121875	5	44300952	rs56107445	0.25373
5	44365545	rs2121875	5	44301390	rs6881989	0.448865
5	44365545	rs2121875	5	44301565	rs147201733	0.25373
5	44365545	rs2121875	5	44302177	rs13186320	0.474774
5	44365545	rs2121875	5	44303717	rs1823251	0.434495
5	44365545	rs2121875	5	44303760	rs1374961	0.954066
5	44365545	rs2121875	5	44303769	rs17228283	0.25373
5	44365545	rs2121875	5	44305309	rs2290070	0.434495
5	44365545	rs2121875	5	44305515	rs6451758	0.448865
5	44365545	rs2121875	5	44306631	rs17228228	0.873133
5	44365545	rs2121875	5	44307322	rs17234597	0.431658
5	44365545	rs2121875	5	44308252	rs10473352	0.449151
5	44365545	rs2121875	5	44308898	rs17234541	0.225985
5	44365545	rs2121875	5	44309684	rs17228137	0.470686
5	44365545	rs2121875	5	44309831	rs17228130	0.431658
5	44365545	rs2121875	5	44310492	rs6881797	0.470686
5	44365545	rs2121875	5	44311070	rs1374962	0.89476
5	44365545	rs2121875	5	44311768	rs1448035	0.89476
5	44365545	rs2121875	5	44312297	rs72056701;rs71975811	0.641026
5	44365545	rs2121875	5	44312303	rs17234485	0.252859
5	44365545	rs2121875	5	44313282	rs1839090	0.972473
5	44365545	rs2121875	5	44313303	rs1839091	0.976972
5	44365545	rs2121875	5	44313650	rs1816964	0.470686
5	44365545	rs2121875	5	44313690	rs576829398	0.390239
5	44365545	rs2121875	5	44315108	rs10473353	0.89476
5	44365545	rs2121875	5	44318532	rs980510	0.967651
5	44365545	rs2121875	5	44319330	rs72763176	0.254612
5	44365545	rs2121875	5	44320519	rs72763179	0.25373
5	44365545	rs2121875	5	44322310	rs1816965	0.440057
5	44365545	rs2121875	5	44323014	rs72763180	0.25373
5	44365545	rs2121875	5	44325322	rs4498258	0.902825
5	44365545	rs2121875	5	44325469	rs13159800	0.976972
5	44365545	rs2121875	5	44325507	rs4410645	0.972335
5	44365545	rs2121875	5	44325537	rs4409099	0.438334
5	44365545	rs2121875	5	44325607	rs137972537	0.25373
5	44365545	rs2121875	5	44325983	rs5867660	0.976864
5	44365545	rs2121875	5	44326287	rs72763181	0.25373
5	44365545	rs2121875	5	44326998	rs75008437	0.434385
5	44365545	rs2121875	5	44328270	rs4866891	0.98151
5	44365545	rs2121875	5	44328325	rs13185276	0.98151
5	44365545	rs2121875	5	44328731	rs10055386	0.963236
5	44365545	rs2121875	5	44328829	rs13165847	0.98151
5	44365545	rs2121875	5	44329203	rs13170645	0.98151
5	44365545	rs2121875	5	44330995	rs13180550	0.98151
5	44365545	rs2121875	5	44331751	rs12652957	0.98151
5	44365545	rs2121875	5	44331905	rs987642	0.894363
5	44365545	rs2121875	5	44333205	rs77429396	0.254612
5	44365545	rs2121875	5	44333212	rs67412235	0.894363
5	44365545	rs2121875	5	44334051	rs735083	0.461405
5	44365545	rs2121875	5	44335327	rs17234268	0.254612
5	44365545	rs2121875	5	44335338	rs983373	0.890355
5	44365545	rs2121875	5	44335820	rs1011814	0.98151
5	44365545	rs2121875	5	44337236	rs59140318;rs59140318;rs566140192	0.848673
5	44365545	rs2121875	5	44337364	rs10708505	0.98151
5	44365545	rs2121875	5	44337690	rs72763188	0.894363
5	44365545	rs2121875	5	44338759	rs10512844	0.894363
5	44365545	rs2121875	5	44339429	rs72763190	0.254612
5	44365545	rs2121875	5	44339764	rs2330544	0.98151
5	44365545	rs2121875	5	44339785	rs72763193	0.254612
5	44365545	rs2121875	5	44339810	rs2330545	0.98151
5	44365545	rs2121875	5	44339984	rs4866893	0.98151
5	44365545	rs2121875	5	44340200	rs4866894	0.98151
5	44365545	rs2121875	5	44340261	rs16873982	0.894363
5	44365545	rs2121875	5	44340975	rs16873983	0.894363
5	44365545	rs2121875	5	44341125	rs61032851	0.894363
5	44365545	rs2121875	5	44341336	rs10512845	0.894363
5	44365545	rs2121875	5	44341451	rs17317277	0.254612
5	44365545	rs2121875	5	44341634	rs72763196	0.254612
5	44365545	rs2121875	5	44341979	rs6451761	0.911358
5	44365545	rs2121875	5	44342614	rs5867661	0.76886
5	44365545	rs2121875	5	44343147	rs72763197	0.254612
5	44365545	rs2121875	5	44345540	rs10073166	0.911358
5	44365545	rs2121875	5	44346381	rs16874002	0.894363
5	44365545	rs2121875	5	44347131	rs7708529	0.98151
5	44365545	rs2121875	5	44347791	rs12657059	0.894363
5	44365545	rs2121875	5	44348652	rs12523512	0.890355
5	44365545	rs2121875	5	44348789	rs996935	0.911358
5	44365545	rs2121875	5	44348901	rs12516566	0.894363
5	44365545	rs2121875	5	44348987	rs12513830	0.894363
5	44365545	rs2121875	5	44349141	rs1448039	0.98151
5	44365545	rs2121875	5	44349311	rs72763201	0.254612
5	44365545	rs2121875	5	44349790	rs5867662	0.911358
5	44365545	rs2121875	5	44350684	rs72763202	0.894363
5	44365545	rs2121875	5	44350727	rs1448038	0.911358
5	44365545	rs2121875	5	44352344	rs1448037	0.911358
5	44365545	rs2121875	5	44353621	rs10060548	0.911358
5	44365545	rs2121875	5	44353985	rs1374970	0.976857
5	44365545	rs2121875	5	44355363	rs1374967	0.911358
5	44365545	rs2121875	5	44355621	rs4866895	0.440057
5	44365545	rs2121875	5	44356347	rs1550937	0.911358
5	44365545	rs2121875	5	44357220	rs11307970	0.924125
5	44365545	rs2121875	5	44358915	rs593307	0.928658
5	44365545	rs2121875	5	44359299	rs1351635	1
5	44365545	rs2121875	5	44359428	rs1482689	0.911477
5	44365545	rs2121875	5	44360892	rs339509	0.928658
5	44365545	rs2121875	5	44362134	rs10941664	0.911477
5	44365545	rs2121875	5	44362538	rs1482671	1
5	44365545	rs2121875	5	44362560	rs339505	0.928658
5	44365545	rs2121875	5	44362769	rs1482672	1
5	44365545	rs2121875	5	44364007	rs339502	0.928658
5	44365545	rs2121875	5	44365452	rs34785719	0.135387
5	44365545	rs2121875	5	44365545	rs2121875	1
5	44365545	rs2121875	5	44366552	rs16874036	0.902475
5	44365545	rs2121875	5	44367221	rs6859730	0.99535
5	44365545	rs2121875	5	44368123	rs1482673	0.99535
5	44365545	rs2121875	5	44368506	rs1482675	0.923821
5	44365545	rs2121875	5	44369656	rs900379	0.99535
5	44365545	rs2121875	5	44371669	rs2170582	0.99535
5	44365545	rs2121875	5	44373060	rs11750845	0.502324
5	44365545	rs2121875	5	44375270	rs10805683	0.430595
5	44365545	rs2121875	5	44376222	rs6893398	0.240969
5	44365545	rs2121875	5	44377060	rs1384449	0.439637
5	44365545	rs2121875	5	44378106	rs79290724	0.430732
5	44365545	rs2121875	5	44378181	rs35042102	0.432487
5	44365545	rs2121875	5	44380206	rs969520	0.423909
5	44365545	rs2121875	5	44381698	rs16901816	0.423909
5	44365545	rs2121875	5	44382842	rs6892212	0.48437
5	44365545	rs2121875	5	44384183	rs2973644	0.439637
5	44365545	rs2121875	5	44385415	rs1482679	0.935603
5	44365545	rs2121875	5	44387537	rs2973646	0.439637
5	44365545	rs2121875	5	44388150	rs6891282	0.430732
5	44365545	rs2121875	5	44390505	rs568051383;rs528230067	0.594398
5	44365545	rs2121875	5	44391161	rs2973649	0.427041
5	44365545	rs2121875	5	44391362	rs13154419	0.217929
5	44365545	rs2121875	5	44391383	rs74586871	0.420083
5	44365545	rs2121875	5	44392131	rs2973650	0.425207
5	44365545	rs2121875	5	44392142	rs1482680	0.918124
5	44365545	rs2121875	5	44392550	rs58431906	0.400517
5	44365545	rs2121875	5	44418046	rs35833039	0.0952024
5	44385415	rs1482679	5	44266680	rs76003790	0.162555
5	44385415	rs1482679	5	44267175	rs6883160	0.79992
5	44385415	rs1482679	5	44267411	rs72761383	0.223235
5	44385415	rs1482679	5	44267744	rs6866891	0.791336
5	44385415	rs1482679	5	44267855	rs10472390	0.179483
5	44385415	rs1482679	5	44267962	rs201205267	0.182122
5	44385415	rs1482679	5	44268215	rs74857237	0.162555
5	44385415	rs1482679	5	44268606	rs79581441	0.157731
5	44385415	rs1482679	5	44268953	rs10717592	0.182122
5	44385415	rs1482679	5	44269206	rs7713769	0.182122
5	44385415	rs1482679	5	44269391	rs72761384	0.228814
5	44385415	rs1482679	5	44270934	rs72761387	0.229647
5	44385415	rs1482679	5	44271153	rs60966956	0.182122
5	44385415	rs1482679	5	44272089	rs71655531	0.162555
5	44385415	rs1482679	5	44272596	rs1374964	0.787583
5	44385415	rs1482679	5	44273622	rs77975471	0.162555
5	44385415	rs1482679	5	44273673	rs2034347	0.858226
5	44385415	rs1482679	5	44273923	rs2034346	0.79992
5	44385415	rs1482679	5	44274058	rs3849694	0.858226
5	44385415	rs1482679	5	44275901	rs72761394	0.229647
5	44385415	rs1482679	5	44276831	rs72761395	0.23049
5	44385415	rs1482679	5	44277102	rs72761396	0.23049
5	44385415	rs1482679	5	44277548	rs11955386	0.181235
5	44385415	rs1482679	5	44277946	rs146382888	0.23049
5	44385415	rs1482679	5	44278214	rs75612337	0.120633
5	44385415	rs1482679	5	44278487	rs1839094	0.181235
5	44385415	rs1482679	5	44278645	rs76577047	0.162555
5	44385415	rs1482679	5	44279496	rs1542219	0.849886
5	44385415	rs1482679	5	44279689	rs200871448	0.128713
5	44385415	rs1482679	5	44279850	rs77825455	0.162555
5	44385415	rs1482679	5	44280204	rs560870081	0.79992
5	44385415	rs1482679	5	44280337	rs4610466	0.181235
5	44385415	rs1482679	5	44280735	rs2053786	0.858226
5	44385415	rs1482679	5	44281080	rs144506691	0.154457
5	44385415	rs1482679	5	44281111	rs10941661	0.181235
5	44385415	rs1482679	5	44281285	rs72761399	0.23049
5	44385415	rs1482679	5	44281602	rs10064886	0.181235
5	44385415	rs1482679	5	44281604	rs10071859	0.181235
5	44385415	rs1482679	5	44281797	rs28378497	0.181235
5	44385415	rs1482679	5	44281803	rs28676336	0.79992
5	44385415	rs1482679	5	44282605	rs80264550	0.162555
5	44385415	rs1482679	5	44282627	rs75966986	0.162555
5	44385415	rs1482679	5	44283001	rs10941663	0.79992
5	44385415	rs1482679	5	44284488	rs35455179	0.241946
5	44385415	rs1482679	5	44284854	rs4242111	0.858226
5	44385415	rs1482679	5	44286200	rs534145050;rs368326742	0.224082
5	44385415	rs1482679	5	44286362	rs369388925	0.882118
5	44385415	rs1482679	5	44286562	rs4410644	0.858226
5	44385415	rs1482679	5	44287091	rs2330542	0.162555
5	44385415	rs1482679	5	44287197	rs4866889	0.174653
5	44385415	rs1482679	5	44287913	rs2166832	0.182122
5	44385415	rs1482679	5	44288292	rs77826884	0.162555
5	44385415	rs1482679	5	44289320	rs6862505	0.177314
5	44385415	rs1482679	5	44289499	rs10062585	0.177314
5	44385415	rs1482679	5	44289908	rs72763161	0.229647
5	44385415	rs1482679	5	44289952	rs10064342	0.182122
5	44385415	rs1482679	5	44290311	rs16873923	0.828929
5	44385415	rs1482679	5	44290574	rs10472392	0.88627
5	44385415	rs1482679	5	44290889	rs78220969	0.162555
5	44385415	rs1482679	5	44290940	rs35090641	0.197436
5	44385415	rs1482679	5	44291002	rs150770789	0.0929511
5	44385415	rs1482679	5	44291034	rs113165935	0.162555
5	44385415	rs1482679	5	44291404	rs13156213	0.88627
5	44385415	rs1482679	5	44292137	rs554039660;rs11299518	0.874465
5	44385415	rs1482679	5	44292171	rs6896904	0.213111
5	44385415	rs1482679	5	44292202	rs12656842	0.210664
5	44385415	rs1482679	5	44293274	rs12520496	0.162555
5	44385415	rs1482679	5	44293405	rs72763164	0.229647
5	44385415	rs1482679	5	44293757	rs79050154	0.162555
5	44385415	rs1482679	5	44293836	rs76003829	0.162555
5	44385415	rs1482679	5	44294003	rs1374977	0.88627
5	44385415	rs1482679	5	44295584	rs146035333	0.162555
5	44385415	rs1482679	5	44295719	rs138734246	0.162555
5	44385415	rs1482679	5	44296884	rs17250784	0.226192
5	44385415	rs1482679	5	44296986	rs1448044	0.891023
5	44385415	rs1482679	5	44297042	rs1374978	0.891023
5	44385415	rs1482679	5	44298336	rs1448045	0.432749
5	44385415	rs1482679	5	44299400	rs10072476	0.891023
5	44385415	rs1482679	5	44299998	rs9292903	0.821884
5	44385415	rs1482679	5	44300025	rs10074405	0.83385
5	44385415	rs1482679	5	44300196	rs1979078	0.432749
5	44385415	rs1482679	5	44300348	rs543442841	0.83385
5	44385415	rs1482679	5	44300361	rs5867657	0.83385
5	44385415	rs1482679	5	44300650	rs1979079	0.432749
5	44385415	rs1482679	5	44300952	rs56107445	0.229647
5	44385415	rs1482679	5	44301390	rs6881989	0.432749
5	44385415	rs1482679	5	44301565	rs147201733	0.229647
5	44385415	rs1482679	5	44302177	rs13186320	0.437732
5	44385415	rs1482679	5	44303717	rs1823251	0.41878
5	44385415	rs1482679	5	44303760	rs1374961	0.891023
5	44385415	rs1482679	5	44303769	rs17228283	0.229647
5	44385415	rs1482679	5	44305309	rs2290070	0.41878
5	44385415	rs1482679	5	44305515	rs6451758	0.432749
5	44385415	rs1482679	5	44306631	rs17228228	0.821884
5	44385415	rs1482679	5	44307322	rs17234597	0.416148
5	44385415	rs1482679	5	44308252	rs10473352	0.433313
5	44385415	rs1482679	5	44308898	rs17234541	0.202781
5	44385415	rs1482679	5	44309684	rs17228137	0.454338
5	44385415	rs1482679	5	44309831	rs17228130	0.416148
5	44385415	rs1482679	5	44310492	rs6881797	0.454338
5	44385415	rs1482679	5	44311070	rs1374962	0.84329
5	44385415	rs1482679	5	44311768	rs1448035	0.84329
5	44385415	rs1482679	5	44312297	rs72056701;rs71975811	0.50008
5	44385415	rs1482679	5	44312303	rs17234485	0.228814
5	44385415	rs1482679	5	44313282	rs1839090	0.90944
5	44385415	rs1482679	5	44313303	rs1839091	0.91363
5	44385415	rs1482679	5	44313650	rs1816964	0.454338
5	44385415	rs1482679	5	44313690	rs576829398	0.362023
5	44385415	rs1482679	5	44315108	rs10473353	0.84329
5	44385415	rs1482679	5	44318532	rs980510	0.913148
5	44385415	rs1482679	5	44319330	rs72763176	0.23049
5	44385415	rs1482679	5	44320519	rs72763179	0.229647
5	44385415	rs1482679	5	44322310	rs1816965	0.424363
5	44385415	rs1482679	5	44323014	rs72763180	0.229647
5	44385415	rs1482679	5	44325322	rs4498258	0.850903
5	44385415	rs1482679	5	44325469	rs13159800	0.91363
5	44385415	rs1482679	5	44325507	rs4410645	0.908896
5	44385415	rs1482679	5	44325537	rs4409099	0.422723
5	44385415	rs1482679	5	44325607	rs137972537	0.229647
5	44385415	rs1482679	5	44325983	rs5867660	0.913148
5	44385415	rs1482679	5	44326287	rs72763181	0.229647
5	44385415	rs1482679	5	44326998	rs75008437	0.418893
5	44385415	rs1482679	5	44328270	rs4866891	0.917891
5	44385415	rs1482679	5	44328325	rs13185276	0.917891
5	44385415	rs1482679	5	44328731	rs10055386	0.899974
5	44385415	rs1482679	5	44328829	rs13165847	0.917891
5	44385415	rs1482679	5	44329203	rs13170645	0.917891
5	44385415	rs1482679	5	44330995	rs13180550	0.917891
5	44385415	rs1482679	5	44331751	rs12652957	0.917891
5	44385415	rs1482679	5	44331905	rs987642	0.842577
5	44385415	rs1482679	5	44333205	rs77429396	0.23049
5	44385415	rs1482679	5	44333212	rs67412235	0.842577
5	44385415	rs1482679	5	44334051	rs735083	0.445203
5	44385415	rs1482679	5	44335327	rs17234268	0.23049
5	44385415	rs1482679	5	44335338	rs983373	0.838795
5	44385415	rs1482679	5	44335820	rs1011814	0.917891
5	44385415	rs1482679	5	44337236	rs59140318;rs59140318;rs566140192	0.791314
5	44385415	rs1482679	5	44337364	rs10708505	0.917891
5	44385415	rs1482679	5	44337690	rs72763188	0.842577
5	44385415	rs1482679	5	44338759	rs10512844	0.842577
5	44385415	rs1482679	5	44339429	rs72763190	0.23049
5	44385415	rs1482679	5	44339764	rs2330544	0.917891
5	44385415	rs1482679	5	44339785	rs72763193	0.23049
5	44385415	rs1482679	5	44339810	rs2330545	0.917891
5	44385415	rs1482679	5	44339984	rs4866893	0.917891
5	44385415	rs1482679	5	44340200	rs4866894	0.917891
5	44385415	rs1482679	5	44340261	rs16873982	0.842577
5	44385415	rs1482679	5	44340975	rs16873983	0.842577
5	44385415	rs1482679	5	44341125	rs61032851	0.842577
5	44385415	rs1482679	5	44341336	rs10512845	0.842577
5	44385415	rs1482679	5	44341451	rs17317277	0.23049
5	44385415	rs1482679	5	44341634	rs72763196	0.23049
5	44385415	rs1482679	5	44341979	rs6451761	0.859295
5	44385415	rs1482679	5	44342614	rs5867661	0.715726
5	44385415	rs1482679	5	44343147	rs72763197	0.23049
5	44385415	rs1482679	5	44345540	rs10073166	0.859295
5	44385415	rs1482679	5	44346381	rs16874002	0.842577
5	44385415	rs1482679	5	44347131	rs7708529	0.917891
5	44385415	rs1482679	5	44347791	rs12657059	0.842577
5	44385415	rs1482679	5	44348652	rs12523512	0.838795
5	44385415	rs1482679	5	44348789	rs996935	0.859295
5	44385415	rs1482679	5	44348901	rs12516566	0.842577
5	44385415	rs1482679	5	44348987	rs12513830	0.842577
5	44385415	rs1482679	5	44349141	rs1448039	0.917891
5	44385415	rs1482679	5	44349311	rs72763201	0.23049
5	44385415	rs1482679	5	44349790	rs5867662	0.859295
5	44385415	rs1482679	5	44350684	rs72763202	0.842577
5	44385415	rs1482679	5	44350727	rs1448038	0.859295
5	44385415	rs1482679	5	44352344	rs1448037	0.859295
5	44385415	rs1482679	5	44353621	rs10060548	0.859295
5	44385415	rs1482679	5	44353985	rs1374970	0.913176
5	44385415	rs1482679	5	44355363	rs1374967	0.859295
5	44385415	rs1482679	5	44355621	rs4866895	0.424363
5	44385415	rs1482679	5	44356347	rs1550937	0.859295
5	44385415	rs1482679	5	44357220	rs11307970	0.871688
5	44385415	rs1482679	5	44358915	rs593307	0.875959
5	44385415	rs1482679	5	44359299	rs1351635	0.935603
5	44385415	rs1482679	5	44359428	rs1482689	0.859057
5	44385415	rs1482679	5	44360892	rs339509	0.875959
5	44385415	rs1482679	5	44362134	rs10941664	0.859057
5	44385415	rs1482679	5	44362538	rs1482671	0.935603
5	44385415	rs1482679	5	44362560	rs339505	0.875959
5	44385415	rs1482679	5	44362769	rs1482672	0.935603
5	44385415	rs1482679	5	44364007	rs339502	0.875959
5	44385415	rs1482679	5	44365452	rs34785719	0.12404
5	44385415	rs1482679	5	44365545	rs2121875	0.935603
5	44385415	rs1482679	5	44366552	rs16874036	0.859057
5	44385415	rs1482679	5	44367221	rs6859730	0.939999
5	44385415	rs1482679	5	44368123	rs1482673	0.939999
5	44385415	rs1482679	5	44368506	rs1482675	0.879939
5	44385415	rs1482679	5	44369656	rs900379	0.939999
5	44385415	rs1482679	5	44371669	rs2170582	0.939999
5	44385415	rs1482679	5	44373060	rs11750845	0.470367
5	44385415	rs1482679	5	44375270	rs10805683	0.458436
5	44385415	rs1482679	5	44376222	rs6893398	0.261977
5	44385415	rs1482679	5	44377060	rs1384449	0.467753
5	44385415	rs1482679	5	44378106	rs79290724	0.451489
5	44385415	rs1482679	5	44378181	rs35042102	0.453206
5	44385415	rs1482679	5	44380206	rs969520	0.444811
5	44385415	rs1482679	5	44381698	rs16901816	0.444811
5	44385415	rs1482679	5	44382842	rs6892212	0.504514
5	44385415	rs1482679	5	44384183	rs2973644	0.467753
5	44385415	rs1482679	5	44385415	rs1482679	1
5	44385415	rs1482679	5	44387537	rs2973646	0.467753
5	44385415	rs1482679	5	44388150	rs6891282	0.451489
5	44385415	rs1482679	5	44390505	rs568051383;rs528230067	0.662836
5	44385415	rs1482679	5	44391161	rs2973649	0.454936
5	44385415	rs1482679	5	44391362	rs13154419	0.237048
5	44385415	rs1482679	5	44391383	rs74586871	0.440673
5	44385415	rs1482679	5	44392131	rs2973650	0.452719
5	44385415	rs1482679	5	44392142	rs1482680	0.981249
5	44385415	rs1482679	5	44392550	rs58431906	0.419962
5	44385415	rs1482679	5	44393569	rs10512852	0.0998711
5	44385415	rs1482679	5	44418046	rs35833039	0.0943224
5	44385415	rs1482679	5	44439615	rs10059791	0.0979065
