CHR_A	BP_A	SNP_A	CHR_B	BP_B	SNP_B	R2
5	172939426	rs6869841	5	172872410	rs58475919	0.232197
5	172939426	rs6869841	5	172872881	rs34103843	0.258663
5	172939426	rs6869841	5	172880042	rs34487759	0.234252
5	172939426	rs6869841	5	172881712	rs11744776	0.23201
5	172939426	rs6869841	5	172884244	rs13184101	0.23104
5	172939426	rs6869841	5	172886986	rs6868915	0.23201
5	172939426	rs6869841	5	172892026	rs17075979	0.188574
5	172939426	rs6869841	5	172892328	rs17075980	0.186448
5	172939426	rs6869841	5	172892874	rs34702974	0.186448
5	172939426	rs6869841	5	172893129	rs114589299	0.120575
5	172939426	rs6869841	5	172896130	rs17075987	0.180877
5	172939426	rs6869841	5	172897595	rs17076002	0.180877
5	172939426	rs6869841	5	172898100	rs375184350	0.131265
5	172939426	rs6869841	5	172898430	rs17735751	0.107005
5	172939426	rs6869841	5	172899502	rs4867713	0.107005
5	172939426	rs6869841	5	172900949	rs34366552	0.132744
5	172939426	rs6869841	5	172905083	rs13175115	0.212666
5	172939426	rs6869841	5	172905221	rs33916052	0.214898
5	172939426	rs6869841	5	172905503	rs35966459	0.214898
5	172939426	rs6869841	5	172908863	rs811013	0.190136
5	172939426	rs6869841	5	172909619	rs254784	0.211161
5	172939426	rs6869841	5	172909930	rs2067339	0.211161
5	172939426	rs6869841	5	172910159	rs34884832	0.455625
5	172939426	rs6869841	5	172910246	rs34464925	0.455625
5	172939426	rs6869841	5	172910856	rs35698431	0.451654
5	172939426	rs6869841	5	172911988	rs71611182	0.455625
5	172939426	rs6869841	5	172912517	rs6897372	0.455625
5	172939426	rs6869841	5	172913071	rs13190005	0.4613
5	172939426	rs6869841	5	172920817	rs558325576	0.323751
5	172939426	rs6869841	5	172922978	rs12658523	0.468311
5	172939426	rs6869841	5	172923058	rs35841756	0.394268
5	172939426	rs6869841	5	172923075	rs254794	0.105593
5	172939426	rs6869841	5	172923657	rs17736130	0.142722
5	172939426	rs6869841	5	172924123	rs254795	0.111881
5	172939426	rs6869841	5	172924425	rs34829726	0.445189
5	172939426	rs6869841	5	172924644	rs254799	0.124577
5	172939426	rs6869841	5	172925715	rs17679550	0.135304
5	172939426	rs6869841	5	172926863	rs13160187	0.450196
5	172939426	rs6869841	5	172927107	rs13180601	0.445189
5	172939426	rs6869841	5	172928841	rs72820094	0.456942
5	172939426	rs6869841	5	172929706	rs146057426	0.090901
5	172939426	rs6869841	5	172929710	rs56020227	0.500116
5	172939426	rs6869841	5	172930329	rs7724785	0.1828
5	172939426	rs6869841	5	172930680	rs12518584	0.994011
5	172939426	rs6869841	5	172933842	rs7716959	0.17943
5	172939426	rs6869841	5	172934154	rs6877068	0.178721
5	172939426	rs6869841	5	172934387	rs6898930	0.167104
5	172939426	rs6869841	5	172934432	rs6556076	0.17943
5	172939426	rs6869841	5	172934433	rs6556077	0.175885
5	172939426	rs6869841	5	172934898	rs7722022	0.167104
5	172939426	rs6869841	5	172934970	rs7722165	0.17943
5	172939426	rs6869841	5	172935179	rs11738751	0.17943
5	172939426	rs6869841	5	172935514	rs62378513	0.167104
5	172939426	rs6869841	5	172936690	rs144213990	0.177786
5	172939426	rs6869841	5	172936927	rs6894325	0.231797
5	172939426	rs6869841	5	172936993	rs34326526	0.177786
5	172939426	rs6869841	5	172939411	rs2080972	0.177786
5	172939426	rs6869841	5	172939413	rs2080971	0.177786
5	172939426	rs6869841	5	172939426	rs6869841	1
5	172939426	rs6869841	5	172939755	rs6891752	1
5	172939426	rs6869841	5	172941189	rs2032847	0.177197
5	172939426	rs6869841	5	172941190	rs2032846	0.177197
5	172939426	rs6869841	5	172941318	rs202199121	0.16217
5	172939426	rs6869841	5	172941689	rs17679877	0.175781
5	172939426	rs6869841	5	172941830	rs6873129	0.175781
5	172939426	rs6869841	5	172941952	rs996374	0.175781
5	172939426	rs6869841	5	172942261	rs996373	0.173794
5	172939426	rs6869841	5	172942459	rs1422772	0.175781
5	172939426	rs6869841	5	172942597	rs1422770	0.175781
5	172939426	rs6869841	5	172942636	rs4454066	0.175781
5	172939426	rs6869841	5	172943339	rs9800424	0.175781
5	172939426	rs6869841	5	172943369	rs9800425	0.175318
5	172939426	rs6869841	5	172943735	rs17680071	0.175781
5	172939426	rs6869841	5	172943835	rs35588938	0.175781
5	172939426	rs6869841	5	172944030	rs567859259	0.137183
5	172939426	rs6869841	5	172944034	rs6884801	0.137183
5	172939426	rs6869841	5	172944074	rs572067899	0.0910374
5	172939426	rs6869841	5	172944187	rs5018768	0.175781
5	172939426	rs6869841	5	172944215	rs5018769	0.175781
5	172939426	rs6869841	5	172944400	rs10067247	0.988086
5	172939426	rs6869841	5	172944495	rs1559142	0.175781
5	172939426	rs6869841	5	172944704	rs1974796	0.175781
5	172939426	rs6869841	5	172944741	rs2077996	0.175781
5	172939426	rs6869841	5	172945918	rs889017	0.988086
5	172939426	rs6869841	5	172946248	rs2052508	0.175781
5	172939426	rs6869841	5	172946296	rs2052507	0.177786
5	172939426	rs6869841	5	172946735	rs1363604	0.175781
5	172939426	rs6869841	5	172948021	rs11748850	0.175781
5	172939426	rs6869841	5	172948063	rs34574781	0.172221
5	172939426	rs6869841	5	172948354	rs10038966	0.988086
5	172939426	rs6869841	5	172948415	rs142754849	0.175781
5	172939426	rs6869841	5	172948513	rs12517520	0.889037
5	172939426	rs6869841	5	172948532	rs58870274	0.175781
5	172939426	rs6869841	5	172948736	rs4868281	0.175781
5	172939426	rs6869841	5	172948987	rs4868282	0.175781
5	172939426	rs6869841	5	172949066	rs4868283	0.175781
5	172939426	rs6869841	5	172949118	rs4868284	0.175781
5	172939426	rs6869841	5	172949239	rs56683278	0.175781
5	172939426	rs6869841	5	172949350	rs59273986	0.175781
5	172939426	rs6869841	5	172949354	rs57729160	0.175781
5	172939426	rs6869841	5	172949441	rs6896636	0.176248
5	172939426	rs6869841	5	172949577	rs6877950	0.175781
5	172939426	rs6869841	5	172949635	rs6897396	0.175781
5	172939426	rs6869841	5	172949688	rs1363609	0.175116
5	172939426	rs6869841	5	172949745	rs6878296	0.175781
5	172939426	rs6869841	5	172949828	rs1363608	0.167413
5	172939426	rs6869841	5	172949883	rs6878489	0.175781
5	172939426	rs6869841	5	172950444	rs11746603	0.175781
5	172939426	rs6869841	5	172950616	rs10042463	0.183172
5	172939426	rs6869841	5	172950626	rs11746660	0.175781
5	172939426	rs6869841	5	172950691	rs11746666	0.175781
5	172939426	rs6869841	5	172951517	rs754312	0.175781
5	172939426	rs6869841	5	172951854	rs889016	0.175781
5	172939426	rs6869841	5	172952381	rs11747823	0.175781
5	172939426	rs6869841	5	172952869	rs6865384	0.175781
5	172939426	rs6869841	5	172952927	rs6884670	0.175781
5	172939426	rs6869841	5	172952946	rs534734377;rs11317730	0.175781
5	172939426	rs6869841	5	172952952	rs116836682	0.175781
5	172939426	rs6869841	5	172953095	rs6884593	0.175781
5	172939426	rs6869841	5	172953180	rs6865880	0.175781
5	172939426	rs6869841	5	172953538	rs1465414	0.175781
5	172939426	rs6869841	5	172953680	rs1465412	0.175781
5	172939426	rs6869841	5	172954060	rs147779802	0.175781
5	172939426	rs6869841	5	172954169	rs60539383	0.175781
5	172939426	rs6869841	5	172954211	rs60899884	0.175781
5	172939426	rs6869841	5	172954230	rs62378558	0.175781
5	172939426	rs6869841	5	172954231	rs62378559	0.175781
5	172939426	rs6869841	5	172954428	rs34275566	0.175781
5	172939426	rs6869841	5	172954632	rs35834888	0.889037
5	172939426	rs6869841	5	172954932	rs6876915	0.169257
5	172939426	rs6869841	5	172955145	rs2879650	0.168411
5	172939426	rs6869841	5	172955183	rs2339959	0.178089
5	172939426	rs6869841	5	172955206	rs4302609	0.169257
5	172939426	rs6869841	5	172955214	rs2339960	0.170229
5	172939426	rs6869841	5	172955238	rs71611183	0.495933
5	172939426	rs6869841	5	172955292	rs2879651	0.169257
5	172939426	rs6869841	5	172955336	rs2879652	0.175781
5	172939426	rs6869841	5	172955791	rs1477326	0.110266
5	172939426	rs6869841	5	172955849	rs1477325	0.167754
5	172939426	rs6869841	5	172955855	rs6860868	0.320187
5	172939426	rs6869841	5	172955882	rs13174704	0.486084
5	172939426	rs6869841	5	172955942	rs13154902	0.498899
5	172939426	rs6869841	5	172955991	rs147571453	0.498899
5	172939426	rs6869841	5	172956423	rs35662405	0.441611
5	172939426	rs6869841	5	172956499	rs35874629	0.447447
5	172939426	rs6869841	5	172956864	rs34855985	0.498899
5	172939426	rs6869841	5	172957186	rs1862380	0.162899
5	172939426	rs6869841	5	172958165	rs2112620	0.0906519
5	172939426	rs6869841	5	172958430	rs2161351	0.156956
5	172939426	rs6869841	5	172959030	rs9686557	0.304631
5	172939426	rs6869841	5	172959083	rs17076062	0.0906519
5	172939426	rs6869841	5	172959378	rs113519215	0.0906519
5	172939426	rs6869841	5	172960083	rs10074661	0.32409
5	172939426	rs6869841	5	172960176	rs10059728	0.32409
5	172939426	rs6869841	5	172960284	rs10074917	0.32409
5	172939426	rs6869841	5	172960412	rs4867714	0.156956
5	172939426	rs6869841	5	172960611	rs12518545	0.32409
5	172939426	rs6869841	5	172960956	rs67919143	0.476392
5	172939426	rs6869841	5	172961249	rs13153805	0.158297
5	172939426	rs6869841	5	172961811	rs56178015	0.405309
5	172939426	rs6869841	5	172961826	rs9687347	0.311527
5	172939426	rs6869841	5	172962046	rs7706487	0.116448
5	172939426	rs6869841	5	172962139	rs9313635	0.116448
5	172939426	rs6869841	5	172962435	rs55897185	0.311527
5	172939426	rs6869841	5	172963655	rs11134807	0.116448
5	172939426	rs6869841	5	172963702	rs10516098	0.117242
5	172939426	rs6869841	5	172964500	rs7721535	0.116448
5	172939426	rs6869841	5	172965051	rs55659456	0.311527
5	172939426	rs6869841	5	172965076	rs4867715	0.116448
5	172939426	rs6869841	5	172966051	rs11742607	0.0900949
5	172939426	rs6869841	5	172966152	rs17076079	0.311527
5	172939426	rs6869841	5	172966691	rs17076080	0.23743
5	172939426	rs6869841	5	172966854	rs12522928	0.0900949
5	172939426	rs6869841	5	172969086	rs199692203	0.0903703
5	172939426	rs6869841	5	172969109	rs17052031	0.414496
5	172939426	rs6869841	5	172969495	rs11949667	0.410701
5	172939426	rs6869841	5	172970009	rs6870523	0.391073
5	172939426	rs6869841	5	172972049	rs10062678	0.224446
5	172939426	rs6869841	5	172972756	rs533213155;rs144765326	0.132006
5	172939426	rs6869841	5	172973780	rs4867718	0.153318
5	172939426	rs6869841	5	172973821	rs13156364	0.153318
5	172939426	rs6869841	5	172974191	rs13157266	0.153318
5	172939426	rs6869841	5	172975749	rs11740468	0.208832
5	172939426	rs6869841	5	172977711	rs11742164	0.223093
5	172939426	rs6869841	5	172978104	rs11745770	0.224632
5	172939426	rs6869841	5	172978284	rs11742377	0.224632
5	172939426	rs6869841	5	172978355	rs11742399	0.223286
5	172939426	rs6869841	5	172978666	rs7712664	0.224632
5	172939426	rs6869841	5	172978861	rs6891807	0.22156
5	172939426	rs6869841	5	172978871	rs34151159	0.22156
5	172939426	rs6869841	5	172978905	rs6891528	0.22156
5	172939426	rs6869841	5	172979183	rs6891923	0.223093
5	172939426	rs6869841	5	172979260	rs4868286	0.223093
5	172939426	rs6869841	5	172979324	rs6892270	0.223093
5	172939426	rs6869841	5	172979427	rs6896612	0.401193
5	172939426	rs6869841	5	172979494	rs4867719	0.223093
5	172939426	rs6869841	5	172979563	rs4867720	0.223093
5	172939426	rs6869841	5	172979627	rs4868287	0.223093
5	172939426	rs6869841	5	172980714	rs12520258	0.223093
5	172939426	rs6869841	5	172983279	rs6885032	0.189385
5	172939426	rs6869841	5	172984114	rs889014	0.189385
5	172939426	rs6869841	5	172985103	rs2081002	0.189385
5	172939426	rs6869841	5	172986446	rs576826690	0.166727
5	172939426	rs6869841	5	172990492	rs13183901	0.189385
5	172939426	rs6869841	5	172991752	rs5873373	0.189385
5	172939426	rs6869841	5	172994624	rs7733195	0.187912
5	172939426	rs6869841	5	172995160	rs12517986	0.187912
5	172939426	rs6869841	5	172997978	rs17738166	0.185122
5	172939426	rs6869841	5	173000002	rs7704555	0.187912
5	172939426	rs6869841	5	173000336	rs9313638	0.233122
5	172939426	rs6869841	5	173000579	rs10223182	0.100006
5	172939426	rs6869841	5	173000771	rs10223183	0.0988308
5	172939426	rs6869841	5	173001226	rs4868290	0.0988308
5	172939426	rs6869841	5	173001227	rs4868291	0.0988308
5	172939426	rs6869841	5	173001304	rs4868292	0.0968036
5	172939426	rs6869841	5	173001358	rs144460284	0.0920062
5	172939426	rs6869841	5	173001375	rs55734022	0.0968036
5	172939426	rs6869841	5	173001748	rs7704242	0.0988308
5	172939426	rs6869841	5	173001784	rs11310412	0.0956453
5	172939426	rs6869841	5	173002531	rs7709337	0.28455
5	172939426	rs6869841	5	173037377	rs28374830	0.0962116
