CHR_A	BP_A	SNP_A	CHR_B	BP_B	SNP_B	R2
5	1298733	rs13190087	5	1848989	rs116043360	0.09762
5	1891800	rs10866527	5	1854650	rs4975741	0.0961191
5	1891800	rs10866527	5	1881170	rs71871413	0.103982
5	1891800	rs10866527	5	1882900	rs6876836	0.153225
5	1891800	rs10866527	5	1886471	rs260400	0.0901504
5	1891800	rs10866527	5	1888596	rs28544135	0.237991
5	1891800	rs10866527	5	1889321	rs530543670	0.460334
5	1891800	rs10866527	5	1889346	rs199577062	0.514962
5	1891800	rs10866527	5	1890877	rs12655062	0.525589
5	1891800	rs10866527	5	1891174	rs4975758	0.987305
5	1891800	rs10866527	5	1891800	rs10866527	1
5	1891800	rs10866527	5	1891821	rs10866528	0.982959
5	1891800	rs10866527	5	1892455	rs4975759	0.691944
5	1891800	rs10866527	5	1892680	rs6863044	0.431219
5	1891800	rs10866527	5	1892759	rs6861778	0.428786
5	1891800	rs10866527	5	1892876	rs34695572	0.679511
5	1891800	rs10866527	5	1894420	rs79056980	0.681008
5	1891800	rs10866527	5	1894957	rs2101405	0.108774
5	1891800	rs10866527	5	1895050	rs2353014	0.298381
5	1891800	rs10866527	5	1895242	rs33965165	0.517725
5	1891800	rs10866527	5	1895486	rs12656007	0.656464
5	1891800	rs10866527	5	1895829	rs12653946	0.776713
5	1891800	rs10866527	5	1896007	rs13171870	0.173303
5	1891800	rs10866527	5	1896263	rs13177232	0.642434
5	1891800	rs10866527	5	1896978	rs10060496	0.0985372
5	1891800	rs10866527	5	1897179	rs13177600	0.628335
5	1891800	rs10866527	5	1897244	rs35375589	0.623325
5	1891800	rs10866527	5	1897338	rs35010507	0.628335
5	1891800	rs10866527	5	1897423	rs35326077	0.296523
5	1891800	rs10866527	5	1897896	rs72706729	0.0931804
5	1891800	rs10866527	5	1897929	rs13155286	0.151808
5	1895829	rs12653946	5	1861094	rs36113860	0.113129
5	1895829	rs12653946	5	1864446	rs35471187	0.115521
5	1895829	rs12653946	5	1868011	rs150873390	0.091974
5	1895829	rs12653946	5	1870509	rs373462002	0.0943912
5	1895829	rs12653946	5	1874556	rs4975708	0.0965476
5	1895829	rs12653946	5	1888596	rs28544135	0.176373
5	1895829	rs12653946	5	1889321	rs530543670	0.471563
5	1895829	rs12653946	5	1889346	rs199577062	0.513829
5	1895829	rs12653946	5	1890877	rs12655062	0.549707
5	1895829	rs12653946	5	1891174	rs4975758	0.761044
5	1895829	rs12653946	5	1891800	rs10866527	0.776713
5	1895829	rs12653946	5	1891821	rs10866528	0.763838
5	1895829	rs12653946	5	1892455	rs4975759	0.76118
5	1895829	rs12653946	5	1892680	rs6863044	0.367815
5	1895829	rs12653946	5	1892759	rs6861778	0.375681
5	1895829	rs12653946	5	1892876	rs34695572	0.764162
5	1895829	rs12653946	5	1894420	rs79056980	0.783112
5	1895829	rs12653946	5	1894957	rs2101405	0.202373
5	1895829	rs12653946	5	1895050	rs2353014	0.256323
5	1895829	rs12653946	5	1895242	rs33965165	0.613639
5	1895829	rs12653946	5	1895486	rs12656007	0.825466
5	1895829	rs12653946	5	1895829	rs12653946	1
5	1895829	rs12653946	5	1896007	rs13171870	0.324654
5	1895829	rs12653946	5	1896263	rs13177232	0.827612
5	1895829	rs12653946	5	1897179	rs13177600	0.819415
5	1895829	rs12653946	5	1897244	rs35375589	0.814459
5	1895829	rs12653946	5	1897338	rs35010507	0.819415
5	1895829	rs12653946	5	1897423	rs35326077	0.467496
5	1895829	rs12653946	5	1897929	rs13155286	0.309072
5	1895829	rs12653946	5	1898614	rs10428542	0.0969792
5	1895829	rs12653946	5	1899523	rs168999	0.122669
5	1895829	rs12653946	5	1916806	rs72706734	0.100072
