CHR_A	BP_A	SNP_A	CHR_B	BP_B	SNP_B	R2
6	160581543	rs4646284	6	160494409	rs629849	0.101077
6	160581543	rs4646284	6	160519276	rs600324	0.126643
6	160581543	rs4646284	6	160524578	rs755884	0.0948803
6	160581543	rs4646284	6	160524671	rs2297369	0.0948803
6	160581543	rs4646284	6	160525287	rs2297372	0.0948803
6	160581543	rs4646284	6	160550929	rs9457841	0.090952
6	160581543	rs4646284	6	160551204	rs683369	0.0922473
6	160581543	rs4646284	6	160552254	rs614890	0.102719
6	160581543	rs4646284	6	160554252	rs67258434	0.0981194
6	160581543	rs4646284	6	160554256	rs74995531	0.096719
6	160581543	rs4646284	6	160555754	rs594709	0.0981194
6	160581543	rs4646284	6	160560845	rs628031	0.0987635
6	160581543	rs4646284	6	160560897	rs113569197	0.0942141
6	160581543	rs4646284	6	160581374	rs651164	0.190749
6	160581543	rs4646284	6	160581543	rs4646284	1
6	160581543	rs4646284	6	160581911	rs6455682	0.102997
6	160581543	rs4646284	6	160606525	rs140793115	0.215638
6	160581543	rs4646284	6	160628053	rs4123902	0.112298
6	160581543	rs4646284	6	160628557	rs3119304	0.112298
6	160581543	rs4646284	6	160628590	rs3101822	0.112298
6	160581543	rs4646284	6	160628666	rs56360293	0.112298
6	160581543	rs4646284	6	160629355	rs148015788	0.109346
6	160581543	rs4646284	6	160629825	rs3127604	0.112298
6	160581543	rs4646284	6	160630020	rs3101820	0.112298
6	160581543	rs4646284	6	160630122	rs590726	0.111126
6	160581543	rs4646284	6	160630486	rs201294209	0.112298
6	160581543	rs4646284	6	160631095	rs605564	0.111126
6	160581543	rs4646284	6	160631102	rs477674	0.111126
6	160581543	rs4646284	6	160631546	rs146276235	0.112298
6	160581543	rs4646284	6	160631670	rs140158970	0.111639
6	160581543	rs4646284	6	160631830	rs113045629	0.11247
6	160581543	rs4646284	6	160631920	rs148667416	0.112298
6	160581543	rs4646284	6	160632416	rs200556071	0.112298
6	160581543	rs4646284	6	160632422	rs535785599	0.112298
6	160581543	rs4646284	6	160633107	rs12207180	0.112298
6	160581543	rs4646284	6	160633325	rs4629714	0.11247
6	160581543	rs4646284	6	160633512	rs2481032	0.11247
6	160581543	rs4646284	6	160633822	rs138121919	0.111126
6	160581543	rs4646284	6	160633824	rs200254236	0.113655
6	160581543	rs4646284	6	160634047	rs3101824	0.113655
6	160581543	rs4646284	6	160635116	rs77166114	0.112298
6	160581543	rs4646284	6	160635258	rs2619264	0.11247
6	160581543	rs4646284	6	160635552	rs10945655	0.112298
6	160581543	rs4646284	6	160635579	rs2634654	0.111126
6	160581543	rs4646284	6	160635728	rs2774218	0.111126
6	160581543	rs4646284	6	160635886	rs10945656	0.112298
6	160581543	rs4646284	6	160636031	rs12204445	0.112298
6	160581543	rs4646284	6	160636110	rs12204502	0.112298
6	160581543	rs4646284	6	160636563	rs610206	0.11247
6	160581543	rs4646284	6	160637562	rs595374	0.111126
6	160581543	rs4646284	6	160637844	rs3127592	0.112298
6	160581543	rs4646284	6	160637975	rs2450975	0.111126
6	160581543	rs4646284	6	160638003	rs3127593	0.112298
6	160581543	rs4646284	6	160638076	rs3103353	0.112298
6	160581543	rs4646284	6	160638104	rs3127594	0.112298
6	160581543	rs4646284	6	160638725	rs3103352	0.112298
6	160581543	rs4646284	6	160639492	rs3798160	0.109286
6	160581543	rs4646284	6	160639821	rs74627024	0.110621
6	160581543	rs4646284	6	160640494	rs10755577	0.106452
6	160581543	rs4646284	6	160640714	rs2928034	0.1157
6	160581543	rs4646284	6	160642103	rs315999	0.111966
6	160581543	rs4646284	6	160642528	rs316000	0.114337
6	160581543	rs4646284	6	160642719	rs316001	0.114337
6	160581543	rs4646284	6	160644012	rs3127575	0.111639
6	160581543	rs4646284	6	160645323	rs10666190	0.0947849
6	160581543	rs4646284	6	160645832	rs316003	0.0986241
6	160581543	rs4646284	6	160645921	rs558225090;rs558225090;rs397725872	0.0972251
6	160581543	rs4646284	6	160646173	rs316004	0.0986241
6	160581543	rs4646284	6	160646232	rs4646239	0.104789
6	160581543	rs4646284	6	160646280	rs316005	0.0943947
6	160581543	rs4646284	6	160646365	rs316006	0.0986241
6	160581543	rs4646284	6	160646612	rs479078	0.0986241
6	160581543	rs4646284	6	160647837	rs2619270	0.0975358
6	160581543	rs4646284	6	160648267	rs515140	0.0970467
6	160581543	rs4646284	6	160648993	rs2928036	0.100357
6	160581543	rs4646284	6	160649017	rs543435	0.100357
6	160581543	rs4646284	6	160649864	rs582158	0.0987782
6	160581543	rs4646284	6	160650176	rs2774232	0.0987782
6	160581543	rs4646284	6	160650541	rs34360089	0.0987782
6	160581543	rs4646284	6	160651109	rs9457875	0.100357
6	160581543	rs4646284	6	160651855	rs112350271	0.0987782
6	160581543	rs4646284	6	160652209	rs625438	0.100357
6	160581543	rs4646284	6	160652473	rs77373737	0.0955195
6	160581543	rs4646284	6	160652678	rs11753349	0.0955195
6	160581543	rs4646284	6	160652929	rs10945657	0.0955195
6	160581543	rs4646284	6	160653927	rs315979	0.100357
6	160581543	rs4646284	6	160653981	rs315980	0.100357
6	160581543	rs4646284	6	160654047	rs36093830	0.100357
6	160581543	rs4646284	6	160654425	rs315981	0.100357
6	160581543	rs4646284	6	160654659	rs3119308	0.0935099
6	160581543	rs4646284	6	160655014	rs315982	0.100357
6	160581543	rs4646284	6	160655733	rs315983	0.0987782
6	160581543	rs4646284	6	160657135	rs145590578	0.0955195
6	160581543	rs4646284	6	160657683	rs35402608	0.102107
6	160581543	rs4646284	6	160657703	rs657051	0.102107
6	160581543	rs4646284	6	160657871	rs34072523	0.102107
6	160581543	rs4646284	6	160658130	rs10945658	0.0955195
6	160581543	rs4646284	6	160658704	rs532482	0.102107
6	160581543	rs4646284	6	160659391	rs2448295	0.102107
6	160581543	rs4646284	6	160659723	rs315984	0.102107
6	160581543	rs4646284	6	160659943	rs315985	0.103875
6	160581543	rs4646284	6	160659974	rs315987	0.102107
6	160581543	rs4646284	6	160660694	rs315988	0.102107
6	160581543	rs4646284	6	160661458	rs315989	0.102107
6	160581543	rs4646284	6	160662143	rs315990	0.102107
6	160581543	rs4646284	6	160662970	rs315991	0.102107
6	160581543	rs4646284	6	160662975	rs11342198	0.102107
6	160581543	rs4646284	6	160663651	rs315992	0.102107
6	160581543	rs4646284	6	160664183	rs315993	0.102107
6	160581543	rs4646284	6	160665363	rs315994	0.102107
6	160581543	rs4646284	6	160665461	rs315995	0.102107
6	160581543	rs4646284	6	160666356	rs617217	0.102107
6	160581543	rs4646284	6	160666660	rs11422119	0.102107
6	160581543	rs4646284	6	160666801	rs9766047	0.0955195
6	160581543	rs4646284	6	160667049	rs791579	0.100357
6	160581543	rs4646284	6	160667144	rs791577	0.102107
6	160581543	rs4646284	6	160667600	rs316022	0.106501
6	160581543	rs4646284	6	160668041	rs316021	0.102947
6	160581543	rs4646284	6	160668186	rs3219195	0.101324
6	160581543	rs4646284	6	160670494	rs316018	0.0981812
6	160581543	rs4646284	6	160670533	rs316017	0.0947849
6	160581543	rs4646284	6	160671500	rs316016	0.0964744
6	160581543	rs4646284	6	160672264	rs316015	0.0997742
6	160581543	rs4646284	6	160672506	rs316014	0.0964744
6	160581543	rs4646284	6	160672625	rs316013	0.0947849
6	160581543	rs4646284	6	160673884	rs316012	0.101064
6	160581543	rs4646284	6	160674101	rs316011	0.0964744
6	160581543	rs4646284	6	160674632	rs3127579	0.0918418
6	160581543	rs4646284	6	160676216	rs3798156	0.0918418
6	160581543	rs4646284	6	160676316	rs3842083	0.0980661
6	160581543	rs4646284	6	160676376	rs316008	0.0947849
6	160581543	rs4646284	6	160676408	rs316007	0.0947849
6	160581543	rs4646284	6	160677614	rs2774230	0.0964744
6	160581543	rs4646284	6	160678493	rs638360	0.0964744
6	160808901	rs7740824	6	160581543	rs4646284	0.0906785
6	160808901	rs7740824	6	160606525	rs140793115	0.158514
6	160808901	rs7740824	6	160628053	rs4123902	0.173567
6	160808901	rs7740824	6	160628557	rs3119304	0.173567
6	160808901	rs7740824	6	160628590	rs3101822	0.173567
6	160808901	rs7740824	6	160628666	rs56360293	0.173567
6	160808901	rs7740824	6	160629355	rs148015788	0.169635
6	160808901	rs7740824	6	160629825	rs3127604	0.173567
6	160808901	rs7740824	6	160630020	rs3101820	0.173567
6	160808901	rs7740824	6	160630122	rs590726	0.273586
6	160808901	rs7740824	6	160630486	rs201294209	0.173567
6	160808901	rs7740824	6	160631095	rs605564	0.273586
6	160808901	rs7740824	6	160631102	rs477674	0.273586
6	160808901	rs7740824	6	160631546	rs146276235	0.173567
6	160808901	rs7740824	6	160631670	rs140158970	0.179258
6	160808901	rs7740824	6	160631830	rs113045629	0.275704
6	160808901	rs7740824	6	160631920	rs148667416	0.173567
6	160808901	rs7740824	6	160632416	rs200556071	0.173567
6	160808901	rs7740824	6	160632422	rs535785599	0.173567
6	160808901	rs7740824	6	160633107	rs12207180	0.173567
6	160808901	rs7740824	6	160633325	rs4629714	0.275704
6	160808901	rs7740824	6	160633512	rs2481032	0.275704
6	160808901	rs7740824	6	160633822	rs138121919	0.27876
6	160808901	rs7740824	6	160633824	rs200254236	0.17515
6	160808901	rs7740824	6	160634047	rs3101824	0.169635
6	160808901	rs7740824	6	160635116	rs77166114	0.173567
6	160808901	rs7740824	6	160635258	rs2619264	0.275704
6	160808901	rs7740824	6	160635552	rs10945655	0.173567
6	160808901	rs7740824	6	160635579	rs2634654	0.273586
6	160808901	rs7740824	6	160635728	rs2774218	0.273586
6	160808901	rs7740824	6	160635886	rs10945656	0.173567
6	160808901	rs7740824	6	160636031	rs12204445	0.173567
6	160808901	rs7740824	6	160636110	rs12204502	0.173567
6	160808901	rs7740824	6	160636563	rs610206	0.275704
6	160808901	rs7740824	6	160637562	rs595374	0.273586
6	160808901	rs7740824	6	160637844	rs3127592	0.173567
6	160808901	rs7740824	6	160637975	rs2450975	0.273586
6	160808901	rs7740824	6	160638003	rs3127593	0.173567
6	160808901	rs7740824	6	160638076	rs3103353	0.173567
6	160808901	rs7740824	6	160638104	rs3127594	0.173567
6	160808901	rs7740824	6	160638725	rs3103352	0.173567
6	160808901	rs7740824	6	160639492	rs3798160	0.275704
6	160808901	rs7740824	6	160639821	rs74627024	0.277834
6	160808901	rs7740824	6	160640494	rs10755577	0.176742
6	160808901	rs7740824	6	160640714	rs2928034	0.270559
6	160808901	rs7740824	6	160642103	rs315999	0.274795
6	160808901	rs7740824	6	160642528	rs316000	0.26846
6	160808901	rs7740824	6	160642719	rs316001	0.26846
6	160808901	rs7740824	6	160644012	rs3127575	0.179258
6	160808901	rs7740824	6	160645323	rs10666190	0.261251
6	160808901	rs7740824	6	160645832	rs316003	0.267934
6	160808901	rs7740824	6	160645921	rs558225090;rs558225090;rs397725872	0.264504
6	160808901	rs7740824	6	160646173	rs316004	0.267934
6	160808901	rs7740824	6	160646232	rs4646239	0.182609
6	160808901	rs7740824	6	160646280	rs316005	0.265816
6	160808901	rs7740824	6	160646365	rs316006	0.267934
6	160808901	rs7740824	6	160646612	rs479078	0.267934
6	160808901	rs7740824	6	160647837	rs2619270	0.266646
6	160808901	rs7740824	6	160648267	rs515140	0.271458
6	160808901	rs7740824	6	160648923	rs12205178	0.162471
6	160808901	rs7740824	6	160648993	rs2928036	0.255772
6	160808901	rs7740824	6	160649017	rs543435	0.255772
6	160808901	rs7740824	6	160649864	rs582158	0.259163
6	160808901	rs7740824	6	160650176	rs2774232	0.259163
6	160808901	rs7740824	6	160650541	rs34360089	0.259163
6	160808901	rs7740824	6	160651109	rs9457875	0.255772
6	160808901	rs7740824	6	160651855	rs112350271	0.259163
6	160808901	rs7740824	6	160652209	rs625438	0.255772
6	160808901	rs7740824	6	160652473	rs77373737	0.159384
6	160808901	rs7740824	6	160652678	rs11753349	0.159384
6	160808901	rs7740824	6	160652929	rs10945657	0.159384
6	160808901	rs7740824	6	160653605	rs35356995	0.144164
6	160808901	rs7740824	6	160653927	rs315979	0.255772
6	160808901	rs7740824	6	160653981	rs315980	0.255772
6	160808901	rs7740824	6	160654047	rs36093830	0.255772
6	160808901	rs7740824	6	160654425	rs315981	0.255772
6	160808901	rs7740824	6	160654659	rs3119308	0.155582
6	160808901	rs7740824	6	160655014	rs315982	0.255772
6	160808901	rs7740824	6	160655733	rs315983	0.259163
6	160808901	rs7740824	6	160657135	rs145590578	0.159384
6	160808901	rs7740824	6	160657683	rs35402608	0.258683
6	160808901	rs7740824	6	160657703	rs657051	0.258683
6	160808901	rs7740824	6	160657871	rs34072523	0.258683
6	160808901	rs7740824	6	160658130	rs10945658	0.159384
6	160808901	rs7740824	6	160658704	rs532482	0.258683
6	160808901	rs7740824	6	160659391	rs2448295	0.258683
6	160808901	rs7740824	6	160659723	rs315984	0.258683
6	160808901	rs7740824	6	160659943	rs315985	0.25661
6	160808901	rs7740824	6	160659952	rs315986	0.0965057
6	160808901	rs7740824	6	160659974	rs315987	0.258683
6	160808901	rs7740824	6	160660694	rs315988	0.258683
6	160808901	rs7740824	6	160661168	rs3101823	0.147189
6	160808901	rs7740824	6	160661458	rs315989	0.258683
6	160808901	rs7740824	6	160662090	rs11397542	0.0907599
6	160808901	rs7740824	6	160662143	rs315990	0.258683
6	160808901	rs7740824	6	160662909	rs549715515;rs67561037	0.128553
6	160808901	rs7740824	6	160662970	rs315991	0.258683
6	160808901	rs7740824	6	160662975	rs11342198	0.258683
6	160808901	rs7740824	6	160663651	rs315992	0.258683
6	160808901	rs7740824	6	160664183	rs315993	0.258683
6	160808901	rs7740824	6	160665363	rs315994	0.258683
6	160808901	rs7740824	6	160665461	rs315995	0.258683
6	160808901	rs7740824	6	160666356	rs617217	0.258683
6	160808901	rs7740824	6	160666660	rs11422119	0.258683
6	160808901	rs7740824	6	160666801	rs9766047	0.159384
6	160808901	rs7740824	6	160667049	rs791579	0.255772
6	160808901	rs7740824	6	160667056	rs791578	0.0907599
6	160808901	rs7740824	6	160667144	rs791577	0.258683
6	160808901	rs7740824	6	160667600	rs316022	0.255772
6	160808901	rs7740824	6	160668041	rs316021	0.259943
6	160808901	rs7740824	6	160668186	rs3219195	0.159542
6	160808901	rs7740824	6	160668389	rs2279463	0.165314
6	160808901	rs7740824	6	160669081	rs316020	0.0914704
6	160808901	rs7740824	6	160670282	rs316019	0.0914704
6	160808901	rs7740824	6	160670494	rs316018	0.27221
6	160808901	rs7740824	6	160670533	rs316017	0.271394
6	160808901	rs7740824	6	160671500	rs316016	0.274367
6	160808901	rs7740824	6	160672264	rs316015	0.273847
6	160808901	rs7740824	6	160672506	rs316014	0.274367
6	160808901	rs7740824	6	160672625	rs316013	0.271394
6	160808901	rs7740824	6	160673884	rs316012	0.27601
6	160808901	rs7740824	6	160674101	rs316011	0.274367
6	160808901	rs7740824	6	160674557	rs316010	0.0943416
6	160808901	rs7740824	6	160674632	rs3127579	0.16747
6	160808901	rs7740824	6	160675764	rs316009	0.0943416
6	160808901	rs7740824	6	160676216	rs3798156	0.16747
6	160808901	rs7740824	6	160676316	rs3842083	0.270897
6	160808901	rs7740824	6	160676376	rs316008	0.271394
6	160808901	rs7740824	6	160676408	rs316007	0.271394
6	160808901	rs7740824	6	160677614	rs2774230	0.274367
6	160808901	rs7740824	6	160677920	rs72081310	0.0943416
6	160808901	rs7740824	6	160677934	rs2504941	0.0943416
6	160808901	rs7740824	6	160678493	rs638360	0.274367
6	160808901	rs7740824	6	160679400	rs624249	0.0978057
6	160808901	rs7740824	6	160680738	rs138765638	0.215607
6	160808901	rs7740824	6	160681393	rs3127573	0.21111
6	160833664	rs9364554	6	160606525	rs140793115	0.153882
6	160833664	rs9364554	6	160628053	rs4123902	0.168553
6	160833664	rs9364554	6	160628557	rs3119304	0.168553
6	160833664	rs9364554	6	160628590	rs3101822	0.168553
6	160833664	rs9364554	6	160628666	rs56360293	0.168553
6	160833664	rs9364554	6	160629355	rs148015788	0.164748
6	160833664	rs9364554	6	160629825	rs3127604	0.168553
6	160833664	rs9364554	6	160630020	rs3101820	0.168553
6	160833664	rs9364554	6	160630122	rs590726	0.258955
6	160833664	rs9364554	6	160630486	rs201294209	0.168553
6	160833664	rs9364554	6	160631095	rs605564	0.258955
6	160833664	rs9364554	6	160631102	rs477674	0.258955
6	160833664	rs9364554	6	160631546	rs146276235	0.168553
6	160833664	rs9364554	6	160631670	rs140158970	0.173978
6	160833664	rs9364554	6	160631830	rs113045629	0.261065
6	160833664	rs9364554	6	160631920	rs148667416	0.168553
6	160833664	rs9364554	6	160632416	rs200556071	0.168553
6	160833664	rs9364554	6	160632422	rs535785599	0.168553
6	160833664	rs9364554	6	160633107	rs12207180	0.168553
6	160833664	rs9364554	6	160633325	rs4629714	0.261065
6	160833664	rs9364554	6	160633512	rs2481032	0.261065
6	160833664	rs9364554	6	160633822	rs138121919	0.263982
6	160833664	rs9364554	6	160633824	rs200254236	0.170176
6	160833664	rs9364554	6	160634047	rs3101824	0.164748
6	160833664	rs9364554	6	160635116	rs77166114	0.168553
6	160833664	rs9364554	6	160635258	rs2619264	0.261065
6	160833664	rs9364554	6	160635552	rs10945655	0.168553
6	160833664	rs9364554	6	160635579	rs2634654	0.258955
6	160833664	rs9364554	6	160635728	rs2774218	0.258955
6	160833664	rs9364554	6	160635886	rs10945656	0.168553
6	160833664	rs9364554	6	160636031	rs12204445	0.168553
6	160833664	rs9364554	6	160636110	rs12204502	0.168553
6	160833664	rs9364554	6	160636563	rs610206	0.261065
6	160833664	rs9364554	6	160637562	rs595374	0.258955
6	160833664	rs9364554	6	160637844	rs3127592	0.168553
6	160833664	rs9364554	6	160637975	rs2450975	0.258955
6	160833664	rs9364554	6	160638003	rs3127593	0.168553
6	160833664	rs9364554	6	160638076	rs3103353	0.168553
6	160833664	rs9364554	6	160638104	rs3127594	0.168553
6	160833664	rs9364554	6	160638725	rs3103352	0.168553
6	160833664	rs9364554	6	160639492	rs3798160	0.261065
6	160833664	rs9364554	6	160639821	rs74627024	0.263188
6	160833664	rs9364554	6	160640494	rs10755577	0.171807
6	160833664	rs9364554	6	160640714	rs2928034	0.256067
6	160833664	rs9364554	6	160642103	rs315999	0.260287
6	160833664	rs9364554	6	160642528	rs316000	0.253976
6	160833664	rs9364554	6	160642719	rs316001	0.253976
6	160833664	rs9364554	6	160644012	rs3127575	0.173978
6	160833664	rs9364554	6	160645323	rs10666190	0.247534
6	160833664	rs9364554	6	160645832	rs316003	0.253827
6	160833664	rs9364554	6	160645921	rs558225090;rs558225090;rs397725872	0.250658
6	160833664	rs9364554	6	160646173	rs316004	0.253827
6	160833664	rs9364554	6	160646232	rs4646239	0.17551
6	160833664	rs9364554	6	160646280	rs316005	0.251717
6	160833664	rs9364554	6	160646365	rs316006	0.253827
6	160833664	rs9364554	6	160646612	rs479078	0.253827
6	160833664	rs9364554	6	160647837	rs2619270	0.252557
6	160833664	rs9364554	6	160648267	rs515140	0.257083
6	160833664	rs9364554	6	160648923	rs12205178	0.157297
6	160833664	rs9364554	6	160648993	rs2928036	0.24196
6	160833664	rs9364554	6	160649017	rs543435	0.24196
6	160833664	rs9364554	6	160649864	rs582158	0.245088
6	160833664	rs9364554	6	160650176	rs2774232	0.245088
6	160833664	rs9364554	6	160650541	rs34360089	0.245088
6	160833664	rs9364554	6	160651109	rs9457875	0.24196
6	160833664	rs9364554	6	160651855	rs112350271	0.245088
6	160833664	rs9364554	6	160652209	rs625438	0.24196
6	160833664	rs9364554	6	160652473	rs77373737	0.154133
6	160833664	rs9364554	6	160652678	rs11753349	0.154133
6	160833664	rs9364554	6	160652929	rs10945657	0.154133
6	160833664	rs9364554	6	160653605	rs35356995	0.13618
6	160833664	rs9364554	6	160653927	rs315979	0.24196
6	160833664	rs9364554	6	160653981	rs315980	0.24196
6	160833664	rs9364554	6	160654047	rs36093830	0.24196
6	160833664	rs9364554	6	160654425	rs315981	0.24196
6	160833664	rs9364554	6	160654659	rs3119308	0.150636
6	160833664	rs9364554	6	160655014	rs315982	0.24196
6	160833664	rs9364554	6	160655733	rs315983	0.245088
6	160833664	rs9364554	6	160657135	rs145590578	0.154133
6	160833664	rs9364554	6	160657683	rs35402608	0.244738
6	160833664	rs9364554	6	160657703	rs657051	0.244738
6	160833664	rs9364554	6	160657871	rs34072523	0.244738
6	160833664	rs9364554	6	160658130	rs10945658	0.154133
6	160833664	rs9364554	6	160658704	rs532482	0.244738
6	160833664	rs9364554	6	160659391	rs2448295	0.244738
6	160833664	rs9364554	6	160659723	rs315984	0.244738
6	160833664	rs9364554	6	160659943	rs315985	0.242674
6	160833664	rs9364554	6	160659974	rs315987	0.244738
6	160833664	rs9364554	6	160660694	rs315988	0.244738
6	160833664	rs9364554	6	160661168	rs3101823	0.142536
6	160833664	rs9364554	6	160661458	rs315989	0.244738
6	160833664	rs9364554	6	160662143	rs315990	0.244738
6	160833664	rs9364554	6	160662909	rs549715515;rs67561037	0.120674
6	160833664	rs9364554	6	160662970	rs315991	0.244738
6	160833664	rs9364554	6	160662975	rs11342198	0.244738
6	160833664	rs9364554	6	160663651	rs315992	0.244738
6	160833664	rs9364554	6	160664183	rs315993	0.244738
6	160833664	rs9364554	6	160665363	rs315994	0.244738
6	160833664	rs9364554	6	160665461	rs315995	0.244738
6	160833664	rs9364554	6	160666356	rs617217	0.244738
6	160833664	rs9364554	6	160666660	rs11422119	0.244738
6	160833664	rs9364554	6	160666801	rs9766047	0.154133
6	160833664	rs9364554	6	160667049	rs791579	0.24196
6	160833664	rs9364554	6	160667144	rs791577	0.244738
6	160833664	rs9364554	6	160667600	rs316022	0.24196
6	160833664	rs9364554	6	160668041	rs316021	0.246113
6	160833664	rs9364554	6	160668186	rs3219195	0.154905
6	160833664	rs9364554	6	160668389	rs2279463	0.161016
6	160833664	rs9364554	6	160670494	rs316018	0.258085
6	160833664	rs9364554	6	160670533	rs316017	0.257395
6	160833664	rs9364554	6	160671500	rs316016	0.260235
6	160833664	rs9364554	6	160672264	rs316015	0.259843
6	160833664	rs9364554	6	160672506	rs316014	0.260235
6	160833664	rs9364554	6	160672625	rs316013	0.257395
6	160833664	rs9364554	6	160673884	rs316012	0.261999
6	160833664	rs9364554	6	160674101	rs316011	0.260235
6	160833664	rs9364554	6	160674632	rs3127579	0.163018
6	160833664	rs9364554	6	160676216	rs3798156	0.163018
6	160833664	rs9364554	6	160676316	rs3842083	0.257025
6	160833664	rs9364554	6	160676376	rs316008	0.257395
6	160833664	rs9364554	6	160676408	rs316007	0.257395
6	160833664	rs9364554	6	160677614	rs2774230	0.260235
6	160833664	rs9364554	6	160678493	rs638360	0.260235
6	160833664	rs9364554	6	160680738	rs138765638	0.210049
6	160833664	rs9364554	6	160681393	rs3127573	0.205688
6	160834515	rs12194182	6	160606525	rs140793115	0.152751
6	160834515	rs12194182	6	160628053	rs4123902	0.167359
6	160834515	rs12194182	6	160628557	rs3119304	0.167359
6	160834515	rs12194182	6	160628590	rs3101822	0.167359
6	160834515	rs12194182	6	160628666	rs56360293	0.167359
6	160834515	rs12194182	6	160629355	rs148015788	0.163559
6	160834515	rs12194182	6	160629825	rs3127604	0.167359
6	160834515	rs12194182	6	160630020	rs3101820	0.167359
6	160834515	rs12194182	6	160630122	rs590726	0.261835
6	160834515	rs12194182	6	160630486	rs201294209	0.167359
6	160834515	rs12194182	6	160631095	rs605564	0.261835
6	160834515	rs12194182	6	160631102	rs477674	0.261835
6	160834515	rs12194182	6	160631546	rs146276235	0.167359
6	160834515	rs12194182	6	160631670	rs140158970	0.17277
6	160834515	rs12194182	6	160631830	rs113045629	0.263947
6	160834515	rs12194182	6	160631920	rs148667416	0.167359
6	160834515	rs12194182	6	160632416	rs200556071	0.167359
6	160834515	rs12194182	6	160632422	rs535785599	0.167359
6	160834515	rs12194182	6	160633107	rs12207180	0.167359
6	160834515	rs12194182	6	160633325	rs4629714	0.263947
6	160834515	rs12194182	6	160633512	rs2481032	0.263947
6	160834515	rs12194182	6	160633822	rs138121919	0.266891
6	160834515	rs12194182	6	160633824	rs200254236	0.168969
6	160834515	rs12194182	6	160634047	rs3101824	0.163559
6	160834515	rs12194182	6	160635116	rs77166114	0.167359
6	160834515	rs12194182	6	160635258	rs2619264	0.263947
6	160834515	rs12194182	6	160635552	rs10945655	0.167359
6	160834515	rs12194182	6	160635579	rs2634654	0.261835
6	160834515	rs12194182	6	160635728	rs2774218	0.261835
6	160834515	rs12194182	6	160635886	rs10945656	0.167359
6	160834515	rs12194182	6	160636031	rs12204445	0.167359
6	160834515	rs12194182	6	160636110	rs12204502	0.167359
6	160834515	rs12194182	6	160636563	rs610206	0.263947
6	160834515	rs12194182	6	160637562	rs595374	0.261835
6	160834515	rs12194182	6	160637844	rs3127592	0.167359
6	160834515	rs12194182	6	160637975	rs2450975	0.261835
6	160834515	rs12194182	6	160638003	rs3127593	0.167359
6	160834515	rs12194182	6	160638076	rs3103353	0.167359
6	160834515	rs12194182	6	160638104	rs3127594	0.167359
6	160834515	rs12194182	6	160638725	rs3103352	0.167359
6	160834515	rs12194182	6	160639492	rs3798160	0.263947
6	160834515	rs12194182	6	160639821	rs74627024	0.266071
6	160834515	rs12194182	6	160640494	rs10755577	0.170587
6	160834515	rs12194182	6	160640714	rs2928034	0.25892
6	160834515	rs12194182	6	160642103	rs315999	0.263143
6	160834515	rs12194182	6	160642528	rs316000	0.256827
6	160834515	rs12194182	6	160642719	rs316001	0.256827
6	160834515	rs12194182	6	160644012	rs3127575	0.17277
6	160834515	rs12194182	6	160645323	rs10666190	0.250235
6	160834515	rs12194182	6	160645832	rs316003	0.256604
6	160834515	rs12194182	6	160645921	rs558225090;rs558225090;rs397725872	0.253384
6	160834515	rs12194182	6	160646173	rs316004	0.256604
6	160834515	rs12194182	6	160646232	rs4646239	0.174449
6	160834515	rs12194182	6	160646280	rs316005	0.254493
6	160834515	rs12194182	6	160646365	rs316006	0.256604
6	160834515	rs12194182	6	160646612	rs479078	0.256604
6	160834515	rs12194182	6	160647837	rs2619270	0.25533
6	160834515	rs12194182	6	160648267	rs515140	0.259913
6	160834515	rs12194182	6	160648923	rs12205178	0.156147
6	160834515	rs12194182	6	160648993	rs2928036	0.244679
6	160834515	rs12194182	6	160649017	rs543435	0.244679
6	160834515	rs12194182	6	160649864	rs582158	0.247858
6	160834515	rs12194182	6	160650176	rs2774232	0.247858
6	160834515	rs12194182	6	160650541	rs34360089	0.247858
6	160834515	rs12194182	6	160651109	rs9457875	0.244679
6	160834515	rs12194182	6	160651855	rs112350271	0.247858
6	160834515	rs12194182	6	160652209	rs625438	0.244679
6	160834515	rs12194182	6	160652473	rs77373737	0.153009
6	160834515	rs12194182	6	160652678	rs11753349	0.153009
6	160834515	rs12194182	6	160652929	rs10945657	0.153009
6	160834515	rs12194182	6	160653605	rs35356995	0.136966
6	160834515	rs12194182	6	160653927	rs315979	0.244679
6	160834515	rs12194182	6	160653981	rs315980	0.244679
6	160834515	rs12194182	6	160654047	rs36093830	0.244679
6	160834515	rs12194182	6	160654425	rs315981	0.244679
6	160834515	rs12194182	6	160654659	rs3119308	0.149513
6	160834515	rs12194182	6	160655014	rs315982	0.244679
6	160834515	rs12194182	6	160655733	rs315983	0.247858
6	160834515	rs12194182	6	160657135	rs145590578	0.153009
6	160834515	rs12194182	6	160657683	rs35402608	0.247483
6	160834515	rs12194182	6	160657703	rs657051	0.247483
6	160834515	rs12194182	6	160657871	rs34072523	0.247483
6	160834515	rs12194182	6	160658130	rs10945658	0.153009
6	160834515	rs12194182	6	160658704	rs532482	0.247483
6	160834515	rs12194182	6	160659391	rs2448295	0.247483
6	160834515	rs12194182	6	160659723	rs315984	0.247483
6	160834515	rs12194182	6	160659943	rs315985	0.245417
6	160834515	rs12194182	6	160659952	rs315986	0.0917114
6	160834515	rs12194182	6	160659974	rs315987	0.247483
6	160834515	rs12194182	6	160660694	rs315988	0.247483
6	160834515	rs12194182	6	160661168	rs3101823	0.141409
6	160834515	rs12194182	6	160661458	rs315989	0.247483
6	160834515	rs12194182	6	160662143	rs315990	0.247483
6	160834515	rs12194182	6	160662909	rs549715515;rs67561037	0.125428
6	160834515	rs12194182	6	160662970	rs315991	0.247483
6	160834515	rs12194182	6	160662975	rs11342198	0.247483
6	160834515	rs12194182	6	160663651	rs315992	0.247483
6	160834515	rs12194182	6	160664183	rs315993	0.247483
6	160834515	rs12194182	6	160665363	rs315994	0.247483
6	160834515	rs12194182	6	160665461	rs315995	0.247483
6	160834515	rs12194182	6	160666356	rs617217	0.247483
6	160834515	rs12194182	6	160666660	rs11422119	0.247483
6	160834515	rs12194182	6	160666801	rs9766047	0.153009
6	160834515	rs12194182	6	160667049	rs791579	0.244679
6	160834515	rs12194182	6	160667144	rs791577	0.247483
6	160834515	rs12194182	6	160667600	rs316022	0.244679
6	160834515	rs12194182	6	160668041	rs316021	0.248836
6	160834515	rs12194182	6	160668186	rs3219195	0.153723
6	160834515	rs12194182	6	160668389	rs2279463	0.159759
6	160834515	rs12194182	6	160670494	rs316018	0.260866
6	160834515	rs12194182	6	160670533	rs316017	0.260151
6	160834515	rs12194182	6	160671500	rs316016	0.263017
6	160834515	rs12194182	6	160672264	rs316015	0.262601
6	160834515	rs12194182	6	160672506	rs316014	0.263017
6	160834515	rs12194182	6	160672625	rs316013	0.260151
6	160834515	rs12194182	6	160673884	rs316012	0.264759
6	160834515	rs12194182	6	160674101	rs316011	0.263017
6	160834515	rs12194182	6	160674632	rs3127579	0.16177
6	160834515	rs12194182	6	160676216	rs3798156	0.16177
6	160834515	rs12194182	6	160676316	rs3842083	0.259757
6	160834515	rs12194182	6	160676376	rs316008	0.260151
6	160834515	rs12194182	6	160676408	rs316007	0.260151
6	160834515	rs12194182	6	160677614	rs2774230	0.263017
6	160834515	rs12194182	6	160678493	rs638360	0.263017
6	160834515	rs12194182	6	160679400	rs624249	0.0916721
6	160834515	rs12194182	6	160680738	rs138765638	0.208697
6	160834515	rs12194182	6	160681393	rs3127573	0.204341
6	160840252	rs7758229	6	160606525	rs140793115	0.120924
6	160840252	rs7758229	6	160628053	rs4123902	0.128775
6	160840252	rs7758229	6	160628557	rs3119304	0.128775
6	160840252	rs7758229	6	160628590	rs3101822	0.128775
6	160840252	rs7758229	6	160628666	rs56360293	0.128775
6	160840252	rs7758229	6	160629355	rs148015788	0.125267
6	160840252	rs7758229	6	160629825	rs3127604	0.128775
6	160840252	rs7758229	6	160630020	rs3101820	0.128775
6	160840252	rs7758229	6	160630122	rs590726	0.165162
6	160840252	rs7758229	6	160630486	rs201294209	0.128775
6	160840252	rs7758229	6	160631095	rs605564	0.165162
6	160840252	rs7758229	6	160631102	rs477674	0.165162
6	160840252	rs7758229	6	160631546	rs146276235	0.128775
6	160840252	rs7758229	6	160631670	rs140158970	0.133742
6	160840252	rs7758229	6	160631830	rs113045629	0.166485
6	160840252	rs7758229	6	160631920	rs148667416	0.128775
6	160840252	rs7758229	6	160632416	rs200556071	0.128775
6	160840252	rs7758229	6	160632422	rs535785599	0.128775
6	160840252	rs7758229	6	160633107	rs12207180	0.128775
6	160840252	rs7758229	6	160633325	rs4629714	0.166485
6	160840252	rs7758229	6	160633512	rs2481032	0.166485
6	160840252	rs7758229	6	160633822	rs138121919	0.169032
6	160840252	rs7758229	6	160633824	rs200254236	0.129829
6	160840252	rs7758229	6	160634047	rs3101824	0.129829
6	160840252	rs7758229	6	160635116	rs77166114	0.128775
6	160840252	rs7758229	6	160635258	rs2619264	0.166485
6	160840252	rs7758229	6	160635552	rs10945655	0.128775
6	160840252	rs7758229	6	160635579	rs2634654	0.165162
6	160840252	rs7758229	6	160635728	rs2774218	0.165162
6	160840252	rs7758229	6	160635886	rs10945656	0.128775
6	160840252	rs7758229	6	160636031	rs12204445	0.128775
6	160840252	rs7758229	6	160636110	rs12204502	0.128775
6	160840252	rs7758229	6	160636563	rs610206	0.166485
6	160840252	rs7758229	6	160637562	rs595374	0.165162
6	160840252	rs7758229	6	160637844	rs3127592	0.128775
6	160840252	rs7758229	6	160637975	rs2450975	0.165162
6	160840252	rs7758229	6	160638003	rs3127593	0.128775
6	160840252	rs7758229	6	160638076	rs3103353	0.128775
6	160840252	rs7758229	6	160638104	rs3127594	0.128775
6	160840252	rs7758229	6	160638725	rs3103352	0.128775
6	160840252	rs7758229	6	160639492	rs3798160	0.166485
6	160840252	rs7758229	6	160639821	rs74627024	0.167816
6	160840252	rs7758229	6	160640494	rs10755577	0.130887
6	160840252	rs7758229	6	160640714	rs2928034	0.162646
6	160840252	rs7758229	6	160642103	rs315999	0.165287
6	160840252	rs7758229	6	160642528	rs316000	0.161337
6	160840252	rs7758229	6	160642719	rs316001	0.161337
6	160840252	rs7758229	6	160644012	rs3127575	0.133742
6	160840252	rs7758229	6	160645323	rs10666190	0.172236
6	160840252	rs7758229	6	160645832	rs316003	0.174595
6	160840252	rs7758229	6	160645921	rs558225090;rs558225090;rs397725872	0.171718
6	160840252	rs7758229	6	160646173	rs316004	0.174595
6	160840252	rs7758229	6	160646232	rs4646239	0.14211
6	160840252	rs7758229	6	160646280	rs316005	0.173222
6	160840252	rs7758229	6	160646365	rs316006	0.174595
6	160840252	rs7758229	6	160646612	rs479078	0.174595
6	160840252	rs7758229	6	160647837	rs2619270	0.173247
6	160840252	rs7758229	6	160648267	rs515140	0.17755
6	160840252	rs7758229	6	160648923	rs12205178	0.124682
6	160840252	rs7758229	6	160648993	rs2928036	0.165441
6	160840252	rs7758229	6	160649017	rs543435	0.165441
6	160840252	rs7758229	6	160649864	rs582158	0.168277
6	160840252	rs7758229	6	160650176	rs2774232	0.168277
6	160840252	rs7758229	6	160650541	rs34360089	0.168277
6	160840252	rs7758229	6	160651109	rs9457875	0.165441
6	160840252	rs7758229	6	160651855	rs112350271	0.168277
6	160840252	rs7758229	6	160652209	rs625438	0.165441
6	160840252	rs7758229	6	160652473	rs77373737	0.12262
6	160840252	rs7758229	6	160652678	rs11753349	0.12262
6	160840252	rs7758229	6	160652929	rs10945657	0.12262
6	160840252	rs7758229	6	160653605	rs35356995	0.0970748
6	160840252	rs7758229	6	160653927	rs315979	0.165441
6	160840252	rs7758229	6	160653981	rs315980	0.165441
6	160840252	rs7758229	6	160654047	rs36093830	0.165441
6	160840252	rs7758229	6	160654425	rs315981	0.165441
6	160840252	rs7758229	6	160654659	rs3119308	0.118848
6	160840252	rs7758229	6	160655014	rs315982	0.165441
6	160840252	rs7758229	6	160655733	rs315983	0.168277
6	160840252	rs7758229	6	160657135	rs145590578	0.12262
6	160840252	rs7758229	6	160657683	rs35402608	0.16796
6	160840252	rs7758229	6	160657703	rs657051	0.16796
6	160840252	rs7758229	6	160657871	rs34072523	0.16796
6	160840252	rs7758229	6	160658130	rs10945658	0.12262
6	160840252	rs7758229	6	160658704	rs532482	0.16796
6	160840252	rs7758229	6	160659391	rs2448295	0.16796
6	160840252	rs7758229	6	160659723	rs315984	0.16796
6	160840252	rs7758229	6	160659943	rs315985	0.166619
6	160840252	rs7758229	6	160659974	rs315987	0.16796
6	160840252	rs7758229	6	160660694	rs315988	0.16796
6	160840252	rs7758229	6	160661168	rs3101823	0.115211
6	160840252	rs7758229	6	160661458	rs315989	0.16796
6	160840252	rs7758229	6	160662143	rs315990	0.16796
6	160840252	rs7758229	6	160662970	rs315991	0.16796
6	160840252	rs7758229	6	160662975	rs11342198	0.16796
6	160840252	rs7758229	6	160663651	rs315992	0.16796
6	160840252	rs7758229	6	160664183	rs315993	0.16796
6	160840252	rs7758229	6	160665363	rs315994	0.16796
6	160840252	rs7758229	6	160665461	rs315995	0.16796
6	160840252	rs7758229	6	160666356	rs617217	0.16796
6	160840252	rs7758229	6	160666660	rs11422119	0.16796
6	160840252	rs7758229	6	160666801	rs9766047	0.12262
6	160840252	rs7758229	6	160667049	rs791579	0.165441
6	160840252	rs7758229	6	160667144	rs791577	0.16796
6	160840252	rs7758229	6	160667600	rs316022	0.165441
6	160840252	rs7758229	6	160668041	rs316021	0.168134
6	160840252	rs7758229	6	160668186	rs3219195	0.116192
6	160840252	rs7758229	6	160668389	rs2279463	0.114884
6	160840252	rs7758229	6	160670494	rs316018	0.173406
6	160840252	rs7758229	6	160670533	rs316017	0.172236
6	160840252	rs7758229	6	160671500	rs316016	0.174789
6	160840252	rs7758229	6	160672264	rs316015	0.174465
6	160840252	rs7758229	6	160672506	rs316014	0.174789
6	160840252	rs7758229	6	160672625	rs316013	0.172236
6	160840252	rs7758229	6	160673884	rs316012	0.175852
6	160840252	rs7758229	6	160674101	rs316011	0.174789
6	160840252	rs7758229	6	160674632	rs3127579	0.117079
6	160840252	rs7758229	6	160676216	rs3798156	0.117079
6	160840252	rs7758229	6	160676316	rs3842083	0.171931
6	160840252	rs7758229	6	160676376	rs316008	0.172236
6	160840252	rs7758229	6	160676408	rs316007	0.172236
6	160840252	rs7758229	6	160677614	rs2774230	0.174789
6	160840252	rs7758229	6	160678493	rs638360	0.174789
6	160840252	rs7758229	6	160679400	rs624249	0.113112
6	160840252	rs7758229	6	160680738	rs138765638	0.173467
6	160840252	rs7758229	6	160681393	rs3127573	0.174589
6	160842537	rs3123636	6	160606525	rs140793115	0.120037
6	160842537	rs3123636	6	160628053	rs4123902	0.127852
6	160842537	rs3123636	6	160628557	rs3119304	0.127852
6	160842537	rs3123636	6	160628590	rs3101822	0.127852
6	160842537	rs3123636	6	160628666	rs56360293	0.127852
6	160842537	rs3123636	6	160629355	rs148015788	0.124348
6	160842537	rs3123636	6	160629825	rs3127604	0.127852
6	160842537	rs3123636	6	160630020	rs3101820	0.127852
6	160842537	rs3123636	6	160630122	rs590726	0.167476
6	160842537	rs3123636	6	160630486	rs201294209	0.127852
6	160842537	rs3123636	6	160631095	rs605564	0.167476
6	160842537	rs3123636	6	160631102	rs477674	0.167476
6	160842537	rs3123636	6	160631546	rs146276235	0.127852
6	160842537	rs3123636	6	160631670	rs140158970	0.132808
6	160842537	rs3123636	6	160631830	rs113045629	0.168801
6	160842537	rs3123636	6	160631920	rs148667416	0.127852
6	160842537	rs3123636	6	160632416	rs200556071	0.127852
6	160842537	rs3123636	6	160632422	rs535785599	0.127852
6	160842537	rs3123636	6	160633107	rs12207180	0.127852
6	160842537	rs3123636	6	160633325	rs4629714	0.168801
6	160842537	rs3123636	6	160633512	rs2481032	0.168801
6	160842537	rs3123636	6	160633822	rs138121919	0.171375
6	160842537	rs3123636	6	160633824	rs200254236	0.128896
6	160842537	rs3123636	6	160634047	rs3101824	0.128896
6	160842537	rs3123636	6	160635116	rs77166114	0.127852
6	160842537	rs3123636	6	160635258	rs2619264	0.168801
6	160842537	rs3123636	6	160635552	rs10945655	0.127852
6	160842537	rs3123636	6	160635579	rs2634654	0.167476
6	160842537	rs3123636	6	160635728	rs2774218	0.167476
6	160842537	rs3123636	6	160635886	rs10945656	0.127852
6	160842537	rs3123636	6	160636031	rs12204445	0.127852
6	160842537	rs3123636	6	160636110	rs12204502	0.127852
6	160842537	rs3123636	6	160636563	rs610206	0.168801
6	160842537	rs3123636	6	160637562	rs595374	0.167476
6	160842537	rs3123636	6	160637844	rs3127592	0.127852
6	160842537	rs3123636	6	160637975	rs2450975	0.167476
6	160842537	rs3123636	6	160638003	rs3127593	0.127852
6	160842537	rs3123636	6	160638076	rs3103353	0.127852
6	160842537	rs3123636	6	160638104	rs3127594	0.127852
6	160842537	rs3123636	6	160638725	rs3103352	0.127852
6	160842537	rs3123636	6	160639492	rs3798160	0.168801
6	160842537	rs3123636	6	160639821	rs74627024	0.170134
6	160842537	rs3123636	6	160640494	rs10755577	0.129945
6	160842537	rs3123636	6	160640714	rs2928034	0.164932
6	160842537	rs3123636	6	160642103	rs315999	0.167577
6	160842537	rs3123636	6	160642528	rs316000	0.163622
6	160842537	rs3123636	6	160642719	rs316001	0.163622
6	160842537	rs3123636	6	160644012	rs3127575	0.132808
6	160842537	rs3123636	6	160645323	rs10666190	0.174513
6	160842537	rs3123636	6	160645832	rs316003	0.176922
6	160842537	rs3123636	6	160645921	rs558225090;rs558225090;rs397725872	0.173997
6	160842537	rs3123636	6	160646173	rs316004	0.176922
6	160842537	rs3123636	6	160646232	rs4646239	0.141285
6	160842537	rs3123636	6	160646280	rs316005	0.175548
6	160842537	rs3123636	6	160646365	rs316006	0.176922
6	160842537	rs3123636	6	160646612	rs479078	0.176922
6	160842537	rs3123636	6	160647837	rs2619270	0.175567
6	160842537	rs3123636	6	160648267	rs515140	0.179925
6	160842537	rs3123636	6	160648923	rs12205178	0.123778
6	160842537	rs3123636	6	160648993	rs2928036	0.167708
6	160842537	rs3123636	6	160649017	rs543435	0.167708
6	160842537	rs3123636	6	160649864	rs582158	0.170592
6	160842537	rs3123636	6	160650176	rs2774232	0.170592
6	160842537	rs3123636	6	160650541	rs34360089	0.170592
6	160842537	rs3123636	6	160651109	rs9457875	0.167708
6	160842537	rs3123636	6	160651855	rs112350271	0.170592
6	160842537	rs3123636	6	160652209	rs625438	0.167708
6	160842537	rs3123636	6	160652473	rs77373737	0.121734
6	160842537	rs3123636	6	160652678	rs11753349	0.121734
6	160842537	rs3123636	6	160652929	rs10945657	0.121734
6	160842537	rs3123636	6	160653605	rs35356995	0.0977744
6	160842537	rs3123636	6	160653927	rs315979	0.167708
6	160842537	rs3123636	6	160653981	rs315980	0.167708
6	160842537	rs3123636	6	160654047	rs36093830	0.167708
6	160842537	rs3123636	6	160654425	rs315981	0.167708
6	160842537	rs3123636	6	160654659	rs3119308	0.117964
6	160842537	rs3123636	6	160655014	rs315982	0.167708
6	160842537	rs3123636	6	160655733	rs315983	0.170592
6	160842537	rs3123636	6	160657135	rs145590578	0.121734
6	160842537	rs3123636	6	160657683	rs35402608	0.170255
6	160842537	rs3123636	6	160657703	rs657051	0.170255
6	160842537	rs3123636	6	160657871	rs34072523	0.170255
6	160842537	rs3123636	6	160658130	rs10945658	0.121734
6	160842537	rs3123636	6	160658704	rs532482	0.170255
6	160842537	rs3123636	6	160659391	rs2448295	0.170255
6	160842537	rs3123636	6	160659723	rs315984	0.170255
6	160842537	rs3123636	6	160659943	rs315985	0.168912
6	160842537	rs3123636	6	160659974	rs315987	0.170255
6	160842537	rs3123636	6	160660694	rs315988	0.170255
6	160842537	rs3123636	6	160661168	rs3101823	0.114311
6	160842537	rs3123636	6	160661458	rs315989	0.170255
6	160842537	rs3123636	6	160662143	rs315990	0.170255
6	160842537	rs3123636	6	160662970	rs315991	0.170255
6	160842537	rs3123636	6	160662975	rs11342198	0.170255
6	160842537	rs3123636	6	160663651	rs315992	0.170255
6	160842537	rs3123636	6	160664183	rs315993	0.170255
6	160842537	rs3123636	6	160665363	rs315994	0.170255
6	160842537	rs3123636	6	160665461	rs315995	0.170255
6	160842537	rs3123636	6	160666356	rs617217	0.170255
6	160842537	rs3123636	6	160666660	rs11422119	0.170255
6	160842537	rs3123636	6	160666801	rs9766047	0.121734
6	160842537	rs3123636	6	160667049	rs791579	0.167708
6	160842537	rs3123636	6	160667144	rs791577	0.170255
6	160842537	rs3123636	6	160667600	rs316022	0.167708
6	160842537	rs3123636	6	160668041	rs316021	0.170405
6	160842537	rs3123636	6	160668186	rs3219195	0.115279
6	160842537	rs3123636	6	160668389	rs2279463	0.113933
6	160842537	rs3123636	6	160670494	rs316018	0.175708
6	160842537	rs3123636	6	160670533	rs316017	0.174513
6	160842537	rs3123636	6	160671500	rs316016	0.177093
6	160842537	rs3123636	6	160672264	rs316015	0.176749
6	160842537	rs3123636	6	160672506	rs316014	0.177093
6	160842537	rs3123636	6	160672625	rs316013	0.174513
6	160842537	rs3123636	6	160673884	rs316012	0.178137
6	160842537	rs3123636	6	160674101	rs316011	0.177093
6	160842537	rs3123636	6	160674632	rs3127579	0.116133
6	160842537	rs3123636	6	160676216	rs3798156	0.116133
6	160842537	rs3123636	6	160676316	rs3842083	0.174188
6	160842537	rs3123636	6	160676376	rs316008	0.174513
6	160842537	rs3123636	6	160676408	rs316007	0.174513
6	160842537	rs3123636	6	160677614	rs2774230	0.177093
6	160842537	rs3123636	6	160678493	rs638360	0.177093
6	160842537	rs3123636	6	160679400	rs624249	0.112633
6	160842537	rs3123636	6	160680738	rs138765638	0.172399
6	160842537	rs3123636	6	160681393	rs3127573	0.173511
6	160882029	rs2063347	6	160628053	rs4123902	0.0979942
6	160882029	rs2063347	6	160628557	rs3119304	0.0979942
6	160882029	rs2063347	6	160628590	rs3101822	0.0979942
6	160882029	rs2063347	6	160628666	rs56360293	0.0979942
6	160882029	rs2063347	6	160629355	rs148015788	0.098651
6	160882029	rs2063347	6	160629825	rs3127604	0.0979942
6	160882029	rs2063347	6	160630020	rs3101820	0.0979942
6	160882029	rs2063347	6	160630122	rs590726	0.138704
6	160882029	rs2063347	6	160630486	rs201294209	0.0979942
6	160882029	rs2063347	6	160631095	rs605564	0.138704
6	160882029	rs2063347	6	160631102	rs477674	0.138704
6	160882029	rs2063347	6	160631546	rs146276235	0.0979942
6	160882029	rs2063347	6	160631670	rs140158970	0.102506
6	160882029	rs2063347	6	160631830	rs113045629	0.139631
6	160882029	rs2063347	6	160631920	rs148667416	0.0979942
6	160882029	rs2063347	6	160632416	rs200556071	0.0979942
6	160882029	rs2063347	6	160632422	rs535785599	0.0979942
6	160882029	rs2063347	6	160633107	rs12207180	0.0979942
6	160882029	rs2063347	6	160633325	rs4629714	0.139631
6	160882029	rs2063347	6	160633512	rs2481032	0.139631
6	160882029	rs2063347	6	160633822	rs138121919	0.142169
6	160882029	rs2063347	6	160633824	rs200254236	0.098651
6	160882029	rs2063347	6	160634047	rs3101824	0.098651
6	160882029	rs2063347	6	160635116	rs77166114	0.0979942
6	160882029	rs2063347	6	160635258	rs2619264	0.139631
6	160882029	rs2063347	6	160635552	rs10945655	0.0979942
6	160882029	rs2063347	6	160635579	rs2634654	0.138704
6	160882029	rs2063347	6	160635728	rs2774218	0.138704
6	160882029	rs2063347	6	160635886	rs10945656	0.0979942
6	160882029	rs2063347	6	160636031	rs12204445	0.0979942
6	160882029	rs2063347	6	160636110	rs12204502	0.0979942
6	160882029	rs2063347	6	160636563	rs610206	0.139631
6	160882029	rs2063347	6	160637562	rs595374	0.138704
6	160882029	rs2063347	6	160637844	rs3127592	0.0979942
6	160882029	rs2063347	6	160637975	rs2450975	0.138704
6	160882029	rs2063347	6	160638003	rs3127593	0.0979942
6	160882029	rs2063347	6	160638076	rs3103353	0.0979942
6	160882029	rs2063347	6	160638104	rs3127594	0.0979942
6	160882029	rs2063347	6	160638725	rs3103352	0.0979942
6	160882029	rs2063347	6	160639492	rs3798160	0.139631
6	160882029	rs2063347	6	160639821	rs74627024	0.140564
6	160882029	rs2063347	6	160640494	rs10755577	0.0993114
6	160882029	rs2063347	6	160640714	rs2928034	0.136198
6	160882029	rs2063347	6	160642103	rs315999	0.138047
6	160882029	rs2063347	6	160642528	rs316000	0.135281
6	160882029	rs2063347	6	160642719	rs316001	0.135281
6	160882029	rs2063347	6	160644012	rs3127575	0.102506
6	160882029	rs2063347	6	160645323	rs10666190	0.145669
6	160882029	rs2063347	6	160645832	rs316003	0.145311
6	160882029	rs2063347	6	160645921	rs558225090;rs558225090;rs397725872	0.142329
6	160882029	rs2063347	6	160646173	rs316004	0.145311
6	160882029	rs2063347	6	160646232	rs4646239	0.101559
6	160882029	rs2063347	6	160646280	rs316005	0.14435
6	160882029	rs2063347	6	160646365	rs316006	0.145311
6	160882029	rs2063347	6	160646612	rs479078	0.145311
6	160882029	rs2063347	6	160647837	rs2619270	0.143903
6	160882029	rs2063347	6	160648267	rs515140	0.148375
6	160882029	rs2063347	6	160648923	rs12205178	0.0950408
6	160882029	rs2063347	6	160648993	rs2928036	0.137418
6	160882029	rs2063347	6	160649017	rs543435	0.137418
6	160882029	rs2063347	6	160649864	rs582158	0.140363
6	160882029	rs2063347	6	160650176	rs2774232	0.140363
6	160882029	rs2063347	6	160650541	rs34360089	0.140363
6	160882029	rs2063347	6	160651109	rs9457875	0.137418
6	160882029	rs2063347	6	160651855	rs112350271	0.140363
6	160882029	rs2063347	6	160652209	rs625438	0.137418
6	160882029	rs2063347	6	160652473	rs77373737	0.0937625
6	160882029	rs2063347	6	160652678	rs11753349	0.0937625
6	160882029	rs2063347	6	160652929	rs10945657	0.0937625
6	160882029	rs2063347	6	160653927	rs315979	0.137418
6	160882029	rs2063347	6	160653981	rs315980	0.137418
6	160882029	rs2063347	6	160654047	rs36093830	0.137418
6	160882029	rs2063347	6	160654425	rs315981	0.137418
6	160882029	rs2063347	6	160654659	rs3119308	0.090046
6	160882029	rs2063347	6	160655014	rs315982	0.137418
6	160882029	rs2063347	6	160655733	rs315983	0.140363
6	160882029	rs2063347	6	160657135	rs145590578	0.0937625
6	160882029	rs2063347	6	160657683	rs35402608	0.139919
6	160882029	rs2063347	6	160657703	rs657051	0.139919
6	160882029	rs2063347	6	160657871	rs34072523	0.139919
6	160882029	rs2063347	6	160658130	rs10945658	0.0937625
6	160882029	rs2063347	6	160658704	rs532482	0.139919
6	160882029	rs2063347	6	160659391	rs2448295	0.139919
6	160882029	rs2063347	6	160659723	rs315984	0.139919
6	160882029	rs2063347	6	160659943	rs315985	0.135557
6	160882029	rs2063347	6	160659974	rs315987	0.139919
6	160882029	rs2063347	6	160660694	rs315988	0.139919
6	160882029	rs2063347	6	160661458	rs315989	0.139919
6	160882029	rs2063347	6	160662143	rs315990	0.139919
6	160882029	rs2063347	6	160662970	rs315991	0.139919
6	160882029	rs2063347	6	160662975	rs11342198	0.139919
6	160882029	rs2063347	6	160663651	rs315992	0.139919
6	160882029	rs2063347	6	160664183	rs315993	0.139919
6	160882029	rs2063347	6	160665363	rs315994	0.139919
6	160882029	rs2063347	6	160665461	rs315995	0.139919
6	160882029	rs2063347	6	160666356	rs617217	0.139919
6	160882029	rs2063347	6	160666660	rs11422119	0.139919
6	160882029	rs2063347	6	160666801	rs9766047	0.0937625
6	160882029	rs2063347	6	160667049	rs791579	0.137418
6	160882029	rs2063347	6	160667144	rs791577	0.139919
6	160882029	rs2063347	6	160667600	rs316022	0.137418
6	160882029	rs2063347	6	160668041	rs316021	0.139301
6	160882029	rs2063347	6	160668186	rs3219195	0.0901476
6	160882029	rs2063347	6	160670494	rs316018	0.143729
6	160882029	rs2063347	6	160670533	rs316017	0.142167
6	160882029	rs2063347	6	160671500	rs316016	0.144696
6	160882029	rs2063347	6	160672264	rs316015	0.144251
6	160882029	rs2063347	6	160672506	rs316014	0.144696
6	160882029	rs2063347	6	160672625	rs316013	0.142167
6	160882029	rs2063347	6	160673884	rs316012	0.141742
6	160882029	rs2063347	6	160674101	rs316011	0.144696
6	160882029	rs2063347	6	160676316	rs3842083	0.141742
6	160882029	rs2063347	6	160676376	rs316008	0.142167
6	160882029	rs2063347	6	160676408	rs316007	0.142167
6	160882029	rs2063347	6	160677614	rs2774230	0.144696
6	160882029	rs2063347	6	160678493	rs638360	0.144696
6	160882029	rs2063347	6	160679400	rs624249	0.124651
6	160882029	rs2063347	6	160680738	rs138765638	0.144998
6	160882029	rs2063347	6	160681393	rs3127573	0.145685
