CHR_A	BP_A	SNP_A	CHR_B	BP_B	SNP_B	R2
6	117210052	rs339331	6	117080580	rs11409843	0.104338
6	117210052	rs339331	6	117080851	rs4946191	0.109882
6	117210052	rs339331	6	117082146	rs633420	0.137275
6	117210052	rs339331	6	117082582	rs590991	0.155538
6	117210052	rs339331	6	117082896	rs619756	0.170135
6	117210052	rs339331	6	117083492	rs684578	0.189281
6	117210052	rs339331	6	117083662	rs56836884	0.15626
6	117210052	rs339331	6	117083720	rs548101	0.189281
6	117210052	rs339331	6	117083873	rs682747	0.15626
6	117210052	rs339331	6	117084161	rs671225	0.187097
6	117210052	rs339331	6	117084246	rs603540	0.155538
6	117210052	rs339331	6	117084761	rs590572	0.156013
6	117210052	rs339331	6	117084939	rs5879386	0.10982
6	117210052	rs339331	6	117085784	rs693602	0.156784
6	117210052	rs339331	6	117086265	rs641338	0.153294
6	117210052	rs339331	6	117087944	rs636872	0.134701
6	117210052	rs339331	6	117089018	rs591794	0.134701
6	117210052	rs339331	6	117089080	rs688961	0.186692
6	117210052	rs339331	6	117089143	rs621486	0.155515
6	117210052	rs339331	6	117089355	rs687989	0.155515
6	117210052	rs339331	6	117090333	rs673068	0.154134
6	117210052	rs339331	6	117090342	rs605738	0.154989
6	117210052	rs339331	6	117090358	rs594940	0.154134
6	117210052	rs339331	6	117090944	rs592669	0.154803
6	117210052	rs339331	6	117091683	rs686708	0.155515
6	117210052	rs339331	6	117092230	rs530921583;rs57728111	0.131749
6	117210052	rs339331	6	117092308	rs684023	0.155424
6	117210052	rs339331	6	117092558	rs571296	0.134701
6	117210052	rs339331	6	117093340	rs669017	0.66406
6	117210052	rs339331	6	117093554	rs2307839	0.66406
6	117210052	rs339331	6	117093645	rs540136	0.66406
6	117210052	rs339331	6	117094342	rs654380	0.66406
6	117210052	rs339331	6	117094553	rs643031	0.683624
6	117210052	rs339331	6	117094574	rs612778	0.683624
6	117210052	rs339331	6	117095962	rs596616	0.491828
6	117210052	rs339331	6	117096486	rs597237	0.678612
6	117210052	rs339331	6	117096602	rs784052	0.611937
6	117210052	rs339331	6	117096611	rs144496796	0.611937
6	117210052	rs339331	6	117096613	rs148441192	0.611937
6	117210052	rs339331	6	117096616	rs142558246	0.611937
6	117210052	rs339331	6	117096957	rs581617	0.683624
6	117210052	rs339331	6	117097337	rs1084813	0.491828
6	117210052	rs339331	6	117097788	rs472733	0.683624
6	117210052	rs339331	6	117097968	rs471640	0.684935
6	117210052	rs339331	6	117098522	rs2785929	0.683624
6	117210052	rs339331	6	117098526	rs2785930	0.683624
6	117210052	rs339331	6	117099005	rs551104	0.683624
6	117210052	rs339331	6	117100091	rs10644116	0.508323
6	117210052	rs339331	6	117100309	rs616719	0.683624
6	117210052	rs339331	6	117100474	rs615850	0.664188
6	117210052	rs339331	6	117100705	rs614924	0.683624
6	117210052	rs339331	6	117100708	rs614922	0.683624
6	117210052	rs339331	6	117101474	rs601200	0.489038
6	117210052	rs339331	6	117101970	rs150218857	0.752481
6	117210052	rs339331	6	117102131	rs58314080	0.412442
6	117210052	rs339331	6	117102175	rs587637	0.683624
6	117210052	rs339331	6	117103125	rs12529252	0.199652
6	117210052	rs339331	6	117103671	rs144162688	0.244539
6	117210052	rs339331	6	117104147	rs10692562	0.683624
6	117210052	rs339331	6	117104975	rs682726	0.683624
6	117210052	rs339331	6	117105354	rs71272371	0.681189
6	117210052	rs339331	6	117105519	rs587771	0.492658
6	117210052	rs339331	6	117107101	rs77286673	0.120329
6	117210052	rs339331	6	117109229	rs645426	0.469413
6	117210052	rs339331	6	117110948	rs561114	0.667585
6	117210052	rs339331	6	117111708	rs585957	0.76898
6	117210052	rs339331	6	117112730	rs600928	0.792007
6	117210052	rs339331	6	117113653	rs615199	0.111265
6	117210052	rs339331	6	117114025	rs6901250	0.111265
6	117210052	rs339331	6	117114223	rs6924002	0.111265
6	117210052	rs339331	6	117114290	rs35937022	0.149561
6	117210052	rs339331	6	117114403	rs6901971	0.799086
6	117210052	rs339331	6	117116427	rs1512655	0.799086
6	117210052	rs339331	6	117116520	rs77575032	0.093694
6	117210052	rs339331	6	117117143	rs993394	0.111265
6	117210052	rs339331	6	117117306	rs6919622	0.141856
6	117210052	rs339331	6	117117628	rs1512657	0.799086
6	117210052	rs339331	6	117118344	rs7761566	0.111265
6	117210052	rs339331	6	117118436	rs7761872	0.111265
6	117210052	rs339331	6	117118687	rs7766085	0.515923
6	117210052	rs339331	6	117119402	rs34566335	0.799086
6	117210052	rs339331	6	117119578	rs72963945	0.199652
6	117210052	rs339331	6	117120375	rs66806850	0.141856
6	117210052	rs339331	6	117121427	rs143295846	0.799086
6	117210052	rs339331	6	117122495	rs1512658	0.799086
6	117210052	rs339331	6	117122517	rs7754941	0.141856
6	117210052	rs339331	6	117122646	rs1398403	0.190301
6	117210052	rs339331	6	117123391	rs7760125	0.119617
6	117210052	rs339331	6	117126345	rs1398404	0.190301
6	117210052	rs339331	6	117126784	rs35820076	0.119617
6	117210052	rs339331	6	117126941	rs9384990	0.190301
6	117210052	rs339331	6	117127312	rs9374623	0.119617
6	117210052	rs339331	6	117130544	rs28360548	0.158801
6	117210052	rs339331	6	117130704	rs2274911	0.799086
6	117210052	rs339331	6	117131740	rs9489040	0.177375
6	117210052	rs339331	6	117132438	rs1606366	0.119617
6	117210052	rs339331	6	117133634	rs9400959	0.799086
6	117210052	rs339331	6	117134124	rs2203192	0.799086
6	117210052	rs339331	6	117134343	rs4529325	0.190301
6	117210052	rs339331	6	117134616	rs114959738	0.141856
6	117210052	rs339331	6	117134735	rs146102994	0.141856
6	117210052	rs339331	6	117136583	rs9400962	0.118645
6	117210052	rs339331	6	117136978	rs1117046	0.190301
6	117210052	rs339331	6	117137541	rs11753426	0.141856
6	117210052	rs339331	6	117138161	rs12211764	0.119617
6	117210052	rs339331	6	117138182	rs6909797	0.141856
6	117210052	rs339331	6	117138628	rs149641179	0.119617
6	117210052	rs339331	6	117138818	rs148433540	0.190301
6	117210052	rs339331	6	117139469	rs35565998	0.185517
6	117210052	rs339331	6	117141069	rs199646475	0.120671
6	117210052	rs339331	6	117141597	rs12209024	0.119617
6	117210052	rs339331	6	117143110	rs200816531	0.119617
6	117210052	rs339331	6	117143131	rs201775380	0.119617
6	117210052	rs339331	6	117144808	rs9400964	0.184501
6	117210052	rs339331	6	117144925	rs7756165	0.799086
6	117210052	rs339331	6	117145296	rs11759774	0.141856
6	117210052	rs339331	6	117145837	rs9374624	0.119617
6	117210052	rs339331	6	117147946	rs6938235	0.119617
6	117210052	rs339331	6	117148259	rs35853302	0.529221
6	117210052	rs339331	6	117149307	rs7740481	0.119617
6	117210052	rs339331	6	117149551	rs71272370	0.141856
6	117210052	rs339331	6	117149667	rs2175622	0.119617
6	117210052	rs339331	6	117149872	rs11753705	0.141856
6	117210052	rs339331	6	117151139	rs35373460	0.141977
6	117210052	rs339331	6	117153244	rs118074655	0.0906124
6	117210052	rs339331	6	117155929	rs607372	0.119617
6	117210052	rs339331	6	117156171	rs112561851	0.78431
6	117210052	rs339331	6	117156408	rs147418628	0.734033
6	117210052	rs339331	6	117157113	rs17078406	0.529221
6	117210052	rs339331	6	117157774	rs636252	0.184501
6	117210052	rs339331	6	117159102	rs66473821	0.141856
6	117210052	rs339331	6	117159542	rs13195205	0.146437
6	117210052	rs339331	6	117160010	rs339358	0.799086
6	117210052	rs339331	6	117160693	rs339359	0.799086
6	117210052	rs339331	6	117160872	rs339360	0.119617
6	117210052	rs339331	6	117161196	rs11758752	0.141856
6	117210052	rs339331	6	117162515	rs339361	0.119617
6	117210052	rs339331	6	117162875	rs79938807	0.0914436
6	117210052	rs339331	6	117165078	rs67252033	0.141856
6	117210052	rs339331	6	117165370	rs339362	0.119617
6	117210052	rs339331	6	117166029	rs71642289	0.799086
6	117210052	rs339331	6	117166865	rs168128	0.119617
6	117210052	rs339331	6	117167196	rs34050898	0.229512
6	117210052	rs339331	6	117170335	rs1575111	0.226534
6	117210052	rs339331	6	117172218	rs339365	0.799086
6	117210052	rs339331	6	117173474	rs13209533	0.141856
6	117210052	rs339331	6	117173577	rs143357	0.799086
6	117210052	rs339331	6	117173618	rs143356	0.119617
6	117210052	rs339331	6	117174591	rs339366	0.798793
6	117210052	rs339331	6	117174849	rs339368	0.119617
6	117210052	rs339331	6	117175430	rs144513779	0.119829
6	117210052	rs339331	6	117176258	rs9481676	0.748674
6	117210052	rs339331	6	117176599	rs4946198	0.158759
6	117210052	rs339331	6	117176691	rs339303	0.119617
6	117210052	rs339331	6	117176728	rs339304	0.537238
6	117210052	rs339331	6	117176757	rs339305	0.799086
6	117210052	rs339331	6	117176974	rs339306	0.799086
6	117210052	rs339331	6	117177166	rs147758989	0.17256
6	117210052	rs339331	6	117177228	rs7767388	0.141856
6	117210052	rs339331	6	117177340	rs339307	0.119617
6	117210052	rs339331	6	117177489	rs71570826	0.142314
6	117210052	rs339331	6	117178329	rs339309	0.799086
6	117210052	rs339331	6	117178383	rs339310	0.799086
6	117210052	rs339331	6	117178401	rs339311	0.799086
6	117210052	rs339331	6	117178688	rs339312	0.799086
6	117210052	rs339331	6	117179501	rs339313	0.119617
6	117210052	rs339331	6	117180881	rs97457	0.514457
6	117210052	rs339331	6	117181666	rs88520	0.799086
6	117210052	rs339331	6	117182148	rs1398405	0.144135
6	117210052	rs339331	6	117182549	rs72963976	0.201418
6	117210052	rs339331	6	117182678	rs339314	0.799086
6	117210052	rs339331	6	117183445	rs11383139	0.784968
6	117210052	rs339331	6	117183607	rs339315	0.799086
6	117210052	rs339331	6	117185072	rs35606812	0.241644
6	117210052	rs339331	6	117186965	rs538130653;rs575358267	0.747913
6	117210052	rs339331	6	117187178	rs339316	0.799086
6	117210052	rs339331	6	117187458	rs339317	0.119617
6	117210052	rs339331	6	117187910	rs339318	0.799086
6	117210052	rs339331	6	117188735	rs339319	0.799086
6	117210052	rs339331	6	117190742	rs168127	0.537238
6	117210052	rs339331	6	117191249	rs339320	0.799086
6	117210052	rs339331	6	117192190	rs339321	0.799086
6	117210052	rs339331	6	117192843	rs1996050	0.141856
6	117210052	rs339331	6	117192899	rs1996051	0.141856
6	117210052	rs339331	6	117193356	rs339322	0.119617
6	117210052	rs339331	6	117193512	rs339323	0.799086
6	117210052	rs339331	6	117194896	rs13196904	0.141856
6	117210052	rs339331	6	117195024	rs339324	0.120594
6	117210052	rs339331	6	117196157	rs1853080	0.190301
6	117210052	rs339331	6	117196503	rs339355	0.179637
6	117210052	rs339331	6	117197378	rs339356	0.799086
6	117210052	rs339331	6	117197842	rs67768008	0.141856
6	117210052	rs339331	6	117198244	rs188668937;rs527510068;rs527510068	0.111098
6	117210052	rs339331	6	117198291	rs339357	0.117571
6	117210052	rs339331	6	117198347	rs419400	0.118621
6	117210052	rs339331	6	117199391	rs11754683	0.19159
6	117210052	rs339331	6	117199651	rs602797	0.139772
6	117210052	rs339331	6	117199790	rs630045	0.990946
6	117210052	rs339331	6	117200033	rs34428622	0.139772
6	117210052	rs339331	6	117200063	rs34964616	0.0938002
6	117210052	rs339331	6	117200434	rs339351	0.990946
6	117210052	rs339331	6	117200770	rs13199826	0.348234
6	117210052	rs339331	6	117202406	rs339352	0.138913
6	117210052	rs339331	6	117202475	rs339353	0.995435
6	117210052	rs339331	6	117203069	rs339354	0.137505
6	117210052	rs339331	6	117203732	rs34335008	0.66038
6	117210052	rs339331	6	117205393	rs339325	0.114679
6	117210052	rs339331	6	117206395	rs339326	1
6	117210052	rs339331	6	117207682	rs339327	0.995435
6	117210052	rs339331	6	117208509	rs339328	1
6	117210052	rs339331	6	117209490	rs339330	0.101186
6	117210052	rs339331	6	117209710	rs3907920	0.343299
6	117210052	rs339331	6	117210052	rs339331	1
6	117210052	rs339331	6	117210606	rs9400968	0.32436
6	117210052	rs339331	6	117211205	rs535184318	0.0985983
6	117210052	rs339331	6	117211809	rs339333	0.0959892
6	117210052	rs339331	6	117211816	rs6929458	0.337446
6	117210052	rs339331	6	117212200	rs78781268	0.090584
6	117210052	rs339331	6	117212258	rs610424	0.995435
6	117210052	rs339331	6	117212689	rs339334	0.995435
6	117210052	rs339331	6	117213610	rs442025	0.140634
6	117210052	rs339331	6	117213614	rs434499	0.995435
6	117210052	rs339331	6	117213995	rs339335	0.0993139
6	117210052	rs339331	6	117214248	rs339336	0.140634
6	117210052	rs339331	6	117214675	rs339337	0.0967313
6	117210052	rs339331	6	117214706	rs339338	0.0967313
6	117210052	rs339331	6	117214866	rs339339	0.0959892
6	117210052	rs339331	6	117215114	rs339340	0.995435
6	117210052	rs339331	6	117215380	rs1406980	0.34982
6	117210052	rs339331	6	117215671	rs339341	0.995435
6	117210052	rs339331	6	117215820	rs2307843	0.774025
6	117210052	rs339331	6	117216125	rs339342	0.0967313
6	117210052	rs339331	6	117216666	rs173089	0.0967313
6	117210052	rs339331	6	117217382	rs339343	0.765194
6	117210052	rs339331	6	117217760	rs5879391	0.0940861
6	117210052	rs339331	6	117217870	rs5879392	0.0921102
6	117210052	rs339331	6	117217950	rs339344	0.990894
6	117210052	rs339331	6	117218355	rs1321370	0.34982
6	117210052	rs339331	6	117218479	rs1321369	0.34982
6	117210052	rs339331	6	117218693	rs339346	0.0940861
6	117210052	rs339331	6	117219524	rs339347	0.765194
6	117210052	rs339331	6	117220055	rs654971	0.990894
6	117210052	rs339331	6	117220071	rs170951	0.0922587
6	117210052	rs339331	6	117220253	rs339348	0.0922587
6	117210052	rs339331	6	117221186	rs339350	0.990894
6	117210052	rs339331	6	117221542	rs339297	0.990894
6	117210052	rs339331	6	117222067	rs339298	0.0922587
6	117210052	rs339331	6	117222162	rs339299	0.768405
6	117210052	rs339331	6	117222229	rs339300	0.765194
6	117210052	rs339331	6	117222527	rs141130175	0.0922587
6	117210052	rs339331	6	117222981	rs10706356	0.768405
6	117210052	rs339331	6	117224212	rs71570828	0.143355
6	117210052	rs339331	6	117224303	rs339301	0.990894
6	117210052	rs339331	6	117224641	rs339302	0.990894
6	117210052	rs339331	6	117224727	rs9372470	0.34982
6	117210052	rs339331	6	117224820	rs149431339	0.201418
6	117210052	rs339331	6	117225343	rs945080	0.0922587
6	117210052	rs339331	6	117225668	rs2210668	0.131733
6	117210052	rs339331	6	117226245	rs1074469	0.34982
6	117210052	rs339331	6	117227074	rs4946202	0.131733
6	117210052	rs339331	6	117227115	rs72565911	0.131733
6	117210052	rs339331	6	117227284	rs11153641	0.117239
6	117210052	rs339331	6	117227906	rs566667241;rs144711875	0.408695
6	117210052	rs339331	6	117228023	rs34715737	0.224909
6	117210052	rs339331	6	117228290	rs34272842	0.986281
6	117210052	rs339331	6	117228341	rs11756449	0.332035
6	117210052	rs339331	6	117228916	rs6914581	0.0915032
6	117210052	rs339331	6	117229255	rs9400969	0.337446
6	117210052	rs339331	6	117229289	rs9372473	0.337446
6	117210052	rs339331	6	117229593	rs1358793	0.986281
6	117210052	rs339331	6	117229806	rs12201912	0.942328
6	117210052	rs339331	6	117229848	rs66822105	0.306842
6	117210052	rs339331	6	117229852	rs12201923	0.206237
6	117210052	rs339331	6	117229958	rs35974852	0.938031
6	117210052	rs339331	6	117230339	rs2145173	0.986281
6	117210052	rs339331	6	117230721	rs6568967	0.986281
6	117210052	rs339331	6	117230793	rs5879393	0.337446
6	117210052	rs339331	6	117231616	rs9400970	0.337446
6	117210052	rs339331	6	117232854	rs17207882	0.160816
6	117210052	rs339331	6	117233499	rs9374626	0.131733
6	117210052	rs339331	6	117234010	rs558794025	0.986281
6	117210052	rs339331	6	117234370	rs11343356	0.296485
6	117210052	rs339331	6	117234517	rs6927262	0.938031
6	117210052	rs339331	6	117234711	rs9489065	0.990894
6	117210052	rs339331	6	117235656	rs1321371	0.942328
6	117210052	rs339331	6	117236853	rs1406982	0.942328
6	117210052	rs339331	6	117237524	rs1321372	0.942328
6	117210052	rs339331	6	117237584	rs2184343	0.0922587
6	117210052	rs339331	6	117238480	rs1321368	0.12693
6	117210052	rs339331	6	117238501	rs5879394	0.639172
6	117210052	rs339331	6	117238668	rs1321367	0.0922587
6	117210052	rs339331	6	117239086	rs13213246	0.242531
6	117210052	rs339331	6	117239141	rs6936629	0.942328
6	117210052	rs339331	6	117239499	rs9489066	0.942328
6	117210052	rs339331	6	117240593	rs1321366	0.942328
6	117210052	rs339331	6	117240725	rs34459606	0.337446
6	117210052	rs339331	6	117240980	rs1040775	0.131733
6	117210052	rs339331	6	117241204	rs2008540	0.0922587
6	117210052	rs339331	6	117242021	rs12202378	0.942638
6	117210052	rs339331	6	117242818	rs200362577	0.213539
6	117210052	rs339331	6	117243260	rs7764347	0.469715
6	117210052	rs339331	6	117244374	rs7770158	0.488216
6	117210052	rs339331	6	117244676	rs7774506	0.488216
6	117210052	rs339331	6	117244856	rs9320585	0.488216
6	117210052	rs339331	6	117244897	rs9320586	0.488216
6	117210052	rs339331	6	117245001	rs4946204	0.488216
6	117210052	rs339331	6	117245227	rs13216434	0.236722
6	117210052	rs339331	6	117245389	rs4946205	0.488216
6	117210052	rs339331	6	117246429	rs9489067	0.488216
6	117210052	rs339331	6	117246576	rs67292089	0.313056
6	117210052	rs339331	6	117246719	rs4946206	0.488216
6	117210052	rs339331	6	117247060	rs142955425	0.488216
6	117210052	rs339331	6	117247258	rs673065	0.488216
6	117210052	rs339331	6	117247414	rs673906	0.488216
6	117210052	rs339331	6	117247692	rs675233	0.488216
6	117210052	rs339331	6	117247715	rs675266	0.488216
6	117210052	rs339331	6	117247907	rs676152	0.488216
6	117210052	rs339331	6	117248218	rs611349	0.488216
6	117210052	rs339331	6	117248932	rs688949	0.488216
6	117210052	rs339331	6	117248959	rs10872150	0.313056
6	117210052	rs339331	6	117249201	rs594785	0.488216
6	117210052	rs339331	6	117249384	rs595698	0.488216
6	117210052	rs339331	6	117249558	rs675811	0.488216
6	117210052	rs339331	6	117249574	rs675784	0.488216
6	117210052	rs339331	6	117249625	rs596732	0.488216
6	117210052	rs339331	6	117249847	rs597688	0.488216
6	117210052	rs339331	6	117250182	rs673055	0.488216
6	117210052	rs339331	6	117250302	rs17208849	0.236722
6	117210052	rs339331	6	117250386	rs35622115	0.236722
6	117210052	rs339331	6	117250387	rs661894	0.488216
6	117210052	rs339331	6	117250515	rs610979	0.488216
6	117210052	rs339331	6	117251251	rs657963	0.488216
6	117210052	rs339331	6	117251276	rs1884833	0.236722
6	117210052	rs339331	6	117251443	rs3073158	0.488216
6	117210052	rs339331	6	117251495	rs625821	0.488216
6	117210052	rs339331	6	117251526	rs11361585	0.524943
6	117210052	rs339331	6	117251663	rs645745	0.488216
6	117210052	rs339331	6	117251887	rs627551	0.488216
6	117210052	rs339331	6	117252091	rs643943	0.488216
6	117210052	rs339331	6	117252136	rs643550	0.488216
6	117210052	rs339331	6	117252197	rs643474	0.488216
6	117210052	rs339331	6	117252247	rs639170	0.488216
6	117210052	rs339331	6	117252341	rs639646	0.488216
6	117210052	rs339331	6	117252672	rs631089	0.488216
6	117210052	rs339331	6	117252759	rs630695	0.488216
6	117210052	rs339331	6	117253434	rs617426	0.488216
6	117210052	rs339331	6	117253609	rs2180621	0.236722
6	117210052	rs339331	6	117253637	rs616347	0.488216
6	117210052	rs339331	6	117253865	rs619307	0.488216
6	117210052	rs339331	6	117254039	rs630434	0.488216
6	117210052	rs339331	6	117254056	rs630458	0.488216
6	117210052	rs339331	6	117254124	rs35960019	0.488216
6	117210052	rs339331	6	117254282	rs631642	0.485203
6	117210052	rs339331	6	117254436	rs632159	0.488216
6	117210052	rs339331	6	117254463	rs5879395	0.313056
6	117210052	rs339331	6	117254827	rs633898	0.488216
6	117210052	rs339331	6	117255560	rs587174	0.488216
6	117210052	rs339331	6	117255665	rs59134484	0.248896
6	117210052	rs339331	6	117256095	rs584917	0.488216
6	117210052	rs339331	6	117256525	rs62424464	0.236722
6	117210052	rs339331	6	117256703	rs11320531	0.488216
6	117210052	rs339331	6	117256729	rs10655223	0.488216
6	117210052	rs339331	6	117256756	rs679332	0.09226
6	117210052	rs339331	6	117256928	rs2210715	0.243693
6	117210052	rs339331	6	117257006	rs63749614	0.887694
6	117210052	rs339331	6	117257018	rs674621	0.887694
6	117210052	rs339331	6	117257199	rs675495	0.891262
6	117210052	rs339331	6	117257543	rs665401	0.891262
6	117210052	rs339331	6	117257571	rs56234303	0.887694
6	117210052	rs339331	6	117257582	rs55915982	0.891262
6	117210052	rs339331	6	117257645	rs677383	0.524943
6	117210052	rs339331	6	117257695	rs664846	0.879422
6	117210052	rs339331	6	117257795	rs678230	0.891262
6	117210052	rs339331	6	117258164	rs113767551	0.891262
6	117210052	rs339331	6	117258200	rs662657	0.891262
6	117210052	rs339331	6	117258344	rs1761881	0.891262
6	117210052	rs339331	6	117258674	rs6907088	0.891262
6	117210052	rs339331	6	117258934	rs9400974	0.919272
6	117210052	rs339331	6	117258948	rs9400975	0.886798
6	117210052	rs339331	6	117259032	rs9400976	0.254949
6	117210052	rs339331	6	117259057	rs9374627	0.891262
6	117210052	rs339331	6	117259102	rs2782298	0.891262
6	117210052	rs339331	6	117259175	rs2750418	0.891262
6	117210052	rs339331	6	117259191	rs2750417	0.891262
6	117210052	rs339331	6	117259261	rs2782299	0.923713
6	117210052	rs339331	6	117259549	rs2750416	0.891262
6	117210052	rs339331	6	117259580	rs1632019	0.891262
6	117210052	rs339331	6	117259673	rs1631199	0.891262
6	117210052	rs339331	6	117259702	rs1631116	0.750565
6	117210052	rs339331	6	117259777	rs1761880	0.891262
6	117210052	rs339331	6	117260230	rs1761879	0.891262
6	117210052	rs339331	6	117260239	rs9387439	0.253814
6	117210052	rs339331	6	117260435	rs9320588	0.243693
6	117210052	rs339331	6	117260779	rs1741663	0.891262
6	117210052	rs339331	6	117260956	rs1741662	0.488216
6	117210052	rs339331	6	117261009	rs1741661	0.488216
6	117210052	rs339331	6	117261069	rs1741660	0.488216
6	117210052	rs339331	6	117261337	rs1741659	0.488216
6	117210052	rs339331	6	117261343	rs1761878	0.48576
6	117210052	rs339331	6	117261365	rs1761877	0.48576
6	117210052	rs339331	6	117262222	rs1741658	0.488216
6	117210052	rs339331	6	117262450	rs1741657	0.524943
6	117210052	rs339331	6	117263258	rs1761876	0.488216
6	117210052	rs339331	6	117263289	rs1761875	0.488216
6	117210052	rs339331	6	117263309	rs1761874	0.488216
6	117210052	rs339331	6	117263358	rs1741656	0.488216
6	117210052	rs339331	6	117263565	rs13218371	0.236722
6	117210052	rs339331	6	117263605	rs1334669	0.488216
6	117210052	rs339331	6	117263723	rs1334668	0.524943
6	117210052	rs339331	6	117263833	rs1741655	0.488216
6	117210052	rs339331	6	117264185	rs10670873	0.483588
6	117210052	rs339331	6	117264241	rs11414223	0.488216
6	117210052	rs339331	6	117264552	rs11282512	0.488216
6	117210052	rs339331	6	117264713	rs1334667	0.488216
6	117210052	rs339331	6	117264985	rs1761870	0.524943
6	117210052	rs339331	6	117264990	rs1741652	0.488216
6	117210052	rs339331	6	117265125	rs1334666	0.488216
6	117210052	rs339331	6	117265349	rs1334665	0.488216
6	117210052	rs339331	6	117265558	rs1761867	0.483588
6	117210052	rs339331	6	117265821	rs1334664	0.524943
6	117210052	rs339331	6	117266054	rs376060962	0.488216
6	117210052	rs339331	6	117266057	rs11309324	0.488216
6	117210052	rs339331	6	117266160	rs1761865	0.488216
6	117210052	rs339331	6	117266232	rs1761864	0.488216
6	117210052	rs339331	6	117266249	rs1761863	0.488216
6	117210052	rs339331	6	117266495	rs56627688	0.488216
6	117210052	rs339331	6	117266788	rs1761862	0.522481
6	117210052	rs339331	6	117266800	rs1761861	0.48576
6	117210052	rs339331	6	117266989	rs1761860	0.488216
6	117210052	rs339331	6	117267364	rs1741692	0.124647
6	117210052	rs339331	6	117267510	rs1618533	0.48576
6	117210052	rs339331	6	117267558	rs1618412	0.48576
6	117210052	rs339331	6	117267850	rs1334663	0.48576
6	117210052	rs339331	6	117267902	rs5879398	0.48576
6	117210052	rs339331	6	117267968	rs1334662	0.48576
6	117210052	rs339331	6	117268070	rs1413742	0.48576
6	117210052	rs339331	6	117268083	rs1413741	0.48576
6	117210052	rs339331	6	117268177	rs1413740	0.48576
6	117210052	rs339331	6	117268438	rs1334661	0.48576
6	117210052	rs339331	6	117268478	rs5024233	0.450133
6	117210052	rs339331	6	117268480	rs5024232	0.450133
6	117210052	rs339331	6	117268482	rs5024231	0.450133
6	117210052	rs339331	6	117268483	rs5024230	0.450133
6	117210052	rs339331	6	117268826	rs1761859	0.48576
6	117210052	rs339331	6	117269258	rs1406985	0.48576
6	117210052	rs339331	6	117269268	rs1406984	0.48576
6	117210052	rs339331	6	117269359	rs1406983	0.48576
6	117210052	rs339331	6	117269573	rs72967912	0.166228
6	117210052	rs339331	6	117269641	rs1406981	0.330004
6	117210052	rs339331	6	117269660	rs1413739	0.48576
6	117210052	rs339331	6	117269704	rs5879400	0.48576
6	117210052	rs339331	6	117269889	rs1334660	0.522481
6	117210052	rs339331	6	117270050	rs1334659	0.48576
6	117210052	rs339331	6	117270094	rs1334658	0.48576
6	117210052	rs339331	6	117270207	rs1334657	0.48576
6	117210052	rs339331	6	117270278	rs1741671	0.48576
6	117210052	rs339331	6	117270333	rs1413738	0.48576
6	117210052	rs339331	6	117270411	rs1413737	0.522481
6	117210052	rs339331	6	117270815	rs1413736	0.48576
6	117210052	rs339331	6	117271126	rs1334656	0.48576
6	117210052	rs339331	6	117271234	rs16849	0.48576
6	117210052	rs339331	6	117271309	rs17175	0.48576
6	117210052	rs339331	6	117271456	rs5879401	0.48576
6	117210052	rs339331	6	117271489	rs17210773	0.137491
6	117210052	rs339331	6	117271685	rs1334654	0.48576
6	117210052	rs339331	6	117272016	rs2225709	0.509804
6	117210052	rs339331	6	117272189	rs2210714	0.48576
6	117210052	rs339331	6	117272347	rs1970175	0.48576
6	117210052	rs339331	6	117272616	rs1761847	0.518688
6	117210052	rs339331	6	117272883	rs1761846	0.520624
6	117210052	rs339331	6	117272948	rs1853079	0.12761
6	117210052	rs339331	6	117273299	rs2353358	0.48576
6	117210052	rs339331	6	117273445	rs1741688	0.330004
6	117210052	rs339331	6	117273923	rs112761841	0.522481
6	117210052	rs339331	6	117274013	rs1741687	0.48576
6	117210052	rs339331	6	117274096	rs1413735	0.48576
6	117210052	rs339331	6	117274211	rs1618384	0.522481
6	117210052	rs339331	6	117274230	rs1360755	0.48576
6	117210052	rs339331	6	117274745	rs1761845	0.48576
6	117210052	rs339331	6	117274844	rs1761844	0.48576
6	117210052	rs339331	6	117274999	rs1741684	0.478994
6	117210052	rs339331	6	117275211	rs1761843	0.48576
6	117210052	rs339331	6	117275402	rs1741683	0.483321
6	117210052	rs339331	6	117275416	rs1761842	0.483321
6	117210052	rs339331	6	117275436	rs1741682	0.483321
6	117210052	rs339331	6	117275494	rs7755339	0.48576
6	117210052	rs339331	6	117275529	rs7755357	0.324649
6	117210052	rs339331	6	117275645	rs1761841	0.48576
6	117210052	rs339331	6	117275772	rs75036861	0.48576
6	117210052	rs339331	6	117275789	rs1741681	0.48576
6	117210052	rs339331	6	117275831	rs35254654	0.238807
6	117210052	rs339331	6	117276091	rs533709216;rs11320947	0.501205
6	117210052	rs339331	6	117276399	rs1741680	0.48576
6	117210052	rs339331	6	117276640	rs1741679	0.48576
6	117210052	rs339331	6	117276834	rs1413734	0.48576
6	117210052	rs339331	6	117276846	rs1413733	0.12761
6	117210052	rs339331	6	117276942	rs1413732	0.48576
6	117210052	rs339331	6	117277072	rs1741677	0.48576
6	117210052	rs339331	6	117277220	rs1413731	0.48576
6	117210052	rs339331	6	117277631	rs1741676	0.48576
6	117210052	rs339331	6	117277753	rs1334653	0.48576
6	117210052	rs339331	6	117277972	rs768581	0.48576
6	117210052	rs339331	6	117278218	rs768582	0.48576
6	117210052	rs339331	6	117278289	rs1406986	0.128441
6	117210052	rs339331	6	117278561	rs1741675	0.48576
6	117210052	rs339331	6	117278607	rs1741674	0.48576
6	117210052	rs339331	6	117278774	rs147305569	0.234976
6	117210052	rs339331	6	117279654	rs1321374	0.48576
6	117210052	rs339331	6	117279904	rs9489073	0.488216
6	117210052	rs339331	6	117279985	rs1761834	0.488216
6	117210052	rs339331	6	117280095	rs1741673	0.121274
6	117210052	rs339331	6	117280312	rs1741672	0.509442
6	117210052	rs339331	6	117280434	rs1761832	0.509442
6	117210052	rs339331	6	117281179	rs945134	0.496159
6	117210052	rs339331	6	117281268	rs1884834	0.166967
6	117210052	rs339331	6	117281402	rs2353359	0.509442
6	117210052	rs339331	6	117281680	rs6149769	0.55073
6	117210052	rs339331	6	117282115	rs783653	0.120087
6	117210052	rs339331	6	117282316	rs4945569	0.365152
6	117210052	rs339331	6	117282320	rs783652	0.509442
6	117210052	rs339331	6	117282961	rs783651	0.509442
6	117210052	rs339331	6	117283292	rs783650	0.548278
6	117210052	rs339331	6	117283382	rs783649	0.548278
6	117210052	rs339331	6	117283455	rs783648	0.548278
6	117210052	rs339331	6	117285017	rs706939	0.509442
6	117210052	rs339331	6	117285642	rs783647	0.548278
6	117210052	rs339331	6	117285716	rs35643068	0.345741
6	117210052	rs339331	6	117286220	rs783646	0.509442
6	117210052	rs339331	6	117286624	rs11153642	0.361406
6	117210052	rs339331	6	117286703	rs783645	0.117157
6	117210052	rs339331	6	117286939	rs783644	0.487454
6	117210052	rs339331	6	117289876	rs12662200	0.126516
6	117210052	rs339331	6	117308557	rs35708704	0.105133
6	117210052	rs339331	6	117308607	rs35832924	0.150082
