CHR_A	BP_A	SNP_A	CHR_B	BP_B	SNP_B	R2
6	31118511	rs130067	6	32108367	rs439343	0.12359
6	31329386	rs2596546	6	32096001	rs3130288	0.0902909
6	31329386	rs2596546	6	32131972	rs3132941	0.0902909
6	31329386	rs2596546	6	32161366	rs204991	0.100876
6	31329386	rs2596546	6	32161430	rs204990	0.100876
6	31329386	rs2596546	6	32161852	rs204989	0.100876
6	31329386	rs2596546	6	32165444	rs2071278	0.160312
6	31329386	rs2596546	6	32168771	rs3134942	0.142792
6	31329386	rs2596546	6	32171134	rs538082098	0.160312
6	31329386	rs2596546	6	32172993	rs3131296	0.142792
6	31329386	rs2596546	6	32179438	rs3132956	0.131568
6	31329386	rs2596546	6	32187637	rs8192589	0.129503
6	31329386	rs2596546	6	32189921	rs3134796	0.12999
6	31329386	rs2596546	6	32202221	rs9267893	0.0929023
6	32192331	rs3096702	6	32102305	rs3134963	0.172978
6	32192331	rs3096702	6	32107139	rs3096698	0.119985
6	32192331	rs3096702	6	32109165	rs3134953	0.181124
6	32192331	rs3096702	6	32109979	rs204999	0.178269
6	32192331	rs3096702	6	32110583	rs3130277	0.111586
6	32192331	rs3096702	6	32110698	rs566710715	0.163911
6	32192331	rs3096702	6	32112626	rs3130279	0.163911
6	32192331	rs3096702	6	32112955	rs9267807	0.163911
6	32192331	rs3096702	6	32113571	rs3134952	0.11051
6	32192331	rs3096702	6	32115185	rs3134951	0.107149
6	32192331	rs3096702	6	32117971	rs3134608	0.11051
6	32192331	rs3096702	6	32119730	rs192471087	0.10983
6	32192331	rs3096702	6	32119898	rs3131283	0.191536
6	32192331	rs3096702	6	32120715	rs1053924	0.199656
6	32192331	rs3096702	6	32122386	rs3134604	0.145807
6	32192331	rs3096702	6	32122472	rs3096696	0.113766
6	32192331	rs3096702	6	32123951	rs3096694	0.16478
6	32192331	rs3096702	6	32123973	rs3130281	0.113766
6	32192331	rs3096702	6	32126002	rs3134603	0.140845
6	32192331	rs3096702	6	32127477	rs3134950	0.14651
6	32192331	rs3096702	6	32128119	rs539526798	0.113766
6	32192331	rs3096702	6	32128290	rs2395099	0.113766
6	32192331	rs3096702	6	32129367	rs9267813	0.1061
6	32192331	rs3096702	6	32131510	rs3130346	0.148404
6	32192331	rs3096702	6	32132727	rs3134949	0.111436
6	32192331	rs3096702	6	32133098	rs9267815	0.113766
6	32192331	rs3096702	6	32133144	rs9267816	0.113766
6	32192331	rs3096702	6	32134510	rs3096697	0.111436
6	32192331	rs3096702	6	32134656	rs3130347	0.111436
6	32192331	rs3096702	6	32135137	rs41268924	0.0918062
6	32192331	rs3096702	6	32136547	rs1061808	0.150532
6	32192331	rs3096702	6	32138545	rs3130283	0.174849
6	32192331	rs3096702	6	32140277	rs3130348	0.113477
6	32192331	rs3096702	6	32140487	rs3130284	0.115985
6	32192331	rs3096702	6	32141005	rs3131297	0.114871
6	32192331	rs3096702	6	32145205	rs3134947	0.113931
6	32192331	rs3096702	6	32145707	rs2269423	0.141342
6	32192331	rs3096702	6	32145993	rs3134946	0.113931
6	32192331	rs3096702	6	32145999	rs3096689	0.113931
6	32192331	rs3096702	6	32146492	rs3134945	0.113931
6	32192331	rs3096702	6	32146644	rs3134944	0.113931
6	32192331	rs3096702	6	32146997	rs3132965	0.113931
6	32192331	rs3096702	6	32147761	rs3134943	0.192411
6	32192331	rs3096702	6	32151994	rs1800684	0.193932
6	32192331	rs3096702	6	32153305	rs534363455	0.138206
6	32192331	rs3096702	6	32154285	rs204995	0.140956
6	32192331	rs3096702	6	32154998	rs204994	0.127455
6	32192331	rs3096702	6	32156908	rs204992	0.12718
6	32192331	rs3096702	6	32158319	rs176095	0.12718
6	32192331	rs3096702	6	32159956	rs3134605	0.121645
6	32192331	rs3096702	6	32161034	rs3096688	0.252858
6	32192331	rs3096702	6	32161396	rs3132940	0.208706
6	32192331	rs3096702	6	32167009	rs3132934	0.244344
6	32192331	rs3096702	6	32167480	rs112708318	0.163962
6	32192331	rs3096702	6	32169145	rs8192574	0.0920994
6	32192331	rs3096702	6	32169621	rs3134939	0.188085
6	32192331	rs3096702	6	32170433	rs2071287	0.199997
6	32192331	rs3096702	6	32170464	rs550753217	0.199997
6	32192331	rs3096702	6	32171075	rs3132935	0.118403
6	32192331	rs3096702	6	32171683	rs2071277	0.196787
6	32192331	rs3096702	6	32172065	rs1044506	0.208706
6	32192331	rs3096702	6	32173257	rs3131295	0.199997
6	32192331	rs3096702	6	32174957	rs3130290	0.16727
6	32192331	rs3096702	6	32175331	rs3130291	0.119575
6	32192331	rs3096702	6	32175405	rs111800790	0.0982521
6	32192331	rs3096702	6	32175780	rs70990301	0.216055
6	32192331	rs3096702	6	32176208	rs3130292	0.119575
6	32192331	rs3096702	6	32176211	rs206017	0.16727
6	32192331	rs3096702	6	32176512	rs3132942	0.124766
6	32192331	rs3096702	6	32176782	rs3132947	0.119575
6	32192331	rs3096702	6	32177263	rs3130293	0.258882
6	32192331	rs3096702	6	32177671	rs36069395	0.115125
6	32192331	rs3096702	6	32178773	rs3130294	0.197933
6	32192331	rs3096702	6	32180146	rs3131294	0.222406
6	32192331	rs3096702	6	32182408	rs528080646	0.158501
6	32192331	rs3096702	6	32184066	rs3131291	0.144407
6	32192331	rs3096702	6	32184094	rs3096703	0.141848
6	32192331	rs3096702	6	32184221	rs3134799	0.144407
6	32192331	rs3096702	6	32184705	rs3134798	0.318003
6	32192331	rs3096702	6	32185922	rs541410751	0.142907
6	32192331	rs3096702	6	32186050	rs3134797	0.141412
6	32192331	rs3096702	6	32186264	rs436388	0.186349
6	32192331	rs3096702	6	32186726	rs444472	0.134845
6	32192331	rs3096702	6	32187023	rs394657	0.134845
6	32192331	rs3096702	6	32187202	rs429853	0.160291
6	32192331	rs3096702	6	32187605	rs1109771	0.119997
6	32192331	rs3096702	6	32187722	rs431722	0.198803
6	32192331	rs3096702	6	32188383	rs422951	0.167022
6	32192331	rs3096702	6	32188603	rs520803	0.0965669
6	32192331	rs3096702	6	32188640	rs520692	0.0965669
6	32192331	rs3096702	6	32188642	rs520688	0.0965669
6	32192331	rs3096702	6	32189032	rs415929	0.0965669
6	32192331	rs3096702	6	32189481	rs45855	0.0953189
6	32192331	rs3096702	6	32190028	rs3132946	0.227775
6	32192331	rs3096702	6	32190406	rs443198	0.101388
6	32192331	rs3096702	6	32191457	rs375244	0.198064
6	32192331	rs3096702	6	32191581	rs396960	0.236047
6	32192331	rs3096702	6	32191620	rs3134930	0.127102
6	32192331	rs3096702	6	32191658	rs546167192;rs35795312	0.267522
6	32192331	rs3096702	6	32191730	rs367398	0.323551
6	32192331	rs3096702	6	32192107	rs3134929	0.161134
6	32192331	rs3096702	6	32192331	rs3096702	1
6	32192331	rs3096702	6	32192978	rs2395105	0.371998
6	32192331	rs3096702	6	32193219	rs3130295	0.122303
6	32192331	rs3096702	6	32193220	rs2395106	0.422246
6	32192331	rs3096702	6	32193303	rs552173237	0.229309
6	32192331	rs3096702	6	32193424	rs401556	0.173113
6	32192331	rs3096702	6	32193449	rs387071	0.150215
6	32192331	rs3096702	6	32193512	rs371020	0.171799
6	32192331	rs3096702	6	32193564	rs3134928	0.204465
6	32192331	rs3096702	6	32193568	rs6902805	0.120859
6	32192331	rs3096702	6	32193698	rs9267845	0.422246
6	32192331	rs3096702	6	32193945	rs447903	0.150215
6	32192331	rs3096702	6	32194077	rs377093	0.144144
6	32192331	rs3096702	6	32194083	rs2023222	0.42393
6	32192331	rs3096702	6	32194259	rs370055	0.150215
6	32192331	rs3096702	6	32194339	rs499691	0.150215
6	32192331	rs3096702	6	32194392	rs510321	0.173113
6	32192331	rs3096702	6	32194609	rs1475961	0.422246
6	32192331	rs3096702	6	32194740	rs3132950	0.422246
6	32192331	rs3096702	6	32194751	rs1475960	0.422246
6	32192331	rs3096702	6	32194854	rs3096691	0.422246
6	32192331	rs3096702	6	32194956	rs483574	0.173113
6	32192331	rs3096702	6	32195017	rs482759	0.173113
6	32192331	rs3096702	6	32195251	rs9267853	0.995771
6	32192331	rs3096702	6	32195332	rs9296012	0.120859
6	32192331	rs3096702	6	32195359	rs532385	0.146967
6	32192331	rs3096702	6	32195723	rs409715	0.247471
6	32192331	rs3096702	6	32195750	rs409687	0.125911
6	32192331	rs3096702	6	32195847	rs553414513	0.482986
6	32192331	rs3096702	6	32195935	rs3132949	0.365674
6	32192331	rs3096702	6	32195988	rs365053	0.23821
6	32192331	rs3096702	6	32196313	rs378088	0.23821
6	32192331	rs3096702	6	32196437	rs10755667	0.23821
6	32192331	rs3096702	6	32196569	rs9267857	0.526862
6	32192331	rs3096702	6	32196575	rs9267858	0.801399
6	32192331	rs3096702	6	32196641	rs9267860	0.146762
6	32192331	rs3096702	6	32196648	rs9267861	0.526862
6	32192331	rs3096702	6	32196656	rs9391736	0.102996
6	32192331	rs3096702	6	32196673	rs10807096	0.23821
6	32192331	rs3096702	6	32196697	rs531160176	0.2604
6	32192331	rs3096702	6	32196864	rs9378123	0.104355
6	32192331	rs3096702	6	32196940	rs399950	0.14502
6	32192331	rs3096702	6	32197014	rs541655333	0.23821
6	32192331	rs3096702	6	32197091	rs530700663	0.23821
6	32192331	rs3096702	6	32197149	rs396001	0.231548
6	32192331	rs3096702	6	32197219	rs3132948	0.522862
6	32192331	rs3096702	6	32197463	rs495089	0.14502
6	32192331	rs3096702	6	32197736	rs436845	0.229314
6	32192331	rs3096702	6	32198056	rs440261	0.225808
6	32192331	rs3096702	6	32198220	rs10602082	0.222577
6	32192331	rs3096702	6	32198366	rs518102	0.223476
6	32192331	rs3096702	6	32198474	rs7739432	0.769345
6	32192331	rs3096702	6	32198526	rs2856432	0.223476
6	32192331	rs3096702	6	32198527	rs6901175	0.0944308
6	32192331	rs3096702	6	32198769	rs493406	0.223476
6	32192331	rs3096702	6	32198867	rs404890	0.329809
6	32192331	rs3096702	6	32198936	rs2849015	0.329809
6	32192331	rs3096702	6	32198948	rs6457499	0.286139
6	32192331	rs3096702	6	32198961	rs6457500	0.286139
6	32192331	rs3096702	6	32199144	rs377763	0.105785
6	32192331	rs3096702	6	32199224	rs389713	0.223476
6	32192331	rs3096702	6	32199239	rs389703	0.223476
6	32192331	rs3096702	6	32199352	rs9267873	0.756829
6	32192331	rs3096702	6	32200147	rs3134926	0.285048
6	32192331	rs3096702	6	32200359	rs3130298	0.222577
6	32192331	rs3096702	6	32200670	rs6913558	0.428137
6	32192331	rs3096702	6	32200754	rs6936346	0.285048
6	32192331	rs3096702	6	32201147	rs151219492	0.230973
6	32192331	rs3096702	6	32201148	rs537426230	0.390026
6	32192331	rs3096702	6	32201175	rs6914482	0.222577
6	32192331	rs3096702	6	32201251	rs6941515	0.281439
6	32192331	rs3096702	6	32201284	rs6918601	0.222577
6	32192331	rs3096702	6	32201440	rs12178917	0.222577
6	32192331	rs3096702	6	32201469	rs41315395	0.143543
6	32192331	rs3096702	6	32201706	rs139848672	0.260415
6	32192331	rs3096702	6	32201707	rs571210684	0.176543
6	32192331	rs3096702	6	32201708	rs115944000	0.222577
6	32192331	rs3096702	6	32201759	rs71536121	0.169888
6	32192331	rs3096702	6	32201898	rs560534421	0.202636
6	32192331	rs3096702	6	32201979	rs3096693	0.285048
6	32192331	rs3096702	6	32202019	rs7738491	0.222577
6	32192331	rs3096702	6	32202086	rs9267890	0.231504
6	32192331	rs3096702	6	32202207	rs200459911	0.222577
6	32192331	rs3096702	6	32202221	rs9267893	0.123408
6	32192331	rs3096702	6	32202256	rs6457503	0.222577
6	32192331	rs3096702	6	32202303	rs6457504	0.222577
6	32192331	rs3096702	6	32202607	rs504993	0.222577
6	32192331	rs3096702	6	32202817	rs9267897	0.756829
6	32192331	rs3096702	6	32202935	rs9267898	0.780281
6	32192331	rs3096702	6	32203041	rs505731	0.222577
6	32192331	rs3096702	6	32203537	rs3130299	0.222577
6	32192331	rs3096702	6	32203591	rs2395107	0.329809
6	32192331	rs3096702	6	32203608	rs2395108	0.428137
6	32192331	rs3096702	6	32203652	rs2395109	0.222577
6	32192331	rs3096702	6	32204207	rs9267904	0.428137
6	32192331	rs3096702	6	32204271	rs566455093	0.218838
6	32192331	rs3096702	6	32204433	rs693797	0.348292
6	32192331	rs3096702	6	32204642	rs3130302	0.230974
6	32192331	rs3096702	6	32204680	rs693432	0.230974
6	32192331	rs3096702	6	32204926	rs9267907	0.756829
6	32192331	rs3096702	6	32204952	rs9267908	0.428137
6	32192331	rs3096702	6	32205110	rs9267911	0.428137
6	32192331	rs3096702	6	32205271	rs9267912	0.428137
6	32192331	rs3096702	6	32205339	rs9267913	0.433301
6	32192331	rs3096702	6	32205421	rs137899321	0.230974
6	32192331	rs3096702	6	32205863	rs6900833	0.780281
6	32192331	rs3096702	6	32206103	rs9267919	0.551693
6	32192331	rs3096702	6	32206199	rs6924352	0.164997
6	32192331	rs3096702	6	32206273	rs9279533	0.207933
6	32192331	rs3096702	6	32206304	rs6906128	0.243799
6	32192331	rs3096702	6	32206399	rs6906174	0.776284
6	32192331	rs3096702	6	32206488	rs3134938	0.170394
6	32192331	rs3096702	6	32206539	rs3134937	0.134175
6	32192331	rs3096702	6	32206582	rs34018608	0.167964
6	32192331	rs3096702	6	32206619	rs113547322	0.0918729
6	32192331	rs3096702	6	32207181	rs3130304	0.1061
6	32192331	rs3096702	6	32207393	rs416352	0.192271
6	32192331	rs3096702	6	32207959	rs393481	0.192271
6	32192331	rs3096702	6	32208324	rs424232	0.182009
6	32192331	rs3096702	6	32208673	rs447459	0.210458
6	32192331	rs3096702	6	32208697	rs376549	0.162395
6	32192331	rs3096702	6	32208698	rs394038	0.195587
6	32192331	rs3096702	6	32208921	rs439303	0.132159
6	32192331	rs3096702	6	32209027	rs382259	0.166338
6	32192331	rs3096702	6	32209262	rs2849016	0.152963
6	32192331	rs3096702	6	32209414	rs380933	0.152963
6	32192331	rs3096702	6	32209562	rs380571	0.152963
6	32192331	rs3096702	6	32209771	rs537040684	0.12883
6	32192331	rs3096702	6	32209861	rs507778	0.212922
6	32192331	rs3096702	6	32209963	rs371156	0.166338
6	32192331	rs3096702	6	32210355	rs3134935	0.173801
6	32192331	rs3096702	6	32210799	rs419132	0.167282
6	32192331	rs3096702	6	32211065	rs377743	0.148627
6	32192331	rs3096702	6	32211085	rs412657	0.150862
6	32192331	rs3096702	6	32211218	rs9267947	0.175345
6	32192331	rs3096702	6	32211317	rs411326	0.0931612
6	32192331	rs3096702	6	32212233	rs9267948	0.411729
6	32192331	rs3096702	6	32212237	rs9267949	0.404383
6	32192331	rs3096702	6	32212241	rs9267950	0.404383
6	32192331	rs3096702	6	32212264	rs427037	0.0983164
6	32192331	rs3096702	6	32212462	rs371556782	0.327865
6	32192331	rs3096702	6	32212655	rs9267951	0.151301
6	32192331	rs3096702	6	32212699	rs9267953	0.198884
6	32192331	rs3096702	6	32213052	rs9267954	0.168651
6	32192331	rs3096702	6	32213150	rs9267955	0.19826
6	32192331	rs3096702	6	32214435	rs1894374	0.133056
6	32192331	rs3096702	6	32216236	rs12529483	0.133056
6	32192331	rs3096702	6	32217171	rs28429183	0.133056
6	32192331	rs3096702	6	32218299	rs10223572	0.115428
6	32192331	rs3096702	6	32218414	rs10223576	0.133056
6	32192331	rs3096702	6	32218666	rs10223580	0.115428
6	32192331	rs3096702	6	32218681	rs10223710	0.115428
6	32192331	rs3096702	6	32218784	rs575858269	0.113093
6	32192331	rs3096702	6	32218791	rs41264778	0.113093
6	32192331	rs3096702	6	32218989	rs9296015	0.114401
6	32192331	rs3096702	6	32219010	rs9296016	0.115428
6	32192331	rs3096702	6	32219320	rs9267989	0.295674
6	32192331	rs3096702	6	32219326	rs41264782	0.115428
6	32192331	rs3096702	6	32219375	rs41316806	0.113093
6	32192331	rs3096702	6	32219725	rs4959089	0.115428
6	32192331	rs3096702	6	32219884	rs3038228	0.0960017
6	32192331	rs3096702	6	32219962	rs4959090	0.115428
6	32192331	rs3096702	6	32220037	rs6921945	0.115428
6	32192331	rs3096702	6	32220397	rs9267992	0.19826
6	32192331	rs3096702	6	32220577	rs12525893	0.133056
6	32192331	rs3096702	6	32221556	rs9296017	0.115428
6	32192331	rs3096702	6	32221568	rs9296018	0.115428
6	32192331	rs3096702	6	32221645	rs41264786	0.109217
6	32192331	rs3096702	6	32221791	rs41264790	0.115428
6	32192331	rs3096702	6	32223022	rs2021889	0.126996
6	32192331	rs3096702	6	32224764	rs34119183	0.135392
6	32192331	rs3096702	6	32226992	rs78885616	0.108026
6	32192331	rs3096702	6	32229565	rs72548037	0.109217
6	32192331	rs3096702	6	32232358	rs62152101	0.19826
6	32192331	rs3096702	6	32232652	rs9268072	0.125535
6	32192331	rs3096702	6	32235757	rs17201917	0.110387
6	32192331	rs3096702	6	32236474	rs79038312	0.108026
6	32192331	rs3096702	6	32237926	rs6913182	0.125535
6	32192331	rs3096702	6	32238242	rs577742756	0.0912571
6	32192331	rs3096702	6	32238427	rs28366168	0.108026
6	32192331	rs3096702	6	32238510	rs28366170	0.108026
6	32192331	rs3096702	6	32242894	rs28752481	0.108026
6	32192331	rs3096702	6	32245370	rs9268103	0.125535
6	32192331	rs3096702	6	32246573	rs28366171	0.108026
6	32192331	rs3096702	6	32246919	rs9268104	0.197642
6	32192331	rs3096702	6	32247115	rs9268106	0.197642
6	32192331	rs3096702	6	32249987	rs9268118	0.205747
6	32192331	rs3096702	6	32250247	rs28752483	0.108026
6	32192331	rs3096702	6	32253100	rs561764868	0.119198
6	32192331	rs3096702	6	32255236	rs527288680	0.125535
6	32192331	rs3096702	6	32255454	rs9268138	0.197642
6	32192331	rs3096702	6	32257284	rs9268145	0.246577
6	32192331	rs3096702	6	32257443	rs570099106	0.1519
6	32192331	rs3096702	6	32257444	rs527364052	0.1519
6	32192331	rs3096702	6	32259527	rs9268148	0.125535
6	32192331	rs3096702	6	32259923	rs17422727	0.108026
6	32192331	rs3096702	6	32262406	rs6457535	0.197642
6	32192331	rs3096702	6	32263099	rs9268149	0.11648
6	32192331	rs3096702	6	32266021	rs9268154	0.125535
6	32192331	rs3096702	6	32266310	rs9268155	0.125535
6	32192331	rs3096702	6	32269739	rs79961780	0.203122
6	32192331	rs3096702	6	32269742	rs564596460	0.203122
6	32192331	rs3096702	6	32269745	rs573343537	0.203122
6	32192331	rs3096702	6	32273060	rs522254	0.246577
6	32192331	rs3096702	6	32275565	rs28366176	0.108026
6	32192331	rs3096702	6	32276192	rs28366177	0.108907
6	32192331	rs3096702	6	32276275	rs28366178	0.108907
6	32192331	rs3096702	6	32276351	rs9268185	0.197642
6	32192331	rs3096702	6	32278635	rs9268199	0.125253
6	32192331	rs3096702	6	32279938	rs9268205	0.125535
6	32192331	rs3096702	6	32281412	rs28366179	0.108061
6	32192331	rs3096702	6	32282854	rs6910071	0.246577
6	32192331	rs3096702	6	32284657	rs12661557	0.108026
6	32192331	rs3096702	6	32288089	rs6920338	0.200801
6	32192331	rs3096702	6	32289390	rs9268234	0.125535
6	32400939	rs3129859	6	32096001	rs3130288	0.164901
6	32400939	rs3129859	6	32102306	rs147634411	0.102126
6	32400939	rs3129859	6	32131972	rs3132941	0.164901
6	32400939	rs3129859	6	32143478	rs115463529	0.105439
6	32400939	rs3129859	6	32153406	rs169504	0.163954
6	32400939	rs3129859	6	32159956	rs3134605	0.134619
6	32400939	rs3129859	6	32161366	rs204991	0.133437
6	32400939	rs3129859	6	32161430	rs204990	0.133437
6	32400939	rs3129859	6	32161852	rs204989	0.133437
6	32400939	rs3129859	6	32165444	rs2071278	0.238231
6	32400939	rs3129859	6	32168771	rs3134942	0.21996
6	32400939	rs3129859	6	32171075	rs3132935	0.137672
6	32400939	rs3129859	6	32171134	rs538082098	0.238231
6	32400939	rs3129859	6	32172993	rs3131296	0.21996
6	32400939	rs3129859	6	32175331	rs3130291	0.136313
6	32400939	rs3129859	6	32176208	rs3130292	0.136313
6	32400939	rs3129859	6	32176782	rs3132947	0.136313
6	32400939	rs3129859	6	32177671	rs36069395	0.13277
6	32400939	rs3129859	6	32179438	rs3132956	0.225568
6	32400939	rs3129859	6	32187637	rs8192589	0.215302
6	32400939	rs3129859	6	32189921	rs3134796	0.229537
6	32400939	rs3129859	6	32191620	rs3134930	0.125365
6	32400939	rs3129859	6	32191658	rs548737956;rs534749933	0.140885
6	32400939	rs3129859	6	32194630	rs3096690	0.168738
6	32400939	rs3129859	6	32198981	rs3130297	0.167763
6	32400939	rs3129859	6	32199144	rs377763	0.175251
6	32400939	rs3129859	6	32200501	rs557069117	0.13253
6	32400939	rs3129859	6	32201279	rs6918888	0.228422
6	32400939	rs3129859	6	32201526	rs3096692	0.233284
6	32400939	rs3129859	6	32202221	rs9267893	0.16404
6	32400939	rs3129859	6	32203876	rs138828503	0.233284
6	32400939	rs3129859	6	32204657	rs3134925	0.233284
6	32400939	rs3129859	6	32204684	rs3134924	0.233284
6	32400939	rs3129859	6	32204819	rs527749768	0.233284
6	32400939	rs3129859	6	32205572	rs561980536	0.230315
6	32400939	rs3129859	6	32205867	rs3130303	0.233284
6	32400939	rs3129859	6	32205942	rs6901158	0.233284
6	32400939	rs3129859	6	32206243	rs9267920	0.208778
6	32400939	rs3129859	6	32206374	rs564872200	0.208778
6	32400939	rs3129859	6	32206619	rs113547322	0.131704
6	32400939	rs3129859	6	32208697	rs376549	0.0920955
6	32400939	rs3129859	6	32208882	rs12526104	0.134771
6	32400939	rs3129859	6	32209198	rs12529559	0.21138
6	32400939	rs3129859	6	32218120	rs529729079	0.180028
6	32400939	rs3129859	6	32219898	rs558281186	0.180028
6	32400939	rs3129859	6	32223109	rs3130319	0.103492
6	32400939	rs3129859	6	32226481	rs9268026	0.180028
6	32400939	rs3129859	6	32227556	rs111750542	0.215006
6	32400939	rs3129859	6	32229989	rs146576271	0.180028
6	32400939	rs3129859	6	32230256	rs3132971	0.180028
6	32400939	rs3129859	6	32231895	rs9279546	0.146489
6	32400939	rs3129859	6	32232652	rs9268072	0.0920967
6	32400939	rs3129859	6	32233100	rs9268075	0.180028
6	32400939	rs3129859	6	32234993	rs3096683	0.106068
6	32400939	rs3129859	6	32237260	rs9268084	0.106068
6	32400939	rs3129859	6	32237926	rs6913182	0.0920967
6	32400939	rs3129859	6	32240072	rs3115556	0.180028
6	32400939	rs3129859	6	32240813	rs9268097	0.106068
6	32400939	rs3129859	6	32245370	rs9268103	0.0920967
6	32400939	rs3129859	6	32252132	rs9268123	0.180028
6	32400939	rs3129859	6	32252507	rs9268124	0.109424
6	32400939	rs3129859	6	32253559	rs9268127	0.106068
6	32400939	rs3129859	6	32253724	rs151025263	0.180028
6	32400939	rs3129859	6	32255236	rs527288680	0.0920967
6	32400939	rs3129859	6	32255507	rs9268139	0.106068
6	32400939	rs3129859	6	32257199	rs9268144	0.180028
6	32400939	rs3129859	6	32259527	rs9268148	0.0920967
6	32400939	rs3129859	6	32261252	rs7775397	0.180028
6	32400939	rs3129859	6	32263099	rs9268149	0.104191
6	32400939	rs3129859	6	32263458	rs6910668	0.106068
6	32400939	rs3129859	6	32263663	rs9268152	0.180028
6	32400939	rs3129859	6	32264179	rs9268153	0.106068
6	32400939	rs3129859	6	32265528	rs17422797	0.199574
6	32400939	rs3129859	6	32266021	rs9268154	0.0920967
6	32400939	rs3129859	6	32266310	rs9268155	0.0920967
6	32400939	rs3129859	6	32266795	rs7745174	0.106068
6	32400939	rs3129859	6	32269457	rs9268158	0.180028
6	32400939	rs3129859	6	32272310	rs12660769	0.126189
6	32400939	rs3129859	6	32274882	rs9268177	0.180028
6	32400939	rs3129859	6	32275621	rs9268178	0.180028
6	32400939	rs3129859	6	32277371	rs9268193	0.180028
6	32400939	rs3129859	6	32277509	rs113136355	0.215006
6	32400939	rs3129859	6	32279938	rs9268205	0.0920967
6	32400939	rs3129859	6	32280591	rs9268208	0.163969
6	32400939	rs3129859	6	32284108	rs9268219	0.173816
6	32400939	rs3129859	6	32284340	rs9268220	0.106068
6	32400939	rs3129859	6	32285362	rs116667074	0.180028
6	32400939	rs3129859	6	32286685	rs2022542	0.200914
6	32400939	rs3129859	6	32287754	rs9268231	0.106068
6	32400939	rs3129859	6	32288952	rs7751715	0.180028
6	32400939	rs3129859	6	32289358	rs7756177	0.101996
6	32400939	rs3129859	6	32289390	rs9268234	0.0920967
6	32400939	rs3129859	6	32289808	rs72849457	0.212267
6	32400939	rs3129859	6	32290208	rs9268235	0.180028
