CHR_A	BP_A	SNP_A	CHR_B	BP_B	SNP_B	R2
6	153432566	rs3968480	6	153333082	rs36102124	0.109811
6	153432566	rs3968480	6	153333440	rs502415	0.109811
6	153432566	rs3968480	6	153333883	rs506219	0.109811
6	153432566	rs3968480	6	153335954	rs567425	0.110932
6	153432566	rs3968480	6	153336896	rs486490	0.1105
6	153432566	rs3968480	6	153337034	rs487560	0.115825
6	153432566	rs3968480	6	153340412	rs637384	0.130453
6	153432566	rs3968480	6	153340721	rs625945	0.123735
6	153432566	rs3968480	6	153341233	rs201619676	0.122966
6	153432566	rs3968480	6	153343952	rs688092	0.122966
6	153432566	rs3968480	6	153344786	rs673999	0.0928395
6	153432566	rs3968480	6	153345185	rs672170	0.0928395
6	153432566	rs3968480	6	153345309	rs545323	0.122966
6	153432566	rs3968480	6	153346281	rs35138283	0.125611
6	153432566	rs3968480	6	153350709	rs537266400	0.17731
6	153432566	rs3968480	6	153352156	rs1292829	0.142009
6	153432566	rs3968480	6	153352474	rs7774354	0.181348
6	153432566	rs3968480	6	153355436	rs677197	0.152925
6	153432566	rs3968480	6	153356003	rs11155889	0.104542
6	153432566	rs3968480	6	153356267	rs10872694	0.104012
6	153432566	rs3968480	6	153357456	rs523555	0.0901272
6	153432566	rs3968480	6	153357921	rs6900159	0.250964
6	153432566	rs3968480	6	153357964	rs1292834	0.0923365
6	153432566	rs3968480	6	153358706	rs34578638	0.0955357
6	153432566	rs3968480	6	153363869	rs6914363	0.0952734
6	153432566	rs3968480	6	153364643	rs7755574	0.34299
6	153432566	rs3968480	6	153365100	rs2295230	0.345709
6	153432566	rs3968480	6	153365348	rs2295231	0.345709
6	153432566	rs3968480	6	153365384	rs2295232	0.345709
6	153432566	rs3968480	6	153365834	rs1338071	0.345709
6	153432566	rs3968480	6	153365841	rs1338070	0.345709
6	153432566	rs3968480	6	153367347	rs7763717	0.345709
6	153432566	rs3968480	6	153367356	rs11394097	0.345709
6	153432566	rs3968480	6	153367594	rs2349199	0.345709
6	153432566	rs3968480	6	153367613	rs7767938	0.443984
6	153432566	rs3968480	6	153367910	rs4599660	0.345709
6	153432566	rs3968480	6	153367947	rs970559	0.18015
6	153432566	rs3968480	6	153368062	rs9397579	0.345709
6	153432566	rs3968480	6	153368153	rs9397124	0.345709
6	153432566	rs3968480	6	153368195	rs9478383	0.107007
6	153432566	rs3968480	6	153368353	rs9371658	0.345709
6	153432566	rs3968480	6	153368447	rs9397125	0.345709
6	153432566	rs3968480	6	153368561	rs9397126	0.344344
6	153432566	rs3968480	6	153368756	rs9479485	0.345709
6	153432566	rs3968480	6	153369161	rs9371276	0.348471
6	153432566	rs3968480	6	153369336	rs9384067	0.348471
6	153432566	rs3968480	6	153370304	rs12211062	0.18015
6	153432566	rs3968480	6	153370886	rs557502080;rs71773340	0.288445
6	153432566	rs3968480	6	153370902	rs9384069	0.348471
6	153432566	rs3968480	6	153371002	rs9479487	0.348471
6	153432566	rs3968480	6	153371328	rs7761503	0.348471
6	153432566	rs3968480	6	153371503	rs7761831	0.344408
6	153432566	rs3968480	6	153371768	rs7747583	0.348471
6	153432566	rs3968480	6	153372108	rs6910440	0.348471
6	153432566	rs3968480	6	153372172	rs6930145	0.348471
6	153432566	rs3968480	6	153372444	rs11155890	0.18015
6	153432566	rs3968480	6	153372681	rs1415890	0.348471
6	153432566	rs3968480	6	153372684	rs1415891	0.348471
6	153432566	rs3968480	6	153373145	rs1415892	0.348471
6	153432566	rs3968480	6	153373230	rs9384070	0.348471
6	153432566	rs3968480	6	153373764	rs78763654	0.348471
6	153432566	rs3968480	6	153373975	rs28495170	0.348471
6	153432566	rs3968480	6	153374001	rs28628884	0.348471
6	153432566	rs3968480	6	153374165	rs61104729	0.348471
6	153432566	rs3968480	6	153374197	rs9397127	0.348471
6	153432566	rs3968480	6	153374449	rs9383642	0.283856
6	153432566	rs3968480	6	153374482	rs9383643	0.349868
6	153432566	rs3968480	6	153374555	rs9371660	0.348471
6	153432566	rs3968480	6	153375060	rs544012575	0.348471
6	153432566	rs3968480	6	153375159	rs576339946	0.440235
6	153432566	rs3968480	6	153375212	rs71549140;rs202237473	0.099017
6	153432566	rs3968480	6	153375468	rs4527723	0.348471
6	153432566	rs3968480	6	153375536	rs56228568	0.179464
6	153432566	rs3968480	6	153375702	rs4495281	0.348471
6	153432566	rs3968480	6	153375839	rs7773325	0.348471
6	153432566	rs3968480	6	153375874	rs11389990	0.348471
6	153432566	rs3968480	6	153375888	rs9322408	0.348471
6	153432566	rs3968480	6	153375907	rs7749708	0.320794
6	153432566	rs3968480	6	153376268	rs7750297	0.348471
6	153432566	rs3968480	6	153376417	rs7750497	0.348471
6	153432566	rs3968480	6	153377217	rs9371277	0.348471
6	153432566	rs3968480	6	153377227	rs9383644	0.348471
6	153432566	rs3968480	6	153377229	rs9371278	0.348471
6	153432566	rs3968480	6	153377320	rs9371663	0.348471
6	153432566	rs3968480	6	153377440	rs9371664	0.348471
6	153432566	rs3968480	6	153377807	rs1933258	0.348471
6	153432566	rs3968480	6	153377853	rs4318889	0.349868
6	153432566	rs3968480	6	153378061	rs6934238	0.348471
6	153432566	rs3968480	6	153378090	rs6935593	0.348471
6	153432566	rs3968480	6	153378204	rs6935771	0.348471
6	153432566	rs3968480	6	153378412	rs12216454	0.186222
6	153432566	rs3968480	6	153378570	rs9397129	0.348471
6	153432566	rs3968480	6	153378876	rs9371279	0.346395
6	153432566	rs3968480	6	153378895	rs9384074	0.348471
6	153432566	rs3968480	6	153379163	rs1933259	0.348471
6	153432566	rs3968480	6	153379377	rs1933260	0.348471
6	153432566	rs3968480	6	153379454	rs1933261	0.348471
6	153432566	rs3968480	6	153379593	rs6925834	0.348471
6	153432566	rs3968480	6	153379662	rs6902703	0.348471
6	153432566	rs3968480	6	153379664	rs6903981	0.348471
6	153432566	rs3968480	6	153380033	rs34700376	0.13282
6	153432566	rs3968480	6	153380228	rs7762794	0.348471
6	153432566	rs3968480	6	153380434	rs1338065	0.348471
6	153432566	rs3968480	6	153380462	rs1338066	0.348471
6	153432566	rs3968480	6	153380668	rs1338067	0.348471
6	153432566	rs3968480	6	153380993	rs2349432	0.348471
6	153432566	rs3968480	6	153381265	rs11384172	0.348471
6	153432566	rs3968480	6	153381622	rs2185027	0.348471
6	153432566	rs3968480	6	153381725	rs2152964	0.344408
6	153432566	rs3968480	6	153382144	rs12202601	0.106052
6	153432566	rs3968480	6	153382225	rs3904837	0.348471
6	153432566	rs3968480	6	153382841	rs78812565	0.348471
6	153432566	rs3968480	6	153383590	rs9397581	0.446531
6	153432566	rs3968480	6	153383755	rs2349433	0.348471
6	153432566	rs3968480	6	153384196	rs1933262	0.187659
6	153432566	rs3968480	6	153384438	rs6557255	0.348471
6	153432566	rs3968480	6	153384633	rs6557256	0.348471
6	153432566	rs3968480	6	153384664	rs7768164	0.283426
6	153432566	rs3968480	6	153385092	rs78879892	0.148622
6	153432566	rs3968480	6	153385637	rs6557257	0.348471
6	153432566	rs3968480	6	153385764	rs150796540	0.171771
6	153432566	rs3968480	6	153386932	rs6914676	0.348471
6	153432566	rs3968480	6	153386942	rs6913406	0.344408
6	153432566	rs3968480	6	153387288	rs9371666	0.348471
6	153432566	rs3968480	6	153387390	rs9384075	0.348471
6	153432566	rs3968480	6	153387430	rs6937857	0.348471
6	153432566	rs3968480	6	153388095	rs6904954	0.348471
6	153432566	rs3968480	6	153388181	rs113209459	0.454682
6	153432566	rs3968480	6	153388414	rs9479490	0.348471
6	153432566	rs3968480	6	153388522	rs9397584	0.348471
6	153432566	rs3968480	6	153388815	rs1856296	0.348471
6	153432566	rs3968480	6	153389426	rs112545271	0.348471
6	153432566	rs3968480	6	153389837	rs4869778	0.348471
6	153432566	rs3968480	6	153390453	rs7750523	0.348471
6	153432566	rs3968480	6	153390496	rs7750557	0.348471
6	153432566	rs3968480	6	153390797	rs4870164	0.348471
6	153432566	rs3968480	6	153391358	rs1933263	0.348471
6	153432566	rs3968480	6	153391618	rs1933264	0.446531
6	153432566	rs3968480	6	153391808	rs150568257	0.36378
6	153432566	rs3968480	6	153391843	rs138633492	0.416481
6	153432566	rs3968480	6	153392002	rs12527426	0.349868
6	153432566	rs3968480	6	153392908	rs9478384	0.348471
6	153432566	rs3968480	6	153394078	rs34373600	0.502329
6	153432566	rs3968480	6	153394186	rs9479493	0.100301
6	153432566	rs3968480	6	153394728	rs4385321	0.50448
6	153432566	rs3968480	6	153395344	rs1538247	0.588905
6	153432566	rs3968480	6	153395594	rs9371670	0.498134
6	153432566	rs3968480	6	153396875	rs9397585	0.512486
6	153432566	rs3968480	6	153397299	rs6927659	0.431354
6	153432566	rs3968480	6	153397429	rs6927884	0.431354
6	153432566	rs3968480	6	153397958	rs9479495	0.241182
6	153432566	rs3968480	6	153398110	rs9479496	0.304153
6	153432566	rs3968480	6	153398115	rs199847483	0.138626
6	153432566	rs3968480	6	153398116	rs9479497	0.315756
6	153432566	rs3968480	6	153398117	rs200625259	0.138626
6	153432566	rs3968480	6	153398180	rs78964424	0.116883
6	153432566	rs3968480	6	153398279	rs9479498	0.294245
6	153432566	rs3968480	6	153398477	rs11431780	0.615638
6	153432566	rs3968480	6	153398700	rs17083510	0.307071
6	153432566	rs3968480	6	153399014	rs527939406;rs149812866	0.132178
6	153432566	rs3968480	6	153399195	rs12209140	0.307071
6	153432566	rs3968480	6	153399228	rs144881725	0.116883
6	153432566	rs3968480	6	153399655	rs6901945	0.307071
6	153432566	rs3968480	6	153399737	rs6916910	0.294245
6	153432566	rs3968480	6	153399740	rs148875948	0.307071
6	153432566	rs3968480	6	153400069	rs146854737	0.307071
6	153432566	rs3968480	6	153400217	rs112637774	0.15893
6	153432566	rs3968480	6	153400279	rs9479499	0.307071
6	153432566	rs3968480	6	153400305	rs9479500	0.307071
6	153432566	rs3968480	6	153400418	rs9479501	0.165217
6	153432566	rs3968480	6	153401046	rs10872697	0.307071
6	153432566	rs3968480	6	153401202	rs137992290	0.116883
6	153432566	rs3968480	6	153401305	rs144841061	0.116883
6	153432566	rs3968480	6	153402209	rs57559904	0.116883
6	153432566	rs3968480	6	153402477	rs9478385	0.307071
6	153432566	rs3968480	6	153402680	rs74651148	0.116883
6	153432566	rs3968480	6	153402698	rs9479502	0.307071
6	153432566	rs3968480	6	153402830	rs9478386	0.307071
6	153432566	rs3968480	6	153402841	rs6920313	0.616888
6	153432566	rs3968480	6	153402903	rs9478387	0.294245
6	153432566	rs3968480	6	153403812	rs9479503	0.307071
6	153432566	rs3968480	6	153403820	rs9478388	0.307071
6	153432566	rs3968480	6	153404161	rs11155892	0.307071
6	153432566	rs3968480	6	153404237	rs11155893	0.307071
6	153432566	rs3968480	6	153404250	rs11155894	0.307071
6	153432566	rs3968480	6	153404330	rs77831234	0.116883
6	153432566	rs3968480	6	153404825	rs9479504	0.558822
6	153432566	rs3968480	6	153405328	rs10499270	0.116883
6	153432566	rs3968480	6	153405793	rs9322409	0.291405
6	153432566	rs3968480	6	153406421	rs17083514	0.116883
6	153432566	rs3968480	6	153406495	rs56928083	0.116883
6	153432566	rs3968480	6	153406657	rs687508	0.308785
6	153432566	rs3968480	6	153407049	rs140502447	0.116883
6	153432566	rs3968480	6	153407175	rs626671	0.292637
6	153432566	rs3968480	6	153407553	rs674882	0.308785
6	153432566	rs3968480	6	153407709	rs639475	0.292637
6	153432566	rs3968480	6	153407846	rs676199	0.559891
6	153432566	rs3968480	6	153408202	rs56265308	0.302499
6	153432566	rs3968480	6	153408248	esv3611291	0.319044
6	153432566	rs3968480	6	153408708	rs582367	0.303237
6	153432566	rs3968480	6	153408920	rs654845	0.302499
6	153432566	rs3968480	6	153408950	rs583665	0.302499
6	153432566	rs3968480	6	153409368	rs595832	0.319044
6	153432566	rs3968480	6	153409860	rs828925	0.305821
6	153432566	rs3968480	6	153410066	rs146708539	0.305821
6	153432566	rs3968480	6	153410547	rs4130523	0.116883
6	153432566	rs3968480	6	153410671	rs3897904	0.116883
6	153432566	rs3968480	6	153411095	rs17712040	0.279241
6	153432566	rs3968480	6	153411255	rs685826	0.305821
6	153432566	rs3968480	6	153411380	rs589019	0.305821
6	153432566	rs3968480	6	153411853	rs79555052	0.116883
6	153432566	rs3968480	6	153411986	rs71017579	0.533064
6	153432566	rs3968480	6	153412476	rs3910736	0.646977
6	153432566	rs3968480	6	153412477	rs3910737	0.65135
6	153432566	rs3968480	6	153412938	rs6557259	0.634299
6	153432566	rs3968480	6	153413204	rs6557260	0.129351
6	153432566	rs3968480	6	153413274	rs618173	0.591995
6	153432566	rs3968480	6	153413309	rs7740777	0.94119
6	153432566	rs3968480	6	153413460	rs655370	0.591995
6	153432566	rs3968480	6	153414273	rs9371280	0.932891
6	153432566	rs3968480	6	153414287	rs9397586	0.925043
6	153432566	rs3968480	6	153415217	rs551993434	0.521764
6	153432566	rs3968480	6	153415368	rs6557261	0.936968
6	153432566	rs3968480	6	153415651	rs9479505	0.936968
6	153432566	rs3968480	6	153416133	rs7756810	0.936968
6	153432566	rs3968480	6	153416912	rs9397587	0.933009
6	153432566	rs3968480	6	153419154	rs66756034	0.109672
6	153432566	rs3968480	6	153421545	rs11155895	0.929086
6	153432566	rs3968480	6	153421680	rs35700246	0.142201
6	153432566	rs3968480	6	153422140	rs9371672	0.605063
6	153432566	rs3968480	6	153423057	rs1281970	0.591995
6	153432566	rs3968480	6	153423921	rs514784	0.141217
6	153432566	rs3968480	6	153424055	rs7750498	0.932632
6	153432566	rs3968480	6	153425113	rs62438272	0.129351
6	153432566	rs3968480	6	153425244	rs1971152	0.936968
6	153432566	rs3968480	6	153426083	rs145895302	0.129351
6	153432566	rs3968480	6	153426679	rs3870364	0.95389
6	153432566	rs3968480	6	153426932	rs3870365	0.9495
6	153432566	rs3968480	6	153427265	rs9479509	0.640048
6	153432566	rs3968480	6	153427517	rs9479510	0.962323
6	153432566	rs3968480	6	153427706	rs4083914	1
6	153432566	rs3968480	6	153428068	rs28642896	1
6	153432566	rs3968480	6	153428102	rs9383649	1
6	153432566	rs3968480	6	153428297	rs9383650	1
6	153432566	rs3968480	6	153428611	rs7742238	1
6	153432566	rs3968480	6	153428685	rs11417971;rs73785752	1
6	153432566	rs3968480	6	153428982	rs7747003	1
6	153432566	rs3968480	6	153429447	rs17083581	1
6	153432566	rs3968480	6	153429856	esv3611294	0.500336
6	153432566	rs3968480	6	153430305	rs570624213;rs547417250	0.995495
6	153432566	rs3968480	6	153430451	rs6931160	1
6	153432566	rs3968480	6	153430794	rs35445951	1
6	153432566	rs3968480	6	153430867	rs9384077	1
6	153432566	rs3968480	6	153430868	rs63739861	1
6	153432566	rs3968480	6	153431125	rs12055786	1
6	153432566	rs3968480	6	153431376	rs1281962	0.633731
6	153432566	rs3968480	6	153432259	rs4267963	1
6	153432566	rs3968480	6	153432566	rs3968480	1
6	153432566	rs3968480	6	153432697	rs4631302	1
6	153432566	rs3968480	6	153432917	rs146962429	0.0982073
6	153432566	rs3968480	6	153432985	rs7743683	1
6	153432566	rs3968480	6	153433208	rs7745216	1
6	153432566	rs3968480	6	153433402	rs6557265	1
6	153432566	rs3968480	6	153433534	rs6557266	1
6	153432566	rs3968480	6	153433542	rs6907823	1
6	153432566	rs3968480	6	153433701	rs6557267	0.995727
6	153432566	rs3968480	6	153433726	rs6557268	1
6	153432566	rs3968480	6	153433763	rs6557269	1
6	153432566	rs3968480	6	153433764	rs6557270	1
6	153432566	rs3968480	6	153433932	rs4470859	1
6	153432566	rs3968480	6	153434070	rs4481443	1
6	153432566	rs3968480	6	153434922	rs540908	0.149259
6	153432566	rs3968480	6	153435639	rs4634469	0.995727
6	153432566	rs3968480	6	153437376	rs9479514	0.280922
6	153432566	rs3968480	6	153437499	rs76532655	0.419523
6	153432566	rs3968480	6	153437735	rs6557271	0.672038
6	153432566	rs3968480	6	153438114	rs6557272	0.995727
6	153432566	rs3968480	6	153438573	rs6932473	0.672038
6	153432566	rs3968480	6	153439767	rs3870366	0.995727
6	153432566	rs3968480	6	153439999	rs6939447	0.995727
6	153432566	rs3968480	6	153440062	rs6901126	0.995727
6	153432566	rs3968480	6	153440197	rs6917538	0.995727
6	153432566	rs3968480	6	153440515	rs9384082	0.995727
6	153432566	rs3968480	6	153440711	rs7740380	0.995727
6	153432566	rs3968480	6	153440770	rs7758002	0.995727
6	153432566	rs3968480	6	153441079	rs1933488	0.995727
6	153432566	rs3968480	6	153441733	rs1442744	1
6	153432566	rs3968480	6	153441831	rs6927516	1
6	153432566	rs3968480	6	153441895	rs6912850	0.301263
6	153432566	rs3968480	6	153441915	rs12195298	0.127202
6	153432566	rs3968480	6	153441982	rs5881013	1
6	153432566	rs3968480	6	153442482	rs12210305	0.127202
6	153432566	rs3968480	6	153442789	rs9479517	1
6	153432566	rs3968480	6	153442795	rs12204238	0.127202
6	153432566	rs3968480	6	153442984	rs12197280	0.127202
6	153432566	rs3968480	6	153443060	rs12197245	0.127202
6	153432566	rs3968480	6	153443159	rs6557273	0.672038
6	153432566	rs3968480	6	153443497	rs7771073	0.127202
6	153432566	rs3968480	6	153443590	rs7760549	0.127202
6	153432566	rs3968480	6	153443985	rs12206274	0.127202
6	153432566	rs3968480	6	153444065	rs547649979	0.14993
6	153432566	rs3968480	6	153444088	rs570711	0.10801
6	153432566	rs3968480	6	153444394	rs12200648	0.127202
6	153432566	rs3968480	6	153444492	rs12207848	0.127202
6	153432566	rs3968480	6	153444757	rs12200893	0.127202
6	153432566	rs3968480	6	153444997	rs6926612	0.127202
6	153432566	rs3968480	6	153445509	rs62435968	0.127202
6	153432566	rs3968480	6	153445573	rs12210200	0.127202
6	153432566	rs3968480	6	153445622	rs12210108	0.127202
6	153432566	rs3968480	6	153445756	rs12196712	0.127202
6	153432566	rs3968480	6	153445965	rs9371676	0.672038
6	153432566	rs3968480	6	153446191	rs1281967	0.637704
6	153432566	rs3968480	6	153446753	rs12212265	0.127202
6	153432566	rs3968480	6	153446852	rs12529375	0.279588
6	153432566	rs3968480	6	153447516	rs13215045	0.681613
6	153432566	rs3968480	6	153447550	rs13215402	1
6	153432566	rs3968480	6	153447578	rs150278734	0.664352
6	153432566	rs3968480	6	153447836	rs77248137	0.214844
6	153432566	rs3968480	6	153448252	rs6934121	1
6	153432566	rs3968480	6	153448307	rs6932847	0.672038
6	153432566	rs3968480	6	153448944	rs12216195	0.127202
6	153432566	rs3968480	6	153449670	rs2119992	1
6	153432566	rs3968480	6	153450489	rs611499	0.628324
6	153432566	rs3968480	6	153453987	rs12198739	0.139798
6	153432566	rs3968480	6	153454443	rs62435969	0.139798
6	153432566	rs3968480	6	153455047	rs7453823	0.139798
6	153432566	rs3968480	6	153455185	rs4091727	0.139798
6	153432566	rs3968480	6	153455246	rs67348310	0.117216
6	153432566	rs3968480	6	153455896	rs10457885	0.139798
6	153432566	rs3968480	6	153455994	rs672341	0.383402
6	153432566	rs3968480	6	153456868	rs67592169;rs574766311	0.134479
6	153432566	rs3968480	6	153457053	rs596359	0.153209
6	153432566	rs3968480	6	153457464	rs1281960	0.153209
6	153432566	rs3968480	6	153457548	rs1281959	0.153209
6	153432566	rs3968480	6	153457680	rs1281958	0.378308
6	153432566	rs3968480	6	153457812	rs609834	0.153209
6	153432566	rs3968480	6	153458348	rs1281956	0.383402
6	153432566	rs3968480	6	153458884	rs147648719	0.145706
6	153432566	rs3968480	6	153459321	rs71857506	0.139798
6	153432566	rs3968480	6	153459444	rs1281955	0.378308
6	153432566	rs3968480	6	153459796	rs639286	0.383402
6	153432566	rs3968480	6	153459904	rs74419430	0.378472
6	153432566	rs3968480	6	153459917	rs80189992	0.153209
6	153432566	rs3968480	6	153459953	rs650726	0.153209
6	153432566	rs3968480	6	153460331	rs1281954	0.153209
6	153432566	rs3968480	6	153461109	rs635023	0.383402
6	153432566	rs3968480	6	153461574	rs12203742	0.139798
6	153432566	rs3968480	6	153462029	rs1281953	0.383402
6	153432566	rs3968480	6	153462396	rs1281952	0.383402
6	153432566	rs3968480	6	153462557	rs1281951	0.383402
6	153432566	rs3968480	6	153463135	rs685162	0.383402
6	153432566	rs3968480	6	153463915	rs683039	0.156443
6	153432566	rs3968480	6	153463984	rs11325422	0.383402
6	153432566	rs3968480	6	153464156	rs592410	0.153209
6	153432566	rs3968480	6	153464231	rs564723	0.153209
6	153432566	rs3968480	6	153464506	rs669929	0.160974
6	153432566	rs3968480	6	153465230	rs607335	0.375298
6	153432566	rs3968480	6	153465288	rs485381	0.383402
6	153432566	rs3968480	6	153465338	rs62435972	0.139798
6	153432566	rs3968480	6	153465428	rs62435973	0.139798
6	153432566	rs3968480	6	153465453	rs76775310	0.139798
6	153432566	rs3968480	6	153465644	rs62435974	0.139798
6	153432566	rs3968480	6	153466268	rs562101173;rs562101173;rs539608236	0.374249
6	153432566	rs3968480	6	153466458	rs12203058	0.132468
6	153432566	rs3968480	6	153466478	rs623428	0.383402
6	153432566	rs3968480	6	153466836	rs76621028	0.139798
6	153432566	rs3968480	6	153466959	rs652378	0.153209
6	153432566	rs3968480	6	153467469	rs1281950	0.383402
6	153432566	rs3968480	6	153467635	rs10457886	0.139798
6	153432566	rs3968480	6	153468733	rs1281949	0.383402
6	153432566	rs3968480	6	153468806	rs1281948	0.153209
6	153432566	rs3968480	6	153469781	rs200666103	0.139798
6	153432566	rs3968480	6	153471311	rs1281973	0.146813
6	153432566	rs3968480	6	153471627	rs12529475	0.122433
6	153432566	rs3968480	6	153471649	rs75291505	0.139798
6	153432566	rs3968480	6	153472227	rs687694	0.0977178
6	153432566	rs3968480	6	153472879	rs1281975	0.305896
6	153432566	rs3968480	6	153472892	rs1281976	0.305896
6	153432566	rs3968480	6	153473093	rs1281977	0.31064
6	153432566	rs3968480	6	153473232	rs1281978	0.147699
6	153432566	rs3968480	6	153475297	rs642807	0.147699
6	153432566	rs3968480	6	153475561	rs9322410	0.119537
6	153432566	rs3968480	6	153478557	rs678278	0.155336
6	153432566	rs3968480	6	153479575	rs1281980	0.301939
6	153432566	rs3968480	6	153480372	rs142357963	0.148468
6	153432566	rs3968480	6	153480612	rs664713	0.148468
6	153432566	rs3968480	6	153480678	rs648145	0.148468
6	153432566	rs3968480	6	153481120	rs150553285	0.287112
6	153432566	rs3968480	6	153481150	rs1281982	0.287112
6	153432566	rs3968480	6	153481185	rs1281983	0.147282
6	153432566	rs3968480	6	153481328	rs645037	0.148468
6	153432566	rs3968480	6	153481789	rs2584890	0.289571
6	153432566	rs3968480	6	153482056	rs2584889	0.148468
6	153432566	rs3968480	6	153482115	rs369307920	0.289571
6	153432566	rs3968480	6	153482116	rs372819969	0.289571
6	153432566	rs3968480	6	153482117	rs377338175	0.289571
6	153432566	rs3968480	6	153482118	rs537175913	0.289571
6	153432566	rs3968480	6	153482119	rs553582413	0.289571
6	153432566	rs3968480	6	153483603	rs1124016	0.148468
6	153432566	rs3968480	6	153483722	rs5881014	0.148468
6	153432566	rs3968480	6	153484699	rs1281985	0.148468
6	153432566	rs3968480	6	153484998	rs1281986	0.148468
6	153432566	rs3968480	6	153485281	rs1372816	0.289571
6	153432566	rs3968480	6	153485854	rs1281987	0.148468
6	153432566	rs3968480	6	153487030	rs674551	0.148468
6	153432566	rs3968480	6	153488244	rs1281988	0.289571
6	153432566	rs3968480	6	153488894	rs66750359	0.289571
6	153432566	rs3968480	6	153489887	rs11398773	0.148468
6	153432566	rs3968480	6	153490211	rs1281991	0.146506
6	153432566	rs3968480	6	153490288	rs1281992	0.148468
6	153432566	rs3968480	6	153490500	rs1281993	0.148468
6	153432566	rs3968480	6	153491128	rs603189	0.289571
6	153432566	rs3968480	6	153491362	rs1281994	0.148468
6	153432566	rs3968480	6	153491660	rs1281995	0.144126
6	153432566	rs3968480	6	153493233	rs144044428	0.202284
6	153432566	rs3968480	6	153493694	rs9479532	0.240664
6	153432566	rs3968480	6	153495023	rs55705933	0.18803
6	153432566	rs3968480	6	153495323	rs9478393	0.240664
6	153432566	rs3968480	6	153496061	rs9479534	0.240664
6	153432566	rs3968480	6	153496118	rs59792622	0.112821
6	153432566	rs3968480	6	153496654	rs4869781	0.240664
6	153432566	rs3968480	6	153496718	rs4870173	0.240664
6	153432566	rs3968480	6	153499921	rs4869783	0.240664
6	153432566	rs3968480	6	153502539	rs9479539	0.115757
6	153432566	rs3968480	6	153502902	rs35050592	0.116653
6	153432566	rs3968480	6	153503386	rs9478395	0.115032
6	153441079	rs1933488	6	153333082	rs36102124	0.106196
6	153441079	rs1933488	6	153333440	rs502415	0.106196
6	153441079	rs1933488	6	153333883	rs506219	0.106196
6	153441079	rs1933488	6	153335954	rs567425	0.107281
6	153441079	rs1933488	6	153336896	rs486490	0.10678
6	153441079	rs1933488	6	153337034	rs487560	0.11214
6	153441079	rs1933488	6	153340412	rs637384	0.126681
6	153441079	rs1933488	6	153340721	rs625945	0.119958
6	153441079	rs1933488	6	153341233	rs201619676	0.119194
6	153441079	rs1933488	6	153343952	rs688092	0.119194
6	153441079	rs1933488	6	153345309	rs545323	0.119194
6	153441079	rs1933488	6	153346281	rs35138283	0.121888
6	153441079	rs1933488	6	153350709	rs537266400	0.179619
6	153441079	rs1933488	6	153352156	rs1292829	0.139258
6	153441079	rs1933488	6	153352474	rs7774354	0.183678
6	153441079	rs1933488	6	153355436	rs677197	0.150194
6	153441079	rs1933488	6	153356003	rs11155889	0.103523
6	153441079	rs1933488	6	153356267	rs10872694	0.102988
6	153441079	rs1933488	6	153357921	rs6900159	0.254126
6	153441079	rs1933488	6	153358706	rs34578638	0.0969223
6	153441079	rs1933488	6	153363869	rs6914363	0.0966457
6	153441079	rs1933488	6	153364643	rs7755574	0.342782
6	153441079	rs1933488	6	153365100	rs2295230	0.345527
6	153441079	rs1933488	6	153365348	rs2295231	0.345527
6	153441079	rs1933488	6	153365384	rs2295232	0.345527
6	153441079	rs1933488	6	153365834	rs1338071	0.345527
6	153441079	rs1933488	6	153365841	rs1338070	0.345527
6	153441079	rs1933488	6	153367347	rs7763717	0.345527
6	153441079	rs1933488	6	153367356	rs11394097	0.345527
6	153441079	rs1933488	6	153367594	rs2349199	0.345527
6	153441079	rs1933488	6	153367613	rs7767938	0.449859
6	153441079	rs1933488	6	153367910	rs4599660	0.345527
6	153441079	rs1933488	6	153367947	rs970559	0.179083
6	153441079	rs1933488	6	153368062	rs9397579	0.345527
6	153441079	rs1933488	6	153368153	rs9397124	0.345527
6	153441079	rs1933488	6	153368195	rs9478383	0.108512
6	153441079	rs1933488	6	153368353	rs9371658	0.345527
6	153441079	rs1933488	6	153368447	rs9397125	0.345527
6	153441079	rs1933488	6	153368561	rs9397126	0.344149
6	153441079	rs1933488	6	153368756	rs9479485	0.345527
6	153441079	rs1933488	6	153369161	rs9371276	0.348316
6	153441079	rs1933488	6	153369336	rs9384067	0.348316
6	153441079	rs1933488	6	153370304	rs12211062	0.179083
6	153441079	rs1933488	6	153370886	rs557502080;rs71773340	0.288691
6	153441079	rs1933488	6	153370902	rs9384069	0.348316
6	153441079	rs1933488	6	153371002	rs9479487	0.348316
6	153441079	rs1933488	6	153371328	rs7761503	0.348316
6	153441079	rs1933488	6	153371503	rs7761831	0.344252
6	153441079	rs1933488	6	153371768	rs7747583	0.348316
6	153441079	rs1933488	6	153372108	rs6910440	0.348316
6	153441079	rs1933488	6	153372172	rs6930145	0.348316
6	153441079	rs1933488	6	153372444	rs11155890	0.179083
6	153441079	rs1933488	6	153372681	rs1415890	0.348316
6	153441079	rs1933488	6	153372684	rs1415891	0.348316
6	153441079	rs1933488	6	153373145	rs1415892	0.348316
6	153441079	rs1933488	6	153373230	rs9384070	0.348316
6	153441079	rs1933488	6	153373764	rs78763654	0.348316
6	153441079	rs1933488	6	153373975	rs28495170	0.348316
6	153441079	rs1933488	6	153374001	rs28628884	0.348316
6	153441079	rs1933488	6	153374165	rs61104729	0.348316
6	153441079	rs1933488	6	153374197	rs9397127	0.348316
6	153441079	rs1933488	6	153374449	rs9383642	0.287504
6	153441079	rs1933488	6	153374482	rs9383643	0.349728
6	153441079	rs1933488	6	153374555	rs9371660	0.348316
6	153441079	rs1933488	6	153375060	rs544012575	0.348316
6	153441079	rs1933488	6	153375159	rs576339946	0.439594
6	153441079	rs1933488	6	153375212	rs71549140;rs202237473	0.0997775
6	153441079	rs1933488	6	153375468	rs4527723	0.348316
6	153441079	rs1933488	6	153375536	rs56228568	0.178389
6	153441079	rs1933488	6	153375702	rs4495281	0.348316
6	153441079	rs1933488	6	153375839	rs7773325	0.348316
6	153441079	rs1933488	6	153375874	rs11389990	0.348316
6	153441079	rs1933488	6	153375888	rs9322408	0.348316
6	153441079	rs1933488	6	153375907	rs7749708	0.320661
6	153441079	rs1933488	6	153376268	rs7750297	0.348316
6	153441079	rs1933488	6	153376417	rs7750497	0.348316
6	153441079	rs1933488	6	153377217	rs9371277	0.348316
6	153441079	rs1933488	6	153377227	rs9383644	0.348316
6	153441079	rs1933488	6	153377229	rs9371278	0.348316
6	153441079	rs1933488	6	153377320	rs9371663	0.348316
6	153441079	rs1933488	6	153377440	rs9371664	0.348316
6	153441079	rs1933488	6	153377807	rs1933258	0.348316
6	153441079	rs1933488	6	153377853	rs4318889	0.349728
6	153441079	rs1933488	6	153378061	rs6934238	0.348316
6	153441079	rs1933488	6	153378090	rs6935593	0.348316
6	153441079	rs1933488	6	153378204	rs6935771	0.348316
6	153441079	rs1933488	6	153378412	rs12216454	0.185166
6	153441079	rs1933488	6	153378570	rs9397129	0.348316
6	153441079	rs1933488	6	153378876	rs9371279	0.346256
6	153441079	rs1933488	6	153378895	rs9384074	0.348316
6	153441079	rs1933488	6	153379163	rs1933259	0.348316
6	153441079	rs1933488	6	153379377	rs1933260	0.348316
6	153441079	rs1933488	6	153379454	rs1933261	0.348316
6	153441079	rs1933488	6	153379593	rs6925834	0.348316
6	153441079	rs1933488	6	153379662	rs6902703	0.348316
6	153441079	rs1933488	6	153379664	rs6903981	0.348316
6	153441079	rs1933488	6	153380033	rs34700376	0.133706
6	153441079	rs1933488	6	153380228	rs7762794	0.348316
6	153441079	rs1933488	6	153380434	rs1338065	0.348316
6	153441079	rs1933488	6	153380462	rs1338066	0.348316
6	153441079	rs1933488	6	153380668	rs1338067	0.348316
6	153441079	rs1933488	6	153380993	rs2349432	0.348316
6	153441079	rs1933488	6	153381265	rs11384172	0.348316
6	153441079	rs1933488	6	153381622	rs2185027	0.348316
6	153441079	rs1933488	6	153381725	rs2152964	0.344252
6	153441079	rs1933488	6	153382144	rs12202601	0.105681
6	153441079	rs1933488	6	153382225	rs3904837	0.348316
6	153441079	rs1933488	6	153382841	rs78812565	0.348316
6	153441079	rs1933488	6	153383590	rs9397581	0.452456
6	153441079	rs1933488	6	153383755	rs2349433	0.348316
6	153441079	rs1933488	6	153384196	rs1933262	0.186605
6	153441079	rs1933488	6	153384438	rs6557255	0.348316
6	153441079	rs1933488	6	153384633	rs6557256	0.348316
6	153441079	rs1933488	6	153384664	rs7768164	0.287061
6	153441079	rs1933488	6	153385092	rs78879892	0.149626
6	153441079	rs1933488	6	153385637	rs6557257	0.348316
6	153441079	rs1933488	6	153385764	rs150796540	0.17061
6	153441079	rs1933488	6	153386932	rs6914676	0.348316
6	153441079	rs1933488	6	153386942	rs6913406	0.344252
6	153441079	rs1933488	6	153387288	rs9371666	0.348316
6	153441079	rs1933488	6	153387390	rs9384075	0.348316
6	153441079	rs1933488	6	153387430	rs6937857	0.348316
6	153441079	rs1933488	6	153388095	rs6904954	0.348316
6	153441079	rs1933488	6	153388181	rs113209459	0.454682
6	153441079	rs1933488	6	153388414	rs9479490	0.348316
6	153441079	rs1933488	6	153388522	rs9397584	0.348316
6	153441079	rs1933488	6	153388815	rs1856296	0.348316
6	153441079	rs1933488	6	153389426	rs112545271	0.348316
6	153441079	rs1933488	6	153389837	rs4869778	0.348316
6	153441079	rs1933488	6	153390453	rs7750523	0.348316
6	153441079	rs1933488	6	153390496	rs7750557	0.348316
6	153441079	rs1933488	6	153390797	rs4870164	0.348316
6	153441079	rs1933488	6	153391358	rs1933263	0.348316
6	153441079	rs1933488	6	153391618	rs1933264	0.452456
6	153441079	rs1933488	6	153391808	rs150568257	0.360146
6	153441079	rs1933488	6	153391843	rs138633492	0.412738
6	153441079	rs1933488	6	153392002	rs12527426	0.349728
6	153441079	rs1933488	6	153392908	rs9478384	0.348316
6	153441079	rs1933488	6	153394078	rs34373600	0.503371
6	153441079	rs1933488	6	153394186	rs9479493	0.101748
6	153441079	rs1933488	6	153394728	rs4385321	0.505542
6	153441079	rs1933488	6	153395344	rs1538247	0.596665
6	153441079	rs1933488	6	153395594	rs9371670	0.49917
6	153441079	rs1933488	6	153396875	rs9397585	0.513589
6	153441079	rs1933488	6	153397299	rs6927659	0.432427
6	153441079	rs1933488	6	153397429	rs6927884	0.432427
6	153441079	rs1933488	6	153397958	rs9479495	0.239762
6	153441079	rs1933488	6	153398110	rs9479496	0.309735
6	153441079	rs1933488	6	153398115	rs199847483	0.138039
6	153441079	rs1933488	6	153398116	rs9479497	0.316888
6	153441079	rs1933488	6	153398117	rs200625259	0.138039
6	153441079	rs1933488	6	153398180	rs78964424	0.113295
6	153441079	rs1933488	6	153398279	rs9479498	0.299693
6	153441079	rs1933488	6	153398477	rs11431780	0.623682
6	153441079	rs1933488	6	153398700	rs17083510	0.308119
6	153441079	rs1933488	6	153399014	rs527939406;rs149812866	0.133472
6	153441079	rs1933488	6	153399195	rs12209140	0.308119
6	153441079	rs1933488	6	153399228	rs144881725	0.113295
6	153441079	rs1933488	6	153399655	rs6901945	0.308119
6	153441079	rs1933488	6	153399737	rs6916910	0.299693
6	153441079	rs1933488	6	153399740	rs148875948	0.308119
6	153441079	rs1933488	6	153400069	rs146854737	0.308119
6	153441079	rs1933488	6	153400217	rs112637774	0.16064
6	153441079	rs1933488	6	153400279	rs9479499	0.308119
6	153441079	rs1933488	6	153400305	rs9479500	0.308119
6	153441079	rs1933488	6	153400418	rs9479501	0.164265
6	153441079	rs1933488	6	153401046	rs10872697	0.308119
6	153441079	rs1933488	6	153401202	rs137992290	0.113295
6	153441079	rs1933488	6	153401305	rs144841061	0.113295
6	153441079	rs1933488	6	153402209	rs57559904	0.113295
6	153441079	rs1933488	6	153402477	rs9478385	0.308119
6	153441079	rs1933488	6	153402680	rs74651148	0.113295
6	153441079	rs1933488	6	153402698	rs9479502	0.308119
6	153441079	rs1933488	6	153402830	rs9478386	0.308119
6	153441079	rs1933488	6	153402841	rs6920313	0.624923
6	153441079	rs1933488	6	153402903	rs9478387	0.299693
6	153441079	rs1933488	6	153403812	rs9479503	0.308119
6	153441079	rs1933488	6	153403820	rs9478388	0.308119
6	153441079	rs1933488	6	153404161	rs11155892	0.308119
6	153441079	rs1933488	6	153404237	rs11155893	0.308119
6	153441079	rs1933488	6	153404250	rs11155894	0.308119
6	153441079	rs1933488	6	153404330	rs77831234	0.113295
6	153441079	rs1933488	6	153404825	rs9479504	0.555899
6	153441079	rs1933488	6	153405328	rs10499270	0.113295
6	153441079	rs1933488	6	153405793	rs9322409	0.296832
6	153441079	rs1933488	6	153406421	rs17083514	0.113295
6	153441079	rs1933488	6	153406495	rs56928083	0.113295
6	153441079	rs1933488	6	153406657	rs687508	0.30985
6	153441079	rs1933488	6	153407049	rs140502447	0.113295
6	153441079	rs1933488	6	153407175	rs626671	0.298052
6	153441079	rs1933488	6	153407553	rs674882	0.30985
6	153441079	rs1933488	6	153407709	rs639475	0.298052
6	153441079	rs1933488	6	153407846	rs676199	0.556943
6	153441079	rs1933488	6	153408202	rs56265308	0.308047
6	153441079	rs1933488	6	153408248	esv3611291	0.320177
6	153441079	rs1933488	6	153408708	rs582367	0.308794
6	153441079	rs1933488	6	153408920	rs654845	0.308047
6	153441079	rs1933488	6	153408950	rs583665	0.308047
6	153441079	rs1933488	6	153409368	rs595832	0.320177
6	153441079	rs1933488	6	153409860	rs828925	0.311437
6	153441079	rs1933488	6	153410066	rs146708539	0.311437
6	153441079	rs1933488	6	153410547	rs4130523	0.113295
6	153441079	rs1933488	6	153410671	rs3897904	0.113295
6	153441079	rs1933488	6	153411095	rs17712040	0.282795
6	153441079	rs1933488	6	153411255	rs685826	0.311437
6	153441079	rs1933488	6	153411380	rs589019	0.311437
6	153441079	rs1933488	6	153411853	rs79555052	0.113295
6	153441079	rs1933488	6	153411986	rs71017579	0.533014
6	153441079	rs1933488	6	153412476	rs3910736	0.64815
6	153441079	rs1933488	6	153412477	rs3910737	0.652566
6	153441079	rs1933488	6	153412938	rs6557259	0.635346
6	153441079	rs1933488	6	153413204	rs6557260	0.125972
6	153441079	rs1933488	6	153413274	rs618173	0.589035
6	153441079	rs1933488	6	153413309	rs7740777	0.936762
6	153441079	rs1933488	6	153413460	rs655370	0.589035
6	153441079	rs1933488	6	153414273	rs9371280	0.936762
6	153441079	rs1933488	6	153414287	rs9397586	0.928845
6	153441079	rs1933488	6	153415217	rs551993434	0.528777
6	153441079	rs1933488	6	153415368	rs6557261	0.940838
6	153441079	rs1933488	6	153415651	rs9479505	0.940838
6	153441079	rs1933488	6	153416133	rs7756810	0.940838
6	153441079	rs1933488	6	153416912	rs9397587	0.936844
6	153441079	rs1933488	6	153419154	rs66756034	0.11122
6	153441079	rs1933488	6	153421545	rs11155895	0.932887
6	153441079	rs1933488	6	153421680	rs35700246	0.141499
6	153441079	rs1933488	6	153422140	rs9371672	0.612889
6	153441079	rs1933488	6	153423057	rs1281970	0.589035
6	153441079	rs1933488	6	153423921	rs514784	0.140508
6	153441079	rs1933488	6	153424055	rs7750498	0.936494
6	153441079	rs1933488	6	153425113	rs62438272	0.125972
6	153441079	rs1933488	6	153425244	rs1971152	0.940838
6	153441079	rs1933488	6	153426083	rs145895302	0.125972
6	153441079	rs1933488	6	153426679	rs3870364	0.949371
6	153441079	rs1933488	6	153426932	rs3870365	0.944982
6	153441079	rs1933488	6	153427265	rs9479509	0.64829
6	153441079	rs1933488	6	153427517	rs9479510	0.957809
6	153441079	rs1933488	6	153427706	rs4083914	0.995727
6	153441079	rs1933488	6	153428068	rs28642896	0.995727
6	153441079	rs1933488	6	153428102	rs9383649	0.995727
6	153441079	rs1933488	6	153428297	rs9383650	0.995727
6	153441079	rs1933488	6	153428611	rs7742238	0.995727
6	153441079	rs1933488	6	153428685	rs11417971;rs73785752	0.995727
6	153441079	rs1933488	6	153428982	rs7747003	0.995727
6	153441079	rs1933488	6	153429447	rs17083581	0.995727
6	153441079	rs1933488	6	153429856	esv3611294	0.506982
6	153441079	rs1933488	6	153430305	rs570624213;rs547417250	0.990991
6	153441079	rs1933488	6	153430451	rs6931160	0.995727
6	153441079	rs1933488	6	153430794	rs35445951	0.995727
6	153441079	rs1933488	6	153430867	rs9384077	0.995727
6	153441079	rs1933488	6	153430868	rs63739861	0.995727
6	153441079	rs1933488	6	153431125	rs12055786	0.995727
6	153441079	rs1933488	6	153431376	rs1281962	0.630929
6	153441079	rs1933488	6	153432259	rs4267963	0.995727
6	153441079	rs1933488	6	153432566	rs3968480	0.995727
6	153441079	rs1933488	6	153432697	rs4631302	0.995727
6	153441079	rs1933488	6	153432917	rs146962429	0.0993967
6	153441079	rs1933488	6	153432985	rs7743683	0.995727
6	153441079	rs1933488	6	153433208	rs7745216	0.995727
6	153441079	rs1933488	6	153433402	rs6557265	0.995727
6	153441079	rs1933488	6	153433534	rs6557266	0.995727
6	153441079	rs1933488	6	153433542	rs6907823	0.995727
6	153441079	rs1933488	6	153433701	rs6557267	1
6	153441079	rs1933488	6	153433726	rs6557268	0.995727
6	153441079	rs1933488	6	153433763	rs6557269	0.995727
6	153441079	rs1933488	6	153433764	rs6557270	0.995727
6	153441079	rs1933488	6	153433932	rs4470859	0.995727
6	153441079	rs1933488	6	153434070	rs4481443	0.995727
6	153441079	rs1933488	6	153434922	rs540908	0.148554
6	153441079	rs1933488	6	153435639	rs4634469	1
6	153441079	rs1933488	6	153437376	rs9479514	0.279732
6	153441079	rs1933488	6	153437499	rs76532655	0.424785
6	153441079	rs1933488	6	153437735	rs6557271	0.680689
6	153441079	rs1933488	6	153438114	rs6557272	1
6	153441079	rs1933488	6	153438573	rs6932473	0.680689
6	153441079	rs1933488	6	153439767	rs3870366	1
6	153441079	rs1933488	6	153439999	rs6939447	1
6	153441079	rs1933488	6	153440062	rs6901126	1
6	153441079	rs1933488	6	153440197	rs6917538	1
6	153441079	rs1933488	6	153440515	rs9384082	1
6	153441079	rs1933488	6	153440711	rs7740380	1
6	153441079	rs1933488	6	153440770	rs7758002	1
6	153441079	rs1933488	6	153441079	rs1933488	1
6	153441079	rs1933488	6	153441733	rs1442744	0.995727
6	153441079	rs1933488	6	153441831	rs6927516	0.995727
6	153441079	rs1933488	6	153441895	rs6912850	0.305084
6	153441079	rs1933488	6	153441915	rs12195298	0.123634
6	153441079	rs1933488	6	153441982	rs5881013	0.995727
6	153441079	rs1933488	6	153442482	rs12210305	0.123634
6	153441079	rs1933488	6	153442789	rs9479517	0.995727
6	153441079	rs1933488	6	153442795	rs12204238	0.123634
6	153441079	rs1933488	6	153442984	rs12197280	0.123634
6	153441079	rs1933488	6	153443060	rs12197245	0.123634
6	153441079	rs1933488	6	153443159	rs6557273	0.680689
6	153441079	rs1933488	6	153443497	rs7771073	0.123634
6	153441079	rs1933488	6	153443590	rs7760549	0.123634
6	153441079	rs1933488	6	153443985	rs12206274	0.123634
6	153441079	rs1933488	6	153444065	rs547649979	0.145833
6	153441079	rs1933488	6	153444088	rs570711	0.107636
6	153441079	rs1933488	6	153444394	rs12200648	0.123634
6	153441079	rs1933488	6	153444492	rs12207848	0.123634
6	153441079	rs1933488	6	153444757	rs12200893	0.123634
6	153441079	rs1933488	6	153444997	rs6926612	0.123634
6	153441079	rs1933488	6	153445509	rs62435968	0.123634
6	153441079	rs1933488	6	153445573	rs12210200	0.123634
6	153441079	rs1933488	6	153445622	rs12210108	0.123634
6	153441079	rs1933488	6	153445756	rs12196712	0.123634
6	153441079	rs1933488	6	153445965	rs9371676	0.680689
6	153441079	rs1933488	6	153446191	rs1281967	0.634879
6	153441079	rs1933488	6	153446753	rs12212265	0.123634
6	153441079	rs1933488	6	153446852	rs12529375	0.278374
6	153441079	rs1933488	6	153447516	rs13215045	0.682961
6	153441079	rs1933488	6	153447550	rs13215402	0.995727
6	153441079	rs1933488	6	153447578	rs150278734	0.672899
6	153441079	rs1933488	6	153447836	rs77248137	0.214071
6	153441079	rs1933488	6	153448252	rs6934121	0.995727
6	153441079	rs1933488	6	153448307	rs6932847	0.680689
6	153441079	rs1933488	6	153448944	rs12216195	0.123634
6	153441079	rs1933488	6	153449670	rs2119992	0.995727
6	153441079	rs1933488	6	153450489	rs611499	0.625491
6	153441079	rs1933488	6	153453987	rs12198739	0.136263
6	153441079	rs1933488	6	153454443	rs62435969	0.136263
6	153441079	rs1933488	6	153455047	rs7453823	0.136263
6	153441079	rs1933488	6	153455185	rs4091727	0.136263
6	153441079	rs1933488	6	153455246	rs67348310	0.118851
6	153441079	rs1933488	6	153455896	rs10457885	0.136263
6	153441079	rs1933488	6	153455994	rs672341	0.381294
6	153441079	rs1933488	6	153456868	rs67592169;rs574766311	0.130969
6	153441079	rs1933488	6	153457053	rs596359	0.157293
6	153441079	rs1933488	6	153457464	rs1281960	0.157293
6	153441079	rs1933488	6	153457548	rs1281959	0.157293
6	153441079	rs1933488	6	153457680	rs1281958	0.381356
6	153441079	rs1933488	6	153457812	rs609834	0.157293
6	153441079	rs1933488	6	153458348	rs1281956	0.381294
6	153441079	rs1933488	6	153458884	rs147648719	0.149996
6	153441079	rs1933488	6	153459321	rs71857506	0.136263
6	153441079	rs1933488	6	153459444	rs1281955	0.381356
6	153441079	rs1933488	6	153459796	rs639286	0.381294
6	153441079	rs1933488	6	153459904	rs74419430	0.381503
6	153441079	rs1933488	6	153459917	rs80189992	0.157293
6	153441079	rs1933488	6	153459953	rs650726	0.157293
6	153441079	rs1933488	6	153460331	rs1281954	0.157293
6	153441079	rs1933488	6	153461109	rs635023	0.381294
6	153441079	rs1933488	6	153461574	rs12203742	0.136263
6	153441079	rs1933488	6	153462029	rs1281953	0.381294
6	153441079	rs1933488	6	153462396	rs1281952	0.381294
6	153441079	rs1933488	6	153462557	rs1281951	0.381294
6	153441079	rs1933488	6	153463135	rs685162	0.381294
6	153441079	rs1933488	6	153463915	rs683039	0.160579
6	153441079	rs1933488	6	153463984	rs11325422	0.381294
6	153441079	rs1933488	6	153464156	rs592410	0.157293
6	153441079	rs1933488	6	153464231	rs564723	0.157293
6	153441079	rs1933488	6	153464506	rs669929	0.161843
6	153441079	rs1933488	6	153465230	rs607335	0.378313
6	153441079	rs1933488	6	153465288	rs485381	0.381294
6	153441079	rs1933488	6	153465338	rs62435972	0.136263
6	153441079	rs1933488	6	153465428	rs62435973	0.136263
6	153441079	rs1933488	6	153465453	rs76775310	0.136263
6	153441079	rs1933488	6	153465644	rs62435974	0.136263
6	153441079	rs1933488	6	153466268	rs562101173;rs562101173;rs539608236	0.372124
6	153441079	rs1933488	6	153466458	rs12203058	0.128898
6	153441079	rs1933488	6	153466478	rs623428	0.381294
6	153441079	rs1933488	6	153466836	rs76621028	0.136263
6	153441079	rs1933488	6	153466959	rs652378	0.157293
6	153441079	rs1933488	6	153467469	rs1281950	0.381294
6	153441079	rs1933488	6	153467635	rs10457886	0.136263
6	153441079	rs1933488	6	153468733	rs1281949	0.381294
6	153441079	rs1933488	6	153468806	rs1281948	0.157293
6	153441079	rs1933488	6	153469781	rs200666103	0.136263
6	153441079	rs1933488	6	153471311	rs1281973	0.150792
6	153441079	rs1933488	6	153471627	rs12529475	0.124139
6	153441079	rs1933488	6	153471649	rs75291505	0.136263
6	153441079	rs1933488	6	153472227	rs687694	0.101023
6	153441079	rs1933488	6	153472879	rs1281975	0.308476
6	153441079	rs1933488	6	153472892	rs1281976	0.308476
6	153441079	rs1933488	6	153473093	rs1281977	0.308531
6	153441079	rs1933488	6	153473232	rs1281978	0.151766
6	153441079	rs1933488	6	153475297	rs642807	0.151766
6	153441079	rs1933488	6	153475561	rs9322410	0.11863
6	153441079	rs1933488	6	153478557	rs678278	0.156257
6	153441079	rs1933488	6	153479575	rs1281980	0.29986
6	153441079	rs1933488	6	153480372	rs142357963	0.152523
6	153441079	rs1933488	6	153480612	rs664713	0.152523
6	153441079	rs1933488	6	153480678	rs648145	0.152523
6	153441079	rs1933488	6	153481120	rs150553285	0.289543
6	153441079	rs1933488	6	153481150	rs1281982	0.289543
6	153441079	rs1933488	6	153481185	rs1281983	0.151305
6	153441079	rs1933488	6	153481328	rs645037	0.152523
6	153441079	rs1933488	6	153481789	rs2584890	0.29203
6	153441079	rs1933488	6	153482056	rs2584889	0.152523
6	153441079	rs1933488	6	153482115	rs369307920	0.29203
6	153441079	rs1933488	6	153482116	rs372819969	0.29203
6	153441079	rs1933488	6	153482117	rs377338175	0.29203
6	153441079	rs1933488	6	153482118	rs537175913	0.29203
6	153441079	rs1933488	6	153482119	rs553582413	0.29203
6	153441079	rs1933488	6	153483603	rs1124016	0.152523
6	153441079	rs1933488	6	153483722	rs5881014	0.152523
6	153441079	rs1933488	6	153484699	rs1281985	0.152523
6	153441079	rs1933488	6	153484998	rs1281986	0.152523
6	153441079	rs1933488	6	153485281	rs1372816	0.29203
6	153441079	rs1933488	6	153485854	rs1281987	0.152523
6	153441079	rs1933488	6	153487030	rs674551	0.152523
6	153441079	rs1933488	6	153488244	rs1281988	0.29203
6	153441079	rs1933488	6	153488894	rs66750359	0.29203
6	153441079	rs1933488	6	153489887	rs11398773	0.152523
6	153441079	rs1933488	6	153490211	rs1281991	0.150541
6	153441079	rs1933488	6	153490288	rs1281992	0.152523
6	153441079	rs1933488	6	153490500	rs1281993	0.152523
6	153441079	rs1933488	6	153491128	rs603189	0.29203
6	153441079	rs1933488	6	153491362	rs1281994	0.152523
6	153441079	rs1933488	6	153491660	rs1281995	0.148096
6	153441079	rs1933488	6	153493233	rs144044428	0.200634
6	153441079	rs1933488	6	153493694	rs9479532	0.243178
6	153441079	rs1933488	6	153495023	rs55705933	0.189921
6	153441079	rs1933488	6	153495323	rs9478393	0.243178
6	153441079	rs1933488	6	153496061	rs9479534	0.243178
6	153441079	rs1933488	6	153496118	rs59792622	0.116511
6	153441079	rs1933488	6	153496654	rs4869781	0.243178
6	153441079	rs1933488	6	153496718	rs4870173	0.243178
6	153441079	rs1933488	6	153499921	rs4869783	0.243178
6	153441079	rs1933488	6	153502539	rs9479539	0.118092
6	153441079	rs1933488	6	153502902	rs35050592	0.118267
6	153441079	rs1933488	6	153503386	rs9478395	0.114137
