CHR_A	BP_A	SNP_A	CHR_B	BP_B	SNP_B	R2
6	30073776	rs7767188	6	29975047	rs356968	0.101358
6	30073776	rs7767188	6	29975453	rs2240619	0.242608
6	30073776	rs7767188	6	29976789	rs2275855	0.537679
6	30073776	rs7767188	6	29977145	rs356969	0.101358
6	30073776	rs7767188	6	29978352	rs4713281	0.540396
6	30073776	rs7767188	6	29980493	rs3115635	0.243595
6	30073776	rs7767188	6	29983039	rs6457126	0.243595
6	30073776	rs7767188	6	29983538	rs356954	0.101358
6	30073776	rs7767188	6	29984252	rs9357092	0.532458
6	30073776	rs7767188	6	29985630	rs9348835	0.540396
6	30073776	rs7767188	6	29987184	rs4711206	0.534976
6	30073776	rs7767188	6	29987474	rs3869065	0.243595
6	30073776	rs7767188	6	29989695	rs165255	0.0998615
6	30073776	rs7767188	6	29990708	rs3132684	0.100571
6	30073776	rs7767188	6	29990938	rs6457127	0.540396
6	30073776	rs7767188	6	29994544	rs259923	0.122659
6	30073776	rs7767188	6	29995460	rs259921	0.100355
6	30073776	rs7767188	6	29996734	rs552999089	0.243595
6	30073776	rs7767188	6	29998106	rs550401396	0.204602
6	30073776	rs7767188	6	29999109	rs3098018	0.243595
6	30073776	rs7767188	6	30000520	rs3094144	0.243595
6	30073776	rs7767188	6	30002052	rs259929	0.0998615
6	30073776	rs7767188	6	30002335	rs33959627	0.779309
6	30073776	rs7767188	6	30002441	rs3121594	0.242608
6	30073776	rs7767188	6	30002881	rs166327	0.204602
6	30073776	rs7767188	6	30004371	rs259931	0.101358
6	30073776	rs7767188	6	30005305	rs259933	0.12095
6	30073776	rs7767188	6	30005754	rs4711207	0.540396
6	30073776	rs7767188	6	30006522	rs140532428	0.243595
6	30073776	rs7767188	6	30006765	rs9405044	0.540396
6	30073776	rs7767188	6	30006876	rs259934	0.101358
6	30073776	rs7767188	6	30007051	rs259935	0.122659
6	30073776	rs7767188	6	30008003	rs259938	0.12095
6	30073776	rs7767188	6	30008746	rs3910312	0.540396
6	30073776	rs7767188	6	30009169	rs9393987	0.540396
6	30073776	rs7767188	6	30009721	rs558575775	0.242608
6	30073776	rs7767188	6	30010080	rs10580504	0.540396
6	30073776	rs7767188	6	30010388	rs556947181;rs59204653	0.0926081
6	30073776	rs7767188	6	30010492	rs9380150	0.537679
6	30073776	rs7767188	6	30011581	rs259939	0.12095
6	30073776	rs7767188	6	30011934	rs259940	0.0998615
6	30073776	rs7767188	6	30014257	rs537299065	0.101358
6	30073776	rs7767188	6	30015330	rs259943	0.101358
6	30073776	rs7767188	6	30015594	rs7766469	0.537679
6	30073776	rs7767188	6	30015905	rs3134879	0.152372
6	30073776	rs7767188	6	30016230	rs534709505	0.12095
6	30073776	rs7767188	6	30016676	rs9393988	0.537679
6	30073776	rs7767188	6	30017371	rs535138446	0.168615
6	30073776	rs7767188	6	30017927	rs557871392	0.245587
6	30073776	rs7767188	6	30018015	rs9261244	0.246555
6	30073776	rs7767188	6	30018516	rs543489668	0.347539
6	30073776	rs7767188	6	30018520	rs562980862	0.114321
6	30073776	rs7767188	6	30018523	rs576575132	0.177749
6	30073776	rs7767188	6	30020252	rs546626159	0.570229
6	30073776	rs7767188	6	30021284	rs556549129	0.231888
6	30073776	rs7767188	6	30023868	rs3869070	0.141187
6	30073776	rs7767188	6	30024677	rs9366752	0.398516
6	30073776	rs7767188	6	30028800	rs9295829	0.540396
6	30073776	rs7767188	6	30028831	rs1150742	0.101358
6	30073776	rs7767188	6	30029651	rs1150741	0.101358
6	30073776	rs7767188	6	30031345	rs1150739	0.203371
6	30073776	rs7767188	6	30033884	rs3807031	0.779309
6	30073776	rs7767188	6	30038352	rs1245371	0.100355
6	30073776	rs7767188	6	30040084	rs9393989	0.537679
6	30073776	rs7767188	6	30040291	rs10947050	0.540396
6	30073776	rs7767188	6	30040603	rs12200084	0.540396
6	30073776	rs7767188	6	30041559	rs9261301	0.25843
6	30073776	rs7767188	6	30042955	rs1150736	0.122659
6	30073776	rs7767188	6	30044388	rs3132682	0.316512
6	30073776	rs7767188	6	30044986	rs9295830	0.779309
6	30073776	rs7767188	6	30045199	rs1150735	0.125975
6	30073776	rs7767188	6	30045397	rs17187735	0.176049
6	30073776	rs7767188	6	30047403	rs4711209	0.540396
6	30073776	rs7767188	6	30047965	rs7382061	0.32482
6	30073776	rs7767188	6	30051580	rs4713288	0.31198
6	30073776	rs7767188	6	30053806	rs9261355	0.169104
6	30073776	rs7767188	6	30054757	rs2057728	0.311744
6	30073776	rs7767188	6	30055377	rs6904455	0.313243
6	30073776	rs7767188	6	30055643	rs6909253	0.326275
6	30073776	rs7767188	6	30055799	rs6909437	0.326275
6	30073776	rs7767188	6	30060041	rs3132681	0.132336
6	30073776	rs7767188	6	30062133	rs2394736	0.326275
6	30073776	rs7767188	6	30063368	rs6457144	0.326275
6	30073776	rs7767188	6	30064562	rs9261394	0.330708
6	30073776	rs7767188	6	30065298	rs9261395	0.327789
6	30073776	rs7767188	6	30065319	rs1264704	0.115116
6	30073776	rs7767188	6	30068149	rs9261401	0.388349
6	30073776	rs7767188	6	30068610	rs6457150	0.390213
6	30073776	rs7767188	6	30069952	rs566102652	0.388349
6	30073776	rs7767188	6	30069982	rs1111180	0.311162
6	30073776	rs7767188	6	30071110	rs2240070	0.438099
6	30073776	rs7767188	6	30072625	rs3094136	0.402785
6	30073776	rs7767188	6	30073195	rs3132680	0.41415
6	30073776	rs7767188	6	30073776	rs7767188	1
6	30073776	rs7767188	6	30073847	rs2844795	0.338661
6	30073776	rs7767188	6	30074198	rs7767857	0.697497
6	30073776	rs7767188	6	30074791	rs12530114	0.24531
6	30073776	rs7767188	6	30074872	rs7383537	0.19987
6	30073776	rs7767188	6	30075105	rs3815096	0.24045
6	30073776	rs7767188	6	30075864	rs2023472	0.132624
6	30073776	rs7767188	6	30075903	rs28400887	0.582779
6	30073776	rs7767188	6	30076069	rs2023471	0.24045
6	30073776	rs7767188	6	30076359	rs548202998	0.157997
6	30073776	rs7767188	6	30076630	rs2240068	0.201926
6	30073776	rs7767188	6	30076755	rs2074483	0.0986668
6	30073776	rs7767188	6	30077229	rs2523990	0.233037
6	30073776	rs7767188	6	30077584	rs10947053	0.398282
6	30073776	rs7767188	6	30077967	rs4959041	0.398282
6	30073776	rs7767188	6	30079015	rs2284163	0.398282
6	30073776	rs7767188	6	30080994	rs9261424	0.398282
6	30073776	rs7767188	6	30081108	rs9261425	0.104762
6	30073776	rs7767188	6	30082870	rs9280897;rs377017837	0.613082
6	30073776	rs7767188	6	30086422	rs9261431	0.419567
6	30073776	rs7767188	6	30086927	rs9261433	0.742809
6	30073776	rs7767188	6	30089280	rs9261438	0.421236
6	30073776	rs7767188	6	30090337	rs9261439	0.421236
6	30073776	rs7767188	6	30090820	rs9261440	0.677689
6	30073776	rs7767188	6	30093744	rs9261442	0.71785
6	30073776	rs7767188	6	30094315	rs9261443	0.673521
6	30073776	rs7767188	6	30094416	rs369246008	0.554238
6	30073776	rs7767188	6	30094611	rs9261444	0.736103
6	30073776	rs7767188	6	30094788	rs9261445	0.71785
6	30073776	rs7767188	6	30094840	rs9261446	0.71785
6	30073776	rs7767188	6	30095202	rs9261447	0.668136
6	30073776	rs7767188	6	30095329	rs9261448	0.721382
6	30073776	rs7767188	6	30096005	rs9261449	0.648817
6	30073776	rs7767188	6	30096034	rs551715253	0.706831
6	30073776	rs7767188	6	30096717	rs1419673	0.712323
6	30073776	rs7767188	6	30096772	rs1419672	0.668136
6	30073776	rs7767188	6	30096914	rs9278583	0.712323
6	30073776	rs7767188	6	30097170	rs1419671	0.712323
6	30073776	rs7767188	6	30097818	rs9261450	0.65653
6	30073776	rs7767188	6	30097920	rs9261451	0.65653
6	30073776	rs7767188	6	30098248	rs757264	0.660441
6	30073776	rs7767188	6	30098259	rs5875234	0.660441
6	30073776	rs7767188	6	30098323	rs757263	0.65653
6	30073776	rs7767188	6	30098389	rs3888580	0.712323
6	30073776	rs7767188	6	30098609	rs1076229	0.712323
6	30073776	rs7767188	6	30099948	rs9261453	0.65653
6	30073776	rs7767188	6	30099951	rs9261454	0.712323
6	30073776	rs7767188	6	30099996	rs9261455	0.65653
6	30073776	rs7767188	6	30100040	rs9261456	0.712323
6	30073776	rs7767188	6	30100221	rs9261457	0.712323
6	30073776	rs7767188	6	30100479	rs34694199	0.65653
6	30073776	rs7767188	6	30100570	rs9261458	0.712323
6	30073776	rs7767188	6	30101237	rs9261459	0.712323
6	30073776	rs7767188	6	30101656	rs1362104	0.138068
6	30073776	rs7767188	6	30101950	rs9261461	0.647929
6	30073776	rs7767188	6	30102011	rs9261462	0.721382
6	30073776	rs7767188	6	30102064	rs9261463	0.712323
6	30073776	rs7767188	6	30102415	rs4713293	0.712323
6	30073776	rs7767188	6	30103009	rs9380153	0.445921
6	30073776	rs7767188	6	30103331	rs1541270	0.721382
6	30073776	rs7767188	6	30103394	rs1541268	0.722857
6	30073776	rs7767188	6	30103571	rs1541267	0.647929
6	30073776	rs7767188	6	30103745	rs9261465	0.712323
6	30073776	rs7767188	6	30103840	rs9261466	0.722857
6	30073776	rs7767188	6	30103898	rs9261467	0.712323
6	30073776	rs7767188	6	30104480	rs9261468	0.712323
6	30073776	rs7767188	6	30104783	rs2857458	0.549176
6	30073776	rs7767188	6	30104808	rs9261470	0.722857
6	30073776	rs7767188	6	30105349	rs9261471	0.712323
6	30073776	rs7767188	6	30105391	rs9261472	0.718444
6	30073776	rs7767188	6	30105544	rs9261473	0.712323
6	30073776	rs7767188	6	30105851	rs550109930	0.712323
6	30073776	rs7767188	6	30105855	rs569919451	0.712323
6	30073776	rs7767188	6	30106024	rs2857435	0.722857
6	30073776	rs7767188	6	30106070	rs2857436	0.549176
6	30073776	rs7767188	6	30106202	rs2857438	0.718444
6	30073776	rs7767188	6	30106296	rs2857439	0.712323
6	30073776	rs7767188	6	30106493	rs2857440	0.718444
6	30073776	rs7767188	6	30106970	rs34617466	0.712323
6	30073776	rs7767188	6	30106975	rs543833159	0.712323
6	30073776	rs7767188	6	30107153	rs9261479	0.718444
6	30073776	rs7767188	6	30107309	rs9261480	0.718444
6	30073776	rs7767188	6	30108111	rs9261481	0.722857
6	30073776	rs7767188	6	30108336	rs9261482	0.718444
6	30073776	rs7767188	6	30108468	rs9261483	0.647929
6	30073776	rs7767188	6	30108683	rs9261484	0.633321
6	30073776	rs7767188	6	30108751	rs9261485	0.718444
6	30073776	rs7767188	6	30109063	rs9261486	0.718444
6	30073776	rs7767188	6	30109172	rs527588882	0.718444
6	30073776	rs7767188	6	30109412	rs9261488	0.712323
6	30073776	rs7767188	6	30109482	rs9261489	0.712323
6	30073776	rs7767188	6	30109831	rs9261490	0.636054
6	30073776	rs7767188	6	30109861	rs9261491	0.636054
6	30073776	rs7767188	6	30109879	rs145380596	0.698148
6	30073776	rs7767188	6	30110058	rs9261492	0.636054
6	30073776	rs7767188	6	30110337	rs9261493	0.637349
6	30073776	rs7767188	6	30110880	rs9261495	0.730571
6	30073776	rs7767188	6	30111014	rs9261496	0.636054
6	30073776	rs7767188	6	30111096	rs9261497	0.636054
6	30073776	rs7767188	6	30111351	rs9261498	0.649179
6	30073776	rs7767188	6	30111478	rs9261499	0.714906
6	30073776	rs7767188	6	30111487	rs9261500	0.714906
6	30073776	rs7767188	6	30111526	rs9261501	0.637349
6	30073776	rs7767188	6	30111610	rs9261502	0.637349
6	30073776	rs7767188	6	30111863	rs9261503	0.710372
6	30073776	rs7767188	6	30111886	rs151283045	0.637349
6	30073776	rs7767188	6	30111932	rs9261504	0.654153
6	30073776	rs7767188	6	30112408	rs9261505	0.710372
6	30073776	rs7767188	6	30112627	rs9261507	0.637349
6	30073776	rs7767188	6	30112704	rs9261508	0.637349
6	30073776	rs7767188	6	30112906	rs9261509	0.637349
6	30073776	rs7767188	6	30112982	rs9261510	0.616469
6	30073776	rs7767188	6	30113245	rs9261511	0.726178
6	30073776	rs7767188	6	30113344	rs3815086	0.637349
6	30073776	rs7767188	6	30113417	rs3815085	0.637349
6	30073776	rs7767188	6	30113427	rs3815084	0.637349
6	30073776	rs7767188	6	30113471	rs1541324	0.637349
6	30073776	rs7767188	6	30113955	rs3815082	0.637349
6	30073776	rs7767188	6	30114101	rs3815080	0.649179
6	30073776	rs7767188	6	30114216	rs9261512	0.703392
6	30073776	rs7767188	6	30114365	rs3815079	0.719473
6	30073776	rs7767188	6	30114402	rs3132124	0.224345
6	30073776	rs7767188	6	30114623	rs4959011	0.649179
6	30073776	rs7767188	6	30114666	rs4959044	0.710372
6	30073776	rs7767188	6	30114845	rs4959012	0.733373
6	30073776	rs7767188	6	30114955	rs757262	0.705871
6	30073776	rs7767188	6	30115063	rs757261	0.714906
6	30073776	rs7767188	6	30115204	rs757260	0.196381
6	30073776	rs7767188	6	30115484	rs9261513	0.649179
6	30073776	rs7767188	6	30115542	rs757259	0.710372
6	30073776	rs7767188	6	30115965	rs1573299	0.710372
6	30073776	rs7767188	6	30116160	rs1573298	0.649179
6	30073776	rs7767188	6	30116341	rs1573297	0.710372
6	30073776	rs7767188	6	30116537	rs9261514	0.710372
6	30073776	rs7767188	6	30116566	rs9261516	0.714906
6	30073776	rs7767188	6	30116661	rs9261517	0.710372
6	30073776	rs7767188	6	30116985	rs9261518	0.637349
6	30073776	rs7767188	6	30117101	rs9261519	0.637349
6	30073776	rs7767188	6	30117408	rs139281255	0.710372
6	30073776	rs7767188	6	30117445	rs57471960	0.710372
6	30073776	rs7767188	6	30117454	rs3094135	0.367816
6	30073776	rs7767188	6	30117773	rs9261521	0.710372
6	30073776	rs7767188	6	30117781	rs9261522	0.710372
6	30073776	rs7767188	6	30117913	rs9261523	0.632044
6	30073776	rs7767188	6	30117921	rs9261524	0.704858
6	30073776	rs7767188	6	30118128	rs9261525	0.637349
6	30073776	rs7767188	6	30118360	rs1557611	0.710372
6	30073776	rs7767188	6	30118488	rs1557610	0.709391
6	30073776	rs7767188	6	30118489	rs1557609	0.632044
6	30073776	rs7767188	6	30118544	rs5875236	0.69741
6	30073776	rs7767188	6	30118582	rs1557608	0.549176
6	30073776	rs7767188	6	30118637	rs1557607	0.710372
6	30073776	rs7767188	6	30118707	rs4392759	0.714906
6	30073776	rs7767188	6	30119275	rs9261526	0.658077
6	30073776	rs7767188	6	30119392	rs9261527	0.637349
6	30073776	rs7767188	6	30119429	rs9261528	0.637349
6	30073776	rs7767188	6	30120118	rs139813383	0.658077
6	30073776	rs7767188	6	30120134	rs9261529	0.658077
6	30073776	rs7767188	6	30120164	rs9261530	0.658077
6	30073776	rs7767188	6	30120268	rs9261531	0.658077
6	30073776	rs7767188	6	30120450	rs2285796	0.658077
6	30073776	rs7767188	6	30120456	rs3214172	0.658077
6	30073776	rs7767188	6	30120633	rs2857433	0.658077
6	30073776	rs7767188	6	30120912	rs2285795	0.62738
6	30073776	rs7767188	6	30120945	rs9261532	0.658077
6	30073776	rs7767188	6	30121048	rs2517655	0.714906
6	30073776	rs7767188	6	30121066	rs2508031	0.637349
6	30073776	rs7767188	6	30121096	rs2508030	0.658077
6	30073776	rs7767188	6	30121185	rs2517653	0.582497
6	30073776	rs7767188	6	30121258	rs9261533	0.64638
6	30073776	rs7767188	6	30121460	rs2022065	0.444823
6	30073776	rs7767188	6	30122575	rs2517646	0.10747
6	30073776	rs7767188	6	30122978	rs34018127	0.100659
6	30073776	rs7767188	6	30127323	rs9261535	0.708474
6	30073776	rs7767188	6	30138162	rs1029239	0.13099
6	30073776	rs7767188	6	30138662	rs1029237	0.700461
6	30073776	rs7767188	6	30139699	rs929156	0.614054
6	30073776	rs7767188	6	30142264	rs5875237	0.403755
6	30073776	rs7767188	6	30142458	rs757257	0.272301
6	30073776	rs7767188	6	30142673	rs66548051	0.376631
6	30073776	rs7767188	6	30142690	rs957765	0.695953
6	30073776	rs7767188	6	30142999	rs2394737	0.275993
6	30073776	rs7767188	6	30144420	rs2844786	0.477899
6	30073776	rs7767188	6	30145083	rs9261539	0.279549
6	30073776	rs7767188	6	30145740	rs7774730	0.279549
6	30073776	rs7767188	6	30146650	rs9261543	0.279549
6	30073776	rs7767188	6	30146733	rs2508029	0.480581
6	30073776	rs7767188	6	30147356	rs7763162	0.272301
6	30073776	rs7767188	6	30147494	rs13194768	0.700461
6	30073776	rs7767188	6	30147689	rs28743267	0.194757
6	30073776	rs7767188	6	30148461	rs9261546	0.272301
6	30073776	rs7767188	6	30149251	rs2107196	0.483277
6	30073776	rs7767188	6	30150043	rs2844782	0.483277
6	30073776	rs7767188	6	30151143	rs7764012	0.272301
6	30073776	rs7767188	6	30151520	rs71561358	0.0960685
6	30073776	rs7767188	6	30152115	rs2239530	0.700461
6	30073776	rs7767188	6	30152367	rs7843	0.700461
6	30073776	rs7767188	6	30152789	rs1042338	0.626653
6	30073776	rs7767188	6	30154199	rs2074473	0.263195
6	30073776	rs7767188	6	30154350	rs573957263	0.348928
6	30073776	rs7767188	6	30155108	rs6457164	0.283761
6	30073776	rs7767188	6	30155131	rs6457165	0.279549
6	30073776	rs7767188	6	30155313	rs6457167	0.282352
6	30073776	rs7767188	6	30155992	rs4382237	0.272301
6	30073776	rs7767188	6	30156496	rs2074472	0.460596
6	30073776	rs7767188	6	30157599	rs561902625	0.277918
6	30073776	rs7767188	6	30157654	rs765977	0.282352
6	30073776	rs7767188	6	30159039	rs718254	0.280948
6	30073776	rs7767188	6	30159300	rs368454874	0.700461
6	30073776	rs7767188	6	30159854	rs2284164	0.280948
6	30073776	rs7767188	6	30160877	rs9261548	0.279549
6	30073776	rs7767188	6	30161205	rs7382110	0.280948
6	30073776	rs7767188	6	30161509	rs7383511	0.273717
6	30073776	rs7767188	6	30162458	rs2517616	0.626653
6	30073776	rs7767188	6	30162809	rs4711211	0.700461
6	30073776	rs7767188	6	30165316	rs3778622	0.700461
6	30073776	rs7767188	6	30167476	rs9357094	0.687033
6	30073776	rs7767188	6	30171575	rs576136741	0.296885
6	30073776	rs7767188	6	30172357	rs140336483	0.107765
6	30073776	rs7767188	6	30173544	rs2517607	0.619046
6	30073776	rs7767188	6	30173545	rs2517606	0.619046
