CHR_A	BP_A	SNP_A	CHR_B	BP_B	SNP_B	R2
6	31118511	rs130067	6	31019215	rs2523861	0.114405
6	31118511	rs130067	6	31019475	rs2523859	0.0957437
6	31118511	rs130067	6	31019495	rs2523858	0.0975277
6	31118511	rs130067	6	31019517	rs2517530	0.114405
6	31118511	rs130067	6	31020057	rs2252195	0.0985082
6	31118511	rs130067	6	31020152	rs2428517	0.112771
6	31118511	rs130067	6	31020360	rs2394424	0.0975277
6	31118511	rs130067	6	31020631	rs537420051	0.0944447
6	31118511	rs130067	6	31020821	rs3131789	0.105823
6	31118511	rs130067	6	31021325	rs2428516	0.140569
6	31118511	rs130067	6	31021504	rs2523857	0.122054
6	31118511	rs130067	6	31021547	rs2517527	0.122085
6	31118511	rs130067	6	31021630	rs2523856	0.123639
6	31118511	rs130067	6	31022756	rs200424298	0.156749
6	31118511	rs130067	6	31023813	rs9281123	0.131788
6	31118511	rs130067	6	31024244	rs140895602	0.119297
6	31118511	rs130067	6	31037888	rs541752611	0.114416
6	31118511	rs130067	6	31044295	rs7749544	0.326014
6	31118511	rs130067	6	31045554	rs9378152	0.100068
6	31118511	rs130067	6	31047620	rs3132564	0.10557
6	31118511	rs130067	6	31048992	rs3132562	0.129345
6	31118511	rs130067	6	31052361	rs34507986	0.243841
6	31118511	rs130067	6	31055536	rs35871527	0.11423
6	31118511	rs130067	6	31056512	rs35029723	0.0966135
6	31118511	rs130067	6	31057614	rs2508014	0.134212
6	31118511	rs130067	6	31061581	rs6901708	0.357811
6	31118511	rs130067	6	31062667	rs2517448	0.135445
6	31118511	rs130067	6	31063328	rs3130545	0.116154
6	31118511	rs130067	6	31063601	rs3095306	0.135439
6	31118511	rs130067	6	31065096	rs3130969	0.119298
6	31118511	rs130067	6	31066468	rs2394877	0.116154
6	31118511	rs130067	6	31066585	rs2394878	0.116154
6	31118511	rs130067	6	31066736	rs552085376	0.116154
6	31118511	rs130067	6	31066886	rs2263309	0.116154
6	31118511	rs130067	6	31066935	rs536631039	0.116154
6	31118511	rs130067	6	31067009	rs2517403	0.116154
6	31118511	rs130067	6	31067074	rs148735768	0.10977
6	31118511	rs130067	6	31067184	rs9263519	0.113324
6	31118511	rs130067	6	31067211	rs2394418	0.135439
6	31118511	rs130067	6	31067232	rs9263521	0.113907
6	31118511	rs130067	6	31067264	rs9263523	0.113907
6	31118511	rs130067	6	31067359	rs9263524	0.113324
6	31118511	rs130067	6	31067402	rs9263525	0.115111
6	31118511	rs130067	6	31067445	rs9263526	0.113324
6	31118511	rs130067	6	31067461	rs9263527	0.113324
6	31118511	rs130067	6	31067550	rs4371876	0.110445
6	31118511	rs130067	6	31067551	rs9263529	0.107253
6	31118511	rs130067	6	31067564	rs9263530	0.107253
6	31118511	rs130067	6	31067565	rs9263531	0.107253
6	31118511	rs130067	6	31067624	rs9263532	0.113907
6	31118511	rs130067	6	31067683	rs9263533	0.11731
6	31118511	rs130067	6	31067699	rs9263534	0.118945
6	31118511	rs130067	6	31067758	rs9263535	0.11731
6	31118511	rs130067	6	31067779	rs9263536	0.11731
6	31118511	rs130067	6	31067824	rs9263537	0.11731
6	31118511	rs130067	6	31067837	rs3130547	0.117891
6	31118511	rs130067	6	31067906	rs3130549	0.11673
6	31118511	rs130067	6	31068101	rs3130971	0.116154
6	31118511	rs130067	6	31068213	rs2535286	0.116154
6	31118511	rs130067	6	31068319	rs2535285	0.116154
6	31118511	rs130067	6	31068364	rs2535284	0.114534
6	31118511	rs130067	6	31068549	rs2517558	0.116154
6	31118511	rs130067	6	31068710	rs2517557	0.116154
6	31118511	rs130067	6	31068964	rs2517555	0.114353
6	31118511	rs130067	6	31069031	rs3130550	0.116154
6	31118511	rs130067	6	31069044	rs3130551	0.116154
6	31118511	rs130067	6	31069226	rs9263556	0.11673
6	31118511	rs130067	6	31069229	rs9263557	0.11673
6	31118511	rs130067	6	31069302	rs9263558	0.116154
6	31118511	rs130067	6	31069328	rs9263559	0.116154
6	31118511	rs130067	6	31069448	rs9263564	0.126308
6	31118511	rs130067	6	31069455	rs553794345	0.116154
6	31118511	rs130067	6	31069489	rs9263565	0.116154
6	31118511	rs130067	6	31069503	rs9263566	0.116154
6	31118511	rs130067	6	31069527	rs9263567	0.116154
6	31118511	rs130067	6	31069560	rs9263568	0.116154
6	31118511	rs130067	6	31069644	rs9263569	0.117968
6	31118511	rs130067	6	31069672	rs9263570	0.117968
6	31118511	rs130067	6	31069697	rs9263571	0.117968
6	31118511	rs130067	6	31069838	rs9281206	0.117968
6	31118511	rs130067	6	31069841	rs9263573	0.116338
6	31118511	rs130067	6	31069852	rs9263574	0.116338
6	31118511	rs130067	6	31069861	rs9263575	0.116338
6	31118511	rs130067	6	31069899	rs6919169	0.114534
6	31118511	rs130067	6	31070078	rs3095303	0.108671
6	31118511	rs130067	6	31070414	rs2844638	0.116154
6	31118511	rs130067	6	31070779	rs2535281	0.116154
6	31118511	rs130067	6	31070884	rs2517542	0.113505
6	31118511	rs130067	6	31071058	rs2508011	0.116154
6	31118511	rs130067	6	31071100	rs2508010	0.116154
6	31118511	rs130067	6	31071144	rs9263588	0.116154
6	31118511	rs130067	6	31071254	rs6905484	0.135439
6	31118511	rs130067	6	31071271	rs9263590	0.116154
6	31118511	rs130067	6	31071329	rs9263592	0.116154
6	31118511	rs130067	6	31071381	rs9263594	0.116154
6	31118511	rs130067	6	31071419	rs147933910	0.116154
6	31118511	rs130067	6	31071422	rs9263595	0.116154
6	31118511	rs130067	6	31071445	rs575536204	0.116154
6	31118511	rs130067	6	31071472	rs9263596	0.116154
6	31118511	rs130067	6	31071565	rs9263598	0.116154
6	31118511	rs130067	6	31071581	rs9263599	0.116154
6	31118511	rs130067	6	31071784	rs9263603	0.11779
6	31118511	rs130067	6	31071785	rs9263604	0.11779
6	31118511	rs130067	6	31071881	rs2535280	0.116154
6	31118511	rs130067	6	31071979	rs2517526	0.116154
6	31118511	rs130067	6	31072398	rs539614656	0.116154
6	31118511	rs130067	6	31072578	rs2508009	0.116154
6	31118511	rs130067	6	31072653	rs9263608	0.110348
6	31118511	rs130067	6	31072659	rs9263609	0.110348
6	31118511	rs130067	6	31072822	rs9263613	0.132903
6	31118511	rs130067	6	31072845	rs9263614	0.132903
6	31118511	rs130067	6	31072864	rs9263615	0.132903
6	31118511	rs130067	6	31072979	rs9263619	0.113324
6	31118511	rs130067	6	31073532	rs2517496	0.116154
6	31118511	rs130067	6	31073857	rs4947300	0.116154
6	31118511	rs130067	6	31074030	rs6457327	0.135439
6	31118511	rs130067	6	31074101	rs2517485	0.113736
6	31118511	rs130067	6	31074129	rs2517484	0.116154
6	31118511	rs130067	6	31074750	rs2844636	0.116154
6	31118511	rs130067	6	31074829	rs35944195	0.230571
6	31118511	rs130067	6	31075481	rs2844635	0.116154
6	31118511	rs130067	6	31075601	rs141232332	0.179569
6	31118511	rs130067	6	31075622	rs9263626	0.177759
6	31118511	rs130067	6	31075983	rs9263632	0.136672
6	31118511	rs130067	6	31076978	rs2517529	0.179569
6	31118511	rs130067	6	31077021	rs528025779	0.129371
6	31118511	rs130067	6	31077022	rs569412376	0.179569
6	31118511	rs130067	6	31077041	rs2517522	0.116154
6	31118511	rs130067	6	31077600	rs1265066	0.116154
6	31118511	rs130067	6	31078005	rs1265062	0.116154
6	31118511	rs130067	6	31078257	rs1265061	0.116154
6	31118511	rs130067	6	31078899	rs1268928	0.116154
6	31118511	rs130067	6	31079074	rs2233987	0.116154
6	31118511	rs130067	6	31079076	rs2233986	0.116154
6	31118511	rs130067	6	31080103	rs2233972	0.100068
6	31118511	rs130067	6	31080926	rs2233963	0.103923
6	31118511	rs130067	6	31081498	rs111975679	0.162231
6	31118511	rs130067	6	31081838	rs3130975	0.137377
6	31118511	rs130067	6	31081989	rs3130977	0.141576
6	31118511	rs130067	6	31082127	rs3130552	0.148364
6	31118511	rs130067	6	31082188	rs3130978	0.138368
6	31118511	rs130067	6	31082197	rs3130979	0.13664
6	31118511	rs130067	6	31082285	rs3130553	0.106056
6	31118511	rs130067	6	31082304	rs3130554	0.10436
6	31118511	rs130067	6	31082404	rs3130980	0.23891
6	31118511	rs130067	6	31082482	rs3095299	0.194039
6	31118511	rs130067	6	31082734	rs3094221	0.24361
6	31118511	rs130067	6	31082910	rs3132555	0.121494
6	31118511	rs130067	6	31082960	rs1042149	0.24361
6	31118511	rs130067	6	31083107	rs1042148	0.121494
6	31118511	rs130067	6	31083156	rs1042147	0.24361
6	31118511	rs130067	6	31083169	rs1042146	0.24361
6	31118511	rs130067	6	31083286	rs3094219	0.24361
6	31118511	rs130067	6	31083328	rs1042145	0.24361
6	31118511	rs130067	6	31083466	rs1042141	0.24361
6	31118511	rs130067	6	31083497	rs3094218	0.24361
6	31118511	rs130067	6	31083656	rs3094217	0.24361
6	31118511	rs130067	6	31083664	rs1042134	0.24361
6	31118511	rs130067	6	31083729	rs3095297	0.185273
6	31118511	rs130067	6	31083797	rs558146308	0.24361
6	31118511	rs130067	6	31083813	rs3130981	0.121494
6	31118511	rs130067	6	31084075	rs3130982	0.243673
6	31118511	rs130067	6	31084163	rs3132554	0.24361
6	31118511	rs130067	6	31084288	rs1042126	0.24361
6	31118511	rs130067	6	31084435	rs1062470	0.185273
6	31118511	rs130067	6	31084684	rs3094215	0.24361
6	31118511	rs130067	6	31084787	rs707913	0.322652
6	31118511	rs130067	6	31084792	rs3130983	0.24361
6	31118511	rs130067	6	31084964	rs575513907	0.121494
6	31118511	rs130067	6	31085200	rs386580037	0.121494
6	31118511	rs130067	6	31085269	rs386580036	0.121494
6	31118511	rs130067	6	31085340	rs386525427	0.356095
6	31118511	rs130067	6	31085382	rs540385376	0.24361
6	31118511	rs130067	6	31085547	rs541421140	0.24361
6	31118511	rs130067	6	31085563	rs559450095	0.242814
6	31118511	rs130067	6	31085641	rs530441172	0.24361
6	31118511	rs130067	6	31085701	rs530994319	0.185273
6	31118511	rs130067	6	31085770	rs551894425	0.24361
6	31118511	rs130067	6	31085882	rs546583999	0.121848
6	31118511	rs130067	6	31086402	rs555542204	0.121848
6	31118511	rs130067	6	31086617	rs535649109	0.116725
6	31118511	rs130067	6	31086620	rs557251275	0.116725
6	31118511	rs130067	6	31086849	rs563632309	0.122208
6	31118511	rs130067	6	31086884	rs531055620	0.121494
6	31118511	rs130067	6	31087240	rs386579333	0.121848
6	31118511	rs130067	6	31087286	rs566522801	0.185273
6	31118511	rs130067	6	31087295	rs556943103	0.121494
6	31118511	rs130067	6	31087310	rs553176891	0.130845
6	31118511	rs130067	6	31087354	rs541820233	0.185273
6	31118511	rs130067	6	31087441	rs556888711	0.121848
6	31118511	rs130067	6	31087496	rs575541684	0.121848
6	31118511	rs130067	6	31087562	rs3091255	0.185273
6	31118511	rs130067	6	31087684	rs540354969	0.121848
6	31118511	rs130067	6	31087908	rs386580034	0.121494
6	31118511	rs130067	6	31087934	rs562436976	0.121494
6	31118511	rs130067	6	31088037	rs533281725	0.121848
6	31118511	rs130067	6	31088202	rs568115239	0.185273
6	31118511	rs130067	6	31088232	rs535514769	0.121848
6	31118511	rs130067	6	31088241	rs386564366	0.121848
6	31118511	rs130067	6	31088325	rs386564365	0.121848
6	31118511	rs130067	6	31088579	rs540151006	0.121494
6	31118511	rs130067	6	31088856	rs573422310	0.121848
6	31118511	rs130067	6	31088950	rs143856169	0.191724
6	31118511	rs130067	6	31088981	rs6927322	0.174576
6	31118511	rs130067	6	31089037	rs573798277	0.18802
6	31118511	rs130067	6	31089125	rs553317370	0.121848
6	31118511	rs130067	6	31089388	rs551694633	0.185273
6	31118511	rs130067	6	31089389	rs2239522	0.185273
6	31118511	rs130067	6	31089507	rs548774566	0.121494
6	31118511	rs130067	6	31089982	rs386579266	0.121848
6	31118511	rs130067	6	31090398	rs556020613	0.186696
6	31118511	rs130067	6	31090552	rs574266188	0.185506
6	31118511	rs130067	6	31090599	rs544357589	0.186696
6	31118511	rs130067	6	31090672	rs556285588	0.185273
6	31118511	rs130067	6	31090837	rs560052000	0.130606
6	31118511	rs130067	6	31090843	rs541321853	0.186696
6	31118511	rs130067	6	31090858	rs542485576	0.130606
6	31118511	rs130067	6	31090945	rs560776913	0.130606
6	31118511	rs130067	6	31091070	rs550699064	0.186696
6	31118511	rs130067	6	31091074	rs569246897	0.130606
6	31118511	rs130067	6	31091163	rs386580033	0.130606
6	31118511	rs130067	6	31091197	rs529060937	0.130606
6	31118511	rs130067	6	31091273	rs534526282	0.130606
6	31118511	rs130067	6	31091409	rs556750647	0.186696
6	31118511	rs130067	6	31091447	rs386579332	0.130606
6	31118511	rs130067	6	31091531	rs553508316	0.192879
6	31118511	rs130067	6	31091642	rs571982683	0.136079
6	31118511	rs130067	6	31091862	rs560839399	0.186696
6	31118511	rs130067	6	31092541	rs538501512	0.09386
6	31118511	rs130067	6	31092547	rs556494266	0.09386
6	31118511	rs130067	6	31092669	rs553812965	0.192879
6	31118511	rs130067	6	31092763	rs3094201	0.0918739
6	31118511	rs130067	6	31093066	rs3095302	0.0918739
6	31118511	rs130067	6	31093132	rs3094200	0.0902432
6	31118511	rs130067	6	31093326	rs3094199	0.117886
6	31118511	rs130067	6	31093327	rs3094198	0.0918739
6	31118511	rs130067	6	31093356	rs3095301	0.0918739
6	31118511	rs130067	6	31093482	rs3131003	0.0914715
6	31118511	rs130067	6	31093485	rs3094197	0.117886
6	31118511	rs130067	6	31093505	rs111512144	0.103923
6	31118511	rs130067	6	31093947	rs3094196	0.322896
6	31118511	rs130067	6	31094971	rs10947137	0.126846
6	31118511	rs130067	6	31095294	rs3131004	0.23372
6	31118511	rs130067	6	31095864	rs3131005	0.117886
6	31118511	rs130067	6	31096184	rs2844634	0.35632
6	31118511	rs130067	6	31096189	rs2844633	0.35632
6	31118511	rs130067	6	31097183	rs3130558	0.126515
6	31118511	rs130067	6	31097301	rs3130559	0.336404
6	31118511	rs130067	6	31097453	rs3130560	0.136557
6	31118511	rs130067	6	31098194	rs35675929	0.160758
6	31118511	rs130067	6	31098343	rs555418148	0.122474
6	31118511	rs130067	6	31098344	rs3131007	0.242596
6	31118511	rs130067	6	31098832	rs528878831	0.136557
6	31118511	rs130067	6	31099577	rs4959053	0.16807
6	31118511	rs130067	6	31099761	rs568154722	0.16807
6	31118511	rs130067	6	31099859	rs557272628	0.16807
6	31118511	rs130067	6	31099935	rs569456512	0.333568
6	31118511	rs130067	6	31100768	rs562470954	0.144934
6	31118511	rs130067	6	31100978	rs568216988	0.167011
6	31118511	rs130067	6	31101426	rs545017198	0.377673
6	31118511	rs130067	6	31101778	rs562775931	0.145308
6	31118511	rs130067	6	31102143	rs10947140	0.201938
6	31118511	rs130067	6	31102241	rs9468874	0.160164
6	31118511	rs130067	6	31102377	rs10456391	0.0945374
6	31118511	rs130067	6	31102672	rs3130567	0.0958053
6	31118511	rs130067	6	31102781	rs1265102	0.226903
6	31118511	rs130067	6	31102955	rs3130569	0.0958053
6	31118511	rs130067	6	31103120	rs3130570	0.0958053
6	31118511	rs130067	6	31103272	rs3094668	0.0958053
6	31118511	rs130067	6	31103604	rs3094667	0.0958053
6	31118511	rs130067	6	31103655	rs3132563	0.0958053
6	31118511	rs130067	6	31103931	rs3132561	0.0947948
6	31118511	rs130067	6	31104100	rs3094666	0.167938
6	31118511	rs130067	6	31104167	rs544381071	0.189459
6	31118511	rs130067	6	31104702	rs3130572	0.163111
6	31118511	rs130067	6	31104855	rs3094665	0.167938
6	31118511	rs130067	6	31104919	rs3094664	0.0958053
6	31118511	rs130067	6	31104952	rs3132560	0.0958053
6	31118511	rs130067	6	31104956	rs9263724	0.0965626
6	31118511	rs130067	6	31105310	rs1265100	0.40302
6	31118511	rs130067	6	31106177	rs1265098	0.151609
6	31118511	rs130067	6	31106268	rs3130573	0.11567
6	31118511	rs130067	6	31106489	rs1265096	0.262439
6	31118511	rs130067	6	31106893	rs1265094	0.322411
6	31118511	rs130067	6	31107087	rs3094663	0.0997998
6	31118511	rs130067	6	31107187	rs1265093	0.712626
6	31118511	rs130067	6	31107245	rs3130464	0.0997998
6	31118511	rs130067	6	31107258	rs2285803	0.0997998
6	31118511	rs130067	6	31107317	rs1265092	0.114678
6	31118511	rs130067	6	31107733	rs1966	0.994414
6	31118511	rs130067	6	31108169	rs1265090	0.544181
6	31118511	rs130067	6	31108271	rs199773024	0.114176
6	31118511	rs130067	6	31108485	rs3130454	0.0978407
6	31118511	rs130067	6	31108607	rs1265089	0.994414
6	31118511	rs130067	6	31108628	rs114240643	0.3467
6	31118511	rs130067	6	31109222	rs35590798	0.298386
6	31118511	rs130067	6	31109251	rs6942331	0.093345
6	31118511	rs130067	6	31109281	rs2844639	0.252963
6	31118511	rs130067	6	31109460	rs1265088	0.319549
6	31118511	rs130067	6	31109810	rs1265087	0.115256
6	31118511	rs130067	6	31109882	rs386525443	0.296828
6	31118511	rs130067	6	31109946	rs2523834	0.115256
6	31118511	rs130067	6	31109947	rs2523833	0.115256
6	31118511	rs130067	6	31110391	rs1576	0.115256
6	31118511	rs130067	6	31110671	rs1265085	0.994414
6	31118511	rs130067	6	31111180	rs130073	0.0978407
6	31118511	rs130067	6	31111606	rs1265082	0.543165
6	31118511	rs130067	6	31111675	rs1265081	0.319331
6	31118511	rs130067	6	31112075	rs1265080	0.319331
6	31118511	rs130067	6	31112108	rs1265079	0.115256
6	31118511	rs130067	6	31112602	rs1265078	0.115256
6	31118511	rs130067	6	31113052	rs3094225	0.0945992
6	31118511	rs130067	6	31113083	rs1265076	0.115256
6	31118511	rs130067	6	31113113	rs1265075	0.29582
6	31118511	rs130067	6	31113214	rs1265074	0.994414
6	31118511	rs130067	6	31113940	rs746646	0.115767
6	31118511	rs130067	6	31114019	rs3132537	0.0978407
6	31118511	rs130067	6	31114182	rs746647	0.115767
6	31118511	rs130067	6	31114335	rs2240066	0.204373
6	31118511	rs130067	6	31114573	rs2240064	0.233427
6	31118511	rs130067	6	31114597	rs28360048	0.181194
6	31118511	rs130067	6	31114745	rs2240063	0.235529
6	31118511	rs130067	6	31114900	rs2240060	0.0978407
6	31118511	rs130067	6	31115207	rs1265070	0.543165
6	31118511	rs130067	6	31115441	rs3131012	0.235445
6	31118511	rs130067	6	31115604	rs3131013	0.0978407
6	31118511	rs130067	6	31115700	rs1265069	0.115256
6	31118511	rs130067	6	31115711	rs1265068	0.994414
6	31118511	rs130067	6	31115874	rs9263758	0.0978407
6	31118511	rs130067	6	31116142	rs1265067	0.115256
6	31118511	rs130067	6	31116210	rs130071	0.104361
6	31118511	rs130067	6	31116502	rs2027937	0.343903
6	31118511	rs130067	6	31116526	rs3132535	0.0944167
6	31118511	rs130067	6	31116627	rs3131014	0.671823
6	31118511	rs130067	6	31117075	rs1265115	0.524115
6	31118511	rs130067	6	31117188	rs1265114	0.115256
6	31118511	rs130067	6	31117577	rs1265113	0.543165
6	31118511	rs130067	6	31117578	rs3132533	0.197731
6	31118511	rs130067	6	31118019	rs1265112	0.115256
6	31118511	rs130067	6	31118511	rs130067	1
6	31118511	rs130067	6	31118903	rs74705176	0.0951596
6	31118511	rs130067	6	31118942	rs2517985	0.115256
6	31118511	rs130067	6	31119380	rs1265111	0.115256
6	31118511	rs130067	6	31119422	rs1265110	0.543165
6	31118511	rs130067	6	31119589	rs1265109	0.651439
6	31118511	rs130067	6	31119869	rs1265108	0.390147
6	31118511	rs130067	6	31120240	rs9263773	0.181733
6	31118511	rs130067	6	31120711	rs55898325	0.343903
6	31118511	rs130067	6	31120768	rs56205037	0.343903
6	31118511	rs130067	6	31121529	rs1265107	0.549624
6	31118511	rs130067	6	31121874	rs555979364	0.314473
6	31118511	rs130067	6	31122126	rs2073717	0.197731
6	31118511	rs130067	6	31122315	rs130066	0.425428
6	31118511	rs130067	6	31124849	rs3130453	0.357717
6	31118511	rs130067	6	31125158	rs743401	0.195949
6	31118511	rs130067	6	31125407	rs12529697	0.343903
6	31118511	rs130067	6	31125569	rs2239524	0.195949
6	31118511	rs130067	6	31126252	rs3130456	0.197731
6	31118511	rs130067	6	31126790	rs3095239	0.311623
6	31118511	rs130067	6	31126944	rs3094187	0.315122
6	31118511	rs130067	6	31127602	rs6905862	0.416403
6	31118511	rs130067	6	31128244	rs9263787	0.195949
6	31118511	rs130067	6	31128552	rs3130934	0.141625
6	31118511	rs130067	6	31128866	rs374010891	0.541353
6	31118511	rs130067	6	31128941	rs145076888	0.223306
6	31118511	rs130067	6	31130593	rs1419881	0.364372
6	31118511	rs130067	6	31130760	rs1841	0.343903
6	31118511	rs130067	6	31132140	rs13409	0.421031
6	31118511	rs130067	6	31132414	rs1061118	0.145071
6	31118511	rs130067	6	31132649	rs2394882	0.145071
6	31118511	rs130067	6	31132689	rs574550488	0.145071
6	31118511	rs130067	6	31133509	rs2106074	0.145071
6	31118511	rs130067	6	31133577	rs145919884	0.170372
6	31118511	rs130067	6	31133620	rs542271172	0.145071
6	31118511	rs130067	6	31133677	rs45506394	0.0951596
6	31118511	rs130067	6	31133943	rs3130932	0.145071
6	31118511	rs130067	6	31134033	rs115513668	0.0951596
6	31118511	rs130067	6	31134087	rs1265163	0.543165
6	31118511	rs130067	6	31134175	rs3132526	0.315122
6	31118511	rs130067	6	31134888	rs3130931	0.0930128
6	31118511	rs130067	6	31135172	rs3130930	0.140324
6	31118511	rs130067	6	31135197	rs1419880	0.31168
6	31118511	rs130067	6	31135387	rs2021375	0.315122
6	31118511	rs130067	6	31135732	rs374107772	0.308891
6	31118511	rs130067	6	31135966	rs3094195	0.315122
6	31118511	rs130067	6	31136575	rs114263479	0.311103
6	31118511	rs130067	6	31137715	rs113563385	0.326409
6	31118511	rs130067	6	31137774	rs3094193	0.197322
6	31118511	rs130067	6	31138371	rs1265160	0.543165
6	31118511	rs130067	6	31138377	rs2077010	0.424126
6	31118511	rs130067	6	31139375	rs543549548	0.127035
6	31118511	rs130067	6	31139452	rs879882	0.167117
6	31118511	rs130067	6	31139490	rs885952	0.428849
6	31118511	rs130067	6	31139962	rs142493299	0.181194
6	31118511	rs130067	6	31140008	rs3132520	0.319263
6	31118511	rs130067	6	31140073	rs3094190	0.211719
6	31118511	rs130067	6	31140088	rs3132519	0.211719
6	31118511	rs130067	6	31140091	rs885951	0.438184
6	31118511	rs130067	6	31140152	rs885950	0.43027
6	31118511	rs130067	6	31140169	rs3132518	0.21659
6	31118511	rs130067	6	31140532	rs885948	0.315591
6	31118511	rs130067	6	31141389	rs115568381	0.0951596
6	31118511	rs130067	6	31142261	rs28360051	0.177656
6	31118511	rs130067	6	31142265	rs1265157	0.144938
6	31118511	rs130067	6	31142297	rs1265156	0.548131
6	31118511	rs130067	6	31142719	rs9461648	0.132556
6	31118511	rs130067	6	31142903	rs9468877	0.130273
6	31118511	rs130067	6	31143158	rs9461649	0.130273
6	31118511	rs130067	6	31143241	rs9461650	0.130273
6	31118511	rs130067	6	31143249	rs9468879	0.130273
6	31118511	rs130067	6	31143511	rs887466	0.404435
6	31118511	rs130067	6	31143582	rs3131018	0.195438
6	31118511	rs130067	6	31143694	rs1265155	0.446233
6	31118511	rs130067	6	31143804	rs3734872	0.159694
6	31118511	rs130067	6	31143835	rs915660	0.296576
6	31118511	rs130067	6	31144429	rs4947305	0.446233
6	31118511	rs130067	6	31144582	rs7770946	0.379635
6	31118511	rs130067	6	31144637	rs9404937	0.545179
6	31118511	rs130067	6	31144678	rs7751130	0.446233
6	31118511	rs130067	6	31144709	rs372732036;rs372732036;rs561272174	0.135602
6	31118511	rs130067	6	31144771	rs9357109	0.296576
6	31118511	rs130067	6	31144824	rs143970276	0.145228
6	31118511	rs130067	6	31144849	rs9501504	0.446233
6	31118511	rs130067	6	31144887	rs375363217	0.159694
6	31118511	rs130067	6	31144912	rs9295956	0.438896
6	31118511	rs130067	6	31145000	rs192460891	0.159694
6	31118511	rs130067	6	31145073	rs9391813	0.446233
6	31118511	rs130067	6	31145107	rs9391814	0.446233
6	31118511	rs130067	6	31145116	rs9391815	0.563891
6	31118511	rs130067	6	31145123	rs9391816	0.446233
6	31118511	rs130067	6	31145271	rs9501066	0.446233
6	31118511	rs130067	6	31145284	rs146037572	0.438896
6	31118511	rs130067	6	31145413	rs11967629	0.296576
6	31118511	rs130067	6	31145416	rs28360052	0.181194
6	31118511	rs130067	6	31145431	rs3871246	0.446233
6	31118511	rs130067	6	31145451	rs3130506	0.195438
6	31118511	rs130067	6	31145702	rs3871247	0.446233
6	31118511	rs130067	6	31145755	rs11507945	0.296576
6	31118511	rs130067	6	31145839	rs3868542	0.446233
6	31118511	rs130067	6	31145920	rs887464	0.396306
6	31118511	rs130067	6	31145991	rs3871248	0.446233
6	31118511	rs130067	6	31146315	rs143488460	0.446233
6	31118511	rs130067	6	31146403	rs1052989	0.296576
6	31118511	rs130067	6	31146439	rs1052986	0.159694
6	31118511	rs130067	6	31146477	rs9368657	0.446233
6	31118511	rs130067	6	31146513	rs9368658	0.446233
6	31118511	rs130067	6	31146584	rs9380220	0.296576
6	31118511	rs130067	6	31147619	rs11752301	0.159694
6	31118511	rs130067	6	31147633	rs28360053	0.296576
6	31118511	rs130067	6	31147725	rs9357110	0.446233
6	31118511	rs130067	6	31147892	rs9394040	0.450285
6	31118511	rs130067	6	31147916	rs9357111	0.450285
6	31118511	rs130067	6	31148606	rs6937752	0.450285
6	31118511	rs130067	6	31149015	rs35006917	0.15962
6	31118511	rs130067	6	31149091	rs9357113	0.296258
6	31118511	rs130067	6	31149728	rs537664885	0.309388
6	31118511	rs130067	6	31150039	rs56178408	0.166378
6	31118511	rs130067	6	31150323	rs4713440	0.166378
6	31118511	rs130067	6	31150350	rs28749547	0.181194
6	31118511	rs130067	6	31150383	rs4711258	0.337028
6	31118511	rs130067	6	31150435	rs1128175	0.0998848
6	31118511	rs130067	6	31150844	rs527302481	0.507719
6	31118511	rs130067	6	31150858	rs9468880	0.337028
6	31118511	rs130067	6	31150870	rs9468881	0.337028
6	31118511	rs130067	6	31150873	rs9380221	0.296258
6	31118511	rs130067	6	31150914	rs28749548	0.309388
6	31118511	rs130067	6	31151039	rs9468882	0.566064
6	31118511	rs130067	6	31151042	rs9468883	0.337498
6	31118511	rs130067	6	31151248	rs11961945	0.309388
6	31118511	rs130067	6	31151319	rs9468884	0.169375
6	31118511	rs130067	6	31151573	rs9468886	0.166378
6	31118511	rs130067	6	31151690	rs9468887	0.337028
6	31118511	rs130067	6	31151926	rs6913301	0.565171
6	31118511	rs130067	6	31151997	rs6913894	0.166378
6	31118511	rs130067	6	31152098	rs6913631	0.166378
6	31118511	rs130067	6	31152127	rs6913648	0.565171
6	31118511	rs130067	6	31152321	rs56332747	0.166378
6	31118511	rs130067	6	31152734	rs9501505	0.337028
6	31118511	rs130067	6	31152739	rs531726338;rs543129259	0.171396
6	31118511	rs130067	6	31152839	rs9501350	0.337028
6	31118511	rs130067	6	31152886	rs375415483	0.324694
6	31118511	rs130067	6	31153126	rs9501351	0.166378
6	31118511	rs130067	6	31153485	rs536403957	0.0991666
6	31118511	rs130067	6	31153573	rs9501506	0.166378
6	31118511	rs130067	6	31153593	rs147832398	0.592904
6	31118511	rs130067	6	31153716	rs9501507	0.166378
6	31118511	rs130067	6	31153916	rs11970124	0.337028
6	31118511	rs130067	6	31154040	rs17197375	0.337028
6	31118511	rs130067	6	31154138	rs115737821	0.166378
6	31118511	rs130067	6	31154171	rs17197395	0.337028
6	31118511	rs130067	6	31154206	rs17191040	0.166378
6	31118511	rs130067	6	31154262	rs7753892	0.5928
6	31118511	rs130067	6	31154358	rs7772290	0.5928
6	31118511	rs130067	6	31154384	rs17197402	0.166378
6	31118511	rs130067	6	31154421	rs3208498	0.337028
6	31118511	rs130067	6	31154447	rs17197422	0.337028
6	31118511	rs130067	6	31154473	rs199987285	0.166378
6	31118511	rs130067	6	31154620	rs6921663	0.218184
6	31118511	rs130067	6	31154820	rs6922051	0.50472
6	31118511	rs130067	6	31154897	rs6899875	0.329252
6	31118511	rs130067	6	31154981	rs575356567	0.328837
6	31118511	rs130067	6	31155187	rs9461652	0.337028
6	31118511	rs130067	6	31155284	rs4713441	0.329252
6	31118511	rs130067	6	31155304	rs28360055	0.329252
6	31118511	rs130067	6	31155385	rs9468889	0.337028
6	31118511	rs130067	6	31155405	rs4713442	0.329252
6	31118511	rs130067	6	31155434	rs28360056	0.329252
6	31118511	rs130067	6	31155532	rs28360057	0.342078
6	31118511	rs130067	6	31155539	rs4713443	0.299851
6	31118511	rs130067	6	31155548	rs4713444	0.299851
6	31118511	rs130067	6	31155615	rs28360058	0.342078
6	31118511	rs130067	6	31155920	rs28360059	0.342078
6	31118511	rs130067	6	31155991	rs9357115	0.329252
6	31118511	rs130067	6	31156041	rs9368661	0.744977
6	31118511	rs130067	6	31156148	rs9368662	0.218184
6	31118511	rs130067	6	31156155	rs9368663	0.218184
6	31118511	rs130067	6	31156170	rs531431884;rs548730454;rs368472455	0.711767
6	31118511	rs130067	6	31156350	rs149432671	0.166378
6	31118511	rs130067	6	31156385	rs9263852	0.319954
6	31118511	rs130067	6	31156465	rs9378115	0.329252
6	31118511	rs130067	6	31156698	rs60107636	0.337028
6	31118511	rs130067	6	31156861	rs55654249	0.197345
6	31118511	rs130067	6	31157593	rs9295957	0.329252
6	31118511	rs130067	6	31157709	rs9405052	0.329252
6	31118511	rs130067	6	31157738	rs9391818	0.329252
6	31118511	rs130067	6	31157830	rs28749549	0.342078
6	31118511	rs130067	6	31158105	rs36101887	0.357725
6	31118511	rs130067	6	31158184	rs9295958	0.329252
6	31118511	rs130067	6	31158373	rs7755702	0.329252
6	31118511	rs130067	6	31158385	rs7755428	0.299851
6	31118511	rs130067	6	31158505	rs12527342	0.337028
6	31118511	rs130067	6	31158560	rs145171179	0.226431
6	31118511	rs130067	6	31158786	rs7741806	0.298729
6	31118511	rs130067	6	31158832	rs7741829	0.5928
6	31118511	rs130067	6	31158882	rs368529702	0.337028
6	31118511	rs130067	6	31158884	rs552784937	0.337028
6	31118511	rs130067	6	31159020	rs7742179	0.35794
6	31118511	rs130067	6	31159041	rs558504354	0.337028
6	31118511	rs130067	6	31159522	rs28617578	0.337028
6	31118511	rs130067	6	31159533	rs28360060	0.329252
6	31118511	rs130067	6	31159692	rs7764794	0.299851
6	31118511	rs130067	6	31159810	rs550239034	0.441715
6	31118511	rs130067	6	31159911	rs28749550	0.342078
6	31118511	rs130067	6	31160116	rs12526142	0.197345
6	31118511	rs130067	6	31160131	rs28360061	0.329252
6	31118511	rs130067	6	31160211	rs12529498	0.337028
6	31118511	rs130067	6	31160218	rs28360062	0.329252
6	31118511	rs130067	6	31160298	rs28360063	0.329252
6	31118511	rs130067	6	31160553	rs9461653	0.337028
6	31118511	rs130067	6	31161000	rs115923462	0.337028
6	31118511	rs130067	6	31161152	rs6936474	0.315476
6	31118511	rs130067	6	31161161	rs6936597	0.315476
6	31118511	rs130067	6	31161176	rs4711259	0.299851
6	31118511	rs130067	6	31161404	rs60851386	0.337028
6	31118511	rs130067	6	31161571	rs6941912	0.329252
6	31118511	rs130067	6	31161856	rs55938644	0.337028
6	31118511	rs130067	6	31161893	rs9468890	0.331812
6	31118511	rs130067	6	31162328	rs6899874	0.218184
6	31118511	rs130067	6	31162384	rs28360064	0.218184
6	31118511	rs130067	6	31162520	rs7762933	0.301503
6	31118511	rs130067	6	31162648	rs9461657	0.331812
6	31118511	rs130067	6	31162839	rs4713446	0.301503
6	31118511	rs130067	6	31162963	rs4713447	0.301503
6	31118511	rs130067	6	31163094	rs9501508;rs371095249	0.337028
6	31118511	rs130067	6	31163106	rs7743722	0.301503
6	31118511	rs130067	6	31163566	rs9295960	0.218184
6	31118511	rs130067	6	31163569	rs9391819	0.218184
6	31118511	rs130067	6	31163582	rs9378227	0.218184
6	31118511	rs130067	6	31163791	rs6922077	0.218184
6	31118511	rs130067	6	31163796	rs6901685	0.218184
6	31118511	rs130067	6	31163972	rs28749551	0.42595
6	31118511	rs130067	6	31164195	rs28749552	0.177064
6	31118511	rs130067	6	31164196	rs28749553	0.177064
6	31118511	rs130067	6	31164197	rs28749554	0.177064
6	31118511	rs130067	6	31164199	rs28749555	0.177064
6	31118511	rs130067	6	31164204	rs200784272	0.182227
6	31118511	rs130067	6	31164207	rs28749557	0.182227
6	31118511	rs130067	6	31164224	rs9501070	0.331812
6	31118511	rs130067	6	31164236	rs6922842	0.209536
6	31118511	rs130067	6	31164242	rs6922553	0.209536
6	31118511	rs130067	6	31164271	rs6922994	0.218184
6	31118511	rs130067	6	31164352	rs6922744	0.218184
6	31118511	rs130067	6	31164365	rs556291522	0.218184
6	31118511	rs130067	6	31164410	rs6922756	0.218184
6	31118511	rs130067	6	31164471	rs9501071	0.331812
6	31118511	rs130067	6	31164472	rs6927253	0.218184
6	31118511	rs130067	6	31164495	rs9501072	0.331812
6	31118511	rs130067	6	31164507	rs28360065	0.215279
6	31118511	rs130067	6	31164511	rs9501073	0.587633
6	31118511	rs130067	6	31164517	rs28360066	0.215279
6	31118511	rs130067	6	31164549	rs9500882	0.297611
6	31118511	rs130067	6	31164580	rs28360067	0.32848
6	31118511	rs130067	6	31164590	rs28397268	0.218751
6	31118511	rs130067	6	31164595	rs28397269	0.340888
6	31118511	rs130067	6	31164635	rs28397270	0.218751
6	31118511	rs130067	6	31164643	rs28397271	0.218751
6	31118511	rs130067	6	31164739	rs28397272	0.220416
6	31118511	rs130067	6	31164750	rs28397273	0.214607
6	31118511	rs130067	6	31164770	rs28397275	0.322314
6	31118511	rs130067	6	31164779	rs28362333	0.293762
6	31118511	rs130067	6	31164794	rs28397276	0.322314
6	31118511	rs130067	6	31164849	rs28362335	0.301503
6	31118511	rs130067	6	31164901	rs28362336	0.301503
6	31118511	rs130067	6	31164906	rs78517503	0.331812
6	31118511	rs130067	6	31164943	rs28397277	0.342078
6	31118511	rs130067	6	31164968	rs9501074	0.331812
6	31118511	rs130067	6	31165012	rs28397278	0.0933654
6	31118511	rs130067	6	31165031	rs139479165	0.113113
6	31118511	rs130067	6	31165100	rs9500883	0.301503
6	31118511	rs130067	6	31165177	rs9501075	0.301503
6	31118511	rs130067	6	31165733	rs9500884	0.331812
6	31118511	rs130067	6	31165846	rs28397282	0.218184
6	31118511	rs130067	6	31166235	rs138790389	0.0951596
6	31118511	rs130067	6	31166239	rs78429324	0.337028
6	31118511	rs130067	6	31166294	rs9391711	0.218184
6	31118511	rs130067	6	31166297	rs9404980	0.131017
6	31118511	rs130067	6	31166301	rs79278836	0.331812
6	31118511	rs130067	6	31166378	rs9404981	0.301503
6	31118511	rs130067	6	31166539	rs9404982	0.301503
6	31118511	rs130067	6	31166719	rs9391712	0.329252
6	31118511	rs130067	6	31166828	rs9404983	0.218184
6	31118511	rs130067	6	31166887	rs886389	0.337028
6	31118511	rs130067	6	31166936	rs28397284	0.342078
6	31118511	rs130067	6	31167011	rs9394042	0.215969
6	31118511	rs130067	6	31167170	rs9468891	0.299851
6	31118511	rs130067	6	31167213	rs9380222	0.218184
6	31118511	rs130067	6	31167347	rs28397285	0.218184
6	31118511	rs130067	6	31167498	rs9295961	0.337028
6	31118511	rs130067	6	31167512	rs9501077	0.299851
6	31118511	rs130067	6	31167573	rs28397286	0.329252
6	31118511	rs130067	6	31167696	rs11381232	0.215969
6	31118511	rs130067	6	31167815	rs3868075	0.299851
6	31118511	rs130067	6	31167927	rs4122189	0.218184
6	31118511	rs130067	6	31168483	rs11961983	0.342078
6	31118511	rs130067	6	31168494	rs9366768	0.299851
6	31118511	rs130067	6	31168588	rs9380223	0.218184
6	31118511	rs130067	6	31168676	rs9380224	0.299851
6	31118511	rs130067	6	31168777	rs10947144	0.295966
6	31118511	rs130067	6	31168842	rs140174668	0.337028
6	31118511	rs130067	6	31169257	rs572391584	0.298204
6	31118511	rs130067	6	31169289	rs9366769	0.218184
6	31118511	rs130067	6	31169438	rs9295962	0.294841
6	31118511	rs130067	6	31169494	rs9295963	0.294841
6	31118511	rs130067	6	31169538	rs9295964	0.294841
6	31118511	rs130067	6	31169575	rs34467061	0.257146
6	31118511	rs130067	6	31169688	rs543764165	0.290403
6	31118511	rs130067	6	31169764	rs10807081	0.235357
6	31118511	rs130067	6	31170014	rs9263869	0.0945533
6	31118511	rs130067	6	31170066	rs73728292	0.253763
6	31118511	rs130067	6	31170117	rs571643930	0.240017
6	31118511	rs130067	6	31170227	rs73728294	0.262313
6	31118511	rs130067	6	31170228	rs9366770	0.274788
6	31118511	rs130067	6	31170608	rs9263872	0.281702
6	31118511	rs130067	6	31170713	rs9263873	0.281702
6	31118511	rs130067	6	31170821	rs17191139	0.293379
6	31118511	rs130067	6	31170914	rs9263875	0.433832
6	31118511	rs130067	6	31171257	rs6921948	0.199649
6	31118511	rs130067	6	31171598	rs1135811	0.237684
6	31118511	rs130067	6	31171876	rs17191181	0.362116
6	31118511	rs130067	6	31171915	rs17197519	0.237684
6	31118511	rs130067	6	31171924	rs9263881	0.0941792
6	31118511	rs130067	6	31172044	rs17197540	0.237684
6	31118511	rs130067	6	31172225	rs7453202	0.237684
6	31118511	rs130067	6	31172317	rs3887383	0.289087
6	31118511	rs130067	6	31172332	rs3887382	0.0915777
6	31118511	rs130067	6	31172351	rs3887381	0.201225
6	31118511	rs130067	6	31172879	rs9263886	0.0941792
6	31118511	rs130067	6	31173279	rs55961910	0.258584
6	31118511	rs130067	6	31173395	rs33911358	0.0946241
6	31118511	rs130067	6	31173395	rs540338140	0.140581
6	31118511	rs130067	6	31173433	rs3998077	0.199649
6	31118511	rs130067	6	31173768	rs12660585	0.0941792
6	31118511	rs130067	6	31173806	rs28744238	0.0962777
6	31118511	rs130067	6	31173860	rs6907451	0.237684
6	31118511	rs130067	6	31173886	rs6930438	0.237684
6	31118511	rs130067	6	31173933	rs6930462	0.199649
6	31118511	rs130067	6	31174035	rs6930643	0.199649
6	31118511	rs130067	6	31174036	rs11489178	0.0962777
6	31118511	rs130067	6	31174111	rs11489180	0.0962777
6	31118511	rs130067	6	31174527	rs2894181	0.199649
6	31118511	rs130067	6	31174590	rs2394885	0.0941792
6	31118511	rs130067	6	31174655	rs6913015	0.362116
6	31118511	rs130067	6	31174662	rs6913470	0.23636
6	31118511	rs130067	6	31174758	rs28744239	0.0941792
6	31118511	rs130067	6	31174810	rs28857280	0.293379
6	31118511	rs130067	6	31174907	rs538347375	0.090538
6	31118511	rs130067	6	31175015	rs6913863	0.237684
6	31118511	rs130067	6	31175044	rs6936825	0.199649
6	31118511	rs130067	6	31175096	rs6914030	0.349022
6	31118511	rs130067	6	31175178	rs6914215	0.199649
6	31118511	rs130067	6	31175206	rs6914076	0.199649
6	31118511	rs130067	6	31175262	rs150561730	0.258584
6	31118511	rs130067	6	31175275	rs6914706	0.349022
6	31118511	rs130067	6	31175276	rs6914393	0.349022
6	31118511	rs130067	6	31175284	rs6914710	0.349022
6	31118511	rs130067	6	31175392	rs9461659	0.293379
6	31118511	rs130067	6	31175608	rs4249311	0.199649
6	31118511	rs130067	6	31175627	rs6919493	0.349022
6	31118511	rs130067	6	31175667	rs545040429	0.167036
6	31118511	rs130067	6	31175912	rs6919603	0.0938612
6	31118511	rs130067	6	31176160	rs17191237	0.362116
6	31118511	rs130067	6	31176246	rs4410769	0.18445
6	31118511	rs130067	6	31176335	rs3887152	0.42234
6	31118511	rs130067	6	31176461	rs3887153	0.362116
6	31118511	rs130067	6	31176860	rs36091469	0.170046
6	31118511	rs130067	6	31176980	rs35739787	0.170046
6	31118511	rs130067	6	31177034	rs35016370	0.170046
6	31118511	rs130067	6	31177174	rs144031665	0.170046
6	31118511	rs130067	6	31177298	rs35299283	0.170046
6	31118511	rs130067	6	31177342	rs34008279	0.170046
6	31118511	rs130067	6	31177372	rs4457201	0.133907
6	31118511	rs130067	6	31177510	rs9501519	0.276806
6	31118511	rs130067	6	31177519	rs9501352	0.276806
6	31118511	rs130067	6	31177522	rs9501353	0.276806
6	31118511	rs130067	6	31177525	rs35023124	0.167466
6	31118511	rs130067	6	31177658	rs9501520	0.280574
6	31118511	rs130067	6	31177729	rs34873323	0.168372
6	31118511	rs130067	6	31177740	rs9501521	0.278425
6	31118511	rs130067	6	31177764	rs36044207	0.167466
6	31118511	rs130067	6	31177776	rs28744244	0.278425
6	31118511	rs130067	6	31177787	rs534907185	0.278425
6	31118511	rs130067	6	31177874	rs28744251	0.282201
6	31118511	rs130067	6	31178187	rs17191265;rs112987198	0.146941
6	31118511	rs130067	6	31178190	rs17197609	0.17095
6	31118511	rs130067	6	31178192	rs560291245	0.17095
6	31118511	rs130067	6	31178193	rs527773489	0.161569
6	31118511	rs130067	6	31178194	rs17197630	0.271003
6	31118511	rs130067	6	31178198	rs17191272	0.271003
6	31118511	rs130067	6	31178201	rs17191279	0.178886
6	31118511	rs130067	6	31178211	rs17191286	0.271003
6	31118511	rs130067	6	31178213	rs17191293	0.271003
6	31118511	rs130067	6	31178233	rs9263927	0.133244
6	31118511	rs130067	6	31178279	rs17197637	0.281069
6	31118511	rs130067	6	31178324	rs9263928	0.133907
6	31118511	rs130067	6	31178328	rs9263929	0.133907
6	31118511	rs130067	6	31178334	rs17197658	0.17095
6	31118511	rs130067	6	31178371	rs17191307	0.170046
6	31118511	rs130067	6	31178448	rs17191321	0.278919
6	31118511	rs130067	6	31178459	rs17191328	0.277793
6	31118511	rs130067	6	31178465	rs17197665	0.278919
6	31118511	rs130067	6	31178515	rs17197679	0.278919
6	31118511	rs130067	6	31178547	rs9263931	0.132204
6	31118511	rs130067	6	31178605	rs17191342	0.17095
6	31118511	rs130067	6	31178626	rs9263933	0.132204
6	31118511	rs130067	6	31178644	rs576834215	0.138812
6	31118511	rs130067	6	31178676	rs17197693	0.17095
6	31118511	rs130067	6	31178780	rs17197707	0.17095
6	31118511	rs130067	6	31178901	rs34328664	0.17095
6	31118511	rs130067	6	31178943	rs36045025	0.17095
6	31118511	rs130067	6	31178949	rs34480332	0.17095
6	31118511	rs130067	6	31178969	rs36039697	0.17095
6	31118511	rs130067	6	31178976	rs552539298	0.17095
6	31118511	rs130067	6	31179014	rs34221098	0.17095
6	31118511	rs130067	6	31179117	rs35379787	0.168472
6	31118511	rs130067	6	31179140	rs34527556	0.168472
6	31118511	rs130067	6	31179159	rs9263936	0.133907
6	31118511	rs130067	6	31179211	rs114820959	0.258584
6	31118511	rs130067	6	31179226	rs34448769	0.170046
6	31118511	rs130067	6	31179286	rs34748609	0.17095
6	31118511	rs130067	6	31179291	rs541555296	0.17095
6	31118511	rs130067	6	31179378	rs9263938	0.133907
6	31118511	rs130067	6	31179492	rs9263940	0.133907
6	31118511	rs130067	6	31179672	rs11751160	0.17095
6	31118511	rs130067	6	31179747	rs10947149	0.17095
6	31118511	rs130067	6	31180003	rs10947150	0.170046
6	31118511	rs130067	6	31180138	rs10947151	0.170046
6	31118511	rs130067	6	31180423	rs9263944	0.133907
6	31118511	rs130067	6	31180470	rs80086978	0.293379
6	31118511	rs130067	6	31180531	rs34282959	0.17095
6	31118511	rs130067	6	31180680	rs9263947	0.133907
6	31118511	rs130067	6	31180819	rs115413710	0.181675
6	31118511	rs130067	6	31181102	rs369837689;rs549420598	0.105473
6	31118511	rs130067	6	31181346	rs9263952	0.133907
6	31118511	rs130067	6	31181419	rs555076500	0.110842
6	31118511	rs130067	6	31181708	rs9263953	0.133907
6	31118511	rs130067	6	31182536	rs11757688	0.17095
6	31118511	rs130067	6	31182723	rs575735789	0.133907
6	31118511	rs130067	6	31182833	rs114542476	0.177656
6	31118511	rs130067	6	31182971	rs9263956	0.135628
6	31118511	rs130067	6	31183467	rs558196092	0.104061
6	31118511	rs130067	6	31184196	rs3869109	0.133907
6	31118511	rs130067	6	31184425	rs9501522	0.293379
6	31118511	rs130067	6	31184462	rs34788020	0.176222
6	31118511	rs130067	6	31184463	rs35887284	0.176222
6	31118511	rs130067	6	31184506	rs35695557	0.17095
6	31118511	rs130067	6	31184522	rs35955348	0.17095
6	31118511	rs130067	6	31184525	rs115852153	0.258584
6	31118511	rs130067	6	31184567	rs372461748;rs564002510	0.325228
6	31118511	rs130067	6	31184877	rs9263960	0.132584
6	31118511	rs130067	6	31184900	rs9501084	0.293379
6	31118511	rs130067	6	31184949	rs35990442	0.299853
6	31118511	rs130067	6	31185059	rs9501088	0.293379
6	31118511	rs130067	6	31185265	rs34518279	0.170046
6	31118511	rs130067	6	31185649	rs545077657	0.128809
6	31118511	rs130067	6	31185810	rs9501089	0.282201
6	31118511	rs130067	6	31186039	rs9263964	0.132195
6	31118511	rs130067	6	31186245	rs9263967	0.133907
6	31118511	rs130067	6	31186368	rs9263968	0.133907
6	31118511	rs130067	6	31186534	rs9263969	0.106376
6	31118511	rs130067	6	31186601	rs9263970	0.106376
6	31118511	rs130067	6	31187103	rs9461662	0.293379
6	31118511	rs130067	6	31187170	rs554528038	0.174514
6	31118511	rs130067	6	31187568	rs9263978	0.133907
6	31118511	rs130067	6	31188397	rs9263980	0.133907
6	31118511	rs130067	6	31188436	rs34837204	0.507719
6	31118511	rs130067	6	31188708	rs115320563	0.282595
6	31118511	rs130067	6	31191070	rs9263986	0.133907
6	31118511	rs130067	6	31192383	rs114573401	0.181675
6	31118511	rs130067	6	31192847	rs6927444	0.204503
6	31118511	rs130067	6	31192977	rs41315391	0.181194
6	31118511	rs130067	6	31192998	rs9468900	0.204503
6	31118511	rs130067	6	31193211	rs4997405	0.114951
6	31118511	rs130067	6	31193756	rs4098923	0.101514
6	31118511	rs130067	6	31193764	rs7757983	0.101514
6	31118511	rs130067	6	31193916	rs3899686	0.101514
6	31118511	rs130067	6	31193966	rs7758178	0.17649
6	31118511	rs130067	6	31194378	rs528244346	0.143174
6	31118511	rs130067	6	31194569	rs201159746	0.272461
6	31118511	rs130067	6	31194571	rs560952274	0.272461
6	31118511	rs130067	6	31194764	rs6927324	0.251463
6	31118511	rs130067	6	31195009	rs114198627	0.108867
6	31118511	rs130067	6	31195097	rs3130519	0.0981804
6	31118511	rs130067	6	31195218	rs6928399	0.362689
6	31118511	rs130067	6	31195674	rs577207897;rs538683618	0.347053
6	31118511	rs130067	6	31195796	rs9264023	0.0905986
6	31118511	rs130067	6	31195803	rs6934133	0.348315
6	31118511	rs130067	6	31195804	rs6933818	0.348315
6	31118511	rs130067	6	31195941	rs10807083	0.347053
6	31118511	rs130067	6	31196179	rs549135215	0.162232
6	31118511	rs130067	6	31196376	rs3130521	0.166522
6	31118511	rs130067	6	31197143	rs28397288	0.347053
6	31118511	rs130067	6	31197407	rs28397289	0.277471
6	31118511	rs130067	6	31197707	rs28397290	0.181194
6	31118511	rs130067	6	31198043	rs3130526	0.103012
6	31118511	rs130067	6	31198366	rs3134780	0.103012
6	31118511	rs130067	6	31198709	rs6908994	0.358582
6	31118511	rs130067	6	31198786	rs3130935	0.103012
6	31118511	rs130067	6	31198896	rs6932070	0.358582
6	31118511	rs130067	6	31198937	rs138134119	0.347053
6	31118511	rs130067	6	31198987	rs3130527	0.0900289
6	31118511	rs130067	6	31199256	rs3130474	0.102374
6	31118511	rs130067	6	31199380	rs549664204;rs546278642	0.145235
6	31118511	rs130067	6	31199573	rs11967600	0.507719
6	31118511	rs130067	6	31199645	rs114963023	0.181675
6	31118511	rs130067	6	31199766	rs11967684	0.327638
6	31118511	rs130067	6	31200254	rs7753180	0.271378
6	31118511	rs130067	6	31200334	rs7752963	0.181194
6	31118511	rs130067	6	31200764	rs7757622	0.115588
6	31118511	rs130067	6	31201202	rs3132532	0.0907872
6	31118511	rs130067	6	31201207	rs9501530	0.268615
6	31118511	rs130067	6	31201665	rs9501532	0.268615
6	31118511	rs130067	6	31201684	rs9264086	0.201122
6	31118511	rs130067	6	31201772	rs6927080	0.201122
6	31118511	rs130067	6	31201803	rs6927461	0.0963586
6	31118511	rs130067	6	31202246	rs2394888	0.0907872
6	31118511	rs130067	6	31202305	rs539301566	0.0907872
6	31118511	rs130067	6	31202306	rs556041036	0.144371
6	31118511	rs130067	6	31202486	rs7767978	0.197969
6	31118511	rs130067	6	31202575	rs7768019	0.197969
6	31118511	rs130067	6	31202665	rs7768431	0.355068
6	31118511	rs130067	6	31202686	rs3130701	0.0907872
6	31118511	rs130067	6	31203074	rs3132516	0.168871
6	31118511	rs130067	6	31203217	rs3134772	0.168871
6	31118511	rs130067	6	31203744	rs3134771	0.168871
6	31118511	rs130067	6	31203759	rs7745050	0.355068
6	31118511	rs130067	6	31203766	rs7745197	0.351574
6	31118511	rs130067	6	31203886	rs6457349	0.355068
6	31118511	rs130067	6	31204008	rs7745906	0.355068
6	31118511	rs130067	6	31204109	rs6457350	0.355068
6	31118511	rs130067	6	31204315	rs9264098	0.168871
6	31118511	rs130067	6	31204432	rs6908511	0.355068
6	31118511	rs130067	6	31204986	rs3134770	0.0907872
6	31118511	rs130067	6	31205004	rs28397293	0.351284
6	31118511	rs130067	6	31205043	rs28397294	0.355068
6	31118511	rs130067	6	31205096	rs28397295	0.347539
6	31118511	rs130067	6	31205382	rs2394892	0.355068
6	31118511	rs130067	6	31205754	rs3134769	0.168871
6	31118511	rs130067	6	31205923	rs3869117	0.360677
6	31118511	rs130067	6	31206138	rs3868081	0.355068
6	31118511	rs130067	6	31206719	rs2394893	0.186811
6	31118511	rs130067	6	31206747	rs28397296	0.355068
6	31118511	rs130067	6	31206948	rs28397297	0.355068
6	31118511	rs130067	6	31207686	rs28397298	0.325693
6	31118511	rs130067	6	31207692	rs3868082	0.134066
6	31118511	rs130067	6	31207704	rs28397299	0.355068
6	31118511	rs130067	6	31207966	rs5875300	0.0911533
6	31118511	rs130067	6	31208057	rs2894187	0.34732
6	31118511	rs130067	6	31208788	rs3130533	0.0913513
6	31118511	rs130067	6	31209301	rs28397300	0.355068
6	31118511	rs130067	6	31209451	rs28397301	0.175479
6	31118511	rs130067	6	31210018	rs114751866	0.181675
6	31118511	rs130067	6	31216223	rs56352748	0.181675
6	31118511	rs130067	6	31216300	rs3134755	0.0913513
6	31118511	rs130067	6	31216314	rs28749560	0.355068
6	31118511	rs130067	6	31217711	rs28749561	0.355068
6	31118511	rs130067	6	31218452	rs28397302	0.355068
6	31329386	rs2596546	6	31019475	rs2523859	0.15066
6	31329386	rs2596546	6	31019495	rs2523858	0.152516
6	31329386	rs2596546	6	31019806	rs2844642	0.145796
6	31329386	rs2596546	6	31020057	rs2252195	0.153104
6	31329386	rs2596546	6	31020360	rs2394424	0.152516
6	31329386	rs2596546	6	31020631	rs537420051	0.144409
6	31329386	rs2596546	6	31020821	rs3131789	0.14971
6	31329386	rs2596546	6	31020928	rs4713427	0.10278
6	31329386	rs2596546	6	31020933	rs4713428	0.10278
6	31329386	rs2596546	6	31021325	rs2428516	0.109394
6	31329386	rs2596546	6	31021504	rs2523857	0.144166
6	31329386	rs2596546	6	31021547	rs2517527	0.160198
6	31329386	rs2596546	6	31021630	rs2523856	0.139547
6	31329386	rs2596546	6	31023813	rs9281123	0.145699
6	31329386	rs2596546	6	31024796	rs3131788	0.150434
6	31329386	rs2596546	6	31033192	rs2517501	0.117401
6	31329386	rs2596546	6	31035391	rs3131794	0.150434
6	31329386	rs2596546	6	31035647	rs184375406	0.106755
6	31329386	rs2596546	6	31044463	rs3094671	0.150434
6	31329386	rs2596546	6	31045113	rs9263460	0.0936276
6	31329386	rs2596546	6	31045574	rs2523860	0.12149
6	31329386	rs2596546	6	31045717	rs72861369	0.194905
6	31329386	rs2596546	6	31048992	rs3132562	0.146992
6	31329386	rs2596546	6	31049969	rs370165503	0.118869
6	31329386	rs2596546	6	31050348	rs9263475	0.145154
6	31329386	rs2596546	6	31051675	rs3095311	0.150434
6	31329386	rs2596546	6	31052904	rs66514624	0.0936276
6	31329386	rs2596546	6	31052913	rs9263477	0.0936276
6	31329386	rs2596546	6	31053257	rs2535310	0.118131
6	31329386	rs2596546	6	31055423	rs2535303	0.115838
6	31329386	rs2596546	6	31055536	rs35871527	0.333744
6	31329386	rs2596546	6	31055624	rs3130956	0.11343
6	31329386	rs2596546	6	31055632	rs3130957	0.11343
6	31329386	rs2596546	6	31055770	rs9263485	0.252654
6	31329386	rs2596546	6	31056340	rs146975640	0.115838
6	31329386	rs2596546	6	31056358	rs3130959	0.115838
6	31329386	rs2596546	6	31056632	rs3130960	0.115838
6	31329386	rs2596546	6	31056951	rs2535302	0.115838
6	31329386	rs2596546	6	31056960	rs2517470	0.115838
6	31329386	rs2596546	6	31056998	rs544076080;rs542758104	0.122356
6	31329386	rs2596546	6	31057110	rs539457563	0.116687
6	31329386	rs2596546	6	31057614	rs2508014	0.14135
6	31329386	rs2596546	6	31057831	rs2429723	0.115838
6	31329386	rs2596546	6	31057972	rs2517469	0.119866
6	31329386	rs2596546	6	31058340	rs3130544	0.160417
6	31329386	rs2596546	6	31058627	rs2535301	0.115838
6	31329386	rs2596546	6	31059171	rs2517465	0.115838
6	31329386	rs2596546	6	31059245	rs2535299	0.115838
6	31329386	rs2596546	6	31059254	rs2517464	0.115838
6	31329386	rs2596546	6	31059325	rs9263493	0.115838
6	31329386	rs2596546	6	31059329	rs9263494	0.115838
6	31329386	rs2596546	6	31059386	rs3130961	0.115838
6	31329386	rs2596546	6	31059483	rs2517460	0.115838
6	31329386	rs2596546	6	31059515	rs2517458	0.115838
6	31329386	rs2596546	6	31059715	rs2535297	0.115838
6	31329386	rs2596546	6	31059900	rs2517455	0.115838
6	31329386	rs2596546	6	31060115	rs2517453	0.115838
6	31329386	rs2596546	6	31060162	rs2517452	0.115838
6	31329386	rs2596546	6	31060219	rs2535296	0.120802
6	31329386	rs2596546	6	31060343	rs3130962	0.115838
6	31329386	rs2596546	6	31060442	rs3130963	0.115838
6	31329386	rs2596546	6	31060461	rs3130964	0.115838
6	31329386	rs2596546	6	31060598	rs3130965	0.115838
6	31329386	rs2596546	6	31060600	rs3130966	0.115838
6	31329386	rs2596546	6	31061013	rs67565791	0.100377
6	31329386	rs2596546	6	31061078	rs567292477	0.114454
6	31329386	rs2596546	6	31061307	rs565175990	0.115838
6	31329386	rs2596546	6	31061439	rs2517450	0.115838
6	31329386	rs2596546	6	31061561	rs3094087	0.114224
6	31329386	rs2596546	6	31061628	rs142482595	0.159679
6	31329386	rs2596546	6	31061848	rs2535295	0.115838
6	31329386	rs2596546	6	31062133	rs2535294	0.11793
6	31329386	rs2596546	6	31062363	rs2535293	0.115838
6	31329386	rs2596546	6	31062414	rs2535292	0.115838
6	31329386	rs2596546	6	31062667	rs2517448	0.138796
6	31329386	rs2596546	6	31062899	rs2535291	0.115838
6	31329386	rs2596546	6	31063132	rs2535290	0.114454
6	31329386	rs2596546	6	31063233	rs2535289	0.114454
6	31329386	rs2596546	6	31063328	rs3130545	0.306734
6	31329386	rs2596546	6	31063540	rs3130546	0.114454
6	31329386	rs2596546	6	31063601	rs3095306	0.139408
6	31329386	rs2596546	6	31064007	rs2535288	0.123441
6	31329386	rs2596546	6	31064022	rs2517443	0.114454
6	31329386	rs2596546	6	31064083	rs2517440	0.114454
6	31329386	rs2596546	6	31064710	rs9263499	0.095747
6	31329386	rs2596546	6	31064739	rs2517427	0.114454
6	31329386	rs2596546	6	31064827	rs2517423	0.114454
6	31329386	rs2596546	6	31064950	rs2535287	0.115838
6	31329386	rs2596546	6	31065071	rs3130968	0.113512
6	31329386	rs2596546	6	31065096	rs3130969	0.341117
6	31329386	rs2596546	6	31065308	rs3095305	0.114454
6	31329386	rs2596546	6	31065407	rs3130970	0.115931
6	31329386	rs2596546	6	31065423	rs113580416	0.19567
6	31329386	rs2596546	6	31065518	rs3064759	0.114454
6	31329386	rs2596546	6	31065562	rs2429721	0.114454
6	31329386	rs2596546	6	31065627	rs2517414	0.114454
6	31329386	rs2596546	6	31065912	rs547806132	0.114454
6	31329386	rs2596546	6	31066183	rs2517410	0.114454
6	31329386	rs2596546	6	31066468	rs2394877	0.306734
6	31329386	rs2596546	6	31066585	rs2394878	0.306734
6	31329386	rs2596546	6	31066627	rs201376697	0.152052
6	31329386	rs2596546	6	31066633	rs144846110	0.152052
6	31329386	rs2596546	6	31066671	rs2894179	0.095747
6	31329386	rs2596546	6	31066677	rs9263512	0.0971967
6	31329386	rs2596546	6	31066736	rs552085376	0.306734
6	31329386	rs2596546	6	31066828	rs77136980	0.114454
6	31329386	rs2596546	6	31066886	rs2263309	0.306734
6	31329386	rs2596546	6	31066935	rs536631039	0.306734
6	31329386	rs2596546	6	31067009	rs2517403	0.306734
6	31329386	rs2596546	6	31067074	rs148735768	0.285768
6	31329386	rs2596546	6	31067184	rs9263519	0.306002
6	31329386	rs2596546	6	31067211	rs2394418	0.139408
6	31329386	rs2596546	6	31067232	rs9263521	0.305289
6	31329386	rs2596546	6	31067233	rs2394417	0.114899
6	31329386	rs2596546	6	31067264	rs9263523	0.305289
6	31329386	rs2596546	6	31067359	rs9263524	0.306002
6	31329386	rs2596546	6	31067402	rs9263525	0.30398
6	31329386	rs2596546	6	31067445	rs9263526	0.306002
6	31329386	rs2596546	6	31067461	rs9263527	0.306002
6	31329386	rs2596546	6	31067550	rs4371876	0.334604
6	31329386	rs2596546	6	31067551	rs9263529	0.300436
6	31329386	rs2596546	6	31067564	rs9263530	0.300436
6	31329386	rs2596546	6	31067565	rs9263531	0.300436
6	31329386	rs2596546	6	31067624	rs9263532	0.305289
6	31329386	rs2596546	6	31067683	rs9263533	0.305289
6	31329386	rs2596546	6	31067699	rs9263534	0.302447
6	31329386	rs2596546	6	31067758	rs9263535	0.305289
6	31329386	rs2596546	6	31067779	rs9263536	0.305289
6	31329386	rs2596546	6	31067824	rs9263537	0.305289
6	31329386	rs2596546	6	31067837	rs3130547	0.304597
6	31329386	rs2596546	6	31067852	rs3130548	0.0924733
6	31329386	rs2596546	6	31067906	rs3130549	0.306002
6	31329386	rs2596546	6	31068101	rs3130971	0.306734
6	31329386	rs2596546	6	31068213	rs2535286	0.306734
6	31329386	rs2596546	6	31068319	rs2535285	0.306734
6	31329386	rs2596546	6	31068364	rs2535284	0.299825
6	31329386	rs2596546	6	31068420	rs2535283	0.114454
6	31329386	rs2596546	6	31068549	rs2517558	0.306734
6	31329386	rs2596546	6	31068655	rs534037958	0.095747
6	31329386	rs2596546	6	31068710	rs2517557	0.306734
6	31329386	rs2596546	6	31068821	rs2535282	0.114454
6	31329386	rs2596546	6	31068895	rs2517556	0.114454
6	31329386	rs2596546	6	31068964	rs2517555	0.303858
6	31329386	rs2596546	6	31069031	rs3130550	0.306734
6	31329386	rs2596546	6	31069044	rs3130551	0.306734
6	31329386	rs2596546	6	31069226	rs9263556	0.306002
6	31329386	rs2596546	6	31069229	rs9263557	0.306002
6	31329386	rs2596546	6	31069302	rs9263558	0.306734
6	31329386	rs2596546	6	31069328	rs9263559	0.306734
6	31329386	rs2596546	6	31069411	rs9263562	0.2739
6	31329386	rs2596546	6	31069448	rs9263564	0.308354
6	31329386	rs2596546	6	31069455	rs553794345	0.306734
6	31329386	rs2596546	6	31069489	rs9263565	0.306734
6	31329386	rs2596546	6	31069503	rs9263566	0.306734
6	31329386	rs2596546	6	31069527	rs9263567	0.306734
6	31329386	rs2596546	6	31069560	rs9263568	0.306734
6	31329386	rs2596546	6	31069644	rs9263569	0.309624
6	31329386	rs2596546	6	31069672	rs9263570	0.309624
6	31329386	rs2596546	6	31069697	rs9263571	0.309624
6	31329386	rs2596546	6	31069749	rs9263572	0.095747
6	31329386	rs2596546	6	31069838	rs9281206	0.309624
6	31329386	rs2596546	6	31069841	rs9263573	0.307591
6	31329386	rs2596546	6	31069852	rs9263574	0.307591
6	31329386	rs2596546	6	31069861	rs9263575	0.307591
6	31329386	rs2596546	6	31069899	rs6919169	0.309624
6	31329386	rs2596546	6	31069937	rs9263578	0.095747
6	31329386	rs2596546	6	31070078	rs3095303	0.282473
6	31329386	rs2596546	6	31070271	rs555825281	0.177185
6	31329386	rs2596546	6	31070414	rs2844638	0.306734
6	31329386	rs2596546	6	31070686	rs2394415	0.280592
6	31329386	rs2596546	6	31070779	rs2535281	0.306734
6	31329386	rs2596546	6	31070884	rs2517542	0.137637
6	31329386	rs2596546	6	31070907	rs2517541	0.114454
6	31329386	rs2596546	6	31071058	rs2508011	0.306734
6	31329386	rs2596546	6	31071100	rs2508010	0.306734
6	31329386	rs2596546	6	31071144	rs9263588	0.306734
6	31329386	rs2596546	6	31071254	rs6905484	0.139408
6	31329386	rs2596546	6	31071271	rs9263590	0.306734
6	31329386	rs2596546	6	31071329	rs9263592	0.306734
6	31329386	rs2596546	6	31071339	rs9263593	0.114899
6	31329386	rs2596546	6	31071381	rs9263594	0.306734
6	31329386	rs2596546	6	31071419	rs147933910	0.306734
6	31329386	rs2596546	6	31071422	rs9263595	0.306734
6	31329386	rs2596546	6	31071445	rs575536204	0.306734
6	31329386	rs2596546	6	31071472	rs9263596	0.306734
6	31329386	rs2596546	6	31071547	rs9263597	0.114454
6	31329386	rs2596546	6	31071565	rs9263598	0.306734
6	31329386	rs2596546	6	31071581	rs9263599	0.306734
6	31329386	rs2596546	6	31071758	rs9263601	0.244786
6	31329386	rs2596546	6	31071771	rs9263602	0.167877
6	31329386	rs2596546	6	31071784	rs9263603	0.303858
6	31329386	rs2596546	6	31071785	rs9263604	0.303858
6	31329386	rs2596546	6	31071881	rs2535280	0.306734
6	31329386	rs2596546	6	31071979	rs2517526	0.306734
6	31329386	rs2596546	6	31072014	rs576019134	0.114454
6	31329386	rs2596546	6	31072300	rs2844637	0.2739
6	31329386	rs2596546	6	31072398	rs539614656	0.306734
6	31329386	rs2596546	6	31072578	rs2508009	0.306734
6	31329386	rs2596546	6	31072653	rs9263608	0.302843
6	31329386	rs2596546	6	31072659	rs9263609	0.302843
6	31329386	rs2596546	6	31072695	rs539354792	0.15237
6	31329386	rs2596546	6	31072708	rs554475445	0.116373
6	31329386	rs2596546	6	31072723	rs572626946	0.17192
6	31329386	rs2596546	6	31072822	rs9263613	0.228114
6	31329386	rs2596546	6	31072845	rs9263614	0.228114
6	31329386	rs2596546	6	31072864	rs9263615	0.228114
6	31329386	rs2596546	6	31072885	rs564557166	0.127852
6	31329386	rs2596546	6	31072893	rs9263617	0.117827
6	31329386	rs2596546	6	31072949	rs9257054	0.170341
6	31329386	rs2596546	6	31072979	rs9263619	0.306002
6	31329386	rs2596546	6	31073007	rs9263620	0.2739
6	31329386	rs2596546	6	31073047	rs9263621	0.118902
6	31329386	rs2596546	6	31073093	rs9263622	0.177313
6	31329386	rs2596546	6	31073411	rs2535279	0.114454
6	31329386	rs2596546	6	31073532	rs2517496	0.306734
6	31329386	rs2596546	6	31073853	rs7383281	0.16982
6	31329386	rs2596546	6	31073857	rs4947300	0.306734
6	31329386	rs2596546	6	31073903	rs7381897	0.114454
6	31329386	rs2596546	6	31074030	rs6457327	0.139408
6	31329386	rs2596546	6	31074101	rs2517485	0.299619
6	31329386	rs2596546	6	31074129	rs2517484	0.306734
6	31329386	rs2596546	6	31074246	rs2517479	0.16982
6	31329386	rs2596546	6	31074258	rs2535278	0.16982
6	31329386	rs2596546	6	31074750	rs2844636	0.306734
6	31329386	rs2596546	6	31075115	rs1064190	0.114454
6	31329386	rs2596546	6	31075139	rs72853130	0.194905
6	31329386	rs2596546	6	31075375	rs1064191	0.114454
6	31329386	rs2596546	6	31075481	rs2844635	0.306734
6	31329386	rs2596546	6	31075601	rs141232332	0.209211
6	31329386	rs2596546	6	31075622	rs9263626	0.207192
6	31329386	rs2596546	6	31075696	rs9263627	0.114454
6	31329386	rs2596546	6	31075722	rs9263628	0.114454
6	31329386	rs2596546	6	31075798	rs9263629	0.114454
6	31329386	rs2596546	6	31075922	rs573047805	0.0959549
6	31329386	rs2596546	6	31075959	rs9263631	0.116285
6	31329386	rs2596546	6	31075983	rs9263632	0.14012
6	31329386	rs2596546	6	31076326	rs2517417	0.114454
6	31329386	rs2596546	6	31076764	rs2535277	0.114454
6	31329386	rs2596546	6	31076978	rs2517529	0.209211
6	31329386	rs2596546	6	31077021	rs528025779	0.282953
6	31329386	rs2596546	6	31077022	rs569412376	0.209211
6	31329386	rs2596546	6	31077041	rs2517522	0.306734
6	31329386	rs2596546	6	31077600	rs1265066	0.306734
6	31329386	rs2596546	6	31077732	rs1265064	0.114454
6	31329386	rs2596546	6	31077938	rs1265063	0.114454
6	31329386	rs2596546	6	31078005	rs1265062	0.306734
6	31329386	rs2596546	6	31078257	rs1265061	0.306734
6	31329386	rs2596546	6	31078274	rs1265060	0.16982
6	31329386	rs2596546	6	31078495	rs1265059	0.114454
6	31329386	rs2596546	6	31078557	rs1265058	0.114454
6	31329386	rs2596546	6	31078615	rs1265057	0.16982
6	31329386	rs2596546	6	31078650	rs1265056	0.114454
6	31329386	rs2596546	6	31078809	rs3132556	0.14334
6	31329386	rs2596546	6	31078899	rs1268928	0.306734
6	31329386	rs2596546	6	31079074	rs2233987	0.306734
6	31329386	rs2596546	6	31079076	rs2233986	0.306734
6	31329386	rs2596546	6	31079236	rs1265055	0.114454
6	31329386	rs2596546	6	31079643	rs1265054	0.115838
6	31329386	rs2596546	6	31079644	rs2233980	0.150434
6	31329386	rs2596546	6	31079889	rs1265053	0.116438
6	31329386	rs2596546	6	31079994	rs2233976	0.19567
6	31329386	rs2596546	6	31080016	rs2233974	0.12487
6	31329386	rs2596546	6	31080099	rs2233973	0.100999
6	31329386	rs2596546	6	31080471	rs1265052	0.103226
6	31329386	rs2596546	6	31080733	rs4486065	0.102618
6	31329386	rs2596546	6	31080741	rs1265050	0.122015
6	31329386	rs2596546	6	31080828	rs2233967	0.102618
6	31329386	rs2596546	6	31080859	rs2233966	0.095402
6	31329386	rs2596546	6	31080899	rs2233965	0.102618
6	31329386	rs2596546	6	31080919	rs2233964	0.0985237
6	31329386	rs2596546	6	31080981	rs2233962	0.102054
6	31329386	rs2596546	6	31081065	rs2233959	0.116092
6	31329386	rs2596546	6	31081434	rs3094222	0.145211
6	31329386	rs2596546	6	31081635	rs17190491	0.234367
6	31329386	rs2596546	6	31081700	rs1265046	0.120178
6	31329386	rs2596546	6	31081838	rs3130975	0.221248
6	31329386	rs2596546	6	31081989	rs3130977	0.190703
6	31329386	rs2596546	6	31082127	rs3130552	0.191308
6	31329386	rs2596546	6	31082188	rs3130978	0.22039
6	31329386	rs2596546	6	31082197	rs3130979	0.218855
6	31329386	rs2596546	6	31082285	rs3130553	0.109707
6	31329386	rs2596546	6	31082304	rs3130554	0.108427
6	31329386	rs2596546	6	31085356	rs3130985	0.150964
6	31329386	rs2596546	6	31094703	rs3130557	0.150434
6	31329386	rs2596546	6	31095942	rs113108526	0.189972
6	31329386	rs2596546	6	31098734	rs3132541	0.150434
6	31329386	rs2596546	6	31100194	rs534627164	0.172939
6	31329386	rs2596546	6	31100242	rs376937075	0.172939
6	31329386	rs2596546	6	31100974	rs3130562	0.150434
6	31329386	rs2596546	6	31101583	rs542420252	0.172939
6	31329386	rs2596546	6	31102373	rs111243857	0.173735
6	31329386	rs2596546	6	31102618	rs3130566	0.154337
6	31329386	rs2596546	6	31102790	rs3132566	0.154337
6	31329386	rs2596546	6	31103195	rs3094669	0.154337
6	31329386	rs2596546	6	31105147	rs3131010	0.154337
6	31329386	rs2596546	6	31105413	rs1265099	0.123522
6	31329386	rs2596546	6	31106268	rs3130573	0.227087
6	31329386	rs2596546	6	31106409	rs3132557	0.142463
6	31329386	rs2596546	6	31106459	rs1265097	0.20609
6	31329386	rs2596546	6	31106500	rs373492377;rs9278990	0.187805
6	31329386	rs2596546	6	31106643	rs1265095	0.189063
6	31329386	rs2596546	6	31106893	rs1265094	0.107666
6	31329386	rs2596546	6	31107187	rs1265093	0.148141
6	31329386	rs2596546	6	31107317	rs1265092	0.345723
6	31329386	rs2596546	6	31107733	rs1966	0.0954958
6	31329386	rs2596546	6	31108271	rs199773024	0.344787
6	31329386	rs2596546	6	31108607	rs1265089	0.0954958
6	31329386	rs2596546	6	31109222	rs35590798	0.102571
6	31329386	rs2596546	6	31109281	rs2844639	0.103713
6	31329386	rs2596546	6	31109460	rs1265088	0.105283
6	31329386	rs2596546	6	31109810	rs1265087	0.348048
6	31329386	rs2596546	6	31109946	rs2523834	0.348048
6	31329386	rs2596546	6	31109947	rs2523833	0.348048
6	31329386	rs2596546	6	31110391	rs1576	0.348048
6	31329386	rs2596546	6	31110671	rs1265085	0.0954958
6	31329386	rs2596546	6	31111675	rs1265081	0.107275
6	31329386	rs2596546	6	31112075	rs1265080	0.107275
6	31329386	rs2596546	6	31112108	rs1265079	0.348048
6	31329386	rs2596546	6	31112484	rs130072	0.196523
6	31329386	rs2596546	6	31112602	rs1265078	0.348048
6	31329386	rs2596546	6	31112737	rs130079	0.112771
6	31329386	rs2596546	6	31113083	rs1265076	0.348048
6	31329386	rs2596546	6	31113214	rs1265074	0.0954958
6	31329386	rs2596546	6	31113940	rs746646	0.352198
6	31329386	rs2596546	6	31114182	rs746647	0.352198
6	31329386	rs2596546	6	31114855	rs1265071	0.112771
6	31329386	rs2596546	6	31115032	rs138598988	0.196523
6	31329386	rs2596546	6	31115700	rs1265069	0.348048
6	31329386	rs2596546	6	31115711	rs1265068	0.0954958
6	31329386	rs2596546	6	31116133	rs17197031	0.196523
6	31329386	rs2596546	6	31116142	rs1265067	0.348048
6	31329386	rs2596546	6	31116210	rs130071	0.256826
6	31329386	rs2596546	6	31116246	rs130068	0.203521
6	31329386	rs2596546	6	31116636	rs3132534	0.0936404
6	31329386	rs2596546	6	31116671	rs9263760	0.0995206
6	31329386	rs2596546	6	31117188	rs1265114	0.348048
6	31329386	rs2596546	6	31117578	rs3132533	0.131024
6	31329386	rs2596546	6	31117673	rs112640945	0.196523
6	31329386	rs2596546	6	31117695	rs113932411	0.191445
6	31329386	rs2596546	6	31118019	rs1265112	0.348048
6	31329386	rs2596546	6	31118511	rs130067	0.0996284
6	31329386	rs2596546	6	31118898	rs11540822	0.196523
6	31329386	rs2596546	6	31118942	rs2517985	0.348048
6	31329386	rs2596546	6	31119380	rs1265111	0.348048
6	31329386	rs2596546	6	31119445	rs72863043	0.196523
6	31329386	rs2596546	6	31120240	rs9263773	0.100214
6	31329386	rs2596546	6	31120729	rs72856706	0.196523
6	31329386	rs2596546	6	31121232	rs111837807	0.196523
6	31329386	rs2596546	6	31121358	rs569459936	0.115855
6	31329386	rs2596546	6	31121381	rs112785163	0.196523
6	31329386	rs2596546	6	31121426	rs143334143	0.196523
6	31329386	rs2596546	6	31121945	rs3094662	0.0969816
6	31329386	rs2596546	6	31121958	rs72856713	0.196523
6	31329386	rs2596546	6	31122126	rs2073717	0.131024
6	31329386	rs2596546	6	31122482	rs130076	0.0927648
6	31329386	rs2596546	6	31122500	rs130065	0.093736
6	31329386	rs2596546	6	31123147	rs112279190	0.196523
6	31329386	rs2596546	6	31123359	rs113129896	0.187697
6	31329386	rs2596546	6	31123380	rs534117478	0.132773
6	31329386	rs2596546	6	31125158	rs743401	0.136362
6	31329386	rs2596546	6	31125257	rs72856718	0.196523
6	31329386	rs2596546	6	31125402	rs72856720	0.196523
6	31329386	rs2596546	6	31125569	rs2239524	0.136362
6	31329386	rs2596546	6	31125705	rs720466	0.118814
6	31329386	rs2596546	6	31125799	rs720467	0.196489
6	31329386	rs2596546	6	31125978	rs3130455	0.0969816
6	31329386	rs2596546	6	31125993	rs720468	0.196523
6	31329386	rs2596546	6	31126232	rs17197087	0.18237
6	31329386	rs2596546	6	31126252	rs3130456	0.131024
6	31329386	rs2596546	6	31126409	rs17197101	0.18237
6	31329386	rs2596546	6	31126697	rs17197108	0.196523
6	31329386	rs2596546	6	31127562	rs1150765	0.118814
6	31329386	rs2596546	6	31127694	rs74633760	0.196523
6	31329386	rs2596546	6	31127800	rs72856721	0.196523
6	31329386	rs2596546	6	31128244	rs9263787	0.136362
6	31329386	rs2596546	6	31128605	rs114881571	0.196523
6	31329386	rs2596546	6	31129310	rs7750641	0.150434
6	31329386	rs2596546	6	31129707	rs2073724	0.196523
6	31329386	rs2596546	6	31130865	rs17190776	0.196523
6	31329386	rs2596546	6	31131209	rs17190783	0.196523
6	31329386	rs2596546	6	31131276	rs17190798	0.196523
6	31329386	rs2596546	6	31131837	rs17190811	0.196523
6	31329386	rs2596546	6	31132956	rs17851818	0.189247
6	31329386	rs2596546	6	31133663	rs45438402	0.196523
6	31329386	rs2596546	6	31133870	rs72856736	0.196523
6	31329386	rs2596546	6	31134323	rs151095308	0.196523
6	31329386	rs2596546	6	31134625	rs72856737	0.196523
6	31329386	rs2596546	6	31135167	rs145024548	0.195796
6	31329386	rs2596546	6	31135466	rs149090708	0.196523
6	31329386	rs2596546	6	31135722	rs372511752	0.201707
6	31329386	rs2596546	6	31135736	rs572241903;rs572368504	0.170142
6	31329386	rs2596546	6	31135777	rs113542024	0.196523
6	31329386	rs2596546	6	31135878	rs142242725	0.196523
6	31329386	rs2596546	6	31136015	rs553787733	0.125901
6	31329386	rs2596546	6	31136208	rs141715528	0.196523
6	31329386	rs2596546	6	31137234	rs144131354	0.196523
6	31329386	rs2596546	6	31137387	rs72856748	0.196523
6	31329386	rs2596546	6	31137774	rs3094193	0.140896
6	31329386	rs2596546	6	31137798	rs56071357	0.21134
6	31329386	rs2596546	6	31138107	rs1062630	0.108264
6	31329386	rs2596546	6	31139504	rs1108746	0.0951262
6	31329386	rs2596546	6	31140047	rs1265159	0.114964
6	31329386	rs2596546	6	31140808	rs6910473	0.0939821
6	31329386	rs2596546	6	31141523	rs887468	0.167308
6	31329386	rs2596546	6	31141664	rs887467	0.180308
6	31329386	rs2596546	6	31141671	rs72856757	0.196523
6	31329386	rs2596546	6	31141954	rs72856758	0.196523
6	31329386	rs2596546	6	31142265	rs1265157	0.358079
6	31329386	rs2596546	6	31143652	rs887465	0.120685
6	31329386	rs2596546	6	31144462	rs139804853	0.196523
6	31329386	rs2596546	6	31144637	rs9404937	0.101269
6	31329386	rs2596546	6	31144717	rs3130505	0.112124
6	31329386	rs2596546	6	31146340	rs17197276	0.196523
6	31329386	rs2596546	6	31146846	rs4713438	0.130826
6	31329386	rs2596546	6	31147194	rs3130457	0.120685
6	31329386	rs2596546	6	31147476	rs3130507	0.119657
6	31329386	rs2596546	6	31147515	rs9263825	0.0939821
6	31329386	rs2596546	6	31147634	rs3095236	0.109788
6	31329386	rs2596546	6	31147648	rs75021469	0.149173
6	31329386	rs2596546	6	31148349	rs114773933	0.10343
6	31329386	rs2596546	6	31149228	rs111748703	0.196523
6	31329386	rs2596546	6	31149520	rs3130508	0.120685
6	31329386	rs2596546	6	31151751	rs6913074	0.0946803
6	31329386	rs2596546	6	31152562	rs9263833	0.0939821
6	31329386	rs2596546	6	31152818	rs3131016	0.114803
6	31329386	rs2596546	6	31152975	rs546527433	0.151313
6	31329386	rs2596546	6	31153020	rs3134788	0.107479
6	31329386	rs2596546	6	31153548	rs113379855	0.196523
6	31329386	rs2596546	6	31153872	rs9263838	0.0939821
6	31329386	rs2596546	6	31154354	rs3095240	0.107479
6	31329386	rs2596546	6	31154434	rs3130458	0.107479
6	31329386	rs2596546	6	31154493	rs3130510	0.120685
6	31329386	rs2596546	6	31154633	rs3130459	0.120685
6	31329386	rs2596546	6	31154814	rs112434986	0.196523
6	31329386	rs2596546	6	31155186	rs9263844	0.125094
6	31329386	rs2596546	6	31155659	rs9263845	0.124129
6	31329386	rs2596546	6	31155670	rs9263846	0.124129
6	31329386	rs2596546	6	31155785	rs1265181	0.0972318
6	31329386	rs2596546	6	31155854	rs527716039	0.0918384
6	31329386	rs2596546	6	31156130	rs550041865	0.0912562
6	31329386	rs2596546	6	31156131	rs9263849	0.12363
6	31329386	rs2596546	6	31156195	rs9263851	0.0918384
6	31329386	rs2596546	6	31157707	rs9263856	0.0918384
6	31329386	rs2596546	6	31158086	rs9263857	0.0918384
6	31329386	rs2596546	6	31158136	rs9263860	0.0918384
6	31329386	rs2596546	6	31158468	rs7759224	0.0918384
6	31329386	rs2596546	6	31158689	rs7759909	0.0918384
6	31329386	rs2596546	6	31159414	rs28362323	0.0918384
6	31329386	rs2596546	6	31159581	rs150765547	0.196523
6	31329386	rs2596546	6	31160117	rs3915965	0.0918384
6	31329386	rs2596546	6	31160678	rs28362328	0.0918384
6	31329386	rs2596546	6	31161229	rs1265178	0.0972318
6	31329386	rs2596546	6	31161577	rs1265177	0.0972318
6	31329386	rs2596546	6	31162154	rs28362332	0.0918384
6	31329386	rs2596546	6	31163133	rs17191118	0.0918384
6	31329386	rs2596546	6	31163161	rs3134786	0.107479
6	31329386	rs2596546	6	31163638	rs3094612	0.114803
6	31329386	rs2596546	6	31164009	rs28742573	0.0918384
6	31329386	rs2596546	6	31164356	rs28742575	0.124129
6	31329386	rs2596546	6	31164689	rs142031128	0.196523
6	31329386	rs2596546	6	31164828	rs28362334	0.0918384
6	31329386	rs2596546	6	31165089	rs28362338	0.0918384
6	31329386	rs2596546	6	31165187	rs561768797	0.0972318
6	31329386	rs2596546	6	31165269	rs28362339	0.0918384
6	31329386	rs2596546	6	31165359	rs28362340	0.0918384
6	31329386	rs2596546	6	31165361	rs28362341	0.0918384
6	31329386	rs2596546	6	31165527	rs28362343	0.0918384
6	31329386	rs2596546	6	31165597	rs74568298	0.0918384
6	31329386	rs2596546	6	31166222	rs539202296	0.180346
6	31329386	rs2596546	6	31166352	rs3130465	0.114803
6	31329386	rs2596546	6	31166598	rs28362349	0.0918384
6	31329386	rs2596546	6	31166625	rs28362350	0.0918384
6	31329386	rs2596546	6	31167760	rs28362351	0.0918384
6	31329386	rs2596546	6	31168387	rs28362352	0.0918384
6	31329386	rs2596546	6	31168397	rs9263868	0.109506
6	31329386	rs2596546	6	31168571	rs28362353	0.0918384
6	31329386	rs2596546	6	31168624	rs28362354	0.0918384
6	31329386	rs2596546	6	31169571	rs28362359	0.115288
6	31329386	rs2596546	6	31169933	rs28362361	0.097855
6	31329386	rs2596546	6	31170514	rs9263870	0.092651
6	31329386	rs2596546	6	31170804	rs9263874	0.10903
6	31329386	rs2596546	6	31171167	rs9263876	0.092651
6	31329386	rs2596546	6	31171486	rs9263878	0.092651
6	31329386	rs2596546	6	31171581	rs9263879	0.092651
6	31329386	rs2596546	6	31171830	rs9263880	0.092651
6	31329386	rs2596546	6	31172151	rs3132510	0.15075
6	31329386	rs2596546	6	31172655	rs2894180	0.092651
6	31329386	rs2596546	6	31173096	rs4446605	0.092651
6	31329386	rs2596546	6	31173906	rs9263893	0.092651
6	31329386	rs2596546	6	31173939	rs9263895	0.092651
6	31329386	rs2596546	6	31174385	rs9263897	0.092651
6	31329386	rs2596546	6	31174953	rs575674983	0.092651
6	31329386	rs2596546	6	31175126	rs9263904	0.092651
6	31329386	rs2596546	6	31175283	rs9263907	0.092651
6	31329386	rs2596546	6	31175662	rs9263910	0.092651
6	31329386	rs2596546	6	31175946	rs1619179	0.156828
6	31329386	rs2596546	6	31176226	rs3132506	0.125373
6	31329386	rs2596546	6	31176860	rs36091469	0.099739
6	31329386	rs2596546	6	31176928	rs9263916	0.092651
6	31329386	rs2596546	6	31176948	rs3130511	0.121412
6	31329386	rs2596546	6	31176980	rs35739787	0.099739
6	31329386	rs2596546	6	31177034	rs35016370	0.099739
6	31329386	rs2596546	6	31177094	rs3130953	0.122476
6	31329386	rs2596546	6	31177174	rs144031665	0.099739
6	31329386	rs2596546	6	31177298	rs35299283	0.099739
6	31329386	rs2596546	6	31177342	rs34008279	0.099739
6	31329386	rs2596546	6	31177503	rs3132505	0.125373
6	31329386	rs2596546	6	31177510	rs9501519	0.164501
6	31329386	rs2596546	6	31177519	rs9501352	0.164501
6	31329386	rs2596546	6	31177522	rs9501353	0.164501
6	31329386	rs2596546	6	31177525	rs35023124	0.100621
6	31329386	rs2596546	6	31177658	rs9501520	0.164007
6	31329386	rs2596546	6	31177729	rs34873323	0.101688
6	31329386	rs2596546	6	31177740	rs9501521	0.166062
6	31329386	rs2596546	6	31177764	rs36044207	0.100621
6	31329386	rs2596546	6	31177776	rs28744244	0.166062
6	31329386	rs2596546	6	31177787	rs534907185	0.166062
6	31329386	rs2596546	6	31177874	rs28744251	0.165571
6	31329386	rs2596546	6	31177981	rs9263922	0.092651
6	31329386	rs2596546	6	31177985	rs9263923	0.092651
6	31329386	rs2596546	6	31177991	rs9263924	0.092651
6	31329386	rs2596546	6	31178187	rs17191265;rs112987198	0.134497
6	31329386	rs2596546	6	31178190	rs17197609	0.100808
6	31329386	rs2596546	6	31178192	rs560291245	0.100808
6	31329386	rs2596546	6	31178193	rs527773489	0.09673
6	31329386	rs2596546	6	31178194	rs17197630	0.160463
6	31329386	rs2596546	6	31178198	rs17191272	0.160463
6	31329386	rs2596546	6	31178211	rs17191286	0.160463
6	31329386	rs2596546	6	31178213	rs17191293	0.160463
6	31329386	rs2596546	6	31178279	rs17197637	0.165083
6	31329386	rs2596546	6	31178334	rs17197658	0.100808
6	31329386	rs2596546	6	31178371	rs17191307	0.099739
6	31329386	rs2596546	6	31178376	rs9263930	0.092651
6	31329386	rs2596546	6	31178448	rs17191321	0.16382
6	31329386	rs2596546	6	31178459	rs17191328	0.163333
6	31329386	rs2596546	6	31178465	rs17197665	0.16382
6	31329386	rs2596546	6	31178515	rs17197679	0.16382
6	31329386	rs2596546	6	31178540	rs17197686	0.202429
6	31329386	rs2596546	6	31178605	rs17191342	0.100808
6	31329386	rs2596546	6	31178613	rs9263932	0.092651
6	31329386	rs2596546	6	31178644	rs576834215	0.260393
6	31329386	rs2596546	6	31178676	rs17197693	0.100808
6	31329386	rs2596546	6	31178780	rs17197707	0.100808
6	31329386	rs2596546	6	31178901	rs34328664	0.100808
6	31329386	rs2596546	6	31178943	rs36045025	0.100808
6	31329386	rs2596546	6	31178949	rs34480332	0.100808
6	31329386	rs2596546	6	31178969	rs36039697	0.100808
6	31329386	rs2596546	6	31178976	rs552539298	0.100808
6	31329386	rs2596546	6	31179014	rs34221098	0.100808
6	31329386	rs2596546	6	31179117	rs35379787	0.0943119
6	31329386	rs2596546	6	31179121	rs72863810	0.195076
6	31329386	rs2596546	6	31179140	rs34527556	0.0943119
6	31329386	rs2596546	6	31179193	rs3134785	0.125373
6	31329386	rs2596546	6	31179226	rs34448769	0.099739
6	31329386	rs2596546	6	31179240	rs565167234	0.202429
6	31329386	rs2596546	6	31179286	rs34748609	0.100808
6	31329386	rs2596546	6	31179291	rs541555296	0.100808
6	31329386	rs2596546	6	31179491	rs9263939	0.092651
6	31329386	rs2596546	6	31179672	rs11751160	0.100808
6	31329386	rs2596546	6	31179747	rs10947149	0.100808
6	31329386	rs2596546	6	31180003	rs10947150	0.099739
6	31329386	rs2596546	6	31180055	rs9263941	0.092651
6	31329386	rs2596546	6	31180138	rs10947151	0.099739
6	31329386	rs2596546	6	31180215	rs9263942	0.092651
6	31329386	rs2596546	6	31180339	rs9263943	0.092651
6	31329386	rs2596546	6	31180531	rs34282959	0.100808
6	31329386	rs2596546	6	31180554	rs78109813	0.092651
6	31329386	rs2596546	6	31180642	rs9263946	0.092651
6	31329386	rs2596546	6	31181025	rs9263948	0.092651
6	31329386	rs2596546	6	31181092	rs9263949	0.092651
6	31329386	rs2596546	6	31181196	rs9263950	0.092651
6	31329386	rs2596546	6	31181270	rs9263951	0.092651
6	31329386	rs2596546	6	31182021	rs9263954	0.092651
6	31329386	rs2596546	6	31182059	rs9263955	0.092651
6	31329386	rs2596546	6	31182450	rs79922243	0.092651
6	31329386	rs2596546	6	31182536	rs11757688	0.100808
6	31329386	rs2596546	6	31182682	rs72863820	0.202429
6	31329386	rs2596546	6	31183509	rs3132502	0.114449
6	31329386	rs2596546	6	31184175	rs9263957	0.092651
6	31329386	rs2596546	6	31184394	rs144902597	0.092651
6	31329386	rs2596546	6	31184462	rs34788020	0.10188
6	31329386	rs2596546	6	31184463	rs35887284	0.10188
6	31329386	rs2596546	6	31184506	rs35695557	0.100808
6	31329386	rs2596546	6	31184522	rs35955348	0.100808
6	31329386	rs2596546	6	31184524	rs3130514	0.125373
6	31329386	rs2596546	6	31184553	rs9263959	0.092651
6	31329386	rs2596546	6	31184567	rs372461748;rs564002510	0.139136
6	31329386	rs2596546	6	31184594	rs541481642	0.15585
6	31329386	rs2596546	6	31184903	rs9263961	0.092651
6	31329386	rs2596546	6	31185265	rs34518279	0.099739
6	31329386	rs2596546	6	31185810	rs9501089	0.165571
6	31329386	rs2596546	6	31186026	rs9263963	0.092651
6	31329386	rs2596546	6	31186083	rs9263965	0.092651
6	31329386	rs2596546	6	31186230	rs9263966	0.092651
6	31329386	rs2596546	6	31186345	rs78025331	0.092651
6	31329386	rs2596546	6	31186647	rs9263971	0.092651
6	31329386	rs2596546	6	31187075	rs3130467	0.114449
6	31329386	rs2596546	6	31187170	rs554528038	0.104483
6	31329386	rs2596546	6	31187338	rs72863826	0.202429
6	31329386	rs2596546	6	31189541	rs72863830	0.202429
6	31329386	rs2596546	6	31190303	rs3130517	0.121412
6	31329386	rs2596546	6	31191636	rs1639110	0.0905431
6	31329386	rs2596546	6	31191642	rs567836009	0.136174
6	31329386	rs2596546	6	31191867	rs3130949	0.122308
6	31329386	rs2596546	6	31192192	rs1793895	0.0905431
6	31329386	rs2596546	6	31192796	rs6904669	0.108955
6	31329386	rs2596546	6	31192797	rs6904670	0.108955
6	31329386	rs2596546	6	31193523	rs3130948	0.118844
6	31329386	rs2596546	6	31194583	rs1639109	0.167478
6	31329386	rs2596546	6	31194677	rs2394886	0.132629
6	31329386	rs2596546	6	31195459	rs112833418	0.158337
6	31329386	rs2596546	6	31196554	rs1639108	0.157353
6	31329386	rs2596546	6	31196862	rs1793894	0.118677
6	31329386	rs2596546	6	31197076	rs538457180;rs536194096	0.105544
6	31329386	rs2596546	6	31200437	rs3132536	0.10746
6	31329386	rs2596546	6	31201248	rs3130700	0.10746
6	31329386	rs2596546	6	31201803	rs6927461	0.115023
6	31329386	rs2596546	6	31202486	rs7767978	0.101702
6	31329386	rs2596546	6	31202575	rs7768019	0.101702
6	31329386	rs2596546	6	31203079	rs3132515	0.122308
6	31329386	rs2596546	6	31203570	rs3132513	0.134128
6	31329386	rs2596546	6	31204447	rs2894185	0.134128
6	31329386	rs2596546	6	31205229	rs2394890	0.134803
6	31329386	rs2596546	6	31205233	rs2394891	0.134803
6	31329386	rs2596546	6	31205392	rs3130530	0.122308
6	31329386	rs2596546	6	31206206	rs3130685	0.138849
6	31329386	rs2596546	6	31206616	rs3130531	0.122268
6	31329386	rs2596546	6	31206868	rs2894186	0.203992
6	31329386	rs2596546	6	31206920	rs2394894	0.122308
6	31329386	rs2596546	6	31206979	rs2394895	0.122308
6	31329386	rs2596546	6	31207647	rs147137825	0.0989951
6	31329386	rs2596546	6	31208881	rs3132495	0.122308
6	31329386	rs2596546	6	31210866	rs3134762	0.122308
6	31329386	rs2596546	6	31214354	rs527864796	0.0905431
6	31329386	rs2596546	6	31218239	rs3130424	0.122308
6	32192331	rs3096702	6	31194747	rs3095252	0.122122
6	32192331	rs3096702	6	31195097	rs3130519	0.0903194
6	32192331	rs3096702	6	31195120	rs3130520	0.116508
6	32192331	rs3096702	6	31195365	rs3130947	0.105079
6	32192331	rs3096702	6	31195796	rs9264023	0.107289
6	32192331	rs3096702	6	31195828	rs9264024	0.119931
6	32192331	rs3096702	6	31196336	rs3130469	0.105079
6	32192331	rs3096702	6	31197514	rs3130941	0.116508
6	32192331	rs3096702	6	31197633	rs3134782	0.116508
6	32192331	rs3096702	6	31198205	rs3130472	0.105079
6	32192331	rs3096702	6	31198507	rs3130939	0.105079
6	32192331	rs3096702	6	31198987	rs3130527	0.105906
6	32192331	rs3096702	6	31199380	rs549664204;rs546278642	0.126746
6	32192331	rs3096702	6	31199460	rs3130528	0.122122
6	32192331	rs3096702	6	31201202	rs3132532	0.108977
6	32192331	rs3096702	6	31202246	rs2394888	0.108977
6	32192331	rs3096702	6	31202305	rs539301566	0.108977
6	32192331	rs3096702	6	31202686	rs3130701	0.108977
6	32192331	rs3096702	6	31204986	rs3134770	0.108977
6	32192331	rs3096702	6	31207920	rs3132499	0.122122
6	32192331	rs3096702	6	31208453	rs3130532	0.122122
6	32192331	rs3096702	6	31213453	rs75899922	0.122122
6	32192331	rs3096702	6	31213879	rs3095246	0.122122
6	32192331	rs3096702	6	31216672	rs3130415	0.122122
6	32192331	rs3096702	6	31217479	rs3134753	0.122122
6	32192331	rs3096702	6	31218034	rs3130422	0.122122
6	32192331	rs3096702	6	31218535	rs3130426	0.122122
