CHR_A	BP_A	SNP_A	CHR_B	BP_B	SNP_B	R2
6	41536427	rs1983891	6	41507413	rs67534385	0.0918602
6	41536427	rs1983891	6	41509901	rs4714475	0.750686
6	41536427	rs1983891	6	41510291	rs12203518	0.896469
6	41536427	rs1983891	6	41510863	rs113642022	0.910441
6	41536427	rs1983891	6	41511644	rs72858925	0.18658
6	41536427	rs1983891	6	41511950	rs2395779	0.910441
6	41536427	rs1983891	6	41512462	rs1326322	0.900483
6	41536427	rs1983891	6	41512497	rs1326323	0.346196
6	41536427	rs1983891	6	41512669	rs115670379	0.0988669
6	41536427	rs1983891	6	41512681	rs72858927	0.191529
6	41536427	rs1983891	6	41513740	rs4714476	0.917717
6	41536427	rs1983891	6	41513934	rs4714477	0.151236
6	41536427	rs1983891	6	41514372	rs6935446	0.917717
6	41536427	rs1983891	6	41514411	rs6935737	0.917717
6	41536427	rs1983891	6	41515179	rs199563653	0.0922417
6	41536427	rs1983891	6	41515224	rs9381075	0.918462
6	41536427	rs1983891	6	41515522	rs201913018	0.0989974
6	41536427	rs1983891	6	41516285	rs143698740	0.0989974
6	41536427	rs1983891	6	41516351	rs3747744	0.927656
6	41536427	rs1983891	6	41517457	rs12206814	0.371926
6	41536427	rs1983891	6	41517484	rs9394807	0.65853
6	41536427	rs1983891	6	41517564	rs9381076	0.930598
6	41536427	rs1983891	6	41518664	rs56143487	0.321166
6	41536427	rs1983891	6	41518676	rs58953006	0.31641
6	41536427	rs1983891	6	41518807	rs4714479	0.930598
6	41536427	rs1983891	6	41519038	rs11758149	0.0989974
6	41536427	rs1983891	6	41519430	rs13207588	0.135232
6	41536427	rs1983891	6	41519522	rs2148342	0.930598
6	41536427	rs1983891	6	41519590	rs6923227	0.357076
6	41536427	rs1983891	6	41519654	rs2025645	0.930598
6	41536427	rs1983891	6	41520417	rs7764874	0.337291
6	41536427	rs1983891	6	41520453	rs7764894	0.337291
6	41536427	rs1983891	6	41520590	rs67470086	0.225951
6	41536427	rs1983891	6	41520891	rs4714480	0.966773
6	41536427	rs1983891	6	41521062	rs113345212	0.287326
6	41536427	rs1983891	6	41521075	rs113521153	0.225951
6	41536427	rs1983891	6	41521110	rs4714481	0.971499
6	41536427	rs1983891	6	41522095	rs72858935	0.225951
6	41536427	rs1983891	6	41522937	rs112942930	0.225951
6	41536427	rs1983891	6	41524013	rs11757960	0.112053
6	41536427	rs1983891	6	41524352	rs115734894	0.298144
6	41536427	rs1983891	6	41525407	rs73733278	0.483985
6	41536427	rs1983891	6	41525739	rs10947980	0.934627
6	41536427	rs1983891	6	41526002	rs12199996	0.300783
6	41536427	rs1983891	6	41526469	rs55744376	0.483985
6	41536427	rs1983891	6	41527698	rs9381080	1
6	41536427	rs1983891	6	41527895	rs9369289	0.29316
6	41536427	rs1983891	6	41527901	rs72858938	0.230128
6	41536427	rs1983891	6	41528059	rs77303116	0.11107
6	41536427	rs1983891	6	41528199	rs4714482	0.990417
6	41536427	rs1983891	6	41528214	rs4714483	0.990417
6	41536427	rs1983891	6	41528953	rs11751913	0.11107
6	41536427	rs1983891	6	41529060	rs35453587	0.990417
6	41536427	rs1983891	6	41530678	rs186816008	0.230128
6	41536427	rs1983891	6	41531167	rs116101553	0.11107
6	41536427	rs1983891	6	41531223	rs4714484	0.447549
6	41536427	rs1983891	6	41532389	rs9471603	0.300783
6	41536427	rs1983891	6	41532904	rs58853189	0.366242
6	41536427	rs1983891	6	41533046	rs9369290	0.990417
6	41536427	rs1983891	6	41533573	rs34730847	0.11107
6	41536427	rs1983891	6	41533579	rs2104506	0.990417
6	41536427	rs1983891	6	41535379	rs9296365	1
6	41536427	rs1983891	6	41536368	rs75767832	0.11107
6	41536427	rs1983891	6	41536427	rs1983891	1
6	41536427	rs1983891	6	41536587	rs4714485	1
6	41536427	rs1983891	6	41537344	rs7761231	0.356963
6	41536427	rs1983891	6	41538545	rs913074	1
6	41536427	rs1983891	6	41539892	rs73733283	0.0980449
6	41536427	rs1983891	6	41540875	rs11756325	0.0971005
6	41536427	rs1983891	6	41540969	rs7743632	0.356963
6	41536427	rs1983891	6	41541510	rs76622749	0.11107
6	41536427	rs1983891	6	41542214	rs9381082	0.995202
6	41536427	rs1983891	6	41542417	rs4714486	1
6	41536427	rs1983891	6	41543618	rs75369840	0.11107
6	41536427	rs1983891	6	41543784	rs144650583	0.11107
6	41536427	rs1983891	6	41543793	rs6458228	1
6	41536427	rs1983891	6	41544395	rs79487098	0.159039
6	41536427	rs1983891	6	41544494	rs1886816	1
6	41536427	rs1983891	6	41545454	rs78913546	0.11107
6	41536427	rs1983891	6	41545474	rs60352284	0.112053
6	41536427	rs1983891	6	41547312	rs4714487	0.995202
6	41536427	rs1983891	6	41548412	rs79204551	0.11107
6	41536427	rs1983891	6	41548430	rs7753653	0.995202
6	41536427	rs1983891	6	41548540	rs6917029	0.995202
6	41536427	rs1983891	6	41548671	rs9394809	0.284341
6	41536427	rs1983891	6	41548755	rs6917270	0.995202
6	41536427	rs1983891	6	41549108	rs72858989	0.220821
6	41536427	rs1983891	6	41550172	rs1475365	0.626235
6	41536427	rs1983891	6	41550466	rs5875762	0.711187
6	41536427	rs1983891	6	41552005	rs12215942	0.164222
6	41536427	rs1983891	6	41552040	rs912883	0.635915
6	41536427	rs1983891	6	41552101	rs755304	0.67922
6	41536427	rs1983891	6	41552275	rs11760107	0.2135
6	41536427	rs1983891	6	41552429	rs4714489	0.630188
6	41536427	rs1983891	6	41554182	rs6920495	0.677419
6	41536427	rs1983891	6	41554993	rs11758591	0.290475
6	41536427	rs1983891	6	41555862	rs4711677	0.682704
6	41536427	rs1983891	6	41555948	rs9462723	0.294765
6	41536427	rs1983891	6	41557117	rs745548	0.639148
6	41536427	rs1983891	6	41558358	rs3800283	0.639148
6	41536427	rs1983891	6	41558365	rs3800284	0.639148
6	41536427	rs1983891	6	41558443	rs3800285	0.639148
6	41536427	rs1983891	6	41558952	rs9471605	0.296115
6	41536427	rs1983891	6	41559408	rs61592356	0.239306
6	41536427	rs1983891	6	41559861	rs78554297	0.117115
6	41536427	rs1983891	6	41560287	rs11752651	0.112053
6	41536427	rs1983891	6	41562446	rs41273786	0.278983
6	41536427	rs1983891	6	41562530	rs9367109	0.653768
6	41536427	rs1983891	6	41563157	rs13362583	0.278983
6	41536427	rs1983891	6	41563352	rs13362647	0.278983
6	41536427	rs1983891	6	41563824	rs114279754	0.278983
6	41536427	rs1983891	6	41564026	rs9369295	0.653768
6	41536427	rs1983891	6	41567128	rs9471607	0.278983
6	41536427	rs1983891	6	41568064	rs3747745	0.567065
6	41536427	rs1983891	6	41568906	rs913075	0.567065
6	41536427	rs1983891	6	41569118	rs913076	0.280326
6	41536427	rs1983891	6	41569157	rs913077	0.607051
6	41536427	rs1983891	6	41569377	rs138216539	0.112053
6	41536427	rs1983891	6	41570250	rs9381083	0.607891
6	41536427	rs1983891	6	41570251	rs9369296	0.607891
6	41536427	rs1983891	6	41570350	rs9381084	0.650457
6	41536427	rs1983891	6	41570815	rs9369297	0.284903
6	41536427	rs1983891	6	41571314	rs201958351	0.352072
6	41536427	rs1983891	6	41572522	rs9394814	0.558599
6	41536427	rs1983891	6	41573158	rs12198760	0.255772
6	41536427	rs1983891	6	41573159	rs12212213	0.277862
6	41536427	rs1983891	6	41573172	rs4714495	0.473392
6	41536427	rs1983891	6	41573293	rs4711678	0.534241
6	41536427	rs1983891	6	41573342	rs4711679	0.57206
6	41536427	rs1983891	6	41573808	rs116242376	0.117493
6	41536427	rs1983891	6	41573988	rs12207736	0.268612
6	41536427	rs1983891	6	41574900	rs1960585	0.18133
6	41536427	rs1983891	6	41575676	rs4714497	0.102817
6	41536427	rs1983891	6	41576036	rs9367110	0.184867
6	41536427	rs1983891	6	41576204	rs527801109	0.100688
6	41536427	rs1983891	6	41576640	rs9369298	0.187233
6	41536427	rs1983891	6	41576866	rs4714498	0.102817
6	41536427	rs1983891	6	41578203	rs4714499	0.146499
6	41536427	rs1983891	6	41578366	rs2395780	0.146499
6	41536427	rs1983891	6	41578475	rs11300104	0.11229
6	41536427	rs1983891	6	41578661	rs2395782	0.146499
6	41536427	rs1983891	6	41578836	rs6917423	0.0984683
6	41536427	rs1983891	6	41579811	rs563271574	0.0900259
6	41536427	rs1983891	6	41580073	rs9381086	0.46281
6	41536427	rs1983891	6	41580132	rs2395783	0.250936
6	41536427	rs1983891	6	41580864	rs9381087	0.0947427
6	41536427	rs1983891	6	41583313	rs10628788	0.209379
6	41536427	rs1983891	6	41583505	rs116613472	0.136459
6	41536427	rs1983891	6	41583576	rs2842638	0.444039
6	41536427	rs1983891	6	41584044	rs563116165	0.145409
6	41536427	rs1983891	6	41584051	rs9381089	0.122177
6	41536427	rs1983891	6	41584058	rs9381090	0.122177
6	41536427	rs1983891	6	41584061	rs9381091	0.122177
6	41536427	rs1983891	6	41584186	rs183941398	0.145048
6	41536427	rs1983891	6	41584195	rs368204167	0.145048
6	41536427	rs1983891	6	41586580	rs1028818	0.0977614
6	41536427	rs1983891	6	41590918	rs2842637	0.226924
6	41536427	rs1983891	6	41591125	rs2746176	0.431413
6	41536427	rs1983891	6	41592403	rs147331737	0.0907103
6	41536427	rs1983891	6	41593945	rs2746175	0.14424
6	41536427	rs1983891	6	41593996	rs6928533	0.21105
6	41536427	rs1983891	6	41594374	rs10223651	0.182774
6	41536427	rs1983891	6	41594613	rs10223516	0.181373
6	41536427	rs1983891	6	41604077	rs2842660	0.213593
6	41536427	rs1983891	6	41604317	rs150046982	0.137989
6	41536427	rs1983891	6	41605830	rs2495229	0.216008
6	41543793	rs6458228	6	41507413	rs67534385	0.0918602
6	41543793	rs6458228	6	41509901	rs4714475	0.750686
6	41543793	rs6458228	6	41510291	rs12203518	0.896469
6	41543793	rs6458228	6	41510863	rs113642022	0.910441
6	41543793	rs6458228	6	41511644	rs72858925	0.18658
6	41543793	rs6458228	6	41511950	rs2395779	0.910441
6	41543793	rs6458228	6	41512462	rs1326322	0.900483
6	41543793	rs6458228	6	41512497	rs1326323	0.346196
6	41543793	rs6458228	6	41512669	rs115670379	0.0988669
6	41543793	rs6458228	6	41512681	rs72858927	0.191529
6	41543793	rs6458228	6	41513740	rs4714476	0.917717
6	41543793	rs6458228	6	41513934	rs4714477	0.151236
6	41543793	rs6458228	6	41514372	rs6935446	0.917717
6	41543793	rs6458228	6	41514411	rs6935737	0.917717
6	41543793	rs6458228	6	41515179	rs199563653	0.0922417
6	41543793	rs6458228	6	41515224	rs9381075	0.918462
6	41543793	rs6458228	6	41515522	rs201913018	0.0989974
6	41543793	rs6458228	6	41516285	rs143698740	0.0989974
6	41543793	rs6458228	6	41516351	rs3747744	0.927656
6	41543793	rs6458228	6	41517457	rs12206814	0.371926
6	41543793	rs6458228	6	41517484	rs9394807	0.65853
6	41543793	rs6458228	6	41517564	rs9381076	0.930598
6	41543793	rs6458228	6	41518664	rs56143487	0.321166
6	41543793	rs6458228	6	41518676	rs58953006	0.31641
6	41543793	rs6458228	6	41518807	rs4714479	0.930598
6	41543793	rs6458228	6	41519038	rs11758149	0.0989974
6	41543793	rs6458228	6	41519430	rs13207588	0.135232
6	41543793	rs6458228	6	41519522	rs2148342	0.930598
6	41543793	rs6458228	6	41519590	rs6923227	0.357076
6	41543793	rs6458228	6	41519654	rs2025645	0.930598
6	41543793	rs6458228	6	41520417	rs7764874	0.337291
6	41543793	rs6458228	6	41520453	rs7764894	0.337291
6	41543793	rs6458228	6	41520590	rs67470086	0.225951
6	41543793	rs6458228	6	41520891	rs4714480	0.966773
6	41543793	rs6458228	6	41521062	rs113345212	0.287326
6	41543793	rs6458228	6	41521075	rs113521153	0.225951
6	41543793	rs6458228	6	41521110	rs4714481	0.971499
6	41543793	rs6458228	6	41522095	rs72858935	0.225951
6	41543793	rs6458228	6	41522937	rs112942930	0.225951
6	41543793	rs6458228	6	41524013	rs11757960	0.112053
6	41543793	rs6458228	6	41524352	rs115734894	0.298144
6	41543793	rs6458228	6	41525407	rs73733278	0.483985
6	41543793	rs6458228	6	41525739	rs10947980	0.934627
6	41543793	rs6458228	6	41526002	rs12199996	0.300783
6	41543793	rs6458228	6	41526469	rs55744376	0.483985
6	41543793	rs6458228	6	41527698	rs9381080	1
6	41543793	rs6458228	6	41527895	rs9369289	0.29316
6	41543793	rs6458228	6	41527901	rs72858938	0.230128
6	41543793	rs6458228	6	41528059	rs77303116	0.11107
6	41543793	rs6458228	6	41528199	rs4714482	0.990417
6	41543793	rs6458228	6	41528214	rs4714483	0.990417
6	41543793	rs6458228	6	41528953	rs11751913	0.11107
6	41543793	rs6458228	6	41529060	rs35453587	0.990417
6	41543793	rs6458228	6	41530678	rs186816008	0.230128
6	41543793	rs6458228	6	41531167	rs116101553	0.11107
6	41543793	rs6458228	6	41531223	rs4714484	0.447549
6	41543793	rs6458228	6	41532389	rs9471603	0.300783
6	41543793	rs6458228	6	41532904	rs58853189	0.366242
6	41543793	rs6458228	6	41533046	rs9369290	0.990417
6	41543793	rs6458228	6	41533573	rs34730847	0.11107
6	41543793	rs6458228	6	41533579	rs2104506	0.990417
6	41543793	rs6458228	6	41535379	rs9296365	1
6	41543793	rs6458228	6	41536368	rs75767832	0.11107
6	41543793	rs6458228	6	41536427	rs1983891	1
6	41543793	rs6458228	6	41536587	rs4714485	1
6	41543793	rs6458228	6	41537344	rs7761231	0.356963
6	41543793	rs6458228	6	41538545	rs913074	1
6	41543793	rs6458228	6	41539892	rs73733283	0.0980449
6	41543793	rs6458228	6	41540875	rs11756325	0.0971005
6	41543793	rs6458228	6	41540969	rs7743632	0.356963
6	41543793	rs6458228	6	41541510	rs76622749	0.11107
6	41543793	rs6458228	6	41542214	rs9381082	0.995202
6	41543793	rs6458228	6	41542417	rs4714486	1
6	41543793	rs6458228	6	41543618	rs75369840	0.11107
6	41543793	rs6458228	6	41543784	rs144650583	0.11107
6	41543793	rs6458228	6	41543793	rs6458228	1
6	41543793	rs6458228	6	41544395	rs79487098	0.159039
6	41543793	rs6458228	6	41544494	rs1886816	1
6	41543793	rs6458228	6	41545454	rs78913546	0.11107
6	41543793	rs6458228	6	41545474	rs60352284	0.112053
6	41543793	rs6458228	6	41547312	rs4714487	0.995202
6	41543793	rs6458228	6	41548412	rs79204551	0.11107
6	41543793	rs6458228	6	41548430	rs7753653	0.995202
6	41543793	rs6458228	6	41548540	rs6917029	0.995202
6	41543793	rs6458228	6	41548671	rs9394809	0.284341
6	41543793	rs6458228	6	41548755	rs6917270	0.995202
6	41543793	rs6458228	6	41549108	rs72858989	0.220821
6	41543793	rs6458228	6	41550172	rs1475365	0.626235
6	41543793	rs6458228	6	41550466	rs5875762	0.711187
6	41543793	rs6458228	6	41552005	rs12215942	0.164222
6	41543793	rs6458228	6	41552040	rs912883	0.635915
6	41543793	rs6458228	6	41552101	rs755304	0.67922
6	41543793	rs6458228	6	41552275	rs11760107	0.2135
6	41543793	rs6458228	6	41552429	rs4714489	0.630188
6	41543793	rs6458228	6	41554182	rs6920495	0.677419
6	41543793	rs6458228	6	41554993	rs11758591	0.290475
6	41543793	rs6458228	6	41555862	rs4711677	0.682704
6	41543793	rs6458228	6	41555948	rs9462723	0.294765
6	41543793	rs6458228	6	41557117	rs745548	0.639148
6	41543793	rs6458228	6	41558358	rs3800283	0.639148
6	41543793	rs6458228	6	41558365	rs3800284	0.639148
6	41543793	rs6458228	6	41558443	rs3800285	0.639148
6	41543793	rs6458228	6	41558952	rs9471605	0.296115
6	41543793	rs6458228	6	41559408	rs61592356	0.239306
6	41543793	rs6458228	6	41559861	rs78554297	0.117115
6	41543793	rs6458228	6	41560287	rs11752651	0.112053
6	41543793	rs6458228	6	41562446	rs41273786	0.278983
6	41543793	rs6458228	6	41562530	rs9367109	0.653768
6	41543793	rs6458228	6	41563157	rs13362583	0.278983
6	41543793	rs6458228	6	41563352	rs13362647	0.278983
6	41543793	rs6458228	6	41563824	rs114279754	0.278983
6	41543793	rs6458228	6	41564026	rs9369295	0.653768
6	41543793	rs6458228	6	41567128	rs9471607	0.278983
6	41543793	rs6458228	6	41568064	rs3747745	0.567065
6	41543793	rs6458228	6	41568906	rs913075	0.567065
6	41543793	rs6458228	6	41569118	rs913076	0.280326
6	41543793	rs6458228	6	41569157	rs913077	0.607051
6	41543793	rs6458228	6	41569377	rs138216539	0.112053
6	41543793	rs6458228	6	41570250	rs9381083	0.607891
6	41543793	rs6458228	6	41570251	rs9369296	0.607891
6	41543793	rs6458228	6	41570350	rs9381084	0.650457
6	41543793	rs6458228	6	41570815	rs9369297	0.284903
6	41543793	rs6458228	6	41571314	rs201958351	0.352072
6	41543793	rs6458228	6	41572522	rs9394814	0.558599
6	41543793	rs6458228	6	41573158	rs12198760	0.255772
6	41543793	rs6458228	6	41573159	rs12212213	0.277862
6	41543793	rs6458228	6	41573172	rs4714495	0.473392
6	41543793	rs6458228	6	41573293	rs4711678	0.534241
6	41543793	rs6458228	6	41573342	rs4711679	0.57206
6	41543793	rs6458228	6	41573808	rs116242376	0.117493
6	41543793	rs6458228	6	41573988	rs12207736	0.268612
6	41543793	rs6458228	6	41574900	rs1960585	0.18133
6	41543793	rs6458228	6	41575676	rs4714497	0.102817
6	41543793	rs6458228	6	41576036	rs9367110	0.184867
6	41543793	rs6458228	6	41576204	rs527801109	0.100688
6	41543793	rs6458228	6	41576640	rs9369298	0.187233
6	41543793	rs6458228	6	41576866	rs4714498	0.102817
6	41543793	rs6458228	6	41578203	rs4714499	0.146499
6	41543793	rs6458228	6	41578366	rs2395780	0.146499
6	41543793	rs6458228	6	41578475	rs11300104	0.11229
6	41543793	rs6458228	6	41578661	rs2395782	0.146499
6	41543793	rs6458228	6	41578836	rs6917423	0.0984683
6	41543793	rs6458228	6	41579811	rs563271574	0.0900259
6	41543793	rs6458228	6	41580073	rs9381086	0.46281
6	41543793	rs6458228	6	41580132	rs2395783	0.250936
6	41543793	rs6458228	6	41580864	rs9381087	0.0947427
6	41543793	rs6458228	6	41583313	rs10628788	0.209379
6	41543793	rs6458228	6	41583505	rs116613472	0.136459
6	41543793	rs6458228	6	41583576	rs2842638	0.444039
6	41543793	rs6458228	6	41584044	rs563116165	0.145409
6	41543793	rs6458228	6	41584051	rs9381089	0.122177
6	41543793	rs6458228	6	41584058	rs9381090	0.122177
6	41543793	rs6458228	6	41584061	rs9381091	0.122177
6	41543793	rs6458228	6	41584186	rs183941398	0.145048
6	41543793	rs6458228	6	41584195	rs368204167	0.145048
6	41543793	rs6458228	6	41586580	rs1028818	0.0977614
6	41543793	rs6458228	6	41590918	rs2842637	0.226924
6	41543793	rs6458228	6	41591125	rs2746176	0.431413
6	41543793	rs6458228	6	41592403	rs147331737	0.0907103
6	41543793	rs6458228	6	41593945	rs2746175	0.14424
6	41543793	rs6458228	6	41593996	rs6928533	0.21105
6	41543793	rs6458228	6	41594374	rs10223651	0.182774
6	41543793	rs6458228	6	41594613	rs10223516	0.181373
6	41543793	rs6458228	6	41604077	rs2842660	0.213593
6	41543793	rs6458228	6	41604317	rs150046982	0.137989
6	41543793	rs6458228	6	41605830	rs2495229	0.216008
