CHR_A	BP_A	SNP_A	CHR_B	BP_B	SNP_B	R2
6	109279211	rs12209480	6	109194634	rs72933309	0.126857
6	109279211	rs12209480	6	109244792	rs140126174	0.107725
6	109279211	rs12209480	6	109273698	rs2768549	0.0931623
6	109279211	rs12209480	6	109273909	rs75576199	0.103092
6	109279211	rs12209480	6	109275038	rs2806357	0.0907088
6	109279211	rs12209480	6	109276321	rs2768548	0.106681
6	109279211	rs12209480	6	109277908	rs12193858	0.712308
6	109279211	rs12209480	6	109278425	rs58161620	0.687158
6	109279211	rs12209480	6	109278873	rs12195728	0.712308
6	109279211	rs12209480	6	109279105	rs12195848	0.718552
6	109279211	rs12209480	6	109279211	rs12209480	1
6	109279211	rs12209480	6	109279381	rs11153139	0.70802
6	109279211	rs12209480	6	109280932	rs114481082	0.697556
6	109279211	rs12209480	6	109280933	rs115643887	0.697556
6	109279211	rs12209480	6	109281411	rs6651000	0.665692
6	109279211	rs12209480	6	109281413	rs2104118;rs573412413	0.162457
6	109279211	rs12209480	6	109284223	rs12195372	0.676827
6	109279211	rs12209480	6	109284255	rs12195378	0.676827
6	109279211	rs12209480	6	109285189	rs2273669	0.593767
6	109279211	rs12209480	6	109287209	rs6941125	0.598497
6	109279211	rs12209480	6	109287459	rs11754955	0.67276
6	109279211	rs12209480	6	109288036	rs76094073	0.67276
6	109279211	rs12209480	6	109289203	rs12191613	0.593575
6	109279211	rs12209480	6	109289540	rs10872027	0.593575
6	109279211	rs12209480	6	109289881	rs6935782	0.588817
6	109279211	rs12209480	6	109290319	rs6568554	0.603281
6	109279211	rs12209480	6	109290606	rs138986180	0.593575
6	109279211	rs12209480	6	109291701	rs12193948	0.602123
6	109279211	rs12209480	6	109291702	rs201039131	0.350473
6	109279211	rs12209480	6	109291782	rs12194006	0.603281
6	109279211	rs12209480	6	109291824	rs12213775	0.603281
6	109279211	rs12209480	6	109292058	rs67708237	0.603281
6	109279211	rs12209480	6	109292133	rs7753554	0.603795
6	109279211	rs12209480	6	109292736	rs1887414	0.603281
6	109279211	rs12209480	6	109292806	rs4992384	0.603281
6	109279211	rs12209480	6	109292816	rs4992383	0.603281
6	109279211	rs12209480	6	109292826	rs4992382	0.603281
6	109279211	rs12209480	6	109293898	rs6907937	0.603281
6	109279211	rs12209480	6	109293973	rs6908104	0.603281
6	109279211	rs12209480	6	109294042	rs113667720	0.416669
6	109279211	rs12209480	6	109294164	rs6928200	0.603281
6	109279211	rs12209480	6	109294322	rs6929070	0.603281
6	109279211	rs12209480	6	109294336	rs6908714	0.603281
6	109279211	rs12209480	6	109294752	rs3734649	0.683052
6	109279211	rs12209480	6	109295017	rs3734650	0.603281
6	109279211	rs12209480	6	109295040	rs3734651	0.603281
6	109279211	rs12209480	6	109295120	rs41287542	0.425796
6	109279211	rs12209480	6	109295293	rs2038542	0.603281
6	109279211	rs12209480	6	109296185	rs2145767	0.683052
6	109279211	rs12209480	6	109296261	rs2145766	0.603281
6	109279211	rs12209480	6	109296362	rs2145765	0.683052
6	109279211	rs12209480	6	109296586	rs141683383	0.683052
6	109279211	rs12209480	6	109296736	rs10457184	0.683052
6	109279211	rs12209480	6	109297516	rs12196819	0.683052
6	109279211	rs12209480	6	109297676	rs12198152	0.603281
6	109279211	rs12209480	6	109297857	rs11153140	0.603281
6	109279211	rs12209480	6	109298135	rs112483590	0.683052
6	109279211	rs12209480	6	109298413	rs140202025	0.603281
6	109279211	rs12209480	6	109298654	rs113130272	0.598497
6	109279211	rs12209480	6	109299089	rs10456862	0.683052
6	109279211	rs12209480	6	109299092	rs10456863	0.683052
6	109279211	rs12209480	6	109299507	rs10456864	0.683052
6	109279211	rs12209480	6	109300025	rs375168964	0.635463
6	109279211	rs12209480	6	109300554	rs12202463	0.67276
6	109279211	rs12209480	6	109300564	rs11153142	0.67276
6	109279211	rs12209480	6	109300577	rs12207202	0.67276
6	109279211	rs12209480	6	109300607	rs12200902	0.67276
6	109279211	rs12209480	6	109300661	rs11153143	0.670684
6	109279211	rs12209480	6	109300709	rs11153144	0.683052
6	109279211	rs12209480	6	109300799	rs11153145	0.683052
6	109279211	rs12209480	6	109300826	rs11153146	0.683052
6	109279211	rs12209480	6	109301091	rs11757168	0.683052
6	109279211	rs12209480	6	109301664	rs111523655	0.683052
6	109279211	rs12209480	6	109301698	rs111978852	0.479384
6	109279211	rs12209480	6	109301700	rs560637013	0.479384
6	109279211	rs12209480	6	109301701	rs532343272	0.479384
6	109279211	rs12209480	6	109301705	rs545807432	0.479384
6	109279211	rs12209480	6	109301706	rs562826941	0.479384
6	109279211	rs12209480	6	109301721	rs556129069	0.63099
6	109279211	rs12209480	6	109302173	rs12196010	0.683052
6	109279211	rs12209480	6	109302258	rs12196024	0.683052
6	109279211	rs12209480	6	109302372	rs12196143	0.683052
6	109279211	rs12209480	6	109302861	rs368740664	0.676827
6	109279211	rs12209480	6	109302894	rs116189763	0.683052
6	109279211	rs12209480	6	109303726	rs111303770	0.683052
6	109279211	rs12209480	6	109303967	rs12206834	0.683052
6	109279211	rs12209480	6	109304058	rs11153147	0.695755
6	109279211	rs12209480	6	109304084	rs11153148	0.695755
6	109279211	rs12209480	6	109304170	rs118126621	0.224981
6	109279211	rs12209480	6	109304272	rs11153149	0.683052
6	109279211	rs12209480	6	109304694	rs1080945	0.598497
6	109279211	rs12209480	6	109305285	rs150284264	0.099385
6	109279211	rs12209480	6	109305299	rs78276890	0.683052
6	109279211	rs12209480	6	109305318	rs112319185	0.683052
6	109279211	rs12209480	6	109305456	rs76747161	0.683052
6	109279211	rs12209480	6	109305743	rs12210444	0.683052
6	109279211	rs12209480	6	109306480	rs111773102	0.659134
6	109279211	rs12209480	6	109306489	rs114414265	0.659134
6	109279211	rs12209480	6	109306493	rs111353760	0.659134
6	109279211	rs12209480	6	109306494	rs375937982	0.683052
6	109279211	rs12209480	6	109306681	rs12212402	0.683052
6	109279211	rs12209480	6	109306963	rs2145763	0.683052
6	109279211	rs12209480	6	109307281	rs5879006	0.683052
6	109279211	rs12209480	6	109307710	rs16822	0.683052
6	109279211	rs12209480	6	109308952	rs4509156	0.683052
6	109279211	rs12209480	6	109309150	rs4527738	0.683052
6	109279211	rs12209480	6	109309287	rs4470881	0.598497
6	109279211	rs12209480	6	109310268	rs113477421	0.683052
6	109279211	rs12209480	6	109310596	rs2798646	0.664621
6	109279211	rs12209480	6	109310627	rs113692625	0.683052
6	109279211	rs12209480	6	109310649	rs7759680	0.603281
6	109279211	rs12209480	6	109310719	rs2798647	0.543726
6	109279211	rs12209480	6	109310732	rs150469886	0.269554
6	109279211	rs12209480	6	109310762	rs563018202	0.603281
6	109279211	rs12209480	6	109311560	rs6904998	0.603281
6	109279211	rs12209480	6	109312239	rs78550764	0.683052
6	109279211	rs12209480	6	109312276	rs409261	0.137369
6	109279211	rs12209480	6	109312279	rs555995250	0.652373
6	109279211	rs12209480	6	109312282	rs112482131	0.652373
6	109279211	rs12209480	6	109312285	rs111779319	0.578876
6	109279211	rs12209480	6	109312498	rs78383792	0.683052
6	109279211	rs12209480	6	109312689	rs74582170	0.683052
6	109279211	rs12209480	6	109313303	rs12154092	0.683052
6	109279211	rs12209480	6	109313629	rs12215614	0.683052
6	109279211	rs12209480	6	109313728	rs10872028	0.603281
6	109279211	rs12209480	6	109314350	rs11970599	0.598497
6	109279211	rs12209480	6	109315115	rs12153822	0.683052
6	109279211	rs12209480	6	109315999	rs9486985	0.152001
6	109279211	rs12209480	6	109316652	rs11153150	0.683052
6	109279211	rs12209480	6	109316754	rs11153151	0.683052
6	109279211	rs12209480	6	109317041	rs111802830	0.683052
6	109279211	rs12209480	6	109317330	rs12214567	0.683052
6	109279211	rs12209480	6	109317388	rs12201102	0.683052
6	109279211	rs12209480	6	109317394	rs6918331	0.683052
6	109279211	rs12209480	6	109317635	rs12216104	0.683052
6	109279211	rs12209480	6	109318279	rs79285264	0.67276
6	109279211	rs12209480	6	109318280	rs76732622	0.67276
6	109279211	rs12209480	6	109318335	rs111413983	0.683052
6	109279211	rs12209480	6	109318516	rs6651002	0.593767
6	109279211	rs12209480	6	109318704	rs12198182	0.683052
6	109279211	rs12209480	6	109318843	rs12204576	0.683052
6	109279211	rs12209480	6	109320441	rs12200531	0.683052
6	109279211	rs12209480	6	109321497	rs77002235	0.683052
6	109279211	rs12209480	6	109322477	rs10457185	0.683052
6	109279211	rs12209480	6	109322554	rs12214121	0.683052
6	109279211	rs12209480	6	109322700	rs201531611	0.214281
6	109279211	rs12209480	6	109322701	rs200667909	0.214281
6	109279211	rs12209480	6	109323219	rs3839562	0.683052
6	109279211	rs12209480	6	109323519	rs2273668	0.683052
6	109279211	rs12209480	6	109324353	rs75675305	0.683052
6	109279211	rs12209480	6	109325624	rs75995854	0.683052
6	109279211	rs12209480	6	109325962	rs113614274	0.703832
6	109279211	rs12209480	6	109326183	rs76267985	0.703832
6	109279211	rs12209480	6	109326621	rs7761290	0.683052
6	109279211	rs12209480	6	109328432	rs1407241	0.670684
6	109279211	rs12209480	6	109328988	rs573341295	0.623993
6	109279211	rs12209480	6	109329473	rs12200578	0.670684
6	109279211	rs12209480	6	109329641	rs12215344	0.670684
6	109279211	rs12209480	6	109329653	rs151285329	0.670684
6	109279211	rs12209480	6	109330367	rs12215736	0.670684
6	109279211	rs12209480	6	109330417	rs28504359	0.670684
6	109279211	rs12209480	6	109330859	rs6908184	0.593767
6	109279211	rs12209480	6	109331777	rs6568555	0.670684
6	109279211	rs12209480	6	109334162	rs113306703	0.670684
6	109279211	rs12209480	6	109334300	rs72131680	0.670684
6	109279211	rs12209480	6	109334458	rs11751295	0.670684
6	109279211	rs12209480	6	109334971	rs7767882	0.670684
6	109279211	rs12209480	6	109335969	rs11752532	0.670684
6	109279211	rs12209480	6	109336051	rs10457187	0.670684
6	109279211	rs12209480	6	109336617	rs117412830	0.670684
6	109279211	rs12209480	6	109338110	rs12205053	0.670684
6	109279211	rs12209480	6	109338147	rs12197912	0.670684
6	109279211	rs12209480	6	109338161	rs12205061	0.65322
6	109279211	rs12209480	6	109338433	rs12198088	0.670684
6	109279211	rs12209480	6	109339772	rs34135428	0.670684
6	109279211	rs12209480	6	109340291	rs12201821	0.670684
6	109279211	rs12209480	6	109341298	rs75671532	0.670684
6	109279211	rs12209480	6	109341834	rs7738483	0.593767
6	109279211	rs12209480	6	109341841	rs141674146	0.670684
6	109279211	rs12209480	6	109342169	rs11755471	0.670684
6	109279211	rs12209480	6	109342693	rs80099385	0.664621
6	109279211	rs12209480	6	109343252	rs544552358	0.664621
6	109279211	rs12209480	6	109343340	rs11153152	0.589089
6	109279211	rs12209480	6	109343648	rs7769313	0.670684
6	109279211	rs12209480	6	109344975	rs76201299	0.670684
6	109279211	rs12209480	6	109345041	rs141852184	0.670684
6	109279211	rs12209480	6	109345930	rs12374658	0.670684
6	109279211	rs12209480	6	109346184	rs12374597	0.670684
6	109279211	rs12209480	6	109347057	rs7765732	0.670684
6	109279211	rs12209480	6	109347154	rs560992294	0.572193
6	109279211	rs12209480	6	109347262	rs7766248	0.670684
6	109279211	rs12209480	6	109347731	rs113393759	0.670684
6	109279211	rs12209480	6	109347980	rs113948720	0.670684
6	109279211	rs12209480	6	109349355	rs35853071	0.670684
6	109279211	rs12209480	6	109350128	rs76430494	0.670684
6	109279211	rs12209480	6	109350290	rs79465564	0.670684
6	109279211	rs12209480	6	109350351	rs78714994	0.670684
6	109279211	rs12209480	6	109350489	rs75263286	0.670684
6	109279211	rs12209480	6	109350550	rs17070136	0.670684
6	109279211	rs12209480	6	109350616	rs77936298	0.670684
6	109279211	rs12209480	6	109351125	rs7759014	0.670684
6	109279211	rs12209480	6	109352545	rs75942063	0.670684
6	109279211	rs12209480	6	109353216	rs12206423	0.670684
6	109279211	rs12209480	6	109353407	rs12206634	0.670684
6	109279211	rs12209480	6	109353413	rs12213664	0.670684
6	109279211	rs12209480	6	109353429	rs12193075	0.589819
6	109279211	rs12209480	6	109353519	rs12206606	0.670684
6	109279211	rs12209480	6	109355790	rs1424479	0.670684
6	109279211	rs12209480	6	109356104	rs11153153	0.670684
6	109279211	rs12209480	6	109356589	rs76367548	0.670684
6	109279211	rs12209480	6	109356751	rs555690232	0.609592
6	109279211	rs12209480	6	109357324	rs11153154	0.670684
6	109279211	rs12209480	6	109357701	rs12195836	0.664621
6	109279211	rs12209480	6	109357829	rs12202145	0.670684
6	109279211	rs12209480	6	109358345	rs17070139	0.670684
6	109279211	rs12209480	6	109359117	rs112276698	0.670684
6	109279211	rs12209480	6	109359687	rs36076724	0.593767
6	109279211	rs12209480	6	109359963	rs11153155	0.655801
6	109279211	rs12209480	6	109361186	rs6908999	0.214281
6	109279211	rs12209480	6	109361532	rs34921936	0.670684
6	109279211	rs12209480	6	109362245	rs112871784	0.670684
6	109279211	rs12209480	6	109362749	rs6899723	0.670684
6	109279211	rs12209480	6	109363217	rs12215381	0.670684
6	109279211	rs12209480	6	109364698	rs9688896	0.670684
6	109279211	rs12209480	6	109364825	rs9688496	0.670684
6	109279211	rs12209480	6	109365911	rs11153156	0.670684
6	109279211	rs12209480	6	109366087	rs11752581	0.670684
6	109279211	rs12209480	6	109366494	rs112942730	0.670684
6	109279211	rs12209480	6	109366740	rs76249006	0.670684
6	109279211	rs12209480	6	109367169	rs2003315	0.670684
6	109279211	rs12209480	6	109367255	rs2356575	0.670684
6	109279211	rs12209480	6	109369059	rs12206881	0.552934
6	109279211	rs12209480	6	109369106	rs12199874	0.547099
6	109279211	rs12209480	6	109369124	rs181280275	0.547099
6	109279211	rs12209480	6	109369141	rs12199796	0.547099
6	109279211	rs12209480	6	109369142	rs12199797	0.547099
6	109279211	rs12209480	6	109369169	rs12213228	0.635443
6	109279211	rs12209480	6	109369246	rs12213274	0.672272
6	109279211	rs12209480	6	109369745	rs12208578	0.670684
6	109279211	rs12209480	6	109370003	rs11757590	0.670684
6	109279211	rs12209480	6	109370006	rs11759732	0.598497
6	109279211	rs12209480	6	109371129	rs6916819	0.670684
6	109279211	rs12209480	6	109372120	rs6900472	0.670684
6	109279211	rs12209480	6	109372366	rs199848413	0.615351
6	109279211	rs12209480	6	109372528	rs138225942	0.670684
6	109279211	rs12209480	6	109374465	rs78596296	0.437452
6	109279211	rs12209480	6	109375972	rs34504736	0.593767
6	109279211	rs12209480	6	109376118	rs11153158	0.612822
6	109279211	rs12209480	6	109376647	rs11153159	0.612822
6	109279211	rs12209480	6	109377033	rs59883302	0.359902
6	109285189	rs2273669	6	109276321	rs2768548	0.104294
6	109285189	rs2273669	6	109277908	rs12193858	0.800096
6	109285189	rs2273669	6	109278425	rs58161620	0.816434
6	109285189	rs2273669	6	109278873	rs12195728	0.814695
6	109285189	rs2273669	6	109279105	rs12195848	0.82244
6	109285189	rs2273669	6	109279211	rs12209480	0.593767
6	109285189	rs2273669	6	109279381	rs11153139	0.830286
6	109285189	rs2273669	6	109280932	rs114481082	0.838235
6	109285189	rs2273669	6	109280933	rs115643887	0.838235
6	109285189	rs2273669	6	109281411	rs6651000	0.818292
6	109285189	rs2273669	6	109281413	rs2104118;rs573412413	0.20988
6	109285189	rs2273669	6	109283977	rs117747094	0.0996188
6	109285189	rs2273669	6	109284223	rs12195372	0.839353
6	109285189	rs2273669	6	109284255	rs12195378	0.839353
6	109285189	rs2273669	6	109285189	rs2273669	1
6	109285189	rs2273669	6	109287209	rs6941125	0.992372
6	109285189	rs2273669	6	109287459	rs11754955	0.825592
6	109285189	rs2273669	6	109288036	rs76094073	0.825592
6	109285189	rs2273669	6	109288769	rs956253	0.117236
6	109285189	rs2273669	6	109289203	rs12191613	0.977242
6	109285189	rs2273669	6	109289540	rs10872027	0.977242
6	109285189	rs2273669	6	109289881	rs6935782	0.984786
6	109285189	rs2273669	6	109290319	rs6568554	0.984786
6	109285189	rs2273669	6	109290357	rs6936606	0.120825
6	109285189	rs2273669	6	109290606	rs138986180	0.977242
6	109285189	rs2273669	6	109291701	rs12193948	0.85326
6	109285189	rs2273669	6	109291702	rs201039131	0.514052
6	109285189	rs2273669	6	109291782	rs12194006	0.984786
6	109285189	rs2273669	6	109291824	rs12213775	0.984786
6	109285189	rs2273669	6	109292058	rs67708237	0.984786
6	109285189	rs2273669	6	109292133	rs7753554	0.977378
6	109285189	rs2273669	6	109292736	rs1887414	0.984786
6	109285189	rs2273669	6	109292806	rs4992384	0.984786
6	109285189	rs2273669	6	109292816	rs4992383	0.984786
6	109285189	rs2273669	6	109292826	rs4992382	0.984786
6	109285189	rs2273669	6	109293898	rs6907937	0.984786
6	109285189	rs2273669	6	109293927	rs6927930	0.117236
6	109285189	rs2273669	6	109293973	rs6908104	0.984786
6	109285189	rs2273669	6	109294042	rs113667720	0.663773
6	109285189	rs2273669	6	109294164	rs6928200	0.984786
6	109285189	rs2273669	6	109294322	rs6929070	0.984786
6	109285189	rs2273669	6	109294336	rs6908714	0.984786
6	109285189	rs2273669	6	109294752	rs3734649	0.832454
6	109285189	rs2273669	6	109295017	rs3734650	0.984786
6	109285189	rs2273669	6	109295040	rs3734651	0.984786
6	109285189	rs2273669	6	109295120	rs41287542	0.254322
6	109285189	rs2273669	6	109295293	rs2038542	0.984786
6	109285189	rs2273669	6	109296185	rs2145767	0.832454
6	109285189	rs2273669	6	109296261	rs2145766	0.984786
6	109285189	rs2273669	6	109296362	rs2145765	0.832454
6	109285189	rs2273669	6	109296586	rs141683383	0.832454
6	109285189	rs2273669	6	109296736	rs10457184	0.832454
6	109285189	rs2273669	6	109297516	rs12196819	0.832454
6	109285189	rs2273669	6	109297568	rs113589654	0.128152
6	109285189	rs2273669	6	109297676	rs12198152	0.984786
6	109285189	rs2273669	6	109297857	rs11153140	0.984786
6	109285189	rs2273669	6	109298135	rs112483590	0.832454
6	109285189	rs2273669	6	109298413	rs140202025	0.984786
6	109285189	rs2273669	6	109298437	rs139306421	0.206459
6	109285189	rs2273669	6	109298654	rs113130272	0.992372
6	109285189	rs2273669	6	109299089	rs10456862	0.832454
6	109285189	rs2273669	6	109299092	rs10456863	0.832454
6	109285189	rs2273669	6	109299507	rs10456864	0.832454
6	109285189	rs2273669	6	109300025	rs375168964	0.770815
6	109285189	rs2273669	6	109300554	rs12202463	0.810693
6	109285189	rs2273669	6	109300564	rs11153142	0.810693
6	109285189	rs2273669	6	109300577	rs12207202	0.810693
6	109285189	rs2273669	6	109300607	rs12200902	0.810693
6	109285189	rs2273669	6	109300661	rs11153143	0.831295
6	109285189	rs2273669	6	109300709	rs11153144	0.832454
6	109285189	rs2273669	6	109300799	rs11153145	0.832454
6	109285189	rs2273669	6	109300826	rs11153146	0.832454
6	109285189	rs2273669	6	109301091	rs11757168	0.832454
6	109285189	rs2273669	6	109301664	rs111523655	0.832454
6	109285189	rs2273669	6	109301698	rs111978852	0.635474
6	109285189	rs2273669	6	109301700	rs560637013	0.635474
6	109285189	rs2273669	6	109301701	rs532343272	0.635474
6	109285189	rs2273669	6	109301705	rs545807432	0.635474
6	109285189	rs2273669	6	109301706	rs562826941	0.635474
6	109285189	rs2273669	6	109301721	rs556129069	0.765433
6	109285189	rs2273669	6	109302173	rs12196010	0.832454
6	109285189	rs2273669	6	109302258	rs12196024	0.832454
6	109285189	rs2273669	6	109302372	rs12196143	0.832454
6	109285189	rs2273669	6	109302649	rs6907147	0.124465
6	109285189	rs2273669	6	109302861	rs368740664	0.824391
6	109285189	rs2273669	6	109302894	rs116189763	0.832454
6	109285189	rs2273669	6	109303726	rs111303770	0.832454
6	109285189	rs2273669	6	109303967	rs12206834	0.832454
6	109285189	rs2273669	6	109304058	rs11153147	0.818766
6	109285189	rs2273669	6	109304084	rs11153148	0.818766
6	109285189	rs2273669	6	109304170	rs118126621	0.127918
6	109285189	rs2273669	6	109304272	rs11153149	0.832454
6	109285189	rs2273669	6	109304694	rs1080945	0.992372
6	109285189	rs2273669	6	109305285	rs150284264	0.0943896
6	109285189	rs2273669	6	109305299	rs78276890	0.832454
6	109285189	rs2273669	6	109305318	rs112319185	0.832454
6	109285189	rs2273669	6	109305456	rs76747161	0.832454
6	109285189	rs2273669	6	109305743	rs12210444	0.832454
6	109285189	rs2273669	6	109306480	rs111773102	0.816979
6	109285189	rs2273669	6	109306489	rs114414265	0.816979
6	109285189	rs2273669	6	109306493	rs111353760	0.816979
6	109285189	rs2273669	6	109306494	rs375937982	0.832454
6	109285189	rs2273669	6	109306681	rs12212402	0.832454
6	109285189	rs2273669	6	109306963	rs2145763	0.832454
6	109285189	rs2273669	6	109307281	rs5879006	0.832454
6	109285189	rs2273669	6	109307710	rs16822	0.832454
6	109285189	rs2273669	6	109308952	rs4509156	0.832454
6	109285189	rs2273669	6	109309150	rs4527738	0.832454
6	109285189	rs2273669	6	109309287	rs4470881	0.992372
6	109285189	rs2273669	6	109310268	rs113477421	0.832454
6	109285189	rs2273669	6	109310596	rs2798646	0.808582
6	109285189	rs2273669	6	109310627	rs113692625	0.832454
6	109285189	rs2273669	6	109310649	rs7759680	0.984786
6	109285189	rs2273669	6	109310719	rs2798647	0.883459
6	109285189	rs2273669	6	109310732	rs150469886	0.468048
6	109285189	rs2273669	6	109310762	rs563018202	0.984786
6	109285189	rs2273669	6	109311560	rs6904998	0.984786
6	109285189	rs2273669	6	109312239	rs78550764	0.832454
6	109285189	rs2273669	6	109312276	rs409261	0.276034
6	109285189	rs2273669	6	109312279	rs555995250	0.811976
6	109285189	rs2273669	6	109312282	rs112482131	0.811976
6	109285189	rs2273669	6	109312285	rs111779319	0.700036
6	109285189	rs2273669	6	109312498	rs78383792	0.832454
6	109285189	rs2273669	6	109312689	rs74582170	0.832454
6	109285189	rs2273669	6	109313303	rs12154092	0.832454
6	109285189	rs2273669	6	109313629	rs12215614	0.832454
6	109285189	rs2273669	6	109313728	rs10872028	0.984786
6	109285189	rs2273669	6	109314350	rs11970599	0.992372
6	109285189	rs2273669	6	109315115	rs12153822	0.832454
6	109285189	rs2273669	6	109315281	rs7764330	0.117236
6	109285189	rs2273669	6	109315956	rs113277194	0.120825
6	109285189	rs2273669	6	109315999	rs9486985	0.291302
6	109285189	rs2273669	6	109316652	rs11153150	0.832454
6	109285189	rs2273669	6	109316754	rs11153151	0.832454
6	109285189	rs2273669	6	109317041	rs111802830	0.832454
6	109285189	rs2273669	6	109317330	rs12214567	0.832454
6	109285189	rs2273669	6	109317388	rs12201102	0.832454
6	109285189	rs2273669	6	109317394	rs6918331	0.832454
6	109285189	rs2273669	6	109317635	rs12216104	0.832454
6	109285189	rs2273669	6	109318279	rs79285264	0.825592
6	109285189	rs2273669	6	109318280	rs76732622	0.825592
6	109285189	rs2273669	6	109318335	rs111413983	0.832454
6	109285189	rs2273669	6	109318516	rs6651002	0.984761
6	109285189	rs2273669	6	109318704	rs12198182	0.832454
6	109285189	rs2273669	6	109318843	rs12204576	0.832454
6	109285189	rs2273669	6	109320441	rs12200531	0.832454
6	109285189	rs2273669	6	109321058	rs68061618	0.124465
6	109285189	rs2273669	6	109321497	rs77002235	0.832454
6	109285189	rs2273669	6	109321581	rs60352905	0.117236
6	109285189	rs2273669	6	109321602	rs79335220	0.206459
6	109285189	rs2273669	6	109322366	rs55881406	0.128152
6	109285189	rs2273669	6	109322477	rs10457185	0.832454
6	109285189	rs2273669	6	109322554	rs12214121	0.832454
6	109285189	rs2273669	6	109322700	rs201531611	0.109426
6	109285189	rs2273669	6	109322701	rs200667909	0.109426
6	109285189	rs2273669	6	109323219	rs3839562	0.832454
6	109285189	rs2273669	6	109323519	rs2273668	0.832454
6	109285189	rs2273669	6	109324353	rs75675305	0.832454
6	109285189	rs2273669	6	109325217	rs146367219	0.0923922
6	109285189	rs2273669	6	109325624	rs75995854	0.832454
6	109285189	rs2273669	6	109325885	rs111345199	0.117236
6	109285189	rs2273669	6	109325962	rs113614274	0.846289
6	109285189	rs2273669	6	109326183	rs76267985	0.846289
6	109285189	rs2273669	6	109326621	rs7761290	0.832454
6	109285189	rs2273669	6	109328432	rs1407241	0.816434
6	109285189	rs2273669	6	109328988	rs573341295	0.87395
6	109285189	rs2273669	6	109329473	rs12200578	0.816434
6	109285189	rs2273669	6	109329641	rs12215344	0.816434
6	109285189	rs2273669	6	109329653	rs151285329	0.816434
6	109285189	rs2273669	6	109330367	rs12215736	0.816434
6	109285189	rs2273669	6	109330417	rs28504359	0.816434
6	109285189	rs2273669	6	109330859	rs6908184	0.969639
6	109285189	rs2273669	6	109331509	rs67804469	0.117236
6	109285189	rs2273669	6	109331777	rs6568555	0.816434
6	109285189	rs2273669	6	109333826	rs67869141	0.117236
6	109285189	rs2273669	6	109334162	rs113306703	0.816434
6	109285189	rs2273669	6	109334300	rs72131680	0.816434
6	109285189	rs2273669	6	109334458	rs11751295	0.816434
6	109285189	rs2273669	6	109334971	rs7767882	0.816434
6	109285189	rs2273669	6	109335360	rs138918444	0.0959807
6	109285189	rs2273669	6	109335969	rs11752532	0.816434
6	109285189	rs2273669	6	109336051	rs10457187	0.816434
6	109285189	rs2273669	6	109336617	rs117412830	0.816434
6	109285189	rs2273669	6	109338110	rs12205053	0.816434
6	109285189	rs2273669	6	109338147	rs12197912	0.816434
6	109285189	rs2273669	6	109338161	rs12205061	0.809218
6	109285189	rs2273669	6	109338433	rs12198088	0.816434
6	109285189	rs2273669	6	109339772	rs34135428	0.816434
6	109285189	rs2273669	6	109340291	rs12201821	0.816434
6	109285189	rs2273669	6	109340558	rs7757845	0.124465
6	109285189	rs2273669	6	109341298	rs75671532	0.816434
6	109285189	rs2273669	6	109341834	rs7738483	0.969639
6	109285189	rs2273669	6	109341841	rs141674146	0.816434
6	109285189	rs2273669	6	109342169	rs11755471	0.816434
6	109285189	rs2273669	6	109342693	rs80099385	0.808582
6	109285189	rs2273669	6	109343252	rs544552358	0.808582
6	109285189	rs2273669	6	109343340	rs11153152	0.962191
6	109285189	rs2273669	6	109343648	rs7769313	0.816434
6	109285189	rs2273669	6	109344975	rs76201299	0.816434
6	109285189	rs2273669	6	109345041	rs141852184	0.816434
6	109285189	rs2273669	6	109345930	rs12374658	0.816434
6	109285189	rs2273669	6	109346184	rs12374597	0.816434
6	109285189	rs2273669	6	109347057	rs7765732	0.816434
6	109285189	rs2273669	6	109347154	rs560992294	0.680599
6	109285189	rs2273669	6	109347262	rs7766248	0.816434
6	109285189	rs2273669	6	109347731	rs113393759	0.816434
6	109285189	rs2273669	6	109347980	rs113948720	0.816434
6	109285189	rs2273669	6	109349355	rs35853071	0.816434
6	109285189	rs2273669	6	109350128	rs76430494	0.816434
6	109285189	rs2273669	6	109350290	rs79465564	0.816434
6	109285189	rs2273669	6	109350351	rs78714994	0.816434
6	109285189	rs2273669	6	109350489	rs75263286	0.816434
6	109285189	rs2273669	6	109350550	rs17070136	0.816434
6	109285189	rs2273669	6	109350616	rs77936298	0.816434
6	109285189	rs2273669	6	109351125	rs7759014	0.816434
6	109285189	rs2273669	6	109352545	rs75942063	0.816434
6	109285189	rs2273669	6	109353216	rs12206423	0.816434
6	109285189	rs2273669	6	109353407	rs12206634	0.816434
6	109285189	rs2273669	6	109353413	rs12213664	0.816434
6	109285189	rs2273669	6	109353429	rs12193075	0.970113
6	109285189	rs2273669	6	109353519	rs12206606	0.816434
6	109285189	rs2273669	6	109353822	rs529065337	0.128152
6	109285189	rs2273669	6	109354860	rs67977976	0.131883
6	109285189	rs2273669	6	109355361	rs56315926	0.128152
6	109285189	rs2273669	6	109355790	rs1424479	0.816434
6	109285189	rs2273669	6	109355886	rs7747432	0.128152
6	109285189	rs2273669	6	109356011	rs7747756	0.131883
6	109285189	rs2273669	6	109356104	rs11153153	0.816434
6	109285189	rs2273669	6	109356589	rs76367548	0.816434
6	109285189	rs2273669	6	109356751	rs555690232	0.696923
6	109285189	rs2273669	6	109357324	rs11153154	0.816434
6	109285189	rs2273669	6	109357701	rs12195836	0.808582
6	109285189	rs2273669	6	109357829	rs12202145	0.816434
6	109285189	rs2273669	6	109358345	rs17070139	0.816434
6	109285189	rs2273669	6	109359117	rs112276698	0.816434
6	109285189	rs2273669	6	109359687	rs36076724	0.969639
6	109285189	rs2273669	6	109359963	rs11153155	0.809104
6	109285189	rs2273669	6	109361186	rs6908999	0.109426
6	109285189	rs2273669	6	109361532	rs34921936	0.816434
6	109285189	rs2273669	6	109362245	rs112871784	0.816434
6	109285189	rs2273669	6	109362749	rs6899723	0.816434
6	109285189	rs2273669	6	109363217	rs12215381	0.816434
6	109285189	rs2273669	6	109364698	rs9688896	0.816434
6	109285189	rs2273669	6	109364825	rs9688496	0.816434
6	109285189	rs2273669	6	109365911	rs11153156	0.816434
6	109285189	rs2273669	6	109366087	rs11752581	0.816434
6	109285189	rs2273669	6	109366494	rs112942730	0.816434
6	109285189	rs2273669	6	109366657	rs112292274	0.128152
6	109285189	rs2273669	6	109366740	rs76249006	0.816434
6	109285189	rs2273669	6	109366831	rs66502861	0.117236
6	109285189	rs2273669	6	109367169	rs2003315	0.816434
6	109285189	rs2273669	6	109367255	rs2356575	0.816434
6	109285189	rs2273669	6	109367360	rs111437091	0.124465
6	109285189	rs2273669	6	109367497	rs369030978	0.117236
6	109285189	rs2273669	6	109369059	rs12206881	0.729068
6	109285189	rs2273669	6	109369106	rs12199874	0.721079
6	109285189	rs2273669	6	109369124	rs181280275	0.721079
6	109285189	rs2273669	6	109369141	rs12199796	0.721079
6	109285189	rs2273669	6	109369142	rs12199797	0.721079
6	109285189	rs2273669	6	109369169	rs12213228	0.780657
6	109285189	rs2273669	6	109369246	rs12213274	0.809104
6	109285189	rs2273669	6	109369309	rs199662481	0.117236
6	109285189	rs2273669	6	109369745	rs12208578	0.816434
6	109285189	rs2273669	6	109370003	rs11757590	0.816434
6	109285189	rs2273669	6	109370006	rs11759732	0.962085
6	109285189	rs2273669	6	109370689	rs67960979	0.168699
6	109285189	rs2273669	6	109371129	rs6916819	0.816434
6	109285189	rs2273669	6	109372120	rs6900472	0.816434
6	109285189	rs2273669	6	109372366	rs199848413	0.752624
6	109285189	rs2273669	6	109372528	rs138225942	0.816434
6	109285189	rs2273669	6	109372760	rs118036692	0.187452
6	109285189	rs2273669	6	109374465	rs78596296	0.659959
6	109285189	rs2273669	6	109375287	rs67568078	0.117236
6	109285189	rs2273669	6	109375972	rs34504736	0.969639
6	109285189	rs2273669	6	109376118	rs11153158	0.761256
6	109285189	rs2273669	6	109376647	rs11153159	0.761256
6	109285189	rs2273669	6	109376722	rs6929798	0.182959
6	109285189	rs2273669	6	109377033	rs59883302	0.784841
6	109285189	rs2273669	6	109383400	rs66670343	0.124465
