CHR_A	BP_A	SNP_A	CHR_B	BP_B	SNP_B	R2
6	76495882	rs9443189	6	76397676	rs71544059	0.255625
6	76495882	rs9443189	6	76398143	rs7765254	0.588607
6	76495882	rs9443189	6	76399139	rs12175393	0.255625
6	76495882	rs9443189	6	76400445	rs561545554	0.127537
6	76495882	rs9443189	6	76401512	rs9360933	0.570419
6	76495882	rs9443189	6	76402183	rs574279764	0.258382
6	76495882	rs9443189	6	76403114	rs72888705	0.570419
6	76495882	rs9443189	6	76403674	rs9341532	0.570419
6	76495882	rs9443189	6	76403710	rs9352239	0.570419
6	76495882	rs9443189	6	76404030	rs3969287	0.255625
6	76495882	rs9443189	6	76404703	rs2173402	0.255625
6	76495882	rs9443189	6	76404811	rs9360934	0.255625
6	76495882	rs9443189	6	76405700	rs7755068	0.570419
6	76495882	rs9443189	6	76408189	rs7770824	0.570419
6	76495882	rs9443189	6	76408245	rs78738902	0.122862
6	76495882	rs9443189	6	76408297	rs9360935	0.23851
6	76495882	rs9443189	6	76408950	rs9343314	0.255625
6	76495882	rs9443189	6	76408985	rs16886827	0.122862
6	76495882	rs9443189	6	76409887	rs35075947	0.255625
6	76495882	rs9443189	6	76411481	rs34489326	0.255625
6	76495882	rs9443189	6	76411780	rs67313187	0.255625
6	76495882	rs9443189	6	76411800	rs9343316	0.570419
6	76495882	rs9443189	6	76411843	rs9343317	0.255625
6	76495882	rs9443189	6	76413078	rs11759335	0.253697
6	76495882	rs9443189	6	76414150	rs9343318	0.255625
6	76495882	rs9443189	6	76415274	rs2842570	0.724877
6	76495882	rs9443189	6	76415673	rs9343319	0.570419
6	76495882	rs9443189	6	76415677	rs2842568	0.127616
6	76495882	rs9443189	6	76416655	rs3798461	0.255625
6	76495882	rs9443189	6	76418049	rs2842567	0.127616
6	76495882	rs9443189	6	76418588	rs6921970	0.255625
6	76495882	rs9443189	6	76418777	rs2842566	0.127616
6	76495882	rs9443189	6	76418961	rs2842565	0.127616
6	76495882	rs9443189	6	76419912	rs11443413	0.127616
6	76495882	rs9443189	6	76424518	rs57018518	0.122862
6	76495882	rs9443189	6	76425594	rs7385	0.255625
6	76495882	rs9443189	6	76426402	rs276683	0.255625
6	76495882	rs9443189	6	76427065	rs276684	0.570419
6	76495882	rs9443189	6	76428667	rs66489152	0.341454
6	76495882	rs9443189	6	76429164	rs276685	0.570419
6	76495882	rs9443189	6	76429795	rs276686	0.570419
6	76495882	rs9443189	6	76429995	rs276687	0.570419
6	76495882	rs9443189	6	76431805	rs71002758	0.430462
6	76495882	rs9443189	6	76432957	rs276689	0.127616
6	76495882	rs9443189	6	76433692	rs2647411	0.745583
6	76495882	rs9443189	6	76433825	rs2647410	0.745583
6	76495882	rs9443189	6	76434027	rs2748940	0.753523
6	76495882	rs9443189	6	76434273	rs2842561	0.753523
6	76495882	rs9443189	6	76434358	rs2748941	0.235727
6	76495882	rs9443189	6	76434799	rs2842560	0.753523
6	76495882	rs9443189	6	76434879	rs2748942	0.279641
6	76495882	rs9443189	6	76435543	rs2748943	0.808499
6	76495882	rs9443189	6	76435943	rs2647417	0.79813
6	76495882	rs9443189	6	76436106	rs2748944	0.808499
6	76495882	rs9443189	6	76436754	rs200421963	0.1975
6	76495882	rs9443189	6	76437598	rs28619506	0.143597
6	76495882	rs9443189	6	76437701	rs276691	0.427393
6	76495882	rs9443189	6	76437894	rs2748946	0.808499
6	76495882	rs9443189	6	76437921	rs2748947	0.802218
6	76495882	rs9443189	6	76437994	rs2748948	0.753523
6	76495882	rs9443189	6	76438254	rs2647408	0.753523
6	76495882	rs9443189	6	76438677	rs548394156;rs11345480	0.742745
6	76495882	rs9443189	6	76440662	rs368848260	0.52268
6	76495882	rs9443189	6	76440761	rs2133191	0.753523
6	76495882	rs9443189	6	76442262	rs2748949	0.319547
6	76495882	rs9443189	6	76442591	rs2842559	0.808499
6	76495882	rs9443189	6	76442739	rs185524922	0.090422
6	76495882	rs9443189	6	76442985	rs2748950	0.753523
6	76495882	rs9443189	6	76443493	rs2133190	0.753523
6	76495882	rs9443189	6	76444360	rs2748952	0.753523
6	76495882	rs9443189	6	76444853	rs2842558	0.808499
6	76495882	rs9443189	6	76446416	rs55931849	0.72141
6	76495882	rs9443189	6	76446509	rs151126715	0.122862
6	76495882	rs9443189	6	76447204	rs2842556	0.753523
6	76495882	rs9443189	6	76447882	rs9447538	0.808499
6	76495882	rs9443189	6	76448731	rs2647406	0.802218
6	76495882	rs9443189	6	76448836	rs36099619	0.695686
6	76495882	rs9443189	6	76450023	rs2647405	0.758995
6	76495882	rs9443189	6	76450284	rs138967575	0.802218
6	76495882	rs9443189	6	76451290	rs2748954	0.802218
6	76495882	rs9443189	6	76451377	rs2842555	0.808499
6	76495882	rs9443189	6	76452837	rs9447539	0.81868
6	76495882	rs9443189	6	76454182	rs1321161	0.824974
6	76495882	rs9443189	6	76455557	rs2842554	0.769545
6	76495882	rs9443189	6	76456048	rs276699	0.445416
6	76495882	rs9443189	6	76456347	rs1321162	0.824974
6	76495882	rs9443189	6	76456632	rs2842553	0.810426
6	76495882	rs9443189	6	76456658	rs118042370	0.202452
6	76495882	rs9443189	6	76456717	rs2842551	0.769545
6	76495882	rs9443189	6	76456978	rs2842550	0.330674
6	76495882	rs9443189	6	76459506	rs2647404	0.32496
6	76495882	rs9443189	6	76459814	rs377677633	0.190414
6	76495882	rs9443189	6	76461184	rs276693	0.307935
6	76495882	rs9443189	6	76464302	rs2748955	0.824974
6	76495882	rs9443189	6	76465003	rs2748956	0.769545
6	76495882	rs9443189	6	76466627	rs149207010	0.30758
6	76495882	rs9443189	6	76470448	rs276696	0.370534
6	76495882	rs9443189	6	76471309	rs3057486	0.220339
6	76495882	rs9443189	6	76471709	rs276697	0.975022
6	76495882	rs9443189	6	76473071	rs276698	0.983409
6	76495882	rs9443189	6	76479489	rs6907476	0.860115
6	76495882	rs9443189	6	76483958	rs72888782	0.408913
6	76495882	rs9443189	6	76484280	rs6938349	0.983409
6	76495882	rs9443189	6	76484839	rs72888788	0.408913
6	76495882	rs9443189	6	76486370	rs35830759	0.326959
6	76495882	rs9443189	6	76486383	rs141501534	0.0995215
6	76495882	rs9443189	6	76486584	rs2748959	0.108913
6	76495882	rs9443189	6	76486585	rs6453838	0.408913
6	76495882	rs9443189	6	76487269	rs9359139	0.983409
6	76495882	rs9443189	6	76488525	rs117039231	0.127616
6	76495882	rs9443189	6	76488527	rs117385351	0.127616
6	76495882	rs9443189	6	76488697	rs9447550	0.329166
6	76495882	rs9443189	6	76489080	rs2842546	0.104611
6	76495882	rs9443189	6	76489774	rs6906615	0.983409
6	76495882	rs9443189	6	76491613	rs2842544	0.104611
6	76495882	rs9443189	6	76495190	rs11325534	0.606177
6	76495882	rs9443189	6	76495399	rs9447554	0.334612
6	76495882	rs9443189	6	76495807	rs2842538	0.108438
6	76495882	rs9443189	6	76495882	rs9443189	1
6	76495882	rs9443189	6	76496603	rs59340910	0.127616
6	76495882	rs9443189	6	76498109	rs6905047	0.974929
6	76495882	rs9443189	6	76498930	rs2842540	0.10382
6	76495882	rs9443189	6	76502328	rs6920348	0.843965
6	76495882	rs9443189	6	76503045	rs6903077	0.843965
6	76495882	rs9443189	6	76503131	rs146569033	0.362544
6	76495882	rs9443189	6	76504466	rs11295457	0.914909
6	76495882	rs9443189	6	76507102	rs2748964	0.101684
6	76495882	rs9443189	6	76509106	rs11358717	0.326473
6	76495882	rs9443189	6	76510018	rs78837814	0.417596
6	76495882	rs9443189	6	76512089	rs9360940	0.843965
6	76495882	rs9443189	6	76512262	rs9360941	0.363479
6	76495882	rs9443189	6	76514596	rs75568873;rs150338576	0.925164
6	76495882	rs9443189	6	76514940	rs1280039	0.966678
6	76495882	rs9443189	6	76517349	rs11757208	0.362544
6	76495882	rs9443189	6	76517896	rs721264	0.843965
6	76495882	rs9443189	6	76517918	rs1280042	0.417596
6	76495882	rs9443189	6	76518439	rs1280043	0.417596
6	76495882	rs9443189	6	76519202	rs2842542	0.101684
6	76495882	rs9443189	6	76521719	rs72403837;rs544274154	0.372159
6	76495882	rs9443189	6	76522602	rs1280044	0.966678
6	76495882	rs9443189	6	76524318	rs74740066	0.104127
6	76495882	rs9443189	6	76527036	rs6941627	0.336401
6	76495882	rs9443189	6	76527052	rs56338010	0.340084
6	76495882	rs9443189	6	76527791	rs1280047	0.966678
6	76495882	rs9443189	6	76529583	rs1280048	0.966678
6	76495882	rs9443189	6	76530416	rs1322550	0.405702
6	76495882	rs9443189	6	76531266	rs6934542	0.100055
6	76495882	rs9443189	6	76531312	rs3798448	0.100055
6	76495882	rs9443189	6	76531341	rs3839376	0.101361
6	76495882	rs9443189	6	76532049	rs11970551	0.100055
6	76495882	rs9443189	6	76532234	rs144524315	0.100055
6	76495882	rs9443189	6	76532719	rs2273859	0.100055
6	76495882	rs9443189	6	76533410	rs10806048	0.100055
6	76495882	rs9443189	6	76533481	rs10943292	0.100055
6	76495882	rs9443189	6	76534676	rs72890648	0.101684
6	76495882	rs9443189	6	76535202	rs12662659	0.100055
6	76495882	rs9443189	6	76536080	rs3798447	0.101684
6	76495882	rs9443189	6	76536333	rs1280049	0.132303
6	76495882	rs9443189	6	76536805	rs1280050	0.134565
6	76495882	rs9443189	6	76537322	rs1280051	0.132303
6	76495882	rs9443189	6	76538403	rs1280052	0.132303
6	76495882	rs9443189	6	76538768	rs138513623	0.108955
6	76495882	rs9443189	6	76539195	rs1280053	0.134565
6	76495882	rs9443189	6	76539354	rs3839375	0.134565
6	76495882	rs9443189	6	76539588	rs910678	0.104127
6	76495882	rs9443189	6	76539593	rs910679	0.134565
6	76495882	rs9443189	6	76540988	rs1280054	0.134565
6	76495882	rs9443189	6	76541357	rs1280055	0.132303
6	76495882	rs9443189	6	76541562	rs1280056	0.132303
6	76495882	rs9443189	6	76541987	rs1280057	0.134565
6	76495882	rs9443189	6	76542164	rs1280058	0.134565
6	76495882	rs9443189	6	76543378	rs2181245	0.10047
6	76495882	rs9443189	6	76547771	rs35550064	0.123659
6	76495882	rs9443189	6	76548895	rs6924528	0.129157
6	76495882	rs9443189	6	76549838	rs12209903	0.102959
6	76495882	rs9443189	6	76550839	rs370811316	0.132303
6	76495882	rs9443189	6	76557221	rs34090650	0.132303
6	76495882	rs9443189	6	76558260	rs144408691	0.459771
6	76495882	rs9443189	6	76558380	rs9359141	0.132303
6	76495882	rs9443189	6	76558485	rs6453843	0.417596
6	76495882	rs9443189	6	76560707	rs2038624	0.974929
6	76495882	rs9443189	6	76560968	rs2038625	0.974929
6	76495882	rs9443189	6	76563631	rs7742567	0.131706
6	76495882	rs9443189	6	76564953	rs2273857	0.104127
6	76495882	rs9443189	6	76566734	rs3798439	0.974929
6	76495882	rs9443189	6	76567044	rs41269321	0.104127
6	76495882	rs9443189	6	76567168	rs3798438	0.104127
6	76495882	rs9443189	6	76568860	rs3818309	0.459771
6	76495882	rs9443189	6	76569564	rs2004170	0.102959
6	76495882	rs9443189	6	76572739	rs1322551	0.102959
6	76495882	rs9443189	6	76573743	rs6932992	0.132903
6	76495882	rs9443189	6	76574145	rs3778007	0.133504
6	76495882	rs9443189	6	76574231	rs3778006	0.459771
6	76495882	rs9443189	6	76575992	rs554004002	0.406535
6	76495882	rs9443189	6	76576290	rs11756446	0.362544
6	76495882	rs9443189	6	76576527	rs6453845	0.974929
6	76495882	rs9443189	6	76577017	rs9343325	0.133504
6	76495882	rs9443189	6	76577665	rs2312933	0.417596
6	76495882	rs9443189	6	76583113	rs9443195	0.100423
6	76495882	rs9443189	6	76583304	rs1407510	0.100423
6	76495882	rs9443189	6	76584271	rs13202519	0.133504
6	76495882	rs9443189	6	76584792	rs4476795	0.133504
6	76495882	rs9443189	6	76585168	rs1358954	0.100423
6	76495882	rs9443189	6	76587925	rs1335043	0.133504
6	76495882	rs9443189	6	76588190	rs9359145	0.405702
6	76495882	rs9443189	6	76589136	rs34598660	0.164154
6	76495882	rs9443189	6	76591114	rs2295935	0.336401
6	76495882	rs9443189	6	76592432	rs144043630	0.133504
6	76495882	rs9443189	6	76592530	rs9341539	0.132903
6	76495882	rs9443189	6	76593050	rs34301292	0.133504
6	76495882	rs9443189	6	76593371	rs3842095	0.340084
