CHR_A	BP_A	SNP_A	CHR_B	BP_B	SNP_B	R2
7	97807882	rs6965016	7	97708363	rs62479765	0.133111
7	97807882	rs6965016	7	97708397	rs12670686	0.908342
7	97807882	rs6965016	7	97708990	rs10230795	0.177704
7	97807882	rs6965016	7	97709256	rs61369258	0.177704
7	97807882	rs6965016	7	97709345	rs1013887	0.825748
7	97807882	rs6965016	7	97709861	rs1013886	0.825748
7	97807882	rs6965016	7	97710147	rs11762810	0.268481
7	97807882	rs6965016	7	97711340	rs6946915	0.943187
7	97807882	rs6965016	7	97711386	rs60687247	0.181491
7	97807882	rs6965016	7	97711783	rs6951277	0.825748
7	97807882	rs6965016	7	97712529	rs146308151	0.164098
7	97807882	rs6965016	7	97712537	rs75621600	0.827747
7	97807882	rs6965016	7	97712664	rs76802117	0.825748
7	97807882	rs6965016	7	97712831	rs7790120	0.829301
7	97807882	rs6965016	7	97713039	rs7790736	0.825748
7	97807882	rs6965016	7	97713101	rs7790479	0.825748
7	97807882	rs6965016	7	97713514	rs12704963	0.825748
7	97807882	rs6965016	7	97713843	rs78898349	0.182052
7	97807882	rs6965016	7	97714326	rs575612734	0.199362
7	97807882	rs6965016	7	97714458	rs6465648	0.825748
7	97807882	rs6965016	7	97714474	rs6465649	0.825748
7	97807882	rs6965016	7	97714506	rs10953239	0.592522
7	97807882	rs6965016	7	97715088	rs6967926	0.947108
7	97807882	rs6965016	7	97715215	rs6968345	0.12344
7	97807882	rs6965016	7	97715319	rs10464490	0.827931
7	97807882	rs6965016	7	97715892	rs62479768	0.266641
7	97807882	rs6965016	7	97716483	rs940432	0.827931
7	97807882	rs6965016	7	97716495	rs940431	0.827931
7	97807882	rs6965016	7	97716540	rs940430	0.827931
7	97807882	rs6965016	7	97716656	rs111719847	0.183705
7	97807882	rs6965016	7	97718201	rs55784506	0.830736
7	97807882	rs6965016	7	97718378	rs35641135	0.830736
7	97807882	rs6965016	7	97718650	rs35763039	0.426995
7	97807882	rs6965016	7	97719096	rs12704965	0.39084
7	97807882	rs6965016	7	97719119	rs28382312	0.333697
7	97807882	rs6965016	7	97719676	rs12665986	0.600222
7	97807882	rs6965016	7	97719699	rs13221897	0.830736
7	97807882	rs6965016	7	97719806	rs13221758	0.963366
7	97807882	rs6965016	7	97721425	rs7808528	0.967492
7	97807882	rs6965016	7	97724363	rs72615156	0.183186
7	97807882	rs6965016	7	97724503	rs6465650	0.955708
7	97807882	rs6965016	7	97725197	rs56174823	0.266764
7	97807882	rs6965016	7	97725713	rs12540334	0.187069
7	97807882	rs6965016	7	97726723	rs62479773	0.266764
7	97807882	rs6965016	7	97728449	rs34307903	0.967492
7	97807882	rs6965016	7	97728917	rs201515619	0.930785
7	97807882	rs6965016	7	97730220	rs6974059	0.183186
7	97807882	rs6965016	7	97730557	rs62479774	0.166432
7	97807882	rs6965016	7	97731500	rs10238491	0.183186
7	97807882	rs6965016	7	97732653	rs6465651	0.187069
7	97807882	rs6965016	7	97732842	rs6969384	0.967492
7	97807882	rs6965016	7	97733207	rs56006208	0.266764
7	97807882	rs6965016	7	97734424	rs73149199	0.266764
7	97807882	rs6965016	7	97734732	rs11366171	0.599248
7	97807882	rs6965016	7	97735124	rs55765204	0.266764
7	97807882	rs6965016	7	97739317	rs2394824	0.266764
7	97807882	rs6965016	7	97739918	rs10499940	0.187792
7	97807882	rs6965016	7	97740412	rs10235547	0.185319
7	97807882	rs6965016	7	97740991	rs10254594	0.183919
7	97807882	rs6965016	7	97741043	rs10254691	0.183919
7	97807882	rs6965016	7	97741795	rs10242903	0.585843
7	97807882	rs6965016	7	97741945	rs55761857	0.266764
7	97807882	rs6965016	7	97743359	rs73404144	0.183919
7	97807882	rs6965016	7	97746387	rs11768678	0.266764
7	97807882	rs6965016	7	97747557	rs4729404	0.266764
7	97807882	rs6965016	7	97751315	rs10258913	0.183919
7	97807882	rs6965016	7	97753036	rs138334076;rs4729405	0.200243
7	97807882	rs6965016	7	97753594	rs56389625	0.266764
7	97807882	rs6965016	7	97754074	rs73404162	0.186687
7	97807882	rs6965016	7	97754097	rs141020575	0.96316
7	97807882	rs6965016	7	97755098	rs17169325	0.266764
7	97807882	rs6965016	7	97757283	rs62479795	0.266764
7	97807882	rs6965016	7	97762474	rs951988	0.593544
7	97807882	rs6965016	7	97763497	rs11761896	0.266764
7	97807882	rs6965016	7	97767083	rs7341519	0.186687
7	97807882	rs6965016	7	97769434	rs199859431	0.158363
7	97807882	rs6965016	7	97769695	rs62479797	0.266764
7	97807882	rs6965016	7	97770196	rs35204584	0.174302
7	97807882	rs6965016	7	97770381	rs112518899	0.17014
7	97807882	rs6965016	7	97771608	rs56088922	0.266764
7	97807882	rs6965016	7	97772658	rs4729408	0.271535
7	97807882	rs6965016	7	97773812	rs11768309	0.995922
7	97807882	rs6965016	7	97774300	rs10275267	0.183919
7	97807882	rs6965016	7	97774378	rs62479798	0.174934
7	97807882	rs6965016	7	97774859	rs6977321	0.98783
7	97807882	rs6965016	7	97775922	rs11980911	0.1258
7	97807882	rs6965016	7	97777817	rs10224176	0.207987
7	97807882	rs6965016	7	97778576	rs11767962	0.995922
7	97807882	rs6965016	7	97780558	rs2272184	0.186687
7	97807882	rs6965016	7	97781243	rs67300176	0.223711
7	97807882	rs6965016	7	97781799	rs10270222	0.593831
7	97807882	rs6965016	7	97781944	rs62479799	0.13158
7	97807882	rs6965016	7	97782821	rs11772060	0.266764
7	97807882	rs6965016	7	97784061	rs17435590	0.995922
7	97807882	rs6965016	7	97784367	rs11773169	0.266764
7	97807882	rs6965016	7	97785500	rs34320230	0.995922
7	97807882	rs6965016	7	97785669	rs10243469	0.295092
7	97807882	rs6965016	7	97786282	rs6465654	0.91945
7	97807882	rs6965016	7	97786952	rs34715220	0.246296
7	97807882	rs6965016	7	97788216	rs9656054	0.186687
7	97807882	rs6965016	7	97788764	rs10499944	0.183186
7	97807882	rs6965016	7	97788809	rs17169406	0.186687
7	97807882	rs6965016	7	97789351	rs6958572	0.911139
7	97807882	rs6965016	7	97790991	rs12666406	0.995922
7	97807882	rs6965016	7	97792014	rs10215815	0.183919
7	97807882	rs6965016	7	97792576	rs11762771	0.266834
7	97807882	rs6965016	7	97792603	rs149910891	0.187234
7	97807882	rs6965016	7	97792820	rs17435847	0.98783
7	97807882	rs6965016	7	97793209	rs1039057	0.266764
7	97807882	rs6965016	7	97794422	rs72494441	0.183919
7	97807882	rs6965016	7	97794801	rs58911561	0.271535
7	97807882	rs6965016	7	97795173	rs10259449	0.186687
7	97807882	rs6965016	7	97795912	rs34961918	0.183919
7	97807882	rs6965016	7	97796093	rs10248229	0.186687
7	97807882	rs6965016	7	97796635	rs7804318	0.971767
7	97807882	rs6965016	7	97797778	rs11762534	0.743295
7	97807882	rs6965016	7	97798117	rs884897	0.226094
7	97807882	rs6965016	7	97800003	rs62479802	0.132243
7	97807882	rs6965016	7	97803416	rs11351887	0.622164
7	97807882	rs6965016	7	97805409	rs12532406	0.189188
7	97807882	rs6965016	7	97806434	rs79795720	0.183919
7	97807882	rs6965016	7	97807882	rs6965016	1
7	97807882	rs6965016	7	97809258	rs73151153	0.126642
7	97807882	rs6965016	7	97811109	rs72578568	0.183919
7	97807882	rs6965016	7	97813089	rs12539490	0.185319
7	97807882	rs6965016	7	97815044	rs200304210	0.100574
7	97807882	rs6965016	7	97815999	rs41278842	0.597547
7	97807882	rs6965016	7	97816327	rs6465657	1
7	97807882	rs6965016	7	97816638	rs6465658	1
7	97807882	rs6965016	7	97817321	rs11763970	0.991844
7	97807882	rs6965016	7	97818246	rs62479818	0.132243
7	97807882	rs6965016	7	97819047	rs7791463	1
7	97807882	rs6965016	7	97822115	rs11765552	0.991844
7	97807882	rs6965016	7	97822210	rs3801294	0.991844
7	97807882	rs6965016	7	97825134	rs73406026	0.183919
7	97807882	rs6965016	7	97825188	rs11764933	0.991844
7	97807882	rs6965016	7	97826232	rs1495525	0.593544
7	97807882	rs6965016	7	97826331	rs79055671	0.183919
7	97807882	rs6965016	7	97826340	rs2132276	0.991844
7	97807882	rs6965016	7	97832154	rs73406034	0.183919
7	97807882	rs6965016	7	97835640	rs2291748	0.182266
7	97807882	rs6965016	7	97835885	rs1532380	0.268568
7	97807882	rs6965016	7	97838200	rs3735253	0.180301
7	97807882	rs6965016	7	97838313	rs3735256	0.18254
7	97807882	rs6965016	7	97839140	rs17169462	0.165272
7	97807882	rs6965016	7	97840144	rs34616135	0.983779
7	97807882	rs6965016	7	97840315	rs117643288	0.261696
7	97807882	rs6965016	7	97841051	rs74427781	0.180846
7	97807882	rs6965016	7	97841318	rs56034325	0.276535
7	97807882	rs6965016	7	97842668	rs754464	0.209146
7	97807882	rs6965016	7	97843877	rs73151166	0.172017
7	97807882	rs6965016	7	97845713	rs11551890	0.535496
7	97807882	rs6965016	7	97846435	rs74672857	0.184989
7	97807882	rs6965016	7	97847040	rs2279676	0.161162
7	97807882	rs6965016	7	97847459	rs56009323	0.161326
7	97807882	rs6965016	7	97847522	rs6951913	0.173843
7	97807882	rs6965016	7	97847619	rs56153131	0.161002
7	97807882	rs6965016	7	97847738	rs73151174	0.173825
7	97807882	rs6965016	7	97848681	rs59932969	0.161326
7	97807882	rs6965016	7	97849359	rs34649939	0.466816
7	97807882	rs6965016	7	97849451	rs145452014	0.161002
7	97807882	rs6965016	7	97849461	rs12540613	0.161002
7	97807882	rs6965016	7	97849464	rs35527492	0.466816
7	97807882	rs6965016	7	97849648	rs12533016	0.468621
7	97807882	rs6965016	7	97849652	rs112086726	0.173825
7	97807882	rs6965016	7	97849876	rs200018648	0.1585
7	97807882	rs6965016	7	97850340	rs73151177	0.466816
7	97807882	rs6965016	7	97850383	rs62479822	0.4587
7	97807882	rs6965016	7	97850406	rs62479823	0.466816
7	97807882	rs6965016	7	97850599	rs67420939	0.433829
7	97807882	rs6965016	7	97850794	rs71532099	0.401735
7	97807882	rs6965016	7	97850822	rs28566958	0.460184
7	97807882	rs6965016	7	97852399	rs11762014	0.161002
7	97807882	rs6965016	7	97852586	rs11762703	0.161002
7	97807882	rs6965016	7	97852698	rs55738918	0.173825
7	97807882	rs6965016	7	97852895	rs2270596	0.161002
7	97807882	rs6965016	7	97853184	rs3816943	0.161002
7	97807882	rs6965016	7	97853489	rs60997612	0.173825
7	97807882	rs6965016	7	97853795	rs2291747	0.464675
7	97807882	rs6965016	7	97853845	rs2291746	0.173825
7	97807882	rs6965016	7	97854393	rs2291745	0.173825
7	97807882	rs6965016	7	97855462	rs10953245	0.464675
7	97807882	rs6965016	7	97856703	rs559038816	0.11724
7	97807882	rs6965016	7	97857675	rs2270604	0.457137
7	97807882	rs6965016	7	97858647	rs2270603	0.161002
7	97807882	rs6965016	7	97858973	rs142786157	0.173825
7	97807882	rs6965016	7	97859060	rs747632	0.457754
7	97807882	rs6965016	7	97859182	rs747631	0.460184
7	97807882	rs6965016	7	97859277	rs60327699	0.161326
7	97807882	rs6965016	7	97859287	rs747630	0.173825
7	97807882	rs6965016	7	97859387	rs747633	0.468563
7	97807882	rs6965016	7	97860182	rs2270601	0.173825
7	97807882	rs6965016	7	97860939	rs2270600	0.467204
7	97807882	rs6965016	7	97861407	rs34304553	0.464675
7	97807882	rs6965016	7	97863145	rs2291750	0.173825
7	97807882	rs6965016	7	97864269	rs11761574	0.460184
7	97807882	rs6965016	7	97864398	rs11768456	0.161002
7	97807882	rs6965016	7	97864666	rs10953247	0.467204
7	97807882	rs6965016	7	97864792	rs76754817	0.108499
7	97807882	rs6965016	7	97864868	rs80292432	0.117358
7	97807882	rs6965016	7	97865153	rs78761769	0.413124
7	97807882	rs6965016	7	97865458	rs4727388	0.460184
7	97807882	rs6965016	7	97865757	rs7777991	0.117358
7	97807882	rs6965016	7	97865936	rs56229643	0.465705
7	97807882	rs6965016	7	97866291	rs3735258	0.225698
7	97807882	rs6965016	7	97866480	rs77968419	0.117668
7	97807882	rs6965016	7	97866884	rs12531433	0.225698
7	97807882	rs6965016	7	97868033	rs17169479	0.117668
7	97807882	rs6965016	7	97868727	rs6963518	0.202216
7	97807882	rs6965016	7	97869192	rs10953248	0.461668
7	97807882	rs6965016	7	97871985	rs75070716	0.12137
7	97807882	rs6965016	7	97873467	rs35603430	0.469693
7	97807882	rs6965016	7	97873994	rs1874344	0.243128
7	97807882	rs6965016	7	97874094	rs903592	0.240688
7	97807882	rs6965016	7	97874143	rs3816944	0.469693
7	97807882	rs6965016	7	97874625	rs34789614	0.469693
7	97807882	rs6965016	7	97874656	rs2270597	0.243128
7	97807882	rs6965016	7	97874693	rs35272066	0.198328
7	97807882	rs6965016	7	97874849	rs12539998	0.240889
7	97807882	rs6965016	7	97875582	rs370587880	0.215554
7	97807882	rs6965016	7	97875775	rs4729419	0.243555
7	97807882	rs6965016	7	97876593	rs4727390	0.50302
7	97807882	rs6965016	7	97876704	rs58699591	0.125122
7	97807882	rs6965016	7	97876742	rs62479835	0.107528
7	97807882	rs6965016	7	97876980	rs4729421	0.50302
7	97807882	rs6965016	7	97877968	rs62479836	0.50302
7	97807882	rs6965016	7	97877992	rs72145133	0.125122
7	97807882	rs6965016	7	97878153	rs80195155	0.12137
7	97807882	rs6965016	7	97878157	rs144253259	0.462906
7	97807882	rs6965016	7	97878195	rs7796762	0.469693
7	97807882	rs6965016	7	97878504	rs13237878	0.469693
7	97807882	rs6965016	7	97878671	rs12704977	0.465705
7	97807882	rs6965016	7	97878710	rs11771397	0.499426
7	97807882	rs6965016	7	97879698	rs56098787	0.495491
7	97807882	rs6965016	7	97880226	rs954050	0.495491
7	97807882	rs6965016	7	97880623	rs139651945	0.243128
7	97807882	rs6965016	7	97881868	rs1874343	0.492318
7	97807882	rs6965016	7	97882336	rs17169486	0.245372
7	97807882	rs6965016	7	97882561	rs11982193	0.117668
7	97807882	rs6965016	7	97883146	rs62479838	0.481717
7	97807882	rs6965016	7	97883459	rs17436977	0.451994
7	97807882	rs6965016	7	97883912	rs2394827	0.481717
7	97807882	rs6965016	7	97884915	rs11984183	0.481717
7	97807882	rs6965016	7	97885213	rs6465661	0.44977
7	97807882	rs6965016	7	97885253	rs11773779	0.481717
7	97807882	rs6965016	7	97885725	rs12536125	0.245372
7	97807882	rs6965016	7	97887051	rs34817002	0.44977
7	97807882	rs6965016	7	97887872	rs6950994	0.436769
7	97807882	rs6965016	7	97888121	rs6951479	0.484799
7	97807882	rs6965016	7	97888478	rs12539676	0.481717
7	97807882	rs6965016	7	97888798	rs7789440	0.44977
7	97807882	rs6965016	7	97888924	rs570084467;rs548570803	0.353719
7	97807882	rs6965016	7	97889050	rs11772438	0.492318
7	97807882	rs6965016	7	97889758	rs7794187	0.448775
7	97807882	rs6965016	7	97891512	rs11768214	0.245372
7	97807882	rs6965016	7	97892356	rs6955259	0.44977
7	97807882	rs6965016	7	97894087	rs74890108	0.110412
7	97807882	rs6965016	7	97894157	rs61575270	0.481717
7	97807882	rs6965016	7	97894172	rs76976120	0.110412
7	97807882	rs6965016	7	97894195	rs542138904	0.21891
7	97807882	rs6965016	7	97895254	rs73709460	0.110412
7	97807882	rs6965016	7	97895938	rs200729270	0.410232
7	97807882	rs6965016	7	97896175	rs35216698	0.44977
7	97807882	rs6965016	7	97897120	rs56694862	0.110412
7	97807882	rs6965016	7	97897760	rs59597713	0.110412
7	97807882	rs6965016	7	97897827	rs528254176	0.228246
7	97807882	rs6965016	7	97898356	rs4364578	0.240889
7	97807882	rs6965016	7	97898810	rs34838763	0.432267
7	97807882	rs6965016	7	97899086	rs550894598	0.226546
7	97807882	rs6965016	7	97899535	rs34830366	0.44977
7	97807882	rs6965016	7	97899777	rs12704981	0.484799
7	97807882	rs6965016	7	97899873	rs34776142	0.447575
7	97807882	rs6965016	7	97900698	rs11771953	0.481717
7	97807882	rs6965016	7	97900826	rs7787309	0.484799
7	97807882	rs6965016	7	97901565	rs12669622	0.484799
7	97807882	rs6965016	7	97901622	rs58477839	0.110412
7	97807882	rs6965016	7	97901860	rs10249366	0.484799
7	97807882	rs6965016	7	97901962	rs138136617	0.481717
7	97807882	rs6965016	7	97902142	rs150063393	0.110412
7	97807882	rs6965016	7	97903074	rs61446268	0.478493
7	97807882	rs6965016	7	97903642	rs7802382	0.44977
7	97807882	rs6965016	7	97903788	rs62479844	0.245372
7	97807882	rs6965016	7	97903806	rs7802560	0.446379
7	97807882	rs6965016	7	97904505	rs28662014	0.481717
7	97807882	rs6965016	7	97905782	rs56168872	0.244234
7	97807882	rs6965016	7	97907468	rs7795432	0.1952
7	97807882	rs6965016	7	97907610	rs572863806;rs557553710	0.190129
7	97807882	rs6965016	7	97908223	rs7796611	0.433134
7	97807882	rs6965016	7	97909277	rs13238610	0.433134
7	97807882	rs6965016	7	97909739	rs144345781	0.433134
7	97807882	rs6965016	7	97910637	rs12113294	0.193714
7	97807882	rs6965016	7	97910800	rs557689930	0.132318
7	97807882	rs6965016	7	97911618	rs111849767	0.348534
7	97807882	rs6965016	7	97912204	rs6947208	0.42387
7	97807882	rs6965016	7	97912221	rs6967457	0.42387
7	97807882	rs6965016	7	97912241	rs6947340	0.42387
7	97807882	rs6965016	7	97912364	rs67667885	0.42387
7	97807882	rs6965016	7	97913196	rs4506131	0.113033
7	97807882	rs6965016	7	97914305	rs10953254	0.145701
7	97807882	rs6965016	7	97914898	rs13246725	0.413992
7	97807882	rs6965016	7	97915021	rs13246942	0.413992
7	97807882	rs6965016	7	97915376	rs11766808	0.413992
7	97807882	rs6965016	7	97915635	rs6950023	0.148909
7	97807882	rs6965016	7	97915637	rs6967728	0.148909
7	97807882	rs6965016	7	97915697	rs6968144	0.413992
7	97807882	rs6965016	7	97915789	rs11760930	0.403944
7	97807882	rs6965016	7	97915902	rs6968193	0.422329
7	97816327	rs6465657	7	97708363	rs62479765	0.133111
7	97816327	rs6465657	7	97708397	rs12670686	0.908342
7	97816327	rs6465657	7	97708990	rs10230795	0.177704
7	97816327	rs6465657	7	97709256	rs61369258	0.177704
7	97816327	rs6465657	7	97709345	rs1013887	0.825748
7	97816327	rs6465657	7	97709861	rs1013886	0.825748
7	97816327	rs6465657	7	97710147	rs11762810	0.268481
7	97816327	rs6465657	7	97711340	rs6946915	0.943187
7	97816327	rs6465657	7	97711386	rs60687247	0.181491
7	97816327	rs6465657	7	97711783	rs6951277	0.825748
7	97816327	rs6465657	7	97712529	rs146308151	0.164098
7	97816327	rs6465657	7	97712537	rs75621600	0.827747
7	97816327	rs6465657	7	97712664	rs76802117	0.825748
7	97816327	rs6465657	7	97712831	rs7790120	0.829301
7	97816327	rs6465657	7	97713039	rs7790736	0.825748
7	97816327	rs6465657	7	97713101	rs7790479	0.825748
7	97816327	rs6465657	7	97713514	rs12704963	0.825748
7	97816327	rs6465657	7	97713843	rs78898349	0.182052
7	97816327	rs6465657	7	97714326	rs575612734	0.199362
7	97816327	rs6465657	7	97714458	rs6465648	0.825748
7	97816327	rs6465657	7	97714474	rs6465649	0.825748
7	97816327	rs6465657	7	97714506	rs10953239	0.592522
7	97816327	rs6465657	7	97715088	rs6967926	0.947108
7	97816327	rs6465657	7	97715215	rs6968345	0.12344
7	97816327	rs6465657	7	97715319	rs10464490	0.827931
7	97816327	rs6465657	7	97715892	rs62479768	0.266641
7	97816327	rs6465657	7	97716483	rs940432	0.827931
7	97816327	rs6465657	7	97716495	rs940431	0.827931
7	97816327	rs6465657	7	97716540	rs940430	0.827931
7	97816327	rs6465657	7	97716656	rs111719847	0.183705
7	97816327	rs6465657	7	97718201	rs55784506	0.830736
7	97816327	rs6465657	7	97718378	rs35641135	0.830736
7	97816327	rs6465657	7	97718650	rs35763039	0.426995
7	97816327	rs6465657	7	97719096	rs12704965	0.39084
7	97816327	rs6465657	7	97719119	rs28382312	0.333697
7	97816327	rs6465657	7	97719676	rs12665986	0.600222
7	97816327	rs6465657	7	97719699	rs13221897	0.830736
7	97816327	rs6465657	7	97719806	rs13221758	0.963366
7	97816327	rs6465657	7	97721425	rs7808528	0.967492
7	97816327	rs6465657	7	97724363	rs72615156	0.183186
7	97816327	rs6465657	7	97724503	rs6465650	0.955708
7	97816327	rs6465657	7	97725197	rs56174823	0.266764
7	97816327	rs6465657	7	97725713	rs12540334	0.187069
7	97816327	rs6465657	7	97726723	rs62479773	0.266764
7	97816327	rs6465657	7	97728449	rs34307903	0.967492
7	97816327	rs6465657	7	97728917	rs201515619	0.930785
7	97816327	rs6465657	7	97730220	rs6974059	0.183186
7	97816327	rs6465657	7	97730557	rs62479774	0.166432
7	97816327	rs6465657	7	97731500	rs10238491	0.183186
7	97816327	rs6465657	7	97732653	rs6465651	0.187069
7	97816327	rs6465657	7	97732842	rs6969384	0.967492
7	97816327	rs6465657	7	97733207	rs56006208	0.266764
7	97816327	rs6465657	7	97734424	rs73149199	0.266764
7	97816327	rs6465657	7	97734732	rs11366171	0.599248
7	97816327	rs6465657	7	97735124	rs55765204	0.266764
7	97816327	rs6465657	7	97739317	rs2394824	0.266764
7	97816327	rs6465657	7	97739918	rs10499940	0.187792
7	97816327	rs6465657	7	97740412	rs10235547	0.185319
7	97816327	rs6465657	7	97740991	rs10254594	0.183919
7	97816327	rs6465657	7	97741043	rs10254691	0.183919
7	97816327	rs6465657	7	97741795	rs10242903	0.585843
7	97816327	rs6465657	7	97741945	rs55761857	0.266764
7	97816327	rs6465657	7	97743359	rs73404144	0.183919
7	97816327	rs6465657	7	97746387	rs11768678	0.266764
7	97816327	rs6465657	7	97747557	rs4729404	0.266764
7	97816327	rs6465657	7	97751315	rs10258913	0.183919
7	97816327	rs6465657	7	97753036	rs138334076;rs4729405	0.200243
7	97816327	rs6465657	7	97753594	rs56389625	0.266764
7	97816327	rs6465657	7	97754074	rs73404162	0.186687
7	97816327	rs6465657	7	97754097	rs141020575	0.96316
7	97816327	rs6465657	7	97755098	rs17169325	0.266764
7	97816327	rs6465657	7	97757283	rs62479795	0.266764
7	97816327	rs6465657	7	97762474	rs951988	0.593544
7	97816327	rs6465657	7	97763497	rs11761896	0.266764
7	97816327	rs6465657	7	97767083	rs7341519	0.186687
7	97816327	rs6465657	7	97769434	rs199859431	0.158363
7	97816327	rs6465657	7	97769695	rs62479797	0.266764
7	97816327	rs6465657	7	97770196	rs35204584	0.174302
7	97816327	rs6465657	7	97770381	rs112518899	0.17014
7	97816327	rs6465657	7	97771608	rs56088922	0.266764
7	97816327	rs6465657	7	97772658	rs4729408	0.271535
7	97816327	rs6465657	7	97773812	rs11768309	0.995922
7	97816327	rs6465657	7	97774300	rs10275267	0.183919
7	97816327	rs6465657	7	97774378	rs62479798	0.174934
7	97816327	rs6465657	7	97774859	rs6977321	0.98783
7	97816327	rs6465657	7	97775922	rs11980911	0.1258
7	97816327	rs6465657	7	97777817	rs10224176	0.207987
7	97816327	rs6465657	7	97778576	rs11767962	0.995922
7	97816327	rs6465657	7	97780558	rs2272184	0.186687
7	97816327	rs6465657	7	97781243	rs67300176	0.223711
7	97816327	rs6465657	7	97781799	rs10270222	0.593831
7	97816327	rs6465657	7	97781944	rs62479799	0.13158
7	97816327	rs6465657	7	97782821	rs11772060	0.266764
7	97816327	rs6465657	7	97784061	rs17435590	0.995922
7	97816327	rs6465657	7	97784367	rs11773169	0.266764
7	97816327	rs6465657	7	97785500	rs34320230	0.995922
7	97816327	rs6465657	7	97785669	rs10243469	0.295092
7	97816327	rs6465657	7	97786282	rs6465654	0.91945
7	97816327	rs6465657	7	97786952	rs34715220	0.246296
7	97816327	rs6465657	7	97788216	rs9656054	0.186687
7	97816327	rs6465657	7	97788764	rs10499944	0.183186
7	97816327	rs6465657	7	97788809	rs17169406	0.186687
7	97816327	rs6465657	7	97789351	rs6958572	0.911139
7	97816327	rs6465657	7	97790991	rs12666406	0.995922
7	97816327	rs6465657	7	97792014	rs10215815	0.183919
7	97816327	rs6465657	7	97792576	rs11762771	0.266834
7	97816327	rs6465657	7	97792603	rs149910891	0.187234
7	97816327	rs6465657	7	97792820	rs17435847	0.98783
7	97816327	rs6465657	7	97793209	rs1039057	0.266764
7	97816327	rs6465657	7	97794422	rs72494441	0.183919
7	97816327	rs6465657	7	97794801	rs58911561	0.271535
7	97816327	rs6465657	7	97795173	rs10259449	0.186687
7	97816327	rs6465657	7	97795912	rs34961918	0.183919
7	97816327	rs6465657	7	97796093	rs10248229	0.186687
7	97816327	rs6465657	7	97796635	rs7804318	0.971767
7	97816327	rs6465657	7	97797778	rs11762534	0.743295
7	97816327	rs6465657	7	97798117	rs884897	0.226094
7	97816327	rs6465657	7	97800003	rs62479802	0.132243
7	97816327	rs6465657	7	97803416	rs11351887	0.622164
7	97816327	rs6465657	7	97805409	rs12532406	0.189188
7	97816327	rs6465657	7	97806434	rs79795720	0.183919
7	97816327	rs6465657	7	97807882	rs6965016	1
7	97816327	rs6465657	7	97809258	rs73151153	0.126642
7	97816327	rs6465657	7	97811109	rs72578568	0.183919
7	97816327	rs6465657	7	97813089	rs12539490	0.185319
7	97816327	rs6465657	7	97815044	rs200304210	0.100574
7	97816327	rs6465657	7	97815999	rs41278842	0.597547
7	97816327	rs6465657	7	97816327	rs6465657	1
7	97816327	rs6465657	7	97816638	rs6465658	1
7	97816327	rs6465657	7	97817321	rs11763970	0.991844
7	97816327	rs6465657	7	97818246	rs62479818	0.132243
7	97816327	rs6465657	7	97819047	rs7791463	1
7	97816327	rs6465657	7	97822115	rs11765552	0.991844
7	97816327	rs6465657	7	97822210	rs3801294	0.991844
7	97816327	rs6465657	7	97825134	rs73406026	0.183919
7	97816327	rs6465657	7	97825188	rs11764933	0.991844
7	97816327	rs6465657	7	97826232	rs1495525	0.593544
7	97816327	rs6465657	7	97826331	rs79055671	0.183919
7	97816327	rs6465657	7	97826340	rs2132276	0.991844
7	97816327	rs6465657	7	97832154	rs73406034	0.183919
7	97816327	rs6465657	7	97835640	rs2291748	0.182266
7	97816327	rs6465657	7	97835885	rs1532380	0.268568
7	97816327	rs6465657	7	97838200	rs3735253	0.180301
7	97816327	rs6465657	7	97838313	rs3735256	0.18254
7	97816327	rs6465657	7	97839140	rs17169462	0.165272
7	97816327	rs6465657	7	97840144	rs34616135	0.983779
7	97816327	rs6465657	7	97840315	rs117643288	0.261696
7	97816327	rs6465657	7	97841051	rs74427781	0.180846
7	97816327	rs6465657	7	97841318	rs56034325	0.276535
7	97816327	rs6465657	7	97842668	rs754464	0.209146
7	97816327	rs6465657	7	97843877	rs73151166	0.172017
7	97816327	rs6465657	7	97845713	rs11551890	0.535496
7	97816327	rs6465657	7	97846435	rs74672857	0.184989
7	97816327	rs6465657	7	97847040	rs2279676	0.161162
7	97816327	rs6465657	7	97847459	rs56009323	0.161326
7	97816327	rs6465657	7	97847522	rs6951913	0.173843
7	97816327	rs6465657	7	97847619	rs56153131	0.161002
7	97816327	rs6465657	7	97847738	rs73151174	0.173825
7	97816327	rs6465657	7	97848681	rs59932969	0.161326
7	97816327	rs6465657	7	97849359	rs34649939	0.466816
7	97816327	rs6465657	7	97849451	rs145452014	0.161002
7	97816327	rs6465657	7	97849461	rs12540613	0.161002
7	97816327	rs6465657	7	97849464	rs35527492	0.466816
7	97816327	rs6465657	7	97849648	rs12533016	0.468621
7	97816327	rs6465657	7	97849652	rs112086726	0.173825
7	97816327	rs6465657	7	97849876	rs200018648	0.1585
7	97816327	rs6465657	7	97850340	rs73151177	0.466816
7	97816327	rs6465657	7	97850383	rs62479822	0.4587
7	97816327	rs6465657	7	97850406	rs62479823	0.466816
7	97816327	rs6465657	7	97850599	rs67420939	0.433829
7	97816327	rs6465657	7	97850794	rs71532099	0.401735
7	97816327	rs6465657	7	97850822	rs28566958	0.460184
7	97816327	rs6465657	7	97852399	rs11762014	0.161002
7	97816327	rs6465657	7	97852586	rs11762703	0.161002
7	97816327	rs6465657	7	97852698	rs55738918	0.173825
7	97816327	rs6465657	7	97852895	rs2270596	0.161002
7	97816327	rs6465657	7	97853184	rs3816943	0.161002
7	97816327	rs6465657	7	97853489	rs60997612	0.173825
7	97816327	rs6465657	7	97853795	rs2291747	0.464675
7	97816327	rs6465657	7	97853845	rs2291746	0.173825
7	97816327	rs6465657	7	97854393	rs2291745	0.173825
7	97816327	rs6465657	7	97855462	rs10953245	0.464675
7	97816327	rs6465657	7	97856703	rs559038816	0.11724
7	97816327	rs6465657	7	97857675	rs2270604	0.457137
7	97816327	rs6465657	7	97858647	rs2270603	0.161002
7	97816327	rs6465657	7	97858973	rs142786157	0.173825
7	97816327	rs6465657	7	97859060	rs747632	0.457754
7	97816327	rs6465657	7	97859182	rs747631	0.460184
7	97816327	rs6465657	7	97859277	rs60327699	0.161326
7	97816327	rs6465657	7	97859287	rs747630	0.173825
7	97816327	rs6465657	7	97859387	rs747633	0.468563
7	97816327	rs6465657	7	97860182	rs2270601	0.173825
7	97816327	rs6465657	7	97860939	rs2270600	0.467204
7	97816327	rs6465657	7	97861407	rs34304553	0.464675
7	97816327	rs6465657	7	97863145	rs2291750	0.173825
7	97816327	rs6465657	7	97864269	rs11761574	0.460184
7	97816327	rs6465657	7	97864398	rs11768456	0.161002
7	97816327	rs6465657	7	97864666	rs10953247	0.467204
7	97816327	rs6465657	7	97864792	rs76754817	0.108499
7	97816327	rs6465657	7	97864868	rs80292432	0.117358
7	97816327	rs6465657	7	97865153	rs78761769	0.413124
7	97816327	rs6465657	7	97865458	rs4727388	0.460184
7	97816327	rs6465657	7	97865757	rs7777991	0.117358
7	97816327	rs6465657	7	97865936	rs56229643	0.465705
7	97816327	rs6465657	7	97866291	rs3735258	0.225698
7	97816327	rs6465657	7	97866480	rs77968419	0.117668
7	97816327	rs6465657	7	97866884	rs12531433	0.225698
7	97816327	rs6465657	7	97868033	rs17169479	0.117668
7	97816327	rs6465657	7	97868727	rs6963518	0.202216
7	97816327	rs6465657	7	97869192	rs10953248	0.461668
7	97816327	rs6465657	7	97871985	rs75070716	0.12137
7	97816327	rs6465657	7	97873467	rs35603430	0.469693
7	97816327	rs6465657	7	97873994	rs1874344	0.243128
7	97816327	rs6465657	7	97874094	rs903592	0.240688
7	97816327	rs6465657	7	97874143	rs3816944	0.469693
7	97816327	rs6465657	7	97874625	rs34789614	0.469693
7	97816327	rs6465657	7	97874656	rs2270597	0.243128
7	97816327	rs6465657	7	97874693	rs35272066	0.198328
7	97816327	rs6465657	7	97874849	rs12539998	0.240889
7	97816327	rs6465657	7	97875582	rs370587880	0.215554
7	97816327	rs6465657	7	97875775	rs4729419	0.243555
7	97816327	rs6465657	7	97876593	rs4727390	0.50302
7	97816327	rs6465657	7	97876704	rs58699591	0.125122
7	97816327	rs6465657	7	97876742	rs62479835	0.107528
7	97816327	rs6465657	7	97876980	rs4729421	0.50302
7	97816327	rs6465657	7	97877968	rs62479836	0.50302
7	97816327	rs6465657	7	97877992	rs72145133	0.125122
7	97816327	rs6465657	7	97878153	rs80195155	0.12137
7	97816327	rs6465657	7	97878157	rs144253259	0.462906
7	97816327	rs6465657	7	97878195	rs7796762	0.469693
7	97816327	rs6465657	7	97878504	rs13237878	0.469693
7	97816327	rs6465657	7	97878671	rs12704977	0.465705
7	97816327	rs6465657	7	97878710	rs11771397	0.499426
7	97816327	rs6465657	7	97879698	rs56098787	0.495491
7	97816327	rs6465657	7	97880226	rs954050	0.495491
7	97816327	rs6465657	7	97880623	rs139651945	0.243128
7	97816327	rs6465657	7	97881868	rs1874343	0.492318
7	97816327	rs6465657	7	97882336	rs17169486	0.245372
7	97816327	rs6465657	7	97882561	rs11982193	0.117668
7	97816327	rs6465657	7	97883146	rs62479838	0.481717
7	97816327	rs6465657	7	97883459	rs17436977	0.451994
7	97816327	rs6465657	7	97883912	rs2394827	0.481717
7	97816327	rs6465657	7	97884915	rs11984183	0.481717
7	97816327	rs6465657	7	97885213	rs6465661	0.44977
7	97816327	rs6465657	7	97885253	rs11773779	0.481717
7	97816327	rs6465657	7	97885725	rs12536125	0.245372
7	97816327	rs6465657	7	97887051	rs34817002	0.44977
7	97816327	rs6465657	7	97887872	rs6950994	0.436769
7	97816327	rs6465657	7	97888121	rs6951479	0.484799
7	97816327	rs6465657	7	97888478	rs12539676	0.481717
7	97816327	rs6465657	7	97888798	rs7789440	0.44977
7	97816327	rs6465657	7	97888924	rs570084467;rs548570803	0.353719
7	97816327	rs6465657	7	97889050	rs11772438	0.492318
7	97816327	rs6465657	7	97889758	rs7794187	0.448775
7	97816327	rs6465657	7	97891512	rs11768214	0.245372
7	97816327	rs6465657	7	97892356	rs6955259	0.44977
7	97816327	rs6465657	7	97894087	rs74890108	0.110412
7	97816327	rs6465657	7	97894157	rs61575270	0.481717
7	97816327	rs6465657	7	97894172	rs76976120	0.110412
7	97816327	rs6465657	7	97894195	rs542138904	0.21891
7	97816327	rs6465657	7	97895254	rs73709460	0.110412
7	97816327	rs6465657	7	97895938	rs200729270	0.410232
7	97816327	rs6465657	7	97896175	rs35216698	0.44977
7	97816327	rs6465657	7	97897120	rs56694862	0.110412
7	97816327	rs6465657	7	97897760	rs59597713	0.110412
7	97816327	rs6465657	7	97897827	rs528254176	0.228246
7	97816327	rs6465657	7	97898356	rs4364578	0.240889
7	97816327	rs6465657	7	97898810	rs34838763	0.432267
7	97816327	rs6465657	7	97899086	rs550894598	0.226546
7	97816327	rs6465657	7	97899535	rs34830366	0.44977
7	97816327	rs6465657	7	97899777	rs12704981	0.484799
7	97816327	rs6465657	7	97899873	rs34776142	0.447575
7	97816327	rs6465657	7	97900698	rs11771953	0.481717
7	97816327	rs6465657	7	97900826	rs7787309	0.484799
7	97816327	rs6465657	7	97901565	rs12669622	0.484799
7	97816327	rs6465657	7	97901622	rs58477839	0.110412
7	97816327	rs6465657	7	97901860	rs10249366	0.484799
7	97816327	rs6465657	7	97901962	rs138136617	0.481717
7	97816327	rs6465657	7	97902142	rs150063393	0.110412
7	97816327	rs6465657	7	97903074	rs61446268	0.478493
7	97816327	rs6465657	7	97903642	rs7802382	0.44977
7	97816327	rs6465657	7	97903788	rs62479844	0.245372
7	97816327	rs6465657	7	97903806	rs7802560	0.446379
7	97816327	rs6465657	7	97904505	rs28662014	0.481717
7	97816327	rs6465657	7	97905782	rs56168872	0.244234
7	97816327	rs6465657	7	97907468	rs7795432	0.1952
7	97816327	rs6465657	7	97907610	rs572863806;rs557553710	0.190129
7	97816327	rs6465657	7	97908223	rs7796611	0.433134
7	97816327	rs6465657	7	97909277	rs13238610	0.433134
7	97816327	rs6465657	7	97909739	rs144345781	0.433134
7	97816327	rs6465657	7	97910637	rs12113294	0.193714
7	97816327	rs6465657	7	97910800	rs557689930	0.132318
7	97816327	rs6465657	7	97911618	rs111849767	0.348534
7	97816327	rs6465657	7	97912204	rs6947208	0.42387
7	97816327	rs6465657	7	97912221	rs6967457	0.42387
7	97816327	rs6465657	7	97912241	rs6947340	0.42387
7	97816327	rs6465657	7	97912364	rs67667885	0.42387
7	97816327	rs6465657	7	97913196	rs4506131	0.113033
7	97816327	rs6465657	7	97914305	rs10953254	0.145701
7	97816327	rs6465657	7	97914898	rs13246725	0.413992
7	97816327	rs6465657	7	97915021	rs13246942	0.413992
7	97816327	rs6465657	7	97915376	rs11766808	0.413992
7	97816327	rs6465657	7	97915635	rs6950023	0.148909
7	97816327	rs6465657	7	97915637	rs6967728	0.148909
7	97816327	rs6465657	7	97915697	rs6968144	0.413992
7	97816327	rs6465657	7	97915789	rs11760930	0.403944
7	97816327	rs6465657	7	97915902	rs6968193	0.422329
