CHR_A	BP_A	SNP_A	CHR_B	BP_B	SNP_B	R2
7	20994491	rs12155172	7	20896148	rs28579261	0.187858
7	20994491	rs12155172	7	20896317	rs2058075	0.0985169
7	20994491	rs12155172	7	20897862	rs10252529	0.0985169
7	20994491	rs12155172	7	20897865	rs10281881	0.192003
7	20994491	rs12155172	7	20897909	rs204575	0.0985169
7	20994491	rs12155172	7	20899659	rs204576	0.0977752
7	20994491	rs12155172	7	20899682	rs204577	0.097761
7	20994491	rs12155172	7	20900476	rs204578	0.097761
7	20994491	rs12155172	7	20900534	rs35197546	0.099269
7	20994491	rs12155172	7	20900564	rs204579	0.097761
7	20994491	rs12155172	7	20900883	rs204580	0.097761
7	20994491	rs12155172	7	20901398	rs204581	0.186703
7	20994491	rs12155172	7	20901770	rs204582	0.097761
7	20994491	rs12155172	7	20901913	rs204583	0.097761
7	20994491	rs12155172	7	20902044	rs204584	0.097761
7	20994491	rs12155172	7	20902288	rs204585	0.186834
7	20994491	rs12155172	7	20902962	rs204586	0.0962618
7	20994491	rs12155172	7	20903542	rs116973	0.097761
7	20994491	rs12155172	7	20904270	rs204587	0.0962618
7	20994491	rs12155172	7	20905485	rs204588	0.186703
7	20994491	rs12155172	7	20906028	rs204589	0.0962618
7	20994491	rs12155172	7	20907551	rs201908915	0.111624
7	20994491	rs12155172	7	20909611	rs204591	0.0970175
7	20994491	rs12155172	7	20909622	rs204592	0.0992383
7	20994491	rs12155172	7	20909666	rs204593	0.0993082
7	20994491	rs12155172	7	20911427	rs204595	0.187973
7	20994491	rs12155172	7	20912394	rs204597	0.0992747
7	20994491	rs12155172	7	20912566	rs34821641	0.103176
7	20994491	rs12155172	7	20914744	rs204598	0.0992747
7	20994491	rs12155172	7	20915043	rs204600	0.0992747
7	20994491	rs12155172	7	20915168	rs204601	0.0985169
7	20994491	rs12155172	7	20917389	rs204602	0.0992747
7	20994491	rs12155172	7	20917820	rs146942730	0.0992747
7	20994491	rs12155172	7	20918567	rs2709717	0.0992747
7	20994491	rs12155172	7	20918568	rs2709718	0.0992747
7	20994491	rs12155172	7	20918755	rs2539955	0.0977752
7	20994491	rs12155172	7	20918862	rs2709719	0.0977752
7	20994491	rs12155172	7	20919407	rs2539957	0.100025
7	20994491	rs12155172	7	20920583	rs2539960	0.0992747
7	20994491	rs12155172	7	20921918	rs565249630	0.0948071
7	20994491	rs12155172	7	20921947	rs2709720	0.0992747
7	20994491	rs12155172	7	20922617	rs2539961	0.0992747
7	20994491	rs12155172	7	20923092	rs2192466	0.0943395
7	20994491	rs12155172	7	20923457	rs10265998	0.173049
7	20994491	rs12155172	7	20924406	rs2893019	0.100034
7	20994491	rs12155172	7	20926006	rs2709729	0.0992747
7	20994491	rs12155172	7	20926716	rs2709730	0.186308
7	20994491	rs12155172	7	20927079	rs6969840	0.185027
7	20994491	rs12155172	7	20928024	rs2215855	0.100025
7	20994491	rs12155172	7	20928106	rs2192464	0.0977752
7	20994491	rs12155172	7	20929403	rs2465056	0.0977752
7	20994491	rs12155172	7	20929424	rs2430384	0.186308
7	20994491	rs12155172	7	20930987	rs2539956	0.0962327
7	20994491	rs12155172	7	20931325	rs7787115	0.0992747
7	20994491	rs12155172	7	20931375	rs11315639	0.11853
7	20994491	rs12155172	7	20931791	rs11315638	0.0918951
7	20994491	rs12155172	7	20941262	rs4140783	0.178965
7	20994491	rs12155172	7	20942383	rs117735208	0.116743
7	20994491	rs12155172	7	20944522	rs6461521	0.220839
7	20994491	rs12155172	7	20945115	rs78073379	0.142041
7	20994491	rs12155172	7	20949546	rs1120709	0.214471
7	20994491	rs12155172	7	20954622	rs79447064	0.119172
7	20994491	rs12155172	7	20954729	rs13243415	0.281221
7	20994491	rs12155172	7	20955370	rs2709733	0.179784
7	20994491	rs12155172	7	20956964	rs2714479	0.234032
7	20994491	rs12155172	7	20957366	rs10231283	0.123575
7	20994491	rs12155172	7	20959748	rs550613863	0.129103
7	20994491	rs12155172	7	20960488	rs6952624	0.213532
7	20994491	rs12155172	7	20960966	rs1008132	0.32892
7	20994491	rs12155172	7	20961711	rs10248211	0.122838
7	20994491	rs12155172	7	20962571	rs6461522	0.205627
7	20994491	rs12155172	7	20962732	rs4463317	0.203897
7	20994491	rs12155172	7	20962776	rs4291155	0.203897
7	20994491	rs12155172	7	20963958	rs111699588	0.1847
7	20994491	rs12155172	7	20964195	rs2080218	0.211783
7	20994491	rs12155172	7	20964439	rs2080219	0.211783
7	20994491	rs12155172	7	20964704	rs2709728	0.211783
7	20994491	rs12155172	7	20966381	rs2893020	0.182401
7	20994491	rs12155172	7	20966385	rs7789400	0.184202
7	20994491	rs12155172	7	20966736	rs2390405	0.17744
7	20994491	rs12155172	7	20966800	rs4000997	0.21251
7	20994491	rs12155172	7	20967324	rs35679511	0.147553
7	20994491	rs12155172	7	20968084	rs6962325	0.183325
7	20994491	rs12155172	7	20970137	rs6973043	0.176682
7	20994491	rs12155172	7	20970872	rs2110468	0.183325
7	20994491	rs12155172	7	20971092	rs2110469	0.193956
7	20994491	rs12155172	7	20972111	rs6945857	0.121387
7	20994491	rs12155172	7	20974238	rs6957210	0.123115
7	20994491	rs12155172	7	20975370	rs2709727	0.122627
7	20994491	rs12155172	7	20975498	rs2539963	0.122627
7	20994491	rs12155172	7	20975552	rs2714476	0.122627
7	20994491	rs12155172	7	20976078	rs2539964	0.327625
7	20994491	rs12155172	7	20976771	rs2539965	0.106335
7	20994491	rs12155172	7	20976839	rs2539966	0.122627
7	20994491	rs12155172	7	20977211	rs2539967	0.122627
7	20994491	rs12155172	7	20977480	rs2709726	0.106335
7	20994491	rs12155172	7	20977572	rs2539968	0.350456
7	20994491	rs12155172	7	20978000	rs2709725	0.122627
7	20994491	rs12155172	7	20978139	rs994241	0.12015
7	20994491	rs12155172	7	20979192	rs10275740	0.120385
7	20994491	rs12155172	7	20979759	rs2539969	0.122103
7	20994491	rs12155172	7	20981264	rs4455743	0.122103
7	20994491	rs12155172	7	20982307	rs62439344	0.123831
7	20994491	rs12155172	7	20982390	rs151169105	0.123831
7	20994491	rs12155172	7	20982824	rs36050299	0.123831
7	20994491	rs12155172	7	20983011	rs6976248	0.123831
7	20994491	rs12155172	7	20983505	rs199618253	0.123831
7	20994491	rs12155172	7	20983528	rs6942939	0.123831
7	20994491	rs12155172	7	20984145	rs35931142	0.305624
7	20994491	rs12155172	7	20986026	rs4721958	0.305695
7	20994491	rs12155172	7	20990385	rs12539167	0.303195
7	20994491	rs12155172	7	20991006	rs35524401	0.229476
7	20994491	rs12155172	7	20991226	rs369463476	0.117651
7	20994491	rs12155172	7	20993727	rs5011826	0.0927435
7	20994491	rs12155172	7	20994491	rs12155172	1
7	20994491	rs12155172	7	20996952	rs10713532	0.98828
7	20994491	rs12155172	7	20998686	rs6966904	0.123424
7	20994491	rs12155172	7	20999211	rs9655205	0.98828
7	20994491	rs12155172	7	21002599	rs33975388	0.232872
7	20994491	rs12155172	7	21008057	rs59331294	0.10981
7	20994491	rs12155172	7	21008688	rs10254353	0.231708
7	20994491	rs12155172	7	21012029	rs6944183	0.632341
7	20994491	rs12155172	7	21012144	rs6944344	0.63878
7	20994491	rs12155172	7	21021284	rs10223978	0.22003
7	20994491	rs12155172	7	21027080	rs2390412	0.219228
7	20994491	rs12155172	7	21033870	rs10156011	0.219499
7	20994491	rs12155172	7	21034296	rs145561287	0.223722
7	20994491	rs12155172	7	21034352	rs7777542	0.219499
7	20994491	rs12155172	7	21045336	rs34341463	0.21289
7	20994491	rs12155172	7	21046006	rs117507851	0.122812
7	20994491	rs12155172	7	21051137	rs2270236	0.309264
7	20994491	rs12155172	7	21053970	rs4721961	0.20527
7	20994491	rs12155172	7	21057179	rs79487522	0.215998
7	20994491	rs12155172	7	21057473	rs12666766	0.521228
7	20994491	rs12155172	7	21057846	rs7788453	0.138257
7	20994491	rs12155172	7	21058161	rs7805693	0.516147
7	20994491	rs12155172	7	21059022	rs917811	0.518805
7	20994491	rs12155172	7	21060304	rs6946302	0.481315
7	20994491	rs12155172	7	21061360	rs917810	0.141333
7	20994491	rs12155172	7	21062746	rs7794640	0.503027
7	20994491	rs12155172	7	21062826	rs2192055	0.498045
7	20994491	rs12155172	7	21063226	rs7795247	0.138902
7	20994491	rs12155172	7	21063559	rs4721963	0.505203
7	20994491	rs12155172	7	21064647	rs6963949	0.47701
7	20994491	rs12155172	7	21066684	rs6954678	0.131751
7	20996952	rs10713532	7	20896148	rs28579261	0.19786
7	20996952	rs10713532	7	20896317	rs2058075	0.10379
7	20996952	rs10713532	7	20897862	rs10252529	0.10379
7	20996952	rs10713532	7	20897865	rs10281881	0.202161
7	20996952	rs10713532	7	20897909	rs204575	0.10379
7	20996952	rs10713532	7	20899659	rs204576	0.10305
7	20996952	rs10713532	7	20899682	rs204577	0.103016
7	20996952	rs10713532	7	20900476	rs204578	0.103016
7	20996952	rs10713532	7	20900534	rs35197546	0.104541
7	20996952	rs10713532	7	20900564	rs204579	0.103016
7	20996952	rs10713532	7	20900883	rs204580	0.103016
7	20996952	rs10713532	7	20901398	rs204581	0.196765
7	20996952	rs10713532	7	20901770	rs204582	0.103016
7	20996952	rs10713532	7	20901913	rs204583	0.103016
7	20996952	rs10713532	7	20902044	rs204584	0.103016
7	20996952	rs10713532	7	20902288	rs204585	0.196996
7	20996952	rs10713532	7	20902962	rs204586	0.1015
7	20996952	rs10713532	7	20903542	rs116973	0.103016
7	20996952	rs10713532	7	20903663	rs374756170	0.0937631
7	20996952	rs10713532	7	20904270	rs204587	0.1015
7	20996952	rs10713532	7	20905485	rs204588	0.196765
7	20996952	rs10713532	7	20906028	rs204589	0.1015
7	20996952	rs10713532	7	20907551	rs201908915	0.117486
7	20996952	rs10713532	7	20909611	rs204591	0.102274
7	20996952	rs10713532	7	20909622	rs204592	0.104468
7	20996952	rs10713532	7	20909666	rs204593	0.104624
7	20996952	rs10713532	7	20911212	rs204594	0.0918363
7	20996952	rs10713532	7	20911427	rs204595	0.198072
7	20996952	rs10713532	7	20912394	rs204597	0.104566
7	20996952	rs10713532	7	20912566	rs34821641	0.108568
7	20996952	rs10713532	7	20914744	rs204598	0.104566
7	20996952	rs10713532	7	20915043	rs204600	0.104566
7	20996952	rs10713532	7	20915168	rs204601	0.10379
7	20996952	rs10713532	7	20917389	rs204602	0.104566
7	20996952	rs10713532	7	20917820	rs146942730	0.104566
7	20996952	rs10713532	7	20918567	rs2709717	0.104566
7	20996952	rs10713532	7	20918568	rs2709718	0.104566
7	20996952	rs10713532	7	20918755	rs2539955	0.10305
7	20996952	rs10713532	7	20918862	rs2709719	0.10305
7	20996952	rs10713532	7	20919407	rs2539957	0.105315
7	20996952	rs10713532	7	20920583	rs2539960	0.104566
7	20996952	rs10713532	7	20921918	rs565249630	0.0999568
7	20996952	rs10713532	7	20921947	rs2709720	0.104566
7	20996952	rs10713532	7	20922617	rs2539961	0.104566
7	20996952	rs10713532	7	20923092	rs2192466	0.0996233
7	20996952	rs10713532	7	20923457	rs10265998	0.182871
7	20996952	rs10713532	7	20924406	rs2893019	0.105344
7	20996952	rs10713532	7	20926006	rs2709729	0.104566
7	20996952	rs10713532	7	20926716	rs2709730	0.196467
7	20996952	rs10713532	7	20927079	rs6969840	0.19515
7	20996952	rs10713532	7	20928024	rs2215855	0.105315
7	20996952	rs10713532	7	20928106	rs2192464	0.10305
7	20996952	rs10713532	7	20929403	rs2465056	0.10305
7	20996952	rs10713532	7	20929424	rs2430384	0.196467
7	20996952	rs10713532	7	20930987	rs2539956	0.101428
7	20996952	rs10713532	7	20931325	rs7787115	0.104566
7	20996952	rs10713532	7	20931375	rs11315639	0.121376
7	20996952	rs10713532	7	20931791	rs11315638	0.0971659
7	20996952	rs10713532	7	20932894	rs2709734	0.0903541
7	20996952	rs10713532	7	20933149	rs2110466	0.091226
7	20996952	rs10713532	7	20941262	rs4140783	0.188937
7	20996952	rs10713532	7	20942383	rs117735208	0.115199
7	20996952	rs10713532	7	20944522	rs6461521	0.229142
7	20996952	rs10713532	7	20945115	rs78073379	0.147964
7	20996952	rs10713532	7	20949546	rs1120709	0.222696
7	20996952	rs10713532	7	20950496	rs2160093	0.0906121
7	20996952	rs10713532	7	20954622	rs79447064	0.123639
7	20996952	rs10713532	7	20954729	rs13243415	0.287611
7	20996952	rs10713532	7	20955370	rs2709733	0.186715
7	20996952	rs10713532	7	20956964	rs2714479	0.238968
7	20996952	rs10713532	7	20957366	rs10231283	0.125027
7	20996952	rs10713532	7	20959748	rs550613863	0.131581
7	20996952	rs10713532	7	20960488	rs6952624	0.217837
7	20996952	rs10713532	7	20960966	rs1008132	0.336939
7	20996952	rs10713532	7	20961711	rs10248211	0.12438
7	20996952	rs10713532	7	20962571	rs6461522	0.209916
7	20996952	rs10713532	7	20962732	rs4463317	0.208198
7	20996952	rs10713532	7	20962776	rs4291155	0.208198
7	20996952	rs10713532	7	20963958	rs111699588	0.188092
7	20996952	rs10713532	7	20964195	rs2080218	0.2161
7	20996952	rs10713532	7	20964439	rs2080219	0.2161
7	20996952	rs10713532	7	20964704	rs2709728	0.2161
7	20996952	rs10713532	7	20966381	rs2893020	0.185711
7	20996952	rs10713532	7	20966385	rs7789400	0.187504
7	20996952	rs10713532	7	20966736	rs2390405	0.180703
7	20996952	rs10713532	7	20966800	rs4000997	0.216797
7	20996952	rs10713532	7	20967324	rs35679511	0.150215
7	20996952	rs10713532	7	20968084	rs6962325	0.186611
7	20996952	rs10713532	7	20970137	rs6973043	0.179771
7	20996952	rs10713532	7	20970872	rs2110468	0.186611
7	20996952	rs10713532	7	20971092	rs2110469	0.198408
7	20996952	rs10713532	7	20972111	rs6945857	0.123338
7	20996952	rs10713532	7	20974238	rs6957210	0.125096
7	20996952	rs10713532	7	20975370	rs2709727	0.124737
7	20996952	rs10713532	7	20975498	rs2539963	0.124737
7	20996952	rs10713532	7	20975552	rs2714476	0.124737
7	20996952	rs10713532	7	20976078	rs2539964	0.335682
7	20996952	rs10713532	7	20976771	rs2539965	0.107837
7	20996952	rs10713532	7	20976839	rs2539966	0.124737
7	20996952	rs10713532	7	20977211	rs2539967	0.124737
7	20996952	rs10713532	7	20977480	rs2709726	0.107837
7	20996952	rs10713532	7	20977572	rs2539968	0.359561
7	20996952	rs10713532	7	20978000	rs2709725	0.124737
7	20996952	rs10713532	7	20978139	rs994241	0.118148
7	20996952	rs10713532	7	20979192	rs10275740	0.122354
7	20996952	rs10713532	7	20979759	rs2539969	0.124067
7	20996952	rs10713532	7	20981264	rs4455743	0.124067
7	20996952	rs10713532	7	20982307	rs62439344	0.12579
7	20996952	rs10713532	7	20982390	rs151169105	0.12579
7	20996952	rs10713532	7	20982824	rs36050299	0.12579
7	20996952	rs10713532	7	20983011	rs6976248	0.12579
7	20996952	rs10713532	7	20983505	rs199618253	0.12579
7	20996952	rs10713532	7	20983528	rs6942939	0.12579
7	20996952	rs10713532	7	20984145	rs35931142	0.307319
7	20996952	rs10713532	7	20986026	rs4721958	0.307437
7	20996952	rs10713532	7	20990385	rs12539167	0.304922
7	20996952	rs10713532	7	20991006	rs35524401	0.231438
7	20996952	rs10713532	7	20991226	rs369463476	0.114939
7	20996952	rs10713532	7	20993727	rs5011826	0.0937151
7	20996952	rs10713532	7	20994491	rs12155172	0.98828
7	20996952	rs10713532	7	20996952	rs10713532	1
7	20996952	rs10713532	7	20998686	rs6966904	0.127751
7	20996952	rs10713532	7	20999211	rs9655205	1
7	20996952	rs10713532	7	21002599	rs33975388	0.236394
7	20996952	rs10713532	7	21008057	rs59331294	0.110669
7	20996952	rs10713532	7	21008688	rs10254353	0.235261
7	20996952	rs10713532	7	21012029	rs6944183	0.624759
7	20996952	rs10713532	7	21012144	rs6944344	0.631185
7	20996952	rs10713532	7	21021284	rs10223978	0.223208
7	20996952	rs10713532	7	21027080	rs2390412	0.222392
7	20996952	rs10713532	7	21033870	rs10156011	0.222627
7	20996952	rs10713532	7	21034296	rs145561287	0.221089
7	20996952	rs10713532	7	21034352	rs7777542	0.222627
7	20996952	rs10713532	7	21045336	rs34341463	0.216308
7	20996952	rs10713532	7	21046006	rs117507851	0.140149
7	20996952	rs10713532	7	21051137	rs2270236	0.309744
7	20996952	rs10713532	7	21053970	rs4721961	0.208556
7	20996952	rs10713532	7	21057179	rs79487522	0.213396
7	20996952	rs10713532	7	21057473	rs12666766	0.525663
7	20996952	rs10713532	7	21057846	rs7788453	0.139873
7	20996952	rs10713532	7	21058161	rs7805693	0.520593
7	20996952	rs10713532	7	21059022	rs917811	0.523206
7	20996952	rs10713532	7	21060304	rs6946302	0.485878
7	20996952	rs10713532	7	21061360	rs917810	0.142955
7	20996952	rs10713532	7	21062746	rs7794640	0.507561
7	20996952	rs10713532	7	21062826	rs2192055	0.502589
7	20996952	rs10713532	7	21063226	rs7795247	0.140529
7	20996952	rs10713532	7	21063559	rs4721963	0.509825
7	20996952	rs10713532	7	21064647	rs6963949	0.481198
7	20996952	rs10713532	7	21066684	rs6954678	0.133386
