CHR_A	BP_A	SNP_A	CHR_B	BP_B	SNP_B	R2
8	23438975	rs2928679	8	23342958	rs201601806	0.112029
8	23438975	rs2928679	8	23344403	rs10216695	0.106956
8	23438975	rs2928679	8	23345446	rs73226454	0.107194
8	23438975	rs2928679	8	23345447	rs73226455	0.107194
8	23438975	rs2928679	8	23347851	rs17770799	0.115163
8	23438975	rs2928679	8	23356964	rs56009477	0.11759
8	23438975	rs2928679	8	23410965	rs11345065	0.127271
8	23438975	rs2928679	8	23414743	rs13254494	0.122212
8	23438975	rs2928679	8	23416887	rs78046237	0.096517
8	23438975	rs2928679	8	23418122	rs1567668	0.105526
8	23438975	rs2928679	8	23418444	rs2942202	0.224392
8	23438975	rs2928679	8	23418752	rs57589850	0.127301
8	23438975	rs2928679	8	23419447	rs2942200	0.127301
8	23438975	rs2928679	8	23419639	rs7843042	0.127301
8	23438975	rs2928679	8	23419850	rs7833754	0.127301
8	23438975	rs2928679	8	23419869	rs7830129	0.127301
8	23438975	rs2928679	8	23419961	rs6557687	0.127301
8	23438975	rs2928679	8	23420281	rs2942199	0.127301
8	23438975	rs2928679	8	23420443	rs2928665	0.127301
8	23438975	rs2928679	8	23420626	rs2978475	0.206998
8	23438975	rs2928679	8	23420722	rs3106374	0.127301
8	23438975	rs2928679	8	23421157	rs6986233	0.206519
8	23438975	rs2928679	8	23421408	rs6986694	0.190228
8	23438975	rs2928679	8	23421454	rs2942198	0.206998
8	23438975	rs2928679	8	23421639	rs2942197	0.195005
8	23438975	rs2928679	8	23421696	rs2928686	0.195005
8	23438975	rs2928679	8	23421910	rs35010134	0.120586
8	23438975	rs2928679	8	23423423	rs78838396	0.135581
8	23438975	rs2928679	8	23423669	rs2942194	0.222562
8	23438975	rs2928679	8	23423697	rs3736032	0.0940619
8	23438975	rs2928679	8	23424129	rs34669688	0.239859
8	23438975	rs2928679	8	23426207	rs71806984	0.1626
8	23438975	rs2928679	8	23426319	rs1140161	0.175784
8	23438975	rs2928679	8	23427132	rs75994103	0.16624
8	23438975	rs2928679	8	23427922	rs147551754	0.281762
8	23438975	rs2928679	8	23429448	rs59804560	0.589312
8	23438975	rs2928679	8	23430133	rs5890117	0.568957
8	23438975	rs2928679	8	23430218	rs75040071	0.171783
8	23438975	rs2928679	8	23431045	rs1810193	0.588812
8	23438975	rs2928679	8	23431407	rs3174040	0.162521
8	23438975	rs2928679	8	23432314	rs1801451	0.162521
8	23438975	rs2928679	8	23432332	rs8534	0.241254
8	23438975	rs2928679	8	23433493	rs75834939	0.167081
8	23438975	rs2928679	8	23433511	rs12545866	0.754964
8	23438975	rs2928679	8	23433778	rs2978472	0.977085
8	23438975	rs2928679	8	23434057	rs11781382	0.606563
8	23438975	rs2928679	8	23434335	rs2942216	0.75018
8	23438975	rs2928679	8	23435117	rs2928682	0.2767
8	23438975	rs2928679	8	23436267	rs7003250	0.798133
8	23438975	rs2928679	8	23436463	rs2942218	0.798133
8	23438975	rs2928679	8	23436521	rs1877433	0.984774
8	23438975	rs2928679	8	23436713	rs371675996	0.126226
8	23438975	rs2928679	8	23437103	rs2003976	0.984774
8	23438975	rs2928679	8	23437530	rs78865843	0.176867
8	23438975	rs2928679	8	23437701	rs732520	0.495226
8	23438975	rs2928679	8	23437981	rs2928681	0.464868
8	23438975	rs2928679	8	23438100	rs2928680	1
8	23438975	rs2928679	8	23438126	rs114713346	0.176867
8	23438975	rs2928679	8	23438354	rs71210629	0.558877
8	23438975	rs2928679	8	23438451	rs4872155	0.66297
8	23438975	rs2928679	8	23438609	rs4872157	0.66297
8	23438975	rs2928679	8	23438975	rs2928679	1
8	23438975	rs2928679	8	23439134	rs75317239	0.176867
8	23438975	rs2928679	8	23439223	rs78143381	0.176867
8	23438975	rs2928679	8	23439308	rs2942219	0.284836
8	23438975	rs2928679	8	23439727	rs4871882	0.654203
8	23438975	rs2928679	8	23439769	rs4871884	0.654203
8	23438975	rs2928679	8	23439902	rs7821146	0.176867
8	23438975	rs2928679	8	23440180	rs11135749	0.510236
8	23438975	rs2928679	8	23440194	rs73214987	0.66297
8	23438975	rs2928679	8	23440332	rs7833807	0.66297
8	23438975	rs2928679	8	23440370	rs7834920	1
8	23438975	rs2928679	8	23440425	rs7833949	1
8	23438975	rs2928679	8	23440612	rs73214988	0.510236
8	23438975	rs2928679	8	23440655	rs7818607	0.510236
8	23438975	rs2928679	8	23440908	rs6991461	0.510236
8	23438975	rs2928679	8	23440949	rs7009914	1
8	23438975	rs2928679	8	23440986	rs75046846	0.176867
8	23438975	rs2928679	8	23441019	rs6995705	1
8	23438975	rs2928679	8	23441219	rs77064963	0.284836
8	23438975	rs2928679	8	23441319	rs7009429	0.683108
8	23438975	rs2928679	8	23441352	rs4872158	0.510236
8	23438975	rs2928679	8	23441373	rs4872159	0.510236
8	23438975	rs2928679	8	23441424	rs4872160	0.510236
8	23438975	rs2928679	8	23441508	rs4872161	0.510236
8	23438975	rs2928679	8	23441551	rs13274327	0.510236
8	23438975	rs2928679	8	23441600	rs34672748	0.292534
8	23438975	rs2928679	8	23441629	rs13282032	0.510236
8	23438975	rs2928679	8	23441646	rs55821036	0.510236
8	23438975	rs2928679	8	23441647	rs55915237	0.510236
8	23438975	rs2928679	8	23441700	rs35525960	0.292534
8	23438975	rs2928679	8	23441753	rs11994906	0.510236
8	23438975	rs2928679	8	23441776	rs11985071	0.510236
8	23438975	rs2928679	8	23441791	rs11998600	0.510236
8	23438975	rs2928679	8	23441800	rs34778827	0.194633
8	23438975	rs2928679	8	23441928	rs11998648	0.510236
8	23438975	rs2928679	8	23441933	rs75787978	0.176867
8	23438975	rs2928679	8	23442232	rs9657279	0.510236
8	23438975	rs2928679	8	23442284	rs56089745	0.5114
8	23438975	rs2928679	8	23442331	rs9657280	0.510236
8	23438975	rs2928679	8	23442540	rs11135750	1
8	23438975	rs2928679	8	23442720	rs7835631	0.66297
8	23438975	rs2928679	8	23442735	rs572410143;rs538766885	0.99615
8	23438975	rs2928679	8	23442835	rs7813152	0.510236
8	23438975	rs2928679	8	23442862	rs7814235	0.66297
8	23438975	rs2928679	8	23443143	rs7836243	0.66297
8	23438975	rs2928679	8	23443176	rs11988717	0.195551
8	23438975	rs2928679	8	23443201	rs62501603	0.110706
8	23438975	rs2928679	8	23443267	rs9657268	0.510236
8	23438975	rs2928679	8	23443320	rs11996109	0.820943
8	23438975	rs2928679	8	23443329	rs117779632	0.171967
8	23438975	rs2928679	8	23443332	rs7814999	0.159894
8	23438975	rs2928679	8	23443472	rs11135752	0.510236
8	23438975	rs2928679	8	23443499	rs11135753	0.66297
8	23438975	rs2928679	8	23443502	rs11135754	0.66297
8	23438975	rs2928679	8	23443526	rs11135755	0.66297
8	23438975	rs2928679	8	23443592	rs74893215	0.176867
8	23438975	rs2928679	8	23443733	rs13263391	0.683108
8	23438975	rs2928679	8	23443876	rs12544652	0.66297
8	23438975	rs2928679	8	23443899	rs78775741	0.176867
8	23438975	rs2928679	8	23443901	rs12542324	0.66297
8	23438975	rs2928679	8	23444338	rs2314689	1
8	23438975	rs2928679	8	23444377	rs2314688	0.66297
8	23438975	rs2928679	8	23444387	rs4593550	0.66297
8	23438975	rs2928679	8	23444654	rs75694772	0.176867
8	23438975	rs2928679	8	23444717	rs4871885	0.66297
8	23438975	rs2928679	8	23444788	rs4871886	0.66297
8	23438975	rs2928679	8	23444987	rs62501604	0.510236
8	23438975	rs2928679	8	23444993	rs4871888	0.66297
8	23438975	rs2928679	8	23445333	rs4871889	0.66297
8	23438975	rs2928679	8	23445338	rs4871890	0.97714
8	23438975	rs2928679	8	23445432	rs4871891	0.66297
8	23438975	rs2928679	8	23445447	rs111855071	0.176867
8	23438975	rs2928679	8	23445472	rs4871892	0.510236
8	23438975	rs2928679	8	23445495	rs4871893	0.66297
8	23438975	rs2928679	8	23445641	rs2137302	0.510236
8	23438975	rs2928679	8	23445673	rs79506020	0.176867
8	23438975	rs2928679	8	23445727	rs7008096	0.66297
8	23438975	rs2928679	8	23445739	rs76105958	0.176867
8	23438975	rs2928679	8	23445744	rs6993660	0.66297
8	23438975	rs2928679	8	23446056	rs13269892	0.66297
8	23438975	rs2928679	8	23446111	rs3942243	0.66297
8	23438975	rs2928679	8	23446253	rs13267262	0.683108
8	23438975	rs2928679	8	23446274	rs6990373	0.66297
8	23438975	rs2928679	8	23446279	rs7007809	0.66297
8	23438975	rs2928679	8	23446344	rs7007950	0.66297
8	23438975	rs2928679	8	23446430	rs932044	0.66297
8	23438975	rs2928679	8	23446652	rs932045	0.66297
8	23438975	rs2928679	8	23447028	rs4242400	0.66297
8	23438975	rs2928679	8	23447174	rs74785549	0.176867
8	23438975	rs2928679	8	23447177	rs4242401	0.66297
8	23438975	rs2928679	8	23447423	rs1028015	0.505732
8	23438975	rs2928679	8	23447438	rs4527881	0.656218
8	23438975	rs2928679	8	23447471	rs17700954	0.176867
8	23438975	rs2928679	8	23447495	rs78077544	0.159894
8	23438975	rs2928679	8	23447496	rs1028016	0.656218
8	23438975	rs2928679	8	23447664	rs67021324	0.195551
8	23438975	rs2928679	8	23448095	rs6981463	0.510236
8	23438975	rs2928679	8	23448124	rs140134696	0.176867
8	23438975	rs2928679	8	23448238	rs7001306	0.110706
8	23438975	rs2928679	8	23448245	rs7001308	0.502065
8	23438975	rs2928679	8	23448321	rs6980627	0.502065
8	23438975	rs2928679	8	23448534	rs35413167	0.253092
8	23438975	rs2928679	8	23448636	rs11775428	0.292611
8	23438975	rs2928679	8	23448637	rs78780778	0.176867
8	23438975	rs2928679	8	23448776	rs4872162	0.499765
8	23438975	rs2928679	8	23449002	rs11135756	0.499765
8	23438975	rs2928679	8	23449050	rs11135757	0.499765
8	23438975	rs2928679	8	23449184	rs13264869	0.499765
8	23438975	rs2928679	8	23449301	rs13264338	0.98476
8	23438975	rs2928679	8	23449326	rs13262280	0.484154
8	23438975	rs2928679	8	23449327	rs13264363	0.484154
8	23438975	rs2928679	8	23449405	rs13264646	0.499765
8	23438975	rs2928679	8	23450167	rs1355600	0.499765
8	23438975	rs2928679	8	23450211	rs715725	0.499765
8	23438975	rs2928679	8	23450510	rs950893	0.345644
8	23438975	rs2928679	8	23450527	rs35065992	0.169947
8	23438975	rs2928679	8	23450736	rs7016506	0.499765
8	23438975	rs2928679	8	23450880	rs6997098	0.499765
8	23438975	rs2928679	8	23451228	rs11991497	0.499765
8	23438975	rs2928679	8	23451402	rs528332316	0.334845
8	23438975	rs2928679	8	23452085	rs75286371	0.0985121
8	23438975	rs2928679	8	23454413	rs6999833	0.981503
8	23438975	rs2928679	8	23455154	rs553063336	0.122768
8	23438975	rs2928679	8	23455325	rs144179695	0.168619
8	23438975	rs2928679	8	23455336	rs2137305	0.508008
8	23438975	rs2928679	8	23455534	rs3942244	0.508008
8	23438975	rs2928679	8	23455599	rs11333985	0.373795
8	23438975	rs2928679	8	23455629	rs7005539	0.508008
8	23438975	rs2928679	8	23455686	rs6980743	0.110322
8	23438975	rs2928679	8	23455780	rs6995330	0.110322
8	23438975	rs2928679	8	23455871	rs73216709	0.168619
8	23438975	rs2928679	8	23456316	rs10565586	0.168619
8	23438975	rs2928679	8	23456589	rs73216710	0.168619
8	23438975	rs2928679	8	23456634	rs73671497	0.28818
8	23438975	rs2928679	8	23456934	rs79778822	0.28818
8	23438975	rs2928679	8	23456948	rs1512274	0.508008
8	23438975	rs2928679	8	23457525	rs11779008	0.145725
8	23438975	rs2928679	8	23457587	rs6983724	0.345296
8	23438975	rs2928679	8	23457709	rs74934032	0.176867
8	23438975	rs2928679	8	23457977	rs62501649	0.498221
8	23438975	rs2928679	8	23458146	rs79864666	0.176867
8	23438975	rs2928679	8	23458354	rs6992687	0.565633
8	23438975	rs2928679	8	23458734	rs6557695	0.498221
8	23438975	rs2928679	8	23458765	rs7010285	0.169947
8	23438975	rs2928679	8	23458802	rs6557696	0.977085
8	23438975	rs2928679	8	23458968	rs73671498	0.288268
8	23438975	rs2928679	8	23459002	rs6557697	0.988503
8	23438975	rs2928679	8	23459043	rs56197202	0.345296
8	23438975	rs2928679	8	23459157	rs11392533	0.503839
8	23438975	rs2928679	8	23459235	rs7011087	0.169947
8	23438975	rs2928679	8	23459252	rs28619160	0.110322
8	23438975	rs2928679	8	23459276	rs113803439	0.176867
8	23438975	rs2928679	8	23459664	rs12545639	0.345296
8	23438975	rs2928679	8	23459781	rs17089404	0.169947
8	23438975	rs2928679	8	23459891	rs34037221	0.29623
8	23438975	rs2928679	8	23460055	rs10087095	0.169947
8	23438975	rs2928679	8	23460123	rs6557699	0.579074
8	23438975	rs2928679	8	23460140	rs6999070	0.992299
8	23438975	rs2928679	8	23460176	rs77487490	0.28818
8	23438975	rs2928679	8	23460314	rs10100296	0.169947
8	23438975	rs2928679	8	23460478	rs73671499	0.28818
8	23438975	rs2928679	8	23460884	rs28457106	0.168619
8	23438975	rs2928679	8	23461175	rs12549100	0.345466
8	23438975	rs2928679	8	23461233	rs59341197	0.345296
8	23438975	rs2928679	8	23461294	rs73216715	0.168619
8	23438975	rs2928679	8	23461407	rs13261034	0.345296
8	23438975	rs2928679	8	23461451	rs12549157	0.345296
8	23438975	rs2928679	8	23461716	rs35135824	0.984678
8	23438975	rs2928679	8	23461785	rs13269974	0.345296
8	23438975	rs2928679	8	23462370	rs11783078	0.277121
8	23438975	rs2928679	8	23462519	rs11783909	0.168619
8	23438975	rs2928679	8	23462581	rs4872164	0.345296
8	23438975	rs2928679	8	23462782	rs571036725;rs537731718	0.201805
8	23438975	rs2928679	8	23463020	rs10706684	0.345132
8	23438975	rs2928679	8	23463081	rs112621041	0.110322
8	23438975	rs2928679	8	23463101	rs6994358	0.345132
8	23438975	rs2928679	8	23463526	rs17089422	0.168619
8	23438975	rs2928679	8	23464004	rs28623239	0.345132
8	23438975	rs2928679	8	23464505	rs13257043	0.340286
8	23438975	rs2928679	8	23464770	rs725173	0.170452
8	23438975	rs2928679	8	23464789	rs13272418	0.348329
8	23438975	rs2928679	8	23465063	rs13264439	0.573731
8	23438975	rs2928679	8	23465816	rs73671500	0.286649
8	23438975	rs2928679	8	23465916	rs992530	0.510236
8	23438975	rs2928679	8	23465965	rs73671501	0.286583
8	23438975	rs2928679	8	23466448	rs13256009	0.340459
8	23438975	rs2928679	8	23466466	rs1858401	0.558726
8	23438975	rs2928679	8	23466735	rs73559656	0.101609
8	23438975	rs2928679	8	23466739	rs71210630	0.111822
8	23438975	rs2928679	8	23466845	rs4490839	0.567997
8	23438975	rs2928679	8	23466880	rs4383983	0.554802
8	23438975	rs2928679	8	23466984	rs4614003	0.506104
8	23438975	rs2928679	8	23467026	rs13266769	0.337087
8	23438975	rs2928679	8	23467028	rs111550700	0.286583
8	23438975	rs2928679	8	23467303	rs73216722	0.169146
8	23438975	rs2928679	8	23467691	rs6993298	0.337087
8	23438975	rs2928679	8	23467709	rs4615579	0.169146
8	23438975	rs2928679	8	23468260	rs17089435	0.101609
8	23438975	rs2928679	8	23468402	rs9650404	0.552683
8	23438975	rs2928679	8	23468410	rs141940339	0.337087
8	23438975	rs2928679	8	23468650	rs11135758	0.485983
8	23438975	rs2928679	8	23468651	rs76879689	0.101609
8	23438975	rs2928679	8	23468730	rs73559665	0.101609
8	23438975	rs2928679	8	23468924	rs10866831	0.500447
8	23438975	rs2928679	8	23469088	rs11135759	0.554802
8	23438975	rs2928679	8	23469198	rs11995691	0.336916
8	23438975	rs2928679	8	23469528	rs13254114	0.554802
8	23438975	rs2928679	8	23469614	rs7813472	0.500447
8	23438975	rs2928679	8	23469922	rs7817344	0.500447
8	23438975	rs2928679	8	23470115	rs7004793	0.554802
8	23438975	rs2928679	8	23470246	rs12549446	0.101609
8	23438975	rs2928679	8	23470562	rs12550045	0.101609
8	23438975	rs2928679	8	23470583	rs7004327	0.554802
8	23438975	rs2928679	8	23470785	rs6557704	0.500447
8	23438975	rs2928679	8	23470947	rs7009775	0.554802
8	23438975	rs2928679	8	23471111	rs537481167;rs77189299	0.0923084
8	23438975	rs2928679	8	23472044	rs13279189	0.337087
8	23438975	rs2928679	8	23472541	rs78986453	0.170452
8	23438975	rs2928679	8	23472742	rs11995896	0.337087
8	23438975	rs2928679	8	23474184	rs57960888	0.192267
8	23438975	rs2928679	8	23474415	rs7819881	0.335919
8	23438975	rs2928679	8	23474426	rs7837631	0.44478
8	23438975	rs2928679	8	23474613	rs7837924	0.477508
8	23438975	rs2928679	8	23474947	rs17089443	0.44478
8	23438975	rs2928679	8	23474953	rs73216733	0.248333
8	23438975	rs2928679	8	23474963	rs75541123	0.290382
8	23438975	rs2928679	8	23474964	rs79366973	0.290382
8	23438975	rs2928679	8	23475159	rs13274284	0.335919
8	23438975	rs2928679	8	23475242	rs28370549	0.335919
8	23438975	rs2928679	8	23475403	rs2314687	0.335919
8	23438975	rs2928679	8	23477010	rs146489163	0.44478
8	23438975	rs2928679	8	23477243	rs11135760	0.44478
8	23438975	rs2928679	8	23477497	rs4872165	0.345359
8	23438975	rs2928679	8	23477822	rs4872166	0.335919
8	23438975	rs2928679	8	23477981	rs4872167	0.335919
8	23438975	rs2928679	8	23478511	rs907585	0.44478
8	23438975	rs2928679	8	23478587	rs907586	0.477508
8	23438975	rs2928679	8	23478738	rs11135761	0.477508
8	23438975	rs2928679	8	23478809	rs11986046	0.44478
8	23438975	rs2928679	8	23480034	rs10780136	0.431023
8	23438975	rs2928679	8	23480253	rs533215221	0.270332
8	23438975	rs2928679	8	23480686	rs79401075	0.14298
8	23438975	rs2928679	8	23480734	rs907587	0.292346
8	23438975	rs2928679	8	23480772	rs868947	0.288002
8	23526463	rs1512268	8	23451344	rs10503729	0.111063
8	23526463	rs1512268	8	23451476	rs10503730	0.108414
8	23526463	rs1512268	8	23451707	rs73216704	0.111063
8	23526463	rs1512268	8	23451748	rs73216705	0.111063
8	23526463	rs1512268	8	23451893	rs6988205	0.111063
8	23526463	rs1512268	8	23452048	rs6988412	0.111063
8	23526463	rs1512268	8	23452649	rs28850872	0.100961
8	23526463	rs1512268	8	23452826	rs28738943	0.107317
8	23526463	rs1512268	8	23452968	rs11780097	0.107317
8	23526463	rs1512268	8	23454052	rs11776817	0.10994
8	23526463	rs1512268	8	23455978	rs6994472	0.10994
8	23526463	rs1512268	8	23456570	rs1877434	0.10994
8	23526463	rs1512268	8	23457163	rs11781262	0.10994
8	23526463	rs1512268	8	23457200	rs11778150	0.10994
8	23526463	rs1512268	8	23466838	rs7819409	0.12132
8	23526463	rs1512268	8	23467398	rs7841597	0.118568
8	23526463	rs1512268	8	23467715	rs1512273	0.118568
8	23526463	rs1512268	8	23467880	rs1849308	0.12132
8	23526463	rs1512268	8	23467886	rs1849309	0.12132
8	23526463	rs1512268	8	23472447	rs7016047	0.118568
8	23526463	rs1512268	8	23481169	rs73216741	0.215721
8	23526463	rs1512268	8	23481176	rs10113131	0.21645
8	23526463	rs1512268	8	23481335	rs872884	0.214686
8	23526463	rs1512268	8	23481696	rs12677073	0.179441
8	23526463	rs1512268	8	23481757	rs13254857	0.101587
8	23526463	rs1512268	8	23482106	rs4872168	0.152093
8	23526463	rs1512268	8	23483371	rs73559702	0.112413
8	23526463	rs1512268	8	23483389	rs78083285	0.109113
8	23526463	rs1512268	8	23483957	rs6998881	0.41969
8	23526463	rs1512268	8	23484361	rs77759117	0.249063
8	23526463	rs1512268	8	23484506	rs6999836	0.112413
8	23526463	rs1512268	8	23484509	rs7014171	0.112413
8	23526463	rs1512268	8	23484641	rs7014353	0.112413
8	23526463	rs1512268	8	23484692	rs7017076	0.112413
8	23526463	rs1512268	8	23485112	rs907588	0.112413
8	23526463	rs1512268	8	23485233	rs2014574	0.11285
8	23526463	rs1512268	8	23485339	rs1810196	0.11285
8	23526463	rs1512268	8	23485340	rs1810197	0.112413
8	23526463	rs1512268	8	23486159	rs907590	0.111984
8	23526463	rs1512268	8	23486174	rs907591	0.112413
8	23526463	rs1512268	8	23486266	rs907592	0.111984
8	23526463	rs1512268	8	23486362	rs7459670	0.111984
8	23526463	rs1512268	8	23486447	rs28615757	0.112413
8	23526463	rs1512268	8	23486516	rs28602547	0.112413
8	23526463	rs1512268	8	23486705	rs28505692	0.111984
8	23526463	rs1512268	8	23486733	rs28692473	0.111984
8	23526463	rs1512268	8	23486883	rs73561716	0.111984
8	23526463	rs1512268	8	23486887	rs79544800	0.111984
8	23526463	rs1512268	8	23487526	rs73561720	0.111984
8	23526463	rs1512268	8	23487844	rs80214687	0.112413
8	23526463	rs1512268	8	23487874	rs7005012	0.41969
8	23526463	rs1512268	8	23488027	rs77436446	0.11285
8	23526463	rs1512268	8	23488078	rs7005325	0.11285
8	23526463	rs1512268	8	23488096	rs77982554	0.112413
8	23526463	rs1512268	8	23488264	rs6988301	0.112413
8	23526463	rs1512268	8	23490172	rs4871896	0.584842
8	23526463	rs1512268	8	23490904	rs78214202	0.111984
8	23526463	rs1512268	8	23491191	rs11135762	0.584842
8	23526463	rs1512268	8	23491216	rs73561728	0.111984
8	23526463	rs1512268	8	23491771	rs116693213	0.111984
8	23526463	rs1512268	8	23491929	rs373462990	0.111984
8	23526463	rs1512268	8	23491939	rs540774999	0.111984
8	23526463	rs1512268	8	23492247	rs111273297	0.111984
8	23526463	rs1512268	8	23493020	rs145923864	0.150563
8	23526463	rs1512268	8	23493365	rs75073490	0.111984
8	23526463	rs1512268	8	23494093	rs75493618	0.119749
8	23526463	rs1512268	8	23494194	rs73216756	0.41969
8	23526463	rs1512268	8	23494279	rs10103135	0.111984
8	23526463	rs1512268	8	23494828	rs73561735	0.111984
8	23526463	rs1512268	8	23494856	rs13261460	0.274958
8	23526463	rs1512268	8	23495136	rs7835802	0.904378
8	23526463	rs1512268	8	23495279	rs71210632	0.697648
8	23526463	rs1512268	8	23495314	rs6988055	0.111984
8	23526463	rs1512268	8	23496172	rs573988545	0.111984
8	23526463	rs1512268	8	23496546	rs6557705	0.584842
8	23526463	rs1512268	8	23497421	rs13265582	0.274958
8	23526463	rs1512268	8	23497617	rs74381570	0.112413
8	23526463	rs1512268	8	23498683	rs77779564	0.112413
8	23526463	rs1512268	8	23498855	rs1949164	0.893706
8	23526463	rs1512268	8	23498935	rs1949163	0.897249
8	23526463	rs1512268	8	23498986	rs3055446	0.198822
8	23526463	rs1512268	8	23499264	rs7829619	0.904378
8	23526463	rs1512268	8	23499683	rs7830220	0.904119
8	23526463	rs1512268	8	23500852	rs7008384	0.112413
8	23526463	rs1512268	8	23500854	rs4872170	0.588456
8	23526463	rs1512268	8	23501606	rs1398240	0.908189
8	23526463	rs1512268	8	23501651	rs17833222	0.133085
8	23526463	rs1512268	8	23501692	rs73216762	0.41969
8	23526463	rs1512268	8	23501730	rs1398239	0.904885
8	23526463	rs1512268	8	23502027	rs34703123	0.908189
8	23526463	rs1512268	8	23502316	rs11784095	0.27464
8	23526463	rs1512268	8	23502588	rs13256300	0.908189
8	23526463	rs1512268	8	23502660	rs13256366	0.908189
8	23526463	rs1512268	8	23502965	rs71504412	0.904119
8	23526463	rs1512268	8	23504068	rs201587618	0.679859
8	23526463	rs1512268	8	23504117	rs12716529	0.649574
8	23526463	rs1512268	8	23504658	rs146486133	0.908189
8	23526463	rs1512268	8	23504784	rs201177980	0.900328
8	23526463	rs1512268	8	23504834	rs202107500	0.910563
8	23526463	rs1512268	8	23506426	rs13269440	0.75868
8	23526463	rs1512268	8	23506877	rs199953064	0.270243
8	23526463	rs1512268	8	23506972	rs199905199	0.869722
8	23526463	rs1512268	8	23507262	rs142463603	0.891323
8	23526463	rs1512268	8	23507345	rs138911107	0.112413
8	23526463	rs1512268	8	23507352	rs112120571	0.20641
8	23526463	rs1512268	8	23507360	rs189897331	0.904378
8	23526463	rs1512268	8	23507379	rs147410223	0.297456
8	23526463	rs1512268	8	23507984	rs540784935	0.0937867
8	23526463	rs1512268	8	23508269	rs374469097	0.152453
8	23526463	rs1512268	8	23508308	rs186208303	0.152453
8	23526463	rs1512268	8	23508978	rs370802054	0.789174
8	23526463	rs1512268	8	23509858	rs17296662	0.41969
8	23526463	rs1512268	8	23509968	rs4317576	0.117184
8	23526463	rs1512268	8	23510073	rs201886514	0.151825
8	23526463	rs1512268	8	23510116	rs66470425	0.280055
8	23526463	rs1512268	8	23510120	rs3060153	0.583709
8	23526463	rs1512268	8	23510825	rs371994280	0.736496
8	23526463	rs1512268	8	23511163	rs11773905	0.592178
8	23526463	rs1512268	8	23511567	rs75111924	0.112413
8	23526463	rs1512268	8	23511900	rs7832150	0.112413
8	23526463	rs1512268	8	23512136	rs7831442	0.588456
8	23526463	rs1512268	8	23512607	rs199916785	0.101659
8	23526463	rs1512268	8	23513730	rs4242402	0.59347
8	23526463	rs1512268	8	23514185	rs4242403	0.915341
8	23526463	rs1512268	8	23514289	rs4872171	0.915341
8	23526463	rs1512268	8	23514343	rs4872172	0.919168
8	23526463	rs1512268	8	23514756	rs4266657	0.112413
8	23526463	rs1512268	8	23514823	rs2137303	0.289099
8	23526463	rs1512268	8	23515527	rs2315144	0.919168
8	23526463	rs1512268	8	23515591	rs75352536	0.112413
8	23526463	rs1512268	8	23515679	rs13262683	0.915341
8	23526463	rs1512268	8	23516500	rs1512271	0.915341
8	23526463	rs1512268	8	23517031	rs1398238	0.919168
8	23526463	rs1512268	8	23517481	rs11286112	0.100026
8	23526463	rs1512268	8	23518058	rs7006278	0.423868
8	23526463	rs1512268	8	23518102	rs17089500	0.290987
8	23526463	rs1512268	8	23518785	rs13274763	0.59347
8	23526463	rs1512268	8	23519135	rs56014938	0.423868
8	23526463	rs1512268	8	23520043	rs1512270	0.423868
8	23526463	rs1512268	8	23520447	rs138482066	0.112413
8	23526463	rs1512268	8	23522127	rs10448067	0.20974
8	23526463	rs1512268	8	23522452	rs7821330	0.984789
8	23526463	rs1512268	8	23522741	rs995433	0.988608
8	23526463	rs1512268	8	23522745	rs11135765	0.977292
8	23526463	rs1512268	8	23522767	rs35510410	0.742985
8	23526463	rs1512268	8	23522799	rs12548121	0.356009
8	23526463	rs1512268	8	23522851	rs995432	0.988608
8	23526463	rs1512268	8	23524251	rs1121615;rs149897783	0.995292
8	23526463	rs1512268	8	23524744	rs1606303	1
8	23526463	rs1512268	8	23525075	rs56193509	0.485121
8	23526463	rs1512268	8	23525211	rs4872174	0.654401
8	23526463	rs1512268	8	23525358	rs11782388	1
8	23526463	rs1512268	8	23525543	rs13265330	0.992448
8	23526463	rs1512268	8	23526463	rs1512268	1
8	23526463	rs1512268	8	23527412	rs77102566	0.112413
8	23526463	rs1512268	8	23528230	rs10503734	0.112413
8	23526463	rs1512268	8	23528511	rs13272392	0.984749
8	23526463	rs1512268	8	23528659	rs1971376	0.485121
8	23526463	rs1512268	8	23529521	rs1160267	0.9962
8	23526463	rs1512268	8	23531987	rs13267884	0.951773
8	23526463	rs1512268	8	23532496	rs56229168	0.477241
8	23526463	rs1512268	8	23533623	rs11135766	0.977293
8	23526463	rs1512268	8	23533634	rs59389126	0.476567
8	23526463	rs1512268	8	23533648	rs113252301	0.111984
8	23526463	rs1512268	8	23534018	rs10503733	0.476567
8	23526463	rs1512268	8	23534802	rs4872175	0.977293
8	23526463	rs1512268	8	23535219	rs13262167	0.981017
8	23526463	rs1512268	8	23538008	rs4872176	0.826461
8	23526463	rs1512268	8	23538220	rs67789324	0.823782
8	23526463	rs1512268	8	23538426	rs4872177	0.475209
8	23526463	rs1512268	8	23538533	rs1567669	0.641866
8	23526463	rs1512268	8	23539871	rs77096235	0.819453
8	23526463	rs1512268	8	23540417	rs11781886	0.459816
8	23526463	rs1512268	8	23541375	rs73216784	0.133455
8	23526463	rs1512268	8	23542893	rs13253010	0.443384
8	23526463	rs1512268	8	23543429	rs1866342	0.450003
8	23526463	rs1512268	8	23543583	rs1866343	0.765426
8	23526463	rs1512268	8	23543809	rs4871898	0.299416
8	23526463	rs1512268	8	23545436	rs11786738	0.16746
8	23526463	rs1512268	8	23545458	rs11786742	0.756965
8	23526463	rs1512268	8	23545543	rs13248160	0.16746
8	23526463	rs1512268	8	23545558	rs11990531	0.16746
8	23526463	rs1512268	8	23545616	rs113698131	0.255397
8	23526463	rs1512268	8	23545856	rs10866832	0.172355
8	23526463	rs1512268	8	23547067	rs4872178	0.354522
8	23526463	rs1512268	8	23547214	rs11774063	0.193655
8	23526463	rs1512268	8	23547226	rs1866345	0.29288
8	23526463	rs1512268	8	23547453	rs1866346	0.273178
8	23526463	rs1512268	8	23547510	rs1866347	0.273178
8	23526463	rs1512268	8	23547761	rs7845476	0.271274
8	23526463	rs1512268	8	23547812	rs7829097	0.273178
8	23526463	rs1512268	8	23548146	rs17089521	0.268536
8	23526463	rs1512268	8	23548749	rs10094009	0.146091
8	23526463	rs1512268	8	23549453	rs10866833	0.102336
8	23528511	rs13272392	8	23451344	rs10503729	0.112659
8	23528511	rs13272392	8	23451476	rs10503730	0.109992
8	23528511	rs13272392	8	23451707	rs73216704	0.112659
8	23528511	rs13272392	8	23451748	rs73216705	0.112659
8	23528511	rs13272392	8	23451893	rs6988205	0.112659
8	23528511	rs13272392	8	23452048	rs6988412	0.112659
8	23528511	rs13272392	8	23452649	rs28850872	0.10241
8	23528511	rs13272392	8	23452826	rs28738943	0.108879
8	23528511	rs13272392	8	23452968	rs11780097	0.108879
8	23528511	rs13272392	8	23454052	rs11776817	0.11152
8	23528511	rs13272392	8	23455978	rs6994472	0.11152
8	23528511	rs13272392	8	23456570	rs1877434	0.11152
8	23528511	rs13272392	8	23457163	rs11781262	0.11152
8	23528511	rs13272392	8	23457200	rs11778150	0.11152
8	23528511	rs13272392	8	23466838	rs7819409	0.123004
8	23528511	rs13272392	8	23467398	rs7841597	0.120234
8	23528511	rs13272392	8	23467715	rs1512273	0.120234
8	23528511	rs13272392	8	23467880	rs1849308	0.123004
8	23528511	rs13272392	8	23467886	rs1849309	0.123004
8	23528511	rs13272392	8	23472447	rs7016047	0.120234
8	23528511	rs13272392	8	23481169	rs73216741	0.223557
8	23528511	rs13272392	8	23481176	rs10113131	0.224326
8	23528511	rs13272392	8	23481335	rs872884	0.218614
8	23528511	rs13272392	8	23481696	rs12677073	0.180774
8	23528511	rs13272392	8	23481757	rs13254857	0.10141
8	23528511	rs13272392	8	23482106	rs4872168	0.153719
8	23528511	rs13272392	8	23483371	rs73559702	0.115178
8	23528511	rs13272392	8	23483389	rs78083285	0.111801
8	23528511	rs13272392	8	23483957	rs6998881	0.402194
8	23528511	rs13272392	8	23484361	rs77759117	0.24586
8	23528511	rs13272392	8	23484506	rs6999836	0.11947
8	23528511	rs13272392	8	23484509	rs7014171	0.11947
8	23528511	rs13272392	8	23484641	rs7014353	0.11947
8	23528511	rs13272392	8	23484692	rs7017076	0.11947
8	23528511	rs13272392	8	23485112	rs907588	0.11947
8	23528511	rs13272392	8	23485233	rs2014574	0.115612
8	23528511	rs13272392	8	23485339	rs1810196	0.115612
8	23528511	rs13272392	8	23485340	rs1810197	0.11947
8	23528511	rs13272392	8	23486159	rs907590	0.119026
8	23528511	rs13272392	8	23486174	rs907591	0.115178
8	23528511	rs13272392	8	23486266	rs907592	0.119026
8	23528511	rs13272392	8	23486362	rs7459670	0.119026
8	23528511	rs13272392	8	23486447	rs28615757	0.115178
8	23528511	rs13272392	8	23486516	rs28602547	0.115178
8	23528511	rs13272392	8	23486705	rs28505692	0.119026
8	23528511	rs13272392	8	23486733	rs28692473	0.119026
8	23528511	rs13272392	8	23486883	rs73561716	0.119026
8	23528511	rs13272392	8	23486887	rs79544800	0.119026
8	23528511	rs13272392	8	23487526	rs73561720	0.119026
8	23528511	rs13272392	8	23487844	rs80214687	0.115178
8	23528511	rs13272392	8	23487874	rs7005012	0.402194
8	23528511	rs13272392	8	23488027	rs77436446	0.115612
8	23528511	rs13272392	8	23488078	rs7005325	0.115612
8	23528511	rs13272392	8	23488096	rs77982554	0.11947
8	23528511	rs13272392	8	23488264	rs6988301	0.115178
8	23528511	rs13272392	8	23490172	rs4871896	0.567868
8	23528511	rs13272392	8	23490904	rs78214202	0.119026
8	23528511	rs13272392	8	23491191	rs11135762	0.567868
8	23528511	rs13272392	8	23491216	rs73561728	0.119026
8	23528511	rs13272392	8	23491771	rs116693213	0.119026
8	23528511	rs13272392	8	23491929	rs373462990	0.119026
8	23528511	rs13272392	8	23491939	rs540774999	0.119026
8	23528511	rs13272392	8	23492247	rs111273297	0.119026
8	23528511	rs13272392	8	23493020	rs145923864	0.14937
8	23528511	rs13272392	8	23493365	rs75073490	0.119026
8	23528511	rs13272392	8	23494093	rs75493618	0.126946
8	23528511	rs13272392	8	23494194	rs73216756	0.402194
8	23528511	rs13272392	8	23494279	rs10103135	0.119026
8	23528511	rs13272392	8	23494828	rs73561735	0.119026
8	23528511	rs13272392	8	23494856	rs13261460	0.272775
8	23528511	rs13272392	8	23495136	rs7835802	0.896015
8	23528511	rs13272392	8	23495279	rs71210632	0.687871
8	23528511	rs13272392	8	23495314	rs6988055	0.119026
8	23528511	rs13272392	8	23496172	rs573988545	0.119026
8	23528511	rs13272392	8	23496546	rs6557705	0.567868
8	23528511	rs13272392	8	23497421	rs13265582	0.272775
8	23528511	rs13272392	8	23497617	rs74381570	0.115178
8	23528511	rs13272392	8	23498683	rs77779564	0.115178
8	23528511	rs13272392	8	23498855	rs1949164	0.899947
8	23528511	rs13272392	8	23498935	rs1949163	0.90355
8	23528511	rs13272392	8	23498986	rs3055446	0.198339
8	23528511	rs13272392	8	23499264	rs7829619	0.896015
8	23528511	rs13272392	8	23499683	rs7830220	0.895694
8	23528511	rs13272392	8	23500852	rs7008384	0.115178
8	23528511	rs13272392	8	23500854	rs4872170	0.571346
8	23528511	rs13272392	8	23501606	rs1398240	0.899758
8	23528511	rs13272392	8	23501651	rs17833222	0.131975
8	23528511	rs13272392	8	23501692	rs73216762	0.402194
8	23528511	rs13272392	8	23501730	rs1398239	0.896453
8	23528511	rs13272392	8	23502027	rs34703123	0.899758
8	23528511	rs13272392	8	23502316	rs11784095	0.272439
8	23528511	rs13272392	8	23502588	rs13256300	0.899758
8	23528511	rs13272392	8	23502660	rs13256366	0.899758
8	23528511	rs13272392	8	23502965	rs71504412	0.895694
8	23528511	rs13272392	8	23504068	rs201587618	0.673609
8	23528511	rs13272392	8	23504117	rs12716529	0.644019
8	23528511	rs13272392	8	23504658	rs146486133	0.899758
8	23528511	rs13272392	8	23504784	rs201177980	0.89197
8	23528511	rs13272392	8	23504834	rs202107500	0.902406
8	23528511	rs13272392	8	23506426	rs13269440	0.751331
8	23528511	rs13272392	8	23506877	rs199953064	0.268059
8	23528511	rs13272392	8	23506972	rs199905199	0.86152
8	23528511	rs13272392	8	23507262	rs142463603	0.883049
8	23528511	rs13272392	8	23507345	rs138911107	0.115178
8	23528511	rs13272392	8	23507352	rs112120571	0.206034
8	23528511	rs13272392	8	23507360	rs189897331	0.896015
8	23528511	rs13272392	8	23507379	rs147410223	0.294377
8	23528511	rs13272392	8	23507984	rs540784935	0.0961323
8	23528511	rs13272392	8	23508269	rs374469097	0.139229
8	23528511	rs13272392	8	23508308	rs186208303	0.139229
8	23528511	rs13272392	8	23508978	rs370802054	0.780796
8	23528511	rs13272392	8	23509858	rs17296662	0.402194
8	23528511	rs13272392	8	23509968	rs4317576	0.120067
8	23528511	rs13272392	8	23510073	rs201886514	0.142879
8	23528511	rs13272392	8	23510116	rs66470425	0.26718
8	23528511	rs13272392	8	23510120	rs3060153	0.566274
8	23528511	rs13272392	8	23510825	rs371994280	0.722285
8	23528511	rs13272392	8	23511163	rs11773905	0.575219
8	23528511	rs13272392	8	23511567	rs75111924	0.115178
8	23528511	rs13272392	8	23511900	rs7832150	0.115178
8	23528511	rs13272392	8	23512136	rs7831442	0.571346
8	23528511	rs13272392	8	23512607	rs199916785	0.104322
8	23528511	rs13272392	8	23513730	rs4242402	0.576503
8	23528511	rs13272392	8	23514185	rs4242403	0.907042
8	23528511	rs13272392	8	23514289	rs4872171	0.907042
8	23528511	rs13272392	8	23514343	rs4872172	0.903393
8	23528511	rs13272392	8	23514756	rs4266657	0.115178
8	23528511	rs13272392	8	23514823	rs2137303	0.286019
8	23528511	rs13272392	8	23515527	rs2315144	0.903393
8	23528511	rs13272392	8	23515591	rs75352536	0.115178
8	23528511	rs13272392	8	23515679	rs13262683	0.907042
8	23528511	rs13272392	8	23516500	rs1512271	0.907042
8	23528511	rs13272392	8	23517031	rs1398238	0.903393
8	23528511	rs13272392	8	23517481	rs11286112	0.103713
8	23528511	rs13272392	8	23518058	rs7006278	0.406525
8	23528511	rs13272392	8	23518102	rs17089500	0.28791
8	23528511	rs13272392	8	23518785	rs13274763	0.576503
8	23528511	rs13272392	8	23519135	rs56014938	0.406525
8	23528511	rs13272392	8	23520043	rs1512270	0.406525
8	23528511	rs13272392	8	23520447	rs138482066	0.115178
8	23528511	rs13272392	8	23522127	rs10448067	0.209469
8	23528511	rs13272392	8	23522452	rs7821330	0.96952
8	23528511	rs13272392	8	23522741	rs995433	0.973245
8	23528511	rs13272392	8	23522745	rs11135765	0.969727
8	23528511	rs13272392	8	23522767	rs35510410	0.730333
8	23528511	rs13272392	8	23522799	rs12548121	0.353169
8	23528511	rs13272392	8	23522851	rs995432	0.973245
8	23528511	rs13272392	8	23524251	rs1121615;rs149897783	0.985951
8	23528511	rs13272392	8	23524744	rs1606303	0.984749
8	23528511	rs13272392	8	23525075	rs56193509	0.467776
8	23528511	rs13272392	8	23525211	rs4872174	0.63776
8	23528511	rs13272392	8	23525358	rs11782388	0.984749
8	23528511	rs13272392	8	23525543	rs13265330	0.984956
8	23528511	rs13272392	8	23526463	rs1512268	0.984749
8	23528511	rs13272392	8	23527412	rs77102566	0.115178
8	23528511	rs13272392	8	23528230	rs10503734	0.115178
8	23528511	rs13272392	8	23528511	rs13272392	1
8	23528511	rs13272392	8	23528659	rs1971376	0.467776
8	23528511	rs13272392	8	23529521	rs1160267	0.988647
8	23528511	rs13272392	8	23531987	rs13267884	0.958793
8	23528511	rs13272392	8	23532496	rs56229168	0.470935
8	23528511	rs13272392	8	23533623	rs11135766	0.984728
8	23528511	rs13272392	8	23533634	rs59389126	0.470244
8	23528511	rs13272392	8	23533648	rs113252301	0.114755
8	23528511	rs13272392	8	23534018	rs10503733	0.470244
8	23528511	rs13272392	8	23534802	rs4872175	0.984728
8	23528511	rs13272392	8	23535219	rs13262167	0.97339
8	23528511	rs13272392	8	23538008	rs4872176	0.819969
8	23528511	rs13272392	8	23538220	rs67789324	0.817592
8	23528511	rs13272392	8	23538426	rs4872177	0.457858
8	23528511	rs13272392	8	23538533	rs1567669	0.631531
8	23528511	rs13272392	8	23539871	rs77096235	0.813211
8	23528511	rs13272392	8	23540417	rs11781886	0.442713
8	23528511	rs13272392	8	23541375	rs73216784	0.119868
8	23528511	rs13272392	8	23542893	rs13253010	0.425915
8	23528511	rs13272392	8	23543429	rs1866342	0.432462
8	23528511	rs13272392	8	23543583	rs1866343	0.75856
8	23528511	rs13272392	8	23543809	rs4871898	0.29632
8	23528511	rs13272392	8	23545436	rs11786738	0.153618
8	23528511	rs13272392	8	23545458	rs11786742	0.750205
8	23528511	rs13272392	8	23545543	rs13248160	0.153618
8	23528511	rs13272392	8	23545558	rs11990531	0.153618
8	23528511	rs13272392	8	23545616	rs113698131	0.239537
8	23528511	rs13272392	8	23545856	rs10866832	0.158284
8	23528511	rs13272392	8	23547067	rs4872178	0.351153
8	23528511	rs13272392	8	23547214	rs11774063	0.200621
8	23528511	rs13272392	8	23547226	rs1866345	0.289806
8	23528511	rs13272392	8	23547453	rs1866346	0.279909
8	23528511	rs13272392	8	23547510	rs1866347	0.279909
8	23528511	rs13272392	8	23547761	rs7845476	0.27798
8	23528511	rs13272392	8	23547812	rs7829097	0.279909
8	23528511	rs13272392	8	23548146	rs17089521	0.275209
8	23528511	rs13272392	8	23548749	rs10094009	0.140415
8	23528511	rs13272392	8	23549453	rs10866833	0.09745
