CHR_A	BP_A	SNP_A	CHR_B	BP_B	SNP_B	R2
8	128077146	rs77541621	8	128237606	rs73351748	0.219403
8	128077146	rs77541621	8	128243131	rs16902048	0.219403
8	128077146	rs77541621	8	128243374	rs142952384	0.168178
8	128077146	rs77541621	8	128250570	rs11995647	0.231887
8	128077146	rs77541621	8	128262926	rs12156379	0.219403
8	128077146	rs77541621	8	128267743	rs17449442	0.195814
8	128077146	rs77541621	8	128346607	rs547819428	0.0964072
8	128077146	rs77541621	8	128386267	rs116846195	0.146721
8	128077146	rs77541621	8	128565557	rs118143686	0.0964072
8	128104117	rs183373024	8	128285408	rs201885483	0.338986
8	128104117	rs183373024	8	128305532	rs139489855	0.10934
8	128104117	rs183373024	8	128324183	rs570318977	0.10934
8	128104117	rs183373024	8	128330539	rs181069596	0.203044
8	128104117	rs183373024	8	128363429	rs566750306	0.198247
8	128104117	rs183373024	8	128380384	rs146836668	0.187533
8	128104117	rs183373024	8	128391079	rs547544773	0.10934
8	128104117	rs183373024	8	128406404	rs79612616	0.10934
8	128104117	rs183373024	8	128416427	rs182957179	0.10934
8	128104117	rs183373024	8	128444298	rs559804011	0.10934
8	128104117	rs183373024	8	128444775	rs150869774	0.0910396
8	128104117	rs183373024	8	128479976	rs78311688	0.389486
8	128104117	rs183373024	8	128560960	rs531063290	0.10934
8	128104117	rs183373024	8	128587580	rs189011218	0.10934
8	128104117	rs183373024	8	128601579	rs142822702	0.10934
8	128106880	rs6983561	8	128237606	rs73351748	0.199871
8	128106880	rs6983561	8	128243131	rs16902048	0.199871
8	128106880	rs6983561	8	128243374	rs142952384	0.131071
8	128106880	rs6983561	8	128250570	rs11995647	0.212021
8	128106880	rs6983561	8	128262926	rs12156379	0.167004
8	128106880	rs6983561	8	128267743	rs17449442	0.155418
8	128106880	rs6983561	8	128386267	rs116846195	0.0986338
8	128124916	rs16901979	8	128237606	rs73351748	0.199871
8	128124916	rs16901979	8	128243131	rs16902048	0.199871
8	128124916	rs16901979	8	128243374	rs142952384	0.131071
8	128124916	rs16901979	8	128250570	rs11995647	0.212021
8	128124916	rs16901979	8	128262926	rs12156379	0.167004
8	128124916	rs16901979	8	128267743	rs17449442	0.155418
8	128124916	rs16901979	8	128386267	rs116846195	0.0986338
8	128208369	rs138042437	8	128285408	rs201885483	0.338986
8	128208369	rs138042437	8	128324183	rs570318977	0.10934
8	128208369	rs138042437	8	128330539	rs181069596	0.203044
8	128208369	rs138042437	8	128363429	rs566750306	0.198247
8	128208369	rs138042437	8	128380384	rs146836668	0.187533
8	128208369	rs138042437	8	128406404	rs79612616	0.10934
8	128208369	rs138042437	8	128416427	rs182957179	0.10934
8	128208369	rs138042437	8	128444298	rs559804011	0.10934
8	128208369	rs138042437	8	128444775	rs150869774	0.0910396
8	128208369	rs138042437	8	128479976	rs78311688	0.389486
8	128208369	rs138042437	8	128535318	rs534187816	0.10934
8	128208369	rs138042437	8	128560960	rs531063290	0.10934
8	128208369	rs138042437	8	128587580	rs189011218	0.10934
8	128208369	rs138042437	8	128601579	rs142822702	0.10934
8	128208369	rs138042437	8	128609246	rs571910448	0.10934
8	128320346	rs16902094	8	128270980	rs4871014	0.129129
8	128320346	rs16902094	8	128270999	rs2167375	0.129129
8	128320346	rs16902094	8	128271095	rs4871775	0.129129
8	128320346	rs16902094	8	128272220	rs1868907	0.107703
8	128320346	rs16902094	8	128273726	rs4871777	0.110754
8	128320346	rs16902094	8	128273928	rs4871778	0.105194
8	128320346	rs16902094	8	128275925	rs965270	0.0922769
8	128320346	rs16902094	8	128278313	rs2122835	0.119488
8	128320346	rs16902094	8	128279007	rs4871779	0.144637
8	128320346	rs16902094	8	128281644	rs283732	0.221463
8	128320346	rs16902094	8	128281901	rs283731	0.223882
8	128320346	rs16902094	8	128286567	rs166900	0.234641
8	128320346	rs16902094	8	128287945	rs62529475	0.114168
8	128320346	rs16902094	8	128289591	rs283710	0.163654
8	128320346	rs16902094	8	128291198	rs283712	0.162123
8	128320346	rs16902094	8	128291366	rs370874	0.232241
8	128320346	rs16902094	8	128293345	rs11993023	0.0915548
8	128320346	rs16902094	8	128293466	rs185852	0.223636
8	128320346	rs16902094	8	128293992	rs34822552	0.234496
8	128320346	rs16902094	8	128296664	rs438783	0.208522
8	128320346	rs16902094	8	128296677	rs10609737	0.14891
8	128320346	rs16902094	8	128299175	rs283702	0.215017
8	128320346	rs16902094	8	128302639	rs17378569	0.0943704
8	128320346	rs16902094	8	128303557	rs283715	0.202742
8	128320346	rs16902094	8	128305167	rs283716	0.246404
8	128320346	rs16902094	8	128307082	rs283718	0.151122
8	128320346	rs16902094	8	128307955	rs13251915	0.35164
8	128320346	rs16902094	8	128309965	rs283720	0.252638
8	128320346	rs16902094	8	128314913	rs34882299	0.109378
8	128320346	rs16902094	8	128315379	rs2307929	0.0939438
8	128320346	rs16902094	8	128317450	rs283705	0.109548
8	128320346	rs16902094	8	128317585	rs7006593	0.0939249
8	128320346	rs16902094	8	128318755	rs10107982	0.0942095
8	128320346	rs16902094	8	128320346	rs16902094	1
8	128320346	rs16902094	8	128320509	rs143229300	1
8	128320346	rs16902094	8	128320976	rs74822356	0.940385
8	128320346	rs16902094	8	128321202	rs7838810	0.133884
8	128320346	rs16902094	8	128321411	rs453875	0.171786
8	128320346	rs16902094	8	128321413	rs72728057	0.948136
8	128320346	rs16902094	8	128321483	rs72728059	0.948136
8	128320346	rs16902094	8	128321583	rs72728061	0.948136
8	128320346	rs16902094	8	128321684	rs16902095	0.969529
8	128320346	rs16902094	8	128323157	rs60163266	0.992254
8	128320346	rs16902094	8	128323181	rs445114	0.148318
8	128320346	rs16902094	8	128323724	rs56736364	0.992254
8	128320346	rs16902094	8	128323731	rs34585331	0.97702
8	128320346	rs16902094	8	128323819	rs378854	0.140464
8	128320346	rs16902094	8	128323874	rs421094	0.141451
8	128320346	rs16902094	8	128323891	rs4506170	0.948136
8	128320346	rs16902094	8	128323951	rs151204419	0.97702
8	128320346	rs16902094	8	128323987	rs200496470	0.97702
8	128320346	rs16902094	8	128324001	rs201469546	0.97702
8	128320346	rs16902094	8	128324071	rs139988765	0.969239
8	128320346	rs16902094	8	128324075	rs144898130	0.984481
8	128320346	rs16902094	8	128324147	rs382434	0.131276
8	128320346	rs16902094	8	128324421	rs375384045	0.137346
8	128320346	rs16902094	8	128324539	rs368727510	0.992254
8	128320346	rs16902094	8	128324718	rs192955651	0.962568
8	128320346	rs16902094	8	128324895	rs145501433	0.148318
8	128320346	rs16902094	8	128325031	rs183616518	0.109283
8	128320346	rs16902094	8	128325183	rs7832541	0.148318
8	128320346	rs16902094	8	128325355	rs201057014	0.887793
8	128320346	rs16902094	8	128325478	rs371184876	0.133912
8	128320346	rs16902094	8	128327210	rs186307710	0.969529
8	128320346	rs16902094	8	128327641	rs618477	0.143041
8	128320346	rs16902094	8	128327828	rs617894	0.118113
8	128320346	rs16902094	8	128327889	rs183738189	0.97702
8	128320346	rs16902094	8	128327920	rs191545467	0.946153
8	128320346	rs16902094	8	128328019	rs2658486	0.141032
8	128320346	rs16902094	8	128329744	rs11774287	0.916565
8	128320346	rs16902094	8	128329834	rs11781846	0.962156
8	128320346	rs16902094	8	128329935	rs4590403	0.133714
8	128320346	rs16902094	8	128329988	rs11781888	0.962156
8	128320346	rs16902094	8	128330139	rs550630339	0.14556
8	128320346	rs16902094	8	128330555	rs77635060	0.969902
8	128320346	rs16902094	8	128330920	rs34715677;rs369672184	0.132185
8	128320346	rs16902094	8	128331320	rs199966786	0.135084
8	128320346	rs16902094	8	128331799	rs4397364	0.123345
8	128320346	rs16902094	8	128332387	rs199873947	0.969902
8	128320346	rs16902094	8	128332714	rs149330213	0.213369
8	128320346	rs16902094	8	128332724	rs566668410	0.97702
8	128320346	rs16902094	8	128332870	rs13273995	0.128528
8	128320346	rs16902094	8	128332887	rs13271655	0.121315
8	128320346	rs16902094	8	128332968	rs186935985	0.97702
8	128320346	rs16902094	8	128333031	rs13272966	0.131308
8	128320346	rs16902094	8	128333044	rs13274559	0.131308
8	128320346	rs16902094	8	128333103	rs138867633	0.730872
8	128320346	rs16902094	8	128333116	rs13272305	0.158285
8	128320346	rs16902094	8	128333180	rs622856	0.137088
8	128320346	rs16902094	8	128333181	rs622853	0.139291
8	128320346	rs16902094	8	128333197	rs622556	0.125634
8	128320346	rs16902094	8	128333220	rs72712308	0.97702
8	128320346	rs16902094	8	128333259	rs452529	0.125634
8	128320346	rs16902094	8	128333513	rs444318	0.125634
8	128320346	rs16902094	8	128333565	rs72712310	0.97702
8	128320346	rs16902094	8	128334150	rs10574286	0.125634
8	128320346	rs16902094	8	128334245	rs366991	0.134826
8	128320346	rs16902094	8	128334485	rs606677	0.123894
8	128320346	rs16902094	8	128334499	rs606345	0.123894
8	128320346	rs16902094	8	128334662	rs2691039	0.125634
8	128320346	rs16902094	8	128334900	rs13256367	0.12754
8	128320346	rs16902094	8	128334911	rs594154	0.125634
8	128320346	rs16902094	8	128334966	rs594076	0.125634
8	128320346	rs16902094	8	128334992	rs373701	0.125634
8	128320346	rs16902094	8	128335079	rs55717424	0.97702
8	128320346	rs16902094	8	128335246	rs437980	0.125634
8	128320346	rs16902094	8	128335526	rs62516012	0.103416
8	128320346	rs16902094	8	128335536	rs58104177	0.97702
8	128320346	rs16902094	8	128335673	rs620861	0.137088
8	128320346	rs16902094	8	128335714	rs620808	0.126334
8	128320346	rs16902094	8	128335715	rs590574	0.126334
8	128320346	rs16902094	8	128335796	rs443053	0.137088
8	128320346	rs16902094	8	128335999	rs34299030	0.125634
8	128320346	rs16902094	8	128336053	rs72712332	0.97702
8	128320346	rs16902094	8	128336546	rs400818	0.12864
8	128320346	rs16902094	8	128336664	rs72712334	0.97702
8	128320346	rs16902094	8	128336740	rs78015822	0.125668
8	128320346	rs16902094	8	128336741	rs74588857	0.125668
8	128320346	rs16902094	8	128336744	rs34628978	0.125668
8	128320346	rs16902094	8	128336871	rs386883	0.12864
8	128320346	rs16902094	8	128337049	rs34152056	0.12864
8	128320346	rs16902094	8	128337241	rs377649	0.12864
8	128320346	rs16902094	8	128337278	rs442889	0.131543
8	128320346	rs16902094	8	128337279	rs3999789	0.136469
8	128320346	rs16902094	8	128337285	rs200499606	0.136469
8	128320346	rs16902094	8	128337375	rs34789257	0.127215
8	128320346	rs16902094	8	128337927	rs432523	0.130937
8	128320346	rs16902094	8	128338258	rs72712335	0.97702
8	128320346	rs16902094	8	128338594	rs430693	0.12864
8	128320346	rs16902094	8	128338693	rs684254	0.12864
8	128320346	rs16902094	8	128338702	rs1395287	0.12754
8	128320346	rs16902094	8	128338760	rs631845	0.12864
8	128320346	rs16902094	8	128338847	rs653605	0.12864
8	128320346	rs16902094	8	128339044	rs432470	0.0944044
8	128320346	rs16902094	8	128339426	rs424281	0.0944044
8	128320346	rs16902094	8	128340124	rs16902101	0.97702
8	128320346	rs16902094	8	128340221	rs16902102	0.969016
8	128320346	rs16902094	8	128340374	rs16902103	0.97702
8	128320346	rs16902094	8	128340489	rs537302108	0.97702
8	128320346	rs16902094	8	128340537	rs72712338	0.97702
8	128320346	rs16902094	8	128340554	rs72712339	0.97702
8	128320346	rs16902094	8	128340908	rs16902104	0.97702
8	128320346	rs16902094	8	128341103	rs1668875	0.160774
8	128320346	rs16902094	8	128341680	rs587948	0.155714
8	128320346	rs16902094	8	128341727	rs623401	0.155714
8	128320346	rs16902094	8	128341810	rs60497658	0.934012
8	128320346	rs16902094	8	128342114	rs35049703	0.124541
8	128320346	rs16902094	8	128342154	rs10956359	0.103336
8	128320346	rs16902094	8	128342626	rs72712344	0.904667
8	128320346	rs16902094	8	128343202	rs34781937	0.13699
8	128320346	rs16902094	8	128348403	rs73336742	0.488376
8	128320346	rs16902094	8	128348617	rs16902118	0.488376
8	128320346	rs16902094	8	128354763	rs58935344	0.143953
8	128320346	rs16902094	8	128354785	rs10095860	0.109816
8	128320346	rs16902094	8	128354918	rs16902121	0.398521
8	128320346	rs16902094	8	128355234	rs73336758	0.398521
8	128320346	rs16902094	8	128355567	rs59561127	0.403611
8	128320346	rs16902094	8	128358866	rs73336767	0.398521
8	128320346	rs16902094	8	128365083	rs11785277	0.393503
8	128320346	rs16902094	8	128365199	rs11774777	0.393503
8	128320346	rs16902094	8	128365202	rs11781679	0.393503
8	128320346	rs16902094	8	128365341	rs11774827	0.393503
8	128320346	rs16902094	8	128365698	rs11781774	0.393503
8	128320346	rs16902094	8	128365947	rs35850773	0.393503
8	128320346	rs16902094	8	128366037	rs13267256	0.393503
8	128320346	rs16902094	8	128366045	rs13266502	0.393503
8	128320346	rs16902094	8	128366165	rs13266816	0.393503
8	128320346	rs16902094	8	128366167	rs13267604	0.393503
8	128320346	rs16902094	8	128366444	rs11782693	0.393503
8	128320346	rs16902094	8	128366604	rs11782735	0.393503
8	128320346	rs16902094	8	128366754	rs11775906	0.393503
8	128320346	rs16902094	8	128366925	rs11783559	0.377438
8	128320346	rs16902094	8	128367007	rs11783615	0.393503
8	128320346	rs16902094	8	128367106	rs73336790	0.393503
8	128320346	rs16902094	8	128367656	rs538175669	0.28836
8	128320346	rs16902094	8	128367695	rs36072021	0.393503
8	128320346	rs16902094	8	128368933	rs55879891	0.382346
8	128320346	rs16902094	8	128369743	rs55885383	0.398521
8	128320346	rs16902094	8	128370188	rs76095054	0.398521
8	128320346	rs16902094	8	128370189	rs75065588	0.407517
8	128320346	rs16902094	8	128373653	rs35509487	0.371069
8	128320346	rs16902094	8	128378810	rs56001747	0.382346
8	128320346	rs16902094	8	128379920	rs11784125	0.398521
8	128320346	rs16902094	8	128382488	rs11776260	0.388556
8	128320346	rs16902094	8	128384090	rs11774907	0.398521
8	128320346	rs16902094	8	128384417	rs16902127	0.367343
8	128320346	rs16902094	8	128385689	rs112108349	0.398521
8	128320346	rs16902094	8	128386203	rs34864288	0.200594
8	128320346	rs16902094	8	128389964	rs78571675	0.174705
8	128320346	rs16902094	8	128390660	rs731900	0.115944
8	128321483	rs72728059	8	128270980	rs4871014	0.122679
8	128321483	rs72728059	8	128270999	rs2167375	0.122679
8	128321483	rs72728059	8	128271095	rs4871775	0.122679
8	128321483	rs72728059	8	128272220	rs1868907	0.106883
8	128321483	rs72728059	8	128273726	rs4871777	0.102148
8	128321483	rs72728059	8	128273928	rs4871778	0.10044
8	128321483	rs72728059	8	128278313	rs2122835	0.11931
8	128321483	rs72728059	8	128279007	rs4871779	0.140979
8	128321483	rs72728059	8	128280808	rs11777807	0.0941558
8	128321483	rs72728059	8	128281644	rs283732	0.226377
8	128321483	rs72728059	8	128281901	rs283731	0.222707
8	128321483	rs72728059	8	128283434	rs2198149	0.0937517
8	128321483	rs72728059	8	128285583	rs17450088	0.101417
8	128321483	rs72728059	8	128286567	rs166900	0.232877
8	128321483	rs72728059	8	128287615	rs62529474	0.0920641
8	128321483	rs72728059	8	128287945	rs62529475	0.122722
8	128321483	rs72728059	8	128288920	rs17378189	0.0920641
8	128321483	rs72728059	8	128289591	rs283710	0.16399
8	128321483	rs72728059	8	128291198	rs283712	0.162414
8	128321483	rs72728059	8	128291366	rs370874	0.236699
8	128321483	rs72728059	8	128291578	rs4871780	0.0914404
8	128321483	rs72728059	8	128293345	rs11993023	0.104629
8	128321483	rs72728059	8	128293466	rs185852	0.222777
8	128321483	rs72728059	8	128293992	rs34822552	0.239033
8	128321483	rs72728059	8	128296664	rs438783	0.214504
8	128321483	rs72728059	8	128296677	rs10609737	0.163293
8	128321483	rs72728059	8	128299175	rs283702	0.21997
8	128321483	rs72728059	8	128302639	rs17378569	0.106779
8	128321483	rs72728059	8	128303091	rs143934682	0.0929273
8	128321483	rs72728059	8	128303372	rs12216777	0.0919888
8	128321483	rs72728059	8	128303557	rs283715	0.202997
8	128321483	rs72728059	8	128305167	rs283716	0.253019
8	128321483	rs72728059	8	128307082	rs283718	0.151605
8	128321483	rs72728059	8	128307955	rs13251915	0.357427
8	128321483	rs72728059	8	128309965	rs283720	0.237483
8	128321483	rs72728059	8	128314913	rs34882299	0.105619
8	128321483	rs72728059	8	128315379	rs2307929	0.106139
8	128321483	rs72728059	8	128317450	rs283705	0.107446
8	128321483	rs72728059	8	128317585	rs7006593	0.0910184
8	128321483	rs72728059	8	128318755	rs10107982	0.0972461
8	128321483	rs72728059	8	128320346	rs16902094	0.948136
8	128321483	rs72728059	8	128320509	rs143229300	0.948136
8	128321483	rs72728059	8	128320976	rs74822356	0.992495
8	128321483	rs72728059	8	128321202	rs7838810	0.136663
8	128321483	rs72728059	8	128321411	rs453875	0.174876
8	128321483	rs72728059	8	128321413	rs72728057	1
8	128321483	rs72728059	8	128321483	rs72728059	1
8	128321483	rs72728059	8	128321583	rs72728061	1
8	128321483	rs72728059	8	128321684	rs16902095	0.977557
8	128321483	rs72728059	8	128323157	rs60163266	0.95543
8	128321483	rs72728059	8	128323181	rs445114	0.147754
8	128321483	rs72728059	8	128323724	rs56736364	0.95543
8	128321483	rs72728059	8	128323731	rs34585331	0.97014
8	128321483	rs72728059	8	128323819	rs378854	0.139269
8	128321483	rs72728059	8	128323874	rs421094	0.140724
8	128321483	rs72728059	8	128323891	rs4506170	1
8	128321483	rs72728059	8	128323951	rs151204419	0.97014
8	128321483	rs72728059	8	128323987	rs200496470	0.97014
8	128321483	rs72728059	8	128324001	rs201469546	0.97014
8	128321483	rs72728059	8	128324071	rs139988765	0.962765
8	128321483	rs72728059	8	128324075	rs144898130	0.948136
8	128321483	rs72728059	8	128324147	rs382434	0.129408
8	128321483	rs72728059	8	128324421	rs375384045	0.136096
8	128321483	rs72728059	8	128324539	rs368727510	0.95543
8	128321483	rs72728059	8	128324718	rs192955651	0.985032
8	128321483	rs72728059	8	128324895	rs145501433	0.147754
8	128321483	rs72728059	8	128325031	rs183616518	0.102516
8	128321483	rs72728059	8	128325183	rs7832541	0.147754
8	128321483	rs72728059	8	128325355	rs201057014	0.84337
8	128321483	rs72728059	8	128325478	rs371184876	0.13244
8	128321483	rs72728059	8	128327210	rs186307710	0.977557
8	128321483	rs72728059	8	128327641	rs618477	0.142345
8	128321483	rs72728059	8	128327828	rs617894	0.116883
8	128321483	rs72728059	8	128327889	rs183738189	0.97014
8	128321483	rs72728059	8	128327920	rs191545467	0.940882
8	128321483	rs72728059	8	128328019	rs2658486	0.140269
8	128321483	rs72728059	8	128329744	rs11774287	0.912156
8	128321483	rs72728059	8	128329834	rs11781846	0.955382
8	128321483	rs72728059	8	128329935	rs4590403	0.132974
8	128321483	rs72728059	8	128329988	rs11781888	0.955382
8	128321483	rs72728059	8	128330139	rs550630339	0.144349
8	128321483	rs72728059	8	128330555	rs77635060	0.962726
8	128321483	rs72728059	8	128330920	rs34715677;rs369672184	0.131213
8	128321483	rs72728059	8	128331320	rs199966786	0.134724
8	128321483	rs72728059	8	128331799	rs4397364	0.121926
8	128321483	rs72728059	8	128332387	rs199873947	0.962726
8	128321483	rs72728059	8	128332714	rs149330213	0.201414
8	128321483	rs72728059	8	128332724	rs566668410	0.97014
8	128321483	rs72728059	8	128332870	rs13273995	0.128008
8	128321483	rs72728059	8	128332887	rs13271655	0.120079
8	128321483	rs72728059	8	128332968	rs186935985	0.97014
8	128321483	rs72728059	8	128333031	rs13272966	0.129917
8	128321483	rs72728059	8	128333044	rs13274559	0.129917
8	128321483	rs72728059	8	128333103	rs138867633	0.727858
8	128321483	rs72728059	8	128333116	rs13272305	0.153356
8	128321483	rs72728059	8	128333180	rs622856	0.136795
8	128321483	rs72728059	8	128333181	rs622853	0.138853
8	128321483	rs72728059	8	128333197	rs622556	0.124102
8	128321483	rs72728059	8	128333220	rs72712308	0.97014
8	128321483	rs72728059	8	128333259	rs452529	0.124102
8	128321483	rs72728059	8	128333513	rs444318	0.124102
8	128321483	rs72728059	8	128333565	rs72712310	0.97014
8	128321483	rs72728059	8	128334150	rs10574286	0.124102
8	128321483	rs72728059	8	128334245	rs366991	0.13408
8	128321483	rs72728059	8	128334485	rs606677	0.122343
8	128321483	rs72728059	8	128334499	rs606345	0.122343
8	128321483	rs72728059	8	128334662	rs2691039	0.124102
8	128321483	rs72728059	8	128334900	rs13256367	0.126441
8	128321483	rs72728059	8	128334911	rs594154	0.124102
8	128321483	rs72728059	8	128334966	rs594076	0.124102
8	128321483	rs72728059	8	128334992	rs373701	0.124102
8	128321483	rs72728059	8	128335079	rs55717424	0.97014
8	128321483	rs72728059	8	128335246	rs437980	0.124102
8	128321483	rs72728059	8	128335526	rs62516012	0.103029
8	128321483	rs72728059	8	128335536	rs58104177	0.97014
8	128321483	rs72728059	8	128335673	rs620861	0.136795
8	128321483	rs72728059	8	128335714	rs620808	0.124835
8	128321483	rs72728059	8	128335715	rs590574	0.124835
8	128321483	rs72728059	8	128335796	rs443053	0.136795
8	128321483	rs72728059	8	128335999	rs34299030	0.124102
8	128321483	rs72728059	8	128336053	rs72712332	0.97014
8	128321483	rs72728059	8	128336546	rs400818	0.127406
8	128321483	rs72728059	8	128336664	rs72712334	0.97014
8	128321483	rs72728059	8	128336740	rs78015822	0.124257
8	128321483	rs72728059	8	128336741	rs74588857	0.124257
8	128321483	rs72728059	8	128336744	rs34628978	0.124257
8	128321483	rs72728059	8	128336871	rs386883	0.127406
8	128321483	rs72728059	8	128337049	rs34152056	0.127406
8	128321483	rs72728059	8	128337241	rs377649	0.127406
8	128321483	rs72728059	8	128337278	rs442889	0.130949
8	128321483	rs72728059	8	128337279	rs3999789	0.131316
8	128321483	rs72728059	8	128337285	rs200499606	0.131316
8	128321483	rs72728059	8	128337375	rs34789257	0.125915
8	128321483	rs72728059	8	128337927	rs432523	0.129591
8	128321483	rs72728059	8	128338258	rs72712335	0.97014
8	128321483	rs72728059	8	128338594	rs430693	0.127406
8	128321483	rs72728059	8	128338693	rs684254	0.127406
8	128321483	rs72728059	8	128338702	rs1395287	0.126441
8	128321483	rs72728059	8	128338760	rs631845	0.127406
8	128321483	rs72728059	8	128338847	rs653605	0.127406
8	128321483	rs72728059	8	128339044	rs432470	0.0947283
8	128321483	rs72728059	8	128339426	rs424281	0.0947283
8	128321483	rs72728059	8	128340124	rs16902101	0.97014
8	128321483	rs72728059	8	128340221	rs16902102	0.962755
8	128321483	rs72728059	8	128340374	rs16902103	0.97014
8	128321483	rs72728059	8	128340489	rs537302108	0.97014
8	128321483	rs72728059	8	128340537	rs72712338	0.97014
8	128321483	rs72728059	8	128340554	rs72712339	0.97014
8	128321483	rs72728059	8	128340908	rs16902104	0.97014
8	128321483	rs72728059	8	128341103	rs1668875	0.158309
8	128321483	rs72728059	8	128341680	rs587948	0.153097
8	128321483	rs72728059	8	128341727	rs623401	0.153097
8	128321483	rs72728059	8	128341810	rs60497658	0.926405
8	128321483	rs72728059	8	128342114	rs35049703	0.123519
8	128321483	rs72728059	8	128342154	rs10956359	0.103112
8	128321483	rs72728059	8	128342626	rs72712344	0.897399
8	128321483	rs72728059	8	128343202	rs34781937	0.137214
8	128321483	rs72728059	8	128348403	rs73336742	0.493885
8	128321483	rs72728059	8	128348617	rs16902118	0.493885
8	128321483	rs72728059	8	128354763	rs58935344	0.147343
8	128321483	rs72728059	8	128354785	rs10095860	0.111389
8	128321483	rs72728059	8	128354918	rs16902121	0.407218
8	128321483	rs72728059	8	128355234	rs73336758	0.407218
8	128321483	rs72728059	8	128355567	rs59561127	0.412472
8	128321483	rs72728059	8	128358866	rs73336767	0.407218
8	128321483	rs72728059	8	128365083	rs11785277	0.402038
8	128321483	rs72728059	8	128365199	rs11774777	0.402038
8	128321483	rs72728059	8	128365202	rs11781679	0.402038
8	128321483	rs72728059	8	128365341	rs11774827	0.402038
8	128321483	rs72728059	8	128365698	rs11781774	0.402038
8	128321483	rs72728059	8	128365947	rs35850773	0.402038
8	128321483	rs72728059	8	128366037	rs13267256	0.402038
8	128321483	rs72728059	8	128366045	rs13266502	0.402038
8	128321483	rs72728059	8	128366165	rs13266816	0.402038
8	128321483	rs72728059	8	128366167	rs13267604	0.402038
8	128321483	rs72728059	8	128366444	rs11782693	0.402038
8	128321483	rs72728059	8	128366604	rs11782735	0.402038
8	128321483	rs72728059	8	128366754	rs11775906	0.402038
8	128321483	rs72728059	8	128366925	rs11783559	0.386263
8	128321483	rs72728059	8	128367007	rs11783615	0.402038
8	128321483	rs72728059	8	128367106	rs73336790	0.402038
8	128321483	rs72728059	8	128367656	rs538175669	0.294527
8	128321483	rs72728059	8	128367695	rs36072021	0.402038
8	128321483	rs72728059	8	128368933	rs55879891	0.391335
8	128321483	rs72728059	8	128369743	rs55885383	0.407218
8	128321483	rs72728059	8	128370188	rs76095054	0.407218
8	128321483	rs72728059	8	128370189	rs75065588	0.415754
8	128321483	rs72728059	8	128373653	rs35509487	0.378636
8	128321483	rs72728059	8	128378810	rs56001747	0.391335
8	128321483	rs72728059	8	128379920	rs11784125	0.407218
8	128321483	rs72728059	8	128382488	rs11776260	0.396931
8	128321483	rs72728059	8	128384090	rs11774907	0.407218
8	128321483	rs72728059	8	128384417	rs16902127	0.377397
8	128321483	rs72728059	8	128385689	rs112108349	0.407218
8	128321483	rs72728059	8	128386203	rs34864288	0.208177
8	128321483	rs72728059	8	128389964	rs78571675	0.186811
8	128321483	rs72728059	8	128390660	rs731900	0.119741
8	128335673	rs620861	8	128236215	rs13272780	0.0928927
8	128335673	rs620861	8	128241214	rs17071	0.0908359
8	128335673	rs620861	8	128247045	rs2044869	0.0989015
8	128335673	rs620861	8	128249780	rs10098223	0.0958983
8	128335673	rs620861	8	128249828	rs10087867	0.100928
8	128335673	rs620861	8	128253820	rs7012687	0.118527
8	128335673	rs620861	8	128254067	rs11776365	0.094026
8	128335673	rs620861	8	128263914	rs35281831	0.132714
8	128335673	rs620861	8	128264020	rs56031843	0.101677
8	128335673	rs620861	8	128264649	rs3847132	0.159786
8	128335673	rs620861	8	128264705	rs3847133	0.136064
8	128335673	rs620861	8	128265221	rs147342123	0.130122
8	128335673	rs620861	8	128266700	rs7015649	0.136027
8	128335673	rs620861	8	128267338	rs10099034	0.157416
8	128335673	rs620861	8	128267777	rs7003345	0.159177
8	128335673	rs620861	8	128268715	rs62529471	0.129342
8	128335673	rs620861	8	128268899	rs10106366	0.159333
8	128335673	rs620861	8	128274518	rs6991761	0.113373
8	128335673	rs620861	8	128274558	rs10092892	0.116498
8	128335673	rs620861	8	128275431	rs28655239	0.116252
8	128335673	rs620861	8	128275692	rs965271	0.111998
8	128335673	rs620861	8	128275985	rs34383040	0.111048
8	128335673	rs620861	8	128276868	rs10089223	0.11172
8	128335673	rs620861	8	128279676	rs67754732	0.184404
8	128335673	rs620861	8	128281708	rs1962471	0.23115
8	128335673	rs620861	8	128282996	rs10100721	0.236754
8	128335673	rs620861	8	128284766	rs13262081	0.209958
8	128335673	rs620861	8	128285968	rs55753707	0.0916339
8	128335673	rs620861	8	128286466	rs11311267	0.0905941
8	128335673	rs620861	8	128286516	rs13280181	0.209958
8	128335673	rs620861	8	128291370	rs370876	0.0905941
8	128335673	rs620861	8	128298211	rs6980979	0.3287
8	128335673	rs620861	8	128298411	rs150620634	0.210848
8	128335673	rs620861	8	128299592	rs28671644	0.209958
8	128335673	rs620861	8	128300936	rs12679832	0.222177
8	128335673	rs620861	8	128300999	rs12707923	0.212047
8	128335673	rs620861	8	128304099	rs28651248	0.219929
8	128335673	rs620861	8	128304269	rs6984900	0.225432
8	128335673	rs620861	8	128304879	rs34795296	0.129917
8	128335673	rs620861	8	128305167	rs283716	0.13614
8	128335673	rs620861	8	128307797	rs17450865	0.261193
8	128335673	rs620861	8	128308917	rs5894878	0.252483
8	128335673	rs620861	8	128309188	rs7822551	0.252483
8	128335673	rs620861	8	128309591	rs12549518	0.170634
8	128335673	rs620861	8	128310155	rs6996866	0.167684
8	128335673	rs620861	8	128311559	rs2007197	0.252483
8	128335673	rs620861	8	128313360	rs283727	0.346373
8	128335673	rs620861	8	128313500	rs283728	0.356116
8	128335673	rs620861	8	128313553	rs72728056	0.0972134
8	128335673	rs620861	8	128314081	rs16902085	0.142796
8	128335673	rs620861	8	128314516	rs4871015	0.355978
8	128335673	rs620861	8	128314913	rs34882299	0.469391
8	128335673	rs620861	8	128315379	rs2307929	0.252598
8	128335673	rs620861	8	128315582	rs283704	0.363851
8	128335673	rs620861	8	128316676	rs56983490	0.307576
8	128335673	rs620861	8	128317450	rs283705	0.309642
8	128335673	rs620861	8	128317585	rs7006593	0.270363
8	128335673	rs620861	8	128318755	rs10107982	0.628532
8	128335673	rs620861	8	128320346	rs16902094	0.137088
8	128335673	rs620861	8	128320509	rs143229300	0.137088
8	128335673	rs620861	8	128320976	rs74822356	0.134179
8	128335673	rs620861	8	128321202	rs7838810	0.91389
8	128335673	rs620861	8	128321411	rs453875	0.767934
8	128335673	rs620861	8	128321413	rs72728057	0.136795
8	128335673	rs620861	8	128321483	rs72728059	0.136795
8	128335673	rs620861	8	128321583	rs72728061	0.136795
8	128335673	rs620861	8	128321684	rs16902095	0.135114
8	128335673	rs620861	8	128322698	rs58005983	0.358443
8	128335673	rs620861	8	128323157	rs60163266	0.139739
8	128335673	rs620861	8	128323181	rs445114	0.955219
8	128335673	rs620861	8	128323724	rs56736364	0.139739
8	128335673	rs620861	8	128323731	rs34585331	0.140841
8	128335673	rs620861	8	128323819	rs378854	0.924469
8	128335673	rs620861	8	128323874	rs421094	0.975743
8	128335673	rs620861	8	128323891	rs4506170	0.136795
8	128335673	rs620861	8	128323951	rs151204419	0.140841
8	128335673	rs620861	8	128323987	rs200496470	0.140841
8	128335673	rs620861	8	128324001	rs201469546	0.140841
8	128335673	rs620861	8	128324071	rs139988765	0.138179
8	128335673	rs620861	8	128324075	rs144898130	0.137088
8	128335673	rs620861	8	128324147	rs382434	0.881695
8	128335673	rs620861	8	128324421	rs375384045	0.909186
8	128335673	rs620861	8	128324539	rs368727510	0.139739
8	128335673	rs620861	8	128324673	rs201853536	0.366986
8	128335673	rs620861	8	128324718	rs192955651	0.135669
8	128335673	rs620861	8	128324895	rs145501433	0.955219
8	128335673	rs620861	8	128325183	rs7832541	0.955219
8	128335673	rs620861	8	128325345	rs10216717	0.529832
8	128335673	rs620861	8	128325355	rs201057014	0.10372
8	128335673	rs620861	8	128325478	rs371184876	0.891411
8	128335673	rs620861	8	128327210	rs186307710	0.135114
8	128335673	rs620861	8	128327641	rs618477	0.971566
8	128335673	rs620861	8	128327800	rs112175013	0.388482
8	128335673	rs620861	8	128327828	rs617894	0.515642
8	128335673	rs620861	8	128327889	rs183738189	0.140841
8	128335673	rs620861	8	128327920	rs191545467	0.138653
8	128335673	rs620861	8	128328019	rs2658486	0.971696
8	128335673	rs620861	8	128329744	rs11774287	0.123272
8	128335673	rs620861	8	128329834	rs11781846	0.138699
8	128335673	rs620861	8	128329935	rs4590403	0.947761
8	128335673	rs620861	8	128329988	rs11781888	0.138699
8	128335673	rs620861	8	128330139	rs550630339	0.940403
8	128335673	rs620861	8	128330178	rs11781932	0.391302
8	128335673	rs620861	8	128330424	rs11785664	0.391302
8	128335673	rs620861	8	128330555	rs77635060	0.137175
8	128335673	rs620861	8	128330748	rs56154314	0.389888
8	128335673	rs620861	8	128330920	rs34715677;rs369672184	0.482067
8	128335673	rs620861	8	128331320	rs199966786	0.991792
8	128335673	rs620861	8	128331797	rs62516009	0.388482
8	128335673	rs620861	8	128331799	rs4397364	0.535034
8	128335673	rs620861	8	128332387	rs199873947	0.137175
8	128335673	rs620861	8	128332714	rs149330213	0.227376
8	128335673	rs620861	8	128332724	rs566668410	0.140841
8	128335673	rs620861	8	128332870	rs13273995	0.971696
8	128335673	rs620861	8	128332887	rs13271655	0.903209
8	128335673	rs620861	8	128332968	rs186935985	0.140841
8	128335673	rs620861	8	128333031	rs13272966	0.511356
8	128335673	rs620861	8	128333044	rs13274559	0.511356
8	128335673	rs620861	8	128333116	rs13272305	0.41097
8	128335673	rs620861	8	128333180	rs622856	1
8	128335673	rs620861	8	128333181	rs622853	0.991792
8	128335673	rs620861	8	128333197	rs622556	0.534664
8	128335673	rs620861	8	128333220	rs72712308	0.140841
8	128335673	rs620861	8	128333259	rs452529	0.534664
8	128335673	rs620861	8	128333513	rs444318	0.534664
8	128335673	rs620861	8	128333565	rs72712310	0.140841
8	128335673	rs620861	8	128334150	rs10574286	0.534664
8	128335673	rs620861	8	128334243	rs7832709	0.395656
8	128335673	rs620861	8	128334245	rs366991	0.955644
8	128335673	rs620861	8	128334485	rs606677	0.534308
8	128335673	rs620861	8	128334499	rs606345	0.534308
8	128335673	rs620861	8	128334662	rs2691039	0.534664
8	128335673	rs620861	8	128334900	rs13256367	0.921418
8	128335673	rs620861	8	128334911	rs594154	0.534664
8	128335673	rs620861	8	128334966	rs594076	0.534664
8	128335673	rs620861	8	128334992	rs373701	0.534664
8	128335673	rs620861	8	128335079	rs55717424	0.140841
8	128335673	rs620861	8	128335246	rs437980	0.534664
8	128335673	rs620861	8	128335526	rs62516012	0.664344
8	128335673	rs620861	8	128335536	rs58104177	0.140841
8	128335673	rs620861	8	128335673	rs620861	1
8	128335673	rs620861	8	128335714	rs620808	0.530578
8	128335673	rs620861	8	128335715	rs590574	0.530578
8	128335673	rs620861	8	128335796	rs443053	1
8	128335673	rs620861	8	128335999	rs34299030	0.534664
8	128335673	rs620861	8	128336053	rs72712332	0.140841
8	128335673	rs620861	8	128336236	rs11775799	0.366704
8	128335673	rs620861	8	128336546	rs400818	0.5095
8	128335673	rs620861	8	128336664	rs72712334	0.140841
8	128335673	rs620861	8	128336740	rs78015822	0.502395
8	128335673	rs620861	8	128336741	rs74588857	0.502395
8	128335673	rs620861	8	128336744	rs34628978	0.502395
8	128335673	rs620861	8	128336871	rs386883	0.5095
8	128335673	rs620861	8	128337049	rs34152056	0.5095
8	128335673	rs620861	8	128337241	rs377649	0.5095
8	128335673	rs620861	8	128337278	rs442889	0.971813
8	128335673	rs620861	8	128337281	rs28780384	0.344223
8	128335673	rs620861	8	128337375	rs34789257	0.505451
8	128335673	rs620861	8	128337927	rs432523	0.503303
8	128335673	rs620861	8	128338258	rs72712335	0.140841
8	128335673	rs620861	8	128338594	rs430693	0.5095
8	128335673	rs620861	8	128338693	rs684254	0.5095
8	128335673	rs620861	8	128338702	rs1395287	0.921418
8	128335673	rs620861	8	128338760	rs631845	0.5095
8	128335673	rs620861	8	128338847	rs653605	0.5095
8	128335673	rs620861	8	128339044	rs432470	0.417582
8	128335673	rs620861	8	128339426	rs424281	0.417582
8	128335673	rs620861	8	128340124	rs16902101	0.140841
8	128335673	rs620861	8	128340221	rs16902102	0.140354
8	128335673	rs620861	8	128340374	rs16902103	0.140841
8	128335673	rs620861	8	128340489	rs537302108	0.140841
8	128335673	rs620861	8	128340537	rs72712338	0.140841
8	128335673	rs620861	8	128340554	rs72712339	0.140841
8	128335673	rs620861	8	128340908	rs16902104	0.140841
8	128335673	rs620861	8	128341103	rs1668875	0.779157
8	128335673	rs620861	8	128341612	rs7002712	0.366704
8	128335673	rs620861	8	128341680	rs587948	0.757198
8	128335673	rs620861	8	128341727	rs623401	0.757198
8	128335673	rs620861	8	128341810	rs60497658	0.118076
8	128335673	rs620861	8	128342067	rs372794937;rs142073254	0.898575
8	128335673	rs620861	8	128342114	rs35049703	0.897345
8	128335673	rs620861	8	128342154	rs10956359	0.678416
8	128335673	rs620861	8	128342626	rs72712344	0.121001
8	128335673	rs620861	8	128342866	rs17464492	0.622978
8	128335673	rs620861	8	128343341	rs35603878	0.34157
8	128335673	rs620861	8	128343879	rs420101	0.404173
8	128335673	rs620861	8	128343948	rs7838714	0.252471
8	128335673	rs620861	8	128344380	rs389143	0.397243
8	128335673	rs620861	8	128344402	rs688201	0.397243
8	128335673	rs620861	8	128344410	rs595821	0.394838
8	128335673	rs620861	8	128344591	rs687324	0.393785
8	128335673	rs620861	8	128344601	rs594869	0.39141
8	128335673	rs620861	8	128344602	rs594868	0.39141
8	128335673	rs620861	8	128344624	rs687279	0.242014
8	128335673	rs620861	8	128344646	rs111579013	0.107119
8	128335673	rs620861	8	128345028	rs436238	0.394838
8	128335673	rs620861	8	128345231	rs581761	0.389417
8	128335673	rs620861	8	128345269	rs673745	0.394838
8	128335673	rs620861	8	128345381	rs688937	0.397243
8	128335673	rs620861	8	128345463	rs672888	0.397243
8	128335673	rs620861	8	128345731	rs7826557	0.248349
8	128335673	rs620861	8	128345939	rs143562169	0.394838
8	128335673	rs620861	8	128346259	rs419018	0.397243
8	128335673	rs620861	8	128346358	rs418269	0.397243
8	128335673	rs620861	8	128346615	rs549810441;rs71300214	0.397243
8	128335673	rs620861	8	128346646	rs34248823	0.397243
8	128335673	rs620861	8	128347017	rs385278	0.397243
8	128335673	rs620861	8	128347124	rs391640	0.274605
8	128335673	rs620861	8	128347157	rs670725	0.397243
8	128335673	rs620861	8	128347724	rs382824	0.397243
8	128335673	rs620861	8	128347977	rs383205	0.397243
8	128335673	rs620861	8	128348062	rs373616	0.397243
8	128335673	rs620861	8	128348298	rs400772	0.394838
8	128335673	rs620861	8	128349727	rs13275275	0.397243
8	128335673	rs620861	8	128349888	rs13248140	0.397243
8	128335673	rs620861	8	128349970	rs10956360	0.397243
8	128335673	rs620861	8	128350106	rs10956361	0.394838
8	128335673	rs620861	8	128350386	rs10956362	0.397243
8	128335673	rs620861	8	128350515	rs13249993	0.264132
8	128335673	rs620861	8	128350608	rs11777532	0.322216
8	128335673	rs620861	8	128350707	rs35131928	0.394838
8	128335673	rs620861	8	128351048	rs59351655	0.397243
8	128335673	rs620861	8	128351442	rs56898669	0.397243
8	128335673	rs620861	8	128351524	rs61599109	0.397243
8	128335673	rs620861	8	128351773	rs10956363	0.397243
8	128335673	rs620861	8	128351954	rs61044379	0.260877
8	128335673	rs620861	8	128352205	rs36024485	0.362107
8	128335673	rs620861	8	128352234	rs4871782	0.394838
8	128335673	rs620861	8	128352363	rs28759353	0.260877
8	128335673	rs620861	8	128352730	rs10087810	0.350297
8	128335673	rs620861	8	128352967	rs11328185	0.350297
8	128335673	rs620861	8	128353171	rs12541832	0.260877
8	128335673	rs620861	8	128353739	rs13262406	0.262409
8	128335673	rs620861	8	128354080	rs17465052	0.245751
8	128335673	rs620861	8	128354086	rs13270266	0.260877
8	128335673	rs620861	8	128355019	rs10098985	0.246288
8	128335673	rs620861	8	128355551	rs560626507;rs112576115	0.269306
8	128335673	rs620861	8	128355618	rs13281615	0.389287
8	128335673	rs620861	8	128355824	rs17465283	0.246288
8	128335673	rs620861	8	128355940	rs76102714	0.419315
8	128335673	rs620861	8	128356226	rs13256275	0.340582
8	128335673	rs620861	8	128356667	esv3618773	0.266382
8	128335673	rs620861	8	128356670	rs17465317	0.259588
8	128335673	rs620861	8	128356860	rs55746746	0.273313
8	128335673	rs620861	8	128357817	rs13267780	0.380773
8	128335673	rs620861	8	128357924	rs10447995	0.259588
8	128335673	rs620861	8	128358795	rs6999578	0.241197
8	128335673	rs620861	8	128361241	rs7014657	0.241197
8	128335673	rs620861	8	128361928	rs56110209	0.241197
8	128335673	rs620861	8	128362796	rs3038876	0.295303
8	128335673	rs620861	8	128363367	rs13272866	0.232281
8	128335673	rs620861	8	128363652	rs10097200	0.234702
8	128335673	rs620861	8	128364271	rs7002826	0.25092
8	128335673	rs620861	8	128364602	rs539122895	0.206755
8	128335673	rs620861	8	128364906	rs7007568	0.25092
8	128335673	rs620861	8	128366477	rs71566627	0.136841
8	128335673	rs620861	8	128366570	rs7842494	0.323901
8	128335673	rs620861	8	128366829	rs5022926	0.25092
8	128335673	rs620861	8	128367454	rs10112674	0.323565
8	128335673	rs620861	8	128367955	rs34999440	0.250806
8	128335673	rs620861	8	128368513	rs9693995	0.360596
8	128335673	rs620861	8	128369973	rs35440286	0.487699
8	128335673	rs620861	8	128370183	rs35904426	0.403156
8	128335673	rs620861	8	128370271	rs35112951	0.468229
8	128335673	rs620861	8	128370755	rs10110330	0.405679
8	128335673	rs620861	8	128370949	rs12550713	0.405679
8	128335673	rs620861	8	128372172	rs10096351	0.29215
8	128335673	rs620861	8	128373027	rs2121629	0.339637
8	128335673	rs620861	8	128373756	rs12541305	0.252981
8	128335673	rs620861	8	128374117	rs978683	0.40673
8	128335673	rs620861	8	128374141	rs5894880	0.228711
8	128335673	rs620861	8	128375270	rs9297753	0.255578
8	128335673	rs620861	8	128375370	rs9283954	0.329363
8	128335673	rs620861	8	128376732	rs7831303	0.255578
8	128335673	rs620861	8	128376801	rs7815100	0.25092
8	128335673	rs620861	8	128376926	rs7835046	0.294024
8	128335673	rs620861	8	128377468	rs4143118	0.335247
8	128335673	rs620861	8	128377656	rs6988647	0.25092
8	128335673	rs620861	8	128377667	rs7006882	0.339901
8	128335673	rs620861	8	128377774	rs9692890	0.323901
8	128335673	rs620861	8	128378025	rs9693143	0.25092
8	128335673	rs620861	8	128378191	rs28524866	0.337535
8	128335673	rs620861	8	128378626	rs2060775	0.190253
8	128335673	rs620861	8	128378883	rs10956364	0.356092
8	128335673	rs620861	8	128378963	rs11776330	0.335247
8	128335673	rs620861	8	128379409	rs7845452	0.230703
8	128335673	rs620861	8	128381930	rs34542202	0.18809
8	128335673	rs620861	8	128381933	rs76103674	0.18809
8	128335673	rs620861	8	128382357	rs16902126	0.220966
8	128335673	rs620861	8	128383597	rs7815245	0.249353
8	128335673	rs620861	8	128386556	rs2121631	0.301354
8	128335673	rs620861	8	128386926	rs9643220	0.181379
8	128335673	rs620861	8	128387063	rs35596381	0.32252
8	128335673	rs620861	8	128387852	rs1562430	0.246788
8	128335673	rs620861	8	128388025	rs2392780	0.230703
8	128335673	rs620861	8	128389507	rs7015780	0.23498
8	128335673	rs620861	8	128389765	rs4871017	0.180385
8	128335673	rs620861	8	128391412	rs62516032	0.216194
8	128335673	rs620861	8	128391537	rs750816	0.132793
8	128335673	rs620861	8	128394289	rs2392781	0.114147
8	128335673	rs620861	8	128394313	rs1949810	0.213538
8	128335673	rs620861	8	128394475	rs2166690	0.138881
8	128335673	rs620861	8	128394488	rs1949809	0.11342
8	128335673	rs620861	8	128395508	rs62513967	0.206097
8	128335673	rs620861	8	128396213	rs2893620	0.124643
8	128335673	rs620861	8	128396316	rs6986543	0.114418
8	128335673	rs620861	8	128400176	rs7820981	0.140181
8	128336664	rs72712334	8	128270980	rs4871014	0.121309
8	128336664	rs72712334	8	128270999	rs2167375	0.121309
8	128336664	rs72712334	8	128271095	rs4871775	0.121309
8	128336664	rs72712334	8	128272220	rs1868907	0.103604
8	128336664	rs72712334	8	128273726	rs4871777	0.102633
8	128336664	rs72712334	8	128273928	rs4871778	0.0972336
8	128336664	rs72712334	8	128278313	rs2122835	0.115373
8	128336664	rs72712334	8	128279007	rs4871779	0.135972
8	128336664	rs72712334	8	128281644	rs283732	0.224076
8	128336664	rs72712334	8	128281901	rs283731	0.220158
8	128336664	rs72712334	8	128285583	rs17450088	0.0942626
8	128336664	rs72712334	8	128286567	rs166900	0.230627
8	128336664	rs72712334	8	128287945	rs62529475	0.117438
8	128336664	rs72712334	8	128289591	rs283710	0.164108
8	128336664	rs72712334	8	128291198	rs283712	0.162551
8	128336664	rs72712334	8	128291366	rs370874	0.234705
8	128336664	rs72712334	8	128293345	rs11993023	0.0972451
8	128336664	rs72712334	8	128293466	rs185852	0.219957
8	128336664	rs72712334	8	128293992	rs34822552	0.237004
8	128336664	rs72712334	8	128296664	rs438783	0.21152
8	128336664	rs72712334	8	128296677	rs10609737	0.153952
8	128336664	rs72712334	8	128299175	rs283702	0.217619
8	128336664	rs72712334	8	128302639	rs17378569	0.0997967
8	128336664	rs72712334	8	128303557	rs283715	0.199619
8	128336664	rs72712334	8	128305167	rs283716	0.24724
8	128336664	rs72712334	8	128307082	rs283718	0.156865
8	128336664	rs72712334	8	128307955	rs13251915	0.359683
8	128336664	rs72712334	8	128309965	rs283720	0.239776
8	128336664	rs72712334	8	128314913	rs34882299	0.108429
8	128336664	rs72712334	8	128315379	rs2307929	0.095689
8	128336664	rs72712334	8	128317450	rs283705	0.107735
8	128336664	rs72712334	8	128317585	rs7006593	0.0917574
8	128336664	rs72712334	8	128318755	rs10107982	0.0955908
8	128336664	rs72712334	8	128320346	rs16902094	0.97702
8	128336664	rs72712334	8	128320509	rs143229300	0.97702
8	128336664	rs72712334	8	128320976	rs74822356	0.962461
8	128336664	rs72712334	8	128321202	rs7838810	0.137144
8	128336664	rs72712334	8	128321411	rs453875	0.177501
8	128336664	rs72712334	8	128321413	rs72728057	0.97014
8	128336664	rs72712334	8	128321483	rs72728059	0.97014
8	128336664	rs72712334	8	128321583	rs72728061	0.97014
8	128336664	rs72712334	8	128321684	rs16902095	0.992319
8	128336664	rs72712334	8	128323157	rs60163266	0.984637
8	128336664	rs72712334	8	128323181	rs445114	0.152141
8	128336664	rs72712334	8	128323724	rs56736364	0.984637
8	128336664	rs72712334	8	128323731	rs34585331	1
8	128336664	rs72712334	8	128323819	rs378854	0.143902
8	128336664	rs72712334	8	128323874	rs421094	0.145084
8	128336664	rs72712334	8	128323891	rs4506170	0.97014
8	128336664	rs72712334	8	128323951	rs151204419	1
8	128336664	rs72712334	8	128323987	rs200496470	1
8	128336664	rs72712334	8	128324001	rs201469546	1
8	128336664	rs72712334	8	128324071	rs139988765	0.992297
8	128336664	rs72712334	8	128324075	rs144898130	0.97702
8	128336664	rs72712334	8	128324147	rs382434	0.134296
8	128336664	rs72712334	8	128324421	rs375384045	0.140701
8	128336664	rs72712334	8	128324539	rs368727510	0.984637
8	128336664	rs72712334	8	128324718	rs192955651	0.954824
8	128336664	rs72712334	8	128324895	rs145501433	0.152141
8	128336664	rs72712334	8	128325031	rs183616518	0.107004
8	128336664	rs72712334	8	128325183	rs7832541	0.152141
8	128336664	rs72712334	8	128325355	rs201057014	0.867597
8	128336664	rs72712334	8	128325478	rs371184876	0.137098
8	128336664	rs72712334	8	128327210	rs186307710	0.992319
8	128336664	rs72712334	8	128327641	rs618477	0.146718
8	128336664	rs72712334	8	128327828	rs617894	0.120591
8	128336664	rs72712334	8	128327889	rs183738189	1
8	128336664	rs72712334	8	128327920	rs191545467	0.969444
8	128336664	rs72712334	8	128328019	rs2658486	0.144652
8	128336664	rs72712334	8	128329744	rs11774287	0.939646
8	128336664	rs72712334	8	128329834	rs11781846	0.984787
8	128336664	rs72712334	8	128329935	rs4590403	0.137212
8	128336664	rs72712334	8	128329988	rs11781888	0.984787
8	128336664	rs72712334	8	128330139	rs550630339	0.149058
8	128336664	rs72712334	8	128330555	rs77635060	0.992456
8	128336664	rs72712334	8	128330920	rs34715677;rs369672184	0.134961
8	128336664	rs72712334	8	128331320	rs199966786	0.13878
8	128336664	rs72712334	8	128331799	rs4397364	0.125809
8	128336664	rs72712334	8	128332387	rs199873947	0.992456
8	128336664	rs72712334	8	128332714	rs149330213	0.218861
8	128336664	rs72712334	8	128332724	rs566668410	1
8	128336664	rs72712334	8	128332870	rs13273995	0.132038
8	128336664	rs72712334	8	128332887	rs13271655	0.124391
8	128336664	rs72712334	8	128332968	rs186935985	1
8	128336664	rs72712334	8	128333031	rs13272966	0.133896
8	128336664	rs72712334	8	128333044	rs13274559	0.133896
8	128336664	rs72712334	8	128333103	rs138867633	0.743634
8	128336664	rs72712334	8	128333116	rs13272305	0.161775
8	128336664	rs72712334	8	128333180	rs622856	0.140841
8	128336664	rs72712334	8	128333181	rs622853	0.143026
8	128336664	rs72712334	8	128333197	rs622556	0.128079
8	128336664	rs72712334	8	128333220	rs72712308	1
8	128336664	rs72712334	8	128333259	rs452529	0.128079
8	128336664	rs72712334	8	128333513	rs444318	0.128079
8	128336664	rs72712334	8	128333565	rs72712310	1
8	128336664	rs72712334	8	128334150	rs10574286	0.128079
8	128336664	rs72712334	8	128334245	rs366991	0.138354
8	128336664	rs72712334	8	128334485	rs606677	0.126299
8	128336664	rs72712334	8	128334499	rs606345	0.126299
8	128336664	rs72712334	8	128334662	rs2691039	0.128079
8	128336664	rs72712334	8	128334900	rs13256367	0.130786
8	128336664	rs72712334	8	128334911	rs594154	0.128079
8	128336664	rs72712334	8	128334966	rs594076	0.128079
8	128336664	rs72712334	8	128334992	rs373701	0.128079
8	128336664	rs72712334	8	128335079	rs55717424	1
8	128336664	rs72712334	8	128335246	rs437980	0.128079
8	128336664	rs72712334	8	128335526	rs62516012	0.105013
8	128336664	rs72712334	8	128335536	rs58104177	1
8	128336664	rs72712334	8	128335673	rs620861	0.140841
8	128336664	rs72712334	8	128335714	rs620808	0.1288
8	128336664	rs72712334	8	128335715	rs590574	0.1288
8	128336664	rs72712334	8	128335796	rs443053	0.140841
8	128336664	rs72712334	8	128335999	rs34299030	0.128079
8	128336664	rs72712334	8	128336053	rs72712332	1
8	128336664	rs72712334	8	128336546	rs400818	0.131247
8	128336664	rs72712334	8	128336664	rs72712334	1
8	128336664	rs72712334	8	128336740	rs78015822	0.128133
8	128336664	rs72712334	8	128336741	rs74588857	0.128133
8	128336664	rs72712334	8	128336744	rs34628978	0.128133
8	128336664	rs72712334	8	128336871	rs386883	0.131247
8	128336664	rs72712334	8	128337049	rs34152056	0.131247
8	128336664	rs72712334	8	128337241	rs377649	0.131247
8	128336664	rs72712334	8	128337278	rs442889	0.135061
8	128336664	rs72712334	8	128337279	rs3999789	0.131864
8	128336664	rs72712334	8	128337285	rs200499606	0.131864
8	128336664	rs72712334	8	128337375	rs34789257	0.12978
8	128336664	rs72712334	8	128337927	rs432523	0.133525
8	128336664	rs72712334	8	128338258	rs72712335	1
8	128336664	rs72712334	8	128338594	rs430693	0.131247
8	128336664	rs72712334	8	128338693	rs684254	0.131247
8	128336664	rs72712334	8	128338702	rs1395287	0.130786
8	128336664	rs72712334	8	128338760	rs631845	0.131247
8	128336664	rs72712334	8	128338847	rs653605	0.131247
8	128336664	rs72712334	8	128339044	rs432470	0.0956431
8	128336664	rs72712334	8	128339426	rs424281	0.0956431
8	128336664	rs72712334	8	128340124	rs16902101	1
8	128336664	rs72712334	8	128340221	rs16902102	0.99232
8	128336664	rs72712334	8	128340374	rs16902103	1
8	128336664	rs72712334	8	128340489	rs537302108	1
8	128336664	rs72712334	8	128340537	rs72712338	1
8	128336664	rs72712334	8	128340554	rs72712339	1
8	128336664	rs72712334	8	128340908	rs16902104	1
8	128336664	rs72712334	8	128341103	rs1668875	0.165718
8	128336664	rs72712334	8	128341680	rs587948	0.160506
8	128336664	rs72712334	8	128341727	rs623401	0.160506
8	128336664	rs72712334	8	128341810	rs60497658	0.955659
8	128336664	rs72712334	8	128342114	rs35049703	0.12778
8	128336664	rs72712334	8	128342154	rs10956359	0.105005
8	128336664	rs72712334	8	128342626	rs72712344	0.926071
8	128336664	rs72712334	8	128343202	rs34781937	0.144507
8	128336664	rs72712334	8	128348403	rs73336742	0.50876
8	128336664	rs72712334	8	128348617	rs16902118	0.50876
8	128336664	rs72712334	8	128352730	rs10087810	0.0920339
8	128336664	rs72712334	8	128352967	rs11328185	0.0920339
8	128336664	rs72712334	8	128354763	rs58935344	0.148292
8	128336664	rs72712334	8	128354785	rs10095860	0.11284
8	128336664	rs72712334	8	128354918	rs16902121	0.418738
8	128336664	rs72712334	8	128355234	rs73336758	0.418738
8	128336664	rs72712334	8	128355567	rs59561127	0.42405
8	128336664	rs72712334	8	128358866	rs73336767	0.418738
8	128336664	rs72712334	8	128365083	rs11785277	0.413501
8	128336664	rs72712334	8	128365199	rs11774777	0.413501
8	128336664	rs72712334	8	128365202	rs11781679	0.413501
8	128336664	rs72712334	8	128365341	rs11774827	0.413501
8	128336664	rs72712334	8	128365698	rs11781774	0.413501
8	128336664	rs72712334	8	128365947	rs35850773	0.413501
8	128336664	rs72712334	8	128366037	rs13267256	0.413501
8	128336664	rs72712334	8	128366045	rs13266502	0.413501
8	128336664	rs72712334	8	128366165	rs13266816	0.413501
8	128336664	rs72712334	8	128366167	rs13267604	0.413501
8	128336664	rs72712334	8	128366444	rs11782693	0.413501
8	128336664	rs72712334	8	128366604	rs11782735	0.413501
8	128336664	rs72712334	8	128366754	rs11775906	0.413501
8	128336664	rs72712334	8	128366925	rs11783559	0.39721
8	128336664	rs72712334	8	128367007	rs11783615	0.413501
8	128336664	rs72712334	8	128367106	rs73336790	0.413501
8	128336664	rs72712334	8	128367656	rs538175669	0.304376
8	128336664	rs72712334	8	128367695	rs36072021	0.413501
8	128336664	rs72712334	8	128368933	rs55879891	0.402338
8	128336664	rs72712334	8	128369743	rs55885383	0.418738
8	128336664	rs72712334	8	128370188	rs76095054	0.418738
8	128336664	rs72712334	8	128370189	rs75065588	0.427585
8	128336664	rs72712334	8	128373653	rs35509487	0.389761
8	128336664	rs72712334	8	128378810	rs56001747	0.402338
8	128336664	rs72712334	8	128379920	rs11784125	0.418738
8	128336664	rs72712334	8	128382488	rs11776260	0.408337
8	128336664	rs72712334	8	128384090	rs11774907	0.418738
8	128336664	rs72712334	8	128384417	rs16902127	0.387691
8	128336664	rs72712334	8	128385689	rs112108349	0.418738
8	128336664	rs72712334	8	128386203	rs34864288	0.205156
8	128336664	rs72712334	8	128389964	rs78571675	0.18769
8	128336664	rs72712334	8	128390660	rs731900	0.124979
8	128340908	rs16902104	8	128270980	rs4871014	0.121309
8	128340908	rs16902104	8	128270999	rs2167375	0.121309
8	128340908	rs16902104	8	128271095	rs4871775	0.121309
8	128340908	rs16902104	8	128272220	rs1868907	0.103604
8	128340908	rs16902104	8	128273726	rs4871777	0.102633
8	128340908	rs16902104	8	128273928	rs4871778	0.0972336
8	128340908	rs16902104	8	128278313	rs2122835	0.115373
8	128340908	rs16902104	8	128279007	rs4871779	0.135972
8	128340908	rs16902104	8	128281644	rs283732	0.224076
8	128340908	rs16902104	8	128281901	rs283731	0.220158
8	128340908	rs16902104	8	128285583	rs17450088	0.0942626
8	128340908	rs16902104	8	128286567	rs166900	0.230627
8	128340908	rs16902104	8	128287945	rs62529475	0.117438
8	128340908	rs16902104	8	128289591	rs283710	0.164108
8	128340908	rs16902104	8	128291198	rs283712	0.162551
8	128340908	rs16902104	8	128291366	rs370874	0.234705
8	128340908	rs16902104	8	128293345	rs11993023	0.0972451
8	128340908	rs16902104	8	128293466	rs185852	0.219957
8	128340908	rs16902104	8	128293992	rs34822552	0.237004
8	128340908	rs16902104	8	128296664	rs438783	0.21152
8	128340908	rs16902104	8	128296677	rs10609737	0.153952
8	128340908	rs16902104	8	128299175	rs283702	0.217619
8	128340908	rs16902104	8	128302639	rs17378569	0.0997967
8	128340908	rs16902104	8	128303557	rs283715	0.199619
8	128340908	rs16902104	8	128305167	rs283716	0.24724
8	128340908	rs16902104	8	128307082	rs283718	0.156865
8	128340908	rs16902104	8	128307955	rs13251915	0.359683
8	128340908	rs16902104	8	128309965	rs283720	0.239776
8	128340908	rs16902104	8	128314913	rs34882299	0.108429
8	128340908	rs16902104	8	128315379	rs2307929	0.095689
8	128340908	rs16902104	8	128317450	rs283705	0.107735
8	128340908	rs16902104	8	128317585	rs7006593	0.0917574
8	128340908	rs16902104	8	128318755	rs10107982	0.0955908
8	128340908	rs16902104	8	128320346	rs16902094	0.97702
8	128340908	rs16902104	8	128320509	rs143229300	0.97702
8	128340908	rs16902104	8	128320976	rs74822356	0.962461
8	128340908	rs16902104	8	128321202	rs7838810	0.137144
8	128340908	rs16902104	8	128321411	rs453875	0.177501
8	128340908	rs16902104	8	128321413	rs72728057	0.97014
8	128340908	rs16902104	8	128321483	rs72728059	0.97014
8	128340908	rs16902104	8	128321583	rs72728061	0.97014
8	128340908	rs16902104	8	128321684	rs16902095	0.992319
8	128340908	rs16902104	8	128323157	rs60163266	0.984637
8	128340908	rs16902104	8	128323181	rs445114	0.152141
8	128340908	rs16902104	8	128323724	rs56736364	0.984637
8	128340908	rs16902104	8	128323731	rs34585331	1
8	128340908	rs16902104	8	128323819	rs378854	0.143902
8	128340908	rs16902104	8	128323874	rs421094	0.145084
8	128340908	rs16902104	8	128323891	rs4506170	0.97014
8	128340908	rs16902104	8	128323951	rs151204419	1
8	128340908	rs16902104	8	128323987	rs200496470	1
8	128340908	rs16902104	8	128324001	rs201469546	1
8	128340908	rs16902104	8	128324071	rs139988765	0.992297
8	128340908	rs16902104	8	128324075	rs144898130	0.97702
8	128340908	rs16902104	8	128324147	rs382434	0.134296
8	128340908	rs16902104	8	128324421	rs375384045	0.140701
8	128340908	rs16902104	8	128324539	rs368727510	0.984637
8	128340908	rs16902104	8	128324718	rs192955651	0.954824
8	128340908	rs16902104	8	128324895	rs145501433	0.152141
8	128340908	rs16902104	8	128325031	rs183616518	0.107004
8	128340908	rs16902104	8	128325183	rs7832541	0.152141
8	128340908	rs16902104	8	128325355	rs201057014	0.867597
8	128340908	rs16902104	8	128325478	rs371184876	0.137098
8	128340908	rs16902104	8	128327210	rs186307710	0.992319
8	128340908	rs16902104	8	128327641	rs618477	0.146718
8	128340908	rs16902104	8	128327828	rs617894	0.120591
8	128340908	rs16902104	8	128327889	rs183738189	1
8	128340908	rs16902104	8	128327920	rs191545467	0.969444
8	128340908	rs16902104	8	128328019	rs2658486	0.144652
8	128340908	rs16902104	8	128329744	rs11774287	0.939646
8	128340908	rs16902104	8	128329834	rs11781846	0.984787
8	128340908	rs16902104	8	128329935	rs4590403	0.137212
8	128340908	rs16902104	8	128329988	rs11781888	0.984787
8	128340908	rs16902104	8	128330139	rs550630339	0.149058
8	128340908	rs16902104	8	128330555	rs77635060	0.992456
8	128340908	rs16902104	8	128330920	rs34715677;rs369672184	0.134961
8	128340908	rs16902104	8	128331320	rs199966786	0.13878
8	128340908	rs16902104	8	128331799	rs4397364	0.125809
8	128340908	rs16902104	8	128332387	rs199873947	0.992456
8	128340908	rs16902104	8	128332714	rs149330213	0.218861
8	128340908	rs16902104	8	128332724	rs566668410	1
8	128340908	rs16902104	8	128332870	rs13273995	0.132038
8	128340908	rs16902104	8	128332887	rs13271655	0.124391
8	128340908	rs16902104	8	128332968	rs186935985	1
8	128340908	rs16902104	8	128333031	rs13272966	0.133896
8	128340908	rs16902104	8	128333044	rs13274559	0.133896
8	128340908	rs16902104	8	128333103	rs138867633	0.743634
8	128340908	rs16902104	8	128333116	rs13272305	0.161775
8	128340908	rs16902104	8	128333180	rs622856	0.140841
8	128340908	rs16902104	8	128333181	rs622853	0.143026
8	128340908	rs16902104	8	128333197	rs622556	0.128079
8	128340908	rs16902104	8	128333220	rs72712308	1
8	128340908	rs16902104	8	128333259	rs452529	0.128079
8	128340908	rs16902104	8	128333513	rs444318	0.128079
8	128340908	rs16902104	8	128333565	rs72712310	1
8	128340908	rs16902104	8	128334150	rs10574286	0.128079
8	128340908	rs16902104	8	128334245	rs366991	0.138354
8	128340908	rs16902104	8	128334485	rs606677	0.126299
8	128340908	rs16902104	8	128334499	rs606345	0.126299
8	128340908	rs16902104	8	128334662	rs2691039	0.128079
8	128340908	rs16902104	8	128334900	rs13256367	0.130786
8	128340908	rs16902104	8	128334911	rs594154	0.128079
8	128340908	rs16902104	8	128334966	rs594076	0.128079
8	128340908	rs16902104	8	128334992	rs373701	0.128079
8	128340908	rs16902104	8	128335079	rs55717424	1
8	128340908	rs16902104	8	128335246	rs437980	0.128079
8	128340908	rs16902104	8	128335526	rs62516012	0.105013
8	128340908	rs16902104	8	128335536	rs58104177	1
8	128340908	rs16902104	8	128335673	rs620861	0.140841
8	128340908	rs16902104	8	128335714	rs620808	0.1288
8	128340908	rs16902104	8	128335715	rs590574	0.1288
8	128340908	rs16902104	8	128335796	rs443053	0.140841
8	128340908	rs16902104	8	128335999	rs34299030	0.128079
8	128340908	rs16902104	8	128336053	rs72712332	1
8	128340908	rs16902104	8	128336546	rs400818	0.131247
8	128340908	rs16902104	8	128336664	rs72712334	1
8	128340908	rs16902104	8	128336740	rs78015822	0.128133
8	128340908	rs16902104	8	128336741	rs74588857	0.128133
8	128340908	rs16902104	8	128336744	rs34628978	0.128133
8	128340908	rs16902104	8	128336871	rs386883	0.131247
8	128340908	rs16902104	8	128337049	rs34152056	0.131247
8	128340908	rs16902104	8	128337241	rs377649	0.131247
8	128340908	rs16902104	8	128337278	rs442889	0.135061
8	128340908	rs16902104	8	128337279	rs3999789	0.131864
8	128340908	rs16902104	8	128337285	rs200499606	0.131864
8	128340908	rs16902104	8	128337375	rs34789257	0.12978
8	128340908	rs16902104	8	128337927	rs432523	0.133525
8	128340908	rs16902104	8	128338258	rs72712335	1
8	128340908	rs16902104	8	128338594	rs430693	0.131247
8	128340908	rs16902104	8	128338693	rs684254	0.131247
8	128340908	rs16902104	8	128338702	rs1395287	0.130786
8	128340908	rs16902104	8	128338760	rs631845	0.131247
8	128340908	rs16902104	8	128338847	rs653605	0.131247
8	128340908	rs16902104	8	128339044	rs432470	0.0956431
8	128340908	rs16902104	8	128339426	rs424281	0.0956431
8	128340908	rs16902104	8	128340124	rs16902101	1
8	128340908	rs16902104	8	128340221	rs16902102	0.99232
8	128340908	rs16902104	8	128340374	rs16902103	1
8	128340908	rs16902104	8	128340489	rs537302108	1
8	128340908	rs16902104	8	128340537	rs72712338	1
8	128340908	rs16902104	8	128340554	rs72712339	1
8	128340908	rs16902104	8	128340908	rs16902104	1
8	128340908	rs16902104	8	128341103	rs1668875	0.165718
8	128340908	rs16902104	8	128341680	rs587948	0.160506
8	128340908	rs16902104	8	128341727	rs623401	0.160506
8	128340908	rs16902104	8	128341810	rs60497658	0.955659
8	128340908	rs16902104	8	128342114	rs35049703	0.12778
8	128340908	rs16902104	8	128342154	rs10956359	0.105005
8	128340908	rs16902104	8	128342626	rs72712344	0.926071
8	128340908	rs16902104	8	128343202	rs34781937	0.144507
8	128340908	rs16902104	8	128348403	rs73336742	0.50876
8	128340908	rs16902104	8	128348617	rs16902118	0.50876
8	128340908	rs16902104	8	128352730	rs10087810	0.0920339
8	128340908	rs16902104	8	128352967	rs11328185	0.0920339
8	128340908	rs16902104	8	128354763	rs58935344	0.148292
8	128340908	rs16902104	8	128354785	rs10095860	0.11284
8	128340908	rs16902104	8	128354918	rs16902121	0.418738
8	128340908	rs16902104	8	128355234	rs73336758	0.418738
8	128340908	rs16902104	8	128355567	rs59561127	0.42405
8	128340908	rs16902104	8	128358866	rs73336767	0.418738
8	128340908	rs16902104	8	128365083	rs11785277	0.413501
8	128340908	rs16902104	8	128365199	rs11774777	0.413501
8	128340908	rs16902104	8	128365202	rs11781679	0.413501
8	128340908	rs16902104	8	128365341	rs11774827	0.413501
8	128340908	rs16902104	8	128365698	rs11781774	0.413501
8	128340908	rs16902104	8	128365947	rs35850773	0.413501
8	128340908	rs16902104	8	128366037	rs13267256	0.413501
8	128340908	rs16902104	8	128366045	rs13266502	0.413501
8	128340908	rs16902104	8	128366165	rs13266816	0.413501
8	128340908	rs16902104	8	128366167	rs13267604	0.413501
8	128340908	rs16902104	8	128366444	rs11782693	0.413501
8	128340908	rs16902104	8	128366604	rs11782735	0.413501
8	128340908	rs16902104	8	128366754	rs11775906	0.413501
8	128340908	rs16902104	8	128366925	rs11783559	0.39721
8	128340908	rs16902104	8	128367007	rs11783615	0.413501
8	128340908	rs16902104	8	128367106	rs73336790	0.413501
8	128340908	rs16902104	8	128367656	rs538175669	0.304376
8	128340908	rs16902104	8	128367695	rs36072021	0.413501
8	128340908	rs16902104	8	128368933	rs55879891	0.402338
8	128340908	rs16902104	8	128369743	rs55885383	0.418738
8	128340908	rs16902104	8	128370188	rs76095054	0.418738
8	128340908	rs16902104	8	128370189	rs75065588	0.427585
8	128340908	rs16902104	8	128373653	rs35509487	0.389761
8	128340908	rs16902104	8	128378810	rs56001747	0.402338
8	128340908	rs16902104	8	128379920	rs11784125	0.418738
8	128340908	rs16902104	8	128382488	rs11776260	0.408337
8	128340908	rs16902104	8	128384090	rs11774907	0.418738
8	128340908	rs16902104	8	128384417	rs16902127	0.387691
8	128340908	rs16902104	8	128385689	rs112108349	0.418738
8	128340908	rs16902104	8	128386203	rs34864288	0.205156
8	128340908	rs16902104	8	128389964	rs78571675	0.18769
8	128340908	rs16902104	8	128390660	rs731900	0.124979
8	128413305	rs6983267	8	128407190	rs3847136	0.354435
8	128413305	rs6983267	8	128407443	rs10505477	0.908572
8	128413305	rs6983267	8	128408064	rs12334317	0.166755
8	128413305	rs6983267	8	128408116	rs10505476	0.333249
8	128413305	rs6983267	8	128409232	rs11985829	0.357548
8	128413305	rs6983267	8	128409511	rs10808555	0.272331
8	128413305	rs6983267	8	128410346	rs3843548	0.126337
8	128413305	rs6983267	8	128410480	rs3843549	0.126337
8	128413305	rs6983267	8	128410948	rs12682374	0.894192
8	128413305	rs6983267	8	128413147	rs10808556	0.59474
8	128413305	rs6983267	8	128413305	rs6983267	1
8	128413305	rs6983267	8	128414371	rs77187713	0.0982153
8	128413305	rs6983267	8	128414498	rs3847137	0.576574
8	128413305	rs6983267	8	128414585	rs67219047	0.166755
8	128413305	rs6983267	8	128414892	rs7013278	0.470505
8	128413305	rs6983267	8	128415734	rs11997201	0.470505
8	128413305	rs6983267	8	128417504	rs10505474	0.596243
8	128413305	rs6983267	8	128417936	rs10505473	0.165838
8	128413305	rs6983267	8	128420117	rs2060776	0.578311
8	128413305	rs6983267	8	128420265	rs3933712	0.578987
8	128413305	rs6983267	8	128420376	rs549503205	0.589545
8	128413305	rs6983267	8	128420712	rs6983549	0.45848
8	128413305	rs6983267	8	128421128	rs11778075	0.578311
8	128413305	rs6983267	8	128421348	rs11784983	0.578311
8	128413305	rs6983267	8	128421785	rs4871788	0.578311
8	128413305	rs6983267	8	128422098	rs11998706	0.578311
8	128413305	rs6983267	8	128422488	rs12678562	0.578311
8	128413305	rs6983267	8	128423009	rs552907175	0.54315
8	128413305	rs6983267	8	128423089	rs11311577	0.103042
8	128413305	rs6983267	8	128423127	rs7837328	0.578311
8	128413305	rs6983267	8	128423184	rs7837706	0.578311
8	128413305	rs6983267	8	128423341	rs7837626	0.578311
8	128413305	rs6983267	8	128423398	rs7837644	0.578311
8	128413305	rs6983267	8	128423491	rs10956366	0.578311
8	128413305	rs6983267	8	128423544	rs10956367	0.578311
8	128413305	rs6983267	8	128423650	rs10956368	0.530324
8	128413305	rs6983267	8	128423817	rs10956369	0.578311
8	128413305	rs6983267	8	128423911	rs7013328	0.574532
8	128413305	rs6983267	8	128424633	rs76503658	0.0982153
8	128413305	rs6983267	8	128424728	rs10956370	0.578311
8	128413305	rs6983267	8	128424792	rs7014346	0.45848
8	128413305	rs6983267	8	128424883	rs7018367	0.576939
8	128413305	rs6983267	8	128424899	rs7018371	0.576939
8	128413305	rs6983267	8	128424933	rs7018368	0.578311
8	128413305	rs6983267	8	128426102	rs148825294	0.408668
8	128413305	rs6983267	8	128426393	rs871135	0.578311
8	128413305	rs6983267	8	128427306	rs10808557	0.578311
8	128413305	rs6983267	8	128427372	rs4276648	0.578311
8	128413305	rs6983267	8	128427720	rs4871022	0.578311
8	128413305	rs6983267	8	128428061	rs4871789	0.304402
8	128413305	rs6983267	8	128428638	rs6998061	0.563951
8	128413305	rs6983267	8	128428795	rs6998254	0.297841
8	128413305	rs6983267	8	128428823	rs7002225	0.297841
8	128413305	rs6983267	8	128429262	rs9297754	0.177783
8	128413305	rs6983267	8	128429652	rs72712390	0.203723
8	128413305	rs6983267	8	128429660	rs6470510	0.177469
8	128413305	rs6983267	8	128430807	rs28774977	0.161115
8	128413305	rs6983267	8	128431385	rs11993627	0.119398
8	128413305	rs6983267	8	128431694	rs7842552	0.337401
8	128413305	rs6983267	8	128437055	rs28661658	0.169587
8	128413305	rs6983267	8	128440167	rs9297756	0.169916
8	128413305	rs6983267	8	128441170	rs7000448	0.174249
8	128413305	rs6983267	8	128441226	rs201926138	0.172282
8	128413305	rs6983267	8	128441535	rs4871790	0.381707
8	128413305	rs6983267	8	128443387	rs7357368	0.160227
8	128413305	rs6983267	8	128444466	rs76363056	0.173763
8	128413305	rs6983267	8	128444599	rs74800879	0.160227
8	128413305	rs6983267	8	128444956	rs77805476	0.173188
8	128413305	rs6983267	8	128445986	rs57889831	0.167991
8	128413305	rs6983267	8	128447466	rs74792774	0.162484
8	128413305	rs6983267	8	128447547	rs74673821	0.162484
8	128413305	rs6983267	8	128447549	rs75191360	0.162484
8	128413305	rs6983267	8	128447621	rs59191242	0.157601
8	128413305	rs6983267	8	128447725	rs58760468	0.149455
8	128413305	rs6983267	8	128447754	rs371024646	0.153613
8	128413305	rs6983267	8	128447758	rs374062741	0.153613
8	128413305	rs6983267	8	128447995	rs61344530	0.11771
8	128413305	rs6983267	8	128447999	rs58174089	0.11771
8	128413305	rs6983267	8	128449097	rs138554988	0.160507
8	128413305	rs6983267	8	128449123	rs367544695	0.15592
8	128413305	rs6983267	8	128449172	rs142974264	0.1532
8	128413305	rs6983267	8	128449371	rs149440350	0.153613
8	128413305	rs6983267	8	128449587	rs11506130	0.153613
8	128413305	rs6983267	8	128449620	rs11506131	0.153613
8	128413305	rs6983267	8	128449703	rs11506132	0.153613
8	128413305	rs6983267	8	128449705	rs11506133	0.153613
8	128413305	rs6983267	8	128450221	rs1074411	0.158232
8	128413305	rs6983267	8	128450722	rs4395862	0.1532
8	128413305	rs6983267	8	128450734	rs4317535	0.1532
8	128413305	rs6983267	8	128450800	rs4285448	0.158232
8	128413305	rs6983267	8	128450884	rs4395863	0.153613
8	128413305	rs6983267	8	128450969	rs7007536	0.153613
8	128413305	rs6983267	8	128451301	rs6988085	0.153613
8	128413305	rs6983267	8	128451331	rs75342397	0.153613
8	128413305	rs6983267	8	128451396	rs6987836	0.153613
8	128413305	rs6983267	8	128451662	rs13257281	0.153613
8	128413305	rs6983267	8	128451690	rs113706580	0.153613
8	128413305	rs6983267	8	128451795	rs28786485	0.153613
8	128413305	rs6983267	8	128452128	rs28846183	0.153613
8	128413305	rs6983267	8	128452384	rs10086082	0.153613
8	128413305	rs6983267	8	128452407	rs10101025	0.162108
8	128413305	rs6983267	8	128452420	rs149124273	0.153613
8	128413305	rs6983267	8	128452762	rs10101502	0.143746
8	128413305	rs6983267	8	128452969	rs28733961	0.158232
8	128413305	rs6983267	8	128452985	rs28527347	0.153613
8	128413305	rs6983267	8	128453111	rs28537112	0.154041
8	128413305	rs6983267	8	128453248	rs28489926	0.154041
8	128413305	rs6983267	8	128453402	rs77651750	0.149307
8	128413305	rs6983267	8	128453529	rs10090459	0.153613
8	128413305	rs6983267	8	128453765	rs10090421	0.282509
8	128413305	rs6983267	8	128453928	rs12334695	0.147085
8	128413305	rs6983267	8	128455167	rs28645077	0.150367
8	128413305	rs6983267	8	128455694	rs7831606	0.157302
8	128413305	rs6983267	8	128456019	rs10101741	0.162631
8	128413305	rs6983267	8	128456348	rs28623168	0.161195
8	128413305	rs6983267	8	128459125	rs13282506	0.192922
8	128485038	rs1447295	8	128469579	rs71566635	0.119728
8	128485038	rs1447295	8	128469708	rs6990480	0.295677
8	128485038	rs1447295	8	128470256	rs10956372	0.215804
8	128485038	rs1447295	8	128470608	rs7825928	0.170435
8	128485038	rs1447295	8	128471490	rs7830776	0.160512
8	128485038	rs1447295	8	128472320	rs1447293	0.162575
8	128485038	rs1447295	8	128472642	rs1447292	1
8	128485038	rs1447295	8	128475185	rs921146	0.407434
8	128485038	rs1447295	8	128475582	rs3999773	0.104366
8	128485038	rs1447295	8	128477169	rs13250904	0.112118
8	128485038	rs1447295	8	128477256	rs13251194	0.112118
8	128485038	rs1447295	8	128478160	rs2121630	0.577357
8	128485038	rs1447295	8	128478315	rs2166689	0.420242
8	128485038	rs1447295	8	128479527	rs3956790	0.741982
8	128485038	rs1447295	8	128479537	rs3999775	0.741982
8	128485038	rs1447295	8	128479963	rs4871798	0.741982
8	128485038	rs1447295	8	128480943	rs71300231	0.352095
8	128485038	rs1447295	8	128481325	rs77352579	0.352095
8	128485038	rs1447295	8	128481349	rs7819102	0.0935747
8	128485038	rs1447295	8	128482642	rs4871799	0.348655
8	128485038	rs1447295	8	128482715	rs4871800	0.352095
8	128485038	rs1447295	8	128483914	rs4871801	1
8	128485038	rs1447295	8	128484181	rs6470518	1
8	128485038	rs1447295	8	128484223	rs6470519	1
8	128485038	rs1447295	8	128484333	rs6470520	1
8	128485038	rs1447295	8	128484399	rs7818556	1
8	128485038	rs1447295	8	128485038	rs1447295	1
8	128485038	rs1447295	8	128485640	rs4871802	1
8	128485038	rs1447295	8	128485964	rs10109700	1
8	128485038	rs1447295	8	128486588	rs9297758	0.0962004
8	128485038	rs1447295	8	128488382	rs4871803	0.364501
8	128485038	rs1447295	8	128488750	rs13260378	0.0955821
8	128485038	rs1447295	8	128489199	rs7826179	1
8	128485038	rs1447295	8	128490155	rs75428928	0.0955821
8	128485038	rs1447295	8	128490576	rs10956373	0.413467
8	128485038	rs1447295	8	128491792	rs7836840	0.116376
8	128485038	rs1447295	8	128492029	rs7831028	0.343129
8	128485038	rs1447295	8	128492344	rs1992833	0.148936
8	128485038	rs1447295	8	128493703	rs71300234	0.143369
8	128485038	rs1447295	8	128494111	rs9643224	0.12
8	128485038	rs1447295	8	128494391	rs9643225	0.349376
8	128485038	rs1447295	8	128494481	rs9643226	0.980468
8	128485038	rs1447295	8	128495359	rs1447296	0.970721
8	128485038	rs1447295	8	128496096	rs9643227	0.135174
8	128485038	rs1447295	8	128496412	rs11995378	0.970721
8	128485038	rs1447295	8	128496591	rs13253127	0.151828
8	128485038	rs1447295	8	128496776	rs6985504	0.346233
8	128485038	rs1447295	8	128498504	rs4431561	0.952307
8	128485038	rs1447295	8	128499458	rs75919186	0.105345
8	128485038	rs1447295	8	128499911	rs4871024	0.961134
8	128485038	rs1447295	8	128500547	rs67111856	0.114491
8	128485038	rs1447295	8	128501150	rs10808558	0.970721
8	128485038	rs1447295	8	128504497	rs17766217	0.116927
8	128485038	rs1447295	8	128506457	rs1562435	0.0952382
8	128485038	rs1447295	8	128507024	rs12155672	0.101689
8	128485038	rs1447295	8	128507191	rs12156128	0.0952382
8	128485038	rs1447295	8	128510211	rs55903116	0.0930769
8	128485038	rs1447295	8	128510424	rs4599773	0.0980697
8	128485038	rs1447295	8	128511292	rs12545487	0.0930769
8	128485038	rs1447295	8	128512359	rs137890042	0.170007
8	128485038	rs1447295	8	128513305	rs6981321	0.347933
8	128485038	rs1447295	8	128514398	rs35385035	0.0952382
8	128485038	rs1447295	8	128515051	rs34561884	0.0952382
8	128485038	rs1447295	8	128515210	rs35774048	0.0952382
8	128485038	rs1447295	8	128515775	rs11393128	0.961134
8	128485038	rs1447295	8	128516952	rs7832031	0.970721
8	128485038	rs1447295	8	128517573	rs4242382	0.933292
8	128485038	rs1447295	8	128518015	rs4314621	0.970721
8	128485038	rs1447295	8	128518554	rs4242384	0.970721
8	128485038	rs1447295	8	128519171	rs9297759	0.970721
8	128485038	rs1447295	8	128519957	rs7018386	0.102075
8	128485038	rs1447295	8	128520173	rs7812429	0.970721
8	128485038	rs1447295	8	128520479	rs7812894	0.970721
8	128485038	rs1447295	8	128522063	rs10099413	0.738623
8	128485038	rs1447295	8	128522202	rs7814837	0.970721
8	128485038	rs1447295	8	128522584	rs61460400	0.738623
8	128485038	rs1447295	8	128522914	rs10088308	0.738623
8	128485038	rs1447295	8	128523172	rs9297760	0.738623
8	128485038	rs1447295	8	128524321	rs7841251	0.685824
8	128485038	rs1447295	8	128524414	rs7824868	0.899536
8	128485038	rs1447295	8	128525268	rs7017300	0.738623
8	128485038	rs1447295	8	128525336	rs72550836	0.270474
8	128485038	rs1447295	8	128525632	rs12547874	0.340941
8	128485038	rs1447295	8	128525985	rs7004374	0.0947793
8	128485038	rs1447295	8	128528435	rs4582524	0.970721
8	128485038	rs1447295	8	128528533	rs4641026	0.797716
8	128485038	rs1447295	8	128529033	rs4498506	0.797716
8	128485038	rs1447295	8	128529116	rs4297007	0.797716
8	128485038	rs1447295	8	128529229	rs4242385	0.797716
8	128485038	rs1447295	8	128529933	rs11992171	0.741428
8	128485038	rs1447295	8	128530616	rs13255059	0.970721
8	128485038	rs1447295	8	128531028	rs13265719	0.0954817
8	128485038	rs1447295	8	128531689	rs11986220	0.970721
8	128485038	rs1447295	8	128531873	rs11988857	0.797716
8	128485038	rs1447295	8	128532137	rs10090154	0.970721
8	128485038	rs1447295	8	128532399	rs4515512	0.970721
8	128485038	rs1447295	8	128533442	rs7824776	0.881542
8	128485038	rs1447295	8	128533448	rs145687134	0.111612
8	128485038	rs1447295	8	128533473	rs7843031	0.871922
8	128485038	rs1447295	8	128533993	rs4645527	0.705207
8	128485038	rs1447295	8	128534115	rs376032545	0.702935
8	128485038	rs1447295	8	128534230	rs4599771	0.705207
8	128485038	rs1447295	8	128534361	rs4531012	0.702935
8	128485038	rs1447295	8	128534587	rs9656967	0.705207
8	128485038	rs1447295	8	128534654	rs9656816	0.660742
8	128485038	rs1447295	8	128534755	rs12545648	0.863729
8	128485038	rs1447295	8	128535635	rs7005132	0.871922
8	128485038	rs1447295	8	128537583	rs12542685	0.103174
8	128485038	rs1447295	8	128538370	rs111536484	0.101065
8	128485038	rs1447295	8	128538824	rs8180905	0.871922
8	128485038	rs1447295	8	128539360	rs7837688	0.863729
8	128485038	rs1447295	8	128539461	rs13256658	0.097079
8	128485038	rs1447295	8	128540688	rs117656581	0.154115
8	128485038	rs1447295	8	128541093	rs4242386	0.741677
8	128485038	rs1447295	8	128544812	rs6470529	0.855659
8	128485038	rs1447295	8	128545001	rs11300434	0.846098
8	128485038	rs1447295	8	128545619	rs4543510	0.252854
8	128485038	rs1447295	8	128546921	rs5894888	0.26634
8	128485038	rs1447295	8	128547721	rs4871812	0.38736
8	128485038	rs1447295	8	128547942	rs4871813	0.851188
8	128485038	rs1447295	8	128568005	rs35304108	0.0940976
8	128532137	rs10090154	8	128469579	rs71566635	0.120536
8	128532137	rs10090154	8	128469708	rs6990480	0.286397
8	128532137	rs10090154	8	128470256	rs10956372	0.208987
8	128532137	rs10090154	8	128470608	rs7825928	0.170299
8	128532137	rs10090154	8	128471490	rs7830776	0.160415
8	128532137	rs10090154	8	128472320	rs1447293	0.16247
8	128532137	rs10090154	8	128472642	rs1447292	0.970721
8	128532137	rs10090154	8	128475185	rs921146	0.39541
8	128532137	rs10090154	8	128475582	rs3999773	0.109546
8	128532137	rs10090154	8	128477169	rs13250904	0.117405
8	128532137	rs10090154	8	128477256	rs13251194	0.117405
8	128532137	rs10090154	8	128478160	rs2121630	0.545483
8	128532137	rs10090154	8	128478315	rs2166689	0.407963
8	128532137	rs10090154	8	128479527	rs3956790	0.719789
8	128532137	rs10090154	8	128479537	rs3999775	0.719789
8	128532137	rs10090154	8	128479963	rs4871798	0.719789
8	128532137	rs10090154	8	128480943	rs71300231	0.341565
8	128532137	rs10090154	8	128481325	rs77352579	0.341565
8	128532137	rs10090154	8	128481349	rs7819102	0.0986745
8	128532137	rs10090154	8	128482642	rs4871799	0.3382
8	128532137	rs10090154	8	128482715	rs4871800	0.341565
8	128532137	rs10090154	8	128483914	rs4871801	0.970721
8	128532137	rs10090154	8	128484181	rs6470518	0.970721
8	128532137	rs10090154	8	128484223	rs6470519	0.970721
8	128532137	rs10090154	8	128484333	rs6470520	0.970721
8	128532137	rs10090154	8	128484399	rs7818556	0.970721
8	128532137	rs10090154	8	128485038	rs1447295	0.970721
8	128532137	rs10090154	8	128485640	rs4871802	0.970721
8	128532137	rs10090154	8	128485964	rs10109700	0.970721
8	128532137	rs10090154	8	128488382	rs4871803	0.3537
8	128532137	rs10090154	8	128488750	rs13260378	0.10068
8	128532137	rs10090154	8	128489199	rs7826179	0.970721
8	128532137	rs10090154	8	128490155	rs75428928	0.10068
8	128532137	rs10090154	8	128490576	rs10956373	0.401401
8	128532137	rs10090154	8	128491792	rs7836840	0.126098
8	128532137	rs10090154	8	128492029	rs7831028	0.34947
8	128532137	rs10090154	8	128492344	rs1992833	0.154579
8	128532137	rs10090154	8	128493703	rs71300234	0.134438
8	128532137	rs10090154	8	128494111	rs9643224	0.129941
8	128532137	rs10090154	8	128494391	rs9643225	0.355724
8	128532137	rs10090154	8	128494481	rs9643226	0.990153
8	128532137	rs10090154	8	128495359	rs1447296	0.980357
8	128532137	rs10090154	8	128496096	rs9643227	0.136058
8	128532137	rs10090154	8	128496412	rs11995378	0.980357
8	128532137	rs10090154	8	128496591	rs13253127	0.157476
8	128532137	rs10090154	8	128496776	rs6985504	0.360819
8	128532137	rs10090154	8	128498504	rs4431561	0.98097
8	128532137	rs10090154	8	128499458	rs75919186	0.106393
8	128532137	rs10090154	8	128499749	rs13281765	0.0900318
8	128532137	rs10090154	8	128499911	rs4871024	0.990211
8	128532137	rs10090154	8	128500547	rs67111856	0.11198
8	128532137	rs10090154	8	128501150	rs10808558	1
8	128532137	rs10090154	8	128504497	rs17766217	0.114425
8	128532137	rs10090154	8	128506457	rs1562435	0.0931153
8	128532137	rs10090154	8	128507024	rs12155672	0.102579
8	128532137	rs10090154	8	128507191	rs12156128	0.0931153
8	128532137	rs10090154	8	128510211	rs55903116	0.0909878
8	128532137	rs10090154	8	128510424	rs4599773	0.0989819
8	128532137	rs10090154	8	128511292	rs12545487	0.0909878
8	128532137	rs10090154	8	128512359	rs137890042	0.171571
8	128532137	rs10090154	8	128513305	rs6981321	0.346378
8	128532137	rs10090154	8	128514398	rs35385035	0.0931153
8	128532137	rs10090154	8	128515051	rs34561884	0.0931153
8	128532137	rs10090154	8	128515210	rs35774048	0.0931153
8	128532137	rs10090154	8	128515775	rs11393128	0.990211
8	128532137	rs10090154	8	128516952	rs7832031	1
8	128532137	rs10090154	8	128517573	rs4242382	0.961783
8	128532137	rs10090154	8	128518015	rs4314621	1
8	128532137	rs10090154	8	128518554	rs4242384	1
8	128532137	rs10090154	8	128519171	rs9297759	1
8	128532137	rs10090154	8	128519957	rs7018386	0.106545
8	128532137	rs10090154	8	128520173	rs7812429	1
8	128532137	rs10090154	8	128520479	rs7812894	1
8	128532137	rs10090154	8	128522063	rs10099413	0.746971
8	128532137	rs10090154	8	128522202	rs7814837	1
8	128532137	rs10090154	8	128522584	rs61460400	0.746971
8	128532137	rs10090154	8	128522914	rs10088308	0.746971
8	128532137	rs10090154	8	128523172	rs9297760	0.746971
8	128532137	rs10090154	8	128524321	rs7841251	0.693906
8	128532137	rs10090154	8	128524414	rs7824868	0.927102
8	128532137	rs10090154	8	128525268	rs7017300	0.746971
8	128532137	rs10090154	8	128525336	rs72550836	0.273182
8	128532137	rs10090154	8	128525632	rs12547874	0.339498
8	128532137	rs10090154	8	128525985	rs7004374	0.0926773
8	128532137	rs10090154	8	128528435	rs4582524	1
8	128532137	rs10090154	8	128528533	rs4641026	0.823204
8	128532137	rs10090154	8	128529033	rs4498506	0.823204
8	128532137	rs10090154	8	128529116	rs4297007	0.823204
8	128532137	rs10090154	8	128529229	rs4242385	0.823204
8	128532137	rs10090154	8	128529933	rs11992171	0.765573
8	128532137	rs10090154	8	128530616	rs13255059	1
8	128532137	rs10090154	8	128531028	rs13265719	0.0933606
8	128532137	rs10090154	8	128531689	rs11986220	1
8	128532137	rs10090154	8	128531873	rs11988857	0.823204
8	128532137	rs10090154	8	128532137	rs10090154	1
8	128532137	rs10090154	8	128532399	rs4515512	1
8	128532137	rs10090154	8	128533442	rs7824776	0.908779
8	128532137	rs10090154	8	128533448	rs145687134	0.11273
8	128532137	rs10090154	8	128533473	rs7843031	0.899005
8	128532137	rs10090154	8	128533993	rs4645527	0.72836
8	128532137	rs10090154	8	128534115	rs376032545	0.725884
8	128532137	rs10090154	8	128534230	rs4599771	0.72836
8	128532137	rs10090154	8	128534361	rs4531012	0.725884
8	128532137	rs10090154	8	128534587	rs9656967	0.72836
8	128532137	rs10090154	8	128534654	rs9656816	0.685599
8	128532137	rs10090154	8	128534755	rs12545648	0.890639
8	128532137	rs10090154	8	128535635	rs7005132	0.899005
8	128532137	rs10090154	8	128537583	rs12542685	0.100663
8	128532137	rs10090154	8	128538370	rs111536484	0.0985957
8	128532137	rs10090154	8	128538824	rs8180905	0.899005
8	128532137	rs10090154	8	128539360	rs7837688	0.890639
8	128532137	rs10090154	8	128539461	rs13256658	0.0947608
8	128532137	rs10090154	8	128540688	rs117656581	0.155622
8	128532137	rs10090154	8	128541093	rs4242386	0.765535
8	128532137	rs10090154	8	128544812	rs6470529	0.8824
8	128532137	rs10090154	8	128545001	rs11300434	0.872682
8	128532137	rs10090154	8	128545619	rs4543510	0.258002
8	128532137	rs10090154	8	128546921	rs5894888	0.271759
8	128532137	rs10090154	8	128547721	rs4871812	0.393603
8	128532137	rs10090154	8	128547942	rs4871813	0.878143
8	128532137	rs10090154	8	128568005	rs35304108	0.0951829
