CHR_A	BP_A	SNP_A	CHR_B	BP_B	SNP_B	R2
8	25892142	rs11135910	8	25845224	rs73225981	0.206469
8	25892142	rs11135910	8	25860774	rs145768970	0.118311
8	25892142	rs11135910	8	25862722	rs566917773	0.118311
8	25892142	rs11135910	8	25865286	rs116924956	0.118311
8	25892142	rs11135910	8	25868690	rs116904792	0.118311
8	25892142	rs11135910	8	25869330	rs117473730	0.0946162
8	25892142	rs11135910	8	25869361	rs77714359	0.118311
8	25892142	rs11135910	8	25869608	rs17817999	0.177177
8	25892142	rs11135910	8	25869711	rs34245615	0.101013
8	25892142	rs11135910	8	25869935	rs6997320	0.183653
8	25892142	rs11135910	8	25870252	rs1485748	0.0937109
8	25892142	rs11135910	8	25871311	rs77506904	0.118311
8	25892142	rs11135910	8	25871350	rs7003404	0.22755
8	25892142	rs11135910	8	25871721	rs11998023	0.179247
8	25892142	rs11135910	8	25872634	rs17818197	0.22755
8	25892142	rs11135910	8	25875310	rs1485749	0.102545
8	25892142	rs11135910	8	25875628	rs71730646	0.147493
8	25892142	rs11135910	8	25876812	rs564005519	0.173173
8	25892142	rs11135910	8	25877050	rs62499127	0.101477
8	25892142	rs11135910	8	25877217	rs11135909	0.107219
8	25892142	rs11135910	8	25877317	rs140792874	0.118311
8	25892142	rs11135910	8	25877319	rs56084268	0.236149
8	25892142	rs11135910	8	25878272	rs139732530	0.528664
8	25892142	rs11135910	8	25879850	rs138894125	0.140087
8	25892142	rs11135910	8	25880422	rs77347510	0.140087
8	25892142	rs11135910	8	25881623	rs17239945	0.47718
8	25892142	rs11135910	8	25881938	rs17818412	0.661295
8	25892142	rs11135910	8	25883604	rs62499129	0.47718
8	25892142	rs11135910	8	25883802	rs17818448	0.551192
8	25892142	rs11135910	8	25884577	rs17818454	0.551192
8	25892142	rs11135910	8	25887959	rs75027094	0.55756
8	25892142	rs11135910	8	25888395	rs117094185	0.118311
8	25892142	rs11135910	8	25888552	rs17818622	0.55756
8	25892142	rs11135910	8	25889309	rs11985916	0.55756
8	25892142	rs11135910	8	25889944	rs36125326	0.55756
8	25892142	rs11135910	8	25890497	rs149736539	0.118311
8	25892142	rs11135910	8	25890997	rs190470683	0.118311
8	25892142	rs11135910	8	25891261	rs78557218	0.567063
8	25892142	rs11135910	8	25891439	rs74663537	0.118311
8	25892142	rs11135910	8	25891748	rs1485743	0.138616
8	25892142	rs11135910	8	25891983	rs17818797	0.138616
8	25892142	rs11135910	8	25892142	rs11135910	1
8	25892142	rs11135910	8	25892154	rs80110395	0.118311
8	25892142	rs11135910	8	25892684	rs13256044	0.135891
8	25892142	rs11135910	8	25893271	rs17240519	0.348308
8	25892142	rs11135910	8	25894201	rs141811748	0.870962
8	25892142	rs11135910	8	25896005	rs7841445	0.186654
8	25892142	rs11135910	8	25898565	rs1982768	0.797199
8	25892142	rs11135910	8	25900778	rs11992541	0.790226
8	25892142	rs11135910	8	25901557	rs62499144	0.784996
8	25892142	rs11135910	8	25901967	rs537841817	0.118311
8	25892142	rs11135910	8	25901972	rs567365505	0.118311
8	25892142	rs11135910	8	25902876	rs372748122	0.12234
8	25892142	rs11135910	8	25908380	rs114460530	0.12234
8	25892142	rs11135910	8	25908617	rs146289970	0.12234
8	25892142	rs11135910	8	25909617	rs138687682	0.12234
8	25892142	rs11135910	8	25910156	rs6984769	0.89367
8	25892142	rs11135910	8	25910246	rs35297414	0.138715
8	25892142	rs11135910	8	25910410	rs574438902	0.158599
8	25892142	rs11135910	8	25910583	rs71216411	0.102126
8	25892142	rs11135910	8	25910863	rs149344647	0.12234
8	25892142	rs11135910	8	25910975	rs4872390	0.175627
8	25892142	rs11135910	8	25911192	rs11135913	0.16261
8	25892142	rs11135910	8	25911841	rs57228146	0.202963
8	25892142	rs11135910	8	25911903	rs2321724	0.202963
8	25892142	rs11135910	8	25911975	rs73227978	0.133401
8	25892142	rs11135910	8	25912059	rs2321725	0.202963
8	25892142	rs11135910	8	25912284	rs5890282	0.408132
8	25892142	rs11135910	8	25912666	rs1155846	0.137103
8	25892142	rs11135910	8	25913555	rs79886291	0.12234
8	25892142	rs11135910	8	25914256	rs146714349	0.12234
8	25892142	rs11135910	8	25914671	rs36068679	0.127348
8	25892142	rs11135910	8	25914928	rs7011265	0.760429
8	25892142	rs11135910	8	25915378	rs6993495	0.760429
8	25892142	rs11135910	8	25916162	rs5890283	0.125645
8	25892142	rs11135910	8	25916873	rs17241099	0.127276
8	25892142	rs11135910	8	25916964	rs7824253	0.767302
8	25892142	rs11135910	8	25917508	rs6557877	0.767302
8	25892142	rs11135910	8	25917876	rs6557878	0.767302
8	25892142	rs11135910	8	25917995	rs6557879	0.767302
8	25892142	rs11135910	8	25918120	rs7829518	0.767302
8	25892142	rs11135910	8	25918463	rs1843400	0.124243
8	25892142	rs11135910	8	25919475	rs62499147	0.633836
8	25892142	rs11135910	8	25919515	rs62499148	0.633836
8	25892142	rs11135910	8	25919788	rs577219171	0.573709
8	25892142	rs11135910	8	25920003	rs57222145	0.767302
8	25892142	rs11135910	8	25920295	rs6557880	0.139962
8	25892142	rs11135910	8	25921153	rs34188729	0.139644
8	25892142	rs11135910	8	25922078	rs7835900	0.626631
8	25892142	rs11135910	8	25922546	rs62499150	0.626631
8	25892142	rs11135910	8	25922641	rs2321728	0.139644
8	25892142	rs11135910	8	25924029	rs6993325	0.475366
8	25892142	rs11135910	8	25924157	rs6992372	0.626631
8	25892142	rs11135910	8	25924207	rs6992402	0.626631
8	25892142	rs11135910	8	25924420	rs6993963	0.626631
8	25892142	rs11135910	8	25925883	rs62499151	0.619468
8	25892142	rs11135910	8	25926560	rs62501771	0.752214
8	25892142	rs11135910	8	25927697	rs62501773	0.619468
8	25892142	rs11135910	8	25927763	rs141033572	0.619468
8	25892142	rs11135910	8	25927863	rs62501774	0.619468
8	25892142	rs11135910	8	25928283	rs62501775	0.619468
8	25892142	rs11135910	8	25929365	rs6985329	0.619468
8	25892142	rs11135910	8	25929867	rs62501776	0.752214
8	25892142	rs11135910	8	25932748	rs35856884	0.140846
8	25892142	rs11135910	8	25932777	rs62501779	0.455158
8	25892142	rs11135910	8	25933140	rs17241553	0.74535
8	25892142	rs11135910	8	25933255	rs73227997	0.74535
8	25892142	rs11135910	8	25933257	rs936825	0.193968
8	25892142	rs11135910	8	25933347	rs936826	0.14712
8	25892142	rs11135910	8	25933389	rs62501780	0.74535
8	25892142	rs11135910	8	25934423	rs9644109	0.501244
8	25892142	rs11135910	8	25934684	rs17819816	0.74535
8	25892142	rs11135910	8	25935017	rs147758036	0.107937
8	25892142	rs11135910	8	25935021	rs35469333	0.14367
8	25892142	rs11135910	8	25935389	rs10104004	0.523986
8	25892142	rs11135910	8	25936158	rs77017814	0.124318
8	25892142	rs11135910	8	25938766	rs13267655	0.0924446
8	25892142	rs11135910	8	25939458	rs13280366	0.0942381
8	25892142	rs11135910	8	25985226	rs78568939	0.121637
8	25910156	rs6984769	8	25845224	rs73225981	0.171317
8	25910156	rs6984769	8	25860774	rs145768970	0.0997552
8	25910156	rs6984769	8	25862722	rs566917773	0.0997552
8	25910156	rs6984769	8	25865286	rs116924956	0.0997552
8	25910156	rs6984769	8	25868690	rs116904792	0.0997552
8	25910156	rs6984769	8	25869361	rs77714359	0.0997552
8	25910156	rs6984769	8	25869608	rs17817999	0.181181
8	25910156	rs6984769	8	25869935	rs6997320	0.188017
8	25910156	rs6984769	8	25871311	rs77506904	0.0997552
8	25910156	rs6984769	8	25871350	rs7003404	0.222153
8	25910156	rs6984769	8	25871721	rs11998023	0.184018
8	25910156	rs6984769	8	25872634	rs17818197	0.222153
8	25910156	rs6984769	8	25875628	rs71730646	0.143609
8	25910156	rs6984769	8	25876812	rs564005519	0.178162
8	25910156	rs6984769	8	25877317	rs140792874	0.0997552
8	25910156	rs6984769	8	25877319	rs56084268	0.231013
8	25910156	rs6984769	8	25878272	rs139732530	0.481207
8	25910156	rs6984769	8	25879850	rs138894125	0.118431
8	25910156	rs6984769	8	25880422	rs77347510	0.118431
8	25910156	rs6984769	8	25881623	rs17239945	0.440502
8	25910156	rs6984769	8	25881938	rs17818412	0.608074
8	25910156	rs6984769	8	25883604	rs62499129	0.440502
8	25910156	rs6984769	8	25883802	rs17818448	0.515976
8	25910156	rs6984769	8	25884577	rs17818454	0.515976
8	25910156	rs6984769	8	25887959	rs75027094	0.521259
8	25910156	rs6984769	8	25888395	rs117094185	0.0997552
8	25910156	rs6984769	8	25888552	rs17818622	0.521259
8	25910156	rs6984769	8	25889309	rs11985916	0.521259
8	25910156	rs6984769	8	25889944	rs36125326	0.521259
8	25910156	rs6984769	8	25890497	rs149736539	0.0997552
8	25910156	rs6984769	8	25890997	rs190470683	0.0997552
8	25910156	rs6984769	8	25891261	rs78557218	0.53049
8	25910156	rs6984769	8	25891439	rs74663537	0.0997552
8	25910156	rs6984769	8	25891748	rs1485743	0.142338
8	25910156	rs6984769	8	25891983	rs17818797	0.142338
8	25910156	rs6984769	8	25892142	rs11135910	0.89367
8	25910156	rs6984769	8	25892154	rs80110395	0.0997552
8	25910156	rs6984769	8	25892684	rs13256044	0.139498
8	25910156	rs6984769	8	25893271	rs17240519	0.303425
8	25910156	rs6984769	8	25894201	rs141811748	0.782665
8	25910156	rs6984769	8	25896005	rs7841445	0.197172
8	25910156	rs6984769	8	25898565	rs1982768	0.893731
8	25910156	rs6984769	8	25900778	rs11992541	0.900648
8	25910156	rs6984769	8	25900969	rs7002640	0.0947405
8	25910156	rs6984769	8	25901557	rs62499144	0.907483
8	25910156	rs6984769	8	25901579	rs1466562	0.0947405
8	25910156	rs6984769	8	25901840	rs4872386	0.0947405
8	25910156	rs6984769	8	25901967	rs537841817	0.0997552
8	25910156	rs6984769	8	25901972	rs567365505	0.0997552
8	25910156	rs6984769	8	25902171	rs536248793;rs11135911	0.0957676
8	25910156	rs6984769	8	25902501	rs7007677	0.0947405
8	25910156	rs6984769	8	25902792	rs555845476	0.0946915
8	25910156	rs6984769	8	25902876	rs372748122	0.118431
8	25910156	rs6984769	8	25903178	rs901176	0.0947405
8	25910156	rs6984769	8	25903179	rs901175	0.0947405
8	25910156	rs6984769	8	25903383	rs1077670	0.0925467
8	25910156	rs6984769	8	25903453	rs1077669	0.0947405
8	25910156	rs6984769	8	25903639	rs1077668	0.0947405
8	25910156	rs6984769	8	25903768	rs1077671	0.0947405
8	25910156	rs6984769	8	25904388	rs9314318	0.0945426
8	25910156	rs6984769	8	25904488	rs1008974	0.0945426
8	25910156	rs6984769	8	25905606	rs10105669	0.0943491
8	25910156	rs6984769	8	25905963	rs28416181	0.0943491
8	25910156	rs6984769	8	25906097	rs2874611	0.0945426
8	25910156	rs6984769	8	25908380	rs114460530	0.118431
8	25910156	rs6984769	8	25908617	rs146289970	0.118431
8	25910156	rs6984769	8	25908797	rs4871964	0.0945426
8	25910156	rs6984769	8	25909499	rs4872389	0.0911531
8	25910156	rs6984769	8	25909617	rs138687682	0.118431
8	25910156	rs6984769	8	25910156	rs6984769	1
8	25910156	rs6984769	8	25910246	rs35297414	0.141186
8	25910156	rs6984769	8	25910410	rs574438902	0.16032
8	25910156	rs6984769	8	25910583	rs71216411	0.106814
8	25910156	rs6984769	8	25910863	rs149344647	0.118431
8	25910156	rs6984769	8	25910975	rs4872390	0.193864
8	25910156	rs6984769	8	25911192	rs11135913	0.180539
8	25910156	rs6984769	8	25911467	rs11135915	0.0920173
8	25910156	rs6984769	8	25911841	rs57228146	0.218821
8	25910156	rs6984769	8	25911903	rs2321724	0.218821
8	25910156	rs6984769	8	25911975	rs73227978	0.135591
8	25910156	rs6984769	8	25912059	rs2321725	0.218821
8	25910156	rs6984769	8	25912284	rs5890282	0.435361
8	25910156	rs6984769	8	25912666	rs1155846	0.139498
8	25910156	rs6984769	8	25913258	rs11778076	0.0918129
8	25910156	rs6984769	8	25913555	rs79886291	0.118431
8	25910156	rs6984769	8	25914256	rs146714349	0.118431
8	25910156	rs6984769	8	25914671	rs36068679	0.130041
8	25910156	rs6984769	8	25914928	rs7011265	0.872203
8	25910156	rs6984769	8	25915378	rs6993495	0.872203
8	25910156	rs6984769	8	25916018	rs4612354	0.0939206
8	25910156	rs6984769	8	25916162	rs5890283	0.127897
8	25910156	rs6984769	8	25916873	rs17241099	0.129879
8	25910156	rs6984769	8	25916964	rs7824253	0.865386
8	25910156	rs6984769	8	25917508	rs6557877	0.865386
8	25910156	rs6984769	8	25917876	rs6557878	0.865386
8	25910156	rs6984769	8	25917995	rs6557879	0.865386
8	25910156	rs6984769	8	25918120	rs7829518	0.865386
8	25910156	rs6984769	8	25918463	rs1843400	0.126696
8	25910156	rs6984769	8	25919475	rs62499147	0.70827
8	25910156	rs6984769	8	25919515	rs62499148	0.70827
8	25910156	rs6984769	8	25919788	rs577219171	0.681421
8	25910156	rs6984769	8	25920003	rs57222145	0.865386
8	25910156	rs6984769	8	25920295	rs6557880	0.144274
8	25910156	rs6984769	8	25921153	rs34188729	0.144372
8	25910156	rs6984769	8	25922078	rs7835900	0.701631
8	25910156	rs6984769	8	25922546	rs62499150	0.701631
8	25910156	rs6984769	8	25922641	rs2321728	0.144372
8	25910156	rs6984769	8	25924029	rs6993325	0.513132
8	25910156	rs6984769	8	25924157	rs6992372	0.701631
8	25910156	rs6984769	8	25924207	rs6992402	0.701631
8	25910156	rs6984769	8	25924420	rs6993963	0.701631
8	25910156	rs6984769	8	25925835	rs55641392	0.0962775
8	25910156	rs6984769	8	25925883	rs62499151	0.695028
8	25910156	rs6984769	8	25926560	rs62501771	0.851857
8	25910156	rs6984769	8	25927697	rs62501773	0.695028
8	25910156	rs6984769	8	25927763	rs141033572	0.695028
8	25910156	rs6984769	8	25927863	rs62501774	0.695028
8	25910156	rs6984769	8	25928283	rs62501775	0.695028
8	25910156	rs6984769	8	25929365	rs6985329	0.695028
8	25910156	rs6984769	8	25929867	rs62501776	0.851857
8	25910156	rs6984769	8	25932748	rs35856884	0.144715
8	25910156	rs6984769	8	25932777	rs62501779	0.504874
8	25910156	rs6984769	8	25933140	rs17241553	0.844137
8	25910156	rs6984769	8	25933255	rs73227997	0.844137
8	25910156	rs6984769	8	25933257	rs936825	0.207308
8	25910156	rs6984769	8	25933347	rs936826	0.151384
8	25910156	rs6984769	8	25933389	rs62501780	0.844137
8	25910156	rs6984769	8	25934423	rs9644109	0.5559
8	25910156	rs6984769	8	25934684	rs17819816	0.844137
8	25910156	rs6984769	8	25935017	rs147758036	0.106123
8	25910156	rs6984769	8	25935021	rs35469333	0.147748
8	25910156	rs6984769	8	25935389	rs10104004	0.629561
8	25910156	rs6984769	8	25935704	rs12540974	0.104853
8	25910156	rs6984769	8	25936158	rs77017814	0.122355
8	25910156	rs6984769	8	25937871	rs13261264	0.120314
8	25910156	rs6984769	8	25938766	rs13267655	0.122471
8	25910156	rs6984769	8	25939458	rs13280366	0.129383
8	25910156	rs6984769	8	25985226	rs78568939	0.118057
