CHR_A	BP_A	SNP_A	CHR_B	BP_B	SNP_B	R2
9	124427373	rs1571801	9	124372095	rs76127306	0.12562
9	124427373	rs1571801	9	124374965	rs56152942	0.130901
9	124427373	rs1571801	9	124375299	rs17438315	0.131395
9	124427373	rs1571801	9	124376589	rs605576	0.135384
9	124427373	rs1571801	9	124378170	rs55693555	0.132739
9	124427373	rs1571801	9	124378424	rs56342042	0.142081
9	124427373	rs1571801	9	124378942	rs793512	0.1221
9	124427373	rs1571801	9	124379270	rs10985335	0.1221
9	124427373	rs1571801	9	124379851	rs79407089	0.132739
9	124427373	rs1571801	9	124380334	rs76399799	0.132739
9	124427373	rs1571801	9	124380359	rs77942863	0.132739
9	124427373	rs1571801	9	124381946	rs73661798	0.140205
9	124427373	rs1571801	9	124383244	rs2789876	0.128347
9	124427373	rs1571801	9	124384092	rs60287073	0.14974
9	124427373	rs1571801	9	124384479	rs7390787	0.119535
9	124427373	rs1571801	9	124384647	rs2789875	0.14974
9	124427373	rs1571801	9	124385360	rs574079	0.104418
9	124427373	rs1571801	9	124386179	rs566547	0.1342
9	124427373	rs1571801	9	124386879	rs78392964	0.14974
9	124427373	rs1571801	9	124389078	rs75935166	0.14974
9	124427373	rs1571801	9	124390389	rs74944561	0.159501
9	124427373	rs1571801	9	124390981	rs793513	0.114624
9	124427373	rs1571801	9	124391753	rs75010983	0.159501
9	124427373	rs1571801	9	124394575	rs871214	0.10427
9	124427373	rs1571801	9	124394947	rs78033879	0.14974
9	124427373	rs1571801	9	124395254	rs55864698	0.153703
9	124427373	rs1571801	9	124412961	rs10760182	0.343344
9	124427373	rs1571801	9	124413198	rs34846876	0.744015
9	124427373	rs1571801	9	124415444	esv3621669	0.314013
9	124427373	rs1571801	9	124415503	rs537805022	0.314013
9	124427373	rs1571801	9	124416005	rs10818582	0.328117
9	124427373	rs1571801	9	124422294	rs34049944	0.816571
9	124427373	rs1571801	9	124422356	rs13290194	0.816571
9	124427373	rs1571801	9	124422758	rs1571805	0.816571
9	124427373	rs1571801	9	124424189	rs1984038	0.984201
9	124427373	rs1571801	9	124424260	rs182254485	0.116212
9	124427373	rs1571801	9	124425249	rs34251673	0.984091
9	124427373	rs1571801	9	124425330	rs17438783	0.209828
9	124427373	rs1571801	9	124425705	rs1984037	0.832832
9	124427373	rs1571801	9	124426780	rs71509575	0.984091
9	124427373	rs1571801	9	124427373	rs1571801	1
9	124427373	rs1571801	9	124428279	rs35101286	0.989386
9	124427373	rs1571801	9	124428671	rs79421848	0.989386
9	124427373	rs1571801	9	124429146	rs539101776	0.732201
9	124427373	rs1571801	9	124430475	rs11314701	0.0927395
9	124427373	rs1571801	9	124432718	rs62572790	0.406831
9	124427373	rs1571801	9	124433546	rs12000685	0.398072
9	124427373	rs1571801	9	124433681	rs12000723	0.390789
9	124427373	rs1571801	9	124433975	rs12000798	0.406831
9	124427373	rs1571801	9	124435508	rs12005676	0.330529
9	124427373	rs1571801	9	124435891	rs66831804	0.402138
9	124427373	rs1571801	9	124436050	rs7028742	0.389924
9	124427373	rs1571801	9	124436610	rs7860246	0.336202
9	124427373	rs1571801	9	124436666	rs6478524	0.333357
9	124427373	rs1571801	9	124437601	rs35661033	0.389924
9	124427373	rs1571801	9	124438732	rs7875955	0.177452
9	124427373	rs1571801	9	124441967	rs7859310	0.109736
9	124427373	rs1571801	9	124443022	rs78934765	0.121225
9	124427373	rs1571801	9	124443033	rs75595265	0.102911
9	124427373	rs1571801	9	124444109	rs870556	0.112049
9	124427373	rs1571801	9	124448542	rs2840322	0.124042
9	124427373	rs1571801	9	124448771	rs1571804	0.162714
9	124427373	rs1571801	9	124449142	rs2900195	0.124042
9	124427373	rs1571801	9	124449774	rs16910935	0.132947
9	124427373	rs1571801	9	124479076	rs7875345	0.148545
9	124427373	rs1571801	9	124484351	rs60500961	0.157836
9	124427373	rs1571801	9	124490872	rs144726661	0.124666
9	124427373	rs1571801	9	124492612	rs62572800	0.213237
9	124427373	rs1571801	9	124494399	rs62572801	0.213494
9	124427373	rs1571801	9	124510136	rs569536690	0.149775
9	124427373	rs1571801	9	124513460	rs73664519	0.159339
9	124427373	rs1571801	9	124513481	rs73664520	0.138891
9	124427373	rs1571801	9	124519214	rs55835505	0.141533
9	124427373	rs1571801	9	124523036	rs56379024	0.130758
