CHR_A	BP_A	SNP_A	CHR_B	BP_B	SNP_B	R2
23	51241672	rs5945619	23	51142852	rs2134677	0.171644
23	51241672	rs5945619	23	51145013	rs12843640	0.170668
23	51241672	rs5945619	23	51145041	rs12837760	0.112868
23	51241672	rs5945619	23	51145050	rs6614293	0.112868
23	51241672	rs5945619	23	51145505	rs12850320	0.179846
23	51241672	rs5945619	23	51148089	rs35638212	0.174302
23	51241672	rs5945619	23	51150441	rs17854399	0.192388
23	51241672	rs5945619	23	51153602	rs7059321	0.189818
23	51241672	rs5945619	23	51153842	rs12852369	0.168617
23	51241672	rs5945619	23	51157683	rs78169622	0.189818
23	51241672	rs5945619	23	51158915	rs2134678	0.111699
23	51241672	rs5945619	23	51159783	rs12859167	0.126408
23	51241672	rs5945619	23	51160887	rs35148034	0.189818
23	51241672	rs5945619	23	51161613	rs12851320	0.189818
23	51241672	rs5945619	23	51164002	rs35710752	0.189818
23	51241672	rs5945619	23	51164142	rs75731873	0.189818
23	51241672	rs5945619	23	51164197	rs66693012	0.126408
23	51241672	rs5945619	23	51165422	rs12834008	0.504692
23	51241672	rs5945619	23	51166374	rs7064156	0.432646
23	51241672	rs5945619	23	51167688	rs972635	0.516917
23	51241672	rs5945619	23	51170716	rs370312964	0.519773
23	51241672	rs5945619	23	51170818	rs7883537	0.516917
23	51241672	rs5945619	23	51172210	._27421	0.464772
23	51241672	rs5945619	23	51173259	._27427	0.163503
23	51241672	rs5945619	23	51173261	rs77487610	0.163503
23	51241672	rs5945619	23	51174993	rs371360403	0.506712
23	51241672	rs5945619	23	51175253	rs7887005	0.462625
23	51241672	rs5945619	23	51175364	rs7887184	0.516917
23	51241672	rs5945619	23	51175756	rs141687551	0.516917
23	51241672	rs5945619	23	51175938	rs147157063	0.519773
23	51241672	rs5945619	23	51176087	rs12843029	0.51004
23	51241672	rs5945619	23	51176087	._27479	0.51004
23	51241672	rs5945619	23	51176270	rs181771517	0.201929
23	51241672	rs5945619	23	51177257	rs35466071	0.198917
23	51241672	rs5945619	23	51177257	._27510	0.131198
23	51241672	rs5945619	23	51177452	rs149047194	0.221966
23	51241672	rs5945619	23	51178386	rs1875754	0.515455
23	51241672	rs5945619	23	51181343	rs200073181	0.519773
23	51241672	rs5945619	23	51181541	rs4907772	0.516917
23	51241672	rs5945619	23	51182447	rs201319610	0.202343
23	51241672	rs5945619	23	51182959	rs77185408	0.202343
23	51241672	rs5945619	23	51187826	._27599	0.495621
23	51241672	rs5945619	23	51188544	rs5945603	0.519773
23	51241672	rs5945619	23	51190145	rs5945604	0.502899
23	51241672	rs5945619	23	51190482	rs5945605	0.743633
23	51241672	rs5945619	23	51191157	rs5945606	0.758673
23	51241672	rs5945619	23	51193211	rs5945569	0.76074
23	51241672	rs5945619	23	51196825	rs80281212	0.758116
23	51241672	rs5945619	23	51197213	rs5987418	0.758673
23	51241672	rs5945619	23	51197711	rs4907790	0.76074
23	51241672	rs5945619	23	51198317	rs35020348	0.754659
23	51241672	rs5945619	23	51199205	rs5987419	0.76074
23	51241672	rs5945619	23	51199708	rs5945607	0.76074
23	51241672	rs5945619	23	51201087	rs5945608	0.36728
23	51241672	rs5945619	23	51201595	rs11798651	0.76074
23	51241672	rs5945619	23	51202007	rs73202169	0.0917888
23	51241672	rs5945619	23	51202466	rs5945609	0.76074
23	51241672	rs5945619	23	51202545	rs5945610	0.76074
23	51241672	rs5945619	23	51204495	rs10284146	0.784683
23	51241672	rs5945619	23	51204496	rs10284147	0.651641
23	51241672	rs5945619	23	51206470	rs35325887	0.275222
23	51241672	rs5945619	23	51207093	rs73202172	0.439771
23	51241672	rs5945619	23	51209186	rs146443651	0.759103
23	51241672	rs5945619	23	51209675	rs12845472	0.282794
23	51241672	rs5945619	23	51210057	rs1327301	0.913581
23	51241672	rs5945619	23	51210615	rs1327302	0.932851
23	51241672	rs5945619	23	51211253	rs5945612	0.905297
23	51241672	rs5945619	23	51211390	rs7064089	0.913581
23	51241672	rs5945619	23	51214169	rs1327303	0.932851
23	51241672	rs5945619	23	51214176	rs1327304	0.932851
23	51241672	rs5945619	23	51214680	rs58781551	0.453251
23	51241672	rs5945619	23	51218572	rs1854109	0.921918
23	51241672	rs5945619	23	51222598	rs5945571	0.943694
23	51241672	rs5945619	23	51223415	rs58498379	0.932851
23	51241672	rs5945619	23	51225162	rs35694749	0.943694
23	51241672	rs5945619	23	51226490	rs5987421	0.943694
23	51241672	rs5945619	23	51227221	rs5945617	0.943861
23	51241672	rs5945619	23	51228551	rs5945618	0.943861
23	51241672	rs5945619	23	51229683	rs5945572	0.932851
23	51241672	rs5945619	23	51230625	rs12832410	0.304105
23	51241672	rs5945619	23	51235423	rs111312303	0.291913
23	51241672	rs5945619	23	51235525	rs11091729	0.943861
23	51241672	rs5945619	23	51237340	rs12854262	0.304105
23	51241672	rs5945619	23	51237471	rs372974537	0.201794
23	51241672	rs5945619	23	51240078	rs28641581	0.997144
23	51241672	rs5945619	23	51240725	rs12843829	0.306389
23	51241672	rs5945619	23	51241672	rs5945619	1
23	51241672	rs5945619	23	51242064	rs111313383	0.101709
23	51241672	rs5945619	23	51242303	rs5987397	0.997144
23	51241672	rs5945619	23	51242317	rs5987423	0.991445
23	51241672	rs5945619	23	51242317	._28225	0.994284
23	51241672	rs5945619	23	51242364	rs5987424	0.997144
23	51241672	rs5945619	23	51242670	rs5945620	0.460819
23	51241672	rs5945619	23	51242881	rs5945621	0.985696
23	51241672	rs5945619	23	51245276	rs11338635	0.997144
23	51241672	rs5945619	23	51245461	rs1891702	0.997144
23	51241672	rs5945619	23	51245487	rs5945623	0.380671
23	51241672	rs5945619	23	51246644	rs4907773	0.994284
23	51241672	rs5945619	23	51248783	rs4907792	0.994284
23	51241672	rs5945619	23	51249397	rs2384958	0.994284
23	51241672	rs5945619	23	51249758	rs66910447	0.994284
23	51241672	rs5945619	23	51251421	rs1936038	0.966284
23	51241672	rs5945619	23	51251800	rs6614419	0.966284
23	51241672	rs5945619	23	51252928	rs5945624	0.954906
23	51241672	rs5945619	23	51253427	rs5945625	0.966284
23	51241672	rs5945619	23	51253779	rs5945626	0.966284
23	51241672	rs5945619	23	51254350	rs5945573	0.966284
23	51241672	rs5945619	23	51254920	rs12844177	0.281337
23	51241672	rs5945619	23	51255066	rs6614421	0.460819
23	51241672	rs5945619	23	51255131	rs200003382	0.453466
23	51241672	rs5945619	23	51255417	rs5945627	0.899657
23	51241672	rs5945619	23	51255779	rs200192129	0.966284
23	51241672	rs5945619	23	51255883	rs145020581	0.966284
23	51241672	rs5945619	23	51256561	rs146262091	0.966284
23	51241672	rs5945619	23	51256761	rs151219484	0.27224
23	51241672	rs5945619	23	51256992	rs141135935	0.966284
23	51241672	rs5945619	23	51256998	rs201128567	0.966284
23	51241672	rs5945619	23	51258539	rs376121422	0.460819
23	51241672	rs5945619	23	51259693	rs5987429	0.966284
23	51241672	rs5945619	23	51259966	rs6521804	0.966284
23	51241672	rs5945619	23	51260072	rs5945629	0.966284
23	51241672	rs5945619	23	51260081	rs139832819	0.275261
23	51241672	rs5945619	23	51260205	rs142787983	0.3334
23	51241672	rs5945619	23	51260246	rs146050469	0.966284
23	51241672	rs5945619	23	51260348	rs143723180	0.966284
23	51241672	rs5945619	23	51260521	rs7064349	0.966284
23	51241672	rs5945619	23	51260563	rs4907793	0.966284
23	51241672	rs5945619	23	51260880	rs4907794	0.966284
23	51241672	rs5945619	23	51261068	rs4907795	0.954906
23	51241672	rs5945619	23	51261249	rs4907796	0.966284
23	51241672	rs5945619	23	51263200	rs4907775	0.96065
23	51241672	rs5945619	23	51264424	rs6614426	0.966284
23	51241672	rs5945619	23	51266884	rs12388771	0.966284
23	51241672	rs5945619	23	51268378	rs1970956	0.966284
23	51241672	rs5945619	23	51268450	rs1970957	0.966284
23	51241672	rs5945619	23	51268884	rs5945631	0.966284
23	51241672	rs5945619	23	51269539	rs12842085	0.281337
23	51241672	rs5945619	23	51269739	rs2153993	0.957712
23	51241672	rs5945619	23	51272085	rs6614427	0.966284
23	51241672	rs5945619	23	51272176	rs6614428	0.963457
23	51241672	rs5945619	23	51272475	rs59647730	0.89215
23	51241672	rs5945619	23	51272577	rs6614429	0.960501
23	51241672	rs5945619	23	51272865	rs6521808	0.966284
23	51241672	rs5945619	23	51274040	rs28408060	0.460819
23	51241672	rs5945619	23	51274223	rs28838700	0.963457
23	51241672	rs5945619	23	51275034	rs184071870	0.452552
23	51241672	rs5945619	23	51275125	rs78899665	0.963457
23	51241672	rs5945619	23	51275291	rs201474027	0.716008
23	51241672	rs5945619	23	51275294	rs199512728	0.687608
23	51241672	rs5945619	23	51275296	rs188998154	0.687608
23	51241672	rs5945619	23	51275298	rs201426688	0.712335
23	51241672	rs5945619	23	51275600	rs143812839	0.958073
23	51241672	rs5945619	23	51275624	rs78269975	0.280889
23	51241672	rs5945619	23	51275819	rs78929143	0.952121
23	51241672	rs5945619	23	51276025	rs200225949	0.460819
23	51241672	rs5945619	23	51276100	rs145384953	0.963457
23	51241672	rs5945619	23	51276274	rs149139611	0.963457
23	51241672	rs5945619	23	51276616	rs76793001	0.453466
23	51241672	rs5945619	23	51277134	rs149592979	0.94121
23	51241672	rs5945619	23	51277290	rs147057254	0.453466
23	51241672	rs5945619	23	51277653	rs141252276	0.459888
23	51241672	rs5945619	23	51277898	rs139174061	0.960501
23	51241672	rs5945619	23	51278070	rs142374390	0.279214
23	51241672	rs5945619	23	51278077	rs145929399	0.279214
23	51241672	rs5945619	23	51278195	rs78914396	0.960501
23	51241672	rs5945619	23	51278577	rs145507637	0.461758
23	51241672	rs5945619	23	51279295	rs6521809	0.957865
23	51241672	rs5945619	23	51279297	rs6614434	0.957865
23	51241672	rs5945619	23	51279476	rs12842762	0.279214
23	51241672	rs5945619	23	51279669	rs6614436	0.831793
23	51241672	rs5945619	23	51279675	rs189742305	0.825869
23	51241672	rs5945619	23	51279678	._28852	0.893016
23	51241672	rs5945619	23	51279679	._28853	0.893016
23	51241672	rs5945619	23	51279681	._28854	0.824728
23	51241672	rs5945619	23	51279687	rs6614311	0.724426
23	51241672	rs5945619	23	51279688	rs6614312	0.724426
23	51241672	rs5945619	23	51279694	rs6614437	0.824728
23	51241672	rs5945619	23	51279700	rs191037095	0.827024
23	51241672	rs5945619	23	51279710	rs28883705	0.835531
23	51241672	rs5945619	23	51279731	rs148877102	0.884636
23	51241672	rs5945619	23	51279766	rs111798909	0.842252
23	51241672	rs5945619	23	51279766	._28857	0.813645
23	51241672	rs5945619	23	51279774	rs112540087	0.673767
23	51241672	rs5945619	23	51279794	rs373082628	0.681097
23	51241672	rs5945619	23	51279795	rs377735796	0.681097
23	51241672	rs5945619	23	51279852	rs374582468	0.799383
23	51241672	rs5945619	23	51279857	._28860	0.799383
23	51241672	rs5945619	23	51279885	._28861	0.889621
23	51241672	rs5945619	23	51279886	._28862	0.889621
23	51241672	rs5945619	23	51280003	rs60513163	0.960835
23	51241672	rs5945619	23	51280005	rs61255884	0.960835
23	51241672	rs5945619	23	51280020	rs61537371	0.963457
23	51241672	rs5945619	23	51280077	rs56155607	0.963457
23	51241672	rs5945619	23	51280177	rs6614438	0.963457
23	51241672	rs5945619	23	51281089	rs3131306	0.460819
23	51241672	rs5945619	23	51281535	rs56339700	0.203818
23	51241672	rs5945619	23	51282161	rs12833954	0.280889
23	51241672	rs5945619	23	51282499	rs4907776	0.952121
23	51241672	rs5945619	23	51282586	rs12840468	0.280889
23	51241672	rs5945619	23	51282791	rs4907797	0.963457
23	51241672	rs5945619	23	51283113	rs6614313	0.963457
23	51241672	rs5945619	23	51283616	rs5945635	0.952121
23	51241672	rs5945619	23	51283693	rs5945636	0.460819
23	51241672	rs5945619	23	51283932	rs12849901	0.280889
23	51241672	rs5945619	23	51284837	rs6521810	0.966284
23	51241672	rs5945619	23	51285680	rs5987436	0.966284
23	51241672	rs5945619	23	51285741	rs5987437	0.966284
23	51241672	rs5945619	23	51286478	rs12860343	0.280889
23	51241672	rs5945619	23	51286693	rs2185882	0.966284
23	51241672	rs5945619	23	51287134	rs113220712	0.280889
23	51241672	rs5945619	23	51287789	rs1541241	0.966284
23	51241672	rs5945619	23	51288111	rs1541240	0.963319
23	51241672	rs5945619	23	51289760	rs1578828	0.957573
23	51241672	rs5945619	23	51290282	rs1592303	0.957573
23	51241672	rs5945619	23	51291424	rs4907798	0.458014
23	51241672	rs5945619	23	51291885	rs12842494	0.277395
23	51241672	rs5945619	23	51292251	rs3131304	0.458014
23	51241672	rs5945619	23	51292502	rs12850240	0.277395
23	51241672	rs5945619	23	51293367	rs4416981	0.271336
23	51241672	rs5945619	23	51293508	rs368223118	0.458014
23	51241672	rs5945619	23	51293661	rs184375633	0.458947
23	51241672	rs5945619	23	51293661	._29104	0.458947
23	51241672	rs5945619	23	51293965	rs6614443	0.952023
23	51241672	rs5945619	23	51293967	rs6614444	0.952023
23	51241672	rs5945619	23	51294228	rs76914090	0.277395
23	51241672	rs5945619	23	51294365	rs76114974	0.957573
23	51241672	rs5945619	23	51294484	rs139888146	0.458014
23	51241672	rs5945619	23	51294676	rs200293522	0.458014
23	51241672	rs5945619	23	51295356	rs139556866	0.450658
23	51241672	rs5945619	23	51295805	rs141135845	0.458014
23	51241672	rs5945619	23	51296216	rs6521813	0.957573
23	51241672	rs5945619	23	51296381	rs7888313	0.457086
23	51241672	rs5945619	23	51297046	rs4907800	0.957573
23	51241672	rs5945619	23	51297068	rs4907777	0.957573
23	51241672	rs5945619	23	51297630	rs147570157	0.277395
23	51241672	rs5945619	23	51297705	rs140548016	0.325524
23	51241672	rs5945619	23	51297736	rs4907778	0.941279
23	51241672	rs5945619	23	51297745	rs147431895	0.458014
23	51241672	rs5945619	23	51297781	rs4907779	0.957573
23	51241672	rs5945619	23	51298031	rs4907780	0.957573
23	51241672	rs5945619	23	51299747	rs1110404	0.465411
23	51241672	rs5945619	23	51299974	rs1110405	0.458014
23	51241672	rs5945619	23	51302861	rs61231603	0.277849
23	51241672	rs5945619	23	51304763	rs72539247	0.957573
23	51241672	rs5945619	23	51305144	rs2105379	0.957573
23	51241672	rs5945619	23	51305732	rs6614446	0.458014
23	51241672	rs5945619	23	51306910	rs5902493	0.137748
23	51241672	rs5945619	23	51307940	rs1343272	0.952121
23	51241672	rs5945619	23	51308457	rs113320047	0.830138
23	51241672	rs5945619	23	51308981	rs5987438	0.957573
23	51241672	rs5945619	23	51309461	rs5945644	0.957712
23	51241672	rs5945619	23	51309632	rs80172994	0.277395
23	51241672	rs5945619	23	51309801	rs6614317	0.957573
23	51241672	rs5945619	23	51310376	rs1936037	0.957573
23	51241672	rs5945619	23	51310821	rs1936036	0.957573
23	51241672	rs5945619	23	51310854	rs3131302	0.458014
23	51241672	rs5945619	23	51313064	rs1361837	0.91021
23	51241672	rs5945619	23	51314397	rs5987440	0.91021
23	51241672	rs5945619	23	51316201	rs6614447	0.921227
23	51241672	rs5945619	23	51316259	rs1936035	0.921227
23	51241672	rs5945619	23	51317899	rs4457126	0.91021
23	51241672	rs5945619	23	51318466	rs4308906	0.918352
23	51241672	rs5945619	23	51319671	rs4907801	0.236034
23	51241672	rs5945619	23	51321799	rs372582607	0.426311
23	51241672	rs5945619	23	51322287	rs5945646	0.918578
23	51241672	rs5945619	23	51323372	rs5987442	0.918578
23	51241672	rs5945619	23	51324642	rs4907802	0.935702
23	51241672	rs5945619	23	51325239	rs35419507	0.199524
23	51241672	rs5945619	23	51325315	rs200855022	0.333954
23	51241672	rs5945619	23	51328338	rs6521818	0.433577
23	51241672	rs5945619	23	51328341	rs6521819	0.440775
23	51241672	rs5945619	23	51330917	._29664	0.410635
23	51241672	rs5945619	23	51331485	rs5945647	0.918578
23	51241672	rs5945619	23	51331771	rs35064938	0.277395
23	51241672	rs5945619	23	51332056	rs2722000	0.433577
23	51241672	rs5945619	23	51332474	rs5987443	0.433577
23	51241672	rs5945619	23	51333192	rs5945648	0.918578
23	51241672	rs5945619	23	51334589	rs141584860	0.277395
23	51241672	rs5945619	23	51337608	rs5987402	0.91287
23	51241672	rs5945619	23	51338143	rs5945649	0.915711
23	51241672	rs5945619	23	51338769	rs12854887	0.277395
23	51241672	rs5945619	23	51338963	rs4907781	0.433577
23	51241672	rs5945619	23	51339327	rs5987444	0.918578
23	51241672	rs5945619	23	51340387	rs5945650	0.918578
23	51241672	rs5945619	23	51342435	rs7064708	0.915718
23	51241672	rs5945619	23	51342950	rs1936034	0.915718
23	51241672	rs5945619	23	51343494	rs5945651	0.915718
23	51241672	rs5945619	23	51343635	rs1541238	0.913081
23	51241672	rs5945619	23	51344271	rs1984280	0.735694
23	51241672	rs5945619	23	51344295	rs5945652	0.181359
23	51241672	rs5945619	23	51344359	rs2721996	0.368485
23	51241672	rs5945619	23	51344509	rs5945653	0.376365
23	51241672	rs5945619	23	51345138	rs5945578	0.643574
23	51241672	rs5945619	23	51346833	rs3955398	0.643574
23	51241672	rs5945619	23	51347921	rs17245509	0.148165
23	51241672	rs5945619	23	51348176	rs1419039	0.643574
23	51241672	rs5945619	23	51348333	rs5987445	0.64067
23	51241672	rs5945619	23	51349200	rs1419038	0.643574
23	51241672	rs5945619	23	51349807	rs1419037	0.379511
23	51241672	rs5945619	23	51351320	rs5987446	0.643574
23	51241672	rs5945619	23	51351500	rs17311445	0.148165
23	51241672	rs5945619	23	51351579	rs76740645	0.148165
23	51241672	rs5945619	23	51352035	rs1419040	0.645573
23	51241672	rs5945619	23	51352334	rs6614454	0.645573
23	51241672	rs5945619	23	51353553	rs1541242	0.366001
23	51241672	rs5945619	23	51354076	rs6614455	0.646193
23	51241672	rs5945619	23	51354217	rs12688916	0.645573
23	51241672	rs5945619	23	51354348	rs34614130	0.58225
23	51241672	rs5945619	23	51354492	rs11091746	0.643884
23	51241672	rs5945619	23	51354539	rs12688960	0.645573
23	51241672	rs5945619	23	51354758	rs6521823	0.64159
23	51241672	rs5945619	23	51355050	rs6521824	0.643574
23	51241672	rs5945619	23	51355222	rs35171461	0.647285
23	51241672	rs5945619	23	51357564	rs5987447	0.64159
23	51241672	rs5945619	23	51358523	rs1857309	0.64159
23	51241672	rs5945619	23	51359195	rs5945579	0.64159
23	51241672	rs5945619	23	51360523	rs28642996	0.144988
23	51241672	rs5945619	23	51361920	rs12689070	0.64159
23	51241672	rs5945619	23	51361924	rs2722003	0.365332
23	51241672	rs5945619	23	51362096	rs11091747	0.64159
23	51241672	rs5945619	23	51362611	rs7057039	0.629271
23	51241672	rs5945619	23	51363602	rs78761251	0.637307
23	51241672	rs5945619	23	51365990	rs5945655	0.643574
23	51241672	rs5945619	23	51367234	rs6418008	0.64159
23	51241672	rs5945619	23	51367304	rs6418009	0.64159
23	51241672	rs5945619	23	51367838	rs4545263	0.64159
23	51241672	rs5945619	23	51369117	rs6521825	0.64159
23	51241672	rs5945619	23	51369541	rs7474294	0.64159
23	51241672	rs5945619	23	51369542	rs7471717	0.64159
23	51241672	rs5945619	23	51369779	rs7067016	0.365332
23	51241672	rs5945619	23	51370264	rs79389461	0.148165
23	51241672	rs5945619	23	51371505	rs139711261	0.64159
23	51241672	rs5945619	23	51371528	rs142812808	0.148165
23	51241672	rs5945619	23	51372275	rs35233734	0.148165
23	51241672	rs5945619	23	51372346	rs1541239	0.365332
23	51241672	rs5945619	23	51372672	rs2185880	0.64159
23	51241672	rs5945619	23	51372726	rs4006811	0.365332
23	51241672	rs5945619	23	51373599	rs2722002	0.358645
23	51241672	rs5945619	23	51374163	rs3949261	0.148165
23	51241672	rs5945619	23	51374884	rs34288429	0.148165
23	51241672	rs5945619	23	51375399	rs5945656	0.64159
23	51241672	rs5945619	23	51375521	rs200280770	0.365332
23	51241672	rs5945619	23	51376781	._30294	0.621619
23	51241672	rs5945619	23	51376791	rs55842967	0.621619
23	51241672	rs5945619	23	51377103	rs56359320	0.64159
23	51241672	rs5945619	23	51377756	rs5987448	0.64159
23	51241672	rs5945619	23	51377986	rs58821173	0.586178
23	51241672	rs5945619	23	51379367	rs6521828	0.64159
23	51241672	rs5945619	23	51379665	rs145020678	0.311515
23	51241672	rs5945619	23	51380072	rs11091750	0.64159
23	51241672	rs5945619	23	51383118	._30380	0.163074
23	51241672	rs5945619	23	51384251	rs4907804	0.64159
23	51241672	rs5945619	23	51387112	rs35470591	0.148165
23	51241672	rs5945619	23	51387252	rs4604628	0.64159
23	51241672	rs5945619	23	51387450	rs61647454	0.148165
23	51241672	rs5945619	23	51387601	rs5945659	0.622789
23	51287789	rs1541241	23	51142852	rs2134677	0.169586
23	51287789	rs1541241	23	51145013	rs12843640	0.165473
23	51287789	rs1541241	23	51145041	rs12837760	0.107827
23	51287789	rs1541241	23	51145050	rs6614293	0.107827
23	51287789	rs1541241	23	51145505	rs12850320	0.17436
23	51287789	rs1541241	23	51148089	rs35638212	0.168993
23	51287789	rs1541241	23	51150441	rs17854399	0.186835
23	51287789	rs1541241	23	51153602	rs7059321	0.187896
23	51287789	rs1541241	23	51153842	rs12852369	0.167314
23	51287789	rs1541241	23	51157683	rs78169622	0.187896
23	51287789	rs1541241	23	51158915	rs2134678	0.104848
23	51287789	rs1541241	23	51159783	rs12859167	0.123733
23	51287789	rs1541241	23	51160887	rs35148034	0.187896
23	51287789	rs1541241	23	51161613	rs12851320	0.187896
23	51287789	rs1541241	23	51164002	rs35710752	0.187896
23	51287789	rs1541241	23	51164142	rs75731873	0.187896
23	51287789	rs1541241	23	51164197	rs66693012	0.123733
23	51287789	rs1541241	23	51165422	rs12834008	0.49481
23	51287789	rs1541241	23	51166374	rs7064156	0.422482
23	51287789	rs1541241	23	51167688	rs972635	0.506489
23	51287789	rs1541241	23	51170716	rs370312964	0.509348
23	51287789	rs1541241	23	51170818	rs7883537	0.506489
23	51287789	rs1541241	23	51172210	._27421	0.452076
23	51287789	rs1541241	23	51173259	._27427	0.156347
23	51287789	rs1541241	23	51173261	rs77487610	0.156347
23	51287789	rs1541241	23	51174993	rs371360403	0.496261
23	51287789	rs1541241	23	51175253	rs7887005	0.453971
23	51287789	rs1541241	23	51175364	rs7887184	0.506489
23	51287789	rs1541241	23	51175756	rs141687551	0.506489
23	51287789	rs1541241	23	51175938	rs147157063	0.509348
23	51287789	rs1541241	23	51176087	rs12843029	0.499924
23	51287789	rs1541241	23	51176087	._27479	0.499924
23	51287789	rs1541241	23	51176270	rs181771517	0.196426
23	51287789	rs1541241	23	51177257	rs35466071	0.196799
23	51287789	rs1541241	23	51177257	._27510	0.123482
23	51287789	rs1541241	23	51177452	rs149047194	0.215628
23	51287789	rs1541241	23	51178386	rs1875754	0.505103
23	51287789	rs1541241	23	51181343	rs200073181	0.509348
23	51287789	rs1541241	23	51181541	rs4907772	0.506489
23	51287789	rs1541241	23	51182447	rs201319610	0.200275
23	51287789	rs1541241	23	51182959	rs77185408	0.200275
23	51287789	rs1541241	23	51187826	._27599	0.480606
23	51287789	rs1541241	23	51188544	rs5945603	0.509348
23	51287789	rs1541241	23	51190145	rs5945604	0.494159
23	51287789	rs1541241	23	51190482	rs5945605	0.727945
23	51287789	rs1541241	23	51191157	rs5945606	0.742817
23	51287789	rs1541241	23	51193211	rs5945569	0.744785
23	51287789	rs1541241	23	51196825	rs80281212	0.742253
23	51287789	rs1541241	23	51197213	rs5987418	0.742817
23	51287789	rs1541241	23	51197711	rs4907790	0.744785
23	51287789	rs1541241	23	51198317	rs35020348	0.738683
23	51287789	rs1541241	23	51199205	rs5987419	0.744785
23	51287789	rs1541241	23	51199708	rs5945607	0.744785
23	51287789	rs1541241	23	51201087	rs5945608	0.356388
23	51287789	rs1541241	23	51201595	rs11798651	0.744785
23	51287789	rs1541241	23	51202466	rs5945609	0.744785
23	51287789	rs1541241	23	51202545	rs5945610	0.744785
23	51287789	rs1541241	23	51204495	rs10284146	0.772641
23	51287789	rs1541241	23	51204496	rs10284147	0.635137
23	51287789	rs1541241	23	51206470	rs35325887	0.272562
23	51287789	rs1541241	23	51207093	rs73202172	0.426357
23	51287789	rs1541241	23	51209186	rs146443651	0.744257
23	51287789	rs1541241	23	51209675	rs12845472	0.280147
23	51287789	rs1541241	23	51210057	rs1327301	0.893607
23	51287789	rs1541241	23	51210615	rs1327302	0.912271
23	51287789	rs1541241	23	51211253	rs5945612	0.885518
23	51287789	rs1541241	23	51211390	rs7064089	0.893607
23	51287789	rs1541241	23	51214169	rs1327303	0.912271
23	51287789	rs1541241	23	51214176	rs1327304	0.912271
23	51287789	rs1541241	23	51214680	rs58781551	0.448235
23	51287789	rs1541241	23	51218572	rs1854109	0.901652
23	51287789	rs1541241	23	51222598	rs5945571	0.92278
23	51287789	rs1541241	23	51223415	rs58498379	0.912271
23	51287789	rs1541241	23	51225162	rs35694749	0.92278
23	51287789	rs1541241	23	51226490	rs5987421	0.92278
23	51287789	rs1541241	23	51227221	rs5945617	0.922967
23	51287789	rs1541241	23	51228551	rs5945618	0.922967
23	51287789	rs1541241	23	51229683	rs5945572	0.912271
23	51287789	rs1541241	23	51230625	rs12832410	0.300889
23	51287789	rs1541241	23	51235423	rs111312303	0.289059
23	51287789	rs1541241	23	51235525	rs11091729	0.922967
23	51287789	rs1541241	23	51237340	rs12854262	0.300889
23	51287789	rs1541241	23	51237471	rs372974537	0.19489
23	51287789	rs1541241	23	51240078	rs28641581	0.969071
23	51287789	rs1541241	23	51240725	rs12843829	0.298816
23	51287789	rs1541241	23	51241672	rs5945619	0.966284
23	51287789	rs1541241	23	51242064	rs111313383	0.101257
23	51287789	rs1541241	23	51242303	rs5987397	0.969071
23	51287789	rs1541241	23	51242317	rs5987423	0.963646
23	51287789	rs1541241	23	51242317	._28225	0.966349
23	51287789	rs1541241	23	51242364	rs5987424	0.969071
23	51287789	rs1541241	23	51242670	rs5945620	0.446772
23	51287789	rs1541241	23	51242881	rs5945621	0.957977
23	51287789	rs1541241	23	51245276	rs11338635	0.969071
23	51287789	rs1541241	23	51245461	rs1891702	0.969071
23	51287789	rs1541241	23	51245487	rs5945623	0.369976
23	51287789	rs1541241	23	51246644	rs4907773	0.966349
23	51287789	rs1541241	23	51248783	rs4907792	0.966349
23	51287789	rs1541241	23	51249397	rs2384958	0.966349
23	51287789	rs1541241	23	51249758	rs66910447	0.966349
23	51287789	rs1541241	23	51251421	rs1936038	0.994338
23	51287789	rs1541241	23	51251800	rs6614419	0.994338
23	51287789	rs1541241	23	51252928	rs5945624	0.983063
23	51287789	rs1541241	23	51253427	rs5945625	0.994338
23	51287789	rs1541241	23	51253779	rs5945626	0.994338
23	51287789	rs1541241	23	51254350	rs5945573	0.994338
23	51287789	rs1541241	23	51254920	rs12844177	0.31415
23	51287789	rs1541241	23	51255066	rs6614421	0.446772
23	51287789	rs1541241	23	51255131	rs200003382	0.439655
23	51287789	rs1541241	23	51255417	rs5945627	0.925391
23	51287789	rs1541241	23	51255779	rs200192129	0.994338
23	51287789	rs1541241	23	51255883	rs145020581	0.994338
23	51287789	rs1541241	23	51256561	rs146262091	0.994338
23	51287789	rs1541241	23	51256761	rs151219484	0.304179
23	51287789	rs1541241	23	51256992	rs141135935	0.994338
23	51287789	rs1541241	23	51256998	rs201128567	0.994338
23	51287789	rs1541241	23	51258539	rs376121422	0.446772
23	51287789	rs1541241	23	51259693	rs5987429	0.994338
23	51287789	rs1541241	23	51259966	rs6521804	0.994338
23	51287789	rs1541241	23	51260072	rs5945629	0.994338
23	51287789	rs1541241	23	51260081	rs139832819	0.308121
23	51287789	rs1541241	23	51260205	rs142787983	0.345849
23	51287789	rs1541241	23	51260246	rs146050469	0.994338
23	51287789	rs1541241	23	51260348	rs143723180	0.994338
23	51287789	rs1541241	23	51260521	rs7064349	0.994338
23	51287789	rs1541241	23	51260563	rs4907793	0.994338
23	51287789	rs1541241	23	51260606	rs184316652	0.0931206
23	51287789	rs1541241	23	51260880	rs4907794	0.994338
23	51287789	rs1541241	23	51261068	rs4907795	0.983063
23	51287789	rs1541241	23	51261249	rs4907796	0.994338
23	51287789	rs1541241	23	51263200	rs4907775	0.994371
23	51287789	rs1541241	23	51264424	rs6614426	0.994338
23	51287789	rs1541241	23	51266884	rs12388771	0.994338
23	51287789	rs1541241	23	51268378	rs1970956	0.994338
23	51287789	rs1541241	23	51268450	rs1970957	0.994338
23	51287789	rs1541241	23	51268884	rs5945631	0.994338
23	51287789	rs1541241	23	51269539	rs12842085	0.31415
23	51287789	rs1541241	23	51269739	rs2153993	0.985855
23	51287789	rs1541241	23	51272085	rs6614427	0.994338
23	51287789	rs1541241	23	51272176	rs6614428	0.997175
23	51287789	rs1541241	23	51272475	rs59647730	0.918524
23	51287789	rs1541241	23	51272577	rs6614429	0.994354
23	51287789	rs1541241	23	51272865	rs6521808	0.994338
23	51287789	rs1541241	23	51274040	rs28408060	0.446772
23	51287789	rs1541241	23	51274223	rs28838700	0.997175
23	51287789	rs1541241	23	51275034	rs184071870	0.438812
23	51287789	rs1541241	23	51275125	rs78899665	0.997175
23	51287789	rs1541241	23	51275291	rs201474027	0.732873
23	51287789	rs1541241	23	51275294	rs199512728	0.703689
23	51287789	rs1541241	23	51275296	rs188998154	0.703689
23	51287789	rs1541241	23	51275298	rs201426688	0.728908
23	51287789	rs1541241	23	51275600	rs143812839	0.99154
23	51287789	rs1541241	23	51275624	rs78269975	0.317929
23	51287789	rs1541241	23	51275819	rs78929143	0.985917
23	51287789	rs1541241	23	51276025	rs200225949	0.446772
23	51287789	rs1541241	23	51276100	rs145384953	0.997175
23	51287789	rs1541241	23	51276274	rs149139611	0.997175
23	51287789	rs1541241	23	51276616	rs76793001	0.439655
23	51287789	rs1541241	23	51277134	rs149592979	0.969038
23	51287789	rs1541241	23	51277290	rs147057254	0.439655
23	51287789	rs1541241	23	51277653	rs141252276	0.445913
23	51287789	rs1541241	23	51277898	rs139174061	0.994354
23	51287789	rs1541241	23	51278070	rs142374390	0.316454
23	51287789	rs1541241	23	51278077	rs145929399	0.316454
23	51287789	rs1541241	23	51278195	rs78914396	0.994354
23	51287789	rs1541241	23	51278577	rs145507637	0.447638
23	51287789	rs1541241	23	51279295	rs6521809	0.991525
23	51287789	rs1541241	23	51279297	rs6614434	0.991525
23	51287789	rs1541241	23	51279476	rs12842762	0.316454
23	51287789	rs1541241	23	51279669	rs6614436	0.856457
23	51287789	rs1541241	23	51279675	rs189742305	0.849953
23	51287789	rs1541241	23	51279678	._28852	0.92249
23	51287789	rs1541241	23	51279679	._28853	0.92249
23	51287789	rs1541241	23	51279681	._28854	0.848699
23	51287789	rs1541241	23	51279687	rs6614311	0.747472
23	51287789	rs1541241	23	51279688	rs6614312	0.747472
23	51287789	rs1541241	23	51279694	rs6614437	0.848699
23	51287789	rs1541241	23	51279700	rs191037095	0.851222
23	51287789	rs1541241	23	51279710	rs28883705	0.860553
23	51287789	rs1541241	23	51279731	rs148877102	0.91238
23	51287789	rs1541241	23	51279766	rs111798909	0.865727
23	51287789	rs1541241	23	51279766	._28857	0.836101
23	51287789	rs1541241	23	51279774	rs112540087	0.69323
23	51287789	rs1541241	23	51279794	rs373082628	0.700732
23	51287789	rs1541241	23	51279795	rs377735796	0.700732
23	51287789	rs1541241	23	51279836	._28859	0.0931982
23	51287789	rs1541241	23	51279852	rs374582468	0.822647
23	51287789	rs1541241	23	51279857	._28860	0.822647
23	51287789	rs1541241	23	51279885	._28861	0.915157
23	51287789	rs1541241	23	51279886	._28862	0.915157
23	51287789	rs1541241	23	51280003	rs60513163	0.994362
23	51287789	rs1541241	23	51280005	rs61255884	0.994362
23	51287789	rs1541241	23	51280020	rs61537371	0.997175
23	51287789	rs1541241	23	51280077	rs56155607	0.997175
23	51287789	rs1541241	23	51280177	rs6614438	0.997175
23	51287789	rs1541241	23	51281089	rs3131306	0.446772
23	51287789	rs1541241	23	51281535	rs56339700	0.207234
23	51287789	rs1541241	23	51282161	rs12833954	0.317929
23	51287789	rs1541241	23	51282499	rs4907776	0.985917
23	51287789	rs1541241	23	51282586	rs12840468	0.317929
23	51287789	rs1541241	23	51282791	rs4907797	0.997175
23	51287789	rs1541241	23	51283113	rs6614313	0.997175
23	51287789	rs1541241	23	51283616	rs5945635	0.985917
23	51287789	rs1541241	23	51283693	rs5945636	0.446772
23	51287789	rs1541241	23	51283932	rs12849901	0.317929
23	51287789	rs1541241	23	51284837	rs6521810	1
23	51287789	rs1541241	23	51285680	rs5987436	1
23	51287789	rs1541241	23	51285741	rs5987437	1
23	51287789	rs1541241	23	51286478	rs12860343	0.317929
23	51287789	rs1541241	23	51286693	rs2185882	1
23	51287789	rs1541241	23	51287134	rs113220712	0.317929
23	51287789	rs1541241	23	51287789	rs1541241	1
23	51287789	rs1541241	23	51288111	rs1541240	0.997171
23	51287789	rs1541241	23	51289760	rs1578828	0.9915
23	51287789	rs1541241	23	51290282	rs1592303	0.9915
23	51287789	rs1541241	23	51291424	rs4907798	0.444019
23	51287789	rs1541241	23	51291885	rs12842494	0.31415
23	51287789	rs1541241	23	51292251	rs3131304	0.444019
23	51287789	rs1541241	23	51292502	rs12850240	0.31415
23	51287789	rs1541241	23	51293367	rs4416981	0.308121
23	51287789	rs1541241	23	51293508	rs368223118	0.444019
23	51287789	rs1541241	23	51293661	rs184375633	0.444963
23	51287789	rs1541241	23	51293661	._29104	0.444963
23	51287789	rs1541241	23	51293965	rs6614443	0.98583
23	51287789	rs1541241	23	51293967	rs6614444	0.98583
23	51287789	rs1541241	23	51294228	rs76914090	0.31415
23	51287789	rs1541241	23	51294365	rs76114974	0.9915
23	51287789	rs1541241	23	51294484	rs139888146	0.444019
23	51287789	rs1541241	23	51294676	rs200293522	0.444019
23	51287789	rs1541241	23	51295356	rs139556866	0.4369
23	51287789	rs1541241	23	51295805	rs141135845	0.444019
23	51287789	rs1541241	23	51296216	rs6521813	0.9915
23	51287789	rs1541241	23	51296381	rs7888313	0.438697
23	51287789	rs1541241	23	51297046	rs4907800	0.9915
23	51287789	rs1541241	23	51297068	rs4907777	0.9915
23	51287789	rs1541241	23	51297630	rs147570157	0.31415
23	51287789	rs1541241	23	51297705	rs140548016	0.341479
23	51287789	rs1541241	23	51297736	rs4907778	0.974643
23	51287789	rs1541241	23	51297745	rs147431895	0.444019
23	51287789	rs1541241	23	51297781	rs4907779	0.9915
23	51287789	rs1541241	23	51298031	rs4907780	0.9915
23	51287789	rs1541241	23	51299747	rs1110404	0.451179
23	51287789	rs1541241	23	51299974	rs1110405	0.444019
23	51287789	rs1541241	23	51302861	rs61231603	0.310407
23	51287789	rs1541241	23	51304763	rs72539247	0.9915
23	51287789	rs1541241	23	51305144	rs2105379	0.9915
23	51287789	rs1541241	23	51305732	rs6614446	0.444019
23	51287789	rs1541241	23	51306910	rs5902493	0.140731
23	51287789	rs1541241	23	51307940	rs1343272	0.985855
23	51287789	rs1541241	23	51308457	rs113320047	0.860901
23	51287789	rs1541241	23	51308981	rs5987438	0.9915
23	51287789	rs1541241	23	51309461	rs5945644	0.991505
23	51287789	rs1541241	23	51309632	rs80172994	0.31415
23	51287789	rs1541241	23	51309801	rs6614317	0.9915
23	51287789	rs1541241	23	51310376	rs1936037	0.9915
23	51287789	rs1541241	23	51310821	rs1936036	0.9915
23	51287789	rs1541241	23	51310854	rs3131302	0.444019
23	51287789	rs1541241	23	51313064	rs1361837	0.944505
23	51287789	rs1541241	23	51314397	rs5987440	0.944505
23	51287789	rs1541241	23	51316201	rs6614447	0.955448
23	51287789	rs1541241	23	51316259	rs1936035	0.955448
23	51287789	rs1541241	23	51317899	rs4457126	0.944505
23	51287789	rs1541241	23	51318466	rs4308906	0.952709
23	51287789	rs1541241	23	51319671	rs4907801	0.249482
23	51287789	rs1541241	23	51321799	rs372582607	0.413367
23	51287789	rs1541241	23	51322287	rs5945646	0.952801
23	51287789	rs1541241	23	51323372	rs5987442	0.952801
23	51287789	rs1541241	23	51324642	rs4907802	0.939814
23	51287789	rs1541241	23	51325239	rs35419507	0.202911
23	51287789	rs1541241	23	51325315	rs200855022	0.324337
23	51287789	rs1541241	23	51328338	rs6521818	0.420575
23	51287789	rs1541241	23	51328341	rs6521819	0.427542
23	51287789	rs1541241	23	51330917	._29664	0.398449
23	51287789	rs1541241	23	51331485	rs5945647	0.952801
23	51287789	rs1541241	23	51331771	rs35064938	0.31415
23	51287789	rs1541241	23	51332056	rs2722000	0.420575
23	51287789	rs1541241	23	51332474	rs5987443	0.420575
23	51287789	rs1541241	23	51333192	rs5945648	0.952801
23	51287789	rs1541241	23	51334589	rs141584860	0.31415
23	51287789	rs1541241	23	51337608	rs5987402	0.946963
23	51287789	rs1541241	23	51338143	rs5945649	0.950069
23	51287789	rs1541241	23	51338769	rs12854887	0.31415
23	51287789	rs1541241	23	51338963	rs4907781	0.420575
23	51287789	rs1541241	23	51339327	rs5987444	0.952801
23	51287789	rs1541241	23	51340387	rs5945650	0.952801
23	51287789	rs1541241	23	51342435	rs7064708	0.949876
23	51287789	rs1541241	23	51342950	rs1936034	0.949876
23	51287789	rs1541241	23	51343494	rs5945651	0.949876
23	51287789	rs1541241	23	51343635	rs1541238	0.94724
23	51287789	rs1541241	23	51344271	rs1984280	0.760202
23	51287789	rs1541241	23	51344295	rs5945652	0.184431
23	51287789	rs1541241	23	51344359	rs2721996	0.353562
23	51287789	rs1541241	23	51344509	rs5945653	0.361327
23	51287789	rs1541241	23	51345138	rs5945578	0.669607
23	51287789	rs1541241	23	51346833	rs3955398	0.669607
23	51287789	rs1541241	23	51347921	rs17245509	0.173974
23	51287789	rs1541241	23	51348176	rs1419039	0.669607
23	51287789	rs1541241	23	51348333	rs5987445	0.666797
23	51287789	rs1541241	23	51349200	rs1419038	0.669607
23	51287789	rs1541241	23	51349807	rs1419037	0.364294
23	51287789	rs1541241	23	51351320	rs5987446	0.669607
23	51287789	rs1541241	23	51351500	rs17311445	0.173974
23	51287789	rs1541241	23	51351579	rs76740645	0.173974
23	51287789	rs1541241	23	51352035	rs1419040	0.666932
23	51287789	rs1541241	23	51352334	rs6614454	0.666932
23	51287789	rs1541241	23	51353553	rs1541242	0.351245
23	51287789	rs1541241	23	51354076	rs6614455	0.672291
23	51287789	rs1541241	23	51354217	rs12688916	0.666932
23	51287789	rs1541241	23	51354348	rs34614130	0.601884
23	51287789	rs1541241	23	51354492	rs11091746	0.665106
23	51287789	rs1541241	23	51354539	rs12688960	0.666932
23	51287789	rs1541241	23	51354758	rs6521823	0.667627
23	51287789	rs1541241	23	51355050	rs6521824	0.664949
23	51287789	rs1541241	23	51355222	rs35171461	0.673467
23	51287789	rs1541241	23	51357564	rs5987447	0.667627
23	51287789	rs1541241	23	51358523	rs1857309	0.667627
23	51287789	rs1541241	23	51359195	rs5945579	0.667627
23	51287789	rs1541241	23	51360523	rs28642996	0.170607
23	51287789	rs1541241	23	51361920	rs12689070	0.667627
23	51287789	rs1541241	23	51361924	rs2722003	0.350639
23	51287789	rs1541241	23	51362096	rs11091747	0.667627
23	51287789	rs1541241	23	51362611	rs7057039	0.655442
23	51287789	rs1541241	23	51363602	rs78761251	0.663126
23	51287789	rs1541241	23	51365281	rs140550373	0.090745
23	51287789	rs1541241	23	51365990	rs5945655	0.669607
23	51287789	rs1541241	23	51367234	rs6418008	0.667627
23	51287789	rs1541241	23	51367304	rs6418009	0.667627
23	51287789	rs1541241	23	51367838	rs4545263	0.667627
23	51287789	rs1541241	23	51369117	rs6521825	0.667627
23	51287789	rs1541241	23	51369541	rs7474294	0.667627
23	51287789	rs1541241	23	51369542	rs7471717	0.667627
23	51287789	rs1541241	23	51369779	rs7067016	0.350639
23	51287789	rs1541241	23	51370264	rs79389461	0.173974
23	51287789	rs1541241	23	51371505	rs139711261	0.667627
23	51287789	rs1541241	23	51371528	rs142812808	0.173974
23	51287789	rs1541241	23	51372275	rs35233734	0.173974
23	51287789	rs1541241	23	51372346	rs1541239	0.350639
23	51287789	rs1541241	23	51372672	rs2185880	0.667627
23	51287789	rs1541241	23	51372726	rs4006811	0.350639
23	51287789	rs1541241	23	51373599	rs2722002	0.34418
23	51287789	rs1541241	23	51374163	rs3949261	0.173974
23	51287789	rs1541241	23	51374884	rs34288429	0.173974
23	51287789	rs1541241	23	51375399	rs5945656	0.667627
23	51287789	rs1541241	23	51375521	rs200280770	0.350639
23	51287789	rs1541241	23	51376781	._30294	0.647813
23	51287789	rs1541241	23	51376791	rs55842967	0.647813
23	51287789	rs1541241	23	51377103	rs56359320	0.667627
23	51287789	rs1541241	23	51377756	rs5987448	0.667627
23	51287789	rs1541241	23	51377986	rs58821173	0.604477
23	51287789	rs1541241	23	51379367	rs6521828	0.667627
23	51287789	rs1541241	23	51379665	rs145020678	0.299148
23	51287789	rs1541241	23	51380072	rs11091750	0.667627
23	51287789	rs1541241	23	51383118	._30380	0.169851
23	51287789	rs1541241	23	51384251	rs4907804	0.667627
23	51287789	rs1541241	23	51387112	rs35470591	0.173974
23	51287789	rs1541241	23	51387252	rs4604628	0.667627
23	51287789	rs1541241	23	51387450	rs61647454	0.173974
23	51287789	rs1541241	23	51387601	rs5945659	0.648903
