CHR_A	BP_A	SNP_A	CHR_B	BP_B	SNP_B	R2
23	70139850	rs6625711	23	70308674	rs140781596	0.0942179
23	70139850	rs6625711	23	70313790	rs12008118	0.105091
23	70407983	rs4844289	23	70311995	rs12116201	0.109551
23	70407983	rs4844289	23	70324157	rs1130009	0.0911986
23	70407983	rs4844289	23	70334707	rs7052106	0.0951404
23	70407983	rs4844289	23	70338399	rs11796153	0.0962657
23	70407983	rs4844289	23	70355942	rs4844284	0.0958888
23	70407983	rs4844289	23	70356642	rs12852829	0.0971176
23	70407983	rs4844289	23	70361608	rs7056408	0.0997683
23	70407983	rs4844289	23	70364986	rs5981076	0.102018
23	70407983	rs4844289	23	70364988	rs5981077	0.102018
23	70407983	rs4844289	23	70367046	rs7051629	0.106496
23	70407983	rs4844289	23	70367328	rs11795613	0.106496
23	70407983	rs4844289	23	70370244	rs4844285	0.100573
23	70407983	rs4844289	23	70371574	rs4844286	0.121898
23	70407983	rs4844289	23	70374204	rs7051529	0.104191
23	70407983	rs4844289	23	70375869	rs61495839	0.172682
23	70407983	rs4844289	23	70376390	rs59967081	0.105136
23	70407983	rs4844289	23	70377137	._88215	0.182775
23	70407983	rs4844289	23	70378529	rs10127395	0.185171
23	70407983	rs4844289	23	70378861	rs5981082	0.18314
23	70407983	rs4844289	23	70379576	rs11456013	0.143559
23	70407983	rs4844289	23	70379878	rs7881065	0.185171
23	70407983	rs4844289	23	70381692	rs73217041	0.177464
23	70407983	rs4844289	23	70382275	rs1883069	0.18314
23	70407983	rs4844289	23	70383444	rs7886134	0.18106
23	70407983	rs4844289	23	70384501	rs35106866	0.101326
23	70407983	rs4844289	23	70385406	rs4844287	0.17803
23	70407983	rs4844289	23	70392491	rs73217043	0.347424
23	70407983	rs4844289	23	70392554	rs7055734	0.115765
23	70407983	rs4844289	23	70392826	rs10615778	0.115765
23	70407983	rs4844289	23	70394700	rs7057298	0.115765
23	70407983	rs4844289	23	70396389	rs56232551	0.383292
23	70407983	rs4844289	23	70396518	rs36072221	0.598995
23	70407983	rs4844289	23	70396832	rs6624537	0.598995
23	70407983	rs4844289	23	70398525	rs57875679	0.118814
23	70407983	rs4844289	23	70399449	rs11399763	0.615603
23	70407983	rs4844289	23	70399819	rs7066438	0.630165
23	70407983	rs4844289	23	70399960	rs12838904	0.388683
23	70407983	rs4844289	23	70399979	rs41501944	0.617806
23	70407983	rs4844289	23	70400393	rs7878993	0.632158
23	70407983	rs4844289	23	70400637	rs11094198	0.566463
23	70407983	rs4844289	23	70400796	rs11796422	0.405998
23	70407983	rs4844289	23	70400927	rs369785399	0.115057
23	70407983	rs4844289	23	70401414	rs73217044	0.407565
23	70407983	rs4844289	23	70401552	rs66558969	0.27782
23	70407983	rs4844289	23	70401717	rs5981084	0.134512
23	70407983	rs4844289	23	70404345	rs12007241	0.502033
23	70407983	rs4844289	23	70404525	rs12011800	0.502033
23	70407983	rs4844289	23	70404601	rs12012710	0.507046
23	70407983	rs4844289	23	70404639	rs6525474	0.144259
23	70407983	rs4844289	23	70405897	rs4844288	0.986291
23	70407983	rs4844289	23	70405919	rs6624538	0.986291
23	70407983	rs4844289	23	70405919	._88561	0.986291
23	70407983	rs4844289	23	70406624	rs41506552	0.742543
23	70407983	rs4844289	23	70407090	rs6624539	0.948848
23	70407983	rs4844289	23	70407164	rs6625760	0.95171
23	70407983	rs4844289	23	70407399	rs12832266	0.95171
23	70407983	rs4844289	23	70407653	rs72628899	0.121766
23	70407983	rs4844289	23	70407983	rs4844289	1
23	70407983	rs4844289	23	70408958	rs7891662	0.95171
23	70407983	rs4844289	23	70409110	rs5981086	0.121766
23	70407983	rs4844289	23	70409926	rs41458150	0.121766
23	70407983	rs4844289	23	70410343	rs7057179	0.797137
23	70407983	rs4844289	23	70410500	rs4844146	0.994507
23	70407983	rs4844289	23	70411265	rs6525476	0.997249
23	70407983	rs4844289	23	70411573	rs6625761	0.940789
23	70407983	rs4844289	23	70412011	rs58800822	0.449785
23	70407983	rs4844289	23	70412476	rs12862461	0.421185
23	70407983	rs4844289	23	70412479	rs6624540	0.473024
23	70407983	rs4844289	23	70412944	rs6624541	0.95171
23	70407983	rs4844289	23	70413035	rs6624542	0.95171
23	70407983	rs4844289	23	70413565	rs41399746	0.19234
23	70407983	rs4844289	23	70413835	._88669	0.924809
23	70407983	rs4844289	23	70414642	rs6624543	0.859839
23	70407983	rs4844289	23	70414854	rs41505546	0.121766
23	70407983	rs4844289	23	70415209	rs35899768	0.641548
23	70407983	rs4844289	23	70415308	rs6525478	0.95171
23	70407983	rs4844289	23	70415688	rs190825185	0.106385
23	70407983	rs4844289	23	70418908	rs12396931	0.715521
23	70407983	rs4844289	23	70419041	rs191081655	0.0916268
23	70407983	rs4844289	23	70419172	rs41364750	0.591901
23	70407983	rs4844289	23	70419765	rs5981088	0.697118
23	70407983	rs4844289	23	70420441	rs5980744	0.709438
23	70407983	rs4844289	23	70421023	rs7891451	0.707469
23	70407983	rs4844289	23	70422003	rs6525479	0.198672
23	70407983	rs4844289	23	70422236	rs199801357	0.301689
23	70407983	rs4844289	23	70422854	rs73217047	0.299808
23	70407983	rs4844289	23	70422968	rs61103082	0.300359
23	70407983	rs4844289	23	70423275	rs4844292	0.724204
23	70407983	rs4844289	23	70423511	rs72197006	0.178255
23	70407983	rs4844289	23	70423615	rs67547521	0.10732
23	70407983	rs4844289	23	70424091	._88793	0.10732
23	70407983	rs4844289	23	70424411	rs6525480	0.160538
23	70407983	rs4844289	23	70424663	rs7884258	0.716119
23	70407983	rs4844289	23	70424696	rs7884752	0.712834
23	70407983	rs4844289	23	70424975	rs9698457	0.716119
23	70407983	rs4844289	23	70425925	rs35328964	0.716119
23	70407983	rs4844289	23	70425951	rs41385451	0.118496
23	70407983	rs4844289	23	70425958	rs41457950	0.716119
23	70407983	rs4844289	23	70425963	rs72628901	0.745516
23	70407983	rs4844289	23	70426029	rs34640965	0.716119
23	70407983	rs4844289	23	70426115	rs9698122	0.694994
23	70407983	rs4844289	23	70426169	rs34030408	0.712834
23	70407983	rs4844289	23	70426391	rs34261448	0.296484
23	70407983	rs4844289	23	70426978	rs7051285	0.712834
23	70407983	rs4844289	23	70427189	rs7878264	0.712834
23	70407983	rs4844289	23	70427257	rs182808557	0.296484
23	70407983	rs4844289	23	70427409	rs150421855	0.296484
23	70407983	rs4844289	23	70427502	rs35270373	0.296484
23	70407983	rs4844289	23	70427543	rs41467649	0.10732
23	70407983	rs4844289	23	70427565	rs35955357	0.328507
23	70407983	rs4844289	23	70427694	rs41501644	0.704817
23	70407983	rs4844289	23	70428191	rs201515666	0.297862
23	70407983	rs4844289	23	70428856	rs41498746	0.0900285
23	70407983	rs4844289	23	70428889	rs373982046	0.0900285
23	70407983	rs4844289	23	70429224	rs6525481	0.680041
23	70407983	rs4844289	23	70432708	rs747181	0.424275
23	70407983	rs4844289	23	70433116	rs6525482	0.327062
23	70407983	rs4844289	23	70433119	rs6525483	0.327062
23	70407983	rs4844289	23	70434408	rs5981089	0.237156
23	70407983	rs4844289	23	70435636	rs2280961	0.226293
23	70407983	rs4844289	23	70435722	rs71913204	0.197671
23	70407983	rs4844289	23	70435838	rs6625769	0.226293
23	70407983	rs4844289	23	70436018	rs5980745	0.223428
23	70407983	rs4844289	23	70436338	rs6625771	0.224466
23	70407983	rs4844289	23	70436496	rs6625772	0.235779
23	70407983	rs4844289	23	70437694	rs41520947	0.15869
23	70407983	rs4844289	23	70438251	rs7341985	0.234712
23	70407983	rs4844289	23	70438659	rs184587106	0.146968
23	70407983	rs4844289	23	70440326	rs201018088	0.184506
23	70407983	rs4844289	23	70440740	rs5981090	0.123668
23	70407983	rs4844289	23	70441120	rs6624545	0.0957759
23	70407983	rs4844289	23	70448935	._89130	0.106497
