$data
$data[[1]]
   yintercept PANEL group colour size linetype alpha
1           1     1    -1 grey60  0.5   dotted    NA
2           2     1    -1 grey60  0.5   dotted    NA
3           3     1    -1 grey60  0.5   dotted    NA
4           4     1    -1 grey60  0.5   dotted    NA
5           5     1    -1 grey60  0.5   dotted    NA
6           6     1    -1 grey60  0.5   dotted    NA
7           7     1    -1 grey60  0.5   dotted    NA
8           8     1    -1 grey60  0.5   dotted    NA
9           9     1    -1 grey60  0.5   dotted    NA
10         10     1    -1 grey60  0.5   dotted    NA
11         11     1    -1 grey60  0.5   dotted    NA
12         12     1    -1 grey60  0.5   dotted    NA
13         13     1    -1 grey60  0.5   dotted    NA
14         14     1    -1 grey60  0.5   dotted    NA

$data[[2]]
       y yend         x      xend PANEL group colour size linetype alpha
1    1.0  1.2 242128181 242128827     1    -1  black  0.5        1    NA
2    1.0  1.2 242129586 242130098     1    -1  black  0.5        1    NA
3    1.0  1.2 242130666 242132892     1    -1  black  0.5        1    NA
4    1.0  1.2 242135580 242137156     1    -1  black  0.5        1    NA
5    1.0  1.2 242138838 242139171     1    -1  black  0.5        1    NA
6    1.0  1.2 242139640 242140177     1    -1  black  0.5        1    NA
7    1.0  1.2 242140770 242141190     1    -1  black  0.5        1    NA
8    1.0  1.2 242141719 242142234     1    -1  black  0.5        1    NA
9    1.0  1.2 242142913 242143597     1    -1  black  0.5        1    NA
10   1.0  1.2 242144370 242145680     1    -1  black  0.5        1    NA
11   1.0  1.2 242147085 242147893     1    -1  black  0.5        1    NA
12   1.0  1.2 242148843 242148878     1    -1  black  0.5        1    NA
13   1.0  1.2 242149050 242149380     1    -1  black  0.5        1    NA
14   1.0  1.2 242149808 242149846     1    -1  black  0.5        1    NA
15   1.0  1.2 242149985 242150747     1    -1  black  0.5        1    NA
16   1.0  1.2 242151620 242151804     1    -1  black  0.5        1    NA
17   1.0  1.2 242152041 242153131     1    -1  black  0.5        1    NA
18   1.0  1.2 242154317 242154913     1    -1  black  0.5        1    NA
19   1.0  1.2 242155653 242156377     1    -1  black  0.5        1    NA
20   1.0  1.2 242157306 242157480     1    -1  black  0.5        1    NA
21   1.0  1.2 242157796 242160199     1    -1  black  0.5        1    NA
22   1.0  1.2 242162691 242162884     1    -1  black  0.5        1    NA
23   1.0  1.2 242163196 242163258     1    -1  black  0.5        1    NA
24   1.0  1.2 242163370 242163441     1    -1  black  0.5        1    NA
25   2.0  2.2 242577139 242583782     1    -1  black  0.5        1    NA
26   2.0  2.2 242590526 242590603     1    -1  black  0.5        1    NA
27   2.0  2.2 242590750 242591025     1    -1  black  0.5        1    NA
28   2.0  2.2 242591389 242592056     1    -1  black  0.5        1    NA
29   2.0  2.2 242592784 242592833     1    -1  black  0.5        1    NA
30   2.0  2.2 242593025 242593493     1    -1  black  0.5        1    NA
31   2.0  2.2 242594062 242594374     1    -1  black  0.5        1    NA
32   2.0  2.2 242594758 242596641     1    -1  black  0.5        1    NA
33   2.0  2.2 242598602 242602331     1    -1  black  0.5        1    NA
34   2.0  2.2 242606253 242606906     1    -1  black  0.5        1    NA
35   2.0  2.2 242607636 242607796     1    -1  black  0.5        1    NA
36   2.0  2.2 242608100 242609121     1    -1  black  0.5        1    NA
37   2.0  2.2 242610197 242610462     1    -1  black  0.5        1    NA
38   3.0  3.2 242498408 242498639     1    -1  black  0.5        1    NA
39   3.0  3.2 242499118 242500441     1    -1  black  0.5        1    NA
40   3.0  3.2 242501891 242505716     1    -1  black  0.5        1    NA
41   3.0  3.2 242509703 242510708     1    -1  black  0.5        1    NA
42   4.0  4.2 242484259 242491226     1    -1  black  0.5        1    NA
43   5.0  5.2 242295803 242304151     1    -1  black  0.5        1    NA
44   5.0  5.2 242312705 242327974     1    -1  black  0.5        1    NA
45   5.0  5.2 242343347 242343781     1    -1  black  0.5        1    NA
46   5.0  5.2 242344256 242345604     1    -1  black  0.5        1    NA
47   5.0  5.2 242347030 242348739     1    -1  black  0.5        1    NA
48   5.0  5.2 242350545 242351634     1    -1  black  0.5        1    NA
49   5.0  5.2 242352836 242355107     1    -1  black  0.5        1    NA
50   5.0  5.2 242357524 242364309     1    -1  black  0.5        1    NA
51   5.0  5.2 242371189 242372381     1    -1  black  0.5        1    NA
52   5.0  5.2 242373736 242374057     1    -1  black  0.5        1    NA
53   5.0  5.2 242374445 242375171     1    -1  black  0.5        1    NA
54   5.0  5.2 242375953 242378336     1    -1  black  0.5        1    NA
55   5.0  5.2 242380971 242388567     1    -1  black  0.5        1    NA
56   5.0  5.2 242396337 242399138     1    -1  black  0.5        1    NA
57   5.0  5.2 242402027 242402389     1    -1  black  0.5        1    NA
58   5.0  5.2 242402883 242403099     1    -1  black  0.5        1    NA
59   5.0  5.2 242403395 242404135     1    -1  black  0.5        1    NA
60   5.0  5.2 242405445 242406500     1    -1  black  0.5        1    NA
61   5.0  5.2 242407792 242411532     1    -1  black  0.5        1    NA
62   5.0  5.2 242415402 242419141     1    -1  black  0.5        1    NA
63   5.0  5.2 242422948 242423303     1    -1  black  0.5        1    NA
64   5.0  5.2 242423746 242426562     1    -1  black  0.5        1    NA
65   5.0  5.2 242429459 242429968     1    -1  black  0.5        1    NA
66   5.0  5.2 242430594 242430763     1    -1  black  0.5        1    NA
67   5.0  5.2 242431094 242431719     1    -1  black  0.5        1    NA
68   5.0  5.2 242432451 242432580     1    -1  black  0.5        1    NA
69   5.0  5.2 242432859 242433141     1    -1  black  0.5        1    NA
70   6.0  6.2 242169102 242169175     1    -1  black  0.5        1    NA
71   6.0  6.2 242169376 242169472     1    -1  black  0.5        1    NA
72   6.0  6.2 242169684 242169929     1    -1  black  0.5        1    NA
73   6.0  6.2 242170359 242171797     1    -1  black  0.5        1    NA
74   6.0  6.2 242173378 242173957     1    -1  black  0.5        1    NA
75   6.0  6.2 242174670 242174788     1    -1  black  0.5        1    NA
76   6.0  6.2 242175009 242175520     1    -1  black  0.5        1    NA
77   6.0  6.2 242176184 242177124     1    -1  black  0.5        1    NA
78   6.0  6.2 242178202 242178610     1    -1  black  0.5        1    NA
79   6.0  6.2 242179235 242179276     1    -1  black  0.5        1    NA
80   6.0  6.2 242179537 242180706     1    -1  black  0.5        1    NA
81   6.0  6.2 242182093 242184130     1    -1  black  0.5        1    NA
82   6.0  6.2 242186298 242186385     1    -1  black  0.5        1    NA
83   6.0  6.2 242186557 242186988     1    -1  black  0.5        1    NA
84   6.0  6.2 242187531 242187595     1    -1  black  0.5        1    NA
85   6.0  6.2 242187763 242188510     1    -1  black  0.5        1    NA
86   6.0  6.2 242189395 242190884     1    -1  black  0.5        1    NA
87   6.0  6.2 242192912 242193689     1    -1  black  0.5        1    NA
88   6.0  6.2 242194573 242194681     1    -1  black  0.5        1    NA
89   6.0  6.2 242194995 242195297     1    -1  black  0.5        1    NA
90   6.0  6.2 242195814 242195915     1    -1  black  0.5        1    NA
91   6.0  6.2 242196221 242199174     1    -1  black  0.5        1    NA
92   6.0  6.2 242202341 242203102     1    -1  black  0.5        1    NA
93   6.0  6.2 242204020 242205115     1    -1  black  0.5        1    NA
94   6.0  6.2 242206321 242206657     1    -1  black  0.5        1    NA
95   6.0  6.2 242207123 242207508     1    -1  black  0.5        1    NA
96   6.0  6.2 242207956 242210066     1    -1  black  0.5        1    NA
97   6.0  6.2 242212246 242212349     1    -1  black  0.5        1    NA
98   6.0  6.2 242212532 242233759     1    -1  black  0.5        1    NA
99   7.0  7.2 241894916 241895089     1    -1  black  0.5        1    NA
100  7.0  7.2 241895284 241895536     1    -1  black  0.5        1    NA
 [ reached getOption("max.print") -- omitted 300 rows ]

$data[[3]]
     colour    fill    y yend         x      xend PANEL group size linetype alpha
1   #1B9E77 #1B9E77 12.4 11.6 241938255 241938255     1     1  0.5        1    NA
2   #1B9E77 #1B9E77 12.4 11.6 241969701 241969701     1     1  0.5        1    NA
3   #1B9E77 #1B9E77 12.4 11.6 241973152 241973152     1     1  0.5        1    NA
4   #1B9E77 #1B9E77 12.4 11.6 241973985 241973985     1     1  0.5        1    NA
5   #1B9E77 #1B9E77 12.4 11.6 241976207 241976207     1     1  0.5        1    NA
6   #1B9E77 #1B9E77 12.4 11.6 241976657 241976657     1     1  0.5        1    NA
7   #1B9E77 #1B9E77 12.4 11.6 241979492 241979492     1     1  0.5        1    NA
8   #1B9E77 #1B9E77 12.4 11.6 241979717 241979717     1     1  0.5        1    NA
9   #1B9E77 #1B9E77 12.4 11.6 241987732 241987732     1     1  0.5        1    NA
10  #1B9E77 #1B9E77 12.4 11.6 241988079 241988079     1     1  0.5        1    NA
11  #1B9E77 #1B9E77 12.4 11.6 241988439 241988439     1     1  0.5        1    NA
12  #1B9E77 #1B9E77 12.4 11.6 241989234 241989234     1     1  0.5        1    NA
13  #1B9E77 #1B9E77 12.4 11.6 241991161 241991161     1     1  0.5        1    NA
14  #1B9E77 #1B9E77 12.4 11.6 241991458 241991458     1     1  0.5        1    NA
15  #1B9E77 #1B9E77 12.4 11.6 241991772 241991772     1     1  0.5        1    NA
16  #1B9E77 #1B9E77 12.4 11.6 241992570 241992570     1     1  0.5        1    NA
17  #1B9E77 #1B9E77 12.4 11.6 242002208 242002208     1     1  0.5        1    NA
18  #1B9E77 #1B9E77 12.4 11.6 242003004 242003004     1     1  0.5        1    NA
19  #1B9E77 #1B9E77 12.4 11.6 242003429 242003429     1     1  0.5        1    NA
20  #1B9E77 #1B9E77 12.4 11.6 242004260 242004260     1     1  0.5        1    NA
21  #1B9E77 #1B9E77 12.4 11.6 242004715 242004715     1     1  0.5        1    NA
22  #1B9E77 #1B9E77 12.4 11.6 242007179 242007179     1     1  0.5        1    NA
23  #1B9E77 #1B9E77 12.4 11.6 242008326 242008326     1     1  0.5        1    NA
24  #1B9E77 #1B9E77 12.4 11.6 242009335 242009335     1     1  0.5        1    NA
25  #1B9E77 #1B9E77 12.4 11.6 242010991 242010991     1     1  0.5        1    NA
26  #1B9E77 #1B9E77 12.4 11.6 242011211 242011211     1     1  0.5        1    NA
27  #1B9E77 #1B9E77 12.4 11.6 242012681 242012681     1     1  0.5        1    NA
28  #1B9E77 #1B9E77 12.4 11.6 242021092 242021092     1     1  0.5        1    NA
29  #1B9E77 #1B9E77 12.4 11.6 242021692 242021692     1     1  0.5        1    NA
30  #1B9E77 #1B9E77 12.4 11.6 242026807 242026807     1     1  0.5        1    NA
31  #1B9E77 #1B9E77 12.4 11.6 242027780 242027780     1     1  0.5        1    NA
32  #1B9E77 #1B9E77 12.4 11.6 242031053 242031053     1     1  0.5        1    NA
33  #1B9E77 #1B9E77 12.4 11.6 242002795 242002795     1     1  0.5        1    NA
34  #1B9E77 #1B9E77 12.4 11.6 242003429 242003429     1     1  0.5        1    NA
35  #1B9E77 #1B9E77 12.4 11.6 242004260 242004260     1     1  0.5        1    NA
36  #1B9E77 #1B9E77 12.4 11.6 242004715 242004715     1     1  0.5        1    NA
37  #1B9E77 #1B9E77 12.4 11.6 242007179 242007179     1     1  0.5        1    NA
38  #1B9E77 #1B9E77 12.4 11.6 242008326 242008326     1     1  0.5        1    NA
39  #1B9E77 #1B9E77 12.4 11.6 242009335 242009335     1     1  0.5        1    NA
40  #1B9E77 #1B9E77 12.4 11.6 242010991 242010991     1     1  0.5        1    NA
41  #1B9E77 #1B9E77 12.4 11.6 242011211 242011211     1     1  0.5        1    NA
42  #1B9E77 #1B9E77 12.4 11.6 242021092 242021092     1     1  0.5        1    NA
43  #1B9E77 #1B9E77 12.4 11.6 242021692 242021692     1     1  0.5        1    NA
44  #1B9E77 #1B9E77 12.4 11.6 242026807 242026807     1     1  0.5        1    NA
45  #1B9E77 #1B9E77 12.4 11.6 242003429 242003429     1     1  0.5        1    NA
46  #1B9E77 #1B9E77 12.4 11.6 242004260 242004260     1     1  0.5        1    NA
47  #1B9E77 #1B9E77 12.4 11.6 242004715 242004715     1     1  0.5        1    NA
48  #1B9E77 #1B9E77 12.4 11.6 242007179 242007179     1     1  0.5        1    NA
49  #1B9E77 #1B9E77 12.4 11.6 242008326 242008326     1     1  0.5        1    NA
50  #1B9E77 #1B9E77 12.4 11.6 242009335 242009335     1     1  0.5        1    NA
51  #1B9E77 #1B9E77 12.4 11.6 242010991 242010991     1     1  0.5        1    NA
52  #1B9E77 #1B9E77 12.4 11.6 242011211 242011211     1     1  0.5        1    NA
53  #1B9E77 #1B9E77 12.4 11.6 242021092 242021092     1     1  0.5        1    NA
54  #1B9E77 #1B9E77 12.4 11.6 242021692 242021692     1     1  0.5        1    NA
55  #1B9E77 #1B9E77 12.4 11.6 242027780 242027780     1     1  0.5        1    NA
56  #1B9E77 #1B9E77 12.4 11.6 242031053 242031053     1     1  0.5        1    NA
57  #1B9E77 #1B9E77 12.4 11.6 242004715 242004715     1     1  0.5        1    NA
58  #1B9E77 #1B9E77 12.4 11.6 242007179 242007179     1     1  0.5        1    NA
59  #1B9E77 #1B9E77 12.4 11.6 242008326 242008326     1     1  0.5        1    NA
60  #1B9E77 #1B9E77 12.4 11.6 242009335 242009335     1     1  0.5        1    NA
61  #1B9E77 #1B9E77 12.4 11.6 242010991 242010991     1     1  0.5        1    NA
62  #1B9E77 #1B9E77 12.4 11.6 242011211 242011211     1     1  0.5        1    NA
63  #1B9E77 #1B9E77 12.4 11.6 242012681 242012681     1     1  0.5        1    NA
64  #1B9E77 #1B9E77 12.4 11.6 242010821 242010821     1     1  0.5        1    NA
65  #1B9E77 #1B9E77 12.4 11.6 242011211 242011211     1     1  0.5        1    NA
66  #1B9E77 #1B9E77 10.4  9.6 242089024 242089024     1     1  0.5        1    NA
67  #1B9E77 #1B9E77 10.4  9.6 242092891 242092891     1     1  0.5        1    NA
68  #1B9E77 #1B9E77 10.4  9.6 242097222 242097222     1     1  0.5        1    NA
69  #1B9E77 #1B9E77 10.4  9.6 242097899 242097899     1     1  0.5        1    NA
70  #1B9E77 #1B9E77 10.4  9.6 242098628 242098628     1     1  0.5        1    NA
71  #1B9E77 #1B9E77 10.4  9.6 242099747 242099747     1     1  0.5        1    NA
72  #1B9E77 #1B9E77 10.4  9.6 242102700 242102700     1     1  0.5        1    NA
73  #1B9E77 #1B9E77 10.4  9.6 242105752 242105752     1     1  0.5        1    NA
74  #1B9E77 #1B9E77 10.4  9.6 242109196 242109196     1     1  0.5        1    NA
75  #1B9E77 #1B9E77 10.4  9.6 242089902 242089902     1     1  0.5        1    NA
76  #1B9E77 #1B9E77 10.4  9.6 242092891 242092891     1     1  0.5        1    NA
77  #1B9E77 #1B9E77 10.4  9.6 242097222 242097222     1     1  0.5        1    NA
78  #1B9E77 #1B9E77 10.4  9.6 242097899 242097899     1     1  0.5        1    NA
79  #1B9E77 #1B9E77 10.4  9.6 242098628 242098628     1     1  0.5        1    NA
80  #1B9E77 #1B9E77 10.4  9.6 242099747 242099747     1     1  0.5        1    NA
81  #1B9E77 #1B9E77 10.4  9.6 242102700 242102700     1     1  0.5        1    NA
82  #1B9E77 #1B9E77 10.4  9.6 242105752 242105752     1     1  0.5        1    NA
83  #1B9E77 #1B9E77 10.4  9.6 242106460 242106460     1     1  0.5        1    NA
84  #1B9E77 #1B9E77 10.4  9.6 242089902 242089902     1     1  0.5        1    NA
85  #1B9E77 #1B9E77 10.4  9.6 242092891 242092891     1     1  0.5        1    NA
86  #1B9E77 #1B9E77 10.4  9.6 242097222 242097222     1     1  0.5        1    NA
87  #1B9E77 #1B9E77 10.4  9.6 242097899 242097899     1     1  0.5        1    NA
88  #1B9E77 #1B9E77 10.4  9.6 242098628 242098628     1     1  0.5        1    NA
89  #1B9E77 #1B9E77 10.4  9.6 242099747 242099747     1     1  0.5        1    NA
90  #1B9E77 #1B9E77 10.4  9.6 242102700 242102700     1     1  0.5        1    NA
 [ reached getOption("max.print") -- omitted 646 rows ]

$data[[4]]
     colour    fill  y ymin ymax      xmin      xmax PANEL group size linetype alpha
1   #1B9E77 #1B9E77 12 12.4 11.6 241938255 241938467     1     1  0.5        1    NA
2   #1B9E77 #1B9E77 12 12.4 11.6 241969701 241969988     1     1  0.5        1    NA
3   #1B9E77 #1B9E77 12 12.4 11.6 241973152 241973292     1     1  0.5        1    NA
4   #1B9E77 #1B9E77 12 12.4 11.6 241973985 241974147     1     1  0.5        1    NA
5   #1B9E77 #1B9E77 12 12.4 11.6 241976207 241976332     1     1  0.5        1    NA
6   #1B9E77 #1B9E77 12 12.4 11.6 241976657 241976770     1     1  0.5        1    NA
7   #1B9E77 #1B9E77 12 12.4 11.6 241979492 241979605     1     1  0.5        1    NA
8   #1B9E77 #1B9E77 12 12.4 11.6 241979717 241979830     1     1  0.5        1    NA
9   #1B9E77 #1B9E77 12 12.4 11.6 241987732 241987857     1     1  0.5        1    NA
10  #1B9E77 #1B9E77 12 12.4 11.6 241988079 241988183     1     1  0.5        1    NA
11  #1B9E77 #1B9E77 12 12.4 11.6 241988439 241988552     1     1  0.5        1    NA
12  #1B9E77 #1B9E77 12 12.4 11.6 241989234 241989350     1     1  0.5        1    NA
13  #1B9E77 #1B9E77 12 12.4 11.6 241991161 241991277     1     1  0.5        1    NA
14  #1B9E77 #1B9E77 12 12.4 11.6 241991458 241991574     1     1  0.5        1    NA
15  #1B9E77 #1B9E77 12 12.4 11.6 241991772 241991885     1     1  0.5        1    NA
16  #1B9E77 #1B9E77 12 12.4 11.6 241992570 241992743     1     1  0.5        1    NA
17  #1B9E77 #1B9E77 12 12.4 11.6 242002208 242002321     1     1  0.5        1    NA
18  #1B9E77 #1B9E77 12 12.4 11.6 242003004 242003117     1     1  0.5        1    NA
19  #1B9E77 #1B9E77 12 12.4 11.6 242003429 242003542     1     1  0.5        1    NA
20  #1B9E77 #1B9E77 12 12.4 11.6 242004260 242004373     1     1  0.5        1    NA
21  #1B9E77 #1B9E77 12 12.4 11.6 242004715 242005011     1     1  0.5        1    NA
22  #1B9E77 #1B9E77 12 12.4 11.6 242007179 242007362     1     1  0.5        1    NA
23  #1B9E77 #1B9E77 12 12.4 11.6 242008326 242008438     1     1  0.5        1    NA
24  #1B9E77 #1B9E77 12 12.4 11.6 242009335 242009616     1     1  0.5        1    NA
25  #1B9E77 #1B9E77 12 12.4 11.6 242010991 242011135     1     1  0.5        1    NA
26  #1B9E77 #1B9E77 12 12.4 11.6 242011211 242011293     1     1  0.5        1    NA
27  #1B9E77 #1B9E77 12 12.4 11.6 242012681 242012779     1     1  0.5        1    NA
28  #1B9E77 #1B9E77 12 12.4 11.6 242021092 242021208     1     1  0.5        1    NA
29  #1B9E77 #1B9E77 12 12.4 11.6 242021692 242021779     1     1  0.5        1    NA
30  #1B9E77 #1B9E77 12 12.4 11.6 242026807 242026890     1     1  0.5        1    NA
31  #1B9E77 #1B9E77 12 12.4 11.6 242027780 242027817     1     1  0.5        1    NA
32  #1B9E77 #1B9E77 12 12.4 11.6 242031053 242033643     1     1  0.5        1    NA
33  #1B9E77 #1B9E77 12 12.4 11.6 242002795 242003117     1     1  0.5        1    NA
34  #1B9E77 #1B9E77 12 12.4 11.6 242003429 242003542     1     1  0.5        1    NA
35  #1B9E77 #1B9E77 12 12.4 11.6 242004260 242004373     1     1  0.5        1    NA
36  #1B9E77 #1B9E77 12 12.4 11.6 242004715 242005011     1     1  0.5        1    NA
37  #1B9E77 #1B9E77 12 12.4 11.6 242007179 242007362     1     1  0.5        1    NA
38  #1B9E77 #1B9E77 12 12.4 11.6 242008326 242008438     1     1  0.5        1    NA
39  #1B9E77 #1B9E77 12 12.4 11.6 242009335 242009616     1     1  0.5        1    NA
40  #1B9E77 #1B9E77 12 12.4 11.6 242010991 242011135     1     1  0.5        1    NA
41  #1B9E77 #1B9E77 12 12.4 11.6 242011211 242011293     1     1  0.5        1    NA
42  #1B9E77 #1B9E77 12 12.4 11.6 242021092 242021208     1     1  0.5        1    NA
43  #1B9E77 #1B9E77 12 12.4 11.6 242021692 242021779     1     1  0.5        1    NA
44  #1B9E77 #1B9E77 12 12.4 11.6 242026807 242026890     1     1  0.5        1    NA
45  #1B9E77 #1B9E77 12 12.4 11.6 242003429 242003542     1     1  0.5        1    NA
46  #1B9E77 #1B9E77 12 12.4 11.6 242004260 242004373     1     1  0.5        1    NA
47  #1B9E77 #1B9E77 12 12.4 11.6 242004715 242005011     1     1  0.5        1    NA
48  #1B9E77 #1B9E77 12 12.4 11.6 242007179 242007362     1     1  0.5        1    NA
49  #1B9E77 #1B9E77 12 12.4 11.6 242008326 242008438     1     1  0.5        1    NA
50  #1B9E77 #1B9E77 12 12.4 11.6 242009335 242009616     1     1  0.5        1    NA
51  #1B9E77 #1B9E77 12 12.4 11.6 242010991 242011135     1     1  0.5        1    NA
52  #1B9E77 #1B9E77 12 12.4 11.6 242011211 242011293     1     1  0.5        1    NA
53  #1B9E77 #1B9E77 12 12.4 11.6 242021092 242021208     1     1  0.5        1    NA
54  #1B9E77 #1B9E77 12 12.4 11.6 242021692 242021779     1     1  0.5        1    NA
55  #1B9E77 #1B9E77 12 12.4 11.6 242027780 242027817     1     1  0.5        1    NA
56  #1B9E77 #1B9E77 12 12.4 11.6 242031053 242033643     1     1  0.5        1    NA
57  #1B9E77 #1B9E77 12 12.4 11.6 242004715 242005011     1     1  0.5        1    NA
58  #1B9E77 #1B9E77 12 12.4 11.6 242007179 242007362     1     1  0.5        1    NA
59  #1B9E77 #1B9E77 12 12.4 11.6 242008326 242008438     1     1  0.5        1    NA
60  #1B9E77 #1B9E77 12 12.4 11.6 242009335 242009616     1     1  0.5        1    NA
61  #1B9E77 #1B9E77 12 12.4 11.6 242010991 242011135     1     1  0.5        1    NA
62  #1B9E77 #1B9E77 12 12.4 11.6 242011211 242011293     1     1  0.5        1    NA
63  #1B9E77 #1B9E77 12 12.4 11.6 242012681 242013401     1     1  0.5        1    NA
64  #1B9E77 #1B9E77 12 12.4 11.6 242010821 242011135     1     1  0.5        1    NA
65  #1B9E77 #1B9E77 12 12.4 11.6 242011211 242015020     1     1  0.5        1    NA
66  #1B9E77 #1B9E77 10 10.4  9.6 242089024 242089123     1     1  0.5        1    NA
67  #1B9E77 #1B9E77 10 10.4  9.6 242092891 242093019     1     1  0.5        1    NA
68  #1B9E77 #1B9E77 10 10.4  9.6 242097222 242097277     1     1  0.5        1    NA
69  #1B9E77 #1B9E77 10 10.4  9.6 242097899 242097964     1     1  0.5        1    NA
70  #1B9E77 #1B9E77 10 10.4  9.6 242098628 242098758     1     1  0.5        1    NA
71  #1B9E77 #1B9E77 10 10.4  9.6 242099747 242099909     1     1  0.5        1    NA
72  #1B9E77 #1B9E77 10 10.4  9.6 242102700 242102816     1     1  0.5        1    NA
73  #1B9E77 #1B9E77 10 10.4  9.6 242105752 242105856     1     1  0.5        1    NA
74  #1B9E77 #1B9E77 10 10.4  9.6 242109196 242109282     1     1  0.5        1    NA
75  #1B9E77 #1B9E77 10 10.4  9.6 242089902 242089962     1     1  0.5        1    NA
76  #1B9E77 #1B9E77 10 10.4  9.6 242092891 242093019     1     1  0.5        1    NA
77  #1B9E77 #1B9E77 10 10.4  9.6 242097222 242097277     1     1  0.5        1    NA
78  #1B9E77 #1B9E77 10 10.4  9.6 242097899 242097964     1     1  0.5        1    NA
79  #1B9E77 #1B9E77 10 10.4  9.6 242098628 242098758     1     1  0.5        1    NA
80  #1B9E77 #1B9E77 10 10.4  9.6 242099747 242099909     1     1  0.5        1    NA
81  #1B9E77 #1B9E77 10 10.4  9.6 242102700 242102816     1     1  0.5        1    NA
82  #1B9E77 #1B9E77 10 10.4  9.6 242105752 242105856     1     1  0.5        1    NA
83  #1B9E77 #1B9E77 10 10.4  9.6 242106460 242106592     1     1  0.5        1    NA
 [ reached getOption("max.print") -- omitted 653 rows ]

$data[[5]]
  xintercept PANEL group colour size linetype alpha
1  242113751     1    -1  black  0.5   dashed    NA
2  242135265     1    -1  black  0.5   dashed    NA
3  242139600     1    -1  black  0.5   dashed    NA
4  242141719     1    -1  black  0.5   dashed    NA
5  242151791     1    -1  black  0.5   dashed    NA
6  242161999     1    -1  black  0.5   dashed    NA
7  242247627     1    -1  black  0.5   dashed    NA


$layout
<ggproto object: Class Layout>
    facet: <ggproto object: Class FacetNull, Facet>
        compute_layout: function
        draw_back: function
        draw_front: function
        draw_labels: function
        draw_panels: function
        finish_data: function
        init_scales: function
        map: function
        map_data: function
        params: list
        render_back: function
        render_front: function
        render_panels: function
        setup_data: function
        setup_params: function
        shrink: TRUE
        train: function
        train_positions: function
        train_scales: function
        vars: function
        super:  <ggproto object: Class FacetNull, Facet>
    finish_data: function
    get_scales: function
    map: function
    map_position: function
    panel_layout: data.frame
    panel_ranges: list
    panel_scales: list
    render: function
    render_labels: function
    reset_scales: function
    setup: function
    train_position: function
    train_ranges: function
    xlabel: function
    ylabel: function
    super:  <ggproto object: Class Layout>

$plot

