CHR_A,BP_A,SNP_A,CHR_B,BP_B,SNP_B,R2
10,126650696,rs11245446,10,126569993,rs7914368,0.07
10,126650696,rs11245446,10,126570621,rs61872114,0.058
10,126650696,rs11245446,10,126571629,rs77264345,0.059
10,126650696,rs11245446,10,126571681,rs75990034,0.059
10,126650696,rs11245446,10,126572104,rs11245403,0.091
10,126650696,rs11245446,10,126572310,rs56180077,0.06
10,126650696,rs11245446,10,126572454,rs11245404,0.091
10,126650696,rs11245446,10,126572559,rs148927235,0.09
10,126650696,rs11245446,10,126572612,rs57023343,0.106
10,126650696,rs11245446,10,126572654,rs11245405,0.091
10,126650696,rs11245446,10,126572672,rs11245406,0.091
10,126650696,rs11245446,10,126572693,rs11245407,0.091
10,126650696,rs11245446,10,126572728,rs10901833,0.095
10,126650696,rs11245446,10,126572820,rs12243206,0.06
10,126650696,rs11245446,10,126572860,rs12355063,0.091
10,126650696,rs11245446,10,126572986,rs10528284,0.059
10,126650696,rs11245446,10,126573098,rs111271951,0.06
10,126650696,rs11245446,10,126573133,rs12249211,0.06
10,126650696,rs11245446,10,126573251,rs12254147,0.077
10,126650696,rs11245446,10,126573679,rs112802157,0.078
10,126650696,rs11245446,10,126574159,rs61872115,0.06
10,126650696,rs11245446,10,126575210,rs12247671,0.092
10,126650696,rs11245446,10,126575849,rs17708789,0.094
10,126650696,rs11245446,10,126576087,rs144501775,0.095
10,126650696,rs11245446,10,126576308,rs1863829,0.132
10,126650696,rs11245446,10,126576503,rs7923382,0.099
10,126650696,rs11245446,10,126576687,rs72350326,0.099
10,126650696,rs11245446,10,126581842,rs61872117,0.073
10,126650696,rs11245446,10,126581925,rs1896530,0.105
10,126650696,rs11245446,10,126582160,rs35186116,0.789
10,126650696,rs11245446,10,126582517,rs11245413,0.071
10,126650696,rs11245446,10,126582577,rs76454435,0.078
10,126650696,rs11245446,10,126582635,rs11245414,0.113
10,126650696,rs11245446,10,126582653,rs7895425,0.077
10,126650696,rs11245446,10,126582747,rs7916865,0.07
10,126650696,rs11245446,10,126582927,rs7904691,0.071
10,126650696,rs11245446,10,126583119,rs7896051,0.071
10,126650696,rs11245446,10,126583450,chr10_126583450_C_T,0.071
10,126650696,rs11245446,10,126583534,rs61872119,0.071
10,126650696,rs11245446,10,126583588,rs61872120,0.071
10,126650696,rs11245446,10,126583640,rs17151676,0.078
10,126650696,rs11245446,10,126584445,rs144060970,0.101
10,126650696,rs11245446,10,126584531,rs3940439,0.071
10,126650696,rs11245446,10,126584549,rs55667928,0.071
10,126650696,rs11245446,10,126584999,rs7900929,0.071
10,126650696,rs11245446,10,126585397,chr10_126585397_A_G,0.07
10,126650696,rs11245446,10,126585673,rs7080330,0.071
10,126650696,rs11245446,10,126585738,rs7084646,0.071
10,126650696,rs11245446,10,126585767,rs7080475,0.071
10,126650696,rs11245446,10,126585848,rs7094381,0.071
10,126650696,rs11245446,10,126586057,rs79941705,0.072
10,126650696,rs11245446,10,126586108,rs11245417,0.071
10,126650696,rs11245446,10,126586319,rs11245418,0.071
10,126650696,rs11245446,10,126586392,rs11245419,0.071
10,126650696,rs11245446,10,126586469,rs11245420,0.071
10,126650696,rs11245446,10,126586795,rs61872121,0.071
10,126650696,rs11245446,10,126586857,rs73371154,0.07
10,126650696,rs11245446,10,126586908,rs66531168,0.071
10,126650696,rs11245446,10,126587142,rs7085829,0.071
10,126650696,rs11245446,10,126587146,chr10_126587146_C_G,0.071
10,126650696,rs11245446,10,126587312,chr10_126587312_C_G,0.071
10,126650696,rs11245446,10,126587373,rs7086128,0.072
10,126650696,rs11245446,10,126587488,rs72828935,0.757
10,126650696,rs11245446,10,126587644,rs7094116,0.072
10,126650696,rs11245446,10,126588143,rs11245422,0.072
10,126650696,rs11245446,10,126588435,rs11245423,0.072
10,126650696,rs11245446,10,126588528,rs11245424,0.072
10,126650696,rs11245446,10,126588708,rs60986355,0.072
10,126650696,rs11245446,10,126589139,rs72828938,0.455
10,126650696,rs11245446,10,126589202,rs61873263,0.072
10,126650696,rs11245446,10,126589581,rs77088732,0.072
10,126650696,rs11245446,10,126589622,rs61873264,0.072
10,126650696,rs11245446,10,126589656,rs61873265,0.072
10,126650696,rs11245446,10,126589712,rs10901835,0.153
10,126650696,rs11245446,10,126589797,rs57130385,0.072
10,126650696,rs11245446,10,126589895,rs12359621,0.072
10,126650696,rs11245446,10,126589901,rs12359031,0.072
10,126650696,rs11245446,10,126590153,rs61706458,0.072
10,126650696,rs11245446,10,126590319,chr10_126590319_C_T,0.146
10,126650696,rs11245446,10,126590342,rs7089014,0.072
10,126650696,rs11245446,10,126590691,rs7083298,0.072
10,126650696,rs11245446,10,126590771,rs7083336,0.072
10,126650696,rs11245446,10,126590781,rs11299737,0.071
10,126650696,rs11245446,10,126590820,rs7079199,0.072
10,126650696,rs11245446,10,126590956,rs10574317,0.072
10,126650696,rs11245446,10,126591162,rs11296142,0.107
10,126650696,rs11245446,10,126592153,rs55674450,0.072
10,126650696,rs11245446,10,126592283,rs61873268,0.072
10,126650696,rs11245446,10,126592436,rs7089131,0.072
10,126650696,rs11245446,10,126592522,rs7081640,0.106
10,126650696,rs11245446,10,126592644,rs17152374,0.069
10,126650696,rs11245446,10,126592671,rs12569669,0.072
10,126650696,rs11245446,10,126592684,rs12569940,0.072
10,126650696,rs11245446,10,126592852,rs17152377,0.073
10,126650696,rs11245446,10,126592890,rs74264575,0.073
10,126650696,rs11245446,10,126592903,rs17152381,0.073
10,126650696,rs11245446,10,126593171,rs7089281,0.073
10,126650696,rs11245446,10,126593310,rs7082846,0.073
10,126650696,rs11245446,10,126593492,chr10_126593492_C_T,0.072
10,126650696,rs11245446,10,126593553,chr10_126593553_A_C,0.072
10,126650696,rs11245446,10,126593774,rs1807099,0.073
10,126650696,rs11245446,10,126594014,rs1863828,0.073
10,126650696,rs11245446,10,126594048,rs2364522,0.073
10,126650696,rs11245446,10,126594078,rs17636031,0.799
10,126650696,rs11245446,10,126594152,rs733402,0.073
10,126650696,rs11245446,10,126594158,rs733401,0.073
10,126650696,rs11245446,10,126594340,rs733400,0.073
10,126650696,rs11245446,10,126594360,rs5788683,0.153
10,126650696,rs11245446,10,126594892,rs10736892,0.154
10,126650696,rs11245446,10,126595923,rs61873270,0.072
10,126650696,rs11245446,10,126595993,rs66857611,0.325
10,126650696,rs11245446,10,126596376,chr10_126596376_C_G,0.454
10,126650696,rs11245446,10,126597696,rs7078652,0.146
10,126650696,rs11245446,10,126597749,rs12571196,0.072
10,126650696,rs11245446,10,126598533,rs190117883,0.054
10,126650696,rs11245446,10,126599886,rs7914110,0.072
10,126650696,rs11245446,10,126602927,rs144692293,0.073
10,126650696,rs11245446,10,126603231,rs10794190,0.153
10,126650696,rs11245446,10,126604496,rs77741718,0.053
10,126650696,rs11245446,10,126605316,rs12761149,0.153
10,126650696,rs11245446,10,126607803,rs12573033,0.072
10,126650696,rs11245446,10,126609647,rs7099073,0.153
10,126650696,rs11245446,10,126610829,rs368259920,0.06
10,126650696,rs11245446,10,126611155,rs7070792,0.151
10,126650696,rs11245446,10,126611387,rs77655905,0.055
10,126650696,rs11245446,10,126611804,rs35588198,0.072
10,126650696,rs11245446,10,126612510,rs201058743,0.072
10,126650696,rs11245446,10,126614618,rs10901837,0.072
10,126650696,rs11245446,10,126616038,rs1065301,0.077
10,126650696,rs11245446,10,126616467,rs60705217,0.145
10,126650696,rs11245446,10,126616861,chr10_126616861_A_G,0.072
10,126650696,rs11245446,10,126617169,chr10_126617169_C_T,0.456
10,126650696,rs11245446,10,126617456,rs4962411,0.06
10,126650696,rs11245446,10,126618425,rs143814713,0.055
10,126650696,rs11245446,10,126618620,rs12265337,0.153
10,126650696,rs11245446,10,126619111,rs11592516,0.054
10,126650696,rs11245446,10,126619331,rs61873277,0.072
10,126650696,rs11245446,10,126619884,rs201152103,0.054
10,126650696,rs11245446,10,126621489,rs4962709,0.472
10,126650696,rs11245446,10,126621650,rs111760218,0.054
10,126650696,rs11245446,10,126621797,rs56034226,0.072
10,126650696,rs11245446,10,126621803,rs4020645,0.06
10,126650696,rs11245446,10,126622630,rs200556646,0.054
10,126650696,rs11245446,10,126623542,rs10901838,0.152
10,126650696,rs11245446,10,126624050,rs75671586,0.053
10,126650696,rs11245446,10,126626303,rs4962710,0.06
10,126650696,rs11245446,10,126627508,rs7906168,0.06
10,126650696,rs11245446,10,126627861,rs7906592,0.072
10,126650696,rs11245446,10,126628143,rs79120087,0.054
10,126650696,rs11245446,10,126628541,rs34091022,0.154
10,126650696,rs11245446,10,126629167,rs143159305,0.072
10,126650696,rs11245446,10,126629204,rs7074163,0.061
10,126650696,rs11245446,10,126629608,chr10_126629608_A_G,0.149
10,126650696,rs11245446,10,126629701,rs11245438,0.154
10,126650696,rs11245446,10,126629767,rs59781656,0.053
10,126650696,rs11245446,10,126629767,rs59781656,0.051
10,126650696,rs11245446,10,126630015,rs12220260,0.154
10,126650696,rs11245446,10,126630557,rs2114835,0.06
10,126650696,rs11245446,10,126632122,chr10_126632123_INDEL_TATG,0.054
10,126650696,rs11245446,10,126632386,chr10_126632386_A_C,0.153
10,126650696,rs11245446,10,126633064,10:126633064:C:T,0.054
10,126650696,rs11245446,10,126633130,rs117886104,0.054
10,126650696,rs11245446,10,126633437,rs144370286,0.054
10,126650696,rs11245446,10,126634572,rs11245440,0.072
10,126650696,rs11245446,10,126635077,rs7067770,0.06
10,126650696,rs11245446,10,126635262,rs10901842,0.153
10,126650696,rs11245446,10,126635335,rs117279173,0.054
10,126650696,rs11245446,10,126638018,rs67281229,0.158
10,126650696,rs11245446,10,126638020,rs10901843,0.073
10,126650696,rs11245446,10,126638090,rs66864643,0.069
10,126650696,rs11245446,10,126638092,rs10901845,0.069
10,126650696,rs11245446,10,126638226,rs7092008,0.072
10,126650696,rs11245446,10,126639817,rs77271877,0.054
10,126650696,rs11245446,10,126639938,rs76398605,0.054
10,126650696,rs11245446,10,126640936,rs67609008,0.769
10,126650696,rs11245446,10,126642845,rs10794193,0.06
10,126650696,rs11245446,10,126643381,rs113003778,0.054
10,126650696,rs11245446,10,126643845,rs77491558,0.054
10,126650696,rs11245446,10,126644482,rs4962711,0.153
10,126650696,rs11245446,10,126645140,rs7079521,0.154
10,126650696,rs11245446,10,126645231,rs12355869,0.072
10,126650696,rs11245446,10,126646271,rs10901846,0.147
10,126650696,rs11245446,10,126646737,rs76829996,0.054
10,126650696,rs11245446,10,126647052,rs4962712,0.154
10,126650696,rs11245446,10,126649007,rs17152408,0.073
10,126650696,rs11245446,10,126649516,chr10_126649516_A_G,0.072
10,126650696,rs11245446,10,126649723,rs6597862,0.147
10,126650696,rs11245446,10,126649727,rs11594588,0.055
10,126650696,rs11245446,10,126649746,rs11245445,0.48
10,126650696,rs11245446,10,126650065,chr10_126650065_C_T,0.073
10,126650696,rs11245446,10,126650186,rs2114834,0.153
10,126650696,rs11245446,10,126650696,rs11245446,1
10,126650696,rs11245446,10,126651259,rs72348969,0.146
10,126650696,rs11245446,10,126652173,rs150685632,0.053
10,126650696,rs11245446,10,126653022,rs75919476,0.055
10,126650696,rs11245446,10,126653789,rs6597864,0.06
10,126650696,rs11245446,10,126654184,rs1036676,0.153
10,126650696,rs11245446,10,126654536,rs4962713,0.152
10,126650696,rs11245446,10,126654643,rs4962412,0.152
10,126650696,rs11245446,10,126654898,rs4246208,0.152
10,126650696,rs11245446,10,126656226,rs76665303,0.055
10,126650696,rs11245446,10,126656459,rs147173797,0.056
10,126650696,rs11245446,10,126657015,rs7098050,0.071
10,126650696,rs11245446,10,126657015,rs7098050,0.054
10,126650696,rs11245446,10,126657654,rs58997689,0.055
10,126650696,rs11245446,10,126658075,rs11245450,0.356
10,126650696,rs11245446,10,126658893,rs10751611,0.153
10,126650696,rs11245446,10,126660781,rs3802700,0.06
10,126650696,rs11245446,10,126661361,rs76509216,0.055
10,126650696,rs11245446,10,126661428,rs11245451,0.072
10,126650696,rs11245446,10,126661677,rs77111523,0.055
10,126650696,rs11245446,10,126661723,rs963342,0.054
10,126650696,rs11245446,10,126661813,rs963341,0.055
10,126650696,rs11245446,10,126663493,rs77639289,0.058
10,126650696,rs11245446,10,126664166,rs7096822,0.144
10,126650696,rs11245446,10,126664812,rs77848246,0.054
10,126650696,rs11245446,10,126665690,rs11592480,0.054
10,126650696,rs11245446,10,126666816,chr10_126666816_A_G,0.054
10,126650696,rs11245446,10,126666991,rs78863523,0.054
10,126650696,rs11245446,10,126669076,rs66510024,0.072
10,126650696,rs11245446,10,126670356,chr10_126670356_A_G,0.073
10,126650696,rs11245446,10,126670613,rs41303609,0.072
10,126650696,rs11245446,10,126671038,rs76794014,0.054
10,126650696,rs11245446,10,126671383,rs149994549,0.054
10,126650696,rs11245446,10,126671673,rs2241541,0.072
10,126650696,rs11245446,10,126672462,rs7901168,0.06
10,126650696,rs11245446,10,126672470,rs6597867,0.06
10,126650696,rs11245446,10,126672779,rs6597869,0.059
10,126650696,rs11245446,10,126672984,rs6597870,0.059
10,126650696,rs11245446,10,126673560,chr10_126673560_A_INDEL,0.053
10,126650696,rs11245446,10,126673998,rs3906796,0.06
10,126650696,rs11245446,10,126674093,rs3845,0.153
10,126650696,rs11245446,10,126674227,rs36014858,0.06
10,126650696,rs11245446,10,126674467,rs16406,0.468
10,126650696,rs11245446,10,126674689,rs1046373,0.152
10,126650696,rs11245446,10,126675365,rs11596226,0.053
10,126650696,rs11245446,10,126675533,chr10_126675533_INDEL_TAT,0.054
10,126650696,rs11245446,10,126675534,rs200438486,0.054
10,126650696,rs11245446,10,126675545,rs36077617,0.054
10,126650696,rs11245446,10,126675550,rs201204654,0.054
10,126650696,rs11245446,10,126675551,10:126675551:T:A,0.054
10,126650696,rs11245446,10,126675645,rs17152448,0.072
10,126650696,rs11245446,10,126675759,rs35084073,0.073
10,126650696,rs11245446,10,126675931,rs138487386,0.076
10,126650696,rs11245446,10,126676637,10:126676637:GTT:GTTT,0.073
10,126650696,rs11245446,10,126676686,chr10_126676686_A_G,0.152
10,126650696,rs11245446,10,126676837,chr10_126676837_C_T,0.06
10,126650696,rs11245446,10,126677239,rs75066758,0.333
10,126650696,rs11245446,10,126679510,rs75940661,0.054
10,126650696,rs11245446,10,126679739,rs7902120,0.153
10,126650696,rs11245446,10,126680627,chr10_126680627_A_G,0.061
10,126650696,rs11245446,10,126681113,chr10_126681113_C_T,0.055
10,126650696,rs11245446,10,126681219,chr10_126681219_C_G,0.153
10,126650696,rs11245446,10,126683442,rs72828978,0.052
10,126650696,rs11245446,10,126683485,chr10_126683485_A_G,0.362
10,126650696,rs11245446,10,126683766,rs11245453,0.7
10,126650696,rs11245446,10,126683802,rs11245454,0.698
10,126650696,rs11245446,10,126683857,rs11245455,0.677
10,126650696,rs11245446,10,126684074,rs11245456,0.679
10,126650696,rs11245446,10,126684134,chr10_126684134_A_G,0.152
10,126650696,rs11245446,10,126684263,rs7899208,0.074
10,126650696,rs11245446,10,126684638,rs77356756,0.055
10,126650696,rs11245446,10,126684759,rs11321696,0.067
10,126650696,rs11245446,10,126684796,rs1061072,0.055
10,126650696,rs11245446,10,126684980,rs111984479,0.054
10,126650696,rs11245446,10,126685024,rs66682442,0.054
10,126650696,rs11245446,10,126685326,rs7912679,0.055
10,126650696,rs11245446,10,126685344,rs11245458,0.671
10,126650696,rs11245446,10,126685539,rs72828985,0.053
10,126650696,rs11245446,10,126685916,rs12414708,0.167
10,126650696,rs11245446,10,126686762,rs72828989,0.052
10,126650696,rs11245446,10,126686827,rs1982225,0.066
10,126650696,rs11245446,10,126687145,rs2289432,0.163
10,126650696,rs11245446,10,126687330,chr10_126687330_A_G,0.065
10,126650696,rs11245446,10,126687452,c10_pos126677442,0.083
10,126650696,rs11245446,10,126687528,rs4962718,0.183
10,126650696,rs11245446,10,126687613,rs72828993,0.052
10,126650696,rs11245446,10,126688047,rs12243975,0.085
10,126650696,rs11245446,10,126688200,rs12782469,0.636
10,126650696,rs11245446,10,126688370,chr10_126688370_C_T,0.098
10,126650696,rs11245446,10,126688968,chr10_126688968_C_T,0.194
10,126650696,rs11245446,10,126689249,rs11598549,0.597
10,126650696,rs11245446,10,126690383,chr10_126690383_C_T,0.188
10,126650696,rs11245446,10,126690919,rs3781442,0.186
10,126650696,rs11245446,10,126691180,rs12771627,0.584
10,126650696,rs11245446,10,126691471,rs4348846,0.082
10,126650696,rs11245446,10,126692193,rs750599,0.216
10,126650696,rs11245446,10,126692423,rs3781441,0.081
10,126650696,rs11245446,10,126692427,rs3781440,0.081
10,126650696,rs11245446,10,126692430,rs3837353,0.081
10,126650696,rs11245446,10,126693030,rs397764955,0.582
10,126650696,rs11245446,10,126693035,chr10_126693035_C_INDEL,0.573
10,126650696,rs11245446,10,126695673,rs1561589,0.376
10,126650696,rs11245446,10,126695847,chr10_126695847_C_T,0.189
10,126650696,rs11245446,10,126696496,chr10_126696496_A_G,0.218
10,126650696,rs11245446,10,126696643,rs2028398,0.376
10,126650696,rs11245446,10,126696695,rs2028397,0.376
10,126650696,rs11245446,10,126696704,rs4962719,0.376
10,126650696,rs11245446,10,126696840,rs4962720,0.576
10,126650696,rs11245446,10,126696872,rs4962416,0.576
10,126650696,rs11245446,10,126697086,rs4962418,0.333
10,126650696,rs11245446,10,126697114,rs4962419,0.575
10,126650696,rs11245446,10,126697210,rs7077275,0.332
10,126650696,rs11245446,10,126697327,rs12769019,0.576
10,126650696,rs11245446,10,126697494,rs12769682,0.576
10,126650696,rs11245446,10,126697609,rs2018366,0.178
10,126650696,rs11245446,10,126697962,chr10_126697962_A_G,0.17
10,126650696,rs11245446,10,126701445,rs11599502,0.147
10,126650696,rs11245446,10,126701450,rs144193017,0.066
10,126650696,rs11245446,10,126702049,rs12781214,0.147
10,126650696,rs11245446,10,126702698,chr10_126702698_A_T,0.065
10,126650696,rs11245446,10,126702843,chr10_126702843_A_G,0.172
10,126650696,rs11245446,10,126703215,rs3781427,0.064
10,126650696,rs11245446,10,126703349,chr10_126703349_A_G,0.174
10,126650696,rs11245446,10,126703427,rs7090603,0.145
10,126650696,rs11245446,10,126703761,chr10_126703761_C_T,0.174
10,126650696,rs11245446,10,126704345,chr10_126704345_A_G,0.145
10,126650696,rs11245446,10,126704601,rs2363895,0.174
10,126650696,rs11245446,10,126704700,rs3781424,0.17
10,126650696,rs11245446,10,126704704,rs3781423,0.071
10,126650696,rs11245446,10,126705111,chr10_126705111_C_T,0.173
10,126650696,rs11245446,10,126706991,rs11245465,0.073
10,126650696,rs11245446,10,126707126,rs11245466,0.119
10,126650696,rs11245446,10,126707881,rs10901850,0.072
10,126650696,rs11245446,10,126708021,rs145757524,0.073
10,126650696,rs11245446,10,126708059,rs11594890,0.136
10,126650696,rs11245446,10,126708194,rs3824797,0.073
10,126650696,rs11245446,10,126708783,chr10_126708783_A_T,0.182
10,126650696,rs11245446,10,126709703,chr10_126709703_A_G,0.169
10,126650696,rs11245446,10,126710653,rs4962420,0.167
10,126650696,rs11245446,10,126710654,rs4109292,0.16
10,126650696,rs11245446,10,126711050,rs3781419,0.09
10,126650696,rs11245446,10,126711516,chr10_126711516_C_T,0.16
10,126650696,rs11245446,10,126711633,rs7073257,0.164
10,126650696,rs11245446,10,126711691,chr10_126711691_C_T,0.128
10,126650696,rs11245446,10,126712428,rs3781416,0.162
10,126650696,rs11245446,10,126712615,chr10_126712615_A_G,0.155
10,126650696,rs11245446,10,126712694,chr10_126712694_C_T,0.063
10,126650696,rs11245446,10,126712781,chr10_126712781_A_G,0.126
10,126650696,rs11245446,10,126713714,rs55905611,0.052
10,126650696,rs11245446,10,126713807,rs11245469,0.162
10,126650696,rs11245446,10,126714166,chr10_126714166_C_T,0.162
10,126650696,rs11245446,10,126714200,chr10_126714200_A_G,0.152
10,126650696,rs11245446,10,126714714,exm863393,0.151
10,126650696,rs11245446,10,126714966,rs3012075,0.152
10,126650696,rs11245446,10,126715154,rs3781412,0.053
10,126650696,rs11245446,10,126715629,rs3781409,0.163
10,126650696,rs11245446,10,126716346,rs2938006,0.152
10,126650696,rs11245446,10,126716847,rs2938005,0.131
10,126650696,rs11245446,10,126716870,rs3012067,0.131
10,126650696,rs11245446,10,126717814,rs34949118,0.057
10,126650696,rs11245446,10,126718321,chr10_126718321_G_INDEL,0.163
10,126650696,rs11245446,10,126718350,chr10_126718350_C_T,0.131
10,126650696,rs11245446,10,126719263,chr10_126719263_C_G,0.162
10,126650696,rs11245446,10,126719360,chr10_126719360_C_G,0.131
10,126650696,rs11245446,10,126719576,rs2919286,0.132
10,126650696,rs11245446,10,126719590,rs68043390,0.131
10,126650696,rs11245446,10,126719704,rs2949369,0.131
10,126650696,rs11245446,10,126719833,rs2913113,0.131
10,126650696,rs11245446,10,126720288,rs2938001,0.13
10,126650696,rs11245446,10,126720319,rs7920614,0.061
10,126650696,rs11245446,10,126720673,rs2913112,0.131
10,126650696,rs11245446,10,126720788,chr10_126720788_C_T,0.161
10,126650696,rs11245446,10,126720917,rs7081189,0.056
10,126650696,rs11245446,10,126720951,rs12761407,0.057
10,126650696,rs11245446,10,126721261,rs35060373,0.056
10,126650696,rs11245446,10,126721441,rs2839737,0.13
10,126650696,rs11245446,10,126721685,rs1561586,0.13
10,126650696,rs11245446,10,126721954,chr10_126721954_C_T,0.13
10,126650696,rs11245446,10,126722170,rs74163317,0.056
10,126650696,rs11245446,10,126722494,rs2913111,0.131
10,126650696,rs11245446,10,126722535,chr10_126722535_A_G,0.13
10,126650696,rs11245446,10,126722650,chr10_126722650_A_C,0.16
10,126650696,rs11245446,10,126722814,rs876147,0.056
10,126650696,rs11245446,10,126723133,rs1077497,0.056
10,126650696,rs11245446,10,126724670,rs12255887,0.057
10,126650696,rs11245446,10,126724796,chr10_126724796_C_G,0.153
10,126650696,rs11245446,10,126724927,rs4962421,0.154
10,126650696,rs11245446,10,126725076,rs57551359,0.126
10,126650696,rs11245446,10,126725553,rs3781396,0.098
10,126650696,rs11245446,10,126726080,rs2949368,0.122
10,126650696,rs11245446,10,126726335,rs2937999,0.122
10,126650696,rs11245446,10,126726827,chr10_126726827_A_G,0.15
10,126650696,rs11245446,10,126726885,rs3781394,0.056
10,126650696,rs11245446,10,126727353,chr10_126727353_G_T,0.096
10,126650696,rs11245446,10,126728195,chr10_126728195_C_T,0.15
10,126650696,rs11245446,10,126728286,rs11245480,0.096
10,126650696,rs11245446,10,126728403,chr10_126728403_A_G,0.122
10,126650696,rs11245446,10,126728522,chr10_126728522_C_G,0.148
10,126650696,rs11245446,10,126728880,rs4962422,0.153
10,126650696,rs11245446,10,126729168,rs71486508,0.18
10,126650696,rs11245446,10,126730086,rs4962423,0.149
10,126650696,rs11245446,10,126730214,chr10_126730214_A_T,0.093
10,126650696,rs11245446,10,126730491,rs2935653,0.12
10,126650696,rs11245446,10,126731459,rs10642339,0.122
10,126650696,rs11245446,10,126731736,rs2936546,0.123
10,126650696,rs11245446,10,126732558,chr10_126732558_A_G,0.153
10,126650696,rs11245446,10,126732898,rs60049061,0.076
10,126650696,rs11245446,10,126732932,chr10_126732932_C_T,0.075
10,126650696,rs11245446,10,126733015,10:126733015:A:AACAG,0.207
10,126650696,rs11245446,10,126733319,rs4962724,0.15
10,126650696,rs11245446,10,126733321,chr10_126733321_C_T,0.175
10,126650696,rs11245446,10,126733546,chr10_126733546_C_T,0.062
10,126650696,rs11245446,10,126733643,chr10_126733643_C_T,0.148
10,126650696,rs11245446,10,126733722,rs12242908,0.058
10,126650696,rs11245446,10,126733746,chr10_126733746_C_T,0.057
10,126650696,rs11245446,10,126733978,rs2949371,0.122
10,126650696,rs11245446,10,126734000,rs35126176,0.059
10,126650696,rs11245446,10,126734115,rs2949372,0.121
10,126650696,rs11245446,10,126734678,rs35665159,0.057
10,126650696,rs11245446,10,126734956,rs75196297,0.058
10,126650696,rs11245446,10,126736876,chr10_126736876_C_T,0.055
10,126650696,rs11245446,10,126737234,chr10_126737234_C_G,0.057
10,126650696,rs11245446,10,126737579,rs3012065,0.384
10,126650696,rs11245446,10,126737687,rs535374548,0.365
10,126650696,rs11245446,10,126737997,rs3012066,0.377
10,126650696,rs11245446,10,126738444,chr10_126738444_C_T,0.275
10,126650696,rs11245446,10,126738533,chr10_126738533_A_T,0.169
10,126650696,rs11245446,10,126738634,rs34090464,0.278
10,126650696,rs11245446,10,126739149,chr10_126739149_A_G,0.12
10,126650696,rs11245446,10,126739338,chr10_126739338_C_T,0.136
10,126696872,rs4962416,10,126572104,rs11245403,0.051
10,126696872,rs4962416,10,126572454,rs11245404,0.052
10,126696872,rs4962416,10,126572559,rs148927235,0.051
10,126696872,rs4962416,10,126572612,rs57023343,0.059
10,126696872,rs4962416,10,126572654,rs11245405,0.052
10,126696872,rs4962416,10,126572672,rs11245406,0.052
10,126696872,rs4962416,10,126572693,rs11245407,0.052
10,126696872,rs4962416,10,126572728,rs10901833,0.054
10,126696872,rs4962416,10,126572860,rs12355063,0.052
10,126696872,rs4962416,10,126575210,rs12247671,0.052
10,126696872,rs4962416,10,126575849,rs17708789,0.053
10,126696872,rs4962416,10,126576087,rs144501775,0.054
10,126696872,rs4962416,10,126576308,rs1863829,0.077
10,126696872,rs4962416,10,126576503,rs7923382,0.056
10,126696872,rs4962416,10,126576687,rs72350326,0.057
10,126696872,rs4962416,10,126581842,rs61872117,0.05
10,126696872,rs4962416,10,126581925,rs1896530,0.067
10,126696872,rs4962416,10,126582160,rs35186116,0.515
10,126696872,rs4962416,10,126582577,rs76454435,0.054
10,126696872,rs4962416,10,126582635,rs11245414,0.072
10,126696872,rs4962416,10,126582653,rs7895425,0.053
10,126696872,rs4962416,10,126583640,rs17151676,0.054
10,126696872,rs4962416,10,126584445,rs144060970,0.066
10,126696872,rs4962416,10,126587488,rs72828935,0.519
10,126696872,rs4962416,10,126589139,rs72828938,0.306
10,126696872,rs4962416,10,126589712,rs10901835,0.102
10,126696872,rs4962416,10,126590319,chr10_126590319_C_T,0.159
10,126696872,rs4962416,10,126591162,rs11296142,0.069
10,126696872,rs4962416,10,126592522,rs7081640,0.069
10,126696872,rs4962416,10,126593774,rs1807099,0.05
10,126696872,rs4962416,10,126594014,rs1863828,0.05
10,126696872,rs4962416,10,126594048,rs2364522,0.05
10,126696872,rs4962416,10,126594078,rs17636031,0.522
10,126696872,rs4962416,10,126594152,rs733402,0.05
10,126696872,rs4962416,10,126594158,rs733401,0.05
10,126696872,rs4962416,10,126594340,rs733400,0.05
10,126696872,rs4962416,10,126594360,rs5788683,0.101
10,126696872,rs4962416,10,126594892,rs10736892,0.102
10,126696872,rs4962416,10,126595993,rs66857611,0.175
10,126696872,rs4962416,10,126596376,chr10_126596376_C_G,0.304
10,126696872,rs4962416,10,126596425,chr10_126596425_C_T,0.062
10,126696872,rs4962416,10,126597696,rs7078652,0.097
10,126696872,rs4962416,10,126602927,rs144692293,0.05
10,126696872,rs4962416,10,126603231,rs10794190,0.101
10,126696872,rs4962416,10,126605316,rs12761149,0.101
10,126696872,rs4962416,10,126609647,rs7099073,0.101
10,126696872,rs4962416,10,126611155,rs7070792,0.1
10,126696872,rs4962416,10,126616038,rs1065301,0.053
10,126696872,rs4962416,10,126616467,rs60705217,0.097
10,126696872,rs4962416,10,126617169,chr10_126617169_C_T,0.305
10,126696872,rs4962416,10,126618620,rs12265337,0.101
10,126696872,rs4962416,10,126621489,rs4962709,0.321
10,126696872,rs4962416,10,126623542,rs10901838,0.101
10,126696872,rs4962416,10,126628541,rs34091022,0.102
10,126696872,rs4962416,10,126629608,chr10_126629608_A_G,0.111
10,126696872,rs4962416,10,126629701,rs11245438,0.102
10,126696872,rs4962416,10,126630015,rs12220260,0.102
10,126696872,rs4962416,10,126632386,chr10_126632386_A_C,0.101
10,126696872,rs4962416,10,126635262,rs10901842,0.102
10,126696872,rs4962416,10,126638018,rs67281229,0.105
10,126696872,rs4962416,10,126638020,rs10901843,0.05
10,126696872,rs4962416,10,126638226,rs7092008,0.05
10,126696872,rs4962416,10,126640936,rs67609008,0.522
10,126696872,rs4962416,10,126644482,rs4962711,0.102
10,126696872,rs4962416,10,126645140,rs7079521,0.102
10,126696872,rs4962416,10,126645231,rs12355869,0.05
10,126696872,rs4962416,10,126646271,rs10901846,0.098
10,126696872,rs4962416,10,126647052,rs4962712,0.102
10,126696872,rs4962416,10,126649007,rs17152408,0.05
10,126696872,rs4962416,10,126649723,rs6597862,0.098
10,126696872,rs4962416,10,126649746,rs11245445,0.323
10,126696872,rs4962416,10,126650065,chr10_126650065_C_T,0.05
10,126696872,rs4962416,10,126650186,rs2114834,0.102
10,126696872,rs4962416,10,126650696,rs11245446,0.576
10,126696872,rs4962416,10,126651259,rs72348969,0.097
10,126696872,rs4962416,10,126654184,rs1036676,0.102
10,126696872,rs4962416,10,126654536,rs4962713,0.101
10,126696872,rs4962416,10,126654643,rs4962412,0.101
10,126696872,rs4962416,10,126654898,rs4246208,0.101
10,126696872,rs4962416,10,126658075,rs11245450,0.188
10,126696872,rs4962416,10,126658893,rs10751611,0.102
10,126696872,rs4962416,10,126664166,rs7096822,0.097
10,126696872,rs4962416,10,126670356,chr10_126670356_A_G,0.05
10,126696872,rs4962416,10,126674093,rs3845,0.102
10,126696872,rs4962416,10,126674467,rs16406,0.314
10,126696872,rs4962416,10,126674689,rs1046373,0.101
10,126696872,rs4962416,10,126675645,rs17152448,0.05
10,126696872,rs4962416,10,126675759,rs35084073,0.05
10,126696872,rs4962416,10,126675931,rs138487386,0.052
10,126696872,rs4962416,10,126676637,10:126676637:GTT:GTTT,0.051
10,126696872,rs4962416,10,126676686,chr10_126676686_A_G,0.102
10,126696872,rs4962416,10,126677239,rs75066758,0.203
10,126696872,rs4962416,10,126679739,rs7902120,0.103
10,126696872,rs4962416,10,126681219,chr10_126681219_C_G,0.096
10,126696872,rs4962416,10,126683485,chr10_126683485_A_G,0.339
10,126696872,rs4962416,10,126683766,rs11245453,0.633
10,126696872,rs4962416,10,126683802,rs11245454,0.632
10,126696872,rs4962416,10,126683857,rs11245455,0.657
10,126696872,rs4962416,10,126684074,rs11245456,0.615
10,126696872,rs4962416,10,126684134,chr10_126684134_A_G,0.168
10,126696872,rs4962416,10,126684759,rs11321696,0.053
10,126696872,rs4962416,10,126685344,rs11245458,0.663
10,126696872,rs4962416,10,126685916,rs12414708,0.286
10,126696872,rs4962416,10,126686827,rs1982225,0.054
10,126696872,rs4962416,10,126687145,rs2289432,0.135
10,126696872,rs4962416,10,126687330,chr10_126687330_A_G,0.054
10,126696872,rs4962416,10,126687452,c10_pos126677442,0.071
10,126696872,rs4962416,10,126687528,rs4962718,0.154
10,126696872,rs4962416,10,126688047,rs12243975,0.074
10,126696872,rs4962416,10,126688200,rs12782469,0.924
10,126696872,rs4962416,10,126688370,chr10_126688370_C_T,0.235
10,126696872,rs4962416,10,126688968,chr10_126688968_C_T,0.382
10,126696872,rs4962416,10,126689249,rs11598549,0.919
10,126696872,rs4962416,10,126690383,chr10_126690383_C_T,0.413
10,126696872,rs4962416,10,126690919,rs3781442,0.413
10,126696872,rs4962416,10,126691180,rs12771627,0.984
10,126696872,rs4962416,10,126691471,rs4348846,0.076
10,126696872,rs4962416,10,126692193,rs750599,0.461
10,126696872,rs4962416,10,126692423,rs3781441,0.075
10,126696872,rs4962416,10,126692427,rs3781440,0.075
10,126696872,rs4962416,10,126692430,rs3837353,0.075
10,126696872,rs4962416,10,126693030,rs397764955,0.991
10,126696872,rs4962416,10,126693035,chr10_126693035_C_INDEL,0.991
10,126696872,rs4962416,10,126695673,rs1561589,0.699
10,126696872,rs4962416,10,126695847,chr10_126695847_C_T,0.427
10,126696872,rs4962416,10,126696496,chr10_126696496_A_G,0.474
10,126696872,rs4962416,10,126696643,rs2028398,0.701
10,126696872,rs4962416,10,126696695,rs2028397,0.702
10,126696872,rs4962416,10,126696704,rs4962719,0.702
10,126696872,rs4962416,10,126696840,rs4962720,1
10,126696872,rs4962416,10,126696872,rs4962416,1
10,126696872,rs4962416,10,126697086,rs4962418,0.651
10,126696872,rs4962416,10,126697114,rs4962419,0.996
10,126696872,rs4962416,10,126697210,rs7077275,0.65
10,126696872,rs4962416,10,126697327,rs12769019,0.998
10,126696872,rs4962416,10,126697494,rs12769682,0.998
10,126696872,rs4962416,10,126697609,rs2018366,0.34
10,126696872,rs4962416,10,126697962,chr10_126697962_A_G,0.325
10,126696872,rs4962416,10,126701445,rs11599502,0.262
10,126696872,rs4962416,10,126701450,rs144193017,0.169
10,126696872,rs4962416,10,126702049,rs12781214,0.261
10,126696872,rs4962416,10,126702698,chr10_126702698_A_T,0.168
10,126696872,rs4962416,10,126702843,chr10_126702843_A_G,0.33
10,126696872,rs4962416,10,126703215,rs3781427,0.166
10,126696872,rs4962416,10,126703349,chr10_126703349_A_G,0.332
10,126696872,rs4962416,10,126703427,rs7090603,0.258
10,126696872,rs4962416,10,126703761,chr10_126703761_C_T,0.332
10,126696872,rs4962416,10,126704345,chr10_126704345_A_G,0.257
10,126696872,rs4962416,10,126704601,rs2363895,0.331
10,126696872,rs4962416,10,126704700,rs3781424,0.327
10,126696872,rs4962416,10,126704704,rs3781423,0.184
10,126696872,rs4962416,10,126705111,chr10_126705111_C_T,0.331
10,126696872,rs4962416,10,126706991,rs11245465,0.187
10,126696872,rs4962416,10,126707126,rs11245466,0.252
10,126696872,rs4962416,10,126707881,rs10901850,0.186
10,126696872,rs4962416,10,126708021,rs145757524,0.187
10,126696872,rs4962416,10,126708059,rs11594890,0.235
10,126696872,rs4962416,10,126708194,rs3824797,0.186
10,126696872,rs4962416,10,126708783,chr10_126708783_A_T,0.414
10,126696872,rs4962416,10,126709703,chr10_126709703_A_G,0.336
10,126696872,rs4962416,10,126710653,rs4962420,0.334
10,126696872,rs4962416,10,126710654,rs4109292,0.383
10,126696872,rs4962416,10,126711050,rs3781419,0.154
10,126696872,rs4962416,10,126711516,chr10_126711516_C_T,0.321
10,126696872,rs4962416,10,126711633,rs7073257,0.327
10,126696872,rs4962416,10,126711691,chr10_126711691_C_T,0.27
10,126696872,rs4962416,10,126712428,rs3781416,0.326
10,126696872,rs4962416,10,126712615,chr10_126712615_A_G,0.373
10,126696872,rs4962416,10,126712694,chr10_126712694_C_T,0.108
10,126696872,rs4962416,10,126712781,chr10_126712781_A_G,0.268
10,126696872,rs4962416,10,126713714,rs55905611,0.156
10,126696872,rs4962416,10,126713807,rs11245469,0.325
10,126696872,rs4962416,10,126714166,chr10_126714166_C_T,0.324
10,126696872,rs4962416,10,126714200,chr10_126714200_A_G,0.367
10,126696872,rs4962416,10,126714714,exm863393,0.366
10,126696872,rs4962416,10,126714966,rs3012075,0.368
10,126696872,rs4962416,10,126715154,rs3781412,0.158
10,126696872,rs4962416,10,126715629,rs3781409,0.327
10,126696872,rs4962416,10,126716346,rs2938006,0.367
10,126696872,rs4962416,10,126716847,rs2938005,0.333
10,126696872,rs4962416,10,126716870,rs3012067,0.333
10,126696872,rs4962416,10,126717814,rs34949118,0.149
10,126696872,rs4962416,10,126718321,chr10_126718321_G_INDEL,0.326
10,126696872,rs4962416,10,126718350,chr10_126718350_C_T,0.332
10,126696872,rs4962416,10,126719263,chr10_126719263_C_G,0.326
10,126696872,rs4962416,10,126719360,chr10_126719360_C_G,0.332
10,126696872,rs4962416,10,126719576,rs2919286,0.332
10,126696872,rs4962416,10,126719590,rs68043390,0.333
10,126696872,rs4962416,10,126719704,rs2949369,0.333
10,126696872,rs4962416,10,126719833,rs2913113,0.332
10,126696872,rs4962416,10,126720288,rs2938001,0.332
10,126696872,rs4962416,10,126720319,rs7920614,0.105
10,126696872,rs4962416,10,126720673,rs2913112,0.332
10,126696872,rs4962416,10,126720788,chr10_126720788_C_T,0.323
10,126696872,rs4962416,10,126720917,rs7081189,0.099
10,126696872,rs4962416,10,126720951,rs12761407,0.099
10,126696872,rs4962416,10,126721261,rs35060373,0.099
10,126696872,rs4962416,10,126721441,rs2839737,0.332
10,126696872,rs4962416,10,126721685,rs1561586,0.33
10,126696872,rs4962416,10,126721954,chr10_126721954_C_T,0.33
10,126696872,rs4962416,10,126722170,rs74163317,0.099
10,126696872,rs4962416,10,126722494,rs2913111,0.332
10,126696872,rs4962416,10,126722535,chr10_126722535_A_G,0.331
10,126696872,rs4962416,10,126722650,chr10_126722650_A_C,0.322
10,126696872,rs4962416,10,126722814,rs876147,0.099
10,126696872,rs4962416,10,126723133,rs1077497,0.099
10,126696872,rs4962416,10,126724670,rs12255887,0.099
10,126696872,rs4962416,10,126724796,chr10_126724796_C_G,0.316
10,126696872,rs4962416,10,126724927,rs4962421,0.316
10,126696872,rs4962416,10,126725076,rs57551359,0.319
10,126696872,rs4962416,10,126725553,rs3781396,0.221
10,126696872,rs4962416,10,126726080,rs2949368,0.319
10,126696872,rs4962416,10,126726335,rs2937999,0.318
10,126696872,rs4962416,10,126726558,chr10_126726558_C_G,0.157
10,126696872,rs4962416,10,126726827,chr10_126726827_A_G,0.309
10,126696872,rs4962416,10,126726885,rs3781394,0.098
10,126696872,rs4962416,10,126727353,chr10_126727353_G_T,0.218
10,126696872,rs4962416,10,126728195,chr10_126728195_C_T,0.308
10,126696872,rs4962416,10,126728286,rs11245480,0.219
10,126696872,rs4962416,10,126728403,chr10_126728403_A_G,0.318
10,126696872,rs4962416,10,126728522,chr10_126728522_C_G,0.304
10,126696872,rs4962416,10,126728880,rs4962422,0.313
10,126696872,rs4962416,10,126729168,rs71486508,0.414
10,126696872,rs4962416,10,126730086,rs4962423,0.305
10,126696872,rs4962416,10,126730214,chr10_126730214_A_T,0.211
10,126696872,rs4962416,10,126730491,rs2935653,0.31
10,126696872,rs4962416,10,126731459,rs10642339,0.302
10,126696872,rs4962416,10,126731736,rs2936546,0.303
10,126696872,rs4962416,10,126732558,chr10_126732558_A_G,0.296
10,126696872,rs4962416,10,126732898,rs60049061,0.194
10,126696872,rs4962416,10,126732932,chr10_126732932_C_T,0.13
10,126696872,rs4962416,10,126733015,10:126733015:A:AACAG,0.412
10,126696872,rs4962416,10,126733319,rs4962724,0.293
10,126696872,rs4962416,10,126733321,chr10_126733321_C_T,0.355
10,126696872,rs4962416,10,126733546,chr10_126733546_C_T,0.163
10,126696872,rs4962416,10,126733643,chr10_126733643_C_T,0.29
10,126696872,rs4962416,10,126733722,rs12242908,0.101
10,126696872,rs4962416,10,126733746,chr10_126733746_C_T,0.099
10,126696872,rs4962416,10,126733978,rs2949371,0.301
10,126696872,rs4962416,10,126734000,rs35126176,0.101
10,126696872,rs4962416,10,126734115,rs2949372,0.301
10,126696872,rs4962416,10,126734678,rs35665159,0.099
10,126696872,rs4962416,10,126734956,rs75196297,0.1
10,126696872,rs4962416,10,126736876,chr10_126736876_C_T,0.097
10,126696872,rs4962416,10,126737234,chr10_126737234_C_G,0.099
10,126696872,rs4962416,10,126737579,rs3012065,0.675
10,126696872,rs4962416,10,126737687,rs535374548,0.648
10,126696872,rs4962416,10,126737997,rs3012066,0.666
10,126696872,rs4962416,10,126738444,chr10_126738444_C_T,0.508
10,126696872,rs4962416,10,126738533,chr10_126738533_A_T,0.367
10,126696872,rs4962416,10,126738634,rs34090464,0.514
10,126696872,rs4962416,10,126739149,chr10_126739149_A_G,0.162
10,126696872,rs4962416,10,126739338,chr10_126739338_C_T,0.165
