CHR_A,BP_A,SNP_A,CHR_B,BP_B,SNP_B,R2
19,38735480,rs8102454,19,38505184,rs200255056,0.052
19,38735480,rs8102454,19,38514318,chr19_38514318_A_G,0.118
19,38735480,rs8102454,19,38532691,rs1654374,0.065
19,38735480,rs8102454,19,38532868,rs1725515,0.065
19,38735480,rs8102454,19,38534008,rs1725516,0.065
19,38735480,rs8102454,19,38534024,rs1725517,0.065
19,38735480,rs8102454,19,38534035,rs1725518,0.065
19,38735480,rs8102454,19,38534477,chr19_38534477_A_G,0.064
19,38735480,rs8102454,19,38535008,chr19_38535008_C_G,0.064
19,38735480,rs8102454,19,38536065,rs7256656,0.064
19,38735480,rs8102454,19,38536353,rs1654338,0.064
19,38735480,rs8102454,19,38536525,chr19_38536525_C_G,0.066
19,38735480,rs8102454,19,38537225,chr19_38537225_A_G,0.064
19,38735480,rs8102454,19,38538799,chr19_38538799_A_G,0.065
19,38735480,rs8102454,19,38539706,rs1654340,0.065
19,38735480,rs8102454,19,38539732,rs1725459,0.064
19,38735480,rs8102454,19,38539988,rs734204,0.065
19,38735480,rs8102454,19,38540412,rs1725460,0.065
19,38735480,rs8102454,19,38541031,rs67888223,0.065
19,38735480,rs8102454,19,38541593,rs1616705,0.068
19,38735480,rs8102454,19,38541690,rs1725463,0.068
19,38735480,rs8102454,19,38542003,rs1620082,0.068
19,38735480,rs8102454,19,38542267,rs1725464,0.068
19,38735480,rs8102454,19,38542894,rs1618385,0.068
19,38735480,rs8102454,19,38543077,rs1654342,0.068
19,38735480,rs8102454,19,38543462,rs7249241,0.068
19,38735480,rs8102454,19,38543495,rs941036,0.068
19,38735480,rs8102454,19,38543626,rs941037,0.068
19,38735480,rs8102454,19,38543903,rs1725467,0.068
19,38735480,rs8102454,19,38544386,rs8106776,0.068
19,38735480,rs8102454,19,38544967,rs5022085,0.068
19,38735480,rs8102454,19,38544972,rs5022086,0.068
19,38735480,rs8102454,19,38545033,rs7256480,0.068
19,38735480,rs8102454,19,38545052,rs6508761,0.068
19,38735480,rs8102454,19,38545059,rs6508762,0.068
19,38735480,rs8102454,19,38545103,rs7256804,0.068
19,38735480,rs8102454,19,38545238,rs7256626,0.068
19,38735480,rs8102454,19,38545275,rs11300829,0.068
19,38735480,rs8102454,19,38545560,rs10421137,0.068
19,38735480,rs8102454,19,38546154,rs1654344,0.069
19,38735480,rs8102454,19,38546158,rs1725505,0.07
19,38735480,rs8102454,19,38662881,rs11672555,0.06
19,38735480,rs8102454,19,38673134,chr19_38673134_INDEL_T,0.054
19,38735480,rs8102454,19,38686037,rs9653106,0.059
19,38735480,rs8102454,19,38705928,rs12984978,0.05
19,38735480,rs8102454,19,38708398,rs2304175,0.052
19,38735480,rs8102454,19,38709568,rs2255456,0.053
19,38735480,rs8102454,19,38712919,chr19_38712919_C_T,0.124
19,38735480,rs8102454,19,38713696,rs2278435,0.087
19,38735480,rs8102454,19,38715814,rs12978169,0.078
19,38735480,rs8102454,19,38715972,rs12978031,0.08
19,38735480,rs8102454,19,38716529,rs59920484,0.065
19,38735480,rs8102454,19,38717180,rs12973734,0.15
19,38735480,rs8102454,19,38717264,chr19_38717264_A_G,0.15
19,38735480,rs8102454,19,38717378,rs7253473,0.15
19,38735480,rs8102454,19,38717758,rs8108197,0.151
19,38735480,rs8102454,19,38719007,rs2384781,0.151
19,38735480,rs8102454,19,38719302,rs8101485,0.151
19,38735480,rs8102454,19,38721268,19:38721268:AAAGAG:A,0.154
19,38735480,rs8102454,19,38721682,rs7256364,0.154
19,38735480,rs8102454,19,38723182,rs8109991,0.155
19,38735480,rs8102454,19,38725030,rs8103692,0.376
19,38735480,rs8102454,19,38725079,rs8104572,0.212
19,38735480,rs8102454,19,38725344,rs10408973,0.252
19,38735480,rs8102454,19,38725416,chr19_38725416_C_T,0.165
19,38735480,rs8102454,19,38725547,chr19_38725547_A_T,0.272
19,38735480,rs8102454,19,38725570,chr19_38725570_A_G,0.105
19,38735480,rs8102454,19,38725859,rs12974417,0.562
19,38735480,rs8102454,19,38726076,rs7253820,0.432
19,38735480,rs8102454,19,38727640,chr19_38727640_A_T,0.607
19,38735480,rs8102454,19,38728214,rs1036233,0.187
19,38735480,rs8102454,19,38731662,rs7246060,0.219
19,38735480,rs8102454,19,38732391,rs35705212,0.164
19,38735480,rs8102454,19,38732583,rs57822461,0.254
19,38735480,rs8102454,19,38733453,rs58993215,0.404
19,38735480,rs8102454,19,38733643,rs4802295,0.145
19,38735480,rs8102454,19,38735040,rs35131833,0.417
19,38735480,rs8102454,19,38735309,rs58749430,0.29
19,38735480,rs8102454,19,38735458,chr19_38735459_AATC_INDEL,0.289
19,38735480,rs8102454,19,38735480,rs8102454,1
19,38735480,rs8102454,19,38735586,chr19_38735586_A_G,0.289
19,38735480,rs8102454,19,38735613,rs8102476,0.999
19,38735480,rs8102454,19,38735804,rs11667256,0.813
19,38735480,rs8102454,19,38736485,rs35946591,0.365
19,38735480,rs8102454,19,38737259,rs74392510,0.289
19,38735480,rs8102454,19,38737632,rs113417040,0.291
19,38735480,rs8102454,19,38738130,rs4802297,0.82
19,38735480,rs8102454,19,38739995,rs11083449,0.343
19,38735480,rs8102454,19,38740183,rs12975244,0.154
19,38735480,rs8102454,19,38740336,rs4803922,0.342
19,38735480,rs8102454,19,38740925,rs12981216,0.998
19,38735480,rs8102454,19,38742846,rs12983492,0.153
19,38735480,rs8102454,19,38743371,rs55997240,0.29
19,38735480,rs8102454,19,38743962,rs12976534,0.82
19,38735480,rs8102454,19,38744385,rs58363960,0.291
19,38735480,rs8102454,19,38744733,rs12610267,0.819
19,38735480,rs8102454,19,38746037,rs74999202,0.289
19,38735480,rs8102454,19,38746272,rs12611084,0.805
19,38735480,rs8102454,19,38746567,rs4803934,0.817
19,38735480,rs8102454,19,38747117,rs8100395,0.817
19,38735480,rs8102454,19,38747272,rs7247241,0.817
19,38735480,rs8102454,19,38747449,rs10652797,0.94
19,38735480,rs8102454,19,38748270,rs12981507,0.363
19,38735480,rs8102454,19,38748684,rs71165528,0.868
19,38735480,rs8102454,19,38748913,rs11668070,0.813
19,38735480,rs8102454,19,38749329,rs191802031,0.349
19,38735480,rs8102454,19,38749390,rs112048422,0.155
19,38735480,rs8102454,19,38750100,rs34582151,0.989
19,38735480,rs8102454,19,38752266,rs75320625,0.287
19,38735480,rs8102454,19,38752498,rs34292467,0.358
19,38735480,rs8102454,19,38753062,rs76649675,0.332
19,38735480,rs8102454,19,38753625,rs7250689,0.804
19,38735480,rs8102454,19,38753676,chr19_38753676_A_C,0.15
19,38735480,rs8102454,19,38753786,chr19_38753786_G_T,0.15
19,38735480,rs8102454,19,38754239,rs11083450,0.804
19,38735480,rs8102454,19,38754246,rs34364613,0.11
19,38735480,rs8102454,19,38754948,rs17554832,0.15
19,38735480,rs8102454,19,38754988,rs17554839,0.15
19,38735480,rs8102454,19,38754994,rs17526154,0.16
19,38735480,rs8102454,19,38755092,rs17526168,0.15
19,38735480,rs8102454,19,38755406,rs1046773,0.15
19,38735480,rs8102454,19,38755864,chr19_38755864_C_T,0.15
19,38735480,rs8102454,19,38756089,chr19_38756089_C_G,0.353
19,38735480,rs8102454,19,38757012,rs56219560,0.149
19,38735480,rs8102454,19,38757121,rs55978203,0.149
19,38735480,rs8102454,19,38757315,rs5828007,0.786
19,38735480,rs8102454,19,38757790,chr19_38757790_A_G,0.115
19,38735480,rs8102454,19,38758140,chr19_38758140_A_G,0.078
19,38735480,rs8102454,19,38758471,chr19_38758471_A_G,0.196
19,38735480,rs8102454,19,38758752,chr19_38758752_C_T,0.194
19,38735480,rs8102454,19,38759103,chr19_38759103_C_T,0.196
19,38735480,rs8102454,19,38759180,chr19_38759180_C_T,0.565
19,38735480,rs8102454,19,38759404,rs4803964,0.272
19,38735480,rs8102454,19,38759406,rs3222973,0.558
19,38735480,rs8102454,19,38761163,chr19_38761163_C_T,0.111
19,38735480,rs8102454,19,38761732,chr19_38761732_C_INDEL,0.47
19,38735480,rs8102454,19,38761733,rs3786878,0.473
19,38735480,rs8102454,19,38761737,rs12610871,0.147
19,38735480,rs8102454,19,38763005,chr19_38763005_A_G,0.471
19,38735480,rs8102454,19,38763140,rs41465446,0.157
19,38735480,rs8102454,19,38765072,rs8101725,0.47
19,38735480,rs8102454,19,38765452,rs56121369,0.07
19,38735480,rs8102454,19,38765660,chr19_38765660_A_C,0.469
19,38735480,rs8102454,19,38765822,rs12610606,0.069
19,38735480,rs8102454,19,38766057,rs34508901,0.07
19,38735480,rs8102454,19,38766372,rs61301633,0.07
19,38735480,rs8102454,19,38766373,rs7251987,0.083
19,38735480,rs8102454,19,38767110,rs2891600,0.469
19,38735480,rs8102454,19,38768108,rs7245454,0.07
19,38735480,rs8102454,19,38769846,rs35501271,0.117
19,38735480,rs8102454,19,38769994,rs36035956,0.432
19,38735480,rs8102454,19,38771083,chr19_38771083_C_T,0.154
19,38735480,rs8102454,19,38771175,chr19_38771175_A_G,0.115
19,38735480,rs8102454,19,38771366,chr19_38771366_G_INDEL,0.069
19,38735480,rs8102454,19,38771367,chr19_38771368_GTC_INDEL,0.07
19,38735480,rs8102454,19,38771917,rs73037326,0.071
19,38735480,rs8102454,19,38772077,rs12609354,0.112
19,38735480,rs8102454,19,38772481,rs12611009,0.469
19,38735480,rs8102454,19,38772978,chr19_38772978_C_T,0.07
19,38735480,rs8102454,19,38773066,chr19_38773066_C_T,0.115
19,38735480,rs8102454,19,38773522,rs3826896,0.47
19,38735480,rs8102454,19,38773966,chr19_38773966_A_G,0.47
19,38735480,rs8102454,19,38774622,rs2060244,0.147
19,38735480,rs8102454,19,38774664,rs74849555,0.155
19,38735480,rs8102454,19,38777147,rs8101185,0.433
19,38735480,rs8102454,19,38777309,rs76499875,0.154
19,38735480,rs8102454,19,38777371,rs8101462,0.469
19,38735480,rs8102454,19,38777437,chr19_38777437_A_G,0.469
19,38735480,rs8102454,19,38777726,rs34565749,0.469
19,38735480,rs8102454,19,38777752,rs141488385,0.114
19,38735480,rs8102454,19,38778079,rs8105067,0.469
19,38735480,rs8102454,19,38778617,chr19_38778617_A_G,0.113
19,38735480,rs8102454,19,38778915,rs1006140,0.469
19,38735480,rs8102454,19,38779912,rs3745949,0.146
19,38735480,rs8102454,19,38780067,rs3745950,0.154
19,38735480,rs8102454,19,38783581,rs1821284,0.198
19,38735480,rs8102454,19,38784445,rs7254637,0.071
19,38735480,rs8102454,19,38784550,rs7253823,0.071
19,38735480,rs8102454,19,38784917,rs4802323,0.074
19,38735480,rs8102454,19,38785094,chr19_38785094_A_C,0.196
19,38735480,rs8102454,19,38785318,chr19_38785318_A_C,0.07
19,38735480,rs8102454,19,38785674,rs6508782,0.112
19,38735480,rs8102454,19,38785981,rs142816774,0.113
19,38735480,rs8102454,19,38787120,rs35366094,0.07
19,38735480,rs8102454,19,38787706,rs34276782,0.069
19,38735480,rs8102454,19,38787728,chr19_38787728_C_T,0.069
19,38735480,rs8102454,19,38787965,rs4803999,0.227
19,38735480,rs8102454,19,38789249,rs71354994,0.071
19,38735480,rs8102454,19,38790635,rs35436012,0.208
19,38735480,rs8102454,19,38790798,19:38790798:CAA:C,0.206
19,38735480,rs8102454,19,38791055,rs34992016,0.15
19,38735480,rs8102454,19,38791841,rs71354995,0.171
19,38735480,rs8102454,19,38792172,rs148041688,0.128
19,38735480,rs8102454,19,38792268,rs140841617,0.144
19,38735480,rs8102454,19,38792334,rs150132275,0.142
19,38735480,rs8102454,19,38792479,rs142724878,0.143
19,38735480,rs8102454,19,38792645,chr19_38792645_A_G,0.053
19,38735480,rs8102454,19,38793227,rs4802326,0.141
19,38735480,rs8102454,19,38793319,rs4802327,0.14
19,38735480,rs8102454,19,38793596,rs11672219,0.141
19,38735480,rs8102454,19,38794750,chr19_38794750_A_G,0.14
19,38735480,rs8102454,19,38794786,rs76682100,0.14
19,38735480,rs8102454,19,38794895,chr19_38794895_C_T,0.125
19,38735480,rs8102454,19,38795159,chr19_38795159_A_G,0.14
19,38735480,rs8102454,19,38795250,rs45437199,0.076
19,38735480,rs8102454,19,38795546,chr19_38795547_GAA_INDEL,0.14
19,38735480,rs8102454,19,38796383,chr19_38796383_A_G,0.09
19,38735480,rs8102454,19,38796572,rs112311840,0.14
19,38735480,rs8102454,19,38796578,rs150691531,0.14
19,38735480,rs8102454,19,38797043,rs114285267,0.107
19,38735480,rs8102454,19,38797189,chr19_38797189_A_G,0.145
19,38735480,rs8102454,19,38798086,chr19_38798086_A_G,0.145
19,38735480,rs8102454,19,38800165,chr19_38800165_A_G,0.152
19,38735480,rs8102454,19,38802413,chr19_38802413_G_T,0.091
19,38735480,rs8102454,19,38802989,rs11669230,0.136
19,38735480,rs8102454,19,38803589,chr19_38803590_CTT_INDEL,0.135
19,38735480,rs8102454,19,38803696,rs7260137,0.142
19,38735480,rs8102454,19,38804179,rs138023237,0.104
19,38735480,rs8102454,19,38804218,rs11881305,0.141
19,38735480,rs8102454,19,38806331,chr19_38806331_C_G,0.129
19,38735480,rs8102454,19,38806772,rs7257537,0.129
19,38735480,rs8102454,19,38806993,rs3214617,0.16
19,38735480,rs8102454,19,38807184,chr19_38807184_A_G,0.142
19,38735480,rs8102454,19,38807541,rs79590641,0.132
19,38735480,rs8102454,19,38808475,rs142110790,0.104
19,38735480,rs8102454,19,38808504,rs117234139,0.137
19,38735480,rs8102454,19,38808505,rs117624491,0.137
19,38735480,rs8102454,19,38808512,rs77912794,0.137
19,38735480,rs8102454,19,38808533,rs111958719,0.136
19,38735480,rs8102454,19,38808573,chr19_38808573_C_T,0.12
19,38735480,rs8102454,19,38811275,rs112827305,0.133
19,38735480,rs8102454,19,38811462,rs76086051,0.135
19,38735480,rs8102454,19,38813496,rs144522878,0.136
19,38735480,rs8102454,19,38814725,chr19_38814725_C_T,0.101
19,38735480,rs8102454,19,38815217,rs35478630,0.17
19,38735480,rs8102454,19,38815372,chr19_38815372_A_G,0.135
19,38735480,rs8102454,19,38815483,rs12611255,0.102
19,38735480,rs8102454,19,38815665,rs4804016,0.135
19,38735480,rs8102454,19,38815760,19:38815760:CTT:C,0.131
19,38735480,rs8102454,19,38816976,rs79381523,0.136
19,38735480,rs8102454,19,38817486,rs3745951,0.074
19,38735480,rs8102454,19,38817876,exm1462039,0.135
19,38735480,rs8102454,19,38818299,chr19_38818299_C_T,0.072
19,38735480,rs8102454,19,38818751,chr19_38818751_A_G,0.072
19,38735480,rs8102454,19,38818925,rs931749,0.073
19,38735480,rs8102454,19,38819098,chr19_38819098_A_G,0.072
19,38735480,rs8102454,19,38819463,rs61160177,0.101
19,38735480,rs8102454,19,38819666,rs138693052,0.072
19,38735480,rs8102454,19,38820528,rs77862444,0.135
19,38735480,rs8102454,19,38821041,chr19_38821041_G_T,0.072
19,38735480,rs8102454,19,38821282,rs6508786,0.102
19,38735480,rs8102454,19,38821474,rs4386247,0.073
19,38735480,rs8102454,19,38821697,rs12609247,0.101
19,38735480,rs8102454,19,38821709,rs118185142,0.073
19,38735480,rs8102454,19,38822855,19:38822855:CT:C,0.064
19,38735480,rs8102454,19,38823202,chr19_38823202_G_T,0.102
19,38735480,rs8102454,19,38823626,rs35349500,0.073
19,38735480,rs8102454,19,38823971,rs11673012,0.073
19,38735480,rs8102454,19,38824344,chr19_38824344_A_G,0.072
19,38735480,rs8102454,19,38824581,chr19_38824581_C_T,0.101
19,38735480,rs8102454,19,38825094,rs8101488,0.074
19,38735480,rs8102454,19,38825447,rs2368484,0.136
19,38735480,rs8102454,19,38826184,rs2041220,0.108
19,38735480,rs8102454,19,38826656,rs59898212,0.099
19,38735480,rs8102454,19,38826947,chr19_38826947_C_T,0.097
19,38735480,rs8102454,19,38827357,chr19_38827357_A_T,0.069
19,38735480,rs8102454,19,38827960,chr19_38827960_C_T,0.127
19,38735480,rs8102454,19,38828785,rs111491167,0.129
19,38735480,rs8102454,19,38829906,rs201307805,0.129
19,38735480,rs8102454,19,38830022,rs57681346,0.101
19,38735480,rs8102454,19,38830966,rs11669131,0.128
19,38735480,rs8102454,19,38831311,rs2887262,0.129
19,38735480,rs8102454,19,38832856,rs202060544,0.169
19,38735480,rs8102454,19,38832946,rs7252835,0.096
19,38735480,rs8102454,19,38833114,rs75053104,0.052
19,38735480,rs8102454,19,38833350,chr19_38833350_C_T,0.068
19,38735480,rs8102454,19,38837886,rs111857844,0.053
19,38735480,rs8102454,19,38839732,rs4804046,0.07
19,38735480,rs8102454,19,38839859,rs2270093,0.053
19,38735480,rs8102454,19,38840139,rs2270094,0.053
19,38735480,rs8102454,19,38840805,chr19_38840805_C_T,0.118
19,38735480,rs8102454,19,38840896,rs2270095,0.097
19,38735480,rs8102454,19,38841714,chr19_38841714_A_C,0.184
19,38735480,rs8102454,19,38843512,chr19_38843512_A_G,0.127
19,38735480,rs8102454,19,38844144,rs3815345,0.097
19,38735480,rs8102454,19,38844673,chr19_38844674_INDEL_TT,0.136
19,38735480,rs8102454,19,38845869,rs2286473,0.118
19,38735480,rs8102454,19,38847431,rs2286475,0.117
19,38735480,rs8102454,19,38848861,rs8106895,0.184
19,38735480,rs8102454,19,38849609,rs58728151,0.095
19,38735480,rs8102454,19,38849691,rs60487067,0.1
19,38735480,rs8102454,19,38849710,rs57618695,0.094
19,38735480,rs8102454,19,38850246,rs60071299,0.096
19,38735480,rs8102454,19,38850759,chr19_38850759_A_G,0.095
19,38735480,rs8102454,19,38851930,rs11673203,0.102
19,38735480,rs8102454,19,38853297,rs2302183,0.125
19,38735480,rs8102454,19,38853659,chr19_38853659_C_T,0.097
19,38735480,rs8102454,19,38854554,rs4801723,0.098
19,38735480,rs8102454,19,38855346,rs11668651,0.125
19,38735480,rs8102454,19,38855981,rs12151131,0.206
19,38735480,rs8102454,19,38856245,chr19_38856245_A_G,0.125
19,38735480,rs8102454,19,38856338,rs142942535,0.125
19,38735480,rs8102454,19,38856372,rs73043037,0.095
19,38735480,rs8102454,19,38856491,rs61091932,0.127
19,38735480,rs8102454,19,38861333,chr19_38861333_A_G,0.293
19,38735480,rs8102454,19,38863072,rs71355000,0.206
19,38735480,rs8102454,19,38863464,rs34559316,0.205
19,38735480,rs8102454,19,38863621,rs201455538,0.299
19,38735480,rs8102454,19,38877997,rs62123482,0.332
19,38735480,rs8102454,19,38888587,rs74258643,0.06
19,38735480,rs8102454,19,38891479,rs34323602,0.403
19,38735480,rs8102454,19,38891488,rs74258644,0.06
19,38735480,rs8102454,19,38909639,rs12609246,0.097
19,38735480,rs8102454,19,38910063,rs12611194,0.096
19,38735480,rs8102454,19,38910395,rs8111290,0.064
19,38735480,rs8102454,19,38912597,chr19_38912597_A_G,0.102
19,38735480,rs8102454,19,38912764,rs892055,0.111
19,38735480,rs8102454,19,38913998,rs6508795,0.114
19,38735480,rs8102454,19,38914920,rs10419454,0.115
19,38735480,rs8102454,19,38916325,rs76933432,0.053
19,38735480,rs8102454,19,38917597,rs6508796,0.115
19,38735480,rs8102454,19,38917635,rs6508797,0.052
19,38735480,rs8102454,19,38917781,rs7250263,0.05
19,38735480,rs8102454,19,38918016,rs71165540,0.099
19,38735480,rs8102454,19,38918817,rs7258666,0.05
19,38735480,rs8102454,19,38919391,rs56137516,0.052
19,38735480,rs8102454,19,38919420,rs56247445,0.057
19,38735480,rs8102454,19,38920208,rs7247301,0.051
19,38735480,rs8102454,19,38920382,chr19_38920382_A_C,0.051
19,38735480,rs8102454,19,38920749,rs2043300,0.051
19,38735480,rs8102454,19,38920836,rs11083456,0.084
19,38735480,rs8102454,19,38922187,rs1541919,0.052
19,38735480,rs8102454,19,38922269,rs1541920,0.052
19,38735480,rs8102454,19,38927961,rs4801752,0.111
19,38735480,rs8102454,19,38931982,rs3786828,0.086
19,38735480,rs8102454,19,38935280,rs2229139,0.061
19,38735480,rs8102454,19,38935350,rs35018208,0.061
19,38735480,rs8102454,19,38935635,rs11665761,0.064
19,38735480,rs8102454,19,38935948,chr19_38935948_C_T,0.063
19,38735480,rs8102454,19,38936277,chr19_38936277_A_G,0.074
19,38735480,rs8102454,19,38936351,chr19_38936351_A_G,0.064
19,38735480,rs8102454,19,38936420,rs11083458,0.063
19,38735480,rs8102454,19,38936494,rs11083459,0.063
19,38735480,rs8102454,19,38936535,rs60535236,0.063
19,38735480,rs8102454,19,38936653,rs7249795,0.063
19,38735480,rs8102454,19,38936803,rs7254048,0.063
19,38735480,rs8102454,19,38936836,chr19_38936836_C_T,0.063
19,38735480,rs8102454,19,38937550,rs73930577,0.077
19,38735480,rs8102454,19,38937863,rs147870495,0.063
19,38735480,rs8102454,19,38940082,rs12610496,0.112
19,38735480,rs8102454,19,38941644,rs7256131,0.055
19,38735480,rs8102454,19,38942248,rs3745844,0.064
19,38735480,rs8102454,19,38945402,chr19_38945402_A_G,0.055
19,38735480,rs8102454,19,38946607,rs201725585,0.059
19,38735480,rs8102454,19,38948420,chr19_38948420_C_G,0.076
19,38735480,rs8102454,19,38948963,rs2071086,0.058
19,38735480,rs8102454,19,38949505,rs7252456,0.052
19,38735480,rs8102454,19,38950393,rs73930587,0.061
19,38735480,rs8102454,19,38953055,rs4802479,0.055
19,38735480,rs8102454,19,38953210,chr19_38953210_A_T,0.063
19,38735480,rs8102454,19,38953244,rs77215632,0.066
19,38735480,rs8102454,19,38955583,chr19_38955583_A_G,0.067
19,38735480,rs8102454,19,38956176,rs7259574,0.067
19,38735480,rs8102454,19,38956803,rs2228069,0.052
19,38735480,rs8102454,19,38956839,rs2228070,0.071
19,38735480,rs8102454,19,38957420,rs4801763,0.062
19,38735480,rs8102454,19,38957571,rs4802484,0.061
19,38735480,rs8102454,19,38958743,rs12460284,0.052
19,38735480,rs8102454,19,38959680,rs11083462,0.062
19,38735613,rs8102476,19,38476173,rs1643459,0.05
19,38735613,rs8102476,19,38505184,rs200255056,0.052
19,38735613,rs8102476,19,38514318,chr19_38514318_A_G,0.118
19,38735613,rs8102476,19,38532691,rs1654374,0.065
19,38735613,rs8102476,19,38532868,rs1725515,0.065
19,38735613,rs8102476,19,38534008,rs1725516,0.065
19,38735613,rs8102476,19,38534024,rs1725517,0.065
19,38735613,rs8102476,19,38534035,rs1725518,0.065
19,38735613,rs8102476,19,38534477,chr19_38534477_A_G,0.065
19,38735613,rs8102476,19,38535008,chr19_38535008_C_G,0.065
19,38735613,rs8102476,19,38536065,rs7256656,0.065
19,38735613,rs8102476,19,38536353,rs1654338,0.065
19,38735613,rs8102476,19,38536525,chr19_38536525_C_G,0.066
19,38735613,rs8102476,19,38537225,chr19_38537225_A_G,0.065
19,38735613,rs8102476,19,38538799,chr19_38538799_A_G,0.065
19,38735613,rs8102476,19,38539706,rs1654340,0.065
19,38735613,rs8102476,19,38539732,rs1725459,0.064
19,38735613,rs8102476,19,38539988,rs734204,0.066
19,38735613,rs8102476,19,38540412,rs1725460,0.066
19,38735613,rs8102476,19,38541031,rs67888223,0.066
19,38735613,rs8102476,19,38541593,rs1616705,0.069
19,38735613,rs8102476,19,38541690,rs1725463,0.068
19,38735613,rs8102476,19,38542003,rs1620082,0.068
19,38735613,rs8102476,19,38542267,rs1725464,0.068
19,38735613,rs8102476,19,38542894,rs1618385,0.068
19,38735613,rs8102476,19,38543077,rs1654342,0.068
19,38735613,rs8102476,19,38543462,rs7249241,0.068
19,38735613,rs8102476,19,38543495,rs941036,0.068
19,38735613,rs8102476,19,38543626,rs941037,0.068
19,38735613,rs8102476,19,38543903,rs1725467,0.068
19,38735613,rs8102476,19,38544386,rs8106776,0.068
19,38735613,rs8102476,19,38544967,rs5022085,0.068
19,38735613,rs8102476,19,38544972,rs5022086,0.068
19,38735613,rs8102476,19,38545033,rs7256480,0.069
19,38735613,rs8102476,19,38545052,rs6508761,0.068
19,38735613,rs8102476,19,38545059,rs6508762,0.068
19,38735613,rs8102476,19,38545103,rs7256804,0.068
19,38735613,rs8102476,19,38545238,rs7256626,0.068
19,38735613,rs8102476,19,38545275,rs11300829,0.068
19,38735613,rs8102476,19,38545560,rs10421137,0.068
19,38735613,rs8102476,19,38546154,rs1654344,0.069
19,38735613,rs8102476,19,38546158,rs1725505,0.07
19,38735613,rs8102476,19,38662881,rs11672555,0.06
19,38735613,rs8102476,19,38673134,chr19_38673134_INDEL_T,0.055
19,38735613,rs8102476,19,38686037,rs9653106,0.059
19,38735613,rs8102476,19,38705928,rs12984978,0.05
19,38735613,rs8102476,19,38708398,rs2304175,0.052
19,38735613,rs8102476,19,38709568,rs2255456,0.053
19,38735613,rs8102476,19,38712919,chr19_38712919_C_T,0.125
19,38735613,rs8102476,19,38713696,rs2278435,0.087
19,38735613,rs8102476,19,38715814,rs12978169,0.079
19,38735613,rs8102476,19,38715972,rs12978031,0.081
19,38735613,rs8102476,19,38716529,rs59920484,0.066
19,38735613,rs8102476,19,38717180,rs12973734,0.152
19,38735613,rs8102476,19,38717264,chr19_38717264_A_G,0.151
19,38735613,rs8102476,19,38717378,rs7253473,0.151
19,38735613,rs8102476,19,38717758,rs8108197,0.152
19,38735613,rs8102476,19,38719007,rs2384781,0.152
19,38735613,rs8102476,19,38719302,rs8101485,0.152
19,38735613,rs8102476,19,38721268,19:38721268:AAAGAG:A,0.155
19,38735613,rs8102476,19,38721682,rs7256364,0.156
19,38735613,rs8102476,19,38723182,rs8109991,0.156
19,38735613,rs8102476,19,38725030,rs8103692,0.378
19,38735613,rs8102476,19,38725079,rs8104572,0.213
19,38735613,rs8102476,19,38725344,rs10408973,0.253
19,38735613,rs8102476,19,38725416,chr19_38725416_C_T,0.165
19,38735613,rs8102476,19,38725547,chr19_38725547_A_T,0.273
19,38735613,rs8102476,19,38725570,chr19_38725570_A_G,0.105
19,38735613,rs8102476,19,38725859,rs12974417,0.562
19,38735613,rs8102476,19,38726076,rs7253820,0.434
19,38735613,rs8102476,19,38727640,chr19_38727640_A_T,0.61
19,38735613,rs8102476,19,38728214,rs1036233,0.188
19,38735613,rs8102476,19,38731662,rs7246060,0.219
19,38735613,rs8102476,19,38732391,rs35705212,0.164
19,38735613,rs8102476,19,38732583,rs57822461,0.257
19,38735613,rs8102476,19,38733453,rs58993215,0.406
19,38735613,rs8102476,19,38733643,rs4802295,0.145
19,38735613,rs8102476,19,38735040,rs35131833,0.415
19,38735613,rs8102476,19,38735309,rs58749430,0.293
19,38735613,rs8102476,19,38735458,chr19_38735459_AATC_INDEL,0.291
19,38735613,rs8102476,19,38735480,rs8102454,0.999
19,38735613,rs8102476,19,38735586,chr19_38735586_A_G,0.291
19,38735613,rs8102476,19,38735613,rs8102476,1
19,38735613,rs8102476,19,38735804,rs11667256,0.816
19,38735613,rs8102476,19,38736485,rs35946591,0.363
19,38735613,rs8102476,19,38737259,rs74392510,0.292
19,38735613,rs8102476,19,38737632,rs113417040,0.293
19,38735613,rs8102476,19,38738130,rs4802297,0.823
19,38735613,rs8102476,19,38739995,rs11083449,0.345
19,38735613,rs8102476,19,38740183,rs12975244,0.153
19,38735613,rs8102476,19,38740336,rs4803922,0.345
19,38735613,rs8102476,19,38740925,rs12981216,0.998
19,38735613,rs8102476,19,38742846,rs12983492,0.152
19,38735613,rs8102476,19,38743371,rs55997240,0.293
19,38735613,rs8102476,19,38743962,rs12976534,0.823
19,38735613,rs8102476,19,38744385,rs58363960,0.293
19,38735613,rs8102476,19,38744733,rs12610267,0.822
19,38735613,rs8102476,19,38746037,rs74999202,0.292
19,38735613,rs8102476,19,38746272,rs12611084,0.807
19,38735613,rs8102476,19,38746567,rs4803934,0.82
19,38735613,rs8102476,19,38747117,rs8100395,0.82
19,38735613,rs8102476,19,38747272,rs7247241,0.82
19,38735613,rs8102476,19,38747449,rs10652797,0.942
19,38735613,rs8102476,19,38748270,rs12981507,0.361
19,38735613,rs8102476,19,38748684,rs71165528,0.869
19,38735613,rs8102476,19,38748913,rs11668070,0.816
19,38735613,rs8102476,19,38749329,rs191802031,0.348
19,38735613,rs8102476,19,38749390,rs112048422,0.158
19,38735613,rs8102476,19,38750100,rs34582151,0.989
19,38735613,rs8102476,19,38752266,rs75320625,0.289
19,38735613,rs8102476,19,38752498,rs34292467,0.357
19,38735613,rs8102476,19,38753062,rs76649675,0.334
19,38735613,rs8102476,19,38753625,rs7250689,0.807
19,38735613,rs8102476,19,38753676,chr19_38753676_A_C,0.153
19,38735613,rs8102476,19,38753786,chr19_38753786_G_T,0.153
19,38735613,rs8102476,19,38754239,rs11083450,0.807
19,38735613,rs8102476,19,38754246,rs34364613,0.108
19,38735613,rs8102476,19,38754948,rs17554832,0.153
19,38735613,rs8102476,19,38754988,rs17554839,0.153
19,38735613,rs8102476,19,38754994,rs17526154,0.161
19,38735613,rs8102476,19,38755092,rs17526168,0.153
19,38735613,rs8102476,19,38755406,rs1046773,0.153
19,38735613,rs8102476,19,38755864,chr19_38755864_C_T,0.152
19,38735613,rs8102476,19,38756089,chr19_38756089_C_G,0.351
19,38735613,rs8102476,19,38757012,rs56219560,0.152
19,38735613,rs8102476,19,38757121,rs55978203,0.151
19,38735613,rs8102476,19,38757315,rs5828007,0.788
19,38735613,rs8102476,19,38757790,chr19_38757790_A_G,0.115
19,38735613,rs8102476,19,38758140,chr19_38758140_A_G,0.078
19,38735613,rs8102476,19,38758471,chr19_38758471_A_G,0.198
19,38735613,rs8102476,19,38758752,chr19_38758752_C_T,0.196
19,38735613,rs8102476,19,38759103,chr19_38759103_C_T,0.198
19,38735613,rs8102476,19,38759180,chr19_38759180_C_T,0.566
19,38735613,rs8102476,19,38759404,rs4803964,0.271
19,38735613,rs8102476,19,38759406,rs3222973,0.559
19,38735613,rs8102476,19,38761163,chr19_38761163_C_T,0.11
19,38735613,rs8102476,19,38761732,chr19_38761732_C_INDEL,0.471
19,38735613,rs8102476,19,38761733,rs3786878,0.474
19,38735613,rs8102476,19,38761737,rs12610871,0.147
19,38735613,rs8102476,19,38763005,chr19_38763005_A_G,0.472
19,38735613,rs8102476,19,38763140,rs41465446,0.158
19,38735613,rs8102476,19,38765072,rs8101725,0.471
19,38735613,rs8102476,19,38765452,rs56121369,0.07
19,38735613,rs8102476,19,38765660,chr19_38765660_A_C,0.47
19,38735613,rs8102476,19,38765822,rs12610606,0.07
19,38735613,rs8102476,19,38766057,rs34508901,0.07
19,38735613,rs8102476,19,38766372,rs61301633,0.07
19,38735613,rs8102476,19,38766373,rs7251987,0.083
19,38735613,rs8102476,19,38767110,rs2891600,0.47
19,38735613,rs8102476,19,38768108,rs7245454,0.07
19,38735613,rs8102476,19,38769846,rs35501271,0.117
19,38735613,rs8102476,19,38769994,rs36035956,0.433
19,38735613,rs8102476,19,38771083,chr19_38771083_C_T,0.155
19,38735613,rs8102476,19,38771175,chr19_38771175_A_G,0.114
19,38735613,rs8102476,19,38771366,chr19_38771366_G_INDEL,0.069
19,38735613,rs8102476,19,38771367,chr19_38771368_GTC_INDEL,0.07
19,38735613,rs8102476,19,38771917,rs73037326,0.071
19,38735613,rs8102476,19,38772077,rs12609354,0.111
19,38735613,rs8102476,19,38772481,rs12611009,0.47
19,38735613,rs8102476,19,38772978,chr19_38772978_C_T,0.07
19,38735613,rs8102476,19,38773066,chr19_38773066_C_T,0.114
19,38735613,rs8102476,19,38773522,rs3826896,0.47
19,38735613,rs8102476,19,38773966,chr19_38773966_A_G,0.471
19,38735613,rs8102476,19,38774622,rs2060244,0.146
19,38735613,rs8102476,19,38774664,rs74849555,0.157
19,38735613,rs8102476,19,38777147,rs8101185,0.434
19,38735613,rs8102476,19,38777309,rs76499875,0.155
19,38735613,rs8102476,19,38777371,rs8101462,0.47
19,38735613,rs8102476,19,38777437,chr19_38777437_A_G,0.47
19,38735613,rs8102476,19,38777726,rs34565749,0.47
19,38735613,rs8102476,19,38777752,rs141488385,0.113
19,38735613,rs8102476,19,38778079,rs8105067,0.47
19,38735613,rs8102476,19,38778617,chr19_38778617_A_G,0.112
19,38735613,rs8102476,19,38778915,rs1006140,0.47
19,38735613,rs8102476,19,38779912,rs3745949,0.146
19,38735613,rs8102476,19,38780067,rs3745950,0.156
19,38735613,rs8102476,19,38783581,rs1821284,0.198
19,38735613,rs8102476,19,38784445,rs7254637,0.071
19,38735613,rs8102476,19,38784550,rs7253823,0.071
19,38735613,rs8102476,19,38784917,rs4802323,0.074
19,38735613,rs8102476,19,38785094,chr19_38785094_A_C,0.196
19,38735613,rs8102476,19,38785318,chr19_38785318_A_C,0.07
19,38735613,rs8102476,19,38785674,rs6508782,0.111
19,38735613,rs8102476,19,38785981,rs142816774,0.113
19,38735613,rs8102476,19,38787120,rs35366094,0.07
19,38735613,rs8102476,19,38787706,rs34276782,0.069
19,38735613,rs8102476,19,38787728,chr19_38787728_C_T,0.069
19,38735613,rs8102476,19,38787965,rs4803999,0.227
19,38735613,rs8102476,19,38789249,rs71354994,0.071
19,38735613,rs8102476,19,38790635,rs35436012,0.207
19,38735613,rs8102476,19,38790798,19:38790798:CAA:C,0.206
19,38735613,rs8102476,19,38791055,rs34992016,0.15
19,38735613,rs8102476,19,38791841,rs71354995,0.171
19,38735613,rs8102476,19,38792172,rs148041688,0.128
19,38735613,rs8102476,19,38792268,rs140841617,0.143
19,38735613,rs8102476,19,38792334,rs150132275,0.141
19,38735613,rs8102476,19,38792479,rs142724878,0.143
19,38735613,rs8102476,19,38792645,chr19_38792645_A_G,0.053
19,38735613,rs8102476,19,38793227,rs4802326,0.14
19,38735613,rs8102476,19,38793319,rs4802327,0.139
19,38735613,rs8102476,19,38793596,rs11672219,0.14
19,38735613,rs8102476,19,38794750,chr19_38794750_A_G,0.139
19,38735613,rs8102476,19,38794786,rs76682100,0.14
19,38735613,rs8102476,19,38794895,chr19_38794895_C_T,0.125
19,38735613,rs8102476,19,38795159,chr19_38795159_A_G,0.139
19,38735613,rs8102476,19,38795250,rs45437199,0.076
19,38735613,rs8102476,19,38795546,chr19_38795547_GAA_INDEL,0.139
19,38735613,rs8102476,19,38796383,chr19_38796383_A_G,0.09
19,38735613,rs8102476,19,38796572,rs112311840,0.139
19,38735613,rs8102476,19,38796578,rs150691531,0.139
19,38735613,rs8102476,19,38797043,rs114285267,0.107
19,38735613,rs8102476,19,38797189,chr19_38797189_A_G,0.145
19,38735613,rs8102476,19,38798086,chr19_38798086_A_G,0.145
19,38735613,rs8102476,19,38800165,chr19_38800165_A_G,0.151
19,38735613,rs8102476,19,38802413,chr19_38802413_G_T,0.091
19,38735613,rs8102476,19,38802989,rs11669230,0.135
19,38735613,rs8102476,19,38803589,chr19_38803590_CTT_INDEL,0.134
19,38735613,rs8102476,19,38803696,rs7260137,0.142
19,38735613,rs8102476,19,38804179,rs138023237,0.103
19,38735613,rs8102476,19,38804218,rs11881305,0.141
19,38735613,rs8102476,19,38806331,chr19_38806331_C_G,0.129
19,38735613,rs8102476,19,38806772,rs7257537,0.129
19,38735613,rs8102476,19,38806993,rs3214617,0.16
19,38735613,rs8102476,19,38807184,chr19_38807184_A_G,0.142
19,38735613,rs8102476,19,38807541,rs79590641,0.131
19,38735613,rs8102476,19,38808475,rs142110790,0.104
19,38735613,rs8102476,19,38808504,rs117234139,0.137
19,38735613,rs8102476,19,38808505,rs117624491,0.137
19,38735613,rs8102476,19,38808512,rs77912794,0.137
19,38735613,rs8102476,19,38808533,rs111958719,0.136
19,38735613,rs8102476,19,38808573,chr19_38808573_C_T,0.121
19,38735613,rs8102476,19,38811275,rs112827305,0.132
19,38735613,rs8102476,19,38811462,rs76086051,0.134
19,38735613,rs8102476,19,38813496,rs144522878,0.136
19,38735613,rs8102476,19,38814725,chr19_38814725_C_T,0.101
19,38735613,rs8102476,19,38815217,rs35478630,0.171
19,38735613,rs8102476,19,38815372,chr19_38815372_A_G,0.134
19,38735613,rs8102476,19,38815483,rs12611255,0.103
19,38735613,rs8102476,19,38815665,rs4804016,0.135
19,38735613,rs8102476,19,38815760,19:38815760:CTT:C,0.13
19,38735613,rs8102476,19,38816976,rs79381523,0.135
19,38735613,rs8102476,19,38817486,rs3745951,0.074
19,38735613,rs8102476,19,38817876,exm1462039,0.134
19,38735613,rs8102476,19,38818299,chr19_38818299_C_T,0.072
19,38735613,rs8102476,19,38818751,chr19_38818751_A_G,0.072
19,38735613,rs8102476,19,38818925,rs931749,0.073
19,38735613,rs8102476,19,38819098,chr19_38819098_A_G,0.072
19,38735613,rs8102476,19,38819463,rs61160177,0.101
19,38735613,rs8102476,19,38819666,rs138693052,0.072
19,38735613,rs8102476,19,38820528,rs77862444,0.135
19,38735613,rs8102476,19,38821041,chr19_38821041_G_T,0.072
19,38735613,rs8102476,19,38821282,rs6508786,0.101
19,38735613,rs8102476,19,38821474,rs4386247,0.073
19,38735613,rs8102476,19,38821697,rs12609247,0.101
19,38735613,rs8102476,19,38821709,rs118185142,0.073
19,38735613,rs8102476,19,38822855,19:38822855:CT:C,0.064
19,38735613,rs8102476,19,38823202,chr19_38823202_G_T,0.102
19,38735613,rs8102476,19,38823626,rs35349500,0.073
19,38735613,rs8102476,19,38823971,rs11673012,0.073
19,38735613,rs8102476,19,38824344,chr19_38824344_A_G,0.072
19,38735613,rs8102476,19,38824581,chr19_38824581_C_T,0.101
19,38735613,rs8102476,19,38825094,rs8101488,0.074
19,38735613,rs8102476,19,38825447,rs2368484,0.135
19,38735613,rs8102476,19,38826184,rs2041220,0.108
19,38735613,rs8102476,19,38826656,rs59898212,0.099
19,38735613,rs8102476,19,38826947,chr19_38826947_C_T,0.097
19,38735613,rs8102476,19,38827357,chr19_38827357_A_T,0.069
19,38735613,rs8102476,19,38827960,chr19_38827960_C_T,0.127
19,38735613,rs8102476,19,38828785,rs111491167,0.128
19,38735613,rs8102476,19,38829906,rs201307805,0.128
19,38735613,rs8102476,19,38830022,rs57681346,0.101
19,38735613,rs8102476,19,38830966,rs11669131,0.127
19,38735613,rs8102476,19,38831311,rs2887262,0.128
19,38735613,rs8102476,19,38832856,rs202060544,0.168
19,38735613,rs8102476,19,38832946,rs7252835,0.096
19,38735613,rs8102476,19,38833114,rs75053104,0.053
19,38735613,rs8102476,19,38833350,chr19_38833350_C_T,0.068
19,38735613,rs8102476,19,38837886,rs111857844,0.053
19,38735613,rs8102476,19,38839732,rs4804046,0.07
19,38735613,rs8102476,19,38839859,rs2270093,0.053
19,38735613,rs8102476,19,38840139,rs2270094,0.053
19,38735613,rs8102476,19,38840805,chr19_38840805_C_T,0.117
19,38735613,rs8102476,19,38840896,rs2270095,0.097
19,38735613,rs8102476,19,38841714,chr19_38841714_A_C,0.184
19,38735613,rs8102476,19,38843512,chr19_38843512_A_G,0.127
19,38735613,rs8102476,19,38844144,rs3815345,0.097
19,38735613,rs8102476,19,38844673,chr19_38844674_INDEL_TT,0.137
19,38735613,rs8102476,19,38845869,rs2286473,0.118
19,38735613,rs8102476,19,38847431,rs2286475,0.116
19,38735613,rs8102476,19,38848861,rs8106895,0.184
19,38735613,rs8102476,19,38849609,rs58728151,0.095
19,38735613,rs8102476,19,38849691,rs60487067,0.1
19,38735613,rs8102476,19,38849710,rs57618695,0.094
19,38735613,rs8102476,19,38850246,rs60071299,0.096
19,38735613,rs8102476,19,38850759,chr19_38850759_A_G,0.095
19,38735613,rs8102476,19,38851930,rs11673203,0.102
19,38735613,rs8102476,19,38853297,rs2302183,0.124
19,38735613,rs8102476,19,38853659,chr19_38853659_C_T,0.097
19,38735613,rs8102476,19,38854554,rs4801723,0.098
19,38735613,rs8102476,19,38855346,rs11668651,0.125
19,38735613,rs8102476,19,38855981,rs12151131,0.208
19,38735613,rs8102476,19,38856245,chr19_38856245_A_G,0.124
19,38735613,rs8102476,19,38856338,rs142942535,0.125
19,38735613,rs8102476,19,38856372,rs73043037,0.095
19,38735613,rs8102476,19,38856491,rs61091932,0.126
19,38735613,rs8102476,19,38861333,chr19_38861333_A_G,0.294
19,38735613,rs8102476,19,38863072,rs71355000,0.207
19,38735613,rs8102476,19,38863464,rs34559316,0.206
19,38735613,rs8102476,19,38863621,rs201455538,0.301
19,38735613,rs8102476,19,38877997,rs62123482,0.333
19,38735613,rs8102476,19,38888587,rs74258643,0.06
19,38735613,rs8102476,19,38891479,rs34323602,0.405
19,38735613,rs8102476,19,38891488,rs74258644,0.06
19,38735613,rs8102476,19,38909639,rs12609246,0.098
19,38735613,rs8102476,19,38910063,rs12611194,0.097
19,38735613,rs8102476,19,38910395,rs8111290,0.065
19,38735613,rs8102476,19,38912597,chr19_38912597_A_G,0.103
19,38735613,rs8102476,19,38912764,rs892055,0.112
19,38735613,rs8102476,19,38913998,rs6508795,0.115
19,38735613,rs8102476,19,38914920,rs10419454,0.115
19,38735613,rs8102476,19,38916325,rs76933432,0.053
19,38735613,rs8102476,19,38917597,rs6508796,0.116
19,38735613,rs8102476,19,38917635,rs6508797,0.053
19,38735613,rs8102476,19,38917781,rs7250263,0.051
19,38735613,rs8102476,19,38918016,rs71165540,0.1
19,38735613,rs8102476,19,38918817,rs7258666,0.051
19,38735613,rs8102476,19,38919391,rs56137516,0.053
19,38735613,rs8102476,19,38919420,rs56247445,0.058
19,38735613,rs8102476,19,38920208,rs7247301,0.052
19,38735613,rs8102476,19,38920382,chr19_38920382_A_C,0.051
19,38735613,rs8102476,19,38920749,rs2043300,0.052
19,38735613,rs8102476,19,38920836,rs11083456,0.084
19,38735613,rs8102476,19,38922187,rs1541919,0.053
19,38735613,rs8102476,19,38922269,rs1541920,0.053
19,38735613,rs8102476,19,38927961,rs4801752,0.112
19,38735613,rs8102476,19,38931982,rs3786828,0.086
19,38735613,rs8102476,19,38932386,rs892053,0.05
19,38735613,rs8102476,19,38935280,rs2229139,0.062
19,38735613,rs8102476,19,38935350,rs35018208,0.062
19,38735613,rs8102476,19,38935635,rs11665761,0.064
19,38735613,rs8102476,19,38935948,chr19_38935948_C_T,0.064
19,38735613,rs8102476,19,38936277,chr19_38936277_A_G,0.075
19,38735613,rs8102476,19,38936351,chr19_38936351_A_G,0.064
19,38735613,rs8102476,19,38936420,rs11083458,0.064
19,38735613,rs8102476,19,38936494,rs11083459,0.064
19,38735613,rs8102476,19,38936535,rs60535236,0.064
19,38735613,rs8102476,19,38936653,rs7249795,0.064
19,38735613,rs8102476,19,38936803,rs7254048,0.064
19,38735613,rs8102476,19,38936836,chr19_38936836_C_T,0.064
19,38735613,rs8102476,19,38937550,rs73930577,0.078
19,38735613,rs8102476,19,38937863,rs147870495,0.063
19,38735613,rs8102476,19,38940082,rs12610496,0.113
19,38735613,rs8102476,19,38941644,rs7256131,0.055
19,38735613,rs8102476,19,38942248,rs3745844,0.064
19,38735613,rs8102476,19,38945402,chr19_38945402_A_G,0.055
19,38735613,rs8102476,19,38946607,rs201725585,0.059
19,38735613,rs8102476,19,38948420,chr19_38948420_C_G,0.077
19,38735613,rs8102476,19,38948963,rs2071086,0.059
19,38735613,rs8102476,19,38949505,rs7252456,0.052
19,38735613,rs8102476,19,38950393,rs73930587,0.061
19,38735613,rs8102476,19,38953055,rs4802479,0.056
19,38735613,rs8102476,19,38953210,chr19_38953210_A_T,0.063
19,38735613,rs8102476,19,38953244,rs77215632,0.066
19,38735613,rs8102476,19,38955583,chr19_38955583_A_G,0.067
19,38735613,rs8102476,19,38956176,rs7259574,0.068
19,38735613,rs8102476,19,38956803,rs2228069,0.052
19,38735613,rs8102476,19,38956839,rs2228070,0.072
19,38735613,rs8102476,19,38957420,rs4801763,0.063
19,38735613,rs8102476,19,38957571,rs4802484,0.062
19,38735613,rs8102476,19,38958743,rs12460284,0.053
19,38735613,rs8102476,19,38959680,rs11083462,0.062
19,38735804,rs11667256,19,38514318,chr19_38514318_A_G,0.084
19,38735804,rs11667256,19,38662881,rs11672555,0.073
19,38735804,rs11667256,19,38694050,chr19_38694050_C_T,0.061
19,38735804,rs11667256,19,38705514,rs7256404,0.061
19,38735804,rs11667256,19,38705928,rs12984978,0.072
19,38735804,rs11667256,19,38706134,rs151122599,0.057
19,38735804,rs11667256,19,38706677,chr19_38706677_C_G,0.057
19,38735804,rs11667256,19,38706989,rs2278431,0.056
19,38735804,rs11667256,19,38707297,rs1865066,0.057
19,38735804,rs11667256,19,38708398,rs2304175,0.073
19,38735804,rs11667256,19,38708970,chr19_38708970_C_T,0.07
19,38735804,rs11667256,19,38709568,rs2255456,0.075
19,38735804,rs11667256,19,38712919,chr19_38712919_C_T,0.102
19,38735804,rs11667256,19,38713696,rs2278435,0.06
19,38735804,rs11667256,19,38715814,rs12978169,0.149
19,38735804,rs11667256,19,38715972,rs12978031,0.152
19,38735804,rs11667256,19,38716529,rs59920484,0.117
19,38735804,rs11667256,19,38717180,rs12973734,0.218
19,38735804,rs11667256,19,38717264,chr19_38717264_A_G,0.217
19,38735804,rs11667256,19,38717378,rs7253473,0.217
19,38735804,rs11667256,19,38717758,rs8108197,0.218
19,38735804,rs11667256,19,38719007,rs2384781,0.219
19,38735804,rs11667256,19,38719302,rs8101485,0.219
19,38735804,rs11667256,19,38721268,19:38721268:AAAGAG:A,0.22
19,38735804,rs11667256,19,38721682,rs7256364,0.224
19,38735804,rs11667256,19,38723182,rs8109991,0.225
19,38735804,rs11667256,19,38725030,rs8103692,0.359
19,38735804,rs11667256,19,38725079,rs8104572,0.274
19,38735804,rs11667256,19,38725344,rs10408973,0.207
19,38735804,rs11667256,19,38725416,chr19_38725416_C_T,0.137
19,38735804,rs11667256,19,38725547,chr19_38725547_A_T,0.352
19,38735804,rs11667256,19,38725570,chr19_38725570_A_G,0.083
19,38735804,rs11667256,19,38725859,rs12974417,0.453
19,38735804,rs11667256,19,38726076,rs7253820,0.582
19,38735804,rs11667256,19,38727640,chr19_38727640_A_T,0.761
19,38735804,rs11667256,19,38728214,rs1036233,0.321
19,38735804,rs11667256,19,38731662,rs7246060,0.292
19,38735804,rs11667256,19,38732391,rs35705212,0.19
19,38735804,rs11667256,19,38732583,rs57822461,0.212
19,38735804,rs11667256,19,38733453,rs58993215,0.544
19,38735804,rs11667256,19,38733643,rs4802295,0.276
19,38735804,rs11667256,19,38735040,rs35131833,0.34
19,38735804,rs11667256,19,38735309,rs58749430,0.237
19,38735804,rs11667256,19,38735458,chr19_38735459_AATC_INDEL,0.236
19,38735804,rs11667256,19,38735480,rs8102454,0.813
19,38735804,rs11667256,19,38735586,chr19_38735586_A_G,0.236
19,38735804,rs11667256,19,38735613,rs8102476,0.816
19,38735804,rs11667256,19,38735804,rs11667256,1
19,38735804,rs11667256,19,38736485,rs35946591,0.298
19,38735804,rs11667256,19,38737259,rs74392510,0.237
19,38735804,rs11667256,19,38737632,rs113417040,0.238
19,38735804,rs11667256,19,38737651,rs8111378,0.055
19,38735804,rs11667256,19,38738130,rs4802297,0.995
19,38735804,rs11667256,19,38739301,rs112228935,0.054
19,38735804,rs11667256,19,38739995,rs11083449,0.281
19,38735804,rs11667256,19,38740183,rs12975244,0.123
19,38735804,rs11667256,19,38740336,rs4803922,0.281
19,38735804,rs11667256,19,38740418,rs73030303,0.053
19,38735804,rs11667256,19,38740925,rs12981216,0.817
19,38735804,rs11667256,19,38740946,rs73030307,0.053
19,38735804,rs11667256,19,38740971,rs112490828,0.052
19,38735804,rs11667256,19,38741136,rs73030308,0.053
19,38735804,rs11667256,19,38741577,chr19_38741577_G_T,0.052
19,38735804,rs11667256,19,38742846,rs12983492,0.123
19,38735804,rs11667256,19,38743296,rs60163114,0.053
19,38735804,rs11667256,19,38743371,rs55997240,0.238
19,38735804,rs11667256,19,38743506,rs73030311,0.055
19,38735804,rs11667256,19,38743591,chr19_38743591_G_T,0.052
19,38735804,rs11667256,19,38743962,rs12976534,0.986
19,38735804,rs11667256,19,38744385,rs58363960,0.238
19,38735804,rs11667256,19,38744733,rs12610267,0.985
19,38735804,rs11667256,19,38744954,rs111746953,0.053
19,38735804,rs11667256,19,38745166,rs146859958,0.055
19,38735804,rs11667256,19,38746037,rs74999202,0.237
19,38735804,rs11667256,19,38746119,chr19_38746119_C_T,0.052
19,38735804,rs11667256,19,38746209,chr19_38746209_C_T,0.052
19,38735804,rs11667256,19,38746272,rs12611084,0.969
19,38735804,rs11667256,19,38746567,rs4803934,0.982
19,38735804,rs11667256,19,38747094,rs7246386,0.053
19,38735804,rs11667256,19,38747117,rs8100395,0.982
19,38735804,rs11667256,19,38747272,rs7247241,0.982
19,38735804,rs11667256,19,38747449,rs10652797,0.883
19,38735804,rs11667256,19,38748043,rs78894573,0.053
19,38735804,rs11667256,19,38748270,rs12981507,0.293
19,38735804,rs11667256,19,38748684,rs71165528,0.724
19,38735804,rs11667256,19,38748913,rs11668070,0.978
19,38735804,rs11667256,19,38749329,rs191802031,0.282
19,38735804,rs11667256,19,38749390,rs112048422,0.316
19,38735804,rs11667256,19,38749765,rs34990415,0.052
19,38735804,rs11667256,19,38749945,rs8112201,0.052
19,38735804,rs11667256,19,38749994,rs11880459,0.052
19,38735804,rs11667256,19,38750100,rs34582151,0.804
19,38735804,rs11667256,19,38750331,rs201144716,0.052
19,38735804,rs11667256,19,38751470,rs59648079,0.052
19,38735804,rs11667256,19,38752266,rs75320625,0.236
19,38735804,rs11667256,19,38752341,rs7260295,0.051
19,38735804,rs11667256,19,38752449,rs6508780,0.052
19,38735804,rs11667256,19,38752498,rs34292467,0.289
19,38735804,rs11667256,19,38753062,rs76649675,0.273
19,38735804,rs11667256,19,38753224,rs113343618,0.052
19,38735804,rs11667256,19,38753385,rs7249532,0.052
19,38735804,rs11667256,19,38753625,rs7250689,0.967
19,38735804,rs11667256,19,38753676,chr19_38753676_A_C,0.307
19,38735804,rs11667256,19,38753786,chr19_38753786_G_T,0.307
19,38735804,rs11667256,19,38754239,rs11083450,0.968
19,38735804,rs11667256,19,38754246,rs34364613,0.07
19,38735804,rs11667256,19,38754401,chr19_38754401_C_T,0.056
19,38735804,rs11667256,19,38754948,rs17554832,0.307
19,38735804,rs11667256,19,38754988,rs17554839,0.307
19,38735804,rs11667256,19,38754994,rs17526154,0.132
19,38735804,rs11667256,19,38755092,rs17526168,0.307
19,38735804,rs11667256,19,38755406,rs1046773,0.307
19,38735804,rs11667256,19,38755745,rs112797649,0.051
19,38735804,rs11667256,19,38755864,chr19_38755864_C_T,0.307
19,38735804,rs11667256,19,38756089,chr19_38756089_C_G,0.285
19,38735804,rs11667256,19,38757012,rs56219560,0.305
19,38735804,rs11667256,19,38757121,rs55978203,0.305
19,38735804,rs11667256,19,38757315,rs5828007,0.85
19,38735804,rs11667256,19,38758140,chr19_38758140_A_G,0.116
19,38735804,rs11667256,19,38758471,chr19_38758471_A_G,0.164
19,38735804,rs11667256,19,38758610,chr19_38758610_C_T,0.059
19,38735804,rs11667256,19,38758730,rs73037309,0.06
19,38735804,rs11667256,19,38758752,chr19_38758752_C_T,0.162
19,38735804,rs11667256,19,38758942,rs3786874,0.06
19,38735804,rs11667256,19,38759018,chr19_38759018_G_T,0.059
19,38735804,rs11667256,19,38759103,chr19_38759103_C_T,0.164
19,38735804,rs11667256,19,38759180,chr19_38759180_C_T,0.633
19,38735804,rs11667256,19,38759404,rs4803964,0.226
19,38735804,rs11667256,19,38759406,rs3222973,0.526
19,38735804,rs11667256,19,38759747,rs373675862,0.06
19,38735804,rs11667256,19,38760375,rs142413656,0.06
19,38735804,rs11667256,19,38761163,chr19_38761163_C_T,0.087
19,38735804,rs11667256,19,38761732,chr19_38761732_C_INDEL,0.542
19,38735804,rs11667256,19,38761733,rs3786878,0.546
19,38735804,rs11667256,19,38761737,rs12610871,0.119
19,38735804,rs11667256,19,38763005,chr19_38763005_A_G,0.541
19,38735804,rs11667256,19,38763140,rs41465446,0.131
19,38735804,rs11667256,19,38765072,rs8101725,0.542
19,38735804,rs11667256,19,38765452,rs56121369,0.162
19,38735804,rs11667256,19,38765660,chr19_38765660_A_C,0.541
19,38735804,rs11667256,19,38765822,rs12610606,0.16
19,38735804,rs11667256,19,38766057,rs34508901,0.161
19,38735804,rs11667256,19,38766372,rs61301633,0.161
19,38735804,rs11667256,19,38766373,rs7251987,0.178
19,38735804,rs11667256,19,38767110,rs2891600,0.541
19,38735804,rs11667256,19,38768108,rs7245454,0.161
19,38735804,rs11667256,19,38769846,rs35501271,0.14
19,38735804,rs11667256,19,38769994,rs36035956,0.576
19,38735804,rs11667256,19,38771083,chr19_38771083_C_T,0.129
19,38735804,rs11667256,19,38771175,chr19_38771175_A_G,0.088
19,38735804,rs11667256,19,38771366,chr19_38771366_G_INDEL,0.16
19,38735804,rs11667256,19,38771367,chr19_38771368_GTC_INDEL,0.161
19,38735804,rs11667256,19,38771917,rs73037326,0.162
19,38735804,rs11667256,19,38772077,rs12609354,0.089
19,38735804,rs11667256,19,38772481,rs12611009,0.541
19,38735804,rs11667256,19,38772978,chr19_38772978_C_T,0.161
19,38735804,rs11667256,19,38773066,chr19_38773066_C_T,0.088
19,38735804,rs11667256,19,38773522,rs3826896,0.542
19,38735804,rs11667256,19,38773966,chr19_38773966_A_G,0.542
19,38735804,rs11667256,19,38774622,rs2060244,0.12
19,38735804,rs11667256,19,38774664,rs74849555,0.13
19,38735804,rs11667256,19,38777147,rs8101185,0.576
19,38735804,rs11667256,19,38777309,rs76499875,0.129
19,38735804,rs11667256,19,38777371,rs8101462,0.542
19,38735804,rs11667256,19,38777437,chr19_38777437_A_G,0.541
19,38735804,rs11667256,19,38777726,rs34565749,0.542
19,38735804,rs11667256,19,38777752,rs141488385,0.088
19,38735804,rs11667256,19,38778079,rs8105067,0.542
19,38735804,rs11667256,19,38778617,chr19_38778617_A_G,0.087
19,38735804,rs11667256,19,38778915,rs1006140,0.541
19,38735804,rs11667256,19,38779912,rs3745949,0.12
19,38735804,rs11667256,19,38780067,rs3745950,0.129
19,38735804,rs11667256,19,38783581,rs1821284,0.326
19,38735804,rs11667256,19,38784445,rs7254637,0.162
19,38735804,rs11667256,19,38784550,rs7253823,0.162
19,38735804,rs11667256,19,38784917,rs4802323,0.056
19,38735804,rs11667256,19,38785094,chr19_38785094_A_C,0.324
19,38735804,rs11667256,19,38785318,chr19_38785318_A_C,0.16
19,38735804,rs11667256,19,38785674,rs6508782,0.089
19,38735804,rs11667256,19,38785981,rs142816774,0.088
19,38735804,rs11667256,19,38787120,rs35366094,0.161
19,38735804,rs11667256,19,38787706,rs34276782,0.161
19,38735804,rs11667256,19,38787728,chr19_38787728_C_T,0.16
19,38735804,rs11667256,19,38787965,rs4803999,0.308
19,38735804,rs11667256,19,38789249,rs71354994,0.163
19,38735804,rs11667256,19,38790635,rs35436012,0.329
19,38735804,rs11667256,19,38790798,19:38790798:CAA:C,0.3
19,38735804,rs11667256,19,38791055,rs34992016,0.121
19,38735804,rs11667256,19,38791841,rs71354995,0.252
19,38735804,rs11667256,19,38792172,rs148041688,0.209
19,38735804,rs11667256,19,38792268,rs140841617,0.113
19,38735804,rs11667256,19,38792334,rs150132275,0.112
19,38735804,rs11667256,19,38792479,rs142724878,0.113
19,38735804,rs11667256,19,38792645,chr19_38792645_A_G,0.078
19,38735804,rs11667256,19,38793227,rs4802326,0.111
19,38735804,rs11667256,19,38793319,rs4802327,0.11
19,38735804,rs11667256,19,38793596,rs11672219,0.111
19,38735804,rs11667256,19,38794750,chr19_38794750_A_G,0.11
19,38735804,rs11667256,19,38794786,rs76682100,0.111
19,38735804,rs11667256,19,38794895,chr19_38794895_C_T,0.205
19,38735804,rs11667256,19,38795159,chr19_38795159_A_G,0.11
19,38735804,rs11667256,19,38795250,rs45437199,0.154
19,38735804,rs11667256,19,38795546,chr19_38795547_GAA_INDEL,0.11
19,38735804,rs11667256,19,38796383,chr19_38796383_A_G,0.065
19,38735804,rs11667256,19,38796572,rs112311840,0.111
19,38735804,rs11667256,19,38796578,rs150691531,0.111
19,38735804,rs11667256,19,38797043,rs114285267,0.083
19,38735804,rs11667256,19,38797189,chr19_38797189_A_G,0.265
19,38735804,rs11667256,19,38798086,chr19_38798086_A_G,0.266
19,38735804,rs11667256,19,38800165,chr19_38800165_A_G,0.158
19,38735804,rs11667256,19,38802413,chr19_38802413_G_T,0.066
19,38735804,rs11667256,19,38802989,rs11669230,0.107
19,38735804,rs11667256,19,38803589,chr19_38803590_CTT_INDEL,0.106
19,38735804,rs11667256,19,38803696,rs7260137,0.261
19,38735804,rs11667256,19,38804179,rs138023237,0.081
19,38735804,rs11667256,19,38804218,rs11881305,0.261
19,38735804,rs11667256,19,38806331,chr19_38806331_C_G,0.16
19,38735804,rs11667256,19,38806772,rs7257537,0.242
19,38735804,rs11667256,19,38806993,rs3214617,0.282
19,38735804,rs11667256,19,38807184,chr19_38807184_A_G,0.262
19,38735804,rs11667256,19,38807541,rs79590641,0.103
19,38735804,rs11667256,19,38808475,rs142110790,0.081
19,38735804,rs11667256,19,38808504,rs117234139,0.255
19,38735804,rs11667256,19,38808505,rs117624491,0.255
19,38735804,rs11667256,19,38808512,rs77912794,0.255
19,38735804,rs11667256,19,38808533,rs111958719,0.108
19,38735804,rs11667256,19,38808573,chr19_38808573_C_T,0.098
19,38735804,rs11667256,19,38811275,rs112827305,0.105
19,38735804,rs11667256,19,38811462,rs76086051,0.106
19,38735804,rs11667256,19,38813496,rs144522878,0.108
19,38735804,rs11667256,19,38814725,chr19_38814725_C_T,0.215
19,38735804,rs11667256,19,38815217,rs35478630,0.212
19,38735804,rs11667256,19,38815372,chr19_38815372_A_G,0.106
19,38735804,rs11667256,19,38815483,rs12611255,0.217
19,38735804,rs11667256,19,38815665,rs4804016,0.107
19,38735804,rs11667256,19,38815760,19:38815760:CTT:C,0.102
19,38735804,rs11667256,19,38816976,rs79381523,0.108
19,38735804,rs11667256,19,38817486,rs3745951,0.147
19,38735804,rs11667256,19,38817876,exm1462039,0.106
19,38735804,rs11667256,19,38818299,chr19_38818299_C_T,0.146
19,38735804,rs11667256,19,38818751,chr19_38818751_A_G,0.146
19,38735804,rs11667256,19,38818925,rs931749,0.147
19,38735804,rs11667256,19,38819098,chr19_38819098_A_G,0.146
19,38735804,rs11667256,19,38819463,rs61160177,0.215
19,38735804,rs11667256,19,38819666,rs138693052,0.145
19,38735804,rs11667256,19,38820528,rs77862444,0.107
19,38735804,rs11667256,19,38821041,chr19_38821041_G_T,0.146
19,38735804,rs11667256,19,38821282,rs6508786,0.131
19,38735804,rs11667256,19,38821474,rs4386247,0.147
19,38735804,rs11667256,19,38821697,rs12609247,0.216
19,38735804,rs11667256,19,38821709,rs118185142,0.147
19,38735804,rs11667256,19,38822855,19:38822855:CT:C,0.133
19,38735804,rs11667256,19,38823202,chr19_38823202_G_T,0.217
19,38735804,rs11667256,19,38823626,rs35349500,0.147
19,38735804,rs11667256,19,38823971,rs11673012,0.148
19,38735804,rs11667256,19,38824344,chr19_38824344_A_G,0.146
19,38735804,rs11667256,19,38824581,chr19_38824581_C_T,0.216
19,38735804,rs11667256,19,38825094,rs8101488,0.149
19,38735804,rs11667256,19,38825447,rs2368484,0.108
19,38735804,rs11667256,19,38826184,rs2041220,0.08
19,38735804,rs11667256,19,38826656,rs59898212,0.206
19,38735804,rs11667256,19,38826947,chr19_38826947_C_T,0.208
19,38735804,rs11667256,19,38827357,chr19_38827357_A_T,0.14
19,38735804,rs11667256,19,38827960,chr19_38827960_C_T,0.099
19,38735804,rs11667256,19,38828785,rs111491167,0.101
19,38735804,rs11667256,19,38829906,rs201307805,0.101
19,38735804,rs11667256,19,38830022,rs57681346,0.112
19,38735804,rs11667256,19,38830966,rs11669131,0.1
19,38735804,rs11667256,19,38831311,rs2887262,0.101
19,38735804,rs11667256,19,38832856,rs202060544,0.135
19,38735804,rs11667256,19,38832946,rs7252835,0.206
19,38735804,rs11667256,19,38833114,rs75053104,0.151
19,38735804,rs11667256,19,38833350,chr19_38833350_C_T,0.138
19,38735804,rs11667256,19,38837886,rs111857844,0.152
19,38735804,rs11667256,19,38839732,rs4804046,0.142
19,38735804,rs11667256,19,38839859,rs2270093,0.152
19,38735804,rs11667256,19,38840139,rs2270094,0.152
19,38735804,rs11667256,19,38840805,chr19_38840805_C_T,0.092
19,38735804,rs11667256,19,38840896,rs2270095,0.207
19,38735804,rs11667256,19,38841714,chr19_38841714_A_C,0.147
19,38735804,rs11667256,19,38843512,chr19_38843512_A_G,0.099
19,38735804,rs11667256,19,38844144,rs3815345,0.207
19,38735804,rs11667256,19,38844673,chr19_38844674_INDEL_TT,0.167
19,38735804,rs11667256,19,38845869,rs2286473,0.092
19,38735804,rs11667256,19,38847431,rs2286475,0.192
19,38735804,rs11667256,19,38848796,rs4802351,0.096
19,38735804,rs11667256,19,38848861,rs8106895,0.149
19,38735804,rs11667256,19,38849315,chr19_38849315_A_G,0.069
19,38735804,rs11667256,19,38849609,rs58728151,0.204
19,38735804,rs11667256,19,38849691,rs60487067,0.11
19,38735804,rs11667256,19,38849710,rs57618695,0.204
19,38735804,rs11667256,19,38850246,rs60071299,0.205
19,38735804,rs11667256,19,38850759,chr19_38850759_A_G,0.204
19,38735804,rs11667256,19,38851930,rs11673203,0.08
19,38735804,rs11667256,19,38853297,rs2302183,0.097
19,38735804,rs11667256,19,38853659,chr19_38853659_C_T,0.107
19,38735804,rs11667256,19,38854554,rs4801723,0.109
19,38735804,rs11667256,19,38855346,rs11668651,0.098
19,38735804,rs11667256,19,38855981,rs12151131,0.167
19,38735804,rs11667256,19,38856245,chr19_38856245_A_G,0.097
19,38735804,rs11667256,19,38856338,rs142942535,0.098
19,38735804,rs11667256,19,38856372,rs73043037,0.203
19,38735804,rs11667256,19,38856491,rs61091932,0.1
19,38735804,rs11667256,19,38857085,rs12459746,0.134
19,38735804,rs11667256,19,38859043,rs11880532,0.082
19,38735804,rs11667256,19,38859586,rs2041221,0.085
19,38735804,rs11667256,19,38861333,chr19_38861333_A_G,0.398
19,38735804,rs11667256,19,38863072,rs71355000,0.166
19,38735804,rs11667256,19,38863464,rs34559316,0.166
19,38735804,rs11667256,19,38863621,rs201455538,0.403
19,38735804,rs11667256,19,38864699,rs1077994,0.068
19,38735804,rs11667256,19,38870790,rs57146784,0.085
19,38735804,rs11667256,19,38872335,rs2074981,0.064
19,38735804,rs11667256,19,38876464,rs11083455,0.074
19,38735804,rs11667256,19,38877997,rs62123482,0.436
19,38735804,rs11667256,19,38882781,chr19_38882781_G_T,0.099
19,38735804,rs11667256,19,38883585,rs12608722,0.084
19,38735804,rs11667256,19,38883797,rs61162240,0.1
19,38735804,rs11667256,19,38884170,rs6508790,0.084
19,38735804,rs11667256,19,38888587,rs74258643,0.051
19,38735804,rs11667256,19,38890525,rs61599470,0.082
19,38735804,rs11667256,19,38891479,rs34323602,0.367
19,38735804,rs11667256,19,38891488,rs74258644,0.051
19,38735804,rs11667256,19,38902446,chr19_38902446_A_G,0.06
19,38735804,rs11667256,19,38903099,rs4075613,0.086
19,38735804,rs11667256,19,38905239,rs10411217,0.081
19,38735804,rs11667256,19,38905683,rs10412098,0.08
19,38735804,rs11667256,19,38906993,rs12986169,0.089
19,38735804,rs11667256,19,38907585,rs3810342,0.098
19,38735804,rs11667256,19,38909639,rs12609246,0.076
19,38735804,rs11667256,19,38910063,rs12611194,0.076
19,38735804,rs11667256,19,38910395,rs8111290,0.051
19,38735804,rs11667256,19,38912597,chr19_38912597_A_G,0.141
19,38735804,rs11667256,19,38912764,rs892055,0.151
19,38735804,rs11667256,19,38913998,rs6508795,0.155
19,38735804,rs11667256,19,38914920,rs10419454,0.156
19,38735804,rs11667256,19,38917597,rs6508796,0.156
19,38735804,rs11667256,19,38918016,rs71165540,0.149
19,38735804,rs11667256,19,38920836,rs11083456,0.125
19,38735804,rs11667256,19,38927961,rs4801752,0.151
19,38735804,rs11667256,19,38931982,rs3786828,0.066
19,38735804,rs11667256,19,38932386,rs892053,0.07
19,38735804,rs11667256,19,38935280,rs2229139,0.086
19,38735804,rs11667256,19,38935350,rs35018208,0.086
19,38735804,rs11667256,19,38935635,rs11665761,0.089
19,38735804,rs11667256,19,38935948,chr19_38935948_C_T,0.089
19,38735804,rs11667256,19,38936277,chr19_38936277_A_G,0.056
19,38735804,rs11667256,19,38936351,chr19_38936351_A_G,0.089
19,38735804,rs11667256,19,38936420,rs11083458,0.089
19,38735804,rs11667256,19,38936494,rs11083459,0.089
19,38735804,rs11667256,19,38936535,rs60535236,0.089
19,38735804,rs11667256,19,38936653,rs7249795,0.089
19,38735804,rs11667256,19,38936803,rs7254048,0.089
19,38735804,rs11667256,19,38936836,chr19_38936836_C_T,0.089
19,38735804,rs11667256,19,38937550,rs73930577,0.06
19,38735804,rs11667256,19,38937863,rs147870495,0.088
19,38735804,rs11667256,19,38940082,rs12610496,0.096
19,38735804,rs11667256,19,38941431,rs7255958,0.073
19,38735804,rs11667256,19,38941599,rs4802467,0.072
19,38735804,rs11667256,19,38941644,rs7256131,0.078
19,38735804,rs11667256,19,38941645,chr19_38941645_C_T,0.072
19,38735804,rs11667256,19,38943728,rs12460768,0.072
19,38735804,rs11667256,19,38944716,rs7246436,0.073
19,38735804,rs11667256,19,38944727,rs7246443,0.072
19,38735804,rs11667256,19,38945240,rs12980439,0.072
19,38735804,rs11667256,19,38945402,chr19_38945402_A_G,0.077
19,38735804,rs11667256,19,38945428,rs72192667,0.072
19,38735804,rs11667256,19,38946182,rs2288888,0.068
19,38735804,rs11667256,19,38946215,rs2288889,0.068
19,38735804,rs11667256,19,38946786,rs36068366,0.067
19,38735804,rs11667256,19,38946851,rs10422917,0.068
19,38735804,rs11667256,19,38946904,rs10423111,0.068
19,38735804,rs11667256,19,38947366,chr19_38947366_A_T,0.053
19,38735804,rs11667256,19,38948356,chr19_38948356_C_T,0.055
19,38735804,rs11667256,19,38948420,chr19_38948420_C_G,0.088
19,38735804,rs11667256,19,38949414,rs7252208,0.055
19,38735804,rs11667256,19,38949505,rs7252456,0.074
19,38735804,rs11667256,19,38949729,chr19_38949729_G_T,0.055
19,38735804,rs11667256,19,38949904,rs3745847,0.055
19,38735804,rs11667256,19,38950306,rs138474097,0.055
19,38735804,rs11667256,19,38950947,chr19_38950947_C_T,0.055
19,38735804,rs11667256,19,38951794,rs143176132,0.057
19,38735804,rs11667256,19,38952850,chr19_38952850_C_G,0.06
19,38735804,rs11667256,19,38953055,rs4802479,0.079
19,38735804,rs11667256,19,38953109,rs4802481,0.06
19,38735804,rs11667256,19,38955583,chr19_38955583_A_G,0.087
19,38735804,rs11667256,19,38956176,rs7259574,0.088
19,38735804,rs11667256,19,38956803,rs2228069,0.068
19,38735804,rs11667256,19,38956839,rs2228070,0.052
19,38735804,rs11667256,19,38957420,rs4801763,0.083
19,38735804,rs11667256,19,38957571,rs4802484,0.082
19,38735804,rs11667256,19,38958743,rs12460284,0.068
19,38735804,rs11667256,19,38959680,rs11083462,0.082
19,38757315,rs5828007,19,38476173,rs1643459,0.052
19,38757315,rs5828007,19,38514318,chr19_38514318_A_G,0.077
19,38757315,rs5828007,19,38662881,rs11672555,0.07
19,38757315,rs5828007,19,38694050,chr19_38694050_C_T,0.061
19,38757315,rs5828007,19,38705514,rs7256404,0.052
19,38757315,rs5828007,19,38705928,rs12984978,0.061
19,38757315,rs5828007,19,38708398,rs2304175,0.063
19,38757315,rs5828007,19,38708970,chr19_38708970_C_T,0.06
19,38757315,rs5828007,19,38709568,rs2255456,0.064
19,38757315,rs5828007,19,38712919,chr19_38712919_C_T,0.103
19,38757315,rs5828007,19,38713696,rs2278435,0.052
19,38757315,rs5828007,19,38715814,rs12978169,0.118
19,38757315,rs5828007,19,38715972,rs12978031,0.12
19,38757315,rs5828007,19,38716529,rs59920484,0.091
19,38757315,rs5828007,19,38717180,rs12973734,0.221
19,38757315,rs5828007,19,38717264,chr19_38717264_A_G,0.22
19,38757315,rs5828007,19,38717378,rs7253473,0.22
19,38757315,rs5828007,19,38717758,rs8108197,0.221
19,38757315,rs5828007,19,38719007,rs2384781,0.222
19,38757315,rs5828007,19,38719302,rs8101485,0.222
19,38757315,rs5828007,19,38721268,19:38721268:AAAGAG:A,0.226
19,38757315,rs5828007,19,38721682,rs7256364,0.226
19,38757315,rs5828007,19,38723182,rs8109991,0.228
19,38757315,rs5828007,19,38725030,rs8103692,0.37
19,38757315,rs5828007,19,38725079,rs8104572,0.281
19,38757315,rs5828007,19,38725344,rs10408973,0.23
19,38757315,rs5828007,19,38725416,chr19_38725416_C_T,0.113
19,38757315,rs5828007,19,38725547,chr19_38725547_A_T,0.315
19,38757315,rs5828007,19,38725570,chr19_38725570_A_G,0.055
19,38757315,rs5828007,19,38725859,rs12974417,0.428
19,38757315,rs5828007,19,38726076,rs7253820,0.481
19,38757315,rs5828007,19,38727640,chr19_38727640_A_T,0.651
19,38757315,rs5828007,19,38728214,rs1036233,0.247
19,38757315,rs5828007,19,38731662,rs7246060,0.281
19,38757315,rs5828007,19,38732391,rs35705212,0.176
19,38757315,rs5828007,19,38732583,rs57822461,0.213
19,38757315,rs5828007,19,38733453,rs58993215,0.448
19,38757315,rs5828007,19,38733643,rs4802295,0.201
19,38757315,rs5828007,19,38735040,rs35131833,0.312
19,38757315,rs5828007,19,38735309,rs58749430,0.245
19,38757315,rs5828007,19,38735458,chr19_38735459_AATC_INDEL,0.243
19,38757315,rs5828007,19,38735480,rs8102454,0.786
19,38757315,rs5828007,19,38735586,chr19_38735586_A_G,0.243
19,38757315,rs5828007,19,38735613,rs8102476,0.788
19,38757315,rs5828007,19,38735804,rs11667256,0.85
19,38757315,rs5828007,19,38736485,rs35946591,0.267
19,38757315,rs5828007,19,38737259,rs74392510,0.244
19,38757315,rs5828007,19,38737632,rs113417040,0.245
19,38757315,rs5828007,19,38738130,rs4802297,0.86
19,38757315,rs5828007,19,38739995,rs11083449,0.293
19,38757315,rs5828007,19,38740183,rs12975244,0.084
19,38757315,rs5828007,19,38740336,rs4803922,0.292
19,38757315,rs5828007,19,38740925,rs12981216,0.79
19,38757315,rs5828007,19,38742846,rs12983492,0.084
19,38757315,rs5828007,19,38743371,rs55997240,0.246
19,38757315,rs5828007,19,38743962,rs12976534,0.862
19,38757315,rs5828007,19,38744385,rs58363960,0.246
19,38757315,rs5828007,19,38744733,rs12610267,0.863
19,38757315,rs5828007,19,38746037,rs74999202,0.245
19,38757315,rs5828007,19,38746272,rs12611084,0.852
19,38757315,rs5828007,19,38746567,rs4803934,0.865
19,38757315,rs5828007,19,38747117,rs8100395,0.867
19,38757315,rs5828007,19,38747272,rs7247241,0.867
19,38757315,rs5828007,19,38747449,rs10652797,0.812
19,38757315,rs5828007,19,38748270,rs12981507,0.27
19,38757315,rs5828007,19,38748684,rs71165528,0.695
19,38757315,rs5828007,19,38748913,rs11668070,0.868
19,38757315,rs5828007,19,38749329,rs191802031,0.26
19,38757315,rs5828007,19,38749390,rs112048422,0.262
19,38757315,rs5828007,19,38750100,rs34582151,0.794
19,38757315,rs5828007,19,38752266,rs75320625,0.247
19,38757315,rs5828007,19,38752498,rs34292467,0.272
19,38757315,rs5828007,19,38753062,rs76649675,0.289
19,38757315,rs5828007,19,38753625,rs7250689,0.878
19,38757315,rs5828007,19,38753676,chr19_38753676_A_C,0.257
19,38757315,rs5828007,19,38753786,chr19_38753786_G_T,0.257
19,38757315,rs5828007,19,38754239,rs11083450,0.879
19,38757315,rs5828007,19,38754246,rs34364613,0.068
19,38757315,rs5828007,19,38754401,chr19_38754401_C_T,0.054
19,38757315,rs5828007,19,38754948,rs17554832,0.258
19,38757315,rs5828007,19,38754988,rs17554839,0.258
19,38757315,rs5828007,19,38754994,rs17526154,0.134
19,38757315,rs5828007,19,38755092,rs17526168,0.258
19,38757315,rs5828007,19,38755406,rs1046773,0.258
19,38757315,rs5828007,19,38755864,chr19_38755864_C_T,0.257
19,38757315,rs5828007,19,38756089,chr19_38756089_C_G,0.273
19,38757315,rs5828007,19,38757012,rs56219560,0.258
19,38757315,rs5828007,19,38757121,rs55978203,0.258
19,38757315,rs5828007,19,38757315,rs5828007,1
19,38757315,rs5828007,19,38758140,chr19_38758140_A_G,0.111
19,38757315,rs5828007,19,38758471,chr19_38758471_A_G,0.172
19,38757315,rs5828007,19,38758610,chr19_38758610_C_T,0.069
19,38757315,rs5828007,19,38758730,rs73037309,0.069
19,38757315,rs5828007,19,38758752,chr19_38758752_C_T,0.17
19,38757315,rs5828007,19,38758942,rs3786874,0.069
19,38757315,rs5828007,19,38759018,chr19_38759018_G_T,0.069
19,38757315,rs5828007,19,38759103,chr19_38759103_C_T,0.172
19,38757315,rs5828007,19,38759180,chr19_38759180_C_T,0.649
19,38757315,rs5828007,19,38759404,rs4803964,0.214
19,38757315,rs5828007,19,38759406,rs3222973,0.457
19,38757315,rs5828007,19,38759747,rs373675862,0.069
19,38757315,rs5828007,19,38760375,rs142413656,0.07
19,38757315,rs5828007,19,38761163,chr19_38761163_C_T,0.061
19,38757315,rs5828007,19,38761732,chr19_38761732_C_INDEL,0.549
19,38757315,rs5828007,19,38761733,rs3786878,0.553
19,38757315,rs5828007,19,38761737,rs12610871,0.093
19,38757315,rs5828007,19,38763005,chr19_38763005_A_G,0.548
19,38757315,rs5828007,19,38763140,rs41465446,0.134
19,38757315,rs5828007,19,38765072,rs8101725,0.549
19,38757315,rs5828007,19,38765452,rs56121369,0.141
19,38757315,rs5828007,19,38765660,chr19_38765660_A_C,0.548
19,38757315,rs5828007,19,38765822,rs12610606,0.137
19,38757315,rs5828007,19,38766057,rs34508901,0.138
19,38757315,rs5828007,19,38766372,rs61301633,0.138
19,38757315,rs5828007,19,38766373,rs7251987,0.154
19,38757315,rs5828007,19,38767110,rs2891600,0.549
19,38757315,rs5828007,19,38768108,rs7245454,0.138
19,38757315,rs5828007,19,38769846,rs35501271,0.113
19,38757315,rs5828007,19,38769994,rs36035956,0.506
19,38757315,rs5828007,19,38771083,chr19_38771083_C_T,0.132
19,38757315,rs5828007,19,38771175,chr19_38771175_A_G,0.11
19,38757315,rs5828007,19,38771366,chr19_38771366_G_INDEL,0.137
19,38757315,rs5828007,19,38771367,chr19_38771368_GTC_INDEL,0.137
19,38757315,rs5828007,19,38771917,rs73037326,0.138
19,38757315,rs5828007,19,38772077,rs12609354,0.061
19,38757315,rs5828007,19,38772481,rs12611009,0.549
19,38757315,rs5828007,19,38772978,chr19_38772978_C_T,0.137
19,38757315,rs5828007,19,38773066,chr19_38773066_C_T,0.11
19,38757315,rs5828007,19,38773522,rs3826896,0.548
19,38757315,rs5828007,19,38773966,chr19_38773966_A_G,0.549
19,38757315,rs5828007,19,38774622,rs2060244,0.093
19,38757315,rs5828007,19,38774664,rs74849555,0.133
19,38757315,rs5828007,19,38777147,rs8101185,0.507
19,38757315,rs5828007,19,38777309,rs76499875,0.132
19,38757315,rs5828007,19,38777371,rs8101462,0.549
19,38757315,rs5828007,19,38777437,chr19_38777437_A_G,0.549
19,38757315,rs5828007,19,38777726,rs34565749,0.549
19,38757315,rs5828007,19,38777752,rs141488385,0.109
19,38757315,rs5828007,19,38778079,rs8105067,0.549
19,38757315,rs5828007,19,38778617,chr19_38778617_A_G,0.109
19,38757315,rs5828007,19,38778915,rs1006140,0.549
19,38757315,rs5828007,19,38779912,rs3745949,0.093
19,38757315,rs5828007,19,38780067,rs3745950,0.132
19,38757315,rs5828007,19,38783581,rs1821284,0.275
19,38757315,rs5828007,19,38784445,rs7254637,0.139
19,38757315,rs5828007,19,38784550,rs7253823,0.139
19,38757315,rs5828007,19,38784917,rs4802323,0.069
19,38757315,rs5828007,19,38785094,chr19_38785094_A_C,0.273
19,38757315,rs5828007,19,38785318,chr19_38785318_A_C,0.138
19,38757315,rs5828007,19,38785674,rs6508782,0.061
19,38757315,rs5828007,19,38785981,rs142816774,0.109
19,38757315,rs5828007,19,38787120,rs35366094,0.138
19,38757315,rs5828007,19,38787706,rs34276782,0.137
19,38757315,rs5828007,19,38787728,chr19_38787728_C_T,0.137
19,38757315,rs5828007,19,38787965,rs4803999,0.311
19,38757315,rs5828007,19,38789249,rs71354994,0.14
19,38757315,rs5828007,19,38790635,rs35436012,0.285
19,38757315,rs5828007,19,38790798,19:38790798:CAA:C,0.276
19,38757315,rs5828007,19,38791055,rs34992016,0.095
19,38757315,rs5828007,19,38791841,rs71354995,0.251
19,38757315,rs5828007,19,38792172,rs148041688,0.213
19,38757315,rs5828007,19,38792268,rs140841617,0.138
19,38757315,rs5828007,19,38792334,rs150132275,0.136
19,38757315,rs5828007,19,38792479,rs142724878,0.138
19,38757315,rs5828007,19,38793227,rs4802326,0.135
19,38757315,rs5828007,19,38793319,rs4802327,0.134
19,38757315,rs5828007,19,38793596,rs11672219,0.135
19,38757315,rs5828007,19,38794750,chr19_38794750_A_G,0.134
19,38757315,rs5828007,19,38794786,rs76682100,0.135
19,38757315,rs5828007,19,38794895,chr19_38794895_C_T,0.21
19,38757315,rs5828007,19,38795159,chr19_38795159_A_G,0.134
19,38757315,rs5828007,19,38795250,rs45437199,0.185
19,38757315,rs5828007,19,38795546,chr19_38795547_GAA_INDEL,0.134
19,38757315,rs5828007,19,38796383,chr19_38796383_A_G,0.083
19,38757315,rs5828007,19,38796572,rs112311840,0.135
19,38757315,rs5828007,19,38796578,rs150691531,0.135
19,38757315,rs5828007,19,38797043,rs114285267,0.103
19,38757315,rs5828007,19,38797189,chr19_38797189_A_G,0.217
19,38757315,rs5828007,19,38798086,chr19_38798086_A_G,0.216
19,38757315,rs5828007,19,38800165,chr19_38800165_A_G,0.136
19,38757315,rs5828007,19,38802413,chr19_38802413_G_T,0.084
19,38757315,rs5828007,19,38802989,rs11669230,0.131
19,38757315,rs5828007,19,38803589,chr19_38803590_CTT_INDEL,0.13
19,38757315,rs5828007,19,38803696,rs7260137,0.212
19,38757315,rs5828007,19,38804179,rs138023237,0.1
19,38757315,rs5828007,19,38804218,rs11881305,0.212
19,38757315,rs5828007,19,38806331,chr19_38806331_C_G,0.16
19,38757315,rs5828007,19,38806772,rs7257537,0.195
19,38757315,rs5828007,19,38806993,rs3214617,0.233
19,38757315,rs5828007,19,38807184,chr19_38807184_A_G,0.213
19,38757315,rs5828007,19,38807541,rs79590641,0.127
19,38757315,rs5828007,19,38808475,rs142110790,0.101
19,38757315,rs5828007,19,38808504,rs117234139,0.206
19,38757315,rs5828007,19,38808505,rs117624491,0.206
19,38757315,rs5828007,19,38808512,rs77912794,0.206
19,38757315,rs5828007,19,38808533,rs111958719,0.132
19,38757315,rs5828007,19,38808573,chr19_38808573_C_T,0.101
19,38757315,rs5828007,19,38811275,rs112827305,0.128
19,38757315,rs5828007,19,38811462,rs76086051,0.13
19,38757315,rs5828007,19,38813496,rs144522878,0.132
19,38757315,rs5828007,19,38814725,chr19_38814725_C_T,0.174
19,38757315,rs5828007,19,38815217,rs35478630,0.17
19,38757315,rs5828007,19,38815372,chr19_38815372_A_G,0.13
19,38757315,rs5828007,19,38815483,rs12611255,0.176
19,38757315,rs5828007,19,38815665,rs4804016,0.131
19,38757315,rs5828007,19,38815760,19:38815760:CTT:C,0.126
19,38757315,rs5828007,19,38816976,rs79381523,0.132
19,38757315,rs5828007,19,38817486,rs3745951,0.179
19,38757315,rs5828007,19,38817876,exm1462039,0.13
19,38757315,rs5828007,19,38818299,chr19_38818299_C_T,0.177
19,38757315,rs5828007,19,38818751,chr19_38818751_A_G,0.177
19,38757315,rs5828007,19,38818925,rs931749,0.178
19,38757315,rs5828007,19,38819098,chr19_38819098_A_G,0.177
19,38757315,rs5828007,19,38819463,rs61160177,0.175
19,38757315,rs5828007,19,38819666,rs138693052,0.176
19,38757315,rs5828007,19,38820528,rs77862444,0.131
19,38757315,rs5828007,19,38821041,chr19_38821041_G_T,0.177
19,38757315,rs5828007,19,38821282,rs6508786,0.159
19,38757315,rs5828007,19,38821474,rs4386247,0.178
19,38757315,rs5828007,19,38821697,rs12609247,0.175
19,38757315,rs5828007,19,38821709,rs118185142,0.178
19,38757315,rs5828007,19,38822855,19:38822855:CT:C,0.161
19,38757315,rs5828007,19,38823202,chr19_38823202_G_T,0.175
19,38757315,rs5828007,19,38823626,rs35349500,0.179
19,38757315,rs5828007,19,38823971,rs11673012,0.179
19,38757315,rs5828007,19,38824344,chr19_38824344_A_G,0.177
19,38757315,rs5828007,19,38824581,chr19_38824581_C_T,0.174
19,38757315,rs5828007,19,38825094,rs8101488,0.18
19,38757315,rs5828007,19,38825447,rs2368484,0.132
19,38757315,rs5828007,19,38826184,rs2041220,0.1
19,38757315,rs5828007,19,38826656,rs59898212,0.166
19,38757315,rs5828007,19,38826947,chr19_38826947_C_T,0.167
19,38757315,rs5828007,19,38827357,chr19_38827357_A_T,0.17
19,38757315,rs5828007,19,38827960,chr19_38827960_C_T,0.122
19,38757315,rs5828007,19,38828785,rs111491167,0.124
19,38757315,rs5828007,19,38829906,rs201307805,0.124
19,38757315,rs5828007,19,38830022,rs57681346,0.097
19,38757315,rs5828007,19,38830966,rs11669131,0.123
19,38757315,rs5828007,19,38831311,rs2887262,0.124
19,38757315,rs5828007,19,38832856,rs202060544,0.135
19,38757315,rs5828007,19,38832946,rs7252835,0.167
19,38757315,rs5828007,19,38833114,rs75053104,0.139
19,38757315,rs5828007,19,38833350,chr19_38833350_C_T,0.168
19,38757315,rs5828007,19,38837886,rs111857844,0.14
19,38757315,rs5828007,19,38839732,rs4804046,0.173
19,38757315,rs5828007,19,38839859,rs2270093,0.14
19,38757315,rs5828007,19,38840139,rs2270094,0.139
19,38757315,rs5828007,19,38840805,chr19_38840805_C_T,0.113
19,38757315,rs5828007,19,38840896,rs2270095,0.167
19,38757315,rs5828007,19,38841714,chr19_38841714_A_C,0.145
19,38757315,rs5828007,19,38843512,chr19_38843512_A_G,0.122
19,38757315,rs5828007,19,38844144,rs3815345,0.168
19,38757315,rs5828007,19,38844673,chr19_38844674_INDEL_TT,0.125
19,38757315,rs5828007,19,38845869,rs2286473,0.113
19,38757315,rs5828007,19,38847431,rs2286475,0.196
19,38757315,rs5828007,19,38848796,rs4802351,0.117
19,38757315,rs5828007,19,38848861,rs8106895,0.147
19,38757315,rs5828007,19,38849609,rs58728151,0.165
19,38757315,rs5828007,19,38849691,rs60487067,0.094
19,38757315,rs5828007,19,38849710,rs57618695,0.165
19,38757315,rs5828007,19,38850246,rs60071299,0.165
19,38757315,rs5828007,19,38850759,chr19_38850759_A_G,0.164
19,38757315,rs5828007,19,38851930,rs11673203,0.097
19,38757315,rs5828007,19,38853297,rs2302183,0.119
19,38757315,rs5828007,19,38853659,chr19_38853659_C_T,0.091
19,38757315,rs5828007,19,38854554,rs4801723,0.093
19,38757315,rs5828007,19,38855346,rs11668651,0.12
19,38757315,rs5828007,19,38855981,rs12151131,0.168
19,38757315,rs5828007,19,38856245,chr19_38856245_A_G,0.119
19,38757315,rs5828007,19,38856338,rs142942535,0.12
19,38757315,rs5828007,19,38856372,rs73043037,0.163
19,38757315,rs5828007,19,38856491,rs61091932,0.122
19,38757315,rs5828007,19,38857085,rs12459746,0.127
19,38757315,rs5828007,19,38861333,chr19_38861333_A_G,0.339
19,38757315,rs5828007,19,38863072,rs71355000,0.168
19,38757315,rs5828007,19,38863464,rs34559316,0.168
19,38757315,rs5828007,19,38863621,rs201455538,0.343
19,38757315,rs5828007,19,38870790,rs57146784,0.066
19,38757315,rs5828007,19,38877997,rs62123482,0.375
19,38757315,rs5828007,19,38883585,rs12608722,0.064
19,38757315,rs5828007,19,38884170,rs6508790,0.064
19,38757315,rs5828007,19,38891479,rs34323602,0.306
19,38757315,rs5828007,19,38902327,rs74983743,0.053
19,38757315,rs5828007,19,38902357,chr19_38902357_C_T,0.053
19,38757315,rs5828007,19,38902446,chr19_38902446_A_G,0.055
19,38757315,rs5828007,19,38902496,rs75709287,0.053
19,38757315,rs5828007,19,38902924,rs111394357,0.054
19,38757315,rs5828007,19,38903055,rs78834767,0.053
19,38757315,rs5828007,19,38903099,rs4075613,0.084
19,38757315,rs5828007,19,38905239,rs10411217,0.078
19,38757315,rs5828007,19,38905683,rs10412098,0.077
19,38757315,rs5828007,19,38906878,rs113665785,0.055
19,38757315,rs5828007,19,38906993,rs12986169,0.085
19,38757315,rs5828007,19,38907585,rs3810342,0.096
19,38757315,rs5828007,19,38909639,rs12609246,0.068
19,38757315,rs5828007,19,38910063,rs12611194,0.068
19,38757315,rs5828007,19,38912597,chr19_38912597_A_G,0.135
19,38757315,rs5828007,19,38912764,rs892055,0.144
19,38757315,rs5828007,19,38913998,rs6508795,0.148
19,38757315,rs5828007,19,38914920,rs10419454,0.147
19,38757315,rs5828007,19,38917597,rs6508796,0.148
19,38757315,rs5828007,19,38918016,rs71165540,0.141
19,38757315,rs5828007,19,38920836,rs11083456,0.117
19,38757315,rs5828007,19,38927961,rs4801752,0.143
19,38757315,rs5828007,19,38931982,rs3786828,0.058
19,38757315,rs5828007,19,38932386,rs892053,0.064
19,38757315,rs5828007,19,38935280,rs2229139,0.083
19,38757315,rs5828007,19,38935350,rs35018208,0.083
19,38757315,rs5828007,19,38935635,rs11665761,0.085
19,38757315,rs5828007,19,38935948,chr19_38935948_C_T,0.085
19,38757315,rs5828007,19,38936351,chr19_38936351_A_G,0.086
19,38757315,rs5828007,19,38936420,rs11083458,0.085
19,38757315,rs5828007,19,38936494,rs11083459,0.085
19,38757315,rs5828007,19,38936535,rs60535236,0.085
19,38757315,rs5828007,19,38936653,rs7249795,0.085
19,38757315,rs5828007,19,38936803,rs7254048,0.085
19,38757315,rs5828007,19,38936836,chr19_38936836_C_T,0.085
19,38757315,rs5828007,19,38937550,rs73930577,0.052
19,38757315,rs5828007,19,38937863,rs147870495,0.084
19,38757315,rs5828007,19,38940082,rs12610496,0.082
19,38757315,rs5828007,19,38941431,rs7255958,0.065
19,38757315,rs5828007,19,38941599,rs4802467,0.065
19,38757315,rs5828007,19,38941644,rs7256131,0.073
19,38757315,rs5828007,19,38941645,chr19_38941645_C_T,0.065
19,38757315,rs5828007,19,38943728,rs12460768,0.065
19,38757315,rs5828007,19,38944716,rs7246436,0.065
19,38757315,rs5828007,19,38944727,rs7246443,0.065
19,38757315,rs5828007,19,38945240,rs12980439,0.065
19,38757315,rs5828007,19,38945402,chr19_38945402_A_G,0.072
19,38757315,rs5828007,19,38945428,rs72192667,0.064
19,38757315,rs5828007,19,38946182,rs2288888,0.061
19,38757315,rs5828007,19,38946215,rs2288889,0.061
19,38757315,rs5828007,19,38946786,rs36068366,0.061
19,38757315,rs5828007,19,38946851,rs10422917,0.061
19,38757315,rs5828007,19,38946904,rs10423111,0.061
19,38757315,rs5828007,19,38948420,chr19_38948420_C_G,0.068
19,38757315,rs5828007,19,38949505,rs7252456,0.07
19,38757315,rs5828007,19,38951794,rs143176132,0.051
19,38757315,rs5828007,19,38952850,chr19_38952850_C_G,0.054
19,38757315,rs5828007,19,38953055,rs4802479,0.074
19,38757315,rs5828007,19,38953109,rs4802481,0.053
19,38757315,rs5828007,19,38955583,chr19_38955583_A_G,0.079
19,38757315,rs5828007,19,38956176,rs7259574,0.079
19,38757315,rs5828007,19,38956803,rs2228069,0.06
19,38757315,rs5828007,19,38957420,rs4801763,0.076
19,38757315,rs5828007,19,38957571,rs4802484,0.076
19,38757315,rs5828007,19,38958743,rs12460284,0.06
19,38757315,rs5828007,19,38959680,rs11083462,0.075
