CHR_A,BP_A,SNP_A,CHR_B,BP_B,SNP_B,R2
17,69104938,rs7222314,17,69009752,chr17_69009752_A_C,0.063
17,69104938,rs7222314,17,69020025,chr17_69020025_A_G,0.064
17,69104938,rs7222314,17,69032907,rs12150659,0.082
17,69104938,rs7222314,17,69033000,chr17_69033000_A_G,0.081
17,69104938,rs7222314,17,69033711,rs59597205,0.087
17,69104938,rs7222314,17,69034130,rs17177590,0.108
17,69104938,rs7222314,17,69034201,rs66665781,0.077
17,69104938,rs7222314,17,69034202,rs2193343,0.056
17,69104938,rs7222314,17,69034408,rs35538352,0.091
17,69104938,rs7222314,17,69037369,rs56000426,0.107
17,69104938,rs7222314,17,69039621,rs12449882,0.071
17,69104938,rs7222314,17,69039982,rs12150119,0.107
17,69104938,rs7222314,17,69040912,chr17_69040912_C_T,0.092
17,69104938,rs7222314,17,69042745,rs72868323,0.108
17,69104938,rs7222314,17,69042937,rs2367148,0.072
17,69104938,rs7222314,17,69044696,rs72868325,0.108
17,69104938,rs7222314,17,69046048,rs72490441,0.108
17,69104938,rs7222314,17,69046230,rs10570989,0.118
17,69104938,rs7222314,17,69047151,rs184903948,0.106
17,69104938,rs7222314,17,69048782,rs55791411,0.107
17,69104938,rs7222314,17,69050570,chr17_69050570_C_T,0.126
17,69104938,rs7222314,17,69052408,chr17_69052408_C_T,0.106
17,69104938,rs7222314,17,69052472,rs2367243,0.066
17,69104938,rs7222314,17,69052537,rs34530750,0.066
17,69104938,rs7222314,17,69056568,rs35542168,0.071
17,69104938,rs7222314,17,69056825,rs2058843,0.129
17,69104938,rs7222314,17,69056898,rs56089341,0.1
17,69104938,rs7222314,17,69060121,rs55698767,0.102
17,69104938,rs7222314,17,69061947,chr17_69061947_A_G,0.065
17,69104938,rs7222314,17,69063133,chr17_69063133_C_T,0.062
17,69104938,rs7222314,17,69064550,chr17_69064550_A_G,0.125
17,69104938,rs7222314,17,69064619,chr17_69064619_A_C,0.106
17,69104938,rs7222314,17,69065926,rs4426387,0.084
17,69104938,rs7222314,17,69066169,rs4338831,0.102
17,69104938,rs7222314,17,69066268,rs4340369,0.077
17,69104938,rs7222314,17,69066296,rs7503449,0.054
17,69104938,rs7222314,17,69066314,rs28781584,0.077
17,69104938,rs7222314,17,69068565,rs11871999,0.094
17,69104938,rs7222314,17,69070190,rs4793526,0.287
17,69104938,rs7222314,17,69070197,rs4793527,0.287
17,69104938,rs7222314,17,69070534,chr17_69070535_C_INDEL,0.092
17,69104938,rs7222314,17,69070597,chr17_69070597_C_G,0.281
17,69104938,rs7222314,17,69070741,chr17_69070741_C_T,0.286
17,69104938,rs7222314,17,69070743,rs12945793,0.286
17,69104938,rs7222314,17,69070867,chr17_69070867_G_INDEL,0.285
17,69104938,rs7222314,17,69070869,chr17_69070869_G_T,0.286
17,69104938,rs7222314,17,69071173,chr17_69071173_A_T,0.083
17,69104938,rs7222314,17,69071206,chr17_69071206_A_G,0.286
17,69104938,rs7222314,17,69071872,rs35968966,0.286
17,69104938,rs7222314,17,69072094,chr17_69072094_C_T,0.285
17,69104938,rs7222314,17,69072153,rs75009424,0.093
17,69104938,rs7222314,17,69072253,rs1861690,0.291
17,69104938,rs7222314,17,69072531,rs2367245,0.279
17,69104938,rs7222314,17,69072537,chr17_69072537_G_T,0.279
17,69104938,rs7222314,17,69072555,chr17_69072555_A_T,0.279
17,69104938,rs7222314,17,69072712,chr17_69072712_C_T,0.279
17,69104938,rs7222314,17,69072760,chr17_69072760_A_G,0.278
17,69104938,rs7222314,17,69072864,rs2367249,0.279
17,69104938,rs7222314,17,69073192,rs9898686,0.109
17,69104938,rs7222314,17,69073319,rs9899756,0.109
17,69104938,rs7222314,17,69073420,rs141048281,0.094
17,69104938,rs7222314,17,69073645,rs68120025,0.109
17,69104938,rs7222314,17,69073670,rs68193035,0.109
17,69104938,rs7222314,17,69074056,rs67158616,0.094
17,69104938,rs7222314,17,69074248,chr17_69074248_C_T,0.171
17,69104938,rs7222314,17,69074264,chr17_69074264_A_G,0.279
17,69104938,rs7222314,17,69074299,chr17_69074299_C_T,0.279
17,69104938,rs7222314,17,69074349,rs7215968,0.279
17,69104938,rs7222314,17,69074400,chr17_69074400_C_T,0.279
17,69104938,rs7222314,17,69074425,rs7215998,0.279
17,69104938,rs7222314,17,69074616,rs202144927,0.109
17,69104938,rs7222314,17,69074779,rs9906150,0.108
17,69104938,rs7222314,17,69075312,chr17_69075312_A_G,0.069
17,69104938,rs7222314,17,69075359,chr17_69075359_A_G,0.094
17,69104938,rs7222314,17,69076018,rs371344418,0.05
17,69104938,rs7222314,17,69076662,rs56023694,0.125
17,69104938,rs7222314,17,69076791,rs2080539,0.067
17,69104938,rs7222314,17,69076979,rs2080540,0.067
17,69104938,rs7222314,17,69077078,rs2098431,0.054
17,69104938,rs7222314,17,69077109,rs12452747,0.054
17,69104938,rs7222314,17,69077279,rs12950552,0.054
17,69104938,rs7222314,17,69077494,rs12944225,0.054
17,69104938,rs7222314,17,69077744,rs11871500,0.054
17,69104938,rs7222314,17,69078029,chr17_69078029_A_C,0.054
17,69104938,rs7222314,17,69078265,rs76305939,0.152
17,69104938,rs7222314,17,69078523,rs28509409,0.054
17,69104938,rs7222314,17,69078666,rs28479625,0.054
17,69104938,rs7222314,17,69078669,rs28479657,0.054
17,69104938,rs7222314,17,69078988,rs28522706,0.054
17,69104938,rs7222314,17,69079007,rs34177527,0.054
17,69104938,rs7222314,17,69079172,rs28608720,0.054
17,69104938,rs7222314,17,69079233,rs201287919,0.054
17,69104938,rs7222314,17,69079336,rs11870970,0.054
17,69104938,rs7222314,17,69079435,rs11077544,0.054
17,69104938,rs7222314,17,69079470,rs11077545,0.16
17,69104938,rs7222314,17,69079719,rs58507988,0.054
17,69104938,rs7222314,17,69080266,rs12948425,0.054
17,69104938,rs7222314,17,69080285,rs12938367,0.054
17,69104938,rs7222314,17,69080344,rs145452091,0.152
17,69104938,rs7222314,17,69080503,chr17_69080503_A_G,0.054
17,69104938,rs7222314,17,69080616,chr17_69080617_G_INDEL,0.054
17,69104938,rs7222314,17,69080708,chr17_69080708_C_T,0.054
17,69104938,rs7222314,17,69080781,rs7221739,0.054
17,69104938,rs7222314,17,69081078,rs9890229,0.054
17,69104938,rs7222314,17,69081148,rs11867272,0.158
17,69104938,rs7222314,17,69081268,rs8068751,0.067
17,69104938,rs7222314,17,69081670,chr17_69081670_A_G,0.054
17,69104938,rs7222314,17,69081725,rs71357769,0.054
17,69104938,rs7222314,17,69081918,rs9897691,0.051
17,69104938,rs7222314,17,69081936,rs9900129,0.051
17,69104938,rs7222314,17,69082074,rs9898123,0.057
17,69104938,rs7222314,17,69082141,rs34206118,0.055
17,69104938,rs7222314,17,69082157,rs9899952,0.055
17,69104938,rs7222314,17,69082786,chr17_69082786_G_T,0.067
17,69104938,rs7222314,17,69083027,rs9905626,0.055
17,69104938,rs7222314,17,69083062,rs9905810,0.055
17,69104938,rs7222314,17,69083080,rs9914290,0.055
17,69104938,rs7222314,17,69083160,rs57019730,0.055
17,69104938,rs7222314,17,69083267,rs9906277,0.055
17,69104938,rs7222314,17,69083307,rs116737899,0.057
17,69104938,rs7222314,17,69083309,rs113415874,0.057
17,69104938,rs7222314,17,69083331,rs9908858,0.057
17,69104938,rs7222314,17,69083562,rs113256689,0.055
17,69104938,rs7222314,17,69083685,rs9915679,0.068
17,69104938,rs7222314,17,69084380,chr17_69084380_C_T,0.164
17,69104938,rs7222314,17,69085396,chr17_69085396_G_T,0.052
17,69104938,rs7222314,17,69085577,rs11652143,0.157
17,69104938,rs7222314,17,69086771,rs9904895,0.176
17,69104938,rs7222314,17,69087104,rs9909477,0.068
17,69104938,rs7222314,17,69088651,chr17_69088651_A_G,0.176
17,69104938,rs7222314,17,69088821,rs55780792,0.195
17,69104938,rs7222314,17,69088823,rs28626361,0.175
17,69104938,rs7222314,17,69089167,chr17_69089167_A_C,0.093
17,69104938,rs7222314,17,69089434,chr17_69089434_G_T,0.307
17,69104938,rs7222314,17,69089507,rs9914833,0.174
17,69104938,rs7222314,17,69090077,rs7212301,0.17
17,69104938,rs7222314,17,69090517,rs149792086,0.17
17,69104938,rs7222314,17,69092586,chr17_69092586_C_T,0.169
17,69104938,rs7222314,17,69093492,rs12453898,0.09
17,69104938,rs7222314,17,69094568,rs17765273,0.308
17,69104938,rs7222314,17,69094959,chr17_69094959_G_T,0.176
17,69104938,rs7222314,17,69096808,chr17_69096808_C_T,0.091
17,69104938,rs7222314,17,69097293,rs7212237,0.33
17,69104938,rs7222314,17,69098801,rs9302931,0.182
17,69104938,rs7222314,17,69099300,rs10852729,0.182
17,69104938,rs7222314,17,69099310,rs2159033,0.295
17,69104938,rs7222314,17,69099380,rs2886911,0.309
17,69104938,rs7222314,17,69099827,chr17_69099827_C_T,0.135
17,69104938,rs7222314,17,69100197,chr17_69100197_A_G,0.069
17,69104938,rs7222314,17,69100748,rs16976409,0.069
17,69104938,rs7222314,17,69101244,chr17_69101244_C_T,0.216
17,69104938,rs7222314,17,69101420,rs9910903,0.068
17,69104938,rs7222314,17,69101453,chr17_69101453_A_T,0.068
17,69104938,rs7222314,17,69101576,chr17_69101576_A_G,0.219
17,69104938,rs7222314,17,69101837,rs9910199,0.068
17,69104938,rs7222314,17,69103162,rs7211190,0.187
17,69104938,rs7222314,17,69103635,chr17_69103635_C_T,0.069
17,69104938,rs7222314,17,69103758,chr17_69103758_A_G,0.152
17,69104938,rs7222314,17,69104938,rs7222314,1
17,69104938,rs7222314,17,69104964,rs11077547,0.493
17,69104938,rs7222314,17,69105350,rs16976411,0.154
17,69104938,rs7222314,17,69105584,rs991528,0.173
17,69104938,rs7222314,17,69106000,rs11293277,0.903
17,69104938,rs7222314,17,69106742,rs17765332,0.994
17,69104938,rs7222314,17,69106874,rs17765344,0.968
17,69104938,rs7222314,17,69106887,rs113328478,0.936
17,69104938,rs7222314,17,69106912,rs62062347,0.152
17,69104938,rs7222314,17,69106937,rs9908087,0.969
17,69104938,rs7222314,17,69106980,rs141271147,0.475
17,69104938,rs7222314,17,69107018,rs9901566,0.969
17,69104938,rs7222314,17,69107673,rs8071558,0.968
17,69104938,rs7222314,17,69107816,rs8072254,0.969
17,69104938,rs7222314,17,69108127,rs984434,0.968
17,69104938,rs7222314,17,69108753,rs1859962,0.964
17,69104938,rs7222314,17,69109618,chr17_69109618_C_T,0.501
17,69104938,rs7222314,17,69109773,rs991429,0.965
17,69104938,rs7222314,17,69110640,chr17_69110640_G_T,0.079
17,69104938,rs7222314,17,69110773,chr17_69110773_A_G,0.503
17,69104938,rs7222314,17,69110923,rs7217073,0.967
17,69104938,rs7222314,17,69110932,rs7216498,0.908
17,69104938,rs7222314,17,69111098,chr17_69111098_A_G,0.524
17,69104938,rs7222314,17,69111219,rs56966654,0.965
17,69104938,rs7222314,17,69112051,chr17_69112051_C_T,0.097
17,69104938,rs7222314,17,69112233,chr17_69112233_A_G,0.492
17,69104938,rs7222314,17,69113107,rs1859963,0.992
17,69104938,rs7222314,17,69113577,chr17_69113577_A_T,0.47
17,69104938,rs7222314,17,69114270,chr17_69114270_C_G,0.162
17,69104938,rs7222314,17,69114655,rs11357418,0.12
17,69104938,rs7222314,17,69115146,rs9889335,0.966
17,69104938,rs7222314,17,69115358,rs9911515,0.967
17,69104938,rs7222314,17,69116230,rs4328484,0.501
17,69104938,rs7222314,17,69116817,chr17_69116817_A_G,0.149
17,69104938,rs7222314,17,69116935,rs8068266,0.993
17,69104938,rs7222314,17,69117214,rs8072735,0.993
17,69104938,rs7222314,17,69117532,rs148511027,0.993
17,69104938,rs7222314,17,69118087,chr17_69118087_C_T,0.128
17,69104938,rs7222314,17,69118401,chr17_69118401_A_G,0.151
17,69104938,rs7222314,17,69118437,rs9893698,0.98
17,69104938,rs7222314,17,69118636,rs4793529,0.99
17,69104938,rs7222314,17,69119290,rs6501436,0.966
17,69104938,rs7222314,17,69119291,chr17_69119291_C_T,0.151
17,69104938,rs7222314,17,69119481,chr17_69119481_C_T,0.485
17,69104938,rs7222314,17,69119588,rs11386981,0.751
17,69104938,rs7222314,17,69119972,rs6501437,0.823
17,69104938,rs7222314,17,69120160,chr17_69120160_A_G,0.827
17,69104938,rs7222314,17,69120695,chr17_69120695_A_G,0.782
17,69104938,rs7222314,17,69120855,rs8079315,0.769
17,69104938,rs7222314,17,69120892,rs61572722,0.129
17,69104938,rs7222314,17,69120962,rs62062352,0.111
17,69104938,rs7222314,17,69121276,rs5821825,0.763
17,69104938,rs7222314,17,69121286,rs2367256,0.766
17,69104938,rs7222314,17,69121331,chr17_69121331_A_G,0.768
17,69104938,rs7222314,17,69121341,chr17_69121341_A_G,0.768
17,69104938,rs7222314,17,69121396,chr17_69121396_A_G,0.069
17,69104938,rs7222314,17,69121597,chr17_69121597_G_T,0.762
17,69104938,rs7222314,17,69121631,chr17_69121631_C_G,0.765
17,69104938,rs7222314,17,69121643,chr17_69121643_A_G,0.766
17,69104938,rs7222314,17,69121755,chr17_69121755_A_C,0.76
17,69104938,rs7222314,17,69121783,chr17_69121783_A_G,0.739
17,69104938,rs7222314,17,69121845,chr17_69121845_C_T,0.759
17,69104938,rs7222314,17,69121935,chr17_69121935_A_G,0.759
17,69104938,rs7222314,17,69122410,chr17_69122410_A_T,0.755
17,69104938,rs7222314,17,69122468,chr17_69122468_C_T,0.759
17,69104938,rs7222314,17,69122480,rs17224666,0.76
17,69104938,rs7222314,17,69122693,chr17_69122693_C_T,0.758
17,69104938,rs7222314,17,69122764,rs17765410,0.126
17,69104938,rs7222314,17,69123014,chr17_69123014_A_G,0.76
17,69104938,rs7222314,17,69123044,rs34472363,0.381
17,69104938,rs7222314,17,69123044,rs34472363,0.125
17,69104938,rs7222314,17,69123106,rs56347314,0.76
17,69104938,rs7222314,17,69123107,chr17_69123107_A_G,0.76
17,69104938,rs7222314,17,69123559,chr17_69123559_A_G,0.759
17,69104938,rs7222314,17,69123684,chr17_69123684_C_G,0.76
17,69104938,rs7222314,17,69123691,chr17_69123691_C_T,0.759
17,69104938,rs7222314,17,69123741,chr17_69123741_A_G,0.76
17,69104938,rs7222314,17,69124310,rs4793333,0.76
17,69104938,rs7222314,17,69124420,rs8081862,0.76
17,69104938,rs7222314,17,69124474,chr17_69124475_A_INDEL,0.759
17,69104938,rs7222314,17,69124481,rs77753747,0.677
17,69104938,rs7222314,17,69124724,chr17_69124724_C_T,0.068
17,69104938,rs7222314,17,69124884,chr17_69124884_A_G,0.759
17,69104938,rs7222314,17,69125032,chr17_69125032_C_T,0.759
17,69104938,rs7222314,17,69125086,chr17_69125086_A_G,0.758
17,69104938,rs7222314,17,69125142,chr17_69125142_G_T,0.759
17,69104938,rs7222314,17,69125157,chr17_69125157_C_G,0.759
17,69104938,rs7222314,17,69125263,chr17_69125263_C_T,0.758
17,69104938,rs7222314,17,69125507,chr17_69125507_C_T,0.759
17,69104938,rs7222314,17,69125606,chr17_69125606_G_T,0.345
17,69104938,rs7222314,17,69126519,rs34078895,0.758
17,69104938,rs7222314,17,69126953,chr17_69126953_C_T,0.759
17,69104938,rs7222314,17,69127020,chr17_69127020_A_C,0.758
17,69104938,rs7222314,17,69127365,rs62063866,0.125
17,69104938,rs7222314,17,69127403,rs9906164,0.759
17,69104938,rs7222314,17,69127568,rs9908315,0.759
17,69104938,rs7222314,17,69127570,rs9906627,0.759
17,69104938,rs7222314,17,69127675,rs11871327,0.349
17,69104938,rs7222314,17,69127773,rs11868971,0.759
17,69104938,rs7222314,17,69127821,rs34171878,0.735
17,69104938,rs7222314,17,69127852,rs56229089,0.735
17,69104938,rs7222314,17,69127974,rs55873433,0.357
17,69104938,rs7222314,17,69128075,17:69128075:T:TGTGTGTGTGG,0.524
17,69104938,rs7222314,17,69128079,17:69128079:G:GC,0.524
17,69104938,rs7222314,17,69128081,rs56242401,0.524
17,69104938,rs7222314,17,69128083,rs55662756,0.755
17,69104938,rs7222314,17,69128089,rs9899619,0.755
17,69104938,rs7222314,17,69128116,rs9907995,0.756
17,69104938,rs7222314,17,69128183,rs57195102,0.759
17,69104938,rs7222314,17,69128981,rs72866756,0.344
17,69104938,rs7222314,17,69129072,chr17_69129072_A_T,0.344
17,69104938,rs7222314,17,69129832,chr17_69129832_G_T,0.377
17,69104938,rs7222314,17,69130538,chr17_69130538_A_G,0.343
17,69104938,rs7222314,17,69130704,chr17_69130704_A_G,0.345
17,69104938,rs7222314,17,69130716,chr17_69130716_A_T,0.345
17,69104938,rs7222314,17,69130836,chr17_69130836_C_T,0.343
17,69104938,rs7222314,17,69131058,rs7501691,0.344
17,69104938,rs7222314,17,69131305,rs2367260,0.345
17,69104938,rs7222314,17,69131306,rs2367261,0.341
17,69104938,rs7222314,17,69131694,rs28523317,0.344
17,69104938,rs7222314,17,69131909,chr17_69131909_C_T,0.751
17,69104938,rs7222314,17,69131960,rs60743985,0.753
17,69104938,rs7222314,17,69132488,rs9906588,0.753
17,69104938,rs7222314,17,69133307,rs4793531,0.345
17,69104938,rs7222314,17,69133434,rs60029782,0.363
17,69104938,rs7222314,17,69134043,chr17_69134043_A_T,0.345
17,69104938,rs7222314,17,69134554,rs28690329,0.342
17,69104938,rs7222314,17,69134697,rs28579305,0.343
17,69104938,rs7222314,17,69134717,chr17_69134717_C_T,0.34
17,69104938,rs7222314,17,69135026,rs11656520,0.343
17,69104938,rs7222314,17,69135357,chr17_69135357_A_G,0.342
17,69104938,rs7222314,17,69135631,chr17_69135631_A_G,0.341
17,69104938,rs7222314,17,69136189,chr17_69136189_A_C,0.337
17,69104938,rs7222314,17,69136395,rs59674517,0.686
17,69104938,rs7222314,17,69137058,rs113009447,0.111
17,69104938,rs7222314,17,69137308,chr17_69137308_C_T,0.339
17,69104938,rs7222314,17,69137496,chr17_69137496_G_T,0.077
17,69104938,rs7222314,17,69137948,chr17_69137948_A_G,0.339
17,69104938,rs7222314,17,69137982,chr17_69137982_A_T,0.339
17,69104938,rs7222314,17,69138243,chr17_69138243_C_T,0.339
17,69104938,rs7222314,17,69138255,rs17178041,0.338
17,69104938,rs7222314,17,69138403,chr17_69138403_C_T,0.339
17,69104938,rs7222314,17,69139017,chr17_69139017_C_T,0.341
17,69104938,rs7222314,17,69139047,chr17_69139047_A_C,0.339
17,69104938,rs7222314,17,69139272,rs58506674,0.342
17,69104938,rs7222314,17,69139331,rs11654896,0.342
17,69104938,rs7222314,17,69139352,rs11655964,0.342
17,69104938,rs7222314,17,69139583,rs11655006,0.343
17,69104938,rs7222314,17,69139836,rs368572968,0.693
17,69104938,rs7222314,17,69139979,chr17_69139979_C_T,0.316
17,69104938,rs7222314,17,69140220,chr17_69140220_A_G,0.341
17,69104938,rs7222314,17,69140466,rs11657344,0.34
17,69104938,rs7222314,17,69140933,rs7216323,0.342
17,69104938,rs7222314,17,69140950,rs7221230,0.342
17,69104938,rs7222314,17,69141711,chr17_69141711_C_T,0.338
17,69104938,rs7222314,17,69142191,chr17_69142191_A_G,0.34
17,69104938,rs7222314,17,69142332,chr17_69142332_C_T,0.123
17,69104938,rs7222314,17,69142628,chr17_69142628_A_C,0.338
17,69104938,rs7222314,17,69142728,chr17_69142728_G_T,0.143
17,69104938,rs7222314,17,69142778,chr17_69142778_A_T,0.143
17,69104938,rs7222314,17,69142807,chr17_69142807_A_T,0.143
17,69104938,rs7222314,17,69142874,chr17_69142874_A_G,0.06
17,69104938,rs7222314,17,69143664,chr17_69143664_A_C,0.337
17,69104938,rs7222314,17,69144192,rs2041113,0.338
17,69104938,rs7222314,17,69144617,chr17_69144617_A_G,0.743
17,69104938,rs7222314,17,69145100,rs151007526,0.068
17,69104938,rs7222314,17,69145328,chr17_69145328_ATG_INDEL,0.735
17,69104938,rs7222314,17,69145336,rs956218,0.738
17,69104938,rs7222314,17,69145413,chr17_69145413_C_T,0.735
17,69104938,rs7222314,17,69145707,chr17_69145707_C_T,0.735
17,69104938,rs7222314,17,69145804,chr17_69145804_G_T,0.736
17,69104938,rs7222314,17,69146036,chr17_69146036_C_T,0.736
17,69104938,rs7222314,17,69146079,chr17_69146079_A_G,0.736
17,69104938,rs7222314,17,69146168,chr17_69146168_A_C,0.738
17,69104938,rs7222314,17,69146243,chr17_69146243_A_G,0.736
17,69104938,rs7222314,17,69146427,rs2041115,0.737
17,69104938,rs7222314,17,69146830,chr17_69146830_A_T,0.737
17,69104938,rs7222314,17,69147076,chr17_69147076_A_C,0.738
17,69104938,rs7222314,17,69147122,chr17_69147122_A_C,0.475
17,69104938,rs7222314,17,69147522,chr17_69147522_A_G,0.476
17,69104938,rs7222314,17,69147542,rs9897358,0.738
17,69104938,rs7222314,17,69147591,chr17_69147591_A_G,0.476
17,69104938,rs7222314,17,69147636,chr17_69147636_C_T,0.476
17,69104938,rs7222314,17,69147746,chr17_69147746_G_T,0.738
17,69104938,rs7222314,17,69147780,chr17_69147780_A_G,0.738
17,69104938,rs7222314,17,69148519,chr17_69148519_G_T,0.675
17,69104938,rs7222314,17,69148558,chr17_69148558_A_T,0.673
17,69104938,rs7222314,17,69148917,rs72866795,0.475
17,69104938,rs7222314,17,69149543,chr17_69149543_C_G,0.674
17,69104938,rs7222314,17,69149910,chr17_69149910_C_T,0.474
17,69104938,rs7222314,17,69150505,chr17_69150505_C_T,0.066
17,69104938,rs7222314,17,69151198,rs2058086,0.737
17,69104938,rs7222314,17,69151533,rs9916274,0.067
17,69104938,rs7222314,17,69151780,rs7209594,0.051
17,69104938,rs7222314,17,69151972,chr17_69151972_C_T,0.474
17,69104938,rs7222314,17,69152670,chr17_69152671_CAAT_INDEL,0.475
17,69104938,rs7222314,17,69152825,chr17_69152825_A_C,0.475
17,69104938,rs7222314,17,69153296,rs73409337,0.066
17,69104938,rs7222314,17,69154363,rs34436118,0.081
17,69104938,rs7222314,17,69155430,rs11077550,0.476
17,69104938,rs7222314,17,69155834,chr17_69155834_C_T,0.473
17,69104938,rs7222314,17,69156386,chr17_69156386_C_T,0.475
17,69104938,rs7222314,17,69156750,rs62063875,0.051
17,69104938,rs7222314,17,69156854,rs17824720,0.051
17,69104938,rs7222314,17,69157508,rs1974561,0.476
17,69104938,rs7222314,17,69157577,rs9747823,0.068
17,69104938,rs7222314,17,69157714,rs62063895,0.051
17,69104938,rs7222314,17,69157812,rs34871015,0.084
17,69104938,rs7222314,17,69157991,rs55891624,0.475
17,69104938,rs7222314,17,69158360,rs11870806,0.475
17,69104938,rs7222314,17,69159206,c17_pos66670801,0.051
17,69104938,rs7222314,17,69159489,chr17_69159489_C_T,0.735
17,69104938,rs7222314,17,69159577,chr17_69159577_A_G,0.735
17,69104938,rs7222314,17,69159653,rs58080293,0.54
17,69104938,rs7222314,17,69159767,rs7220274,0.736
17,69104938,rs7222314,17,69160306,rs28519385,0.734
17,69104938,rs7222314,17,69160475,chr17_69160475_A_T,0.731
17,69104938,rs7222314,17,69160900,chr17_69160900_A_T,0.735
17,69104938,rs7222314,17,69161081,rs139557588,0.052
17,69104938,rs7222314,17,69161145,rs2108535,0.475
17,69104938,rs7222314,17,69161391,chr17_69161391_A_T,0.476
17,69104938,rs7222314,17,69161554,rs8182286,0.737
17,69104938,rs7222314,17,69162908,rs73994671,0.052
17,69104938,rs7222314,17,69163510,rs11464001,0.465
17,69104938,rs7222314,17,69164251,rs10712335,0.736
17,69104938,rs7222314,17,69164259,chr17_69164259_A_INDEL,0.717
17,69104938,rs7222314,17,69164471,chr17_69164471_C_T,0.734
17,69104938,rs7222314,17,69164862,chr17_69164862_A_C,0.735
17,69104938,rs7222314,17,69164895,chr17_69164895_C_G,0.514
17,69104938,rs7222314,17,69165199,chr17_69165199_A_G,0.735
17,69104938,rs7222314,17,69165219,chr17_69165219_C_T,0.735
17,69104938,rs7222314,17,69165704,chr17_69165704_G_T,0.247
17,69104938,rs7222314,17,69165750,rs68181052,0.735
17,69104938,rs7222314,17,69165861,rs2058088,0.053
17,69104938,rs7222314,17,69166288,chr17_69166288_A_G,0.717
17,69104938,rs7222314,17,69166571,chr17_69166571_G_T,0.721
17,69104938,rs7222314,17,69167095,chr17_69167095_C_T,0.719
17,69104938,rs7222314,17,69168058,chr17_69168058_G_T,0.719
17,69104938,rs7222314,17,69168293,chr17_69168293_C_T,0.444
17,69104938,rs7222314,17,69168319,rs62063903,0.053
17,69104938,rs7222314,17,69168381,chr17_69168381_C_T,0.719
17,69104938,rs7222314,17,69168406,chr17_69168406_C_T,0.719
17,69104938,rs7222314,17,69168691,rs4793335,0.457
17,69104938,rs7222314,17,69168833,rs62063904,0.053
17,69104938,rs7222314,17,69169250,rs9891611,0.722
17,69104938,rs7222314,17,69169776,rs2108536,0.052
17,69104938,rs7222314,17,69170813,rs141982186,0.459
17,69104938,rs7222314,17,69170970,rs7216882,0.051
17,69104938,rs7222314,17,69171226,rs2097984,0.459
17,69104938,rs7222314,17,69172470,chr17_69172470_C_T,0.695
17,69104938,rs7222314,17,69172536,chr17_69172536_C_T,0.443
17,69104938,rs7222314,17,69172702,chr17_69172702_A_C,0.696
17,69104938,rs7222314,17,69173098,chr17_69173098_C_T,0.695
17,69104938,rs7222314,17,69173149,chr17_69173149_A_G,0.051
17,69104938,rs7222314,17,69173367,rs72869449,0.443
17,69104938,rs7222314,17,69173451,rs72869451,0.426
17,69104938,rs7222314,17,69173813,chr17_69173813_C_G,0.443
17,69104938,rs7222314,17,69174365,rs7214621,0.068
17,69104938,rs7222314,17,69174496,chr17_69174496_C_T,0.444
17,69104938,rs7222314,17,69175190,rs2367264,0.428
17,69104938,rs7222314,17,69175194,rs5821827,0.39
17,69104938,rs7222314,17,69175407,rs8076811,0.684
17,69104938,rs7222314,17,69175611,rs35559603,0.435
17,69104938,rs7222314,17,69175743,rs1859966,0.066
17,69104938,rs7222314,17,69176324,rs73994674,0.051
17,69104938,rs7222314,17,69176879,chr17_69176879_C_G,0.435
17,69104938,rs7222314,17,69177242,rs34979615,0.433
17,69104938,rs7222314,17,69178317,chr17_69178317_A_G,0.067
17,69104938,rs7222314,17,69178447,rs72869461,0.45
17,69104938,rs7222314,17,69178704,chr17_69178704_A_G,0.45
17,69104938,rs7222314,17,69179369,chr17_69179369_G_T,0.45
17,69104938,rs7222314,17,69179478,chr17_69179478_A_G,0.051
17,69104938,rs7222314,17,69179492,chr17_69179492_C_T,0.45
17,69104938,rs7222314,17,69179642,rs10652863,0.706
17,69104938,rs7222314,17,69180058,chr17_69180058_C_T,0.704
17,69104938,rs7222314,17,69180818,17:69180818:TAAAAAAAAAAAAAAA:T,0.307
17,69104938,rs7222314,17,69181003,chr17_69181003_C_T,0.704
17,69104938,rs7222314,17,69181096,chr17_69181096_A_C,0.449
17,69104938,rs7222314,17,69182161,rs2886915,0.707
17,69104938,rs7222314,17,69182293,chr17_69182293_A_G,0.705
17,69104938,rs7222314,17,69183507,rs7219890,0.069
17,69104938,rs7222314,17,69183954,chr17_69183954_G_T,0.05
17,69104938,rs7222314,17,69183998,chr17_69183998_C_T,0.45
17,69104938,rs7222314,17,69184314,chr17_69184314_A_G,0.45
17,69104938,rs7222314,17,69184727,chr17_69184727_A_G,0.45
17,69104938,rs7222314,17,69184952,chr17_69184952_A_G,0.705
17,69104938,rs7222314,17,69185195,chr17_69185195_G_T,0.453
17,69104938,rs7222314,17,69185286,rs16976451,0.067
17,69104938,rs7222314,17,69185800,rs8064966,0.439
17,69104938,rs7222314,17,69185949,rs59715155,0.067
17,69104938,rs7222314,17,69186183,rs56338429,0.052
17,69104938,rs7222314,17,69186237,chr17_69186237_C_T,0.436
17,69104938,rs7222314,17,69186334,chr17_69186334_A_T,0.681
17,69104938,rs7222314,17,69186366,chr17_69186366_A_G,0.436
17,69104938,rs7222314,17,69186513,rs4586491,0.439
17,69104938,rs7222314,17,69186534,rs4471728,0.44
17,69104938,rs7222314,17,69186535,rs56027252,0.067
17,69104938,rs7222314,17,69186554,rs4632175,0.438
17,69104938,rs7222314,17,69186556,rs4561513,0.437
17,69104938,rs7222314,17,69186881,chr17_69186881_A_T,0.436
17,69104938,rs7222314,17,69187216,rs59053529,0.432
17,69104938,rs7222314,17,69187587,chr17_69187587_C_T,0.067
17,69104938,rs7222314,17,69187745,chr17_69187745_A_G,0.067
17,69104938,rs7222314,17,69188728,chr17_69188728_A_G,0.052
17,69104938,rs7222314,17,69188769,chr17_69188769_C_T,0.434
17,69104938,rs7222314,17,69189311,rs7217521,0.052
17,69104938,rs7222314,17,69190423,rs61182727,0.438
17,69104938,rs7222314,17,69190949,chr17_69190949_C_T,0.679
17,69104938,rs7222314,17,69190974,chr17_69190974_A_T,0.244
17,69104938,rs7222314,17,69191316,chr17_69191316_A_G,0.434
17,69104938,rs7222314,17,69191367,chr17_69191367_C_T,0.064
17,69104938,rs7222314,17,69192032,rs11313840,0.433
17,69104938,rs7222314,17,69192845,rs6501449,0.493
17,69104938,rs7222314,17,69193055,rs6501450,0.494
17,69104938,rs7222314,17,69193131,rs6501451,0.705
17,69104938,rs7222314,17,69193287,rs6501452,0.491
17,69104938,rs7222314,17,69195241,chr17_69195241_A_G,0.434
17,69104938,rs7222314,17,69195541,chr17_69195541_A_T,0.433
17,69104938,rs7222314,17,69196184,rs78200133,0.051
17,69104938,rs7222314,17,69196435,rs62063932,0.066
17,69104938,rs7222314,17,69196487,rs60293051,0.437
17,69104938,rs7222314,17,69197489,rs17225050,0.051
17,69104938,rs7222314,17,69197674,rs7225025,0.489
17,69104938,rs7222314,17,69198109,chr17_69198109_A_G,0.05
17,69104938,rs7222314,17,69198133,rs17178377,0.449
17,69104938,rs7222314,17,69199056,chr17_69199056_C_T,0.696
17,69104938,rs7222314,17,69199987,chr17_69199987_C_G,0.696
17,69104938,rs7222314,17,69200329,chr17_69200329_A_C,0.122
17,69104938,rs7222314,17,69200643,rs1107305,0.471
17,69104938,rs7222314,17,69200783,rs62063933,0.052
17,69104938,rs7222314,17,69201662,rs62063934,0.051
17,69104938,rs7222314,17,69201811,chr17_69201811_A_G,0.485
17,69104938,rs7222314,17,69202014,rs11658666,0.447
17,69104938,rs7222314,17,69203664,chr17_69203664_A_G,0.679
17,69104938,rs7222314,17,69203691,rs72405047,0.659
17,69104938,rs7222314,17,69203822,rs62063936,0.05
17,69104938,rs7222314,17,69204907,rs60242247,0.051
17,69104938,rs7222314,17,69205148,rs4313845,0.437
17,69104938,rs7222314,17,69206119,rs56320441,0.05
17,69104938,rs7222314,17,69206341,rs2108337,0.052
17,69104938,rs7222314,17,69206626,rs147185704,0.445
17,69104938,rs7222314,17,69207164,rs8067671,0.053
17,69104938,rs7222314,17,69207258,rs62063938,0.051
17,69104938,rs7222314,17,69207468,chr17_69207468_C_T,0.673
17,69104938,rs7222314,17,69207887,rs111708945,0.471
17,69104938,rs7222314,17,69207938,chr17_69207938_C_G,0.671
17,69104938,rs7222314,17,69208375,rs199699294,0.472
17,69104938,rs7222314,17,69208520,rs140684497,0.673
17,69104938,rs7222314,17,69208579,chr17_69208579_A_C,0.671
17,69104938,rs7222314,17,69208943,rs201318264,0.471
17,69104938,rs7222314,17,69208966,chr17_69208966_A_T,0.293
17,69104938,rs7222314,17,69209252,rs6501457,0.299
17,69104938,rs7222314,17,69209694,rs8066924,0.433
17,69104938,rs7222314,17,69209805,rs8079912,0.432
17,69104938,rs7222314,17,69209923,chr17_69209923_A_T,0.431
17,69104938,rs7222314,17,69209985,rs73994679,0.051
17,69104938,rs7222314,17,69210354,rs8067145,0.681
17,69104938,rs7222314,17,69210452,rs77081239,0.476
17,69104938,rs7222314,17,69210731,rs56074404,0.051
17,69104938,rs7222314,17,69211366,rs2190456,0.476
17,69104938,rs7222314,17,69211683,rs9905278,0.48
17,69104938,rs7222314,17,69212061,chr17_69212061_A_G,0.474
17,69104938,rs7222314,17,69212318,chr17_69212318_A_G,0.43
17,69104938,rs7222314,17,69212596,rs73994680,0.052
17,69104938,rs7222314,17,69212726,chr17_69212727_C_INDEL,0.473
17,69104938,rs7222314,17,69212739,rs199854066,0.474
17,69104938,rs7222314,17,69212795,rs11650277,0.431
17,69104938,rs7222314,17,69212987,rs79278373,0.051
17,69104938,rs7222314,17,69213455,chr17_69213455_C_T,0.42
17,69104938,rs7222314,17,69214890,chr17_69214890_A_C,0.483
17,69104938,rs7222314,17,69215816,chr17_69215816_C_G,0.423
17,69104938,rs7222314,17,69215899,rs60291002,0.639
17,69104938,rs7222314,17,69215905,chr17_69215905_A_INDEL,0.632
17,69104938,rs7222314,17,69215928,rs4793538,0.421
17,69104938,rs7222314,17,69216041,chr17_69216041_C_T,0.459
17,69104938,rs7222314,17,69216112,rs2108336,0.484
17,69104938,rs7222314,17,69216409,chr17_69216409_A_T,0.422
17,69104938,rs7222314,17,69216687,chr17_69216687_C_T,0.46
17,69104938,rs7222314,17,69217570,chr17_69217570_C_T,0.123
17,69104938,rs7222314,17,69218346,chr17_69218346_A_G,0.422
17,69104938,rs7222314,17,69218756,chr17_69218756_A_T,0.634
17,69104938,rs7222314,17,69220220,chr17_69220220_A_G,0.065
17,69104938,rs7222314,17,69220444,chr17_69220444_C_T,0.634
17,69104938,rs7222314,17,69221925,rs917278,0.552
17,69104938,rs7222314,17,69222669,chr17_69222669_C_T,0.58
17,69104938,rs7222314,17,69222945,rs1978204,0.554
17,69104938,rs7222314,17,69223018,rs112378229,0.417
17,69104938,rs7222314,17,69223768,chr17_69223769_CTCTT_INDEL,0.552
17,69104938,rs7222314,17,69223868,chr17_69223868_A_G,0.6
17,69104938,rs7222314,17,69223909,chr17_69223909_A_G,0.6
17,69104938,rs7222314,17,69224196,chr17_69224196_C_G,0.632
17,69104938,rs7222314,17,69224611,chr17_69224611_A_C,0.633
17,69104938,rs7222314,17,69224654,chr17_69224654_G_T,0.603
17,69104938,rs7222314,17,69224994,chr17_69224994_A_G,0.635
17,69104938,rs7222314,17,69225336,rs11654184,0.422
17,69104938,rs7222314,17,69225779,chr17_69225779_C_G,0.42
17,69104938,rs7222314,17,69226267,chr17_69226267_C_T,0.605
17,69104938,rs7222314,17,69226367,chr17_69226367_A_T,0.421
17,69104938,rs7222314,17,69227194,rs4793540,0.421
17,69104938,rs7222314,17,69227363,rs60391019,0.63
17,69104938,rs7222314,17,69227595,rs4793541,0.459
17,69104938,rs7222314,17,69227713,rs111343701,0.064
17,69104938,rs7222314,17,69229010,rs60773178,0.348
17,69104938,rs7222314,17,69229911,rs6501460,0.278
17,69104938,rs7222314,17,69229972,rs7221080,0.556
17,69104938,rs7222314,17,69231017,rs8064388,0.555
17,69104938,rs7222314,17,69231174,rs11650797,0.421
17,69104938,rs7222314,17,69231784,rs9902909,0.638
17,69104938,rs7222314,17,69232148,chr17_69232148_G_T,0.583
17,69104938,rs7222314,17,69232488,rs9904099,0.636
17,69104938,rs7222314,17,69232599,chr17_69232599_C_G,0.42
17,69104938,rs7222314,17,69232630,chr17_69232630_A_G,0.633
17,69104938,rs7222314,17,69233134,chr17_69233134_C_T,0.636
17,69104938,rs7222314,17,69234808,chr17_69234808_C_T,0.421
17,69104938,rs7222314,17,69236044,chr17_69236044_A_G,0.635
17,69104938,rs7222314,17,69236112,rs17178530,0.483
17,69104938,rs7222314,17,69236205,chr17_69236205_C_G,0.459
17,69104938,rs7222314,17,69236601,chr17_69236601_C_T,0.422
17,69104938,rs7222314,17,69236998,chr17_69236998_G_T,0.064
17,69104938,rs7222314,17,69237039,chr17_69237039_A_G,0.422
17,69104938,rs7222314,17,69238631,rs201111270,0.4
17,69104938,rs7222314,17,69239121,chr17_69239121_A_T,0.633
17,69104938,rs7222314,17,69239431,rs9895657,0.058
17,69104938,rs7222314,17,69239935,rs12941471,0.066
17,69104938,rs7222314,17,69240683,rs8067475,0.63
17,69104938,rs7222314,17,69240785,rs8068231,0.629
17,69104938,rs7222314,17,69240872,chr17_69240872_G_T,0.623
17,69104938,rs7222314,17,69241627,chr17_69241627_A_G,0.06
17,69104938,rs7222314,17,69241880,chr17_69241880_C_T,0.098
17,69104938,rs7222314,17,69241892,chr17_69241892_G_INDEL,0.414
17,69104938,rs7222314,17,69242932,chr17_69242932_C_T,0.614
17,69108753,rs1859962,17,69009752,chr17_69009752_A_C,0.058
17,69108753,rs1859962,17,69020025,chr17_69020025_A_G,0.059
17,69108753,rs1859962,17,69032907,rs12150659,0.086
17,69108753,rs1859962,17,69033000,chr17_69033000_A_G,0.086
17,69108753,rs1859962,17,69033711,rs59597205,0.091
17,69108753,rs1859962,17,69034130,rs17177590,0.112
17,69108753,rs1859962,17,69034201,rs66665781,0.071
17,69108753,rs1859962,17,69034202,rs2193343,0.051
17,69108753,rs1859962,17,69034408,rs35538352,0.084
17,69108753,rs1859962,17,69037369,rs56000426,0.112
17,69108753,rs1859962,17,69039621,rs12449882,0.065
17,69108753,rs1859962,17,69039982,rs12150119,0.111
17,69108753,rs1859962,17,69040912,chr17_69040912_C_T,0.085
17,69108753,rs1859962,17,69042745,rs72868323,0.112
17,69108753,rs1859962,17,69042937,rs2367148,0.066
17,69108753,rs1859962,17,69044696,rs72868325,0.113
17,69108753,rs1859962,17,69046048,rs72490441,0.113
17,69108753,rs1859962,17,69046230,rs10570989,0.123
17,69108753,rs1859962,17,69047151,rs184903948,0.111
17,69108753,rs1859962,17,69048782,rs55791411,0.112
17,69108753,rs1859962,17,69050570,chr17_69050570_C_T,0.117
17,69108753,rs1859962,17,69052408,chr17_69052408_C_T,0.111
17,69108753,rs1859962,17,69052472,rs2367243,0.06
17,69108753,rs1859962,17,69052537,rs34530750,0.06
17,69108753,rs1859962,17,69056568,rs35542168,0.066
17,69108753,rs1859962,17,69056825,rs2058843,0.12
17,69108753,rs1859962,17,69056898,rs56089341,0.104
17,69108753,rs1859962,17,69060121,rs55698767,0.107
17,69108753,rs1859962,17,69061947,chr17_69061947_A_G,0.059
17,69108753,rs1859962,17,69063133,chr17_69063133_C_T,0.057
17,69108753,rs1859962,17,69064550,chr17_69064550_A_G,0.116
17,69108753,rs1859962,17,69064619,chr17_69064619_A_C,0.111
17,69108753,rs1859962,17,69065926,rs4426387,0.079
17,69108753,rs1859962,17,69066169,rs4338831,0.095
17,69108753,rs1859962,17,69066268,rs4340369,0.071
17,69108753,rs1859962,17,69066314,rs28781584,0.072
17,69108753,rs1859962,17,69068565,rs11871999,0.083
17,69108753,rs1859962,17,69070190,rs4793526,0.273
17,69108753,rs1859962,17,69070197,rs4793527,0.274
17,69108753,rs1859962,17,69070534,chr17_69070535_C_INDEL,0.081
17,69108753,rs1859962,17,69070597,chr17_69070597_C_G,0.267
17,69108753,rs1859962,17,69070741,chr17_69070741_C_T,0.272
17,69108753,rs1859962,17,69070743,rs12945793,0.272
17,69108753,rs1859962,17,69070867,chr17_69070867_G_INDEL,0.272
17,69108753,rs1859962,17,69070869,chr17_69070869_G_T,0.272
17,69108753,rs1859962,17,69071173,chr17_69071173_A_T,0.085
17,69108753,rs1859962,17,69071206,chr17_69071206_A_G,0.272
17,69108753,rs1859962,17,69071872,rs35968966,0.272
17,69108753,rs1859962,17,69072094,chr17_69072094_C_T,0.272
17,69108753,rs1859962,17,69072153,rs75009424,0.082
17,69108753,rs1859962,17,69072253,rs1861690,0.277
17,69108753,rs1859962,17,69072531,rs2367245,0.266
17,69108753,rs1859962,17,69072537,chr17_69072537_G_T,0.266
17,69108753,rs1859962,17,69072555,chr17_69072555_A_T,0.266
17,69108753,rs1859962,17,69072712,chr17_69072712_C_T,0.266
17,69108753,rs1859962,17,69072760,chr17_69072760_A_G,0.265
17,69108753,rs1859962,17,69072864,rs2367249,0.266
17,69108753,rs1859962,17,69073192,rs9898686,0.097
17,69108753,rs1859962,17,69073319,rs9899756,0.098
17,69108753,rs1859962,17,69073420,rs141048281,0.083
17,69108753,rs1859962,17,69073645,rs68120025,0.098
17,69108753,rs1859962,17,69073670,rs68193035,0.097
17,69108753,rs1859962,17,69074056,rs67158616,0.083
17,69108753,rs1859962,17,69074248,chr17_69074248_C_T,0.162
17,69108753,rs1859962,17,69074264,chr17_69074264_A_G,0.266
17,69108753,rs1859962,17,69074299,chr17_69074299_C_T,0.266
17,69108753,rs1859962,17,69074349,rs7215968,0.266
17,69108753,rs1859962,17,69074400,chr17_69074400_C_T,0.266
17,69108753,rs1859962,17,69074425,rs7215998,0.266
17,69108753,rs1859962,17,69074616,rs202144927,0.097
17,69108753,rs1859962,17,69074779,rs9906150,0.097
17,69108753,rs1859962,17,69075312,chr17_69075312_A_G,0.061
17,69108753,rs1859962,17,69075359,chr17_69075359_A_G,0.085
17,69108753,rs1859962,17,69076662,rs56023694,0.113
17,69108753,rs1859962,17,69076791,rs2080539,0.06
17,69108753,rs1859962,17,69076979,rs2080540,0.06
17,69108753,rs1859962,17,69078265,rs76305939,0.139
17,69108753,rs1859962,17,69079470,rs11077545,0.146
17,69108753,rs1859962,17,69080344,rs145452091,0.139
17,69108753,rs1859962,17,69081148,rs11867272,0.144
17,69108753,rs1859962,17,69081268,rs8068751,0.06
17,69108753,rs1859962,17,69082074,rs9898123,0.05
17,69108753,rs1859962,17,69082786,chr17_69082786_G_T,0.061
17,69108753,rs1859962,17,69083307,rs116737899,0.051
17,69108753,rs1859962,17,69083309,rs113415874,0.051
17,69108753,rs1859962,17,69083331,rs9908858,0.051
17,69108753,rs1859962,17,69083685,rs9915679,0.061
17,69108753,rs1859962,17,69084380,chr17_69084380_C_T,0.15
17,69108753,rs1859962,17,69085577,rs11652143,0.143
17,69108753,rs1859962,17,69086771,rs9904895,0.168
17,69108753,rs1859962,17,69087104,rs9909477,0.065
17,69108753,rs1859962,17,69088651,chr17_69088651_A_G,0.168
17,69108753,rs1859962,17,69088821,rs55780792,0.179
17,69108753,rs1859962,17,69088823,rs28626361,0.167
17,69108753,rs1859962,17,69089167,chr17_69089167_A_C,0.089
17,69108753,rs1859962,17,69089434,chr17_69089434_G_T,0.292
17,69108753,rs1859962,17,69089507,rs9914833,0.167
17,69108753,rs1859962,17,69090077,rs7212301,0.163
17,69108753,rs1859962,17,69090517,rs149792086,0.163
17,69108753,rs1859962,17,69092586,chr17_69092586_C_T,0.162
17,69108753,rs1859962,17,69093492,rs12453898,0.086
17,69108753,rs1859962,17,69094568,rs17765273,0.293
17,69108753,rs1859962,17,69094959,chr17_69094959_G_T,0.169
17,69108753,rs1859962,17,69096808,chr17_69096808_C_T,0.087
17,69108753,rs1859962,17,69097293,rs7212237,0.316
17,69108753,rs1859962,17,69098801,rs9302931,0.173
17,69108753,rs1859962,17,69099300,rs10852729,0.172
17,69108753,rs1859962,17,69099310,rs2159033,0.279
17,69108753,rs1859962,17,69099380,rs2886911,0.293
17,69108753,rs1859962,17,69099827,chr17_69099827_C_T,0.128
17,69108753,rs1859962,17,69100197,chr17_69100197_A_G,0.066
17,69108753,rs1859962,17,69100748,rs16976409,0.067
17,69108753,rs1859962,17,69101244,chr17_69101244_C_T,0.206
17,69108753,rs1859962,17,69101420,rs9910903,0.065
17,69108753,rs1859962,17,69101453,chr17_69101453_A_T,0.066
17,69108753,rs1859962,17,69101576,chr17_69101576_A_G,0.209
17,69108753,rs1859962,17,69101837,rs9910199,0.065
17,69108753,rs1859962,17,69103162,rs7211190,0.178
17,69108753,rs1859962,17,69103635,chr17_69103635_C_T,0.066
17,69108753,rs1859962,17,69103758,chr17_69103758_A_G,0.143
17,69108753,rs1859962,17,69104938,rs7222314,0.964
17,69108753,rs1859962,17,69104964,rs11077547,0.467
17,69108753,rs1859962,17,69105350,rs16976411,0.158
17,69108753,rs1859962,17,69105584,rs991528,0.174
17,69108753,rs1859962,17,69106000,rs11293277,0.928
17,69108753,rs1859962,17,69106742,rs17765332,0.966
17,69108753,rs1859962,17,69106874,rs17765344,0.994
17,69108753,rs1859962,17,69106887,rs113328478,0.969
17,69108753,rs1859962,17,69106912,rs62062347,0.156
17,69108753,rs1859962,17,69106937,rs9908087,0.995
17,69108753,rs1859962,17,69106980,rs141271147,0.491
17,69108753,rs1859962,17,69107018,rs9901566,0.995
17,69108753,rs1859962,17,69107673,rs8071558,0.994
17,69108753,rs1859962,17,69107816,rs8072254,0.994
17,69108753,rs1859962,17,69108127,rs984434,0.993
17,69108753,rs1859962,17,69108753,rs1859962,1
17,69108753,rs1859962,17,69109618,chr17_69109618_C_T,0.519
17,69108753,rs1859962,17,69109773,rs991429,0.993
17,69108753,rs1859962,17,69110640,chr17_69110640_G_T,0.081
17,69108753,rs1859962,17,69110773,chr17_69110773_A_G,0.521
17,69108753,rs1859962,17,69110923,rs7217073,0.995
17,69108753,rs1859962,17,69110932,rs7216498,0.939
17,69108753,rs1859962,17,69111098,chr17_69111098_A_G,0.544
17,69108753,rs1859962,17,69111219,rs56966654,0.993
17,69108753,rs1859962,17,69112051,chr17_69112051_C_T,0.095
17,69108753,rs1859962,17,69112233,chr17_69112233_A_G,0.509
17,69108753,rs1859962,17,69113107,rs1859963,0.966
17,69108753,rs1859962,17,69113577,chr17_69113577_A_T,0.486
17,69108753,rs1859962,17,69114270,chr17_69114270_C_G,0.164
17,69108753,rs1859962,17,69114655,rs11357418,0.122
17,69108753,rs1859962,17,69115146,rs9889335,0.991
17,69108753,rs1859962,17,69115358,rs9911515,0.992
17,69108753,rs1859962,17,69116230,rs4328484,0.518
17,69108753,rs1859962,17,69116817,chr17_69116817_A_G,0.153
17,69108753,rs1859962,17,69116935,rs8068266,0.962
17,69108753,rs1859962,17,69117214,rs8072735,0.963
17,69108753,rs1859962,17,69117532,rs148511027,0.963
17,69108753,rs1859962,17,69118087,chr17_69118087_C_T,0.124
17,69108753,rs1859962,17,69118401,chr17_69118401_A_G,0.155
17,69108753,rs1859962,17,69118437,rs9893698,0.95
17,69108753,rs1859962,17,69118636,rs4793529,0.96
17,69108753,rs1859962,17,69119290,rs6501436,0.989
17,69108753,rs1859962,17,69119291,chr17_69119291_C_T,0.155
17,69108753,rs1859962,17,69119481,chr17_69119481_C_T,0.461
17,69108753,rs1859962,17,69119588,rs11386981,0.723
17,69108753,rs1859962,17,69119972,rs6501437,0.797
17,69108753,rs1859962,17,69120160,chr17_69120160_A_G,0.8
17,69108753,rs1859962,17,69120695,chr17_69120695_A_G,0.758
17,69108753,rs1859962,17,69120855,rs8079315,0.745
17,69108753,rs1859962,17,69120892,rs61572722,0.133
17,69108753,rs1859962,17,69120962,rs62062352,0.116
17,69108753,rs1859962,17,69121276,rs5821825,0.739
17,69108753,rs1859962,17,69121286,rs2367256,0.742
17,69108753,rs1859962,17,69121331,chr17_69121331_A_G,0.744
17,69108753,rs1859962,17,69121341,chr17_69121341_A_G,0.744
17,69108753,rs1859962,17,69121396,chr17_69121396_A_G,0.071
17,69108753,rs1859962,17,69121597,chr17_69121597_G_T,0.739
17,69108753,rs1859962,17,69121631,chr17_69121631_C_G,0.741
17,69108753,rs1859962,17,69121643,chr17_69121643_A_G,0.742
17,69108753,rs1859962,17,69121755,chr17_69121755_A_C,0.736
17,69108753,rs1859962,17,69121783,chr17_69121783_A_G,0.714
17,69108753,rs1859962,17,69121845,chr17_69121845_C_T,0.736
17,69108753,rs1859962,17,69121935,chr17_69121935_A_G,0.736
17,69108753,rs1859962,17,69122410,chr17_69122410_A_T,0.737
17,69108753,rs1859962,17,69122468,chr17_69122468_C_T,0.735
17,69108753,rs1859962,17,69122480,rs17224666,0.736
17,69108753,rs1859962,17,69122693,chr17_69122693_C_T,0.734
17,69108753,rs1859962,17,69122764,rs17765410,0.131
17,69108753,rs1859962,17,69123014,chr17_69123014_A_G,0.736
17,69108753,rs1859962,17,69123044,rs34472363,0.362
17,69108753,rs1859962,17,69123044,rs34472363,0.127
17,69108753,rs1859962,17,69123106,rs56347314,0.736
17,69108753,rs1859962,17,69123107,chr17_69123107_A_G,0.736
17,69108753,rs1859962,17,69123559,chr17_69123559_A_G,0.736
17,69108753,rs1859962,17,69123684,chr17_69123684_C_G,0.736
17,69108753,rs1859962,17,69123691,chr17_69123691_C_T,0.736
17,69108753,rs1859962,17,69123741,chr17_69123741_A_G,0.736
17,69108753,rs1859962,17,69124310,rs4793333,0.736
17,69108753,rs1859962,17,69124420,rs8081862,0.736
17,69108753,rs1859962,17,69124474,chr17_69124475_A_INDEL,0.735
17,69108753,rs1859962,17,69124481,rs77753747,0.652
17,69108753,rs1859962,17,69124724,chr17_69124724_C_T,0.07
17,69108753,rs1859962,17,69124884,chr17_69124884_A_G,0.735
17,69108753,rs1859962,17,69125032,chr17_69125032_C_T,0.735
17,69108753,rs1859962,17,69125086,chr17_69125086_A_G,0.734
17,69108753,rs1859962,17,69125142,chr17_69125142_G_T,0.735
17,69108753,rs1859962,17,69125157,chr17_69125157_C_G,0.735
17,69108753,rs1859962,17,69125263,chr17_69125263_C_T,0.735
17,69108753,rs1859962,17,69125507,chr17_69125507_C_T,0.735
17,69108753,rs1859962,17,69125606,chr17_69125606_G_T,0.327
17,69108753,rs1859962,17,69126519,rs34078895,0.734
17,69108753,rs1859962,17,69126953,chr17_69126953_C_T,0.735
17,69108753,rs1859962,17,69127020,chr17_69127020_A_C,0.735
17,69108753,rs1859962,17,69127365,rs62063866,0.13
17,69108753,rs1859962,17,69127403,rs9906164,0.736
17,69108753,rs1859962,17,69127568,rs9908315,0.736
17,69108753,rs1859962,17,69127570,rs9906627,0.736
17,69108753,rs1859962,17,69127675,rs11871327,0.329
17,69108753,rs1859962,17,69127773,rs11868971,0.736
17,69108753,rs1859962,17,69127821,rs34171878,0.711
17,69108753,rs1859962,17,69127852,rs56229089,0.711
17,69108753,rs1859962,17,69127974,rs55873433,0.337
17,69108753,rs1859962,17,69128075,17:69128075:T:TGTGTGTGTGG,0.498
17,69108753,rs1859962,17,69128079,17:69128079:G:GC,0.498
17,69108753,rs1859962,17,69128081,rs56242401,0.498
17,69108753,rs1859962,17,69128083,rs55662756,0.731
17,69108753,rs1859962,17,69128089,rs9899619,0.731
17,69108753,rs1859962,17,69128116,rs9907995,0.732
17,69108753,rs1859962,17,69128183,rs57195102,0.735
17,69108753,rs1859962,17,69128981,rs72866756,0.325
17,69108753,rs1859962,17,69129072,chr17_69129072_A_T,0.324
17,69108753,rs1859962,17,69129832,chr17_69129832_G_T,0.355
17,69108753,rs1859962,17,69130538,chr17_69130538_A_G,0.324
17,69108753,rs1859962,17,69130704,chr17_69130704_A_G,0.326
17,69108753,rs1859962,17,69130716,chr17_69130716_A_T,0.326
17,69108753,rs1859962,17,69130836,chr17_69130836_C_T,0.322
17,69108753,rs1859962,17,69131058,rs7501691,0.325
17,69108753,rs1859962,17,69131305,rs2367260,0.325
17,69108753,rs1859962,17,69131306,rs2367261,0.322
17,69108753,rs1859962,17,69131694,rs28523317,0.325
17,69108753,rs1859962,17,69131909,chr17_69131909_C_T,0.726
17,69108753,rs1859962,17,69131960,rs60743985,0.728
17,69108753,rs1859962,17,69132488,rs9906588,0.729
17,69108753,rs1859962,17,69133307,rs4793531,0.325
17,69108753,rs1859962,17,69133434,rs60029782,0.342
17,69108753,rs1859962,17,69134043,chr17_69134043_A_T,0.325
17,69108753,rs1859962,17,69134554,rs28690329,0.323
17,69108753,rs1859962,17,69134697,rs28579305,0.324
17,69108753,rs1859962,17,69134717,chr17_69134717_C_T,0.32
17,69108753,rs1859962,17,69135026,rs11656520,0.323
17,69108753,rs1859962,17,69135357,chr17_69135357_A_G,0.322
17,69108753,rs1859962,17,69135631,chr17_69135631_A_G,0.321
17,69108753,rs1859962,17,69136189,chr17_69136189_A_C,0.318
17,69108753,rs1859962,17,69136395,rs59674517,0.666
17,69108753,rs1859962,17,69137058,rs113009447,0.115
17,69108753,rs1859962,17,69137308,chr17_69137308_C_T,0.32
17,69108753,rs1859962,17,69137496,chr17_69137496_G_T,0.081
17,69108753,rs1859962,17,69137948,chr17_69137948_A_G,0.32
17,69108753,rs1859962,17,69137982,chr17_69137982_A_T,0.32
17,69108753,rs1859962,17,69138243,chr17_69138243_C_T,0.32
17,69108753,rs1859962,17,69138255,rs17178041,0.318
17,69108753,rs1859962,17,69138403,chr17_69138403_C_T,0.319
17,69108753,rs1859962,17,69139017,chr17_69139017_C_T,0.321
17,69108753,rs1859962,17,69139047,chr17_69139047_A_C,0.32
17,69108753,rs1859962,17,69139272,rs58506674,0.323
17,69108753,rs1859962,17,69139331,rs11654896,0.323
17,69108753,rs1859962,17,69139352,rs11655964,0.323
17,69108753,rs1859962,17,69139583,rs11655006,0.324
17,69108753,rs1859962,17,69139836,rs368572968,0.67
17,69108753,rs1859962,17,69139979,chr17_69139979_C_T,0.306
17,69108753,rs1859962,17,69140220,chr17_69140220_A_G,0.322
17,69108753,rs1859962,17,69140466,rs11657344,0.321
17,69108753,rs1859962,17,69140933,rs7216323,0.323
17,69108753,rs1859962,17,69140950,rs7221230,0.323
17,69108753,rs1859962,17,69141711,chr17_69141711_C_T,0.319
17,69108753,rs1859962,17,69142191,chr17_69142191_A_G,0.32
17,69108753,rs1859962,17,69142332,chr17_69142332_C_T,0.128
17,69108753,rs1859962,17,69142628,chr17_69142628_A_C,0.318
17,69108753,rs1859962,17,69142728,chr17_69142728_G_T,0.145
17,69108753,rs1859962,17,69142778,chr17_69142778_A_T,0.146
17,69108753,rs1859962,17,69142807,chr17_69142807_A_T,0.145
17,69108753,rs1859962,17,69142874,chr17_69142874_A_G,0.062
17,69108753,rs1859962,17,69143664,chr17_69143664_A_C,0.318
17,69108753,rs1859962,17,69144192,rs2041113,0.318
17,69108753,rs1859962,17,69144617,chr17_69144617_A_G,0.719
17,69108753,rs1859962,17,69145100,rs151007526,0.069
17,69108753,rs1859962,17,69145328,chr17_69145328_ATG_INDEL,0.712
17,69108753,rs1859962,17,69145336,rs956218,0.714
17,69108753,rs1859962,17,69145413,chr17_69145413_C_T,0.711
17,69108753,rs1859962,17,69145707,chr17_69145707_C_T,0.712
17,69108753,rs1859962,17,69145804,chr17_69145804_G_T,0.712
17,69108753,rs1859962,17,69146036,chr17_69146036_C_T,0.712
17,69108753,rs1859962,17,69146079,chr17_69146079_A_G,0.712
17,69108753,rs1859962,17,69146168,chr17_69146168_A_C,0.714
17,69108753,rs1859962,17,69146243,chr17_69146243_A_G,0.712
17,69108753,rs1859962,17,69146427,rs2041115,0.713
17,69108753,rs1859962,17,69146830,chr17_69146830_A_T,0.713
17,69108753,rs1859962,17,69147076,chr17_69147076_A_C,0.715
17,69108753,rs1859962,17,69147122,chr17_69147122_A_C,0.455
17,69108753,rs1859962,17,69147522,chr17_69147522_A_G,0.456
17,69108753,rs1859962,17,69147542,rs9897358,0.713
17,69108753,rs1859962,17,69147591,chr17_69147591_A_G,0.456
17,69108753,rs1859962,17,69147636,chr17_69147636_C_T,0.456
17,69108753,rs1859962,17,69147746,chr17_69147746_G_T,0.713
17,69108753,rs1859962,17,69147780,chr17_69147780_A_G,0.713
17,69108753,rs1859962,17,69148519,chr17_69148519_G_T,0.655
17,69108753,rs1859962,17,69148558,chr17_69148558_A_T,0.653
17,69108753,rs1859962,17,69148917,rs72866795,0.455
17,69108753,rs1859962,17,69149543,chr17_69149543_C_G,0.654
17,69108753,rs1859962,17,69149910,chr17_69149910_C_T,0.454
17,69108753,rs1859962,17,69150505,chr17_69150505_C_T,0.068
17,69108753,rs1859962,17,69151198,rs2058086,0.713
17,69108753,rs1859962,17,69151533,rs9916274,0.068
17,69108753,rs1859962,17,69151780,rs7209594,0.053
17,69108753,rs1859962,17,69151972,chr17_69151972_C_T,0.454
17,69108753,rs1859962,17,69152670,chr17_69152671_CAAT_INDEL,0.455
17,69108753,rs1859962,17,69152825,chr17_69152825_A_C,0.455
17,69108753,rs1859962,17,69153296,rs73409337,0.067
17,69108753,rs1859962,17,69154363,rs34436118,0.078
17,69108753,rs1859962,17,69155430,rs11077550,0.456
17,69108753,rs1859962,17,69155834,chr17_69155834_C_T,0.454
17,69108753,rs1859962,17,69156386,chr17_69156386_C_T,0.455
17,69108753,rs1859962,17,69156750,rs62063875,0.053
17,69108753,rs1859962,17,69156854,rs17824720,0.053
17,69108753,rs1859962,17,69157508,rs1974561,0.456
17,69108753,rs1859962,17,69157577,rs9747823,0.069
17,69108753,rs1859962,17,69157714,rs62063895,0.054
17,69108753,rs1859962,17,69157812,rs34871015,0.081
17,69108753,rs1859962,17,69157991,rs55891624,0.455
17,69108753,rs1859962,17,69158360,rs11870806,0.455
17,69108753,rs1859962,17,69159206,c17_pos66670801,0.053
17,69108753,rs1859962,17,69159489,chr17_69159489_C_T,0.71
17,69108753,rs1859962,17,69159577,chr17_69159577_A_G,0.71
17,69108753,rs1859962,17,69159653,rs58080293,0.519
17,69108753,rs1859962,17,69159767,rs7220274,0.712
17,69108753,rs1859962,17,69160306,rs28519385,0.709
17,69108753,rs1859962,17,69160475,chr17_69160475_A_T,0.707
17,69108753,rs1859962,17,69160900,chr17_69160900_A_T,0.711
17,69108753,rs1859962,17,69161081,rs139557588,0.054
17,69108753,rs1859962,17,69161145,rs2108535,0.455
17,69108753,rs1859962,17,69161391,chr17_69161391_A_T,0.452
17,69108753,rs1859962,17,69161554,rs8182286,0.713
17,69108753,rs1859962,17,69162908,rs73994671,0.054
17,69108753,rs1859962,17,69163510,rs11464001,0.445
17,69108753,rs1859962,17,69164251,rs10712335,0.712
17,69108753,rs1859962,17,69164259,chr17_69164259_A_INDEL,0.693
17,69108753,rs1859962,17,69164471,chr17_69164471_C_T,0.71
17,69108753,rs1859962,17,69164862,chr17_69164862_A_C,0.711
17,69108753,rs1859962,17,69164895,chr17_69164895_C_G,0.49
17,69108753,rs1859962,17,69165199,chr17_69165199_A_G,0.711
17,69108753,rs1859962,17,69165219,chr17_69165219_C_T,0.711
17,69108753,rs1859962,17,69165704,chr17_69165704_G_T,0.239
17,69108753,rs1859962,17,69165750,rs68181052,0.711
17,69108753,rs1859962,17,69165861,rs2058088,0.055
17,69108753,rs1859962,17,69166288,chr17_69166288_A_G,0.693
17,69108753,rs1859962,17,69166571,chr17_69166571_G_T,0.698
17,69108753,rs1859962,17,69167095,chr17_69167095_C_T,0.695
17,69108753,rs1859962,17,69168058,chr17_69168058_G_T,0.695
17,69108753,rs1859962,17,69168293,chr17_69168293_C_T,0.425
17,69108753,rs1859962,17,69168319,rs62063903,0.055
17,69108753,rs1859962,17,69168381,chr17_69168381_C_T,0.695
17,69108753,rs1859962,17,69168406,chr17_69168406_C_T,0.695
17,69108753,rs1859962,17,69168691,rs4793335,0.437
17,69108753,rs1859962,17,69168833,rs62063904,0.055
17,69108753,rs1859962,17,69169250,rs9891611,0.698
17,69108753,rs1859962,17,69169776,rs2108536,0.054
17,69108753,rs1859962,17,69170813,rs141982186,0.44
17,69108753,rs1859962,17,69170970,rs7216882,0.054
17,69108753,rs1859962,17,69171226,rs2097984,0.439
17,69108753,rs1859962,17,69172470,chr17_69172470_C_T,0.671
17,69108753,rs1859962,17,69172536,chr17_69172536_C_T,0.423
17,69108753,rs1859962,17,69172702,chr17_69172702_A_C,0.671
17,69108753,rs1859962,17,69173098,chr17_69173098_C_T,0.671
17,69108753,rs1859962,17,69173149,chr17_69173149_A_G,0.053
17,69108753,rs1859962,17,69173367,rs72869449,0.423
17,69108753,rs1859962,17,69173451,rs72869451,0.406
17,69108753,rs1859962,17,69173813,chr17_69173813_C_G,0.424
17,69108753,rs1859962,17,69174365,rs7214621,0.069
17,69108753,rs1859962,17,69174496,chr17_69174496_C_T,0.424
17,69108753,rs1859962,17,69175190,rs2367264,0.411
17,69108753,rs1859962,17,69175194,rs5821827,0.373
17,69108753,rs1859962,17,69175407,rs8076811,0.661
17,69108753,rs1859962,17,69175611,rs35559603,0.416
17,69108753,rs1859962,17,69175743,rs1859966,0.067
17,69108753,rs1859962,17,69176324,rs73994674,0.053
17,69108753,rs1859962,17,69176879,chr17_69176879_C_G,0.415
17,69108753,rs1859962,17,69177242,rs34979615,0.414
17,69108753,rs1859962,17,69178317,chr17_69178317_A_G,0.067
17,69108753,rs1859962,17,69178447,rs72869461,0.43
17,69108753,rs1859962,17,69178704,chr17_69178704_A_G,0.43
17,69108753,rs1859962,17,69179369,chr17_69179369_G_T,0.43
17,69108753,rs1859962,17,69179478,chr17_69179478_A_G,0.053
17,69108753,rs1859962,17,69179492,chr17_69179492_C_T,0.43
17,69108753,rs1859962,17,69179642,rs10652863,0.682
17,69108753,rs1859962,17,69180058,chr17_69180058_C_T,0.68
17,69108753,rs1859962,17,69180818,17:69180818:TAAAAAAAAAAAAAAA:T,0.293
17,69108753,rs1859962,17,69181003,chr17_69181003_C_T,0.68
17,69108753,rs1859962,17,69181096,chr17_69181096_A_C,0.43
17,69108753,rs1859962,17,69182161,rs2886915,0.683
17,69108753,rs1859962,17,69182293,chr17_69182293_A_G,0.681
17,69108753,rs1859962,17,69183507,rs7219890,0.069
17,69108753,rs1859962,17,69183954,chr17_69183954_G_T,0.052
17,69108753,rs1859962,17,69183998,chr17_69183998_C_T,0.431
17,69108753,rs1859962,17,69184201,rs62063915,0.052
17,69108753,rs1859962,17,69184314,chr17_69184314_A_G,0.43
17,69108753,rs1859962,17,69184727,chr17_69184727_A_G,0.43
17,69108753,rs1859962,17,69184952,chr17_69184952_A_G,0.681
17,69108753,rs1859962,17,69185195,chr17_69185195_G_T,0.433
17,69108753,rs1859962,17,69185286,rs16976451,0.067
17,69108753,rs1859962,17,69185800,rs8064966,0.42
17,69108753,rs1859962,17,69185949,rs59715155,0.067
17,69108753,rs1859962,17,69186183,rs56338429,0.054
17,69108753,rs1859962,17,69186237,chr17_69186237_C_T,0.417
17,69108753,rs1859962,17,69186334,chr17_69186334_A_T,0.658
17,69108753,rs1859962,17,69186366,chr17_69186366_A_G,0.416
17,69108753,rs1859962,17,69186513,rs4586491,0.42
17,69108753,rs1859962,17,69186534,rs4471728,0.421
17,69108753,rs1859962,17,69186535,rs56027252,0.067
17,69108753,rs1859962,17,69186554,rs4632175,0.418
17,69108753,rs1859962,17,69186556,rs4561513,0.418
17,69108753,rs1859962,17,69186881,chr17_69186881_A_T,0.417
17,69108753,rs1859962,17,69187216,rs59053529,0.413
17,69108753,rs1859962,17,69187587,chr17_69187587_C_T,0.068
17,69108753,rs1859962,17,69187745,chr17_69187745_A_G,0.068
17,69108753,rs1859962,17,69188728,chr17_69188728_A_G,0.052
17,69108753,rs1859962,17,69188769,chr17_69188769_C_T,0.415
17,69108753,rs1859962,17,69189311,rs7217521,0.052
17,69108753,rs1859962,17,69190423,rs61182727,0.418
17,69108753,rs1859962,17,69190949,chr17_69190949_C_T,0.656
17,69108753,rs1859962,17,69190974,chr17_69190974_A_T,0.235
17,69108753,rs1859962,17,69191316,chr17_69191316_A_G,0.415
17,69108753,rs1859962,17,69191367,chr17_69191367_C_T,0.068
17,69108753,rs1859962,17,69192032,rs11313840,0.414
17,69108753,rs1859962,17,69192845,rs6501449,0.474
17,69108753,rs1859962,17,69193055,rs6501450,0.475
17,69108753,rs1859962,17,69193131,rs6501451,0.686
17,69108753,rs1859962,17,69193287,rs6501452,0.472
17,69108753,rs1859962,17,69195241,chr17_69195241_A_G,0.414
17,69108753,rs1859962,17,69195541,chr17_69195541_A_T,0.414
17,69108753,rs1859962,17,69196184,rs78200133,0.053
17,69108753,rs1859962,17,69196435,rs62063932,0.069
17,69108753,rs1859962,17,69196487,rs60293051,0.417
17,69108753,rs1859962,17,69197489,rs17225050,0.053
17,69108753,rs1859962,17,69197674,rs7225025,0.47
17,69108753,rs1859962,17,69198133,rs17178377,0.429
17,69108753,rs1859962,17,69199056,chr17_69199056_C_T,0.677
17,69108753,rs1859962,17,69199987,chr17_69199987_C_G,0.678
17,69108753,rs1859962,17,69200329,chr17_69200329_A_C,0.118
17,69108753,rs1859962,17,69200643,rs1107305,0.451
17,69108753,rs1859962,17,69200783,rs62063933,0.054
17,69108753,rs1859962,17,69201662,rs62063934,0.054
17,69108753,rs1859962,17,69201811,chr17_69201811_A_G,0.466
17,69108753,rs1859962,17,69202014,rs11658666,0.428
17,69108753,rs1859962,17,69203664,chr17_69203664_A_G,0.656
17,69108753,rs1859962,17,69203691,rs72405047,0.635
17,69108753,rs1859962,17,69203822,rs62063936,0.053
17,69108753,rs1859962,17,69204907,rs60242247,0.054
17,69108753,rs1859962,17,69205148,rs4313845,0.417
17,69108753,rs1859962,17,69206119,rs56320441,0.053
17,69108753,rs1859962,17,69206341,rs2108337,0.052
17,69108753,rs1859962,17,69206626,rs147185704,0.431
17,69108753,rs1859962,17,69207164,rs8067671,0.053
17,69108753,rs1859962,17,69207258,rs62063938,0.053
17,69108753,rs1859962,17,69207468,chr17_69207468_C_T,0.654
17,69108753,rs1859962,17,69207887,rs111708945,0.452
17,69108753,rs1859962,17,69207938,chr17_69207938_C_G,0.652
17,69108753,rs1859962,17,69208375,rs199699294,0.452
17,69108753,rs1859962,17,69208520,rs140684497,0.654
17,69108753,rs1859962,17,69208579,chr17_69208579_A_C,0.652
17,69108753,rs1859962,17,69208943,rs201318264,0.452
17,69108753,rs1859962,17,69208966,chr17_69208966_A_T,0.305
17,69108753,rs1859962,17,69209252,rs6501457,0.289
17,69108753,rs1859962,17,69209694,rs8066924,0.414
17,69108753,rs1859962,17,69209805,rs8079912,0.413
17,69108753,rs1859962,17,69209923,chr17_69209923_A_T,0.412
17,69108753,rs1859962,17,69209985,rs73994679,0.053
17,69108753,rs1859962,17,69210354,rs8067145,0.657
17,69108753,rs1859962,17,69210452,rs77081239,0.453
17,69108753,rs1859962,17,69210731,rs56074404,0.053
17,69108753,rs1859962,17,69211366,rs2190456,0.453
17,69108753,rs1859962,17,69211683,rs9905278,0.457
17,69108753,rs1859962,17,69212061,chr17_69212061_A_G,0.451
17,69108753,rs1859962,17,69212318,chr17_69212318_A_G,0.411
17,69108753,rs1859962,17,69212596,rs73994680,0.054
17,69108753,rs1859962,17,69212726,chr17_69212727_C_INDEL,0.45
17,69108753,rs1859962,17,69212739,rs199854066,0.451
17,69108753,rs1859962,17,69212795,rs11650277,0.412
17,69108753,rs1859962,17,69212987,rs79278373,0.054
17,69108753,rs1859962,17,69213455,chr17_69213455_C_T,0.401
17,69108753,rs1859962,17,69214890,chr17_69214890_A_C,0.465
17,69108753,rs1859962,17,69215816,chr17_69215816_C_G,0.404
17,69108753,rs1859962,17,69215899,rs60291002,0.616
17,69108753,rs1859962,17,69215905,chr17_69215905_A_INDEL,0.61
17,69108753,rs1859962,17,69215928,rs4793538,0.402
17,69108753,rs1859962,17,69216041,chr17_69216041_C_T,0.44
17,69108753,rs1859962,17,69216112,rs2108336,0.466
17,69108753,rs1859962,17,69216409,chr17_69216409_A_T,0.403
17,69108753,rs1859962,17,69216687,chr17_69216687_C_T,0.441
17,69108753,rs1859962,17,69217570,chr17_69217570_C_T,0.128
17,69108753,rs1859962,17,69218346,chr17_69218346_A_G,0.403
17,69108753,rs1859962,17,69218756,chr17_69218756_A_T,0.611
17,69108753,rs1859962,17,69220220,chr17_69220220_A_G,0.063
17,69108753,rs1859962,17,69220444,chr17_69220444_C_T,0.612
17,69108753,rs1859962,17,69221925,rs917278,0.53
17,69108753,rs1859962,17,69222669,chr17_69222669_C_T,0.558
17,69108753,rs1859962,17,69222945,rs1978204,0.532
17,69108753,rs1859962,17,69223018,rs112378229,0.398
17,69108753,rs1859962,17,69223768,chr17_69223769_CTCTT_INDEL,0.53
17,69108753,rs1859962,17,69223868,chr17_69223868_A_G,0.578
17,69108753,rs1859962,17,69223909,chr17_69223909_A_G,0.578
17,69108753,rs1859962,17,69224196,chr17_69224196_C_G,0.61
17,69108753,rs1859962,17,69224611,chr17_69224611_A_C,0.61
17,69108753,rs1859962,17,69224654,chr17_69224654_G_T,0.581
17,69108753,rs1859962,17,69224994,chr17_69224994_A_G,0.613
17,69108753,rs1859962,17,69225336,rs11654184,0.403
17,69108753,rs1859962,17,69225779,chr17_69225779_C_G,0.401
17,69108753,rs1859962,17,69226267,chr17_69226267_C_T,0.583
17,69108753,rs1859962,17,69226367,chr17_69226367_A_T,0.402
17,69108753,rs1859962,17,69227194,rs4793540,0.402
17,69108753,rs1859962,17,69227363,rs60391019,0.608
17,69108753,rs1859962,17,69227595,rs4793541,0.44
17,69108753,rs1859962,17,69227713,rs111343701,0.066
17,69108753,rs1859962,17,69229010,rs60773178,0.326
17,69108753,rs1859962,17,69229911,rs6501460,0.268
17,69108753,rs1859962,17,69229972,rs7221080,0.533
17,69108753,rs1859962,17,69231017,rs8064388,0.533
17,69108753,rs1859962,17,69231174,rs11650797,0.402
17,69108753,rs1859962,17,69231784,rs9902909,0.615
17,69108753,rs1859962,17,69232148,chr17_69232148_G_T,0.561
17,69108753,rs1859962,17,69232488,rs9904099,0.614
17,69108753,rs1859962,17,69232599,chr17_69232599_C_G,0.401
17,69108753,rs1859962,17,69232630,chr17_69232630_A_G,0.611
17,69108753,rs1859962,17,69233134,chr17_69233134_C_T,0.614
17,69108753,rs1859962,17,69234808,chr17_69234808_C_T,0.403
17,69108753,rs1859962,17,69236044,chr17_69236044_A_G,0.612
17,69108753,rs1859962,17,69236112,rs17178530,0.464
17,69108753,rs1859962,17,69236205,chr17_69236205_C_G,0.44
17,69108753,rs1859962,17,69236601,chr17_69236601_C_T,0.403
17,69108753,rs1859962,17,69236998,chr17_69236998_G_T,0.063
17,69108753,rs1859962,17,69237039,chr17_69237039_A_G,0.403
17,69108753,rs1859962,17,69238631,rs201111270,0.381
17,69108753,rs1859962,17,69239121,chr17_69239121_A_T,0.61
17,69108753,rs1859962,17,69239431,rs9895657,0.058
17,69108753,rs1859962,17,69239935,rs12941471,0.064
17,69108753,rs1859962,17,69240683,rs8067475,0.608
17,69108753,rs1859962,17,69240785,rs8068231,0.607
17,69108753,rs1859962,17,69240872,chr17_69240872_G_T,0.601
17,69108753,rs1859962,17,69241627,chr17_69241627_A_G,0.062
17,69108753,rs1859962,17,69241880,chr17_69241880_C_T,0.095
17,69108753,rs1859962,17,69241892,chr17_69241892_G_INDEL,0.396
17,69108753,rs1859962,17,69242932,chr17_69242932_C_T,0.592
