CHR_A,BP_A,SNP_A,CHR_B,BP_B,SNP_B,R2
11,113700546,rs5794883,11,113453703,rs12798830,0.095
11,113700546,rs5794883,11,113455838,rs10789950,0.258
11,113700546,rs5794883,11,113456027,rs200284945,0.1
11,113700546,rs5794883,11,113457048,rs10750026,0.085
11,113700546,rs5794883,11,113457324,rs4245155,0.07
11,113700546,rs5794883,11,113459325,rs11214672,0.117
11,113700546,rs5794883,11,113459376,rs11214673,0.117
11,113700546,rs5794883,11,113459431,rs59774972,0.059
11,113700546,rs5794883,11,113459628,rs10891573,0.117
11,113700546,rs5794883,11,113463439,rs11214674,0.095
11,113700546,rs5794883,11,113464248,rs3924141,0.224
11,113700546,rs5794883,11,113464659,rs7128800,0.118
11,113700546,rs5794883,11,113465182,rs78072402,0.052
11,113700546,rs5794883,11,113465752,rs5794875,0.117
11,113700546,rs5794883,11,113466190,rs7941273,0.118
11,113700546,rs5794883,11,113468348,rs12278439,0.118
11,113700546,rs5794883,11,113471356,rs955755,0.118
11,113700546,rs5794883,11,113471957,rs12788951,0.095
11,113700546,rs5794883,11,113472074,rs5794876,0.117
11,113700546,rs5794883,11,113473283,chr11_113473283_C_T,0.24
11,113700546,rs5794883,11,113473312,rs7126925,0.117
11,113700546,rs5794883,11,113473882,rs74325263,0.065
11,113700546,rs5794883,11,113475653,rs373701127,0.243
11,113700546,rs5794883,11,113475979,rs7123334,0.234
11,113700546,rs5794883,11,113476298,rs1396807,0.278
11,113700546,rs5794883,11,113477081,rs11214677,0.231
11,113700546,rs5794883,11,113478201,rs1039832,0.115
11,113700546,rs5794883,11,113478304,rs1039833,0.117
11,113700546,rs5794883,11,113478647,rs138040220,0.117
11,113700546,rs5794883,11,113478737,rs11214679,0.117
11,113700546,rs5794883,11,113478766,rs142410064,0.121
11,113700546,rs5794883,11,113479649,rs57807204,0.065
11,113700546,rs5794883,11,113481638,11:113481638:TTTTGTTTG:TTTTG,0.228
11,113700546,rs5794883,11,113481872,rs61904960,0.055
11,113700546,rs5794883,11,113482039,rs59811748,0.118
11,113700546,rs5794883,11,113482237,rs55817538,0.12
11,113700546,rs5794883,11,113483148,rs34964425,0.237
11,113700546,rs5794883,11,113488730,rs77668790,0.121
11,113700546,rs5794883,11,113490252,rs7107799,0.261
11,113700546,rs5794883,11,113495279,rs12806316,0.096
11,113700546,rs5794883,11,113496393,rs149356696,0.206
11,113700546,rs5794883,11,113496928,rs7130926,0.055
11,113700546,rs5794883,11,113499269,rs1848703,0.263
11,113700546,rs5794883,11,113501176,rs34258959,0.266
11,113700546,rs5794883,11,113501655,rs2886189,0.225
11,113700546,rs5794883,11,113502266,rs925268,0.225
11,113700546,rs5794883,11,113503954,rs3914059,0.117
11,113700546,rs5794883,11,113504082,rs4471464,0.228
11,113700546,rs5794883,11,113504326,rs2136446,0.227
11,113700546,rs5794883,11,113504873,rs150088223,0.203
11,113700546,rs5794883,11,113504913,rs1509513,0.117
11,113700546,rs5794883,11,113506081,rs1509514,0.118
11,113700546,rs5794883,11,113506285,rs1509515,0.118
11,113700546,rs5794883,11,113506860,rs10891576,0.271
11,113700546,rs5794883,11,113507723,rs2016102,0.272
11,113700546,rs5794883,11,113507823,rs35737783,0.118
11,113700546,rs5794883,11,113508425,rs1022084,0.119
11,113700546,rs5794883,11,113510868,rs73004062,0.051
11,113700546,rs5794883,11,113511327,rs61904983,0.053
11,113700546,rs5794883,11,113511358,rs10789954,0.363
11,113700546,rs5794883,11,113512309,rs73004065,0.054
11,113700546,rs5794883,11,113512522,rs11601402,0.055
11,113700546,rs5794883,11,113513306,rs151240606,0.054
11,113700546,rs5794883,11,113513499,rs17610557,0.054
11,113700546,rs5794883,11,113513936,rs7927147,0.336
11,113700546,rs5794883,11,113514615,rs61904984,0.054
11,113700546,rs5794883,11,113514753,rs59874630,0.263
11,113700546,rs5794883,11,113514756,rs60268847,0.263
11,113700546,rs5794883,11,113515898,rs11214684,0.182
11,113700546,rs5794883,11,113516211,rs55637702,0.055
11,113700546,rs5794883,11,113516770,rs17532157,0.055
11,113700546,rs5794883,11,113517002,rs61904986,0.055
11,113700546,rs5794883,11,113517203,rs61904987,0.058
11,113700546,rs5794883,11,113517822,rs4938029,0.121
11,113700546,rs5794883,11,113518935,rs17532254,0.055
11,113700546,rs5794883,11,113519098,rs141758400,0.185
11,113700546,rs5794883,11,113519463,rs61904989,0.055
11,113700546,rs5794883,11,113519673,rs10789955,0.338
11,113700546,rs5794883,11,113519920,rs11606711,0.055
11,113700546,rs5794883,11,113520059,rs10891577,0.116
11,113700546,rs5794883,11,113520060,rs11606734,0.055
11,113700546,rs5794883,11,113520122,rs11602504,0.055
11,113700546,rs5794883,11,113520285,rs11602960,0.055
11,113700546,rs5794883,11,113520959,rs61904990,0.057
11,113700546,rs5794883,11,113521607,rs17532375,0.055
11,113700546,rs5794883,11,113521667,rs61904991,0.055
11,113700546,rs5794883,11,113521777,rs2010896,0.338
11,113700546,rs5794883,11,113522020,rs11601729,0.055
11,113700546,rs5794883,11,113522357,rs1108885,0.115
11,113700546,rs5794883,11,113522590,rs17610915,0.055
11,113700546,rs5794883,11,113522711,rs10891578,0.116
11,113700546,rs5794883,11,113522927,rs61904992,0.055
11,113700546,rs5794883,11,113522952,rs61904993,0.055
11,113700546,rs5794883,11,113522981,rs17532479,0.055
11,113700546,rs5794883,11,113523054,rs61904994,0.055
11,113700546,rs5794883,11,113523678,rs34461867,0.156
11,113700546,rs5794883,11,113523824,rs7110265,0.337
11,113700546,rs5794883,11,113523862,rs11600717,0.055
11,113700546,rs5794883,11,113524089,rs34234382,0.116
11,113700546,rs5794883,11,113524147,rs11602934,0.055
11,113700546,rs5794883,11,113524154,rs61904995,0.055
11,113700546,rs5794883,11,113524197,rs11604889,0.055
11,113700546,rs5794883,11,113524206,rs11600745,0.055
11,113700546,rs5794883,11,113524462,rs61904996,0.055
11,113700546,rs5794883,11,113524465,rs61904997,0.055
11,113700546,rs5794883,11,113524487,rs61904998,0.055
11,113700546,rs5794883,11,113524722,rs61904999,0.055
11,113700546,rs5794883,11,113524787,rs111365410,0.055
11,113700546,rs5794883,11,113524972,rs7950011,0.338
11,113700546,rs5794883,11,113525169,rs73004093,0.055
11,113700546,rs5794883,11,113525268,rs73004095,0.055
11,113700546,rs5794883,11,113525585,rs111614192,0.055
11,113700546,rs5794883,11,113525629,rs113959352,0.055
11,113700546,rs5794883,11,113525659,rs112771260,0.055
11,113700546,rs5794883,11,113525762,rs61905000,0.055
11,113700546,rs5794883,11,113525917,rs61905001,0.055
11,113700546,rs5794883,11,113525969,rs7102991,0.377
11,113700546,rs5794883,11,113526148,rs11601890,0.055
11,113700546,rs5794883,11,113526551,rs11607594,0.055
11,113700546,rs5794883,11,113526612,rs73004098,0.055
11,113700546,rs5794883,11,113526625,rs73004099,0.055
11,113700546,rs5794883,11,113526650,rs73004100,0.055
11,113700546,rs5794883,11,113526665,rs11607622,0.055
11,113700546,rs5794883,11,113526853,rs11601504,0.055
11,113700546,rs5794883,11,113526991,rs11607676,0.055
11,113700546,rs5794883,11,113527066,rs11603529,0.055
11,113700546,rs5794883,11,113527067,rs11601548,0.055
11,113700546,rs5794883,11,113527096,rs11603532,0.055
11,113700546,rs5794883,11,113527201,rs11607747,0.055
11,113700546,rs5794883,11,113527494,rs56318682,0.156
11,113700546,rs5794883,11,113527502,rs11608194,0.056
11,113700546,rs5794883,11,113527535,rs11602079,0.056
11,113700546,rs5794883,11,113527688,rs11608233,0.055
11,113700546,rs5794883,11,113527694,rs11602094,0.055
11,113700546,rs5794883,11,113527744,rs145321287,0.157
11,113700546,rs5794883,11,113527756,rs11599933,0.055
11,113700546,rs5794883,11,113527999,rs144397482,0.055
11,113700546,rs5794883,11,113528150,rs148349003,0.055
11,113700546,rs5794883,11,113528151,rs7941342,0.116
11,113700546,rs5794883,11,113528506,rs4271416,0.142
11,113700546,rs5794883,11,113528519,rs139643287,0.056
11,113700546,rs5794883,11,113529697,11:113529697:C:T,0.055
11,113700546,rs5794883,11,113529969,rs4523721,0.115
11,113700546,rs5794883,11,113530844,rs142553525,0.116
11,113700546,rs5794883,11,113530978,11:113530978:T:A,0.056
11,113700546,rs5794883,11,113531763,11:113531763:T:C,0.057
11,113700546,rs5794883,11,113531764,11:113531764:G:A,0.057
11,113700546,rs5794883,11,113531832,rs11214686,0.338
11,113700546,rs5794883,11,113532067,rs11214687,0.186
11,113700546,rs5794883,11,113533351,rs61905025,0.056
11,113700546,rs5794883,11,113533355,rs61905026,0.056
11,113700546,rs5794883,11,113533737,rs11603480,0.055
11,113700546,rs5794883,11,113533911,rs11607593,0.055
11,113700546,rs5794883,11,113534413,rs73005905,0.055
11,113700546,rs5794883,11,113534482,rs61905027,0.055
11,113700546,rs5794883,11,113534541,rs61905028,0.055
11,113700546,rs5794883,11,113535083,rs7940745,0.344
11,113700546,rs5794883,11,113535187,rs73005911,0.055
11,113700546,rs5794883,11,113535220,rs73005913,0.055
11,113700546,rs5794883,11,113535515,rs61905029,0.056
11,113700546,rs5794883,11,113535683,rs61905030,0.056
11,113700546,rs5794883,11,113536664,rs61905031,0.055
11,113700546,rs5794883,11,113536710,rs10789956,0.376
11,113700546,rs5794883,11,113536910,rs11602134,0.056
11,113700546,rs5794883,11,113537310,rs11606746,0.056
11,113700546,rs5794883,11,113537548,rs11214692,0.115
11,113700546,rs5794883,11,113537558,rs56778124,0.06
11,113700546,rs5794883,11,113537755,rs148095259,0.331
11,113700546,rs5794883,11,113537972,rs55820082,0.056
11,113700546,rs5794883,11,113538253,rs56137735,0.056
11,113700546,rs5794883,11,113538828,rs55779036,0.056
11,113700546,rs5794883,11,113539080,rs3934007,0.337
11,113700546,rs5794883,11,113539183,rs61905034,0.056
11,113700546,rs5794883,11,113539373,rs35391416,0.056
11,113700546,rs5794883,11,113539588,rs55786643,0.056
11,113700546,rs5794883,11,113540096,rs61905037,0.056
11,113700546,rs5794883,11,113540263,rs34469764,0.056
11,113700546,rs5794883,11,113540329,rs34531299,0.056
11,113700546,rs5794883,11,113541021,rs1355202,0.056
11,113700546,rs5794883,11,113541147,chr11_113541147_C_T,0.281
11,113700546,rs5794883,11,113541255,rs2363550,0.056
11,113700546,rs5794883,11,113541994,rs11605078,0.056
11,113700546,rs5794883,11,113542109,rs11605119,0.056
11,113700546,rs5794883,11,113542110,rs11605096,0.056
11,113700546,rs5794883,11,113542171,rs11600908,0.056
11,113700546,rs5794883,11,113542268,rs10160656,0.34
11,113700546,rs5794883,11,113542459,rs12802646,0.116
11,113700546,rs5794883,11,113542553,rs73005985,0.056
11,113700546,rs5794883,11,113542646,rs201401067,0.056
11,113700546,rs5794883,11,113542672,rs61903061,0.056
11,113700546,rs5794883,11,113542962,rs112991785,0.056
11,113700546,rs5794883,11,113543076,rs6589389,0.342
11,113700546,rs5794883,11,113543229,rs7130704,0.268
11,113700546,rs5794883,11,113543416,rs7103478,0.344
11,113700546,rs5794883,11,113543533,rs11606211,0.056
11,113700546,rs5794883,11,113543747,rs4938032,0.14
11,113700546,rs5794883,11,113544113,rs4938033,0.106
11,113700546,rs5794883,11,113544156,rs11606336,0.056
11,113700546,rs5794883,11,113544459,rs73005986,0.056
11,113700546,rs5794883,11,113545247,rs61903063,0.056
11,113700546,rs5794883,11,113545266,rs61903064,0.056
11,113700546,rs5794883,11,113545486,rs61903065,0.056
11,113700546,rs5794883,11,113545881,rs73005988,0.056
11,113700546,rs5794883,11,113546032,rs73005989,0.056
11,113700546,rs5794883,11,113548049,rs11607704,0.056
11,113700546,rs5794883,11,113548309,rs17611093,0.056
11,113700546,rs5794883,11,113548674,rs17611127,0.056
11,113700546,rs5794883,11,113548731,rs17532674,0.26
11,113700546,rs5794883,11,113548935,rs56237946,0.433
11,113700546,rs5794883,11,113550352,rs17532814,0.437
11,113700546,rs5794883,11,113550499,rs7948365,0.222
11,113700546,rs5794883,11,113550499,rs7948365,0.056
11,113700546,rs5794883,11,113550729,rs7933647,0.357
11,113700546,rs5794883,11,113550750,rs7933657,0.437
11,113700546,rs5794883,11,113551180,rs61903066,0.056
11,113700546,rs5794883,11,113551209,rs61903067,0.056
11,113700546,rs5794883,11,113551341,rs147965179,0.056
11,113700546,rs5794883,11,113552318,rs7925033,0.264
11,113700546,rs5794883,11,113552319,rs74834015,0.188
11,113700546,rs5794883,11,113552421,rs61903068,0.056
11,113700546,rs5794883,11,113552457,rs11602210,0.056
11,113700546,rs5794883,11,113552469,rs61903075,0.056
11,113700546,rs5794883,11,113552612,rs1533053,0.11
11,113700546,rs5794883,11,113553049,rs11604194,0.056
11,113700546,rs5794883,11,113553233,rs61903076,0.056
11,113700546,rs5794883,11,113553296,rs61903077,0.056
11,113700546,rs5794883,11,113553617,rs17532884,0.056
11,113700546,rs5794883,11,113553700,rs963802,0.357
11,113700546,rs5794883,11,113554134,rs7946187,0.357
11,113700546,rs5794883,11,113554517,rs11214696,0.264
11,113700546,rs5794883,11,113555357,rs10891585,0.357
11,113700546,rs5794883,11,113555502,rs61903078,0.056
11,113700546,rs5794883,11,113555925,rs11606035,0.056
11,113700546,rs5794883,11,113556062,rs7925762,0.357
11,113700546,rs5794883,11,113557206,rs45533243,0.056
11,113700546,rs5794883,11,113557632,rs45477301,0.052
11,113700546,rs5794883,11,113559405,rs11214700,0.359
11,113700546,rs5794883,11,113559939,rs7106500,0.052
11,113700546,rs5794883,11,113560009,rs4938035,0.438
11,113700546,rs5794883,11,113561054,rs7110736,0.111
11,113700546,rs5794883,11,113561057,rs7110738,0.111
11,113700546,rs5794883,11,113561247,chr11_113561247_C_T,0.435
11,113700546,rs5794883,11,113561256,rs11607591,0.438
11,113700546,rs5794883,11,113561421,rs7114195,0.111
11,113700546,rs5794883,11,113561727,rs11607690,0.052
11,113700546,rs5794883,11,113562605,rs7940560,0.117
11,113700546,rs5794883,11,113562896,rs11214705,0.202
11,113700546,rs5794883,11,113562976,rs35973827,0.201
11,113700546,rs5794883,11,113563559,rs11214706,0.21
11,113700546,rs5794883,11,113563560,rs11214707,0.21
11,113700546,rs5794883,11,113563574,rs11214708,0.195
11,113700546,rs5794883,11,113564012,rs11600570,0.052
11,113700546,rs5794883,11,113564400,chr11_113564400_A_G,0.295
11,113700546,rs5794883,11,113566207,rs4936279,0.171
11,113700546,rs5794883,11,113569040,rs1567391,0.11
11,113700546,rs5794883,11,113569931,rs200841987,0.117
11,113700546,rs5794883,11,113570385,rs11601425,0.053
11,113700546,rs5794883,11,113570405,rs4936280,0.111
11,113700546,rs5794883,11,113570490,rs3802856,0.111
11,113700546,rs5794883,11,113572052,rs57869398,0.447
11,113700546,rs5794883,11,113572056,rs61595487,0.447
11,113700546,rs5794883,11,113572155,rs59514153,0.11
11,113700546,rs5794883,11,113572483,rs7930871,0.43
11,113700546,rs5794883,11,113572501,rs5794877,0.11
11,113700546,rs5794883,11,113574270,rs61903082,0.053
11,113700546,rs5794883,11,113574394,rs2063302,0.43
11,113700546,rs5794883,11,113576932,rs7926267,0.111
11,113700546,rs5794883,11,113578020,rs1155104,0.43
11,113700546,rs5794883,11,113578393,rs45618134,0.053
11,113700546,rs5794883,11,113579666,rs6589393,0.431
11,113700546,rs5794883,11,113579990,rs7938346,0.431
11,113700546,rs5794883,11,113580492,rs143522521,0.296
11,113700546,rs5794883,11,113582432,rs200275080,0.119
11,113700546,rs5794883,11,113582559,rs3851571,0.111
11,113700546,rs5794883,11,113584601,rs7107120,0.111
11,113700546,rs5794883,11,113585911,rs10502177,0.053
11,113700546,rs5794883,11,113586361,rs10891590,0.111
11,113700546,rs5794883,11,113587276,rs10891591,0.111
11,113700546,rs5794883,11,113587398,rs60662058,0.14
11,113700546,rs5794883,11,113588911,rs4272817,0.111
11,113700546,rs5794883,11,113589163,rs4245156,0.449
11,113700546,rs5794883,11,113589305,rs139389569,0.053
11,113700546,rs5794883,11,113590197,rs17612378,0.053
11,113700546,rs5794883,11,113590270,11:113590270:ATCTCTCTCTC:ATCTCTCTCTCTCTC,0.431
11,113700546,rs5794883,11,113590575,rs7932415,0.431
11,113700546,rs5794883,11,113591005,rs4938051,0.111
11,113700546,rs5794883,11,113591832,chr11_113591832_A_G,0.215
11,113700546,rs5794883,11,113592008,rs11607718,0.053
11,113700546,rs5794883,11,113594007,rs6589395,0.111
11,113700546,rs5794883,11,113594935,rs11214714,0.06
11,113700546,rs5794883,11,113595689,rs17115895,0.06
11,113700546,rs5794883,11,113595846,rs73551134,0.06
11,113700546,rs5794883,11,113596347,rs17115901,0.06
11,113700546,rs5794883,11,113598270,rs78686569,0.2
11,113700546,rs5794883,11,113598293,rs111904401,0.2
11,113700546,rs5794883,11,113599224,rs1318296,0.06
11,113700546,rs5794883,11,113600132,rs7126671,0.112
11,113700546,rs5794883,11,113600415,rs10789958,0.211
11,113700546,rs5794883,11,113600513,rs145271156,0.141
11,113700546,rs5794883,11,113600581,rs113298242,0.208
11,113700546,rs5794883,11,113600759,rs73007952,0.453
11,113700546,rs5794883,11,113600920,rs73007954,0.452
11,113700546,rs5794883,11,113601096,rs74531076,0.209
11,113700546,rs5794883,11,113601370,rs41358051,0.209
11,113700546,rs5794883,11,113601850,rs7927569,0.435
11,113700546,rs5794883,11,113602103,rs79555404,0.209
11,113700546,rs5794883,11,113602122,rs78777053,0.209
11,113700546,rs5794883,11,113602555,rs2885987,0.208
11,113700546,rs5794883,11,113602809,rs11604887,0.053
11,113700546,rs5794883,11,113603042,rs10750028,0.112
11,113700546,rs5794883,11,113603779,rs11605483,0.053
11,113700546,rs5794883,11,113603788,rs58736657,0.061
11,113700546,rs5794883,11,113604244,rs141123769,0.209
11,113700546,rs5794883,11,113604832,rs73007957,0.455
11,113700546,rs5794883,11,113605197,rs77765931,0.208
11,113700546,rs5794883,11,113605450,rs118091141,0.209
11,113700546,rs5794883,11,113606088,rs77841778,0.209
11,113700546,rs5794883,11,113606526,rs147850284,0.053
11,113700546,rs5794883,11,113606623,rs7102791,0.453
11,113700546,rs5794883,11,113608450,rs2279996,0.209
11,113700546,rs5794883,11,113608888,rs2279995,0.209
11,113700546,rs5794883,11,113609655,rs140484576,0.054
11,113700546,rs5794883,11,113609854,rs4351850,0.112
11,113700546,rs5794883,11,113610829,rs2364110,0.209
11,113700546,rs5794883,11,113610907,rs142162870,0.062
11,113700546,rs5794883,11,113610917,rs112679347,0.453
11,113700546,rs5794883,11,113610917,rs112679347,0.209
11,113700546,rs5794883,11,113611539,rs61905736,0.054
11,113700546,rs5794883,11,113611738,rs17541000,0.054
11,113700546,rs5794883,11,113611822,rs139716224,0.054
11,113700546,rs5794883,11,113613547,rs10502176,0.209
11,113700546,rs5794883,11,113613574,rs17115915,0.061
11,113700546,rs5794883,11,113613758,rs17115918,0.209
11,113700546,rs5794883,11,113613869,rs17115920,0.061
11,113700546,rs5794883,11,113615113,rs7930141,0.085
11,113700546,rs5794883,11,113615622,rs17541153,0.054
11,113700546,rs5794883,11,113615817,rs34212662,0.107
11,113700546,rs5794883,11,113616880,rs2465651,0.112
11,113700546,rs5794883,11,113616942,rs150558095,0.21
11,113700546,rs5794883,11,113616988,rs10502175,0.21
11,113700546,rs5794883,11,113617430,rs77466658,0.21
11,113700546,rs5794883,11,113617975,rs11214716,0.436
11,113700546,rs5794883,11,113618773,rs76274106,0.21
11,113700546,rs5794883,11,113619339,rs7105512,0.453
11,113700546,rs5794883,11,113620051,rs61905739,0.054
11,113700546,rs5794883,11,113620632,rs10891592,0.436
11,113700546,rs5794883,11,113620794,rs2511052,0.112
11,113700546,rs5794883,11,113620882,chr11_113620882_A_G,0.117
11,113700546,rs5794883,11,113621087,rs12292532,0.061
11,113700546,rs5794883,11,113621170,rs56361490,0.054
11,113700546,rs5794883,11,113621171,rs112393775,0.21
11,113700546,rs5794883,11,113622349,rs112280294,0.21
11,113700546,rs5794883,11,113622452,rs113897599,0.21
11,113700546,rs5794883,11,113623054,rs73007983,0.054
11,113700546,rs5794883,11,113624776,rs59155844,0.054
11,113700546,rs5794883,11,113625255,rs77900725,0.21
11,113700546,rs5794883,11,113625449,rs79643524,0.21
11,113700546,rs5794883,11,113625545,rs76605443,0.212
11,113700546,rs5794883,11,113625613,rs61905740,0.054
11,113700546,rs5794883,11,113625765,rs74484528,0.21
11,113700546,rs5794883,11,113625805,rs75407982,0.21
11,113700546,rs5794883,11,113626043,rs74839092,0.21
11,113700546,rs5794883,11,113626124,rs61905741,0.054
11,113700546,rs5794883,11,113626375,rs149213583,0.211
11,113700546,rs5794883,11,113626679,rs79179520,0.21
11,113700546,rs5794883,11,113626708,rs2457377,0.133
11,113700546,rs5794883,11,113627829,rs112995495,0.212
11,113700546,rs5794883,11,113628105,rs61905742,0.054
11,113700546,rs5794883,11,113628149,rs76069704,0.211
11,113700546,rs5794883,11,113628896,rs140640693,0.204
11,113700546,rs5794883,11,113628928,chr11_113628929_A_INDEL,0.768
11,113700546,rs5794883,11,113631431,rs5794880,0.137
11,113700546,rs5794883,11,113632291,rs906847,0.072
11,113700546,rs5794883,11,113634218,rs140045520,0.054
11,113700546,rs5794883,11,113634932,rs151202070,0.216
11,113700546,rs5794883,11,113635308,rs73009851,0.054
11,113700546,rs5794883,11,113637899,rs34930485,0.208
11,113700546,rs5794883,11,113638177,rs17613838,0.095
11,113700546,rs5794883,11,113638374,rs2459969,0.072
11,113700546,rs5794883,11,113639232,rs2459970,0.136
11,113700546,rs5794883,11,113639842,chr11_113639842_A_C,0.095
11,113700546,rs5794883,11,113641406,rs112022418,0.218
11,113700546,rs5794883,11,113641859,rs7124878,0.478
11,113700546,rs5794883,11,113642993,rs2459976,0.14
11,113700546,rs5794883,11,113643113,rs75480900,0.217
11,113700546,rs5794883,11,113643749,rs71063524,0.144
11,113700546,rs5794883,11,113645508,rs11344718,0.474
11,113700546,rs5794883,11,113645550,rs1467057,0.142
11,113700546,rs5794883,11,113645843,rs370399435,0.474
11,113700546,rs5794883,11,113645877,chr11_113645877_A_T,0.455
11,113700546,rs5794883,11,113648702,rs75980984,0.218
11,113700546,rs5794883,11,113649700,rs7105485,0.475
11,113700546,rs5794883,11,113649855,rs61905750,0.053
11,113700546,rs5794883,11,113651400,rs7129831,0.465
11,113700546,rs5794883,11,113651797,rs2465648,0.145
11,113700546,rs5794883,11,113653025,rs61905751,0.054
11,113700546,rs5794883,11,113653030,rs11822222,0.466
11,113700546,rs5794883,11,113653297,rs61905752,0.053
11,113700546,rs5794883,11,113653703,rs117189169,0.052
11,113700546,rs5794883,11,113654712,rs2459974,0.215
11,113700546,rs5794883,11,113654742,rs59104373,0.216
11,113700546,rs5794883,11,113654745,rs7127080,0.216
11,113700546,rs5794883,11,113655258,rs17614286,0.053
11,113700546,rs5794883,11,113655425,rs142227020,0.094
11,113700546,rs5794883,11,113656267,rs2513572,0.078
11,113700546,rs5794883,11,113656763,rs10891596,0.47
11,113700546,rs5794883,11,113656828,rs200838773,0.14
11,113700546,rs5794883,11,113656849,rs73009900,0.053
11,113700546,rs5794883,11,113657250,rs35524849,0.079
11,113700546,rs5794883,11,113657318,rs61905753,0.053
11,113700546,rs5794883,11,113657451,rs61905754,0.053
11,113700546,rs5794883,11,113658449,rs17614338,0.053
11,113700546,rs5794883,11,113658730,rs17115975,0.225
11,113700546,rs5794883,11,113659016,rs2513585,0.148
11,113700546,rs5794883,11,113659993,rs906846,0.338
11,113700546,rs5794883,11,113660576,rs1713676,0.404
11,113700546,rs5794883,11,113660837,rs74337724,0.275
11,113700546,rs5794883,11,113661349,rs1713675,0.429
11,113700546,rs5794883,11,113661409,rs140663563,0.301
11,113700546,rs5794883,11,113661422,rs1713674,0.053
11,113700546,rs5794883,11,113661856,rs1713673,0.053
11,113700546,rs5794883,11,113662406,rs2513586,0.507
11,113700546,rs5794883,11,113662496,rs17796421,0.302
11,113700546,rs5794883,11,113663087,rs79275906,0.302
11,113700546,rs5794883,11,113663529,rs1621515,0.574
11,113700546,rs5794883,11,113663781,rs11214725,0.493
11,113700546,rs5794883,11,113665166,rs61479173,0.568
11,113700546,rs5794883,11,113665215,rs11316328,0.06
11,113700546,rs5794883,11,113665723,chr11_113665723_C_T,0.493
11,113700546,rs5794883,11,113665878,rs1713672,0.568
11,113700546,rs5794883,11,113666206,rs77693242,0.302
11,113700546,rs5794883,11,113666760,rs45454197,0.053
11,113700546,rs5794883,11,113666950,rs17115996,0.302
11,113700546,rs5794883,11,113667873,rs2465650,0.507
11,113700546,rs5794883,11,113668314,rs45480291,0.302
11,113700546,rs5794883,11,113669205,rs1633550,0.053
11,113700546,rs5794883,11,113669314,rs150500430,0.053
11,113700546,rs5794883,11,113669644,rs2285392,0.301
11,113700546,rs5794883,11,113670751,rs1633549,0.053
11,113700546,rs5794883,11,113670853,rs10891597,0.493
11,113700546,rs5794883,11,113670969,rs147499211,0.304
11,113700546,rs5794883,11,113670991,rs10750030,0.493
11,113700546,rs5794883,11,113671023,rs76211911,0.301
11,113700546,rs5794883,11,113671159,rs7951021,0.569
11,113700546,rs5794883,11,113671506,rs1633548,0.053
11,113700546,rs5794883,11,113673206,rs1633547,0.063
11,113700546,rs5794883,11,113673521,chr11_113673521_C_G,0.507
11,113700546,rs5794883,11,113674693,rs7116233,0.299
11,113700546,rs5794883,11,113674838,rs1713671,0.574
11,113700546,rs5794883,11,113675542,rs45595543,0.301
11,113700546,rs5794883,11,113675960,rs1034582,0.575
11,113700546,rs5794883,11,113676571,rs1016956,0.053
11,113700546,rs5794883,11,113676681,rs1016955,0.568
11,113700546,rs5794883,11,113676819,rs34431962,0.544
11,113700546,rs5794883,11,113676942,rs1713670,0.568
11,113700546,rs5794883,11,113678105,rs35233258,0.44
11,113700546,rs5794883,11,113678423,rs2428019,0.063
11,113700546,rs5794883,11,113679119,rs2465647,0.492
11,113700546,rs5794883,11,113679310,rs2519201,0.053
11,113700546,rs5794883,11,113680512,rs11606284,0.495
11,113700546,rs5794883,11,113680962,chr11_113680962_C_T,0.494
11,113700546,rs5794883,11,113681305,rs2513574,0.054
11,113700546,rs5794883,11,113681981,rs79186081,0.301
11,113700546,rs5794883,11,113682372,rs6589397,0.568
11,113700546,rs5794883,11,113682406,rs77641750,0.301
11,113700546,rs5794883,11,113683860,rs2715791,0.053
11,113700546,rs5794883,11,113684035,rs75249816,0.301
11,113700546,rs5794883,11,113684215,rs2023642,0.056
11,113700546,rs5794883,11,113684809,rs2519200,0.056
11,113700546,rs5794883,11,113686705,rs74507276,0.301
11,113700546,rs5794883,11,113686828,rs17723728,0.31
11,113700546,rs5794883,11,113688357,rs146489349,0.057
11,113700546,rs5794883,11,113688896,rs151070658,0.053
11,113700546,rs5794883,11,113689109,rs2005667,0.053
11,113700546,rs5794883,11,113689211,rs756701,0.053
11,113700546,rs5794883,11,113689248,chr11_113689248_A_G,0.492
11,113700546,rs5794883,11,113689991,rs9667440,0.301
11,113700546,rs5794883,11,113690693,rs2513565,0.053
11,113700546,rs5794883,11,113691977,rs2513566,0.508
11,113700546,rs5794883,11,113692660,rs2513567,0.053
11,113700546,rs5794883,11,113693312,rs10706243,0.302
11,113700546,rs5794883,11,113695097,rs2428018,0.493
11,113700546,rs5794883,11,113695340,rs79493319,0.302
11,113700546,rs5794883,11,113695469,rs61907861,0.627
11,113700546,rs5794883,11,113695794,rs10891598,0.627
11,113700546,rs5794883,11,113696653,rs7111825,0.466
11,113700546,rs5794883,11,113696988,rs10891599,0.626
11,113700546,rs5794883,11,113697004,rs59796496,0.282
11,113700546,rs5794883,11,113697436,rs4938053,0.627
11,113700546,rs5794883,11,113697439,rs138096456,0.304
11,113700546,rs5794883,11,113698002,rs17802314,0.302
11,113700546,rs5794883,11,113700546,rs5794883,1
11,113700546,rs5794883,11,113702975,rs45447199,0.302
11,113700546,rs5794883,11,113703269,rs73011659,0.104
11,113700546,rs5794883,11,113703481,rs145743087,0.302
11,113700546,rs5794883,11,113705787,rs2428015,0.508
11,113700546,rs5794883,11,113706122,rs10789965,0.634
11,113700546,rs5794883,11,113706299,rs2513579,0.48
11,113700546,rs5794883,11,113707199,rs6589398,0.625
11,113700546,rs5794883,11,113707744,rs79893157,0.303
11,113700546,rs5794883,11,113708985,rs7110680,0.634
11,113700546,rs5794883,11,113710905,rs7104752,0.268
11,113700546,rs5794883,11,113711061,rs34010373,0.633
11,113700546,rs5794883,11,113711713,rs2428012,0.509
11,113700546,rs5794883,11,113711810,rs3802852,0.302
11,113700546,rs5794883,11,113712278,rs2513577,0.088
11,113700546,rs5794883,11,113712526,rs7112957,0.508
11,113700546,rs5794883,11,113713390,rs4936283,0.473
11,113700546,rs5794883,11,113713587,rs138617557,0.392
11,113700546,rs5794883,11,113715162,rs7122325,0.634
11,113700546,rs5794883,11,113716157,rs199960425,0.31
11,113700546,rs5794883,11,113716345,rs79176357,0.302
11,113700546,rs5794883,11,113716688,rs77843918,0.302
11,113700546,rs5794883,11,113717911,rs17802617,0.089
11,113700546,rs5794883,11,113718427,rs11214739,0.474
11,113700546,rs5794883,11,113718461,rs11214740,0.628
11,113700546,rs5794883,11,113718597,rs11214741,0.626
11,113700546,rs5794883,11,113718934,rs7938454,0.634
11,113700546,rs5794883,11,113719927,rs75816722,0.302
11,113700546,rs5794883,11,113721142,rs77803855,0.302
11,113700546,rs5794883,11,113722276,rs10891600,0.633
11,113700546,rs5794883,11,113722304,rs61907871,0.09
11,113700546,rs5794883,11,113722454,rs116314472,0.303
11,113700546,rs5794883,11,113722574,rs58139047,0.509
11,113700546,rs5794883,11,113723061,rs2428008,0.494
11,113700546,rs5794883,11,113723144,rs17802653,0.494
11,113700546,rs5794883,11,113724640,rs35144767,0.088
11,113700546,rs5794883,11,113724673,rs7126080,0.472
11,113700546,rs5794883,11,113727631,rs78346388,0.302
11,113700546,rs5794883,11,113727974,rs56879587,0.508
11,113700546,rs5794883,11,113728754,rs116711768,0.302
11,113700546,rs5794883,11,113729138,rs17802676,0.303
11,113700546,rs5794883,11,113729472,rs11214745,0.626
11,113700546,rs5794883,11,113729611,rs2513587,0.088
11,113700546,rs5794883,11,113730361,rs74571546,0.302
11,113700546,rs5794883,11,113731273,rs2428024,0.493
11,113700546,rs5794883,11,113731715,rs75132682,0.3
11,113700546,rs5794883,11,113732828,rs2428021,0.504
11,113700546,rs5794883,11,113733111,rs2051675,0.628
11,113700546,rs5794883,11,113733980,rs59625643,0.304
11,113700546,rs5794883,11,113734645,rs144902766,0.3
11,113700546,rs5794883,11,113737701,rs34942920,0.62
11,113700546,rs5794883,11,113738340,rs36022874,0.087
11,113700546,rs5794883,11,113738509,rs140382982,0.105
11,113700546,rs5794883,11,113739143,rs147803004,0.087
11,113700546,rs5794883,11,113739985,rs2513569,0.49
11,113700546,rs5794883,11,113741078,rs116842426,0.298
11,113700546,rs5794883,11,113741466,rs2513570,0.62
11,113700546,rs5794883,11,113745574,rs45587435,0.296
11,113700546,rs5794883,11,113748065,rs11600930,0.087
11,113700546,rs5794883,11,113748634,rs2510563,0.491
11,113700546,rs5794883,11,113748991,rs2510564,0.468
11,113700546,rs5794883,11,113749555,rs11455018,0.087
11,113700546,rs5794883,11,113750150,rs4435037,0.094
11,113700546,rs5794883,11,113751038,rs75910704,0.296
11,113700546,rs5794883,11,113751704,rs75457439,0.296
11,113700546,rs5794883,11,113753178,rs12295684,0.11
11,113700546,rs5794883,11,113753294,rs76696784,0.086
11,113700546,rs5794883,11,113753336,rs78124388,0.296
11,113700546,rs5794883,11,113753432,rs1008868,0.067
11,113700546,rs5794883,11,113753516,rs2097078,0.49
11,113700546,rs5794883,11,113754302,rs2513571,0.262
11,113700546,rs5794883,11,113754766,rs7111589,0.295
11,113700546,rs5794883,11,113755370,rs7937295,0.295
11,113700546,rs5794883,11,113757772,rs78440249,0.296
11,113700546,rs5794883,11,113759017,rs76073660,0.295
11,113700546,rs5794883,11,113759394,rs11214758,0.258
11,113700546,rs5794883,11,113760668,rs35944881,0.067
11,113700546,rs5794883,11,113761106,rs59055436,0.069
11,113700546,rs5794883,11,113761677,rs2510562,0.489
11,113700546,rs5794883,11,113762171,rs79988481,0.293
11,113700546,rs5794883,11,113762277,11:113762277:T:G,0.292
11,113700546,rs5794883,11,113762322,rs149705725,0.293
11,113700546,rs5794883,11,113763199,rs117239707,0.292
11,113700546,rs5794883,11,113764999,rs12794818,0.111
11,113700546,rs5794883,11,113765169,rs75175798,0.292
11,113700546,rs5794883,11,113766979,rs78417016,0.292
11,113700546,rs5794883,11,113767245,rs10891605,0.474
11,113700546,rs5794883,11,113767254,rs12577754,0.111
11,113700546,rs5794883,11,113767725,rs6589400,0.092
11,113700546,rs5794883,11,113768638,rs2011249,0.111
11,113700546,rs5794883,11,113770022,rs7945619,0.291
11,113700546,rs5794883,11,113770355,rs1176758,0.265
11,113700546,rs5794883,11,113772167,rs150939307,0.291
11,113700546,rs5794883,11,113772168,rs78297949,0.291
11,113700546,rs5794883,11,113772179,rs377332673,0.292
11,113700546,rs5794883,11,113772589,rs3891484,0.068
11,113700546,rs5794883,11,113774895,rs11214763,0.485
11,113700546,rs5794883,11,113775275,rs3758987,0.17
11,113700546,rs5794883,11,113775551,rs145648579,0.288
11,113700546,rs5794883,11,113776959,chr11_113776959_G_T,0.099
11,113700546,rs5794883,11,113777072,rs79427400,0.288
11,113700546,rs5794883,11,113781164,rs34377344,0.198
11,113700546,rs5794883,11,113781251,rs10891606,0.173
11,113700546,rs5794883,11,113781377,rs7943259,0.41
11,113700546,rs5794883,11,113781651,rs11214766,0.109
11,113700546,rs5794883,11,113782139,rs7943925,0.173
11,113700546,rs5794883,11,113784770,11:113784770:T:A,0.287
11,113700546,rs5794883,11,113784956,rs35125461,0.109
11,113700546,rs5794883,11,113785269,rs77820844,0.287
11,113700546,rs5794883,11,113789292,rs4938057,0.162
11,113700546,rs5794883,11,113789299,chr11_113789299_A_G,0.184
11,113700546,rs5794883,11,113789380,rs4938058,0.162
11,113700546,rs5794883,11,113789384,rs35902629,0.157
11,113700546,rs5794883,11,113790099,rs7103572,0.162
11,113700546,rs5794883,11,113790240,rs12271442,0.162
11,113700546,rs5794883,11,113790668,rs11214769,0.161
11,113700546,rs5794883,11,113791109,rs71301683,0.186
11,113700546,rs5794883,11,113791278,rs12273321,0.114
11,113700546,rs5794883,11,113791716,rs4020502,0.161
11,113700546,rs5794883,11,113791827,rs74399990,0.285
11,113700546,rs5794883,11,113791876,rs71063534,0.114
11,113700546,rs5794883,11,113792233,rs71063535,0.191
11,113700546,rs5794883,11,113797438,rs144232172,0.1
11,113700546,rs5794883,11,113799047,rs12270070,0.102
11,113700546,rs5794883,11,113799417,rs11214772,0.38
11,113700546,rs5794883,11,113801516,rs72997471,0.375
11,113700546,rs5794883,11,113802601,rs1176746,0.221
11,113700546,rs5794883,11,113803028,rs1176744,0.169
11,113700546,rs5794883,11,113803374,rs76124337,0.221
11,113700546,rs5794883,11,113803887,rs2276307,0.1
11,113700546,rs5794883,11,113803976,rs2276308,0.1
11,113700546,rs5794883,11,113804108,rs1176743,0.175
11,113700546,rs5794883,11,113805352,rs45438696,0.277
11,113700546,rs5794883,11,113807181,rs11214775,0.861
11,113700546,rs5794883,11,113807607,chr11_113807607_A_G,0.331
11,113700546,rs5794883,11,113808757,chr11_113808757_A_G,0.321
11,113700546,rs5794883,11,113811841,chr11_113811841_A_G,0.264
11,113700546,rs5794883,11,113812733,rs1672717,0.157
11,113700546,rs5794883,11,113812819,rs11605098,0.098
11,113700546,rs5794883,11,113812895,rs11605102,0.098
11,113700546,rs5794883,11,113814296,rs1176760,0.219
11,113700546,rs5794883,11,113814625,rs11606288,0.288
11,113700546,rs5794883,11,113814744,rs368033697,0.367
11,113700546,rs5794883,11,113817062,rs72012409,0.095
11,113700546,rs5794883,11,113817286,chr11_113817286_A_G,0.433
11,113700546,rs5794883,11,113817468,rs7945926,0.371
11,113700546,rs5794883,11,113817579,rs4936285,0.096
11,113700546,rs5794883,11,113817656,rs1185027,0.095
11,113700546,rs5794883,11,113817680,rs12795805,0.079
11,113700546,rs5794883,11,113818271,rs4936286,0.073
11,113700546,rs5794883,11,113818329,rs4938059,0.074
11,113700546,rs5794883,11,113818752,rs7129190,0.15
11,113700546,rs5794883,11,113819452,rs11214780,0.074
11,113700546,rs5794883,11,113820652,rs12291118,0.074
11,113700546,rs5794883,11,113821793,rs11214782,0.129
11,113700546,rs5794883,11,113822262,rs1177066,0.074
11,113700546,rs5794883,11,113822745,rs720396,0.091
11,113700546,rs5794883,11,113823865,chr11_113823865_A_G,0.356
11,113700546,rs5794883,11,113824194,rs12363499,0.373
11,113700546,rs5794883,11,113824447,rs11214783,0.297
11,113700546,rs5794883,11,113825129,rs1150234,0.139
11,113700546,rs5794883,11,113826962,11:113826962:TTTTGTTTG:TTTTG,0.312
11,113700546,rs5794883,11,113827103,rs1150232,0.093
11,113700546,rs5794883,11,113830264,chr11_113830264_A_G,0.327
11,113700546,rs5794883,11,113831931,rs34614384,0.062
11,113700546,rs5794883,11,113832657,rs34703448,0.059
11,113700546,rs5794883,11,113836713,rs11214786,0.278
11,113700546,rs5794883,11,113837184,rs59212645,0.191
11,113700546,rs5794883,11,113839272,chr11_113839272_C_T,0.27
11,113700546,rs5794883,11,113839435,rs11214790,0.274
11,113700546,rs5794883,11,113839974,rs61905760,0.274
11,113700546,rs5794883,11,113846006,chr11_113846006_C_T,0.082
11,113700546,rs5794883,11,113846688,rs1150225,0.225
11,113700546,rs5794883,11,113846872,rs1150222,0.225
11,113700546,rs5794883,11,113847348,rs1176725,0.225
11,113700546,rs5794883,11,113848474,rs1176722,0.225
11,113700546,rs5794883,11,113849753,rs1176720,0.224
11,113700546,rs5794883,11,113851289,rs7930558,0.223
11,113700546,rs5794883,11,113851413,rs10891611,0.223
11,113700546,rs5794883,11,113852187,rs1176719,0.087
11,113700546,rs5794883,11,113854282,rs909411,0.111
11,113700546,rs5794883,11,113854679,rs11214796,0.111
11,113700546,rs5794883,11,113855342,rs1176717,0.111
11,113700546,rs5794883,11,113855367,rs3867473,0.111
11,113700546,rs5794883,11,113855398,rs1176716,0.236
11,113700546,rs5794883,11,113855406,rs1176715,0.11
11,113700546,rs5794883,11,113855526,rs1176714,0.111
11,113700546,rs5794883,11,113855977,rs948983,0.236
11,113700546,rs5794883,11,113857886,rs1150220,0.112
11,113700546,rs5794883,11,113860425,rs1176713,0.109
11,113700546,rs5794883,11,113861749,rs1182457,0.234
11,113700546,rs5794883,11,113863131,rs7115470,0.234
11,113700546,rs5794883,11,113865158,rs930865,0.107
11,113700546,rs5794883,11,113865827,rs12361344,0.11
11,113700546,rs5794883,11,113872627,chr11_113872627_C_T,0.089
11,113700546,rs5794883,11,113874159,rs73013223,0.09
11,113700546,rs5794883,11,113874247,rs73013225,0.09
11,113700546,rs5794883,11,113876797,rs77423986,0.09
11,113700546,rs5794883,11,113876943,rs73013230,0.093
11,113700546,rs5794883,11,113877557,rs2364857,0.079
11,113700546,rs5794883,11,113877594,rs4318013,0.078
11,113700546,rs5794883,11,113877596,rs4318014,0.079
11,113700546,rs5794883,11,113879251,rs4938064,0.077
11,113700546,rs5794883,11,113879541,rs4938065,0.078
11,113700546,rs5794883,11,113880679,rs10789985,0.079
11,113700546,rs5794883,11,113882422,rs11604851,0.091
11,113700546,rs5794883,11,113882821,rs10789986,0.079
11,113700546,rs5794883,11,113884524,rs12289199,0.09
11,113807181,rs11214775,11,113453703,rs12798830,0.096
11,113807181,rs11214775,11,113455838,rs10789950,0.23
11,113807181,rs11214775,11,113456027,rs200284945,0.101
11,113807181,rs11214775,11,113457048,rs10750026,0.078
11,113807181,rs11214775,11,113457324,rs4245155,0.065
11,113807181,rs11214775,11,113459325,rs11214672,0.117
11,113807181,rs11214775,11,113459376,rs11214673,0.117
11,113807181,rs11214775,11,113459431,rs59774972,0.051
11,113807181,rs11214775,11,113459628,rs10891573,0.116
11,113807181,rs11214775,11,113463439,rs11214674,0.097
11,113807181,rs11214775,11,113464248,rs3924141,0.214
11,113807181,rs11214775,11,113464659,rs7128800,0.117
11,113807181,rs11214775,11,113465752,rs5794875,0.117
11,113807181,rs11214775,11,113466190,rs7941273,0.117
11,113807181,rs11214775,11,113468348,rs12278439,0.117
11,113807181,rs11214775,11,113471356,rs955755,0.117
11,113807181,rs11214775,11,113471957,rs12788951,0.096
11,113807181,rs11214775,11,113472074,rs5794876,0.117
11,113807181,rs11214775,11,113473283,chr11_113473283_C_T,0.239
11,113807181,rs11214775,11,113473312,rs7126925,0.117
11,113807181,rs11214775,11,113473882,rs74325263,0.056
11,113807181,rs11214775,11,113475653,rs373701127,0.243
11,113807181,rs11214775,11,113475979,rs7123334,0.228
11,113807181,rs11214775,11,113476298,rs1396807,0.252
11,113807181,rs11214775,11,113477081,rs11214677,0.221
11,113807181,rs11214775,11,113478201,rs1039832,0.115
11,113807181,rs11214775,11,113478304,rs1039833,0.117
11,113807181,rs11214775,11,113478647,rs138040220,0.117
11,113807181,rs11214775,11,113478737,rs11214679,0.117
11,113807181,rs11214775,11,113478766,rs142410064,0.12
11,113807181,rs11214775,11,113479649,rs57807204,0.056
11,113807181,rs11214775,11,113481638,11:113481638:TTTTGTTTG:TTTTG,0.218
11,113807181,rs11214775,11,113482039,rs59811748,0.117
11,113807181,rs11214775,11,113482237,rs55817538,0.12
11,113807181,rs11214775,11,113483148,rs34964425,0.21
11,113807181,rs11214775,11,113488730,rs77668790,0.122
11,113807181,rs11214775,11,113490252,rs7107799,0.232
11,113807181,rs11214775,11,113495279,rs12806316,0.098
11,113807181,rs11214775,11,113496393,rs149356696,0.186
11,113807181,rs11214775,11,113499269,rs1848703,0.233
11,113807181,rs11214775,11,113501176,rs34258959,0.236
11,113807181,rs11214775,11,113501655,rs2886189,0.215
11,113807181,rs11214775,11,113502266,rs925268,0.215
11,113807181,rs11214775,11,113503954,rs3914059,0.117
11,113807181,rs11214775,11,113504082,rs4471464,0.218
11,113807181,rs11214775,11,113504326,rs2136446,0.217
11,113807181,rs11214775,11,113504873,rs150088223,0.199
11,113807181,rs11214775,11,113504913,rs1509513,0.117
11,113807181,rs11214775,11,113506081,rs1509514,0.118
11,113807181,rs11214775,11,113506285,rs1509515,0.118
11,113807181,rs11214775,11,113506860,rs10891576,0.24
11,113807181,rs11214775,11,113507723,rs2016102,0.242
11,113807181,rs11214775,11,113507823,rs35737783,0.118
11,113807181,rs11214775,11,113508425,rs1022084,0.119
11,113807181,rs11214775,11,113511358,rs10789954,0.326
11,113807181,rs11214775,11,113513936,rs7927147,0.318
11,113807181,rs11214775,11,113514753,rs59874630,0.251
11,113807181,rs11214775,11,113514756,rs60268847,0.251
11,113807181,rs11214775,11,113515898,rs11214684,0.163
11,113807181,rs11214775,11,113517822,rs4938029,0.122
11,113807181,rs11214775,11,113519098,rs141758400,0.182
11,113807181,rs11214775,11,113519673,rs10789955,0.32
11,113807181,rs11214775,11,113520059,rs10891577,0.117
11,113807181,rs11214775,11,113521777,rs2010896,0.32
11,113807181,rs11214775,11,113522357,rs1108885,0.117
11,113807181,rs11214775,11,113522711,rs10891578,0.117
11,113807181,rs11214775,11,113523678,rs34461867,0.154
11,113807181,rs11214775,11,113523824,rs7110265,0.32
11,113807181,rs11214775,11,113524089,rs34234382,0.118
11,113807181,rs11214775,11,113524972,rs7950011,0.32
11,113807181,rs11214775,11,113525969,rs7102991,0.338
11,113807181,rs11214775,11,113527494,rs56318682,0.155
11,113807181,rs11214775,11,113527744,rs145321287,0.156
11,113807181,rs11214775,11,113528151,rs7941342,0.117
11,113807181,rs11214775,11,113528506,rs4271416,0.143
11,113807181,rs11214775,11,113529969,rs4523721,0.117
11,113807181,rs11214775,11,113530844,rs142553525,0.117
11,113807181,rs11214775,11,113531832,rs11214686,0.32
11,113807181,rs11214775,11,113532067,rs11214687,0.183
11,113807181,rs11214775,11,113535083,rs7940745,0.316
11,113807181,rs11214775,11,113536710,rs10789956,0.337
11,113807181,rs11214775,11,113537548,rs11214692,0.117
11,113807181,rs11214775,11,113537558,rs56778124,0.051
11,113807181,rs11214775,11,113537755,rs148095259,0.314
11,113807181,rs11214775,11,113539080,rs3934007,0.319
11,113807181,rs11214775,11,113541147,chr11_113541147_C_T,0.247
11,113807181,rs11214775,11,113542268,rs10160656,0.321
11,113807181,rs11214775,11,113542459,rs12802646,0.118
11,113807181,rs11214775,11,113543076,rs6589389,0.325
11,113807181,rs11214775,11,113543229,rs7130704,0.257
11,113807181,rs11214775,11,113543416,rs7103478,0.326
11,113807181,rs11214775,11,113543747,rs4938032,0.143
11,113807181,rs11214775,11,113544113,rs4938033,0.112
11,113807181,rs11214775,11,113548731,rs17532674,0.253
11,113807181,rs11214775,11,113548935,rs56237946,0.394
11,113807181,rs11214775,11,113550352,rs17532814,0.398
11,113807181,rs11214775,11,113550499,rs7948365,0.217
11,113807181,rs11214775,11,113550729,rs7933647,0.342
11,113807181,rs11214775,11,113550750,rs7933657,0.397
11,113807181,rs11214775,11,113552318,rs7925033,0.257
11,113807181,rs11214775,11,113552319,rs74834015,0.184
11,113807181,rs11214775,11,113552612,rs1533053,0.115
11,113807181,rs11214775,11,113553700,rs963802,0.342
11,113807181,rs11214775,11,113554134,rs7946187,0.342
11,113807181,rs11214775,11,113554517,rs11214696,0.257
11,113807181,rs11214775,11,113555357,rs10891585,0.342
11,113807181,rs11214775,11,113556062,rs7925762,0.342
11,113807181,rs11214775,11,113559405,rs11214700,0.344
11,113807181,rs11214775,11,113560009,rs4938035,0.398
11,113807181,rs11214775,11,113561054,rs7110736,0.116
11,113807181,rs11214775,11,113561057,rs7110738,0.116
11,113807181,rs11214775,11,113561247,chr11_113561247_C_T,0.395
11,113807181,rs11214775,11,113561256,rs11607591,0.398
11,113807181,rs11214775,11,113561421,rs7114195,0.116
11,113807181,rs11214775,11,113562605,rs7940560,0.122
11,113807181,rs11214775,11,113562896,rs11214705,0.201
11,113807181,rs11214775,11,113562976,rs35973827,0.2
11,113807181,rs11214775,11,113563559,rs11214706,0.208
11,113807181,rs11214775,11,113563560,rs11214707,0.208
11,113807181,rs11214775,11,113563574,rs11214708,0.194
11,113807181,rs11214775,11,113564400,chr11_113564400_A_G,0.269
11,113807181,rs11214775,11,113566207,rs4936279,0.159
11,113807181,rs11214775,11,113569040,rs1567391,0.115
11,113807181,rs11214775,11,113569931,rs200841987,0.11
11,113807181,rs11214775,11,113570405,rs4936280,0.116
11,113807181,rs11214775,11,113570490,rs3802856,0.116
11,113807181,rs11214775,11,113572052,rs57869398,0.406
11,113807181,rs11214775,11,113572056,rs61595487,0.406
11,113807181,rs11214775,11,113572155,rs59514153,0.115
11,113807181,rs11214775,11,113572483,rs7930871,0.388
11,113807181,rs11214775,11,113572501,rs5794877,0.115
11,113807181,rs11214775,11,113574394,rs2063302,0.389
11,113807181,rs11214775,11,113576932,rs7926267,0.116
11,113807181,rs11214775,11,113578020,rs1155104,0.388
11,113807181,rs11214775,11,113579666,rs6589393,0.389
11,113807181,rs11214775,11,113579990,rs7938346,0.389
11,113807181,rs11214775,11,113580492,rs143522521,0.286
11,113807181,rs11214775,11,113582432,rs200275080,0.118
11,113807181,rs11214775,11,113582559,rs3851571,0.116
11,113807181,rs11214775,11,113584601,rs7107120,0.116
11,113807181,rs11214775,11,113586361,rs10891590,0.116
11,113807181,rs11214775,11,113587276,rs10891591,0.116
11,113807181,rs11214775,11,113587398,rs60662058,0.143
11,113807181,rs11214775,11,113588911,rs4272817,0.116
11,113807181,rs11214775,11,113589163,rs4245156,0.408
11,113807181,rs11214775,11,113590270,11:113590270:ATCTCTCTCTC:ATCTCTCTCTCTCTC,0.388
11,113807181,rs11214775,11,113590575,rs7932415,0.39
11,113807181,rs11214775,11,113591005,rs4938051,0.116
11,113807181,rs11214775,11,113591832,chr11_113591832_A_G,0.21
11,113807181,rs11214775,11,113594007,rs6589395,0.116
11,113807181,rs11214775,11,113594935,rs11214714,0.051
11,113807181,rs11214775,11,113595689,rs17115895,0.052
11,113807181,rs11214775,11,113595846,rs73551134,0.051
11,113807181,rs11214775,11,113596347,rs17115901,0.051
11,113807181,rs11214775,11,113598270,rs78686569,0.196
11,113807181,rs11214775,11,113598293,rs111904401,0.196
11,113807181,rs11214775,11,113599224,rs1318296,0.052
11,113807181,rs11214775,11,113600132,rs7126671,0.116
11,113807181,rs11214775,11,113600415,rs10789958,0.209
11,113807181,rs11214775,11,113600513,rs145271156,0.136
11,113807181,rs11214775,11,113600581,rs113298242,0.203
11,113807181,rs11214775,11,113600759,rs73007952,0.411
11,113807181,rs11214775,11,113600920,rs73007954,0.411
11,113807181,rs11214775,11,113601096,rs74531076,0.204
11,113807181,rs11214775,11,113601370,rs41358051,0.204
11,113807181,rs11214775,11,113601850,rs7927569,0.393
11,113807181,rs11214775,11,113602103,rs79555404,0.204
11,113807181,rs11214775,11,113602122,rs78777053,0.204
11,113807181,rs11214775,11,113602555,rs2885987,0.204
11,113807181,rs11214775,11,113603042,rs10750028,0.116
11,113807181,rs11214775,11,113603788,rs58736657,0.053
11,113807181,rs11214775,11,113604244,rs141123769,0.204
11,113807181,rs11214775,11,113604832,rs73007957,0.413
11,113807181,rs11214775,11,113605197,rs77765931,0.203
11,113807181,rs11214775,11,113605450,rs118091141,0.204
11,113807181,rs11214775,11,113606088,rs77841778,0.204
11,113807181,rs11214775,11,113606623,rs7102791,0.411
11,113807181,rs11214775,11,113608450,rs2279996,0.204
11,113807181,rs11214775,11,113608888,rs2279995,0.204
11,113807181,rs11214775,11,113609854,rs4351850,0.116
11,113807181,rs11214775,11,113610829,rs2364110,0.204
11,113807181,rs11214775,11,113610907,rs142162870,0.053
11,113807181,rs11214775,11,113610917,rs112679347,0.411
11,113807181,rs11214775,11,113610917,rs112679347,0.204
11,113807181,rs11214775,11,113613547,rs10502176,0.204
11,113807181,rs11214775,11,113613574,rs17115915,0.053
11,113807181,rs11214775,11,113613758,rs17115918,0.204
11,113807181,rs11214775,11,113613869,rs17115920,0.053
11,113807181,rs11214775,11,113615113,rs7930141,0.073
11,113807181,rs11214775,11,113615817,rs34212662,0.112
11,113807181,rs11214775,11,113616880,rs2465651,0.116
11,113807181,rs11214775,11,113616942,rs150558095,0.205
11,113807181,rs11214775,11,113616988,rs10502175,0.204
11,113807181,rs11214775,11,113617430,rs77466658,0.205
11,113807181,rs11214775,11,113617975,rs11214716,0.394
11,113807181,rs11214775,11,113618773,rs76274106,0.205
11,113807181,rs11214775,11,113619339,rs7105512,0.411
11,113807181,rs11214775,11,113620632,rs10891592,0.394
11,113807181,rs11214775,11,113620794,rs2511052,0.116
11,113807181,rs11214775,11,113620882,chr11_113620882_A_G,0.101
11,113807181,rs11214775,11,113621087,rs12292532,0.053
11,113807181,rs11214775,11,113621171,rs112393775,0.205
11,113807181,rs11214775,11,113622349,rs112280294,0.205
11,113807181,rs11214775,11,113622452,rs113897599,0.205
11,113807181,rs11214775,11,113625255,rs77900725,0.205
11,113807181,rs11214775,11,113625449,rs79643524,0.205
11,113807181,rs11214775,11,113625545,rs76605443,0.207
11,113807181,rs11214775,11,113625765,rs74484528,0.205
11,113807181,rs11214775,11,113625805,rs75407982,0.205
11,113807181,rs11214775,11,113626043,rs74839092,0.205
11,113807181,rs11214775,11,113626375,rs149213583,0.205
11,113807181,rs11214775,11,113626679,rs79179520,0.205
11,113807181,rs11214775,11,113626708,rs2457377,0.135
11,113807181,rs11214775,11,113627829,rs112995495,0.206
11,113807181,rs11214775,11,113628149,rs76069704,0.205
11,113807181,rs11214775,11,113628896,rs140640693,0.198
11,113807181,rs11214775,11,113628928,chr11_113628929_A_INDEL,0.716
11,113807181,rs11214775,11,113631431,rs5794880,0.138
11,113807181,rs11214775,11,113632291,rs906847,0.063
11,113807181,rs11214775,11,113634932,rs151202070,0.212
11,113807181,rs11214775,11,113637899,rs34930485,0.193
11,113807181,rs11214775,11,113638177,rs17613838,0.08
11,113807181,rs11214775,11,113638374,rs2459969,0.064
11,113807181,rs11214775,11,113639232,rs2459970,0.138
11,113807181,rs11214775,11,113639842,chr11_113639842_A_C,0.08
11,113807181,rs11214775,11,113641406,rs112022418,0.213
11,113807181,rs11214775,11,113641859,rs7124878,0.436
11,113807181,rs11214775,11,113642993,rs2459976,0.143
11,113807181,rs11214775,11,113643113,rs75480900,0.213
11,113807181,rs11214775,11,113643749,rs71063524,0.146
11,113807181,rs11214775,11,113645508,rs11344718,0.435
11,113807181,rs11214775,11,113645550,rs1467057,0.145
11,113807181,rs11214775,11,113645843,rs370399435,0.434
11,113807181,rs11214775,11,113645877,chr11_113645877_A_T,0.415
11,113807181,rs11214775,11,113648702,rs75980984,0.214
11,113807181,rs11214775,11,113649700,rs7105485,0.435
11,113807181,rs11214775,11,113651400,rs7129831,0.424
11,113807181,rs11214775,11,113651797,rs2465648,0.138
11,113807181,rs11214775,11,113653030,rs11822222,0.425
11,113807181,rs11214775,11,113654712,rs2459974,0.187
11,113807181,rs11214775,11,113654742,rs59104373,0.186
11,113807181,rs11214775,11,113654745,rs7127080,0.186
11,113807181,rs11214775,11,113655425,rs142227020,0.081
11,113807181,rs11214775,11,113656267,rs2513572,0.068
11,113807181,rs11214775,11,113656763,rs10891596,0.428
11,113807181,rs11214775,11,113656828,rs200838773,0.142
11,113807181,rs11214775,11,113657250,rs35524849,0.069
11,113807181,rs11214775,11,113658730,rs17115975,0.221
11,113807181,rs11214775,11,113659016,rs2513585,0.15
11,113807181,rs11214775,11,113659993,rs906846,0.327
11,113807181,rs11214775,11,113660576,rs1713676,0.371
11,113807181,rs11214775,11,113660837,rs74337724,0.268
11,113807181,rs11214775,11,113661349,rs1713675,0.393
11,113807181,rs11214775,11,113661409,rs140663563,0.287
11,113807181,rs11214775,11,113662406,rs2513586,0.439
11,113807181,rs11214775,11,113662496,rs17796421,0.287
11,113807181,rs11214775,11,113663087,rs79275906,0.287
11,113807181,rs11214775,11,113663529,rs1621515,0.518
11,113807181,rs11214775,11,113663781,rs11214725,0.452
11,113807181,rs11214775,11,113665166,rs61479173,0.53
11,113807181,rs11214775,11,113665215,rs11316328,0.06
11,113807181,rs11214775,11,113665723,chr11_113665723_C_T,0.448
11,113807181,rs11214775,11,113665878,rs1713672,0.53
11,113807181,rs11214775,11,113666206,rs77693242,0.287
11,113807181,rs11214775,11,113666950,rs17115996,0.287
11,113807181,rs11214775,11,113667873,rs2465650,0.439
11,113807181,rs11214775,11,113668314,rs45480291,0.287
11,113807181,rs11214775,11,113669644,rs2285392,0.287
11,113807181,rs11214775,11,113670853,rs10891597,0.45
11,113807181,rs11214775,11,113670969,rs147499211,0.289
11,113807181,rs11214775,11,113670991,rs10750030,0.45
11,113807181,rs11214775,11,113671023,rs76211911,0.287
11,113807181,rs11214775,11,113671159,rs7951021,0.53
11,113807181,rs11214775,11,113673206,rs1633547,0.064
11,113807181,rs11214775,11,113673521,chr11_113673521_C_G,0.439
11,113807181,rs11214775,11,113674693,rs7116233,0.285
11,113807181,rs11214775,11,113674838,rs1713671,0.517
11,113807181,rs11214775,11,113675542,rs45595543,0.287
11,113807181,rs11214775,11,113675960,rs1034582,0.518
11,113807181,rs11214775,11,113676681,rs1016955,0.53
11,113807181,rs11214775,11,113676819,rs34431962,0.508
11,113807181,rs11214775,11,113676942,rs1713670,0.53
11,113807181,rs11214775,11,113678105,rs35233258,0.402
11,113807181,rs11214775,11,113678423,rs2428019,0.063
11,113807181,rs11214775,11,113679119,rs2465647,0.449
11,113807181,rs11214775,11,113680512,rs11606284,0.453
11,113807181,rs11214775,11,113680962,chr11_113680962_C_T,0.448
11,113807181,rs11214775,11,113681981,rs79186081,0.287
11,113807181,rs11214775,11,113682372,rs6589397,0.531
11,113807181,rs11214775,11,113682406,rs77641750,0.287
11,113807181,rs11214775,11,113684035,rs75249816,0.287
11,113807181,rs11214775,11,113684215,rs2023642,0.057
11,113807181,rs11214775,11,113684809,rs2519200,0.057
11,113807181,rs11214775,11,113686705,rs74507276,0.287
11,113807181,rs11214775,11,113686828,rs17723728,0.295
11,113807181,rs11214775,11,113688357,rs146489349,0.05
11,113807181,rs11214775,11,113689248,chr11_113689248_A_G,0.449
11,113807181,rs11214775,11,113689991,rs9667440,0.287
11,113807181,rs11214775,11,113691977,rs2513566,0.44
11,113807181,rs11214775,11,113693312,rs10706243,0.288
11,113807181,rs11214775,11,113695097,rs2428018,0.45
11,113807181,rs11214775,11,113695340,rs79493319,0.288
11,113807181,rs11214775,11,113695469,rs61907861,0.583
11,113807181,rs11214775,11,113695794,rs10891598,0.583
11,113807181,rs11214775,11,113696653,rs7111825,0.422
11,113807181,rs11214775,11,113696988,rs10891599,0.582
11,113807181,rs11214775,11,113697004,rs59796496,0.244
11,113807181,rs11214775,11,113697436,rs4938053,0.583
11,113807181,rs11214775,11,113697439,rs138096456,0.29
11,113807181,rs11214775,11,113698002,rs17802314,0.288
11,113807181,rs11214775,11,113700546,rs5794883,0.861
11,113807181,rs11214775,11,113702975,rs45447199,0.289
11,113807181,rs11214775,11,113703269,rs73011659,0.1
11,113807181,rs11214775,11,113703481,rs145743087,0.289
11,113807181,rs11214775,11,113705787,rs2428015,0.442
11,113807181,rs11214775,11,113706122,rs10789965,0.57
11,113807181,rs11214775,11,113706299,rs2513579,0.413
11,113807181,rs11214775,11,113707199,rs6589398,0.581
11,113807181,rs11214775,11,113707744,rs79893157,0.289
11,113807181,rs11214775,11,113708985,rs7110680,0.57
11,113807181,rs11214775,11,113710905,rs7104752,0.248
11,113807181,rs11214775,11,113711061,rs34010373,0.571
11,113807181,rs11214775,11,113711713,rs2428012,0.44
11,113807181,rs11214775,11,113711810,rs3802852,0.289
11,113807181,rs11214775,11,113712278,rs2513577,0.088
11,113807181,rs11214775,11,113712526,rs7112957,0.444
11,113807181,rs11214775,11,113713390,rs4936283,0.446
11,113807181,rs11214775,11,113713587,rs138617557,0.392
11,113807181,rs11214775,11,113715162,rs7122325,0.571
11,113807181,rs11214775,11,113716157,rs199960425,0.297
11,113807181,rs11214775,11,113716345,rs79176357,0.289
11,113807181,rs11214775,11,113716688,rs77843918,0.289
11,113807181,rs11214775,11,113717911,rs17802617,0.088
11,113807181,rs11214775,11,113718427,rs11214739,0.447
11,113807181,rs11214775,11,113718461,rs11214740,0.586
11,113807181,rs11214775,11,113718597,rs11214741,0.584
11,113807181,rs11214775,11,113718934,rs7938454,0.571
11,113807181,rs11214775,11,113719927,rs75816722,0.29
11,113807181,rs11214775,11,113721142,rs77803855,0.29
11,113807181,rs11214775,11,113722276,rs10891600,0.572
11,113807181,rs11214775,11,113722304,rs61907871,0.089
11,113807181,rs11214775,11,113722454,rs116314472,0.29
11,113807181,rs11214775,11,113722574,rs58139047,0.441
11,113807181,rs11214775,11,113723061,rs2428008,0.452
11,113807181,rs11214775,11,113723144,rs17802653,0.453
11,113807181,rs11214775,11,113724640,rs35144767,0.088
11,113807181,rs11214775,11,113724673,rs7126080,0.446
11,113807181,rs11214775,11,113727631,rs78346388,0.291
11,113807181,rs11214775,11,113727974,rs56879587,0.445
11,113807181,rs11214775,11,113728754,rs116711768,0.291
11,113807181,rs11214775,11,113729138,rs17802676,0.291
11,113807181,rs11214775,11,113729472,rs11214745,0.586
11,113807181,rs11214775,11,113729611,rs2513587,0.089
11,113807181,rs11214775,11,113730361,rs74571546,0.291
11,113807181,rs11214775,11,113731273,rs2428024,0.455
11,113807181,rs11214775,11,113731715,rs75132682,0.294
11,113807181,rs11214775,11,113732828,rs2428021,0.45
11,113807181,rs11214775,11,113733111,rs2051675,0.586
11,113807181,rs11214775,11,113733980,rs59625643,0.304
11,113807181,rs11214775,11,113734645,rs144902766,0.299
11,113807181,rs11214775,11,113737701,rs34942920,0.599
11,113807181,rs11214775,11,113738340,rs36022874,0.091
11,113807181,rs11214775,11,113738509,rs140382982,0.109
11,113807181,rs11214775,11,113739143,rs147803004,0.091
11,113807181,rs11214775,11,113739985,rs2513569,0.459
11,113807181,rs11214775,11,113741078,rs116842426,0.298
11,113807181,rs11214775,11,113741466,rs2513570,0.599
11,113807181,rs11214775,11,113745574,rs45587435,0.299
11,113807181,rs11214775,11,113748065,rs11600930,0.093
11,113807181,rs11214775,11,113748634,rs2510563,0.458
11,113807181,rs11214775,11,113748991,rs2510564,0.459
11,113807181,rs11214775,11,113749555,rs11455018,0.093
11,113807181,rs11214775,11,113750150,rs4435037,0.085
11,113807181,rs11214775,11,113751038,rs75910704,0.3
11,113807181,rs11214775,11,113751704,rs75457439,0.299
11,113807181,rs11214775,11,113753178,rs12295684,0.1
11,113807181,rs11214775,11,113753294,rs76696784,0.093
11,113807181,rs11214775,11,113753336,rs78124388,0.299
11,113807181,rs11214775,11,113753432,rs1008868,0.06
11,113807181,rs11214775,11,113753516,rs2097078,0.46
11,113807181,rs11214775,11,113754302,rs2513571,0.265
11,113807181,rs11214775,11,113754766,rs7111589,0.3
11,113807181,rs11214775,11,113755370,rs7937295,0.3
11,113807181,rs11214775,11,113757772,rs78440249,0.3
11,113807181,rs11214775,11,113759017,rs76073660,0.3
11,113807181,rs11214775,11,113759394,rs11214758,0.262
11,113807181,rs11214775,11,113760668,rs35944881,0.061
11,113807181,rs11214775,11,113761106,rs59055436,0.062
11,113807181,rs11214775,11,113761677,rs2510562,0.46
11,113807181,rs11214775,11,113762171,rs79988481,0.301
11,113807181,rs11214775,11,113762277,11:113762277:T:G,0.301
11,113807181,rs11214775,11,113762322,rs149705725,0.3
11,113807181,rs11214775,11,113763199,rs117239707,0.3
11,113807181,rs11214775,11,113764999,rs12794818,0.102
11,113807181,rs11214775,11,113765169,rs75175798,0.3
11,113807181,rs11214775,11,113766979,rs78417016,0.301
11,113807181,rs11214775,11,113767245,rs10891605,0.483
11,113807181,rs11214775,11,113767254,rs12577754,0.102
11,113807181,rs11214775,11,113767725,rs6589400,0.101
11,113807181,rs11214775,11,113768638,rs2011249,0.102
11,113807181,rs11214775,11,113770022,rs7945619,0.301
11,113807181,rs11214775,11,113770355,rs1176758,0.27
11,113807181,rs11214775,11,113772167,rs150939307,0.301
11,113807181,rs11214775,11,113772168,rs78297949,0.302
11,113807181,rs11214775,11,113772179,rs377332673,0.302
11,113807181,rs11214775,11,113772589,rs3891484,0.063
11,113807181,rs11214775,11,113774895,rs11214763,0.465
11,113807181,rs11214775,11,113775275,rs3758987,0.157
11,113807181,rs11214775,11,113775551,rs145648579,0.303
11,113807181,rs11214775,11,113776959,chr11_113776959_G_T,0.098
11,113807181,rs11214775,11,113777072,rs79427400,0.304
11,113807181,rs11214775,11,113781164,rs34377344,0.188
11,113807181,rs11214775,11,113781251,rs10891606,0.165
11,113807181,rs11214775,11,113781377,rs7943259,0.395
11,113807181,rs11214775,11,113781651,rs11214766,0.103
11,113807181,rs11214775,11,113782139,rs7943925,0.165
11,113807181,rs11214775,11,113784770,11:113784770:T:A,0.31
11,113807181,rs11214775,11,113784956,rs35125461,0.104
11,113807181,rs11214775,11,113785269,rs77820844,0.31
11,113807181,rs11214775,11,113789292,rs4938057,0.155
11,113807181,rs11214775,11,113789299,chr11_113789299_A_G,0.18
11,113807181,rs11214775,11,113789380,rs4938058,0.155
11,113807181,rs11214775,11,113789384,rs35902629,0.152
11,113807181,rs11214775,11,113790099,rs7103572,0.155
11,113807181,rs11214775,11,113790240,rs12271442,0.155
11,113807181,rs11214775,11,113790668,rs11214769,0.155
11,113807181,rs11214775,11,113791109,rs71301683,0.18
11,113807181,rs11214775,11,113791278,rs12273321,0.109
11,113807181,rs11214775,11,113791716,rs4020502,0.155
11,113807181,rs11214775,11,113791827,rs74399990,0.315
11,113807181,rs11214775,11,113791876,rs71063534,0.11
11,113807181,rs11214775,11,113792233,rs71063535,0.188
11,113807181,rs11214775,11,113797438,rs144232172,0.102
11,113807181,rs11214775,11,113799047,rs12270070,0.115
11,113807181,rs11214775,11,113799417,rs11214772,0.429
11,113807181,rs11214775,11,113801516,rs72997471,0.423
11,113807181,rs11214775,11,113802601,rs1176746,0.258
11,113807181,rs11214775,11,113803028,rs1176744,0.19
11,113807181,rs11214775,11,113803374,rs76124337,0.259
11,113807181,rs11214775,11,113803887,rs2276307,0.116
11,113807181,rs11214775,11,113803976,rs2276308,0.116
11,113807181,rs11214775,11,113804108,rs1176743,0.197
11,113807181,rs11214775,11,113805352,rs45438696,0.32
11,113807181,rs11214775,11,113807181,rs11214775,1
11,113807181,rs11214775,11,113807607,chr11_113807607_A_G,0.382
11,113807181,rs11214775,11,113808757,chr11_113808757_A_G,0.372
11,113807181,rs11214775,11,113811841,chr11_113811841_A_G,0.307
11,113807181,rs11214775,11,113812733,rs1672717,0.182
11,113807181,rs11214775,11,113812819,rs11605098,0.114
11,113807181,rs11214775,11,113812895,rs11605102,0.114
11,113807181,rs11214775,11,113814296,rs1176760,0.258
11,113807181,rs11214775,11,113814625,rs11606288,0.332
11,113807181,rs11214775,11,113814744,rs368033697,0.435
11,113807181,rs11214775,11,113817062,rs72012409,0.109
11,113807181,rs11214775,11,113817286,chr11_113817286_A_G,0.503
11,113807181,rs11214775,11,113817468,rs7945926,0.425
11,113807181,rs11214775,11,113817579,rs4936285,0.111
11,113807181,rs11214775,11,113817656,rs1185027,0.113
11,113807181,rs11214775,11,113817680,rs12795805,0.092
11,113807181,rs11214775,11,113818271,rs4936286,0.085
11,113807181,rs11214775,11,113818329,rs4938059,0.086
11,113807181,rs11214775,11,113818752,rs7129190,0.174
11,113807181,rs11214775,11,113819452,rs11214780,0.086
11,113807181,rs11214775,11,113820652,rs12291118,0.086
11,113807181,rs11214775,11,113821793,rs11214782,0.151
11,113807181,rs11214775,11,113822262,rs1177066,0.087
11,113807181,rs11214775,11,113822745,rs720396,0.109
11,113807181,rs11214775,11,113823865,chr11_113823865_A_G,0.415
11,113807181,rs11214775,11,113824194,rs12363499,0.433
11,113807181,rs11214775,11,113824447,rs11214783,0.345
11,113807181,rs11214775,11,113825129,rs1150234,0.167
11,113807181,rs11214775,11,113826962,11:113826962:TTTTGTTTG:TTTTG,0.359
11,113807181,rs11214775,11,113827103,rs1150232,0.112
11,113807181,rs11214775,11,113830264,chr11_113830264_A_G,0.356
11,113807181,rs11214775,11,113831931,rs34614384,0.069
11,113807181,rs11214775,11,113832657,rs34703448,0.066
11,113807181,rs11214775,11,113836713,rs11214786,0.301
11,113807181,rs11214775,11,113837184,rs59212645,0.208
11,113807181,rs11214775,11,113839272,chr11_113839272_C_T,0.292
11,113807181,rs11214775,11,113839435,rs11214790,0.296
11,113807181,rs11214775,11,113839974,rs61905760,0.296
11,113807181,rs11214775,11,113846006,chr11_113846006_C_T,0.093
11,113807181,rs11214775,11,113846688,rs1150225,0.246
11,113807181,rs11214775,11,113846872,rs1150222,0.246
11,113807181,rs11214775,11,113847348,rs1176725,0.245
11,113807181,rs11214775,11,113848474,rs1176722,0.246
11,113807181,rs11214775,11,113849753,rs1176720,0.245
11,113807181,rs11214775,11,113851289,rs7930558,0.243
11,113807181,rs11214775,11,113851413,rs10891611,0.243
11,113807181,rs11214775,11,113852187,rs1176719,0.1
11,113807181,rs11214775,11,113854282,rs909411,0.126
11,113807181,rs11214775,11,113854679,rs11214796,0.125
11,113807181,rs11214775,11,113855342,rs1176717,0.125
11,113807181,rs11214775,11,113855367,rs3867473,0.125
11,113807181,rs11214775,11,113855398,rs1176716,0.257
11,113807181,rs11214775,11,113855406,rs1176715,0.124
11,113807181,rs11214775,11,113855526,rs1176714,0.126
11,113807181,rs11214775,11,113855977,rs948983,0.257
11,113807181,rs11214775,11,113856681,rs10160548,0.052
11,113807181,rs11214775,11,113857886,rs1150220,0.126
11,113807181,rs11214775,11,113860425,rs1176713,0.123
11,113807181,rs11214775,11,113861749,rs1182457,0.255
11,113807181,rs11214775,11,113862968,rs10891613,0.055
11,113807181,rs11214775,11,113863131,rs7115470,0.255
11,113807181,rs11214775,11,113865158,rs930865,0.121
11,113807181,rs11214775,11,113865827,rs12361344,0.123
11,113807181,rs11214775,11,113866551,rs1379170,0.052
11,113807181,rs11214775,11,113872627,chr11_113872627_C_T,0.096
11,113807181,rs11214775,11,113874159,rs73013223,0.098
11,113807181,rs11214775,11,113874247,rs73013225,0.098
11,113807181,rs11214775,11,113876797,rs77423986,0.098
11,113807181,rs11214775,11,113876943,rs73013230,0.1
11,113807181,rs11214775,11,113877557,rs2364857,0.086
11,113807181,rs11214775,11,113877594,rs4318013,0.085
11,113807181,rs11214775,11,113877596,rs4318014,0.086
11,113807181,rs11214775,11,113879251,rs4938064,0.085
11,113807181,rs11214775,11,113879541,rs4938065,0.086
11,113807181,rs11214775,11,113880679,rs10789985,0.086
11,113807181,rs11214775,11,113882422,rs11604851,0.098
11,113807181,rs11214775,11,113882821,rs10789986,0.086
11,113807181,rs11214775,11,113884524,rs12289199,0.097
