CHR_A,BP_A,SNP_A,CHR_B,BP_B,SNP_B,R2
14,53372330,rs8008270,14,52896193,rs62003695,0.057
14,53372330,rs8008270,14,53094859,rs62005398,0.111
14,53372330,rs8008270,14,53164278,rs62005428,0.091
14,53372330,rs8008270,14,53166797,rs112989263,0.06
14,53372330,rs8008270,14,53172188,rs10145038,0.061
14,53372330,rs8008270,14,53172922,rs11846010,0.112
14,53372330,rs8008270,14,53174328,rs2295825,0.097
14,53372330,rs8008270,14,53175731,rs62005431,0.184
14,53372330,rs8008270,14,53175753,rs62005432,0.143
14,53372330,rs8008270,14,53177729,rs113933546,0.061
14,53372330,rs8008270,14,53178746,rs7142734,0.097
14,53372330,rs8008270,14,53180961,rs7157190,0.062
14,53372330,rs8008270,14,53181849,rs11411181,0.092
14,53372330,rs8008270,14,53183888,rs12587871,0.06
14,53372330,rs8008270,14,53185412,rs4357836,0.06
14,53372330,rs8008270,14,53189506,rs28437939,0.06
14,53372330,rs8008270,14,53189731,rs10144318,0.06
14,53372330,rs8008270,14,53192357,rs2884343,0.095
14,53372330,rs8008270,14,53192467,rs10136643,0.096
14,53372330,rs8008270,14,53194419,rs6696,0.096
14,53372330,rs8008270,14,53195076,rs2273743,0.096
14,53372330,rs8008270,14,53195799,rs10146873,0.06
14,53372330,rs8008270,14,53195947,rs10146826,0.06
14,53372330,rs8008270,14,53196348,rs12893498,0.06
14,53372330,rs8008270,14,53196740,rs2065051,0.094
14,53372330,rs8008270,14,53197042,rs2277493,0.096
14,53372330,rs8008270,14,53197711,rs8004624,0.06
14,53372330,rs8008270,14,53198815,rs200797149,0.061
14,53372330,rs8008270,14,53199195,rs11846623,0.061
14,53372330,rs8008270,14,53199451,rs10148600,0.096
14,53372330,rs8008270,14,53200675,rs2884344,0.061
14,53372330,rs8008270,14,53201507,rs2065052,0.096
14,53372330,rs8008270,14,53201536,rs2065053,0.061
14,53372330,rs8008270,14,53201906,rs6572857,0.061
14,53372330,rs8008270,14,53202446,rs8003782,0.061
14,53372330,rs8008270,14,53203439,rs7146028,0.095
14,53372330,rs8008270,14,53203537,rs10529904,0.059
14,53372330,rs8008270,14,53204120,rs7151306,0.061
14,53372330,rs8008270,14,53205841,rs7158756,0.095
14,53372330,rs8008270,14,53206097,rs7143253,0.095
14,53372330,rs8008270,14,53207219,rs7148178,0.095
14,53372330,rs8008270,14,53207948,14:53207948:A:TT,0.055
14,53372330,rs8008270,14,53209616,rs1254972,0.059
14,53372330,rs8008270,14,53211130,rs1254973,0.059
14,53372330,rs8008270,14,53211214,rs1254974,0.061
14,53372330,rs8008270,14,53212268,rs1254975,0.095
14,53372330,rs8008270,14,53214011,rs1254976,0.095
14,53372330,rs8008270,14,53214603,rs1254977,0.059
14,53372330,rs8008270,14,53214692,rs1254978,0.059
14,53372330,rs8008270,14,53215163,rs2181056,0.059
14,53372330,rs8008270,14,53216723,rs722290,0.061
14,53372330,rs8008270,14,53217165,rs56172724,0.061
14,53372330,rs8008270,14,53218399,rs11625099,0.094
14,53372330,rs8008270,14,53218898,rs58090538,0.061
14,53372330,rs8008270,14,53218904,rs112751548,0.097
14,53372330,rs8008270,14,53220652,rs7142136,0.095
14,53372330,rs8008270,14,53221839,rs11388523,0.062
14,53372330,rs8008270,14,53223494,rs6572858,0.059
14,53372330,rs8008270,14,53225537,rs2147973,0.095
14,53372330,rs8008270,14,53226878,rs12894460,0.059
14,53372330,rs8008270,14,53227571,rs58317443,0.095
14,53372330,rs8008270,14,53228284,14:53228284:G:GT,0.071
14,53372330,rs8008270,14,53228531,rs62003474,0.095
14,53372330,rs8008270,14,53229576,rs10548917,0.131
14,53372330,rs8008270,14,53231255,rs62003476,0.229
14,53372330,rs8008270,14,53231259,rs7155968,0.059
14,53372330,rs8008270,14,53232214,rs61537671,0.06
14,53372330,rs8008270,14,53232305,rs17125742,0.059
14,53372330,rs8008270,14,53232348,rs1983869,0.06
14,53372330,rs8008270,14,53234119,rs62003478,0.225
14,53372330,rs8008270,14,53234514,rs1952092,0.062
14,53372330,rs8008270,14,53235545,rs2274274,0.061
14,53372330,rs8008270,14,53237221,rs10873061,0.059
14,53372330,rs8008270,14,53240059,rs201205124,0.053
14,53372330,rs8008270,14,53241117,rs35970278,0.061
14,53372330,rs8008270,14,53242849,rs1140039,0.095
14,53372330,rs8008270,14,53249402,rs57393815,0.061
14,53372330,rs8008270,14,53250293,rs2296494,0.095
14,53372330,rs8008270,14,53252632,rs78265073,0.062
14,53372330,rs8008270,14,53252777,rs139721043,0.075
14,53372330,rs8008270,14,53254224,rs12435056,0.095
14,53372330,rs8008270,14,53255594,rs3759646,0.093
14,53372330,rs8008270,14,53255595,rs3759645,0.095
14,53372330,rs8008270,14,53256005,rs12436601,0.095
14,53372330,rs8008270,14,53257221,rs11620764,0.095
14,53372330,rs8008270,14,53259666,rs7153843,0.061
14,53372330,rs8008270,14,53262414,rs2357943,0.082
14,53372330,rs8008270,14,53262883,rs111596142,0.083
14,53372330,rs8008270,14,53265071,rs4898764,0.051
14,53372330,rs8008270,14,53268857,rs7154989,0.051
14,53372330,rs8008270,14,53274370,rs62003482,0.051
14,53372330,rs8008270,14,53274550,rs372686539,0.077
14,53372330,rs8008270,14,53275672,rs146610735,0.076
14,53372330,rs8008270,14,53275678,rs78499637,0.077
14,53372330,rs8008270,14,53275977,rs35794313,0.078
14,53372330,rs8008270,14,53276075,rs12589690,0.075
14,53372330,rs8008270,14,53276236,rs142401250,0.077
14,53372330,rs8008270,14,53276951,rs55898231,0.051
14,53372330,rs8008270,14,53277525,rs8017604,0.077
14,53372330,rs8008270,14,53277786,rs8018404,0.077
14,53372330,rs8008270,14,53278843,rs62003486,0.087
14,53372330,rs8008270,14,53278967,rs55643334,0.087
14,53372330,rs8008270,14,53279367,rs1952094,0.059
14,53372330,rs8008270,14,53279375,rs1952095,0.087
14,53372330,rs8008270,14,53281883,rs4898765,0.056
14,53372330,rs8008270,14,53283011,rs140133857,0.055
14,53372330,rs8008270,14,53283012,rs62003489,0.055
14,53372330,rs8008270,14,53284620,rs2147977,0.057
14,53372330,rs8008270,14,53284810,rs2147978,0.057
14,53372330,rs8008270,14,53285019,rs7142329,0.057
14,53372330,rs8008270,14,53285465,rs8005941,0.058
14,53372330,rs8008270,14,53285555,rs2182210,0.058
14,53372330,rs8008270,14,53286839,chr14_53286840_C_INDEL,0.454
14,53372330,rs8008270,14,53288310,rs62003490,0.118
14,53372330,rs8008270,14,53288682,rs17125761,0.118
14,53372330,rs8008270,14,53289189,rs148713909,0.119
14,53372330,rs8008270,14,53289281,rs11625993,0.118
14,53372330,rs8008270,14,53289808,rs11626152,0.12
14,53372330,rs8008270,14,53304638,rs7150104,0.276
14,53372330,rs8008270,14,53304888,rs10696389,0.231
14,53372330,rs8008270,14,53309940,rs111448470,0.95
14,53372330,rs8008270,14,53313097,rs74800104,0.951
14,53372330,rs8008270,14,53316867,rs113907726,0.952
14,53372330,rs8008270,14,53321246,rs74884304,0.955
14,53372330,rs8008270,14,53321273,rs62003514,0.956
14,53372330,rs8008270,14,53321340,rs62003515,0.973
14,53372330,rs8008270,14,53322999,rs12433887,0.538
14,53372330,rs8008270,14,53323211,rs2884345,0.539
14,53372330,rs8008270,14,53330007,rs62003516,0.953
14,53372330,rs8008270,14,53330720,14:53330720:AT:A,0.92
14,53372330,rs8008270,14,53331679,rs17694496,0.953
14,53372330,rs8008270,14,53332854,rs4901304,0.055
14,53372330,rs8008270,14,53333116,rs62003517,0.977
14,53372330,rs8008270,14,53348540,rs62003529,0.958
14,53372330,rs8008270,14,53350479,rs7161281,0.555
14,53372330,rs8008270,14,53355518,rs79024024,0.246
14,53372330,rs8008270,14,53357111,rs62003532,0.986
14,53372330,rs8008270,14,53361875,rs12147852,0.077
14,53372330,rs8008270,14,53365816,rs11157934,0.317
14,53372330,rs8008270,14,53365952,rs4901306,0.994
14,53372330,rs8008270,14,53366149,rs7161323,0.563
14,53372330,rs8008270,14,53366323,rs1977350,0.997
14,53372330,rs8008270,14,53366439,rs1570876,0.995
14,53372330,rs8008270,14,53366923,rs6572870,0.997
14,53372330,rs8008270,14,53367088,rs11281196,0.997
14,53372330,rs8008270,14,53367336,chr14_53367336_A_INDEL,0.051
14,53372330,rs8008270,14,53367793,rs8009956,0.997
14,53372330,rs8008270,14,53367823,14:53367823:CAAAAAAAAA:C,0.155
14,53372330,rs8008270,14,53367998,rs10638877,0.21
14,53372330,rs8008270,14,53368082,rs8014470,0.996
14,53372330,rs8008270,14,53368232,rs12889169,0.997
14,53372330,rs8008270,14,53368804,rs2358075,0.996
14,53372330,rs8008270,14,53369122,rs66918916,0.546
14,53372330,rs8008270,14,53371018,rs11629233,0.32
14,53372330,rs8008270,14,53371906,rs71125148,0.449
14,53372330,rs8008270,14,53371980,rs12881375,0.562
14,53372330,rs8008270,14,53372330,rs8008270,1
14,53372330,rs8008270,14,53373399,rs12887631,0.559
14,53372330,rs8008270,14,53375241,rs7140747,0.959
14,53372330,rs8008270,14,53375302,rs7141054,0.958
14,53372330,rs8008270,14,53377540,rs9888615,0.55
14,53372330,rs8008270,14,53378246,rs2147974,0.973
14,53372330,rs8008270,14,53378287,rs2147975,0.318
14,53372330,rs8008270,14,53378360,rs2147976,0.973
14,53372330,rs8008270,14,53379925,rs4901308,0.975
14,53372330,rs8008270,14,53380014,rs4901309,0.974
14,53372330,rs8008270,14,53380371,rs2296496,0.315
14,53372330,rs8008270,14,53381142,rs34965736,0.316
14,53372330,rs8008270,14,53384280,rs11624016,0.312
14,53372330,rs8008270,14,53384621,rs12892879,0.31
14,53372330,rs8008270,14,53386172,rs3037043,0.975
14,53372330,rs8008270,14,53386237,rs3825593,0.315
14,53372330,rs8008270,14,53386836,rs8009633,0.072
14,53372330,rs8008270,14,53387109,rs4901313,0.975
14,53372330,rs8008270,14,53389699,rs62003539,0.656
14,53372330,rs8008270,14,53389923,rs5808696,0.072
14,53372330,rs8008270,14,53390048,rs1958025,0.067
14,53372330,rs8008270,14,53390305,rs4901317,0.199
14,53372330,rs8008270,14,53390620,rs957190,0.114
14,53372330,rs8008270,14,53391743,rs1570878,0.103
14,53372330,rs8008270,14,53392698,rs12888271,0.093
14,53372330,rs8008270,14,53393549,rs1952091,0.069
14,53372330,rs8008270,14,53394103,rs10873062,0.09
14,53372330,rs8008270,14,53394444,rs12878516,0.09
14,53372330,rs8008270,14,53397018,rs12434179,0.07
14,53372330,rs8008270,14,53397783,rs62003542,0.597
14,53372330,rs8008270,14,53399337,rs8012109,0.613
14,53372330,rs8008270,14,53401147,rs11623113,0.069
14,53372330,rs8008270,14,53404770,chr14_53404770_A_C,0.069
14,53372330,rs8008270,14,53405423,rs12433388,0.127
14,53372330,rs8008270,14,53406442,rs17125955,0.599
14,53372330,rs8008270,14,53409281,rs62003544,0.608
14,53372330,rs8008270,14,53409931,rs566645858,0.607
14,53372330,rs8008270,14,53412329,rs17125970,0.069
14,53372330,rs8008270,14,53416811,rs62003546,0.078
14,53372330,rs8008270,14,53418339,rs7158115,0.591
14,53372330,rs8008270,14,53422847,rs62003548,0.507
14,53372330,rs8008270,14,53423053,rs62003549,0.521
14,53372330,rs8008270,14,53423360,rs142812462,0.521
14,53372330,rs8008270,14,53424058,rs62003550,0.499
14,53372330,rs8008270,14,53424096,rs4901321,0.066
14,53372330,rs8008270,14,53424320,rs62003551,0.498
14,53372330,rs8008270,14,53424661,rs60083376,0.492
14,53372330,rs8008270,14,53425197,rs62003553,0.36
14,53372330,rs8008270,14,53425232,rs62003554,0.272
14,53372330,rs8008270,14,53426222,rs62003555,0.273
14,53372330,rs8008270,14,53426739,rs62003556,0.263
14,53372330,rs8008270,14,53426851,rs62003558,0.264
14,53372330,rs8008270,14,53427174,rs57151582,0.264
14,53372330,rs8008270,14,53428573,rs59825463,0.356
14,53372330,rs8008270,14,53433752,rs2358077,0.121
14,53372330,rs8008270,14,53434943,rs62005661,0.119
14,53372330,rs8008270,14,53435143,rs11846585,0.117
14,53372330,rs8008270,14,53435835,rs2104821,0.115
14,53372330,rs8008270,14,53436163,rs2210317,0.117
14,53372330,rs8008270,14,53436361,rs2210316,0.113
14,53372330,rs8008270,14,53436768,rs7494700,0.119
14,53372330,rs8008270,14,53437011,rs4901326,0.118
14,53372330,rs8008270,14,53437237,rs12589058,0.115
14,53372330,rs8008270,14,53437915,rs2150540,0.114
14,53372330,rs8008270,14,53440178,rs34663179,0.117
14,53372330,rs8008270,14,53440964,rs35089211,0.116
14,53372330,rs8008270,14,53442832,rs35518231,0.116
14,53372330,rs8008270,14,53444339,rs12891767,0.115
14,53372330,rs8008270,14,53445576,rs35025638,0.115
14,53372330,rs8008270,14,53445643,rs34949414,0.115
14,53372330,rs8008270,14,53447505,rs11846307,0.054
14,53372330,rs8008270,14,53447797,rs11846433,0.054
14,53372330,rs8008270,14,53448213,rs371980505,0.114
14,53372330,rs8008270,14,53449373,rs1958907,0.112
14,53372330,rs8008270,14,53450065,rs7160059,0.112
14,53372330,rs8008270,14,53450648,rs8021135,0.062
14,53372330,rs8008270,14,53450950,rs8022114,0.053
14,53372330,rs8008270,14,53451186,rs12881324,0.112
14,53372330,rs8008270,14,53451273,rs34649799,0.112
14,53372330,rs8008270,14,53451760,rs12431981,0.112
14,53372330,rs8008270,14,53452376,rs4027140,0.108
14,53372330,rs8008270,14,53452777,rs11157937,0.112
14,53372330,rs8008270,14,53453942,rs17126005,0.111
14,53372330,rs8008270,14,53454003,rs12898158,0.111
14,53372330,rs8008270,14,53454049,rs7161716,0.111
14,53372330,rs8008270,14,53454156,rs12897910,0.111
14,53372330,rs8008270,14,53454232,rs142711678,0.111
14,53372330,rs8008270,14,53454532,rs7141020,0.074
14,53372330,rs8008270,14,53454693,rs6572873,0.109
14,53372330,rs8008270,14,53455260,rs12883648,0.108
14,53372330,rs8008270,14,53455413,rs34370904,0.11
14,53372330,rs8008270,14,53455931,rs12435497,0.11
14,53372330,rs8008270,14,53456603,rs12889986,0.051
14,53372330,rs8008270,14,53457820,rs2358078,0.051
14,53372330,rs8008270,14,53458003,rs4277272,0.057
14,53372330,rs8008270,14,53459772,rs1112339,0.111
14,53372330,rs8008270,14,53460182,rs1112340,0.111
14,53372330,rs8008270,14,53461595,rs34910107,0.098
14,53372330,rs8008270,14,53461733,rs34274911,0.104
14,53372330,rs8008270,14,53461791,rs34325464,0.086
14,53372330,rs8008270,14,53462462,rs35597534,0.123
14,53372330,rs8008270,14,53463049,rs11157938,0.099
14,53372330,rs8008270,14,53463067,rs58160093,0.06
14,53372330,rs8008270,14,53463207,chr14_53463207_A_T,0.105
14,53372330,rs8008270,14,53464211,rs17697101,0.069
14,53372330,rs8008270,14,53464833,rs12435772,0.07
14,53372330,rs8008270,14,53465150,rs62005704,0.103
14,53372330,rs8008270,14,53466612,rs12437415,0.055
14,53372330,rs8008270,14,53466847,rs11157939,0.055
14,53372330,rs8008270,14,53467249,rs12050297,0.055
14,53372330,rs8008270,14,53467562,rs369125865,0.055
14,53372330,rs8008270,14,53467570,rs7144512,0.092
14,53372330,rs8008270,14,53468249,rs12435886,0.053
14,53372330,rs8008270,14,53469038,rs12588079,0.058
14,53372330,rs8008270,14,53469891,rs4901328,0.064
14,53372330,rs8008270,14,53469959,rs4901329,0.056
14,53372330,rs8008270,14,53470519,rs4901330,0.064
14,53372330,rs8008270,14,53470708,rs56398612,0.057
14,53372330,rs8008270,14,53470916,chr14_53470916_A_G,0.1
14,53372330,rs8008270,14,53470981,rs7158623,0.064
14,53372330,rs8008270,14,53471498,rs12434007,0.064
14,53372330,rs8008270,14,53471595,rs8020179,0.064
14,53372330,rs8008270,14,53471850,chr14_53471850_A_G,0.066
14,53372330,rs8008270,14,53472330,rs9989200,0.064
14,53372330,rs8008270,14,53472513,rs12434875,0.063
14,53372330,rs8008270,14,53473397,chr14_53473397_C_T,0.055
14,53372330,rs8008270,14,53473864,rs12886722,0.072
14,53372330,rs8008270,14,53502120,rs61985085,0.058
14,53372330,rs8008270,14,53552594,rs139457331,0.061
14,53372330,rs8008270,14,53557173,rs137894726,0.066
14,53372330,rs8008270,14,53578960,rs61985110,0.07
14,53372330,rs8008270,14,53593179,rs61985113,0.056
14,53372330,rs8008270,14,53609190,chr14_53609190_A_C,0.06
14,53372330,rs8008270,14,53619681,chr14_53619681_C_T,0.051
14,53409931,rs566645858,14,52896193,rs62003695,0.083
14,53409931,rs566645858,14,53094859,rs62005398,0.155
14,53409931,rs566645858,14,53164278,rs62005428,0.136
14,53409931,rs566645858,14,53165078,rs10151414,0.06
14,53409931,rs566645858,14,53166420,rs58932432,0.08
14,53409931,rs566645858,14,53166797,rs112989263,0.095
14,53409931,rs566645858,14,53168000,rs12892461,0.078
14,53409931,rs566645858,14,53170231,rs10138283,0.078
14,53409931,rs566645858,14,53172188,rs10145038,0.097
14,53409931,rs566645858,14,53172922,rs11846010,0.143
14,53409931,rs566645858,14,53174328,rs2295825,0.127
14,53409931,rs566645858,14,53175731,rs62005431,0.268
14,53409931,rs566645858,14,53175753,rs62005432,0.199
14,53409931,rs566645858,14,53177729,rs113933546,0.096
14,53409931,rs566645858,14,53178746,rs7142734,0.127
14,53409931,rs566645858,14,53180961,rs7157190,0.098
14,53409931,rs566645858,14,53181849,rs11411181,0.113
14,53409931,rs566645858,14,53183888,rs12587871,0.096
14,53409931,rs566645858,14,53185412,rs4357836,0.096
14,53409931,rs566645858,14,53189506,rs28437939,0.095
14,53409931,rs566645858,14,53189731,rs10144318,0.095
14,53409931,rs566645858,14,53192357,rs2884343,0.126
14,53409931,rs566645858,14,53192467,rs10136643,0.126
14,53409931,rs566645858,14,53194419,rs6696,0.126
14,53409931,rs566645858,14,53195076,rs2273743,0.126
14,53409931,rs566645858,14,53195799,rs10146873,0.095
14,53409931,rs566645858,14,53195947,rs10146826,0.095
14,53409931,rs566645858,14,53196348,rs12893498,0.095
14,53409931,rs566645858,14,53196740,rs2065051,0.124
14,53409931,rs566645858,14,53197042,rs2277493,0.126
14,53409931,rs566645858,14,53197711,rs8004624,0.095
14,53409931,rs566645858,14,53198815,rs200797149,0.097
14,53409931,rs566645858,14,53199195,rs11846623,0.096
14,53409931,rs566645858,14,53199451,rs10148600,0.125
14,53409931,rs566645858,14,53200675,rs2884344,0.097
14,53409931,rs566645858,14,53201507,rs2065052,0.125
14,53409931,rs566645858,14,53201536,rs2065053,0.097
14,53409931,rs566645858,14,53201631,rs2065054,0.079
14,53409931,rs566645858,14,53201906,rs6572857,0.097
14,53409931,rs566645858,14,53202446,rs8003782,0.097
14,53409931,rs566645858,14,53203439,rs7146028,0.125
14,53409931,rs566645858,14,53203537,rs10529904,0.095
14,53409931,rs566645858,14,53204120,rs7151306,0.097
14,53409931,rs566645858,14,53205841,rs7158756,0.125
14,53409931,rs566645858,14,53206097,rs7143253,0.125
14,53409931,rs566645858,14,53207219,rs7148178,0.125
14,53409931,rs566645858,14,53207948,14:53207948:A:TT,0.089
14,53409931,rs566645858,14,53209616,rs1254972,0.093
14,53409931,rs566645858,14,53211130,rs1254973,0.094
14,53409931,rs566645858,14,53211214,rs1254974,0.096
14,53409931,rs566645858,14,53211841,rs34700601,0.075
14,53409931,rs566645858,14,53212268,rs1254975,0.125
14,53409931,rs566645858,14,53214011,rs1254976,0.125
14,53409931,rs566645858,14,53214603,rs1254977,0.094
14,53409931,rs566645858,14,53214692,rs1254978,0.094
14,53409931,rs566645858,14,53215163,rs2181056,0.094
14,53409931,rs566645858,14,53216723,rs722290,0.096
14,53409931,rs566645858,14,53217165,rs56172724,0.096
14,53409931,rs566645858,14,53218399,rs11625099,0.124
14,53409931,rs566645858,14,53218898,rs58090538,0.097
14,53409931,rs566645858,14,53218904,rs112751548,0.126
14,53409931,rs566645858,14,53220652,rs7142136,0.125
14,53409931,rs566645858,14,53221839,rs11388523,0.097
14,53409931,rs566645858,14,53223494,rs6572858,0.094
14,53409931,rs566645858,14,53225537,rs2147973,0.125
14,53409931,rs566645858,14,53226878,rs12894460,0.094
14,53409931,rs566645858,14,53227571,rs58317443,0.125
14,53409931,rs566645858,14,53228284,14:53228284:G:GT,0.078
14,53409931,rs566645858,14,53228531,rs62003474,0.125
14,53409931,rs566645858,14,53229576,rs10548917,0.1
14,53409931,rs566645858,14,53231255,rs62003476,0.325
14,53409931,rs566645858,14,53231259,rs7155968,0.094
14,53409931,rs566645858,14,53232214,rs61537671,0.095
14,53409931,rs566645858,14,53232305,rs17125742,0.094
14,53409931,rs566645858,14,53232348,rs1983869,0.095
14,53409931,rs566645858,14,53234119,rs62003478,0.318
14,53409931,rs566645858,14,53234514,rs1952092,0.098
14,53409931,rs566645858,14,53235545,rs2274274,0.096
14,53409931,rs566645858,14,53237221,rs10873061,0.094
14,53409931,rs566645858,14,53240059,rs201205124,0.09
14,53409931,rs566645858,14,53241117,rs35970278,0.096
14,53409931,rs566645858,14,53241309,rs36115577,0.071
14,53409931,rs566645858,14,53242849,rs1140039,0.125
14,53409931,rs566645858,14,53249402,rs57393815,0.096
14,53409931,rs566645858,14,53250293,rs2296494,0.125
14,53409931,rs566645858,14,53251947,rs12887100,0.078
14,53409931,rs566645858,14,53252632,rs78265073,0.097
14,53409931,rs566645858,14,53252777,rs139721043,0.101
14,53409931,rs566645858,14,53254224,rs12435056,0.125
14,53409931,rs566645858,14,53255594,rs3759646,0.122
14,53409931,rs566645858,14,53255595,rs3759645,0.123
14,53409931,rs566645858,14,53256005,rs12436601,0.125
14,53409931,rs566645858,14,53257221,rs11620764,0.125
14,53409931,rs566645858,14,53259666,rs7153843,0.097
14,53409931,rs566645858,14,53262414,rs2357943,0.113
14,53409931,rs566645858,14,53262883,rs111596142,0.113
14,53409931,rs566645858,14,53265071,rs4898764,0.086
14,53409931,rs566645858,14,53265785,rs12147407,0.083
14,53409931,rs566645858,14,53268857,rs7154989,0.086
14,53409931,rs566645858,14,53274370,rs62003482,0.087
14,53409931,rs566645858,14,53274550,rs372686539,0.107
14,53409931,rs566645858,14,53275672,rs146610735,0.106
14,53409931,rs566645858,14,53275678,rs78499637,0.107
14,53409931,rs566645858,14,53275977,rs35794313,0.109
14,53409931,rs566645858,14,53276075,rs12589690,0.105
14,53409931,rs566645858,14,53276236,rs142401250,0.107
14,53409931,rs566645858,14,53276951,rs55898231,0.087
14,53409931,rs566645858,14,53277525,rs8017604,0.107
14,53409931,rs566645858,14,53277786,rs8018404,0.107
14,53409931,rs566645858,14,53278843,rs62003486,0.121
14,53409931,rs566645858,14,53278967,rs55643334,0.121
14,53409931,rs566645858,14,53279367,rs1952094,0.1
14,53409931,rs566645858,14,53279375,rs1952095,0.121
14,53409931,rs566645858,14,53281883,rs4898765,0.09
14,53409931,rs566645858,14,53282837,rs11626284,0.077
14,53409931,rs566645858,14,53283011,rs140133857,0.089
14,53409931,rs566645858,14,53283012,rs62003489,0.089
14,53409931,rs566645858,14,53283565,rs2025631,0.077
14,53409931,rs566645858,14,53284620,rs2147977,0.092
14,53409931,rs566645858,14,53284810,rs2147978,0.092
14,53409931,rs566645858,14,53285019,rs7142329,0.091
14,53409931,rs566645858,14,53285465,rs8005941,0.093
14,53409931,rs566645858,14,53285555,rs2182210,0.093
14,53409931,rs566645858,14,53286185,rs1476407,0.08
14,53409931,rs566645858,14,53286839,chr14_53286840_C_INDEL,0.45
14,53409931,rs566645858,14,53288310,rs62003490,0.069
14,53409931,rs566645858,14,53288450,rs11624787,0.061
14,53409931,rs566645858,14,53288682,rs17125761,0.069
14,53409931,rs566645858,14,53289189,rs148713909,0.069
14,53409931,rs566645858,14,53289281,rs11625993,0.069
14,53409931,rs566645858,14,53289808,rs11626152,0.07
14,53409931,rs566645858,14,53304638,rs7150104,0.185
14,53409931,rs566645858,14,53304888,rs10696389,0.141
14,53409931,rs566645858,14,53309940,rs111448470,0.587
14,53409931,rs566645858,14,53313097,rs74800104,0.587
14,53409931,rs566645858,14,53316867,rs113907726,0.59
14,53409931,rs566645858,14,53321246,rs74884304,0.588
14,53409931,rs566645858,14,53321273,rs62003514,0.589
14,53409931,rs566645858,14,53321340,rs62003515,0.599
14,53409931,rs566645858,14,53322999,rs12433887,0.327
14,53409931,rs566645858,14,53323211,rs2884345,0.327
14,53409931,rs566645858,14,53330007,rs62003516,0.587
14,53409931,rs566645858,14,53330720,14:53330720:AT:A,0.56
14,53409931,rs566645858,14,53331679,rs17694496,0.586
14,53409931,rs566645858,14,53333116,rs62003517,0.6
14,53409931,rs566645858,14,53348540,rs62003529,0.589
14,53409931,rs566645858,14,53350479,rs7161281,0.337
14,53409931,rs566645858,14,53355518,rs79024024,0.339
14,53409931,rs566645858,14,53357111,rs62003532,0.607
14,53409931,rs566645858,14,53365816,rs11157934,0.188
14,53409931,rs566645858,14,53365952,rs4901306,0.605
14,53409931,rs566645858,14,53366149,rs7161323,0.342
14,53409931,rs566645858,14,53366323,rs1977350,0.606
14,53409931,rs566645858,14,53366439,rs1570876,0.606
14,53409931,rs566645858,14,53366923,rs6572870,0.607
14,53409931,rs566645858,14,53367088,rs11281196,0.607
14,53409931,rs566645858,14,53367336,chr14_53367336_A_INDEL,0.07
14,53409931,rs566645858,14,53367793,rs8009956,0.607
14,53409931,rs566645858,14,53367823,14:53367823:CAAAAAAAAA:C,0.098
14,53409931,rs566645858,14,53367998,rs10638877,0.129
14,53409931,rs566645858,14,53368082,rs8014470,0.606
14,53409931,rs566645858,14,53368232,rs12889169,0.607
14,53409931,rs566645858,14,53368804,rs2358075,0.606
14,53409931,rs566645858,14,53369122,rs66918916,0.331
14,53409931,rs566645858,14,53371018,rs11629233,0.19
14,53409931,rs566645858,14,53371906,rs71125148,0.27
14,53409931,rs566645858,14,53371980,rs12881375,0.34
14,53409931,rs566645858,14,53372330,rs8008270,0.607
14,53409931,rs566645858,14,53373399,rs12887631,0.34
14,53409931,rs566645858,14,53375241,rs7140747,0.591
14,53409931,rs566645858,14,53375302,rs7141054,0.591
14,53409931,rs566645858,14,53377540,rs9888615,0.338
14,53409931,rs566645858,14,53378246,rs2147974,0.601
14,53409931,rs566645858,14,53378287,rs2147975,0.192
14,53409931,rs566645858,14,53378360,rs2147976,0.601
14,53409931,rs566645858,14,53379925,rs4901308,0.602
14,53409931,rs566645858,14,53380014,rs4901309,0.601
14,53409931,rs566645858,14,53380371,rs2296496,0.191
14,53409931,rs566645858,14,53381142,rs34965736,0.191
14,53409931,rs566645858,14,53384280,rs11624016,0.189
14,53409931,rs566645858,14,53384621,rs12892879,0.187
14,53409931,rs566645858,14,53386172,rs3037043,0.606
14,53409931,rs566645858,14,53386237,rs3825593,0.191
14,53409931,rs566645858,14,53387109,rs4901313,0.613
14,53409931,rs566645858,14,53389699,rs62003539,0.751
14,53409931,rs566645858,14,53389923,rs5808696,0.055
14,53409931,rs566645858,14,53390048,rs1958025,0.052
14,53409931,rs566645858,14,53390305,rs4901317,0.264
14,53409931,rs566645858,14,53390620,rs957190,0.174
14,53409931,rs566645858,14,53391743,rs1570878,0.166
14,53409931,rs566645858,14,53392698,rs12888271,0.23
14,53409931,rs566645858,14,53393549,rs1952091,0.052
14,53409931,rs566645858,14,53394103,rs10873062,0.228
14,53409931,rs566645858,14,53394444,rs12878516,0.228
14,53409931,rs566645858,14,53397018,rs12434179,0.053
14,53409931,rs566645858,14,53397783,rs62003542,0.964
14,53409931,rs566645858,14,53399337,rs8012109,0.986
14,53409931,rs566645858,14,53399837,rs11157936,0.061
14,53409931,rs566645858,14,53401147,rs11623113,0.053
14,53409931,rs566645858,14,53401261,rs12888114,0.073
14,53409931,rs566645858,14,53401951,rs72686400,0.06
14,53409931,rs566645858,14,53404770,chr14_53404770_A_C,0.053
14,53409931,rs566645858,14,53405423,rs12433388,0.206
14,53409931,rs566645858,14,53406442,rs17125955,0.989
14,53409931,rs566645858,14,53406943,rs1958906,0.061
14,53409931,rs566645858,14,53407575,rs1112777,0.061
14,53409931,rs566645858,14,53408927,rs67464284,0.071
14,53409931,rs566645858,14,53409281,rs62003544,0.997
14,53409931,rs566645858,14,53409864,rs55635639,0.051
14,53409931,rs566645858,14,53409931,rs566645858,1
14,53409931,rs566645858,14,53410525,rs17623525,0.061
14,53409931,rs566645858,14,53411391,rs7494379,0.071
14,53409931,rs566645858,14,53412329,rs17125970,0.053
14,53409931,rs566645858,14,53413058,rs9743838,0.06
14,53409931,rs566645858,14,53413208,rs12885689,0.072
14,53409931,rs566645858,14,53415359,rs17125973,0.071
14,53409931,rs566645858,14,53416811,rs62003546,0.126
14,53409931,rs566645858,14,53417538,rs71428504,0.071
14,53409931,rs566645858,14,53418233,rs28365937,0.071
14,53409931,rs566645858,14,53418339,rs7158115,0.977
14,53409931,rs566645858,14,53419554,rs7142685,0.06
14,53409931,rs566645858,14,53420358,rs35413927,0.07
14,53409931,rs566645858,14,53421207,rs59288703,0.06
14,53409931,rs566645858,14,53421272,rs59725480,0.071
14,53409931,rs566645858,14,53422847,rs62003548,0.844
14,53409931,rs566645858,14,53423053,rs62003549,0.865
14,53409931,rs566645858,14,53423360,rs142812462,0.864
14,53409931,rs566645858,14,53424058,rs62003550,0.833
14,53409931,rs566645858,14,53424096,rs4901321,0.051
14,53409931,rs566645858,14,53424200,rs8004365,0.075
14,53409931,rs566645858,14,53424320,rs62003551,0.83
14,53409931,rs566645858,14,53424661,rs60083376,0.822
14,53409931,rs566645858,14,53425197,rs62003553,0.633
14,53409931,rs566645858,14,53425232,rs62003554,0.488
14,53409931,rs566645858,14,53426222,rs62003555,0.487
14,53409931,rs566645858,14,53426739,rs62003556,0.473
14,53409931,rs566645858,14,53426851,rs62003558,0.474
14,53409931,rs566645858,14,53427174,rs57151582,0.474
14,53409931,rs566645858,14,53428573,rs59825463,0.625
14,53409931,rs566645858,14,53433752,rs2358077,0.136
14,53409931,rs566645858,14,53434943,rs62005661,0.135
14,53409931,rs566645858,14,53435143,rs11846585,0.132
14,53409931,rs566645858,14,53435835,rs2104821,0.13
14,53409931,rs566645858,14,53436163,rs2210317,0.132
14,53409931,rs566645858,14,53436361,rs2210316,0.127
14,53409931,rs566645858,14,53436768,rs7494700,0.134
14,53409931,rs566645858,14,53437011,rs4901326,0.134
14,53409931,rs566645858,14,53437237,rs12589058,0.13
14,53409931,rs566645858,14,53437915,rs2150540,0.129
14,53409931,rs566645858,14,53440178,rs34663179,0.131
14,53409931,rs566645858,14,53440964,rs35089211,0.131
14,53409931,rs566645858,14,53442832,rs35518231,0.13
14,53409931,rs566645858,14,53444339,rs12891767,0.129
14,53409931,rs566645858,14,53445576,rs35025638,0.129
14,53409931,rs566645858,14,53445643,rs34949414,0.129
14,53409931,rs566645858,14,53448213,rs371980505,0.127
14,53409931,rs566645858,14,53449373,rs1958907,0.126
14,53409931,rs566645858,14,53450065,rs7160059,0.126
14,53409931,rs566645858,14,53451186,rs12881324,0.126
14,53409931,rs566645858,14,53451273,rs34649799,0.126
14,53409931,rs566645858,14,53451760,rs12431981,0.126
14,53409931,rs566645858,14,53452376,rs4027140,0.121
14,53409931,rs566645858,14,53452777,rs11157937,0.126
14,53409931,rs566645858,14,53453412,rs12892882,0.064
14,53409931,rs566645858,14,53453942,rs17126005,0.124
14,53409931,rs566645858,14,53454003,rs12898158,0.124
14,53409931,rs566645858,14,53454049,rs7161716,0.125
14,53409931,rs566645858,14,53454156,rs12897910,0.124
14,53409931,rs566645858,14,53454232,rs142711678,0.124
14,53409931,rs566645858,14,53454532,rs7141020,0.134
14,53409931,rs566645858,14,53454693,rs6572873,0.122
14,53409931,rs566645858,14,53455260,rs12883648,0.122
14,53409931,rs566645858,14,53455413,rs34370904,0.124
14,53409931,rs566645858,14,53455487,chr14_53455487_G_T,0.063
14,53409931,rs566645858,14,53455931,rs12435497,0.125
14,53409931,rs566645858,14,53459772,rs1112339,0.125
14,53409931,rs566645858,14,53460182,rs1112340,0.126
14,53409931,rs566645858,14,53461595,rs34910107,0.113
14,53409931,rs566645858,14,53461733,rs34274911,0.118
14,53409931,rs566645858,14,53461791,rs34325464,0.103
14,53409931,rs566645858,14,53462462,rs35597534,0.14
14,53409931,rs566645858,14,53463049,rs11157938,0.114
14,53409931,rs566645858,14,53463067,rs58160093,0.078
14,53409931,rs566645858,14,53463207,chr14_53463207_A_T,0.121
14,53409931,rs566645858,14,53464211,rs17697101,0.13
14,53409931,rs566645858,14,53464833,rs12435772,0.131
14,53409931,rs566645858,14,53465150,rs62005704,0.121
14,53409931,rs566645858,14,53466612,rs12437415,0.073
14,53409931,rs566645858,14,53466847,rs11157939,0.073
14,53409931,rs566645858,14,53467249,rs12050297,0.072
14,53409931,rs566645858,14,53467392,rs200070283,0.063
14,53409931,rs566645858,14,53467562,rs369125865,0.072
14,53409931,rs566645858,14,53467570,rs7144512,0.115
14,53409931,rs566645858,14,53468249,rs12435886,0.069
14,53409931,rs566645858,14,53469038,rs12588079,0.074
14,53409931,rs566645858,14,53469634,rs4901327,0.089
14,53409931,rs566645858,14,53469891,rs4901328,0.082
14,53409931,rs566645858,14,53469959,rs4901329,0.073
14,53409931,rs566645858,14,53470519,rs4901330,0.082
14,53409931,rs566645858,14,53470708,rs56398612,0.073
14,53409931,rs566645858,14,53470916,chr14_53470916_A_G,0.124
14,53409931,rs566645858,14,53470981,rs7158623,0.082
14,53409931,rs566645858,14,53471498,rs12434007,0.082
14,53409931,rs566645858,14,53471595,rs8020179,0.082
14,53409931,rs566645858,14,53471850,chr14_53471850_A_G,0.084
14,53409931,rs566645858,14,53472330,rs9989200,0.083
14,53409931,rs566645858,14,53472513,rs12434875,0.081
14,53409931,rs566645858,14,53473397,chr14_53473397_C_T,0.089
14,53409931,rs566645858,14,53473607,rs17624410,0.096
14,53409931,rs566645858,14,53473864,rs12886722,0.131
14,53409931,rs566645858,14,53502963,rs12897244,0.056
14,53409931,rs566645858,14,53525427,rs12882412,0.055
14,53409931,rs566645858,14,53531579,rs2065345,0.055
14,53409931,rs566645858,14,53557173,rs137894726,0.103
14,53409931,rs566645858,14,53593179,rs61985113,0.091
14,53409931,rs566645858,14,53609190,chr14_53609190_A_C,0.095
14,53409931,rs566645858,14,53619681,chr14_53619681_C_T,0.084
14,53409931,rs566645858,14,53620658,rs74667576,0.075
14,53409931,rs566645858,14,53666575,rs2784519,0.05
14,53423360,rs142812462,14,52896193,rs62003695,0.077
14,53423360,rs142812462,14,53094859,rs62005398,0.146
14,53423360,rs142812462,14,53164278,rs62005428,0.125
14,53423360,rs142812462,14,53166420,rs58932432,0.057
14,53423360,rs142812462,14,53166797,rs112989263,0.07
14,53423360,rs142812462,14,53168000,rs12892461,0.055
14,53423360,rs142812462,14,53170231,rs10138283,0.055
14,53423360,rs142812462,14,53172188,rs10145038,0.07
14,53423360,rs142812462,14,53172922,rs11846010,0.11
14,53423360,rs142812462,14,53174328,rs2295825,0.097
14,53423360,rs142812462,14,53175731,rs62005431,0.25
14,53423360,rs142812462,14,53175753,rs62005432,0.187
14,53423360,rs142812462,14,53177729,rs113933546,0.069
14,53423360,rs142812462,14,53178746,rs7142734,0.096
14,53423360,rs142812462,14,53180961,rs7157190,0.07
14,53423360,rs142812462,14,53181849,rs11411181,0.081
14,53423360,rs142812462,14,53183888,rs12587871,0.068
14,53423360,rs142812462,14,53185412,rs4357836,0.068
14,53423360,rs142812462,14,53189506,rs28437939,0.068
14,53423360,rs142812462,14,53189731,rs10144318,0.068
14,53423360,rs142812462,14,53192357,rs2884343,0.095
14,53423360,rs142812462,14,53192467,rs10136643,0.095
14,53423360,rs142812462,14,53194419,rs6696,0.095
14,53423360,rs142812462,14,53195076,rs2273743,0.095
14,53423360,rs142812462,14,53195799,rs10146873,0.067
14,53423360,rs142812462,14,53195947,rs10146826,0.067
14,53423360,rs142812462,14,53196348,rs12893498,0.067
14,53423360,rs142812462,14,53196740,rs2065051,0.093
14,53423360,rs142812462,14,53197042,rs2277493,0.095
14,53423360,rs142812462,14,53197711,rs8004624,0.067
14,53423360,rs142812462,14,53198815,rs200797149,0.069
14,53423360,rs142812462,14,53199195,rs11846623,0.069
14,53423360,rs142812462,14,53199451,rs10148600,0.094
14,53423360,rs142812462,14,53200675,rs2884344,0.069
14,53423360,rs142812462,14,53201507,rs2065052,0.095
14,53423360,rs142812462,14,53201536,rs2065053,0.069
14,53423360,rs142812462,14,53201631,rs2065054,0.053
14,53423360,rs142812462,14,53201906,rs6572857,0.069
14,53423360,rs142812462,14,53202446,rs8003782,0.069
14,53423360,rs142812462,14,53203439,rs7146028,0.095
14,53423360,rs142812462,14,53203537,rs10529904,0.067
14,53423360,rs142812462,14,53204120,rs7151306,0.069
14,53423360,rs142812462,14,53205841,rs7158756,0.094
14,53423360,rs142812462,14,53206097,rs7143253,0.094
14,53423360,rs142812462,14,53207219,rs7148178,0.094
14,53423360,rs142812462,14,53207948,14:53207948:A:TT,0.061
14,53423360,rs142812462,14,53209616,rs1254972,0.066
14,53423360,rs142812462,14,53211130,rs1254973,0.067
14,53423360,rs142812462,14,53211214,rs1254974,0.068
14,53423360,rs142812462,14,53211841,rs34700601,0.052
14,53423360,rs142812462,14,53212268,rs1254975,0.094
14,53423360,rs142812462,14,53214011,rs1254976,0.094
14,53423360,rs142812462,14,53214603,rs1254977,0.067
14,53423360,rs142812462,14,53214692,rs1254978,0.067
14,53423360,rs142812462,14,53215163,rs2181056,0.067
14,53423360,rs142812462,14,53216723,rs722290,0.068
14,53423360,rs142812462,14,53217165,rs56172724,0.068
14,53423360,rs142812462,14,53218399,rs11625099,0.093
14,53423360,rs142812462,14,53218898,rs58090538,0.069
14,53423360,rs142812462,14,53218904,rs112751548,0.096
14,53423360,rs142812462,14,53220652,rs7142136,0.094
14,53423360,rs142812462,14,53221839,rs11388523,0.068
14,53423360,rs142812462,14,53223494,rs6572858,0.067
14,53423360,rs142812462,14,53225537,rs2147973,0.094
14,53423360,rs142812462,14,53226878,rs12894460,0.067
14,53423360,rs142812462,14,53227571,rs58317443,0.094
14,53423360,rs142812462,14,53228284,14:53228284:G:GT,0.055
14,53423360,rs142812462,14,53228531,rs62003474,0.094
14,53423360,rs142812462,14,53229576,rs10548917,0.072
14,53423360,rs142812462,14,53231255,rs62003476,0.305
14,53423360,rs142812462,14,53231259,rs7155968,0.067
14,53423360,rs142812462,14,53232214,rs61537671,0.067
14,53423360,rs142812462,14,53232305,rs17125742,0.067
14,53423360,rs142812462,14,53232348,rs1983869,0.067
14,53423360,rs142812462,14,53234119,rs62003478,0.298
14,53423360,rs142812462,14,53234514,rs1952092,0.07
14,53423360,rs142812462,14,53235545,rs2274274,0.068
14,53423360,rs142812462,14,53237221,rs10873061,0.067
14,53423360,rs142812462,14,53240059,rs201205124,0.081
14,53423360,rs142812462,14,53241117,rs35970278,0.068
14,53423360,rs142812462,14,53242849,rs1140039,0.094
14,53423360,rs142812462,14,53249402,rs57393815,0.068
14,53423360,rs142812462,14,53250293,rs2296494,0.094
14,53423360,rs142812462,14,53251947,rs12887100,0.053
14,53423360,rs142812462,14,53252632,rs78265073,0.069
14,53423360,rs142812462,14,53252777,rs139721043,0.073
14,53423360,rs142812462,14,53254224,rs12435056,0.094
14,53423360,rs142812462,14,53255594,rs3759646,0.091
14,53423360,rs142812462,14,53255595,rs3759645,0.092
14,53423360,rs142812462,14,53256005,rs12436601,0.094
14,53423360,rs142812462,14,53257221,rs11620764,0.094
14,53423360,rs142812462,14,53259666,rs7153843,0.069
14,53423360,rs142812462,14,53262414,rs2357943,0.084
14,53423360,rs142812462,14,53262883,rs111596142,0.083
14,53423360,rs142812462,14,53265071,rs4898764,0.059
14,53423360,rs142812462,14,53265785,rs12147407,0.057
14,53423360,rs142812462,14,53268857,rs7154989,0.059
14,53423360,rs142812462,14,53274370,rs62003482,0.06
14,53423360,rs142812462,14,53274550,rs372686539,0.079
14,53423360,rs142812462,14,53275672,rs146610735,0.078
14,53423360,rs142812462,14,53275678,rs78499637,0.079
14,53423360,rs142812462,14,53275977,rs35794313,0.097
14,53423360,rs142812462,14,53276075,rs12589690,0.077
14,53423360,rs142812462,14,53276236,rs142401250,0.079
14,53423360,rs142812462,14,53276951,rs55898231,0.06
14,53423360,rs142812462,14,53277525,rs8017604,0.079
14,53423360,rs142812462,14,53277786,rs8018404,0.078
14,53423360,rs142812462,14,53278843,rs62003486,0.09
14,53423360,rs142812462,14,53278967,rs55643334,0.09
14,53423360,rs142812462,14,53279367,rs1952094,0.071
14,53423360,rs142812462,14,53279375,rs1952095,0.09
14,53423360,rs142812462,14,53281883,rs4898765,0.075
14,53423360,rs142812462,14,53282837,rs11626284,0.061
14,53423360,rs142812462,14,53283011,rs140133857,0.074
14,53423360,rs142812462,14,53283012,rs62003489,0.074
14,53423360,rs142812462,14,53283565,rs2025631,0.061
14,53423360,rs142812462,14,53284620,rs2147977,0.076
14,53423360,rs142812462,14,53284810,rs2147978,0.076
14,53423360,rs142812462,14,53285019,rs7142329,0.076
14,53423360,rs142812462,14,53285465,rs8005941,0.077
14,53423360,rs142812462,14,53285555,rs2182210,0.077
14,53423360,rs142812462,14,53286185,rs1476407,0.063
14,53423360,rs142812462,14,53286839,chr14_53286840_C_INDEL,0.38
14,53423360,rs142812462,14,53288310,rs62003490,0.063
14,53423360,rs142812462,14,53288682,rs17125761,0.063
14,53423360,rs142812462,14,53289189,rs148713909,0.063
14,53423360,rs142812462,14,53289281,rs11625993,0.063
14,53423360,rs142812462,14,53289808,rs11626152,0.064
14,53423360,rs142812462,14,53304638,rs7150104,0.133
14,53423360,rs142812462,14,53304888,rs10696389,0.121
14,53423360,rs142812462,14,53309940,rs111448470,0.504
14,53423360,rs142812462,14,53313097,rs74800104,0.503
14,53423360,rs142812462,14,53316867,rs113907726,0.506
14,53423360,rs142812462,14,53321246,rs74884304,0.505
14,53423360,rs142812462,14,53321273,rs62003514,0.505
14,53423360,rs142812462,14,53321340,rs62003515,0.514
14,53423360,rs142812462,14,53322999,rs12433887,0.269
14,53423360,rs142812462,14,53323211,rs2884345,0.269
14,53423360,rs142812462,14,53330007,rs62003516,0.503
14,53423360,rs142812462,14,53330720,14:53330720:AT:A,0.478
14,53423360,rs142812462,14,53331679,rs17694496,0.503
14,53423360,rs142812462,14,53333116,rs62003517,0.515
14,53423360,rs142812462,14,53348540,rs62003529,0.505
14,53423360,rs142812462,14,53350479,rs7161281,0.278
14,53423360,rs142812462,14,53355518,rs79024024,0.319
14,53423360,rs142812462,14,53357111,rs62003532,0.521
14,53423360,rs142812462,14,53365816,rs11157934,0.163
14,53423360,rs142812462,14,53365952,rs4901306,0.519
14,53423360,rs142812462,14,53366149,rs7161323,0.281
14,53423360,rs142812462,14,53366323,rs1977350,0.52
14,53423360,rs142812462,14,53366439,rs1570876,0.52
14,53423360,rs142812462,14,53366923,rs6572870,0.522
14,53423360,rs142812462,14,53367088,rs11281196,0.521
14,53423360,rs142812462,14,53367336,chr14_53367336_A_INDEL,0.065
14,53423360,rs142812462,14,53367793,rs8009956,0.521
14,53423360,rs142812462,14,53367823,14:53367823:CAAAAAAAAA:C,0.09
14,53423360,rs142812462,14,53367998,rs10638877,0.093
14,53423360,rs142812462,14,53368082,rs8014470,0.521
14,53423360,rs142812462,14,53368232,rs12889169,0.521
14,53423360,rs142812462,14,53368804,rs2358075,0.521
14,53423360,rs142812462,14,53369122,rs66918916,0.27
14,53423360,rs142812462,14,53371018,rs11629233,0.164
14,53423360,rs142812462,14,53371906,rs71125148,0.214
14,53423360,rs142812462,14,53371980,rs12881375,0.28
14,53423360,rs142812462,14,53372330,rs8008270,0.521
14,53423360,rs142812462,14,53373399,rs12887631,0.28
14,53423360,rs142812462,14,53375241,rs7140747,0.507
14,53423360,rs142812462,14,53375302,rs7141054,0.507
14,53423360,rs142812462,14,53377540,rs9888615,0.278
14,53423360,rs142812462,14,53378246,rs2147974,0.515
14,53423360,rs142812462,14,53378287,rs2147975,0.165
14,53423360,rs142812462,14,53378360,rs2147976,0.515
14,53423360,rs142812462,14,53379925,rs4901308,0.515
14,53423360,rs142812462,14,53380014,rs4901309,0.515
14,53423360,rs142812462,14,53380371,rs2296496,0.165
14,53423360,rs142812462,14,53381142,rs34965736,0.165
14,53423360,rs142812462,14,53384280,rs11624016,0.163
14,53423360,rs142812462,14,53384621,rs12892879,0.162
14,53423360,rs142812462,14,53386172,rs3037043,0.52
14,53423360,rs142812462,14,53386237,rs3825593,0.165
14,53423360,rs142812462,14,53387109,rs4901313,0.525
14,53423360,rs142812462,14,53389699,rs62003539,0.646
14,53423360,rs142812462,14,53389923,rs5808696,0.057
14,53423360,rs142812462,14,53390048,rs1958025,0.054
14,53423360,rs142812462,14,53390305,rs4901317,0.238
14,53423360,rs142812462,14,53390620,rs957190,0.15
14,53423360,rs142812462,14,53391743,rs1570878,0.177
14,53423360,rs142812462,14,53392698,rs12888271,0.202
14,53423360,rs142812462,14,53394103,rs10873062,0.2
14,53423360,rs142812462,14,53394444,rs12878516,0.2
14,53423360,rs142812462,14,53397783,rs62003542,0.84
14,53423360,rs142812462,14,53399337,rs8012109,0.857
14,53423360,rs142812462,14,53401261,rs12888114,0.077
14,53423360,rs142812462,14,53405423,rs12433388,0.199
14,53423360,rs142812462,14,53406442,rs17125955,0.852
14,53423360,rs142812462,14,53408927,rs67464284,0.075
14,53423360,rs142812462,14,53409281,rs62003544,0.864
14,53423360,rs142812462,14,53409931,rs566645858,0.864
14,53423360,rs142812462,14,53411391,rs7494379,0.075
14,53423360,rs142812462,14,53413208,rs12885689,0.076
14,53423360,rs142812462,14,53415359,rs17125973,0.075
14,53423360,rs142812462,14,53416811,rs62003546,0.119
14,53423360,rs142812462,14,53417538,rs71428504,0.075
14,53423360,rs142812462,14,53418233,rs28365937,0.075
14,53423360,rs142812462,14,53418339,rs7158115,0.892
14,53423360,rs142812462,14,53420358,rs35413927,0.075
14,53423360,rs142812462,14,53421272,rs59725480,0.076
14,53423360,rs142812462,14,53422847,rs62003548,0.975
14,53423360,rs142812462,14,53423053,rs62003549,0.999
14,53423360,rs142812462,14,53423360,rs142812462,1
14,53423360,rs142812462,14,53424058,rs62003550,0.971
14,53423360,rs142812462,14,53424096,rs4901321,0.055
14,53423360,rs142812462,14,53424200,rs8004365,0.081
14,53423360,rs142812462,14,53424320,rs62003551,0.97
14,53423360,rs142812462,14,53424661,rs60083376,0.966
14,53423360,rs142812462,14,53425197,rs62003553,0.748
14,53423360,rs142812462,14,53425232,rs62003554,0.599
14,53423360,rs142812462,14,53426222,rs62003555,0.599
14,53423360,rs142812462,14,53426739,rs62003556,0.582
14,53423360,rs142812462,14,53426851,rs62003558,0.584
14,53423360,rs142812462,14,53427174,rs57151582,0.583
14,53423360,rs142812462,14,53428573,rs59825463,0.74
14,53423360,rs142812462,14,53433752,rs2358077,0.17
14,53423360,rs142812462,14,53434943,rs62005661,0.168
14,53423360,rs142812462,14,53435143,rs11846585,0.165
14,53423360,rs142812462,14,53435835,rs2104821,0.163
14,53423360,rs142812462,14,53436163,rs2210317,0.164
14,53423360,rs142812462,14,53436361,rs2210316,0.159
14,53423360,rs142812462,14,53436768,rs7494700,0.167
14,53423360,rs142812462,14,53437011,rs4901326,0.167
14,53423360,rs142812462,14,53437237,rs12589058,0.162
14,53423360,rs142812462,14,53437915,rs2150540,0.162
14,53423360,rs142812462,14,53440178,rs34663179,0.163
14,53423360,rs142812462,14,53440964,rs35089211,0.163
14,53423360,rs142812462,14,53442521,rs76078642,0.051
14,53423360,rs142812462,14,53442832,rs35518231,0.162
14,53423360,rs142812462,14,53443501,rs7148941,0.058
14,53423360,rs142812462,14,53444339,rs12891767,0.161
14,53423360,rs142812462,14,53444727,rs1958909,0.057
14,53423360,rs142812462,14,53445235,rs1888597,0.057
14,53423360,rs142812462,14,53445576,rs35025638,0.161
14,53423360,rs142812462,14,53445643,rs34949414,0.161
14,53423360,rs142812462,14,53445825,rs2884379,0.057
14,53423360,rs142812462,14,53446737,rs10585538,0.057
14,53423360,rs142812462,14,53448213,rs371980505,0.159
14,53423360,rs142812462,14,53449279,rs11447628,0.056
14,53423360,rs142812462,14,53449335,rs11625498,0.056
14,53423360,rs142812462,14,53449373,rs1958907,0.158
14,53423360,rs142812462,14,53450065,rs7160059,0.157
14,53423360,rs142812462,14,53450648,rs8021135,0.052
14,53423360,rs142812462,14,53451186,rs12881324,0.157
14,53423360,rs142812462,14,53451273,rs34649799,0.157
14,53423360,rs142812462,14,53451608,rs36089210,0.056
14,53423360,rs142812462,14,53451714,rs35346003,0.056
14,53423360,rs142812462,14,53451760,rs12431981,0.157
14,53423360,rs142812462,14,53452376,rs4027140,0.152
14,53423360,rs142812462,14,53452777,rs11157937,0.157
14,53423360,rs142812462,14,53453412,rs12892882,0.084
14,53423360,rs142812462,14,53453942,rs17126005,0.155
14,53423360,rs142812462,14,53454003,rs12898158,0.156
14,53423360,rs142812462,14,53454049,rs7161716,0.156
14,53423360,rs142812462,14,53454156,rs12897910,0.155
14,53423360,rs142812462,14,53454232,rs142711678,0.155
14,53423360,rs142812462,14,53454532,rs7141020,0.167
14,53423360,rs142812462,14,53454693,rs6572873,0.153
14,53423360,rs142812462,14,53455260,rs12883648,0.153
14,53423360,rs142812462,14,53455413,rs34370904,0.156
14,53423360,rs142812462,14,53455487,chr14_53455487_G_T,0.084
14,53423360,rs142812462,14,53455931,rs12435497,0.156
14,53423360,rs142812462,14,53457561,rs2884380,0.052
14,53423360,rs142812462,14,53459772,rs1112339,0.157
14,53423360,rs142812462,14,53460182,rs1112340,0.157
14,53423360,rs142812462,14,53460771,rs2094913,0.052
14,53423360,rs142812462,14,53461595,rs34910107,0.143
14,53423360,rs142812462,14,53461733,rs34274911,0.148
14,53423360,rs142812462,14,53461791,rs34325464,0.13
14,53423360,rs142812462,14,53462462,rs35597534,0.174
14,53423360,rs142812462,14,53463049,rs11157938,0.144
14,53423360,rs142812462,14,53463067,rs58160093,0.1
14,53423360,rs142812462,14,53463207,chr14_53463207_A_T,0.152
14,53423360,rs142812462,14,53464211,rs17697101,0.162
14,53423360,rs142812462,14,53464833,rs12435772,0.164
14,53423360,rs142812462,14,53465150,rs62005704,0.152
14,53423360,rs142812462,14,53466612,rs12437415,0.095
14,53423360,rs142812462,14,53466847,rs11157939,0.094
14,53423360,rs142812462,14,53467249,rs12050297,0.093
14,53423360,rs142812462,14,53467392,rs200070283,0.061
14,53423360,rs142812462,14,53467562,rs369125865,0.093
14,53423360,rs142812462,14,53467570,rs7144512,0.144
14,53423360,rs142812462,14,53468249,rs12435886,0.09
14,53423360,rs142812462,14,53469038,rs12588079,0.095
14,53423360,rs142812462,14,53469634,rs4901327,0.113
14,53423360,rs142812462,14,53469891,rs4901328,0.105
14,53423360,rs142812462,14,53469959,rs4901329,0.095
14,53423360,rs142812462,14,53470519,rs4901330,0.105
14,53423360,rs142812462,14,53470708,rs56398612,0.095
14,53423360,rs142812462,14,53470916,chr14_53470916_A_G,0.155
14,53423360,rs142812462,14,53470981,rs7158623,0.105
14,53423360,rs142812462,14,53471498,rs12434007,0.105
14,53423360,rs142812462,14,53471595,rs8020179,0.105
14,53423360,rs142812462,14,53471850,chr14_53471850_A_G,0.106
14,53423360,rs142812462,14,53472330,rs9989200,0.105
14,53423360,rs142812462,14,53472513,rs12434875,0.104
14,53423360,rs142812462,14,53473397,chr14_53473397_C_T,0.085
14,53423360,rs142812462,14,53473607,rs17624410,0.121
14,53423360,rs142812462,14,53473864,rs12886722,0.163
14,53423360,rs142812462,14,53502963,rs12897244,0.077
14,53423360,rs142812462,14,53525427,rs12882412,0.081
14,53423360,rs142812462,14,53527485,rs34355075,0.065
14,53423360,rs142812462,14,53531579,rs2065345,0.081
14,53423360,rs142812462,14,53557173,rs137894726,0.097
14,53423360,rs142812462,14,53593179,rs61985113,0.08
14,53423360,rs142812462,14,53609190,chr14_53609190_A_C,0.089
14,53423360,rs142812462,14,53619681,chr14_53619681_C_T,0.078
14,53423360,rs142812462,14,53620658,rs74667576,0.073
14,53423360,rs142812462,14,53666575,rs2784519,0.075
14,53423360,rs142812462,14,53695527,chr14_53695527_G_INDEL,0.076
14,53423360,rs142812462,14,53695531,chr14_53695531_A_C,0.077
