CHR_A,BP_A,SNP_A,CHR_B,BP_B,SNP_B,R2
1,204027009,rs11585865,1,203993689,rs12120253,0.109
1,204027009,rs11585865,1,203994938,rs3851297,0.109
1,204027009,rs11585865,1,203996987,rs12067241,0.108
1,204027009,rs11585865,1,203997031,rs17332279,0.11
1,204027009,rs11585865,1,203997685,rs35598843,0.11
1,204027009,rs11585865,1,203999121,rs35045756,0.114
1,204027009,rs11585865,1,204000989,rs12727493,0.116
1,204027009,rs11585865,1,204003853,rs201680077,0.121
1,204027009,rs11585865,1,204013893,rs12740481,0.125
1,204027009,rs11585865,1,204015885,rs80157555,0.138
1,204027009,rs11585865,1,204016764,rs12130487,0.138
1,204027009,rs11585865,1,204018608,rs12136811,0.139
1,204027009,rs11585865,1,204019653,rs7523402,0.123
1,204027009,rs11585865,1,204020076,rs12133718,0.123
1,204027009,rs11585865,1,204020481,rs11240655,0.315
1,204027009,rs11585865,1,204020783,rs34727784,0.123
1,204027009,rs11585865,1,204021153,rs12088683,0.127
1,204027009,rs11585865,1,204021799,rs74741500,0.141
1,204027009,rs11585865,1,204022226,rs112283587,0.221
1,204027009,rs11585865,1,204022270,rs12135836,0.124
1,204027009,rs11585865,1,204022408,rs111730726,0.222
1,204027009,rs11585865,1,204022563,rs12139538,0.124
1,204027009,rs11585865,1,204022920,rs12043472,0.124
1,204027009,rs11585865,1,204023113,rs113790486,0.226
1,204027009,rs11585865,1,204023251,rs74791650,0.061
1,204027009,rs11585865,1,204023269,rs75657849,0.226
1,204027009,rs11585865,1,204023904,rs112279240,0.343
1,204027009,rs11585865,1,204023923,rs12137582,0.225
1,204027009,rs11585865,1,204024207,rs138835586,0.267
1,204027009,rs11585865,1,204026221,rs10545283,0.327
1,204027009,rs11585865,1,204026901,rs11807491,0.316
1,204027009,rs11585865,1,204027000,rs12567969,0.316
1,204027009,rs11585865,1,204027009,rs11585865,1
1,204027009,rs11585865,1,204027688,rs35369512,0.125
1,204027009,rs11585865,1,204028177,rs6660981,0.998
1,204027009,rs11585865,1,204028184,rs12040567,0.125
1,204027009,rs11585865,1,204028834,rs1891433,0.894
1,204027009,rs11585865,1,204029211,rs2886543,0.998
1,204027009,rs11585865,1,204029558,rs61825721,0.314
1,204027009,rs11585865,1,204029603,rs2366007,0.986
1,204027009,rs11585865,1,204029748,rs4593892,0.998
1,204027009,rs11585865,1,204029890,rs7522437,0.998
1,204027009,rs11585865,1,204030362,rs372560516,0.997
1,204027009,rs11585865,1,204030656,rs3923130,0.901
1,204027009,rs11585865,1,204030669,rs3923131,0.448
1,204027009,rs11585865,1,204030721,rs3911890,0.316
1,204027009,rs11585865,1,204031233,rs12144134,0.899
1,204027009,rs11585865,1,204031363,rs6673836,0.445
1,204027009,rs11585865,1,204031696,rs6691629,0.324
1,204027009,rs11585865,1,204032157,rs4951299,0.894
1,204027009,rs11585865,1,204032575,rs17404274,0.124
1,204027009,rs11585865,1,204033715,rs12741952,0.123
1,204027009,rs11585865,1,204034115,chr1_204034116_CCTT_INDEL,0.102
1,204027009,rs11585865,1,204035547,rs7524385,0.298
1,204027009,rs11585865,1,204037033,rs7544165,0.293
1,204027009,rs11585865,1,204039160,rs12046258,0.115
1,204027009,rs11585865,1,204039426,rs35747578,0.127
1,204027009,rs11585865,1,204039836,rs11355615,0.38
1,204027009,rs11585865,1,204039924,rs7546295,0.366
1,204027009,rs11585865,1,204040131,rs61825725,0.367
1,204027009,rs11585865,1,204041346,rs11240657,0.09
1,204027009,rs11585865,1,204041884,rs72747859,0.155
1,204027009,rs11585865,1,204042433,rs77321629,0.116
1,204027009,rs11585865,1,204043103,rs66822235,0.121
1,204027009,rs11585865,1,204043416,rs60859709,0.154
1,204027009,rs11585865,1,204044566,rs4951300,0.088
1,204027009,rs11585865,1,204045112,rs10900546,0.24
1,204027009,rs11585865,1,204045948,rs12023823,0.152
1,204027009,rs11585865,1,204047301,rs940655,0.12
1,204027009,rs11585865,1,204047306,rs868230,0.146
1,204027009,rs11585865,1,204047379,rs34503989,0.351
1,204027009,rs11585865,1,204047520,rs17404301,0.114
1,204027009,rs11585865,1,204048314,rs61825727,0.385
1,204027009,rs11585865,1,204049014,rs72320589,0.113
1,204027009,rs11585865,1,204049093,rs885330,0.401
1,204027009,rs11585865,1,204049188,rs885332,0.121
1,204027009,rs11585865,1,204049200,rs12117788,0.113
1,204027009,rs11585865,1,204049213,rs4951301,0.374
1,204027009,rs11585865,1,204049354,rs4951302,0.374
1,204027009,rs11585865,1,204050301,rs7552633,0.274
1,204027009,rs11585865,1,204050926,rs12122693,0.158
1,204027009,rs11585865,1,204051228,rs3926107,0.198
1,204027009,rs11585865,1,204051334,rs10793752,0.12
1,204027009,rs11585865,1,204051441,rs16852778,0.056
1,204027009,rs11585865,1,204051583,rs11579810,0.12
1,204027009,rs11585865,1,204052408,rs1554678,0.118
1,204027009,rs11585865,1,204052988,rs12727635,0.111
1,204027009,rs11585865,1,204053090,rs940657,0.06
1,204027009,rs11585865,1,204053926,rs78714973,0.117
1,204027009,rs11585865,1,204054521,rs11577055,0.207
1,204027009,rs11585865,1,204054802,rs10793753,0.108
1,204027009,rs11585865,1,204054822,rs11240659,0.256
1,204027009,rs11585865,1,204055444,rs11240660,0.105
1,204027009,rs11585865,1,204055452,rs61565295,0.254
1,204027009,rs11585865,1,204055494,rs4951303,0.21
1,204027009,rs11585865,1,204055627,rs59847632,0.254
1,204027009,rs11585865,1,204056275,rs11240661,0.084
1,204027009,rs11585865,1,204056948,rs34618698,0.067
1,204027009,rs11585865,1,204058696,rs12122496,0.187
1,204027009,rs11585865,1,204058737,rs12125543,0.187
1,204027009,rs11585865,1,204062039,rs34030555,0.074
1,204027009,rs11585865,1,204064055,rs11240664,0.181
1,204027009,rs11585865,1,204064576,rs7537254,0.073
1,204027009,rs11585865,1,204064682,rs7534608,0.074
1,204027009,rs11585865,1,204067482,rs56305552,0.055
1,204027009,rs11585865,1,204068080,rs11240665,0.1
1,204027009,rs11585865,1,204069643,rs1534096,0.098
1,204027009,rs11585865,1,204069838,rs3795579,0.175
1,204027009,rs11585865,1,204069958,rs1534097,0.071
1,204027009,rs11585865,1,204070007,rs1534098,0.071
1,204027009,rs11585865,1,204070224,rs11240666,0.096
1,204027009,rs11585865,1,204071357,rs16776,0.071
1,204027009,rs11585865,1,204074152,rs940656,0.098
1,204027009,rs11585865,1,204074243,rs878364,0.141
1,204027009,rs11585865,1,204074666,rs4951042,0.069
1,204027009,rs11585865,1,204074865,rs4951043,0.107
1,204027009,rs11585865,1,204075265,rs79080951,0.054
1,204027009,rs11585865,1,204075303,rs4951304,0.093
1,204027009,rs11585865,1,204081523,rs2004146,0.079
1,204027009,rs11585865,1,204081892,rs2250538,0.08
1,204027009,rs11585865,1,204085609,chr1_204085609_A_G,0.107
1,204027009,rs11585865,1,204088725,rs11240671,0.083
1,204028834,rs1891433,1,203993689,rs12120253,0.121
1,204028834,rs1891433,1,203994938,rs3851297,0.121
1,204028834,rs1891433,1,203996987,rs12067241,0.119
1,204028834,rs1891433,1,203997031,rs17332279,0.121
1,204028834,rs1891433,1,203997685,rs35598843,0.122
1,204028834,rs1891433,1,203999121,rs35045756,0.126
1,204028834,rs1891433,1,204000989,rs12727493,0.128
1,204028834,rs1891433,1,204003853,rs201680077,0.134
1,204028834,rs1891433,1,204013893,rs12740481,0.14
1,204028834,rs1891433,1,204015885,rs80157555,0.232
1,204028834,rs1891433,1,204016764,rs12130487,0.232
1,204028834,rs1891433,1,204018608,rs12136811,0.232
1,204028834,rs1891433,1,204019653,rs7523402,0.137
1,204028834,rs1891433,1,204020076,rs12133718,0.137
1,204028834,rs1891433,1,204020481,rs11240655,0.353
1,204028834,rs1891433,1,204020783,rs34727784,0.137
1,204028834,rs1891433,1,204021153,rs12088683,0.141
1,204028834,rs1891433,1,204021799,rs74741500,0.235
1,204028834,rs1891433,1,204022226,rs112283587,0.199
1,204028834,rs1891433,1,204022270,rs12135836,0.138
1,204028834,rs1891433,1,204022408,rs111730726,0.2
1,204028834,rs1891433,1,204022563,rs12139538,0.138
1,204028834,rs1891433,1,204022920,rs12043472,0.139
1,204028834,rs1891433,1,204023113,rs113790486,0.204
1,204028834,rs1891433,1,204023251,rs74791650,0.068
1,204028834,rs1891433,1,204023269,rs75657849,0.204
1,204028834,rs1891433,1,204023904,rs112279240,0.379
1,204028834,rs1891433,1,204023923,rs12137582,0.203
1,204028834,rs1891433,1,204024207,rs138835586,0.241
1,204028834,rs1891433,1,204026221,rs10545283,0.359
1,204028834,rs1891433,1,204026901,rs11807491,0.223
1,204028834,rs1891433,1,204027000,rs12567969,0.222
1,204028834,rs1891433,1,204027009,rs11585865,0.894
1,204028834,rs1891433,1,204027688,rs35369512,0.139
1,204028834,rs1891433,1,204028177,rs6660981,0.892
1,204028834,rs1891433,1,204028184,rs12040567,0.139
1,204028834,rs1891433,1,204028834,rs1891433,1
1,204028834,rs1891433,1,204029211,rs2886543,0.893
1,204028834,rs1891433,1,204029558,rs61825721,0.221
1,204028834,rs1891433,1,204029603,rs2366007,0.883
1,204028834,rs1891433,1,204029748,rs4593892,0.893
1,204028834,rs1891433,1,204029890,rs7522437,0.893
1,204028834,rs1891433,1,204030362,rs372560516,0.893
1,204028834,rs1891433,1,204030656,rs3923130,0.993
1,204028834,rs1891433,1,204030669,rs3923131,0.399
1,204028834,rs1891433,1,204030721,rs3911890,0.355
1,204028834,rs1891433,1,204031233,rs12144134,0.991
1,204028834,rs1891433,1,204031363,rs6673836,0.396
1,204028834,rs1891433,1,204031696,rs6691629,0.364
1,204028834,rs1891433,1,204032157,rs4951299,0.995
1,204028834,rs1891433,1,204032575,rs17404274,0.138
1,204028834,rs1891433,1,204033715,rs12741952,0.137
1,204028834,rs1891433,1,204034115,chr1_204034116_CCTT_INDEL,0.083
1,204028834,rs1891433,1,204035547,rs7524385,0.33
1,204028834,rs1891433,1,204037033,rs7544165,0.328
1,204028834,rs1891433,1,204039160,rs12046258,0.129
1,204028834,rs1891433,1,204039426,rs35747578,0.143
1,204028834,rs1891433,1,204039836,rs11355615,0.375
1,204028834,rs1891433,1,204039924,rs7546295,0.321
1,204028834,rs1891433,1,204040131,rs61825725,0.322
1,204028834,rs1891433,1,204041346,rs11240657,0.101
1,204028834,rs1891433,1,204041884,rs72747859,0.171
1,204028834,rs1891433,1,204042433,rs77321629,0.129
1,204028834,rs1891433,1,204043103,rs66822235,0.135
1,204028834,rs1891433,1,204043416,rs60859709,0.17
1,204028834,rs1891433,1,204044566,rs4951300,0.099
1,204028834,rs1891433,1,204045112,rs10900546,0.27
1,204028834,rs1891433,1,204045948,rs12023823,0.168
1,204028834,rs1891433,1,204046779,rs12118495,0.074
1,204028834,rs1891433,1,204047301,rs940655,0.135
1,204028834,rs1891433,1,204047306,rs868230,0.161
1,204028834,rs1891433,1,204047379,rs34503989,0.306
1,204028834,rs1891433,1,204047520,rs17404301,0.127
1,204028834,rs1891433,1,204048314,rs61825727,0.337
1,204028834,rs1891433,1,204049014,rs72320589,0.126
1,204028834,rs1891433,1,204049093,rs885330,0.354
1,204028834,rs1891433,1,204049188,rs885332,0.136
1,204028834,rs1891433,1,204049200,rs12117788,0.126
1,204028834,rs1891433,1,204049213,rs4951301,0.326
1,204028834,rs1891433,1,204049354,rs4951302,0.326
1,204028834,rs1891433,1,204050301,rs7552633,0.308
1,204028834,rs1891433,1,204050926,rs12122693,0.172
1,204028834,rs1891433,1,204051228,rs3926107,0.155
1,204028834,rs1891433,1,204051334,rs10793752,0.136
1,204028834,rs1891433,1,204051441,rs16852778,0.13
1,204028834,rs1891433,1,204051583,rs11579810,0.135
1,204028834,rs1891433,1,204052408,rs1554678,0.133
1,204028834,rs1891433,1,204052988,rs12727635,0.125
1,204028834,rs1891433,1,204053926,rs78714973,0.133
1,204028834,rs1891433,1,204054521,rs11577055,0.171
1,204028834,rs1891433,1,204054802,rs10793753,0.123
1,204028834,rs1891433,1,204054822,rs11240659,0.307
1,204028834,rs1891433,1,204055444,rs11240660,0.12
1,204028834,rs1891433,1,204055452,rs61565295,0.306
1,204028834,rs1891433,1,204055494,rs4951303,0.174
1,204028834,rs1891433,1,204055627,rs59847632,0.305
1,204028834,rs1891433,1,204056275,rs11240661,0.106
1,204028834,rs1891433,1,204056948,rs34618698,0.075
1,204028834,rs1891433,1,204058696,rs12122496,0.154
1,204028834,rs1891433,1,204058737,rs12125543,0.154
1,204028834,rs1891433,1,204062039,rs34030555,0.087
1,204028834,rs1891433,1,204064055,rs11240664,0.149
1,204028834,rs1891433,1,204064576,rs7537254,0.086
1,204028834,rs1891433,1,204064682,rs7534608,0.085
1,204028834,rs1891433,1,204067376,rs59065201,0.06
1,204028834,rs1891433,1,204068080,rs11240665,0.071
1,204028834,rs1891433,1,204069643,rs1534096,0.071
1,204028834,rs1891433,1,204069838,rs3795579,0.146
1,204028834,rs1891433,1,204069958,rs1534097,0.084
1,204028834,rs1891433,1,204070007,rs1534098,0.084
1,204028834,rs1891433,1,204070224,rs11240666,0.118
1,204028834,rs1891433,1,204071357,rs16776,0.084
1,204028834,rs1891433,1,204074152,rs940656,0.075
1,204028834,rs1891433,1,204074243,rs878364,0.116
1,204028834,rs1891433,1,204074865,rs4951043,0.077
1,204028834,rs1891433,1,204075303,rs4951304,0.061
1,204028834,rs1891433,1,204085609,chr1_204085609_A_G,0.072
1,204518842,rs4245739,1,204332052,rs10494853,0.052
1,204518842,rs4245739,1,204403150,rs16853649,0.069
1,204518842,rs4245739,1,204403311,rs2271424,0.059
1,204518842,rs4245739,1,204404333,rs34286359,0.059
1,204518842,rs4245739,1,204405098,rs1002779,0.059
1,204518842,rs4245739,1,204406034,rs3014629,0.07
1,204518842,rs4245739,1,204406421,rs6668749,0.06
1,204518842,rs4245739,1,204407298,rs4626956,0.058
1,204518842,rs4245739,1,204411063,rs3747634,0.058
1,204518842,rs4245739,1,204411144,rs4553256,0.058
1,204518842,rs4245739,1,204411942,rs1107339,0.058
1,204518842,rs4245739,1,204413297,rs2292459,0.072
1,204518842,rs4245739,1,204413299,rs2292460,0.07
1,204518842,rs4245739,1,204413748,rs3014633,0.07
1,204518842,rs4245739,1,204413986,rs12077886,0.071
1,204518842,rs4245739,1,204414769,rs6594012,0.071
1,204518842,rs4245739,1,204415513,rs3747633,0.072
1,204518842,rs4245739,1,204416014,rs3122288,0.07
1,204518842,rs4245739,1,204416501,rs3827534,0.07
1,204518842,rs4245739,1,204417024,rs2999494,0.07
1,204518842,rs4245739,1,204417917,rs12407668,0.059
1,204518842,rs4245739,1,204417972,rs3106366,0.07
1,204518842,rs4245739,1,204418145,rs2271426,0.071
1,204518842,rs4245739,1,204418198,rs2271427,0.071
1,204518842,rs4245739,1,204418671,rs6660789,0.071
1,204518842,rs4245739,1,204418889,rs2999492,0.073
1,204518842,rs4245739,1,204418939,rs3014637,0.071
1,204518842,rs4245739,1,204419615,rs61762613,0.064
1,204518842,rs4245739,1,204420067,rs2942127,0.064
1,204518842,rs4245739,1,204420774,rs75573410,0.064
1,204518842,rs4245739,1,204420903,rs16853712,0.065
1,204518842,rs4245739,1,204421144,rs16853715,0.065
1,204518842,rs4245739,1,204421752,rs2942130,0.064
1,204518842,rs4245739,1,204421773,rs57810379,0.065
1,204518842,rs4245739,1,204422373,rs57367068,0.064
1,204518842,rs4245739,1,204422692,rs58689605,0.065
1,204518842,rs4245739,1,204422876,rs58805378,0.065
1,204518842,rs4245739,1,204423167,rs74849463,0.065
1,204518842,rs4245739,1,204423183,rs11240746,0.066
1,204518842,rs4245739,1,204423452,rs3014598,0.066
1,204518842,rs4245739,1,204423811,rs61762608,0.096
1,204518842,rs4245739,1,204424232,rs61762607,0.064
1,204518842,rs4245739,1,204424473,rs61817902,0.065
1,204518842,rs4245739,1,204425028,rs3765156,0.065
1,204518842,rs4245739,1,204425431,rs2942143,0.064
1,204518842,rs4245739,1,204425461,rs3014599,0.064
1,204518842,rs4245739,1,204426032,rs71796563,0.065
1,204518842,rs4245739,1,204426049,1:204426049:CA:C,0.065
1,204518842,rs4245739,1,204426051,1:204426051:CA:C,0.065
1,204518842,rs4245739,1,204426052,rs2999490,0.065
1,204518842,rs4245739,1,204426295,rs1008833,0.056
1,204518842,rs4245739,1,204426373,rs2137255,0.065
1,204518842,rs4245739,1,204427361,rs16853742,0.066
1,204518842,rs4245739,1,204428780,rs17406549,0.058
1,204518842,rs4245739,1,204430834,rs56006999,0.051
1,204518842,rs4245739,1,204431485,rs56159948,0.066
1,204518842,rs4245739,1,204432051,rs55954758,0.066
1,204518842,rs4245739,1,204432073,rs3014602,0.063
1,204518842,rs4245739,1,204432236,rs16853770,0.066
1,204518842,rs4245739,1,204432410,rs1318046,0.065
1,204518842,rs4245739,1,204432497,rs3038305,0.066
1,204518842,rs4245739,1,204432502,rs34169824,0.066
1,204518842,rs4245739,1,204433093,rs2271415,0.066
1,204518842,rs4245739,1,204434325,rs58247897,0.066
1,204518842,rs4245739,1,204434326,rs17847779,0.066
1,204518842,rs4245739,1,204434771,rs58548764,0.067
1,204518842,rs4245739,1,204434927,rs12092943,0.065
1,204518842,rs4245739,1,204436066,rs16853773,0.065
1,204518842,rs4245739,1,204437680,chr1_204437680_A_G,0.064
1,204518842,rs4245739,1,204448441,rs10640159,0.073
1,204518842,rs4245739,1,204449157,rs6692377,0.387
1,204518842,rs4245739,1,204449434,rs6594014,0.39
1,204518842,rs4245739,1,204449952,rs7519417,0.868
1,204518842,rs4245739,1,204450341,rs16853822,0.069
1,204518842,rs4245739,1,204450396,rs59090154,0.466
1,204518842,rs4245739,1,204450467,rs938126,0.87
1,204518842,rs4245739,1,204450482,rs938125,0.87
1,204518842,rs4245739,1,204451086,rs10900590,0.874
1,204518842,rs4245739,1,204451495,rs4951382,0.873
1,204518842,rs4245739,1,204452278,rs4951383,0.362
1,204518842,rs4245739,1,204452295,rs6668637,0.069
1,204518842,rs4245739,1,204452514,rs4951384,0.874
1,204518842,rs4245739,1,204452615,rs10664961,0.876
1,204518842,rs4245739,1,204452779,rs12402641,0.359
1,204518842,rs4245739,1,204453320,rs11240748,0.081
1,204518842,rs4245739,1,204453693,rs10793763,0.88
1,204518842,rs4245739,1,204453784,rs11240749,0.88
1,204518842,rs4245739,1,204454165,rs4951385,0.877
1,204518842,rs4245739,1,204454547,rs4951386,0.882
1,204518842,rs4245739,1,204454570,rs35634264,0.069
1,204518842,rs4245739,1,204454741,rs12117054,0.363
1,204518842,rs4245739,1,204456282,rs4951387,0.888
1,204518842,rs4245739,1,204456983,rs2926536,0.956
1,204518842,rs4245739,1,204457336,rs7556371,0.865
1,204518842,rs4245739,1,204457786,rs10494852,0.774
1,204518842,rs4245739,1,204458328,rs1398148,0.868
1,204518842,rs4245739,1,204458612,rs34501643,0.319
1,204518842,rs4245739,1,204459786,rs11240750,0.366
1,204518842,rs4245739,1,204460516,rs34371258,0.567
1,204518842,rs4245739,1,204460681,rs10900592,0.888
1,204518842,rs4245739,1,204461622,rs6594015,0.889
1,204518842,rs4245739,1,204462050,rs11240751,0.777
1,204518842,rs4245739,1,204462612,rs61817953,0.085
1,204518842,rs4245739,1,204462619,rs2010432,0.085
1,204518842,rs4245739,1,204464150,rs3014606,0.992
1,204518842,rs4245739,1,204464181,rs2926534,0.992
1,204518842,rs4245739,1,204464446,rs4951075,0.776
1,204518842,rs4245739,1,204465484,rs12404974,0.834
1,204518842,rs4245739,1,204465659,rs16853865,0.832
1,204518842,rs4245739,1,204466176,rs4951076,0.813
1,204518842,rs4245739,1,204467915,rs34029163,0.353
1,204518842,rs4245739,1,204468023,rs36074620,0.828
1,204518842,rs4245739,1,204469314,rs12036042,0.088
1,204518842,rs4245739,1,204470096,rs10900593,0.777
1,204518842,rs4245739,1,204470129,rs10900594,0.833
1,204518842,rs4245739,1,204471042,rs35219978,0.795
1,204518842,rs4245739,1,204471746,rs1961602,0.347
1,204518842,rs4245739,1,204472009,rs56334721,0.801
1,204518842,rs4245739,1,204475513,rs11240753,0.797
1,204518842,rs4245739,1,204475834,rs4951389,0.795
1,204518842,rs4245739,1,204476113,rs12031912,0.085
1,204518842,rs4245739,1,204476361,rs12028476,0.086
1,204518842,rs4245739,1,204477525,rs12034564,0.353
1,204518842,rs4245739,1,204477977,rs11240754,0.834
1,204518842,rs4245739,1,204478649,rs11240755,0.835
1,204518842,rs4245739,1,204479176,rs7367519,0.815
1,204518842,rs4245739,1,204480742,rs2926533,0.995
1,204518842,rs4245739,1,204481209,rs12032733,0.815
1,204518842,rs4245739,1,204481368,rs12738124,0.815
1,204518842,rs4245739,1,204482262,rs4951077,0.835
1,204518842,rs4245739,1,204482594,rs11240756,0.837
1,204518842,rs4245739,1,204482650,rs149278980,0.817
1,204518842,rs4245739,1,204483845,rs34242990,0.816
1,204518842,rs4245739,1,204484557,rs4951391,0.938
1,204518842,rs4245739,1,204484617,rs4951392,0.996
1,204518842,rs4245739,1,204486205,rs4245736,0.837
1,204518842,rs4245739,1,204486242,rs4245737,0.78
1,204518842,rs4245739,1,204486982,rs56084242,0.78
1,204518842,rs4245739,1,204488278,rs1380576,0.817
1,204518842,rs4245739,1,204488687,rs12039365,0.089
1,204518842,rs4245739,1,204489143,rs12136299,0.819
1,204518842,rs4245739,1,204489500,rs11290909,0.911
1,204518842,rs4245739,1,204489557,rs4951393,0.781
1,204518842,rs4245739,1,204490470,rs12041243,0.089
1,204518842,rs4245739,1,204490674,rs12039968,0.089
1,204518842,rs4245739,1,204491551,rs368579464,0.993
1,204518842,rs4245739,1,204491612,rs61817958,0.818
1,204518842,rs4245739,1,204491802,rs4951078,0.839
1,204518842,rs4245739,1,204491991,rs10711972,0.781
1,204518842,rs4245739,1,204492007,rs12043196,0.781
1,204518842,rs4245739,1,204492153,rs12041075,0.819
1,204518842,rs4245739,1,204492522,rs61817959,0.086
1,204518842,rs4245739,1,204492582,rs12741918,0.818
1,204518842,rs4245739,1,204492784,rs35666383,0.356
1,204518842,rs4245739,1,204493844,rs7556655,0.838
1,204518842,rs4245739,1,204494283,rs3789052,0.355
1,204518842,rs4245739,1,204494436,rs3789051,0.355
1,204518842,rs4245739,1,204494576,chr1_204494576_C_T,0.165
1,204518842,rs4245739,1,204495253,rs4252677,0.818
1,204518842,rs4245739,1,204496257,rs372967296,0.806
1,204518842,rs4245739,1,204496829,rs4252684,0.998
1,204518842,rs4245739,1,204496856,rs4252685,0.817
1,204518842,rs4245739,1,204496895,rs4252686,0.817
1,204518842,rs4245739,1,204497335,rs4252687,0.836
1,204518842,rs4245739,1,204497413,rs2045623,0.84
1,204518842,rs4245739,1,204497913,rs2169137,0.997
1,204518842,rs4245739,1,204499056,rs4252694,0.82
1,204518842,rs4245739,1,204500257,rs898388,0.086
1,204518842,rs4245739,1,204501383,chr1_204501383_C_T,0.088
1,204518842,rs4245739,1,204502514,rs11268668,0.698
1,204518842,rs4245739,1,204502910,rs59912938,0.781
1,204518842,rs4245739,1,204504487,rs4951079,0.819
1,204518842,rs4245739,1,204504527,rs4951394,0.84
1,204518842,rs4245739,1,204505487,rs10458588,0.356
1,204518842,rs4245739,1,204505976,rs35493922,0.355
1,204518842,rs4245739,1,204506107,rs4245738,0.837
1,204518842,rs4245739,1,204506174,rs4252704,0.086
1,204518842,rs4245739,1,204508147,rs4252707,0.086
1,204518842,rs4245739,1,204508159,rs4252708,0.781
1,204518842,rs4245739,1,204509305,rs12047467,0.349
1,204518842,rs4245739,1,204509412,rs36061566,0.817
1,204518842,rs4245739,1,204510528,rs4252713,0.355
1,204518842,rs4245739,1,204511009,rs4252714,0.064
1,204518842,rs4245739,1,204511602,rs10900595,0.931
1,204518842,rs4245739,1,204512100,rs4252717,0.818
1,204518842,rs4245739,1,204512195,rs4252718,0.782
1,204518842,rs4245739,1,204513256,rs4252725,0.838
1,204518842,rs4245739,1,204513402,rs4252726,0.349
1,204518842,rs4245739,1,204515299,rs2369244,0.78
1,204518842,rs4245739,1,204515863,rs2290855,0.818
1,204518842,rs4245739,1,204516025,rs2290854,0.837
1,204518842,rs4245739,1,204516577,rs1563828,0.782
1,204518842,rs4245739,1,204516918,rs4252733,0.086
1,204518842,rs4245739,1,204516947,rs4252734,0.84
1,204518842,rs4245739,1,204517097,rs4252736,0.821
1,204518842,rs4245739,1,204518842,rs4245739,1
1,204518842,rs4245739,1,204519187,rs4252745,0.348
1,204518842,rs4245739,1,204519692,rs398050025,0.963
1,204518842,rs4245739,1,204520209,rs4951396,0.785
1,204518842,rs4245739,1,204520589,rs72181586,0.541
1,204518842,rs4245739,1,204521577,rs12119098,0.821
1,204518842,rs4245739,1,204522018,rs56200417,0.839
1,204518842,rs4245739,1,204522457,rs10900596,0.838
1,204518842,rs4245739,1,204522489,rs10900597,0.781
1,204518842,rs4245739,1,204524474,rs12116645,0.784
1,204518842,rs4245739,1,204525054,rs61455914,0.82
1,204518842,rs4245739,1,204525568,rs10900598,0.35
1,204518842,rs4245739,1,204526721,rs12118859,0.35
1,204518842,rs4245739,1,204527060,rs1046874,0.985
1,204518842,rs4245739,1,204527064,rs5780238,0.996
1,204518842,rs4245739,1,204527379,rs1460036,0.838
1,204518842,rs4245739,1,204528256,rs12741351,0.779
1,204518842,rs4245739,1,204528344,rs16853958,0.838
1,204518842,rs4245739,1,204528651,rs11240758,0.819
1,204518842,rs4245739,1,204528969,rs11801289,0.817
1,204518842,rs4245739,1,204529084,rs11801299,0.088
1,204518842,rs4245739,1,204529302,rs12125533,0.783
1,204518842,rs4245739,1,204530502,rs12756329,0.348
1,204518842,rs4245739,1,204530505,rs12740680,0.838
1,204518842,rs4245739,1,204530924,rs12030639,0.347
1,204518842,rs4245739,1,204531567,rs4951397,0.78
1,204518842,rs4245739,1,204531876,rs4951398,0.781
1,204518842,rs4245739,1,204532323,rs12029692,0.088
1,204518842,rs4245739,1,204532659,rs12032618,0.349
1,204518842,rs4245739,1,204533255,rs4951399,0.767
1,204518842,rs4245739,1,204533284,rs4951080,0.779
1,204518842,rs4245739,1,204534460,rs68149367,0.779
1,204518842,rs4245739,1,204534571,rs4951400,0.779
1,204518842,rs4245739,1,204535789,rs6681905,0.836
1,204518842,rs4245739,1,204536197,rs6679336,0.838
1,204518842,rs4245739,1,204537648,rs4951401,0.997
1,204518842,rs4245739,1,204539122,rs4951402,0.778
1,204518842,rs4245739,1,204539241,rs4951403,0.838
1,204518842,rs4245739,1,204539291,rs6689629,0.089
1,204518842,rs4245739,1,204539462,rs6594016,0.836
1,204518842,rs4245739,1,204541197,rs930947,0.996
1,204518842,rs4245739,1,204541342,rs4951404,0.997
1,204518842,rs4245739,1,204541832,rs151228401,0.092
1,204518842,rs4245739,1,204541943,rs10900599,0.779
1,204518842,rs4245739,1,204542521,rs7541589,0.838
1,204518842,rs4245739,1,204542580,rs12039454,0.781
1,204518842,rs4245739,1,204543579,rs61817460,0.089
1,204518842,rs4245739,1,204544001,rs885012,0.837
1,204518842,rs4245739,1,204544246,rs10665887,0.782
1,204518842,rs4245739,1,204546947,rs2125855,0.995
1,204518842,rs4245739,1,204546987,rs34812029,0.349
1,204518842,rs4245739,1,204547268,rs11240760,0.837
1,204518842,rs4245739,1,204548132,rs12730457,0.349
1,204518842,rs4245739,1,204548416,rs35270244,0.78
1,204518842,rs4245739,1,204549375,rs10793765,0.729
1,204518842,rs4245739,1,204549496,rs10793766,0.732
1,204518842,rs4245739,1,204549564,rs10793767,0.774
1,204518842,rs4245739,1,204550366,rs5010868,0.922
1,204518842,rs4245739,1,204551407,rs12038102,0.322
1,204518842,rs4245739,1,204551830,rs16854023,0.085
1,204518842,rs4245739,1,204553104,rs12139477,0.695
1,204518842,rs4245739,1,204553904,rs11307394,0.587
1,204518842,rs4245739,1,204554057,rs12130686,0.696
1,204518842,rs4245739,1,204554603,rs4951406,0.321
1,204518842,rs4245739,1,204555089,rs36095617,0.701
1,204518842,rs4245739,1,204556223,rs12135707,0.321
1,204518842,rs4245739,1,204556478,rs12138846,0.748
1,204518842,rs4245739,1,204556836,rs12133735,0.697
1,204518842,rs4245739,1,204556958,rs12566957,0.696
1,204518842,rs4245739,1,204556990,rs55664108,0.878
1,204518842,rs4245739,1,204557561,rs6669246,0.321
1,204518842,rs4245739,1,204558070,rs4951407,0.731
1,204518842,rs4245739,1,204558984,rs4951408,0.671
1,204518842,rs4245739,1,204559676,rs6679311,0.788
1,204518842,rs4245739,1,204559707,rs10900600,0.672
1,204518842,rs4245739,1,204560004,rs12043569,0.056
1,204518842,rs4245739,1,204560431,rs67056922,0.639
1,204518842,rs4245739,1,204560440,rs61421373,0.056
1,204518842,rs4245739,1,204560677,rs6679717,0.636
1,204518842,rs4245739,1,204560990,rs4951409,0.637
1,204518842,rs4245739,1,204561617,rs7532236,0.636
1,204518842,rs4245739,1,204563346,rs11808748,0.05
1,204518842,rs4245739,1,204563817,rs4951410,0.306
1,204518842,rs4245739,1,204564237,rs2169136,0.319
1,204518842,rs4245739,1,204564986,rs4328119,0.635
1,204518842,rs4245739,1,204565012,rs2887429,0.635
1,204518842,rs4245739,1,204566183,rs6682208,0.634
1,204518842,rs4245739,1,204566700,rs11240761,0.62
1,204518842,rs4245739,1,204566999,rs11240762,0.317
1,204518842,rs4245739,1,204567762,rs2369246,0.305
1,204518842,rs4245739,1,204568152,rs6594018,0.634
1,204518842,rs4245739,1,204568610,rs6594019,0.636
1,204518842,rs4245739,1,204569376,rs11240764,0.634
1,204518842,rs4245739,1,204572050,rs10900601,0.775
1,204518842,rs4245739,1,204572071,rs12143943,0.313
1,204518842,rs4245739,1,204573481,rs55678522,0.05
1,204518842,rs4245739,1,204575481,rs4950953,0.281
1,204518842,rs4245739,1,204575634,rs11414484,0.29
1,204518842,rs4245739,1,204575807,rs4951082,0.3
1,204518842,rs4245739,1,204576170,rs55869665,0.05
1,204518842,rs4245739,1,204576522,rs11240229,0.05
1,204518842,rs4245739,1,204576983,rs11584700,0.05
1,204518842,rs4245739,1,204577505,rs1460037,0.062
1,204518842,rs4245739,1,204577832,rs12567161,0.311
1,204518842,rs4245739,1,204578308,rs7541449,0.311
1,204518842,rs4245739,1,204579139,rs1563827,0.311
1,204518842,rs4245739,1,204579373,rs898387,0.711
1,204518842,rs4245739,1,204579697,rs898386,0.711
1,204518842,rs4245739,1,204579860,rs898385,0.292
1,204518842,rs4245739,1,204580139,rs868097,0.311
1,204518842,rs4245739,1,204580832,rs57450685,0.052
1,204518842,rs4245739,1,204581014,rs1870551,0.292
1,204518842,rs4245739,1,204582730,rs4951083,0.705
1,204518842,rs4245739,1,204583450,rs35449046,0.26
1,204518842,rs4245739,1,204584385,rs2045624,0.609
1,204518842,rs4245739,1,204585738,rs3795567,0.31
1,204518842,rs4245739,1,204586184,rs3789047,0.292
1,204518842,rs4245739,1,204586805,rs3789046,0.292
1,204518842,rs4245739,1,204587240,rs3747632,0.292
1,204518842,rs4245739,1,204588140,rs3747630,0.057
1,204518842,rs4245739,1,204590044,rs7539399,0.539
1,204518842,rs4245739,1,204591237,rs884108,0.438
1,204518842,rs4245739,1,204592174,rs12094388,0.27
1,204518842,rs4245739,1,204594847,rs79680436,0.105
1,204518842,rs4245739,1,204595544,rs12027855,0.253
1,204518842,rs4245739,1,204595899,rs17335392,0.253
1,204518842,rs4245739,1,204599295,rs7551222,0.501
1,204518842,rs4245739,1,204599325,rs7531829,0.234
1,204518842,rs4245739,1,204599461,rs7553683,0.504
1,204518842,rs4245739,1,204599622,rs7553896,0.234
1,204518842,rs4245739,1,204599692,rs7546057,0.235
1,204518842,rs4245739,1,204599849,rs875094,0.234
1,204518842,rs4245739,1,204600385,chr1_204600385_A_T,0.478
1,204518842,rs4245739,1,204600719,rs875093,0.133
1,204518842,rs4245739,1,204601587,rs7515096,0.214
1,204518842,rs4245739,1,204601963,rs10751423,0.113
1,204518842,rs4245739,1,204602040,rs10751424,0.117
1,204518842,rs4245739,1,204602874,rs2887430,0.349
1,204518842,rs4245739,1,204603026,rs7542085,0.116
1,204518842,rs4245739,1,204603382,rs7541751,0.116
1,204518842,rs4245739,1,204603516,rs10751425,0.116
1,204518842,rs4245739,1,204605383,rs10900417,0.116
1,204518842,rs4245739,1,204606574,rs915239,0.115
1,204518842,rs4245739,1,204606842,rs66477416,0.115
1,204518842,rs4245739,1,204606974,rs4951084,0.31
1,204518842,rs4245739,1,204607235,rs10793713,0.108
1,204518842,rs4245739,1,204607441,rs11240231,0.05
1,204518842,rs4245739,1,204607516,rs11240232,0.21
1,204518842,rs4245739,1,204607874,rs12024827,0.3
1,204518842,rs4245739,1,204608284,rs4951085,0.299
1,204518842,rs4245739,1,204608643,rs4951086,0.201
1,204518842,rs4245739,1,204609194,rs4951087,0.297
1,204518842,rs4245739,1,204610475,rs4950954,0.299
1,204518842,rs4245739,1,204610780,rs4951088,0.305
1,204518842,rs4245739,1,204610898,rs4951089,0.299
1,204518842,rs4245739,1,204611658,rs138881554,0.298
1,204518842,rs4245739,1,204611742,rs12038573,0.206
1,204518842,rs4245739,1,204612138,rs11240234,0.298
1,204518842,rs4245739,1,204612200,rs11240235,0.298
1,204518842,rs4245739,1,204612463,rs11240236,0.298
1,204518842,rs4245739,1,204612518,rs11240237,0.298
1,204518842,rs4245739,1,204612537,rs11240238,0.298
1,204518842,rs4245739,1,204612679,rs7533494,0.083
1,204518842,rs4245739,1,204612804,rs11240239,0.298
1,204518842,rs4245739,1,204613764,rs4279904,0.259
1,204518842,rs4245739,1,204614166,rs10900418,0.25
1,204518842,rs4245739,1,204615400,rs2772227,0.2
1,204518842,rs4245739,1,204616180,rs1411108,0.161
1,204518842,rs4245739,1,204616390,rs1329631,0.249
1,204518842,rs4245739,1,204617240,rs2815832,0.198
1,204518842,rs4245739,1,204617943,rs11240241,0.207
1,204518842,rs4245739,1,204618004,rs10900419,0.158
1,204518842,rs4245739,1,204618533,rs4951090,0.159
1,204518842,rs4245739,1,204618540,rs4951091,0.205
1,204518842,rs4245739,1,204618573,rs4951092,0.207
1,204518842,rs4245739,1,204618814,rs12136166,0.205
1,204518842,rs4245739,1,204618861,rs12125207,0.2
1,204518842,rs4245739,1,204620354,rs12127178,0.205
1,204518842,rs4245739,1,204621056,rs61170670,0.124
1,204518842,rs4245739,1,204621178,rs2772244,0.196
1,204518842,rs4245739,1,204621241,rs72753876,0.125
1,204518842,rs4245739,1,204621247,rs2492985,0.197
1,204518842,rs4245739,1,204621329,rs2480468,0.181
1,204518842,rs4245739,1,204621409,rs78182614,0.06
1,204518842,rs4245739,1,204621425,rs12565010,0.128
1,204518842,rs4245739,1,204621825,rs2815831,0.162
1,204518842,rs4245739,1,204621893,rs2815830,0.148
1,204518842,rs4245739,1,204622214,rs880497,0.139
1,204518842,rs4245739,1,204623077,rs2104732,0.154
1,204518842,rs4245739,1,204623613,rs12125624,0.154
1,204518842,rs4245739,1,204623615,rs12124793,0.154
1,204518842,rs4245739,1,204623905,rs11240242,0.154
1,204518842,rs4245739,1,204623908,rs11240243,0.154
1,204518842,rs4245739,1,204624279,rs4143141,0.154
1,204518842,rs4245739,1,204624296,rs4143140,0.154
1,204518842,rs4245739,1,204624588,1:204624588:T:TAAAAA,0.154
1,204518842,rs4245739,1,204624739,rs71789272,0.155
1,204518842,rs4245739,1,204624957,rs2480467,0.171
1,204518842,rs4245739,1,204624998,rs11240244,0.154
1,204518842,rs4245739,1,204625211,rs72126375,0.153
1,204518842,rs4245739,1,204625273,rs6673842,0.154
1,204518842,rs4245739,1,204625340,rs6663910,0.154
1,204518842,rs4245739,1,204625455,rs6676478,0.154
1,204518842,rs4245739,1,204626368,rs3923041,0.153
1,204518842,rs4245739,1,204626465,1:204626465:T:TACACACAC,0.14
1,204518842,rs4245739,1,204626467,rs1556156,0.169
1,204518842,rs4245739,1,204626549,rs6667578,0.153
1,204518842,rs4245739,1,204628737,rs367566248,0.11
1,204518842,rs4245739,1,204629736,rs2772232,0.195
1,204518842,rs4245739,1,204632065,rs2772233,0.19
1,204518842,rs4245739,1,204632333,rs2149819,0.16
1,204518842,rs4245739,1,204633128,rs12567245,0.124
1,204518842,rs4245739,1,204633397,rs2772234,0.146
1,204518842,rs4245739,1,204642424,rs12724880,0.061
1,204527060,rs1046874,1,204332052,rs10494853,0.052
1,204527060,rs1046874,1,204403150,rs16853649,0.068
1,204527060,rs1046874,1,204403311,rs2271424,0.063
1,204527060,rs1046874,1,204404333,rs34286359,0.063
1,204527060,rs1046874,1,204405098,rs1002779,0.063
1,204527060,rs1046874,1,204406034,rs3014629,0.072
1,204527060,rs1046874,1,204406421,rs6668749,0.063
1,204527060,rs1046874,1,204407298,rs4626956,0.062
1,204527060,rs1046874,1,204411063,rs3747634,0.061
1,204527060,rs1046874,1,204411144,rs4553256,0.062
1,204527060,rs1046874,1,204411942,rs1107339,0.062
1,204527060,rs1046874,1,204413297,rs2292459,0.074
1,204527060,rs1046874,1,204413299,rs2292460,0.071
1,204527060,rs1046874,1,204413748,rs3014633,0.071
1,204527060,rs1046874,1,204413986,rs12077886,0.073
1,204527060,rs1046874,1,204414769,rs6594012,0.073
1,204527060,rs1046874,1,204415513,rs3747633,0.074
1,204527060,rs1046874,1,204416014,rs3122288,0.071
1,204527060,rs1046874,1,204416501,rs3827534,0.073
1,204527060,rs1046874,1,204417024,rs2999494,0.072
1,204527060,rs1046874,1,204417917,rs12407668,0.063
1,204527060,rs1046874,1,204417972,rs3106366,0.072
1,204527060,rs1046874,1,204418145,rs2271426,0.073
1,204527060,rs1046874,1,204418198,rs2271427,0.073
1,204527060,rs1046874,1,204418671,rs6660789,0.074
1,204527060,rs1046874,1,204418889,rs2999492,0.075
1,204527060,rs1046874,1,204418939,rs3014637,0.072
1,204527060,rs1046874,1,204419615,rs61762613,0.065
1,204527060,rs1046874,1,204420067,rs2942127,0.065
1,204527060,rs1046874,1,204420774,rs75573410,0.066
1,204527060,rs1046874,1,204420903,rs16853712,0.066
1,204527060,rs1046874,1,204421144,rs16853715,0.066
1,204527060,rs1046874,1,204421752,rs2942130,0.065
1,204527060,rs1046874,1,204421773,rs57810379,0.066
1,204527060,rs1046874,1,204422373,rs57367068,0.066
1,204527060,rs1046874,1,204422692,rs58689605,0.066
1,204527060,rs1046874,1,204422876,rs58805378,0.066
1,204527060,rs1046874,1,204423167,rs74849463,0.066
1,204527060,rs1046874,1,204423183,rs11240746,0.067
1,204527060,rs1046874,1,204423452,rs3014598,0.067
1,204527060,rs1046874,1,204423811,rs61762608,0.094
1,204527060,rs1046874,1,204424232,rs61762607,0.065
1,204527060,rs1046874,1,204424473,rs61817902,0.066
1,204527060,rs1046874,1,204425028,rs3765156,0.067
1,204527060,rs1046874,1,204425431,rs2942143,0.065
1,204527060,rs1046874,1,204425461,rs3014599,0.065
1,204527060,rs1046874,1,204426032,rs71796563,0.066
1,204527060,rs1046874,1,204426049,1:204426049:CA:C,0.066
1,204527060,rs1046874,1,204426051,1:204426051:CA:C,0.066
1,204527060,rs1046874,1,204426052,rs2999490,0.066
1,204527060,rs1046874,1,204426295,rs1008833,0.06
1,204527060,rs1046874,1,204426373,rs2137255,0.066
1,204527060,rs1046874,1,204427361,rs16853742,0.068
1,204527060,rs1046874,1,204428780,rs17406549,0.057
1,204527060,rs1046874,1,204430462,rs2999484,0.05
1,204527060,rs1046874,1,204430834,rs56006999,0.052
1,204527060,rs1046874,1,204431485,rs56159948,0.067
1,204527060,rs1046874,1,204432051,rs55954758,0.067
1,204527060,rs1046874,1,204432073,rs3014602,0.064
1,204527060,rs1046874,1,204432236,rs16853770,0.067
1,204527060,rs1046874,1,204432410,rs1318046,0.066
1,204527060,rs1046874,1,204432497,rs3038305,0.067
1,204527060,rs1046874,1,204432502,rs34169824,0.067
1,204527060,rs1046874,1,204433093,rs2271415,0.067
1,204527060,rs1046874,1,204434325,rs58247897,0.067
1,204527060,rs1046874,1,204434326,rs17847779,0.067
1,204527060,rs1046874,1,204434771,rs58548764,0.069
1,204527060,rs1046874,1,204434927,rs12092943,0.066
1,204527060,rs1046874,1,204436066,rs16853773,0.066
1,204527060,rs1046874,1,204437680,chr1_204437680_A_G,0.066
1,204527060,rs1046874,1,204448441,rs10640159,0.078
1,204527060,rs1046874,1,204449157,rs6692377,0.372
1,204527060,rs1046874,1,204449434,rs6594014,0.375
1,204527060,rs1046874,1,204449952,rs7519417,0.857
1,204527060,rs1046874,1,204450341,rs16853822,0.074
1,204527060,rs1046874,1,204450396,rs59090154,0.452
1,204527060,rs1046874,1,204450467,rs938126,0.86
1,204527060,rs1046874,1,204450482,rs938125,0.86
1,204527060,rs1046874,1,204451086,rs10900590,0.864
1,204527060,rs1046874,1,204451495,rs4951382,0.863
1,204527060,rs1046874,1,204452278,rs4951383,0.354
1,204527060,rs1046874,1,204452295,rs6668637,0.074
1,204527060,rs1046874,1,204452514,rs4951384,0.864
1,204527060,rs1046874,1,204452615,rs10664961,0.865
1,204527060,rs1046874,1,204452779,rs12402641,0.352
1,204527060,rs1046874,1,204453320,rs11240748,0.082
1,204527060,rs1046874,1,204453693,rs10793763,0.869
1,204527060,rs1046874,1,204453784,rs11240749,0.87
1,204527060,rs1046874,1,204454165,rs4951385,0.866
1,204527060,rs1046874,1,204454547,rs4951386,0.871
1,204527060,rs1046874,1,204454570,rs35634264,0.074
1,204527060,rs1046874,1,204454741,rs12117054,0.355
1,204527060,rs1046874,1,204456282,rs4951387,0.878
1,204527060,rs1046874,1,204456983,rs2926536,0.944
1,204527060,rs1046874,1,204457336,rs7556371,0.854
1,204527060,rs1046874,1,204457786,rs10494852,0.777
1,204527060,rs1046874,1,204458328,rs1398148,0.857
1,204527060,rs1046874,1,204458612,rs34501643,0.312
1,204527060,rs1046874,1,204459786,rs11240750,0.359
1,204527060,rs1046874,1,204460516,rs34371258,0.571
1,204527060,rs1046874,1,204460681,rs10900592,0.877
1,204527060,rs1046874,1,204461622,rs6594015,0.878
1,204527060,rs1046874,1,204462050,rs11240751,0.78
1,204527060,rs1046874,1,204462612,rs61817953,0.09
1,204527060,rs1046874,1,204462619,rs2010432,0.09
1,204527060,rs1046874,1,204464150,rs3014606,0.979
1,204527060,rs1046874,1,204464181,rs2926534,0.978
1,204527060,rs1046874,1,204464446,rs4951075,0.777
1,204527060,rs1046874,1,204465484,rs12404974,0.835
1,204527060,rs1046874,1,204465659,rs16853865,0.834
1,204527060,rs1046874,1,204466176,rs4951076,0.815
1,204527060,rs1046874,1,204467915,rs34029163,0.345
1,204527060,rs1046874,1,204468023,rs36074620,0.83
1,204527060,rs1046874,1,204469314,rs12036042,0.094
1,204527060,rs1046874,1,204470096,rs10900593,0.778
1,204527060,rs1046874,1,204470129,rs10900594,0.835
1,204527060,rs1046874,1,204471042,rs35219978,0.796
1,204527060,rs1046874,1,204471746,rs1961602,0.339
1,204527060,rs1046874,1,204472009,rs56334721,0.801
1,204527060,rs1046874,1,204475513,rs11240753,0.798
1,204527060,rs1046874,1,204475834,rs4951389,0.796
1,204527060,rs1046874,1,204476113,rs12031912,0.09
1,204527060,rs1046874,1,204476361,rs12028476,0.091
1,204527060,rs1046874,1,204477525,rs12034564,0.345
1,204527060,rs1046874,1,204477977,rs11240754,0.836
1,204527060,rs1046874,1,204478649,rs11240755,0.837
1,204527060,rs1046874,1,204479176,rs7367519,0.817
1,204527060,rs1046874,1,204480742,rs2926533,0.982
1,204527060,rs1046874,1,204481209,rs12032733,0.816
1,204527060,rs1046874,1,204481368,rs12738124,0.817
1,204527060,rs1046874,1,204482262,rs4951077,0.837
1,204527060,rs1046874,1,204482594,rs11240756,0.838
1,204527060,rs1046874,1,204482650,rs149278980,0.818
1,204527060,rs1046874,1,204483845,rs34242990,0.803
1,204527060,rs1046874,1,204484557,rs4951391,0.926
1,204527060,rs1046874,1,204484617,rs4951392,0.983
1,204527060,rs1046874,1,204486205,rs4245736,0.839
1,204527060,rs1046874,1,204486242,rs4245737,0.781
1,204527060,rs1046874,1,204486982,rs56084242,0.78
1,204527060,rs1046874,1,204488278,rs1380576,0.818
1,204527060,rs1046874,1,204488687,rs12039365,0.095
1,204527060,rs1046874,1,204489143,rs12136299,0.82
1,204527060,rs1046874,1,204489500,rs11290909,0.898
1,204527060,rs1046874,1,204489557,rs4951393,0.781
1,204527060,rs1046874,1,204490470,rs12041243,0.095
1,204527060,rs1046874,1,204490674,rs12039968,0.094
1,204527060,rs1046874,1,204491551,rs368579464,0.98
1,204527060,rs1046874,1,204491612,rs61817958,0.819
1,204527060,rs1046874,1,204491802,rs4951078,0.841
1,204527060,rs1046874,1,204491991,rs10711972,0.781
1,204527060,rs1046874,1,204492007,rs12043196,0.781
1,204527060,rs1046874,1,204492153,rs12041075,0.82
1,204527060,rs1046874,1,204492522,rs61817959,0.092
1,204527060,rs1046874,1,204492582,rs12741918,0.819
1,204527060,rs1046874,1,204492784,rs35666383,0.347
1,204527060,rs1046874,1,204493844,rs7556655,0.84
1,204527060,rs1046874,1,204494283,rs3789052,0.347
1,204527060,rs1046874,1,204494436,rs3789051,0.347
1,204527060,rs1046874,1,204494576,chr1_204494576_C_T,0.162
1,204527060,rs1046874,1,204495253,rs4252677,0.82
1,204527060,rs1046874,1,204496257,rs372967296,0.806
1,204527060,rs1046874,1,204496829,rs4252684,0.984
1,204527060,rs1046874,1,204496856,rs4252685,0.818
1,204527060,rs1046874,1,204496895,rs4252686,0.818
1,204527060,rs1046874,1,204497335,rs4252687,0.838
1,204527060,rs1046874,1,204497413,rs2045623,0.841
1,204527060,rs1046874,1,204497913,rs2169137,0.984
1,204527060,rs1046874,1,204499056,rs4252694,0.821
1,204527060,rs1046874,1,204500257,rs898388,0.091
1,204527060,rs1046874,1,204501383,chr1_204501383_C_T,0.093
1,204527060,rs1046874,1,204502514,rs11268668,0.69
1,204527060,rs1046874,1,204502910,rs59912938,0.781
1,204527060,rs1046874,1,204504487,rs4951079,0.82
1,204527060,rs1046874,1,204504527,rs4951394,0.841
1,204527060,rs1046874,1,204505487,rs10458588,0.347
1,204527060,rs1046874,1,204505976,rs35493922,0.347
1,204527060,rs1046874,1,204506107,rs4245738,0.839
1,204527060,rs1046874,1,204506174,rs4252704,0.091
1,204527060,rs1046874,1,204508147,rs4252707,0.092
1,204527060,rs1046874,1,204508159,rs4252708,0.781
1,204527060,rs1046874,1,204509305,rs12047467,0.34
1,204527060,rs1046874,1,204509412,rs36061566,0.818
1,204527060,rs1046874,1,204510528,rs4252713,0.347
1,204527060,rs1046874,1,204511009,rs4252714,0.062
1,204527060,rs1046874,1,204511602,rs10900595,0.92
1,204527060,rs1046874,1,204512100,rs4252717,0.819
1,204527060,rs1046874,1,204512195,rs4252718,0.782
1,204527060,rs1046874,1,204513256,rs4252725,0.839
1,204527060,rs1046874,1,204513402,rs4252726,0.34
1,204527060,rs1046874,1,204515299,rs2369244,0.781
1,204527060,rs1046874,1,204515863,rs2290855,0.819
1,204527060,rs1046874,1,204516025,rs2290854,0.838
1,204527060,rs1046874,1,204516577,rs1563828,0.782
1,204527060,rs1046874,1,204516918,rs4252733,0.091
1,204527060,rs1046874,1,204516947,rs4252734,0.841
1,204527060,rs1046874,1,204517097,rs4252736,0.822
1,204527060,rs1046874,1,204518842,rs4245739,0.985
1,204527060,rs1046874,1,204519187,rs4252745,0.339
1,204527060,rs1046874,1,204519692,rs398050025,0.95
1,204527060,rs1046874,1,204520209,rs4951396,0.785
1,204527060,rs1046874,1,204520589,rs72181586,0.535
1,204527060,rs1046874,1,204521577,rs12119098,0.823
1,204527060,rs1046874,1,204522018,rs56200417,0.84
1,204527060,rs1046874,1,204522457,rs10900596,0.839
1,204527060,rs1046874,1,204522489,rs10900597,0.781
1,204527060,rs1046874,1,204524474,rs12116645,0.784
1,204527060,rs1046874,1,204525054,rs61455914,0.821
1,204527060,rs1046874,1,204525568,rs10900598,0.341
1,204527060,rs1046874,1,204526721,rs12118859,0.341
1,204527060,rs1046874,1,204527060,rs1046874,1
1,204527060,rs1046874,1,204527064,rs5780238,0.982
1,204527060,rs1046874,1,204527379,rs1460036,0.839
1,204527060,rs1046874,1,204528256,rs12741351,0.78
1,204527060,rs1046874,1,204528344,rs16853958,0.839
1,204527060,rs1046874,1,204528651,rs11240758,0.821
1,204527060,rs1046874,1,204528969,rs11801289,0.818
1,204527060,rs1046874,1,204529084,rs11801299,0.094
1,204527060,rs1046874,1,204529302,rs12125533,0.784
1,204527060,rs1046874,1,204530502,rs12756329,0.34
1,204527060,rs1046874,1,204530505,rs12740680,0.84
1,204527060,rs1046874,1,204530924,rs12030639,0.339
1,204527060,rs1046874,1,204531567,rs4951397,0.78
1,204527060,rs1046874,1,204531876,rs4951398,0.782
1,204527060,rs1046874,1,204532323,rs12029692,0.094
1,204527060,rs1046874,1,204532659,rs12032618,0.34
1,204527060,rs1046874,1,204533255,rs4951399,0.767
1,204527060,rs1046874,1,204533284,rs4951080,0.78
1,204527060,rs1046874,1,204534460,rs68149367,0.779
1,204527060,rs1046874,1,204534571,rs4951400,0.779
1,204527060,rs1046874,1,204535789,rs6681905,0.837
1,204527060,rs1046874,1,204536197,rs6679336,0.84
1,204527060,rs1046874,1,204537648,rs4951401,0.983
1,204527060,rs1046874,1,204539122,rs4951402,0.779
1,204527060,rs1046874,1,204539241,rs4951403,0.839
1,204527060,rs1046874,1,204539291,rs6689629,0.095
1,204527060,rs1046874,1,204539462,rs6594016,0.837
1,204527060,rs1046874,1,204541197,rs930947,0.982
1,204527060,rs1046874,1,204541342,rs4951404,0.982
1,204527060,rs1046874,1,204541832,rs151228401,0.098
1,204527060,rs1046874,1,204541943,rs10900599,0.779
1,204527060,rs1046874,1,204542521,rs7541589,0.839
1,204527060,rs1046874,1,204542580,rs12039454,0.782
1,204527060,rs1046874,1,204543579,rs61817460,0.095
1,204527060,rs1046874,1,204544001,rs885012,0.838
1,204527060,rs1046874,1,204544246,rs10665887,0.782
1,204527060,rs1046874,1,204546947,rs2125855,0.982
1,204527060,rs1046874,1,204546987,rs34812029,0.34
1,204527060,rs1046874,1,204547268,rs11240760,0.839
1,204527060,rs1046874,1,204548132,rs12730457,0.34
1,204527060,rs1046874,1,204548416,rs35270244,0.781
1,204527060,rs1046874,1,204549375,rs10793765,0.729
1,204527060,rs1046874,1,204549496,rs10793766,0.732
1,204527060,rs1046874,1,204549564,rs10793767,0.775
1,204527060,rs1046874,1,204550366,rs5010868,0.914
1,204527060,rs1046874,1,204551407,rs12038102,0.314
1,204527060,rs1046874,1,204551830,rs16854023,0.09
1,204527060,rs1046874,1,204553104,rs12139477,0.696
1,204527060,rs1046874,1,204553904,rs11307394,0.594
1,204527060,rs1046874,1,204554057,rs12130686,0.697
1,204527060,rs1046874,1,204554603,rs4951406,0.313
1,204527060,rs1046874,1,204555089,rs36095617,0.702
1,204527060,rs1046874,1,204556223,rs12135707,0.313
1,204527060,rs1046874,1,204556478,rs12138846,0.75
1,204527060,rs1046874,1,204556836,rs12133735,0.698
1,204527060,rs1046874,1,204556958,rs12566957,0.697
1,204527060,rs1046874,1,204556990,rs55664108,0.867
1,204527060,rs1046874,1,204557561,rs6669246,0.313
1,204527060,rs1046874,1,204558070,rs4951407,0.732
1,204527060,rs1046874,1,204558984,rs4951408,0.674
1,204527060,rs1046874,1,204559676,rs6679311,0.778
1,204527060,rs1046874,1,204559707,rs10900600,0.672
1,204527060,rs1046874,1,204560004,rs12043569,0.061
1,204527060,rs1046874,1,204560431,rs67056922,0.657
1,204527060,rs1046874,1,204560440,rs61421373,0.061
1,204527060,rs1046874,1,204560677,rs6679717,0.655
1,204527060,rs1046874,1,204560990,rs4951409,0.656
1,204527060,rs1046874,1,204561617,rs7532236,0.655
1,204527060,rs1046874,1,204563346,rs11808748,0.053
1,204527060,rs1046874,1,204563817,rs4951410,0.309
1,204527060,rs1046874,1,204564237,rs2169136,0.322
1,204527060,rs1046874,1,204564308,rs140581921,0.052
1,204527060,rs1046874,1,204564558,rs12040459,0.052
1,204527060,rs1046874,1,204564714,rs12044599,0.054
1,204527060,rs1046874,1,204564762,rs12040520,0.054
1,204527060,rs1046874,1,204564986,rs4328119,0.654
1,204527060,rs1046874,1,204565012,rs2887429,0.654
1,204527060,rs1046874,1,204566183,rs6682208,0.653
1,204527060,rs1046874,1,204566700,rs11240761,0.638
1,204527060,rs1046874,1,204566999,rs11240762,0.32
1,204527060,rs1046874,1,204567041,rs55979051,0.052
1,204527060,rs1046874,1,204567762,rs2369246,0.308
1,204527060,rs1046874,1,204568152,rs6594018,0.653
1,204527060,rs1046874,1,204568610,rs6594019,0.655
1,204527060,rs1046874,1,204569376,rs11240764,0.653
1,204527060,rs1046874,1,204570347,rs61817482,0.054
1,204527060,rs1046874,1,204572050,rs10900601,0.784
1,204527060,rs1046874,1,204572071,rs12143943,0.317
1,204527060,rs1046874,1,204573481,rs55678522,0.054
1,204527060,rs1046874,1,204575481,rs4950953,0.284
1,204527060,rs1046874,1,204575634,rs11414484,0.293
1,204527060,rs1046874,1,204575807,rs4951082,0.303
1,204527060,rs1046874,1,204576170,rs55869665,0.055
1,204527060,rs1046874,1,204576522,rs11240229,0.055
1,204527060,rs1046874,1,204576983,rs11584700,0.055
1,204527060,rs1046874,1,204577505,rs1460037,0.061
1,204527060,rs1046874,1,204577832,rs12567161,0.315
1,204527060,rs1046874,1,204578308,rs7541449,0.315
1,204527060,rs1046874,1,204579139,rs1563827,0.315
1,204527060,rs1046874,1,204579373,rs898387,0.719
1,204527060,rs1046874,1,204579697,rs898386,0.719
1,204527060,rs1046874,1,204579860,rs898385,0.295
1,204527060,rs1046874,1,204580139,rs868097,0.315
1,204527060,rs1046874,1,204580832,rs57450685,0.056
1,204527060,rs1046874,1,204581014,rs1870551,0.295
1,204527060,rs1046874,1,204582730,rs4951083,0.714
1,204527060,rs1046874,1,204583450,rs35449046,0.264
1,204527060,rs1046874,1,204584385,rs2045624,0.627
1,204527060,rs1046874,1,204585738,rs3795567,0.314
1,204527060,rs1046874,1,204586184,rs3789047,0.295
1,204527060,rs1046874,1,204586805,rs3789046,0.295
1,204527060,rs1046874,1,204587240,rs3747632,0.295
1,204527060,rs1046874,1,204588140,rs3747630,0.061
1,204527060,rs1046874,1,204590044,rs7539399,0.557
1,204527060,rs1046874,1,204591237,rs884108,0.449
1,204527060,rs1046874,1,204592174,rs12094388,0.283
1,204527060,rs1046874,1,204594847,rs79680436,0.103
1,204527060,rs1046874,1,204595544,rs12027855,0.256
1,204527060,rs1046874,1,204595899,rs17335392,0.256
1,204527060,rs1046874,1,204599295,rs7551222,0.518
1,204527060,rs1046874,1,204599325,rs7531829,0.239
1,204527060,rs1046874,1,204599461,rs7553683,0.521
1,204527060,rs1046874,1,204599622,rs7553896,0.238
1,204527060,rs1046874,1,204599692,rs7546057,0.239
1,204527060,rs1046874,1,204599849,rs875094,0.238
1,204527060,rs1046874,1,204600385,chr1_204600385_A_T,0.494
1,204527060,rs1046874,1,204600719,rs875093,0.133
1,204527060,rs1046874,1,204601587,rs7515096,0.218
1,204527060,rs1046874,1,204601963,rs10751423,0.113
1,204527060,rs1046874,1,204602040,rs10751424,0.116
1,204527060,rs1046874,1,204602874,rs2887430,0.356
1,204527060,rs1046874,1,204603026,rs7542085,0.116
1,204527060,rs1046874,1,204603382,rs7541751,0.116
1,204527060,rs1046874,1,204603516,rs10751425,0.116
1,204527060,rs1046874,1,204605383,rs10900417,0.116
1,204527060,rs1046874,1,204606574,rs915239,0.115
1,204527060,rs1046874,1,204606842,rs66477416,0.115
1,204527060,rs1046874,1,204606974,rs4951084,0.317
1,204527060,rs1046874,1,204607235,rs10793713,0.108
1,204527060,rs1046874,1,204607441,rs11240231,0.054
1,204527060,rs1046874,1,204607516,rs11240232,0.214
1,204527060,rs1046874,1,204607874,rs12024827,0.308
1,204527060,rs1046874,1,204608284,rs4951085,0.308
1,204527060,rs1046874,1,204608643,rs4951086,0.204
1,204527060,rs1046874,1,204609194,rs4951087,0.306
1,204527060,rs1046874,1,204610475,rs4950954,0.307
1,204527060,rs1046874,1,204610780,rs4951088,0.314
1,204527060,rs1046874,1,204610898,rs4951089,0.307
1,204527060,rs1046874,1,204611658,rs138881554,0.307
1,204527060,rs1046874,1,204611742,rs12038573,0.209
1,204527060,rs1046874,1,204612138,rs11240234,0.307
1,204527060,rs1046874,1,204612200,rs11240235,0.307
1,204527060,rs1046874,1,204612463,rs11240236,0.307
1,204527060,rs1046874,1,204612518,rs11240237,0.306
1,204527060,rs1046874,1,204612537,rs11240238,0.306
1,204527060,rs1046874,1,204612679,rs7533494,0.088
1,204527060,rs1046874,1,204612804,rs11240239,0.307
1,204527060,rs1046874,1,204613764,rs4279904,0.269
1,204527060,rs1046874,1,204614166,rs10900418,0.259
1,204527060,rs1046874,1,204615400,rs2772227,0.203
1,204527060,rs1046874,1,204616180,rs1411108,0.166
1,204527060,rs1046874,1,204616390,rs1329631,0.258
1,204527060,rs1046874,1,204617240,rs2815832,0.201
1,204527060,rs1046874,1,204617943,rs11240241,0.215
1,204527060,rs1046874,1,204618004,rs10900419,0.163
1,204527060,rs1046874,1,204618533,rs4951090,0.164
1,204527060,rs1046874,1,204618540,rs4951091,0.214
1,204527060,rs1046874,1,204618573,rs4951092,0.215
1,204527060,rs1046874,1,204618814,rs12136166,0.213
1,204527060,rs1046874,1,204618861,rs12125207,0.209
1,204527060,rs1046874,1,204620354,rs12127178,0.213
1,204527060,rs1046874,1,204621056,rs61170670,0.129
1,204527060,rs1046874,1,204621178,rs2772244,0.199
1,204527060,rs1046874,1,204621241,rs72753876,0.13
1,204527060,rs1046874,1,204621247,rs2492985,0.201
1,204527060,rs1046874,1,204621329,rs2480468,0.185
1,204527060,rs1046874,1,204621409,rs78182614,0.064
1,204527060,rs1046874,1,204621425,rs12565010,0.132
1,204527060,rs1046874,1,204621825,rs2815831,0.167
1,204527060,rs1046874,1,204621893,rs2815830,0.156
1,204527060,rs1046874,1,204622214,rs880497,0.146
1,204527060,rs1046874,1,204623077,rs2104732,0.162
1,204527060,rs1046874,1,204623613,rs12125624,0.162
1,204527060,rs1046874,1,204623615,rs12124793,0.162
1,204527060,rs1046874,1,204623905,rs11240242,0.162
1,204527060,rs1046874,1,204623908,rs11240243,0.162
1,204527060,rs1046874,1,204624279,rs4143141,0.162
1,204527060,rs1046874,1,204624296,rs4143140,0.162
1,204527060,rs1046874,1,204624588,1:204624588:T:TAAAAA,0.162
1,204527060,rs1046874,1,204624739,rs71789272,0.163
1,204527060,rs1046874,1,204624957,rs2480467,0.178
1,204527060,rs1046874,1,204624998,rs11240244,0.161
1,204527060,rs1046874,1,204625211,rs72126375,0.161
1,204527060,rs1046874,1,204625273,rs6673842,0.161
1,204527060,rs1046874,1,204625340,rs6663910,0.161
1,204527060,rs1046874,1,204625455,rs6676478,0.161
1,204527060,rs1046874,1,204626368,rs3923041,0.161
1,204527060,rs1046874,1,204626465,1:204626465:T:TACACACAC,0.146
1,204527060,rs1046874,1,204626467,rs1556156,0.178
1,204527060,rs1046874,1,204626549,rs6667578,0.16
1,204527060,rs1046874,1,204628737,rs367566248,0.117
1,204527060,rs1046874,1,204629736,rs2772232,0.204
1,204527060,rs1046874,1,204632065,rs2772233,0.198
1,204527060,rs1046874,1,204632333,rs2149819,0.167
1,204527060,rs1046874,1,204633128,rs12567245,0.13
1,204527060,rs1046874,1,204633397,rs2772234,0.153
1,204527060,rs1046874,1,204642424,rs12724880,0.06
1,204556990,rs55664108,1,204403150,rs16853649,0.062
1,204556990,rs55664108,1,204403311,rs2271424,0.064
1,204556990,rs55664108,1,204404333,rs34286359,0.064
1,204556990,rs55664108,1,204405098,rs1002779,0.064
1,204556990,rs55664108,1,204406034,rs3014629,0.075
1,204556990,rs55664108,1,204406421,rs6668749,0.065
1,204556990,rs55664108,1,204407298,rs4626956,0.064
1,204556990,rs55664108,1,204411063,rs3747634,0.063
1,204556990,rs55664108,1,204411144,rs4553256,0.064
1,204556990,rs55664108,1,204411942,rs1107339,0.064
1,204556990,rs55664108,1,204413297,rs2292459,0.077
1,204556990,rs55664108,1,204413299,rs2292460,0.075
1,204556990,rs55664108,1,204413748,rs3014633,0.075
1,204556990,rs55664108,1,204413986,rs12077886,0.076
1,204556990,rs55664108,1,204414769,rs6594012,0.076
1,204556990,rs55664108,1,204415513,rs3747633,0.077
1,204556990,rs55664108,1,204416014,rs3122288,0.075
1,204556990,rs55664108,1,204416501,rs3827534,0.076
1,204556990,rs55664108,1,204417024,rs2999494,0.075
1,204556990,rs55664108,1,204417917,rs12407668,0.064
1,204556990,rs55664108,1,204417972,rs3106366,0.075
1,204556990,rs55664108,1,204418145,rs2271426,0.076
1,204556990,rs55664108,1,204418198,rs2271427,0.077
1,204556990,rs55664108,1,204418671,rs6660789,0.077
1,204556990,rs55664108,1,204418889,rs2999492,0.078
1,204556990,rs55664108,1,204418939,rs3014637,0.076
1,204556990,rs55664108,1,204419615,rs61762613,0.068
1,204556990,rs55664108,1,204420067,rs2942127,0.068
1,204556990,rs55664108,1,204420774,rs75573410,0.069
1,204556990,rs55664108,1,204420903,rs16853712,0.069
1,204556990,rs55664108,1,204421144,rs16853715,0.069
1,204556990,rs55664108,1,204421752,rs2942130,0.068
1,204556990,rs55664108,1,204421773,rs57810379,0.069
1,204556990,rs55664108,1,204422373,rs57367068,0.068
1,204556990,rs55664108,1,204422692,rs58689605,0.069
1,204556990,rs55664108,1,204422876,rs58805378,0.069
1,204556990,rs55664108,1,204423167,rs74849463,0.069
1,204556990,rs55664108,1,204423183,rs11240746,0.07
1,204556990,rs55664108,1,204423452,rs3014598,0.07
1,204556990,rs55664108,1,204423811,rs61762608,0.086
1,204556990,rs55664108,1,204424232,rs61762607,0.068
1,204556990,rs55664108,1,204424473,rs61817902,0.069
1,204556990,rs55664108,1,204425028,rs3765156,0.069
1,204556990,rs55664108,1,204425431,rs2942143,0.068
1,204556990,rs55664108,1,204425461,rs3014599,0.068
1,204556990,rs55664108,1,204426032,rs71796563,0.07
1,204556990,rs55664108,1,204426049,1:204426049:CA:C,0.07
1,204556990,rs55664108,1,204426051,1:204426051:CA:C,0.07
1,204556990,rs55664108,1,204426052,rs2999490,0.07
1,204556990,rs55664108,1,204426295,rs1008833,0.061
1,204556990,rs55664108,1,204426373,rs2137255,0.069
1,204556990,rs55664108,1,204427361,rs16853742,0.07
1,204556990,rs55664108,1,204428780,rs17406549,0.053
1,204556990,rs55664108,1,204430462,rs2999484,0.054
1,204556990,rs55664108,1,204430834,rs56006999,0.055
1,204556990,rs55664108,1,204431485,rs56159948,0.07
1,204556990,rs55664108,1,204432051,rs55954758,0.07
1,204556990,rs55664108,1,204432073,rs3014602,0.068
1,204556990,rs55664108,1,204432236,rs16853770,0.07
1,204556990,rs55664108,1,204432410,rs1318046,0.069
1,204556990,rs55664108,1,204432497,rs3038305,0.07
1,204556990,rs55664108,1,204432502,rs34169824,0.07
1,204556990,rs55664108,1,204433093,rs2271415,0.07
1,204556990,rs55664108,1,204434325,rs58247897,0.071
1,204556990,rs55664108,1,204434326,rs17847779,0.071
1,204556990,rs55664108,1,204434771,rs58548764,0.072
1,204556990,rs55664108,1,204434927,rs12092943,0.07
1,204556990,rs55664108,1,204436066,rs16853773,0.069
1,204556990,rs55664108,1,204437680,chr1_204437680_A_G,0.068
1,204556990,rs55664108,1,204448441,rs10640159,0.071
1,204556990,rs55664108,1,204449157,rs6692377,0.332
1,204556990,rs55664108,1,204449434,rs6594014,0.334
1,204556990,rs55664108,1,204449952,rs7519417,0.761
1,204556990,rs55664108,1,204450341,rs16853822,0.065
1,204556990,rs55664108,1,204450396,rs59090154,0.418
1,204556990,rs55664108,1,204450467,rs938126,0.764
1,204556990,rs55664108,1,204450482,rs938125,0.764
1,204556990,rs55664108,1,204451086,rs10900590,0.767
1,204556990,rs55664108,1,204451495,rs4951382,0.766
1,204556990,rs55664108,1,204452278,rs4951383,0.309
1,204556990,rs55664108,1,204452295,rs6668637,0.065
1,204556990,rs55664108,1,204452514,rs4951384,0.767
1,204556990,rs55664108,1,204452615,rs10664961,0.769
1,204556990,rs55664108,1,204452779,rs12402641,0.307
1,204556990,rs55664108,1,204453320,rs11240748,0.076
1,204556990,rs55664108,1,204453693,rs10793763,0.772
1,204556990,rs55664108,1,204453784,rs11240749,0.773
1,204556990,rs55664108,1,204454165,rs4951385,0.77
1,204556990,rs55664108,1,204454547,rs4951386,0.774
1,204556990,rs55664108,1,204454570,rs35634264,0.065
1,204556990,rs55664108,1,204454741,rs12117054,0.31
1,204556990,rs55664108,1,204456282,rs4951387,0.781
1,204556990,rs55664108,1,204456983,rs2926536,0.844
1,204556990,rs55664108,1,204457336,rs7556371,0.759
1,204556990,rs55664108,1,204457786,rs10494852,0.68
1,204556990,rs55664108,1,204458328,rs1398148,0.762
1,204556990,rs55664108,1,204458612,rs34501643,0.272
1,204556990,rs55664108,1,204459786,rs11240750,0.314
1,204556990,rs55664108,1,204460516,rs34371258,0.503
1,204556990,rs55664108,1,204460681,rs10900592,0.78
1,204556990,rs55664108,1,204461622,rs6594015,0.781
1,204556990,rs55664108,1,204462050,rs11240751,0.683
1,204556990,rs55664108,1,204462612,rs61817953,0.079
1,204556990,rs55664108,1,204462619,rs2010432,0.079
1,204556990,rs55664108,1,204464150,rs3014606,0.874
1,204556990,rs55664108,1,204464181,rs2926534,0.873
1,204556990,rs55664108,1,204464446,rs4951075,0.679
1,204556990,rs55664108,1,204465484,rs12404974,0.732
1,204556990,rs55664108,1,204465659,rs16853865,0.731
1,204556990,rs55664108,1,204466176,rs4951076,0.713
1,204556990,rs55664108,1,204467915,rs34029163,0.3
1,204556990,rs55664108,1,204468023,rs36074620,0.726
1,204556990,rs55664108,1,204469314,rs12036042,0.083
1,204556990,rs55664108,1,204470096,rs10900593,0.68
1,204556990,rs55664108,1,204470129,rs10900594,0.732
1,204556990,rs55664108,1,204471042,rs35219978,0.696
1,204556990,rs55664108,1,204471746,rs1961602,0.295
1,204556990,rs55664108,1,204472009,rs56334721,0.7
1,204556990,rs55664108,1,204475513,rs11240753,0.698
1,204556990,rs55664108,1,204475834,rs4951389,0.696
1,204556990,rs55664108,1,204476113,rs12031912,0.079
1,204556990,rs55664108,1,204476361,rs12028476,0.08
1,204556990,rs55664108,1,204477525,rs12034564,0.301
1,204556990,rs55664108,1,204477977,rs11240754,0.732
1,204556990,rs55664108,1,204478649,rs11240755,0.733
1,204556990,rs55664108,1,204479176,rs7367519,0.714
1,204556990,rs55664108,1,204480742,rs2926533,0.877
1,204556990,rs55664108,1,204481209,rs12032733,0.715
1,204556990,rs55664108,1,204481368,rs12738124,0.715
1,204556990,rs55664108,1,204482262,rs4951077,0.733
1,204556990,rs55664108,1,204482594,rs11240756,0.735
1,204556990,rs55664108,1,204482650,rs149278980,0.716
1,204556990,rs55664108,1,204483845,rs34242990,0.724
1,204556990,rs55664108,1,204484557,rs4951391,0.823
1,204556990,rs55664108,1,204484617,rs4951392,0.878
1,204556990,rs55664108,1,204486205,rs4245736,0.736
1,204556990,rs55664108,1,204486242,rs4245737,0.682
1,204556990,rs55664108,1,204486982,rs56084242,0.679
1,204556990,rs55664108,1,204488278,rs1380576,0.716
1,204556990,rs55664108,1,204488687,rs12039365,0.084
1,204556990,rs55664108,1,204489143,rs12136299,0.718
1,204556990,rs55664108,1,204489500,rs11290909,0.795
1,204556990,rs55664108,1,204489557,rs4951393,0.682
1,204556990,rs55664108,1,204490470,rs12041243,0.084
1,204556990,rs55664108,1,204490674,rs12039968,0.083
1,204556990,rs55664108,1,204491551,rs368579464,0.875
1,204556990,rs55664108,1,204491612,rs61817958,0.717
1,204556990,rs55664108,1,204491802,rs4951078,0.737
1,204556990,rs55664108,1,204491991,rs10711972,0.682
1,204556990,rs55664108,1,204492007,rs12043196,0.682
1,204556990,rs55664108,1,204492153,rs12041075,0.718
1,204556990,rs55664108,1,204492522,rs61817959,0.08
1,204556990,rs55664108,1,204492582,rs12741918,0.717
1,204556990,rs55664108,1,204492784,rs35666383,0.302
1,204556990,rs55664108,1,204493844,rs7556655,0.736
1,204556990,rs55664108,1,204494283,rs3789052,0.302
1,204556990,rs55664108,1,204494436,rs3789051,0.302
1,204556990,rs55664108,1,204494576,chr1_204494576_C_T,0.146
1,204556990,rs55664108,1,204495253,rs4252677,0.717
1,204556990,rs55664108,1,204496257,rs372967296,0.705
1,204556990,rs55664108,1,204496829,rs4252684,0.879
1,204556990,rs55664108,1,204496856,rs4252685,0.716
1,204556990,rs55664108,1,204496895,rs4252686,0.716
1,204556990,rs55664108,1,204497335,rs4252687,0.734
1,204556990,rs55664108,1,204497413,rs2045623,0.737
1,204556990,rs55664108,1,204497913,rs2169137,0.877
1,204556990,rs55664108,1,204499056,rs4252694,0.718
1,204556990,rs55664108,1,204500257,rs898388,0.08
1,204556990,rs55664108,1,204501383,chr1_204501383_C_T,0.082
1,204556990,rs55664108,1,204502514,rs11268668,0.615
1,204556990,rs55664108,1,204502910,rs59912938,0.712
1,204556990,rs55664108,1,204504487,rs4951079,0.718
1,204556990,rs55664108,1,204504527,rs4951394,0.737
1,204556990,rs55664108,1,204505487,rs10458588,0.302
1,204556990,rs55664108,1,204505976,rs35493922,0.302
1,204556990,rs55664108,1,204506107,rs4245738,0.734
1,204556990,rs55664108,1,204506174,rs4252704,0.08
1,204556990,rs55664108,1,204508147,rs4252707,0.081
1,204556990,rs55664108,1,204508159,rs4252708,0.682
1,204556990,rs55664108,1,204509305,rs12047467,0.295
1,204556990,rs55664108,1,204509412,rs36061566,0.717
1,204556990,rs55664108,1,204510528,rs4252713,0.302
1,204556990,rs55664108,1,204511009,rs4252714,0.058
1,204556990,rs55664108,1,204511602,rs10900595,0.817
1,204556990,rs55664108,1,204512100,rs4252717,0.716
1,204556990,rs55664108,1,204512195,rs4252718,0.683
1,204556990,rs55664108,1,204513256,rs4252725,0.734
1,204556990,rs55664108,1,204513402,rs4252726,0.295
1,204556990,rs55664108,1,204515299,rs2369244,0.682
1,204556990,rs55664108,1,204515863,rs2290855,0.717
1,204556990,rs55664108,1,204516025,rs2290854,0.734
1,204556990,rs55664108,1,204516577,rs1563828,0.683
1,204556990,rs55664108,1,204516918,rs4252733,0.08
1,204556990,rs55664108,1,204516947,rs4252734,0.737
1,204556990,rs55664108,1,204517097,rs4252736,0.719
1,204556990,rs55664108,1,204518842,rs4245739,0.878
1,204556990,rs55664108,1,204519187,rs4252745,0.295
1,204556990,rs55664108,1,204519692,rs398050025,0.844
1,204556990,rs55664108,1,204520209,rs4951396,0.686
1,204556990,rs55664108,1,204520589,rs72181586,0.487
1,204556990,rs55664108,1,204521577,rs12119098,0.72
1,204556990,rs55664108,1,204522018,rs56200417,0.736
1,204556990,rs55664108,1,204522457,rs10900596,0.735
1,204556990,rs55664108,1,204522489,rs10900597,0.682
1,204556990,rs55664108,1,204524474,rs12116645,0.684
1,204556990,rs55664108,1,204525054,rs61455914,0.718
1,204556990,rs55664108,1,204525568,rs10900598,0.296
1,204556990,rs55664108,1,204526721,rs12118859,0.296
1,204556990,rs55664108,1,204527060,rs1046874,0.867
1,204556990,rs55664108,1,204527064,rs5780238,0.876
1,204556990,rs55664108,1,204527379,rs1460036,0.735
1,204556990,rs55664108,1,204528256,rs12741351,0.682
1,204556990,rs55664108,1,204528344,rs16853958,0.736
1,204556990,rs55664108,1,204528651,rs11240758,0.72
1,204556990,rs55664108,1,204528969,rs11801289,0.718
1,204556990,rs55664108,1,204529084,rs11801299,0.083
1,204556990,rs55664108,1,204529302,rs12125533,0.686
1,204556990,rs55664108,1,204530502,rs12756329,0.296
1,204556990,rs55664108,1,204530505,rs12740680,0.738
1,204556990,rs55664108,1,204530924,rs12030639,0.295
1,204556990,rs55664108,1,204531567,rs4951397,0.683
1,204556990,rs55664108,1,204531876,rs4951398,0.685
1,204556990,rs55664108,1,204532323,rs12029692,0.083
1,204556990,rs55664108,1,204532659,rs12032618,0.297
1,204556990,rs55664108,1,204533255,rs4951399,0.67
1,204556990,rs55664108,1,204533284,rs4951080,0.683
1,204556990,rs55664108,1,204534460,rs68149367,0.683
1,204556990,rs55664108,1,204534571,rs4951400,0.684
1,204556990,rs55664108,1,204535789,rs6681905,0.737
1,204556990,rs55664108,1,204536197,rs6679336,0.739
1,204556990,rs55664108,1,204537648,rs4951401,0.881
1,204556990,rs55664108,1,204539122,rs4951402,0.683
1,204556990,rs55664108,1,204539241,rs4951403,0.738
1,204556990,rs55664108,1,204539291,rs6689629,0.084
1,204556990,rs55664108,1,204539462,rs6594016,0.737
1,204556990,rs55664108,1,204541197,rs930947,0.88
1,204556990,rs55664108,1,204541342,rs4951404,0.881
1,204556990,rs55664108,1,204541832,rs151228401,0.087
1,204556990,rs55664108,1,204541943,rs10900599,0.683
1,204556990,rs55664108,1,204542521,rs7541589,0.739
1,204556990,rs55664108,1,204542580,rs12039454,0.687
1,204556990,rs55664108,1,204543579,rs61817460,0.084
1,204556990,rs55664108,1,204544001,rs885012,0.738
1,204556990,rs55664108,1,204544246,rs10665887,0.687
1,204556990,rs55664108,1,204546947,rs2125855,0.884
1,204556990,rs55664108,1,204546987,rs34812029,0.298
1,204556990,rs55664108,1,204547268,rs11240760,0.74
1,204556990,rs55664108,1,204548132,rs12730457,0.298
1,204556990,rs55664108,1,204548416,rs35270244,0.687
1,204556990,rs55664108,1,204549375,rs10793765,0.648
1,204556990,rs55664108,1,204549496,rs10793766,0.651
1,204556990,rs55664108,1,204549564,rs10793767,0.69
1,204556990,rs55664108,1,204550366,rs5010868,0.827
1,204556990,rs55664108,1,204551407,rs12038102,0.364
1,204556990,rs55664108,1,204551830,rs16854023,0.099
1,204556990,rs55664108,1,204553104,rs12139477,0.793
1,204556990,rs55664108,1,204553904,rs11307394,0.686
1,204556990,rs55664108,1,204554057,rs12130686,0.796
1,204556990,rs55664108,1,204554603,rs4951406,0.365
1,204556990,rs55664108,1,204555089,rs36095617,0.799
1,204556990,rs55664108,1,204556223,rs12135707,0.365
1,204556990,rs55664108,1,204556478,rs12138846,0.854
1,204556990,rs55664108,1,204556836,rs12133735,0.797
1,204556990,rs55664108,1,204556958,rs12566957,0.797
1,204556990,rs55664108,1,204556990,rs55664108,1
1,204556990,rs55664108,1,204557561,rs6669246,0.365
1,204556990,rs55664108,1,204558070,rs4951407,0.835
1,204556990,rs55664108,1,204558984,rs4951408,0.778
1,204556990,rs55664108,1,204559676,rs6679311,0.914
1,204556990,rs55664108,1,204559707,rs10900600,0.78
1,204556990,rs55664108,1,204560004,rs12043569,0.068
1,204556990,rs55664108,1,204560431,rs67056922,0.741
1,204556990,rs55664108,1,204560440,rs61421373,0.068
1,204556990,rs55664108,1,204560677,rs6679717,0.738
1,204556990,rs55664108,1,204560990,rs4951409,0.739
1,204556990,rs55664108,1,204561617,rs7532236,0.738
1,204556990,rs55664108,1,204563346,rs11808748,0.058
1,204556990,rs55664108,1,204563817,rs4951410,0.349
1,204556990,rs55664108,1,204564237,rs2169136,0.363
1,204556990,rs55664108,1,204564308,rs140581921,0.059
1,204556990,rs55664108,1,204564558,rs12040459,0.059
1,204556990,rs55664108,1,204564714,rs12044599,0.061
1,204556990,rs55664108,1,204564762,rs12040520,0.061
1,204556990,rs55664108,1,204564986,rs4328119,0.737
1,204556990,rs55664108,1,204565012,rs2887429,0.737
1,204556990,rs55664108,1,204566183,rs6682208,0.736
1,204556990,rs55664108,1,204566700,rs11240761,0.72
1,204556990,rs55664108,1,204566999,rs11240762,0.36
1,204556990,rs55664108,1,204567041,rs55979051,0.059
1,204556990,rs55664108,1,204567762,rs2369246,0.348
1,204556990,rs55664108,1,204568152,rs6594018,0.736
1,204556990,rs55664108,1,204568610,rs6594019,0.737
1,204556990,rs55664108,1,204569376,rs11240764,0.736
1,204556990,rs55664108,1,204570347,rs61817482,0.06
1,204556990,rs55664108,1,204572050,rs10900601,0.745
1,204556990,rs55664108,1,204572071,rs12143943,0.357
1,204556990,rs55664108,1,204573481,rs55678522,0.061
1,204556990,rs55664108,1,204575481,rs4950953,0.321
1,204556990,rs55664108,1,204575634,rs11414484,0.331
1,204556990,rs55664108,1,204575807,rs4951082,0.342
1,204556990,rs55664108,1,204576170,rs55869665,0.062
1,204556990,rs55664108,1,204576522,rs11240229,0.062
1,204556990,rs55664108,1,204576983,rs11584700,0.062
1,204556990,rs55664108,1,204577505,rs1460037,0.057
1,204556990,rs55664108,1,204577832,rs12567161,0.355
1,204556990,rs55664108,1,204578308,rs7541449,0.355
1,204556990,rs55664108,1,204579139,rs1563827,0.355
1,204556990,rs55664108,1,204579373,rs898387,0.827
1,204556990,rs55664108,1,204579697,rs898386,0.827
1,204556990,rs55664108,1,204579860,rs898385,0.334
1,204556990,rs55664108,1,204580139,rs868097,0.355
1,204556990,rs55664108,1,204580832,rs57450685,0.064
1,204556990,rs55664108,1,204581014,rs1870551,0.334
1,204556990,rs55664108,1,204582730,rs4951083,0.822
1,204556990,rs55664108,1,204583450,rs35449046,0.303
1,204556990,rs55664108,1,204584385,rs2045624,0.708
1,204556990,rs55664108,1,204585738,rs3795567,0.354
1,204556990,rs55664108,1,204586184,rs3789047,0.333
1,204556990,rs55664108,1,204586805,rs3789046,0.333
1,204556990,rs55664108,1,204586812,rs3789045,0.055
1,204556990,rs55664108,1,204587047,rs11588857,0.055
1,204556990,rs55664108,1,204587240,rs3747632,0.333
1,204556990,rs55664108,1,204587569,rs3747631,0.055
1,204556990,rs55664108,1,204590044,rs7539399,0.639
1,204556990,rs55664108,1,204591237,rs884108,0.553
1,204556990,rs55664108,1,204592174,rs12094388,0.25
1,204556990,rs55664108,1,204594847,rs79680436,0.095
1,204556990,rs55664108,1,204595544,rs12027855,0.292
1,204556990,rs55664108,1,204595899,rs17335392,0.292
1,204556990,rs55664108,1,204599295,rs7551222,0.596
1,204556990,rs55664108,1,204599325,rs7531829,0.271
1,204556990,rs55664108,1,204599461,rs7553683,0.598
1,204556990,rs55664108,1,204599622,rs7553896,0.271
1,204556990,rs55664108,1,204599692,rs7546057,0.271
1,204556990,rs55664108,1,204599849,rs875094,0.27
1,204556990,rs55664108,1,204600385,chr1_204600385_A_T,0.568
1,204556990,rs55664108,1,204600719,rs875093,0.167
1,204556990,rs55664108,1,204601587,rs7515096,0.248
1,204556990,rs55664108,1,204601963,rs10751423,0.145
1,204556990,rs55664108,1,204602040,rs10751424,0.149
1,204556990,rs55664108,1,204602874,rs2887430,0.445
1,204556990,rs55664108,1,204603026,rs7542085,0.148
1,204556990,rs55664108,1,204603382,rs7541751,0.148
1,204556990,rs55664108,1,204603516,rs10751425,0.148
1,204556990,rs55664108,1,204605383,rs10900417,0.148
1,204556990,rs55664108,1,204606574,rs915239,0.147
1,204556990,rs55664108,1,204606842,rs66477416,0.147
1,204556990,rs55664108,1,204606974,rs4951084,0.397
1,204556990,rs55664108,1,204607235,rs10793713,0.142
1,204556990,rs55664108,1,204607408,rs58651344,0.052
1,204556990,rs55664108,1,204607516,rs11240232,0.244
1,204556990,rs55664108,1,204607874,rs12024827,0.361
1,204556990,rs55664108,1,204608284,rs4951085,0.361
1,204556990,rs55664108,1,204608643,rs4951086,0.264
1,204556990,rs55664108,1,204609194,rs4951087,0.358
1,204556990,rs55664108,1,204610475,rs4950954,0.36
1,204556990,rs55664108,1,204610780,rs4951088,0.368
1,204556990,rs55664108,1,204610898,rs4951089,0.36
1,204556990,rs55664108,1,204611658,rs138881554,0.36
1,204556990,rs55664108,1,204611742,rs12038573,0.241
1,204556990,rs55664108,1,204612138,rs11240234,0.36
1,204556990,rs55664108,1,204612200,rs11240235,0.36
1,204556990,rs55664108,1,204612463,rs11240236,0.36
1,204556990,rs55664108,1,204612518,rs11240237,0.359
1,204556990,rs55664108,1,204612537,rs11240238,0.359
1,204556990,rs55664108,1,204612679,rs7533494,0.073
1,204556990,rs55664108,1,204612804,rs11240239,0.359
1,204556990,rs55664108,1,204613764,rs4279904,0.322
1,204556990,rs55664108,1,204614166,rs10900418,0.312
1,204556990,rs55664108,1,204615400,rs2772227,0.263
1,204556990,rs55664108,1,204616180,rs1411108,0.197
1,204556990,rs55664108,1,204616390,rs1329631,0.31
1,204556990,rs55664108,1,204617240,rs2815832,0.261
1,204556990,rs55664108,1,204617943,rs11240241,0.259
1,204556990,rs55664108,1,204618004,rs10900419,0.194
1,204556990,rs55664108,1,204618533,rs4951090,0.195
1,204556990,rs55664108,1,204618540,rs4951091,0.257
1,204556990,rs55664108,1,204618573,rs4951092,0.259
1,204556990,rs55664108,1,204618814,rs12136166,0.257
1,204556990,rs55664108,1,204618861,rs12125207,0.251
1,204556990,rs55664108,1,204620354,rs12127178,0.256
1,204556990,rs55664108,1,204621056,rs61170670,0.158
1,204556990,rs55664108,1,204621178,rs2772244,0.237
1,204556990,rs55664108,1,204621241,rs72753876,0.154
1,204556990,rs55664108,1,204621247,rs2492985,0.239
1,204556990,rs55664108,1,204621329,rs2480468,0.22
1,204556990,rs55664108,1,204621409,rs78182614,0.081
1,204556990,rs55664108,1,204621425,rs12565010,0.157
1,204556990,rs55664108,1,204621825,rs2815831,0.204
1,204556990,rs55664108,1,204621893,rs2815830,0.187
1,204556990,rs55664108,1,204622214,rs880497,0.17
1,204556990,rs55664108,1,204623077,rs2104732,0.187
1,204556990,rs55664108,1,204623613,rs12125624,0.188
1,204556990,rs55664108,1,204623615,rs12124793,0.188
1,204556990,rs55664108,1,204623905,rs11240242,0.187
1,204556990,rs55664108,1,204623908,rs11240243,0.187
1,204556990,rs55664108,1,204624279,rs4143141,0.187
1,204556990,rs55664108,1,204624296,rs4143140,0.187
1,204556990,rs55664108,1,204624588,1:204624588:T:TAAAAA,0.187
1,204556990,rs55664108,1,204624739,rs71789272,0.185
1,204556990,rs55664108,1,204624957,rs2480467,0.209
1,204556990,rs55664108,1,204624998,rs11240244,0.187
1,204556990,rs55664108,1,204625211,rs72126375,0.186
1,204556990,rs55664108,1,204625273,rs6673842,0.187
1,204556990,rs55664108,1,204625340,rs6663910,0.187
1,204556990,rs55664108,1,204625455,rs6676478,0.187
1,204556990,rs55664108,1,204626368,rs3923041,0.186
1,204556990,rs55664108,1,204626465,1:204626465:T:TACACACAC,0.174
1,204556990,rs55664108,1,204626467,rs1556156,0.203
1,204556990,rs55664108,1,204626549,rs6667578,0.186
1,204556990,rs55664108,1,204628737,rs367566248,0.084
1,204556990,rs55664108,1,204629736,rs2772232,0.168
1,204556990,rs55664108,1,204632065,rs2772233,0.163
1,204556990,rs55664108,1,204632333,rs2149819,0.137
1,204556990,rs55664108,1,204633128,rs12567245,0.108
1,204556990,rs55664108,1,204633397,rs2772234,0.125
1,204556990,rs55664108,1,204642424,rs12724880,0.054
