CHR_A,BP_A,SNP_A,CHR_B,BP_B,SNP_B,R2
17,36031850,rs9788984,17,35899687,rs3110624,0.056
17,36031850,rs9788984,17,35964287,rs202156948,0.061
17,36031850,rs9788984,17,35981927,rs12453685,0.057
17,36031850,rs9788984,17,35987417,rs9903940,0.058
17,36031850,rs9788984,17,36005128,rs9892035,0.063
17,36031850,rs9788984,17,36008175,rs60084814,0.051
17,36031850,rs9788984,17,36011288,rs62073499,0.053
17,36031850,rs9788984,17,36011707,rs9898998,0.052
17,36031850,rs9788984,17,36022278,rs8081410,0.086
17,36031850,rs9788984,17,36026335,rs6607284,0.092
17,36031850,rs9788984,17,36027602,rs35767246,0.05
17,36031850,rs9788984,17,36027838,rs11652041,0.125
17,36031850,rs9788984,17,36028917,rs17661165,0.125
17,36031850,rs9788984,17,36030022,rs8070558,0.138
17,36031850,rs9788984,17,36030090,rs33999573,0.135
17,36031850,rs9788984,17,36030219,rs8071409,0.059
17,36031850,rs9788984,17,36030792,rs9900376,0.063
17,36031850,rs9788984,17,36031850,rs9788984,1
17,36031850,rs9788984,17,36032570,rs4794756,0.888
17,36031850,rs9788984,17,36032844,rs1859212,0.881
17,36031850,rs9788984,17,36034365,rs1557812,0.163
17,36031850,rs9788984,17,36034423,rs3110647,0.178
17,36031850,rs9788984,17,36035301,rs8064552,0.052
17,36031850,rs9788984,17,36035616,rs71135756,0.056
17,36031850,rs9788984,17,36035631,rs66473229,0.059
17,36031850,rs9788984,17,36035786,rs9910105,0.053
17,36031850,rs9788984,17,36037542,rs3094519,0.188
17,36031850,rs9788984,17,36041031,rs12942441,0.352
17,36031850,rs9788984,17,36041693,rs12936117,0.053
17,36031850,rs9788984,17,36042232,rs34064336,0.098
17,36047276,rs2229295,17,36044277,rs739753,0.181
17,36047276,rs2229295,17,36045521,rs11263755,0.246
17,36047276,rs2229295,17,36045798,chr17_36045798_A_G,0.098
17,36047276,rs2229295,17,36045807,rs2285741,0.093
17,36047276,rs2229295,17,36046451,rs10962,0.064
17,36047276,rs2229295,17,36046991,rs1058166,0.304
17,36047276,rs2229295,17,36047101,rs2689,0.188
17,36047276,rs2229295,17,36047275,rs1800929,0.116
17,36047276,rs2229295,17,36047276,rs2229295,1
17,36047276,rs2229295,17,36047417,rs3110641,0.718
17,36047276,rs2229295,17,36047501,rs8066605,0.188
17,36047276,rs2229295,17,36048523,rs3094513,0.17
17,36047276,rs2229295,17,36048558,chr17_36048558_C_T,0.108
17,36047276,rs2229295,17,36048823,rs3110640,0.168
17,36047276,rs2229295,17,36049552,rs35551980,0.094
17,36047276,rs2229295,17,36049820,rs11263756,0.186
17,36047276,rs2229295,17,36050351,rs115858898,0.185
17,36047276,rs2229295,17,36051372,rs1859211,0.328
17,36047276,rs2229295,17,36052616,chr17_36052616_A_G,0.376
17,36047276,rs2229295,17,36052619,rs10535964,0.378
17,36047276,rs2229295,17,36053996,rs4795211,0.201
17,36047276,rs2229295,17,36054243,rs4795212,0.201
17,36047276,rs2229295,17,36054473,rs3110630,0.2
17,36047276,rs2229295,17,36054504,rs139308782,0.163
17,36047276,rs2229295,17,36055231,rs4795213,0.08
17,36047276,rs2229295,17,36055233,rs2411156,0.198
17,36047276,rs2229295,17,36055614,rs4795215,0.196
17,36047276,rs2229295,17,36056067,rs4795216,0.195
17,36047276,rs2229295,17,36056076,rs12449654,0.068
17,36047276,rs2229295,17,36056192,rs12452659,0.068
17,36047276,rs2229295,17,36056474,rs2411155,0.191
17,36047276,rs2229295,17,36056556,rs2411154,0.191
17,36047276,rs2229295,17,36056899,rs11656817,0.255
17,36047276,rs2229295,17,36058049,17:36058049:GGC:G,0.065
17,36047276,rs2229295,17,36058053,17:36058053:A:T,0.065
17,36047276,rs2229295,17,36058153,rs1016991,0.185
17,36047276,rs2229295,17,36058725,rs2269845,0.185
17,36047276,rs2229295,17,36058814,rs2269844,0.182
17,36047276,rs2229295,17,36059034,rs35913775,0.181
17,36047276,rs2229295,17,36059302,rs13339672,0.151
17,36047276,rs2229295,17,36059385,rs12938438,0.064
17,36047276,rs2229295,17,36059747,rs34557151,0.058
17,36047276,rs2229295,17,36061282,rs9905004,0.077
17,36047276,rs2229295,17,36061659,rs2074428,0.116
17,36047276,rs2229295,17,36062299,rs3094509,0.115
17,36047276,rs2229295,17,36062428,rs12948642,0.076
17,36047276,rs2229295,17,36063827,rs79711496,0.098
17,36047276,rs2229295,17,36064088,rs28667231,0.074
17,36047417,rs3110641,17,36044277,rs739753,0.296
17,36047417,rs3110641,17,36045521,rs11263755,0.412
17,36047417,rs3110641,17,36045798,chr17_36045798_A_G,0.07
17,36047417,rs3110641,17,36045807,rs2285741,0.157
17,36047417,rs3110641,17,36046451,rs10962,0.088
17,36047417,rs3110641,17,36046991,rs1058166,0.217
17,36047417,rs3110641,17,36047101,rs2689,0.261
17,36047417,rs3110641,17,36047275,rs1800929,0.439
17,36047417,rs3110641,17,36047276,rs2229295,0.718
17,36047417,rs3110641,17,36047417,rs3110641,1
17,36047417,rs3110641,17,36047501,rs8066605,0.138
17,36047417,rs3110641,17,36048523,rs3094513,0.236
17,36047417,rs3110641,17,36048558,chr17_36048558_C_T,0.075
17,36047417,rs3110641,17,36048823,rs3110640,0.234
17,36047417,rs3110641,17,36049552,rs35551980,0.131
17,36047417,rs3110641,17,36049820,rs11263756,0.136
17,36047417,rs3110641,17,36050331,rs12150371,0.189
17,36047417,rs3110641,17,36050351,rs115858898,0.136
17,36047417,rs3110641,17,36051372,rs1859211,0.22
17,36047417,rs3110641,17,36052616,chr17_36052616_A_G,0.273
17,36047417,rs3110641,17,36052619,rs10535964,0.274
17,36047417,rs3110641,17,36053069,rs3110633,0.145
17,36047417,rs3110641,17,36053996,rs4795211,0.127
17,36047417,rs3110641,17,36054243,rs4795212,0.127
17,36047417,rs3110641,17,36054473,rs3110630,0.126
17,36047417,rs3110641,17,36054504,rs139308782,0.119
17,36047417,rs3110641,17,36055233,rs2411156,0.125
17,36047417,rs3110641,17,36055614,rs4795215,0.124
17,36047417,rs3110641,17,36056067,rs4795216,0.123
17,36047417,rs3110641,17,36056076,rs12449654,0.101
17,36047417,rs3110641,17,36056192,rs12452659,0.101
17,36047417,rs3110641,17,36056474,rs2411155,0.12
17,36047417,rs3110641,17,36056556,rs2411154,0.12
17,36047417,rs3110641,17,36056899,rs11656817,0.186
17,36047417,rs3110641,17,36058049,17:36058049:GGC:G,0.097
17,36047417,rs3110641,17,36058053,17:36058053:A:T,0.097
17,36047417,rs3110641,17,36058153,rs1016991,0.116
17,36047417,rs3110641,17,36058725,rs2269845,0.116
17,36047417,rs3110641,17,36058814,rs2269844,0.115
17,36047417,rs3110641,17,36059034,rs35913775,0.113
17,36047417,rs3110641,17,36059246,rs2269842,0.05
17,36047417,rs3110641,17,36059302,rs13339672,0.11
17,36047417,rs3110641,17,36059377,rs2269841,0.05
17,36047417,rs3110641,17,36059385,rs12938438,0.095
17,36047417,rs3110641,17,36059424,rs11440398,0.05
17,36047417,rs3110641,17,36059747,rs34557151,0.086
17,36047417,rs3110641,17,36061282,rs9905004,0.05
17,36047417,rs3110641,17,36061659,rs2074428,0.051
17,36047417,rs3110641,17,36062299,rs3094509,0.051
17,36047417,rs3110641,17,36062935,rs3094508,0.058
17,36047417,rs3110641,17,36063827,rs79711496,0.069
17,36047417,rs3110641,17,36066683,rs72020260,0.074
17,36047417,rs3110641,17,36067868,rs7213333,0.062
17,36047417,rs3110641,17,36068728,rs2285740,0.052
17,36074979,rs11649743,17,36073176,rs3110645,0.056
17,36074979,rs11649743,17,36073196,rs3110644,0.056
17,36074979,rs11649743,17,36073829,chr17_36073829_A_T,0.12
17,36074979,rs11649743,17,36074979,rs11649743,1
17,36074979,rs11649743,17,36075815,rs2411153,0.182
17,36074979,rs11649743,17,36077099,rs718961,0.729
17,36074979,rs11649743,17,36077279,rs718960,0.729
17,36074979,rs11649743,17,36077863,rs12951345,0.69
17,36074979,rs11649743,17,36078510,rs4795218,0.727
17,36074979,rs11649743,17,36079111,rs201380106,0.937
17,36074979,rs11649743,17,36079565,rs62073542,0.91
17,36074979,rs11649743,17,36080165,rs17138469,0.825
17,36074979,rs11649743,17,36080428,rs4794758,0.608
17,36074979,rs11649743,17,36080810,rs7407025,0.078
17,36074979,rs11649743,17,36081714,rs200443525,0.111
17,36074979,rs11649743,17,36082421,rs12450628,0.097
17,36074979,rs11649743,17,36082473,rs7223387,0.598
17,36074979,rs11649743,17,36082907,rs11658433,0.813
17,36074979,rs11649743,17,36083713,chr17_36083713_A_T,0.051
17,36074979,rs11649743,17,36084423,rs74715846,0.166
17,36074979,rs11649743,17,36105897,rs9913260,0.051
17,36077863,rs12951345,17,36072974,chr17_36072974_A_G,0.058
17,36077863,rs12951345,17,36073492,rs3110643,0.06
17,36077863,rs12951345,17,36073620,rs3110642,0.061
17,36077863,rs12951345,17,36073829,chr17_36073829_A_T,0.087
17,36077863,rs12951345,17,36074513,rs3110631,0.06
17,36077863,rs12951345,17,36074697,rs3094506,0.064
17,36077863,rs12951345,17,36074905,rs3094505,0.064
17,36077863,rs12951345,17,36074979,rs11649743,0.69
17,36077863,rs12951345,17,36075605,rs17138476,0.06
17,36077863,rs12951345,17,36075815,rs2411153,0.19
17,36077863,rs12951345,17,36075868,rs3110651,0.064
17,36077863,rs12951345,17,36076011,rs11263757,0.065
17,36077863,rs12951345,17,36077099,rs718961,0.942
17,36077863,rs12951345,17,36077279,rs718960,0.941
17,36077863,rs12951345,17,36077863,rs12951345,1
17,36077863,rs12951345,17,36078502,rs77767238,0.065
17,36077863,rs12951345,17,36078510,rs4795218,0.942
17,36077863,rs12951345,17,36079111,rs201380106,0.738
17,36077863,rs12951345,17,36079453,rs2097759,0.065
17,36077863,rs12951345,17,36079565,rs62073542,0.734
17,36077863,rs12951345,17,36080165,rs17138469,0.684
17,36077863,rs12951345,17,36080428,rs4794758,0.459
17,36077863,rs12951345,17,36081714,rs200443525,0.171
17,36077863,rs12951345,17,36082421,rs12450628,0.149
17,36077863,rs12951345,17,36082473,rs7223387,0.461
17,36077863,rs12951345,17,36082771,rs57315554,0.121
17,36077863,rs12951345,17,36082907,rs11658433,0.656
17,36077863,rs12951345,17,36082966,rs34402973,0.102
17,36077863,rs12951345,17,36083304,rs8066151,0.107
17,36077863,rs12951345,17,36083713,chr17_36083713_A_T,0.116
17,36077863,rs12951345,17,36084003,rs11263758,0.083
17,36077863,rs12951345,17,36084202,rs2107132,0.1
17,36077863,rs12951345,17,36084423,rs74715846,0.154
17,36080165,rs17138469,17,36073829,chr17_36073829_A_T,0.125
17,36080165,rs17138469,17,36074979,rs11649743,0.825
17,36080165,rs17138469,17,36075815,rs2411153,0.156
17,36080165,rs17138469,17,36077099,rs718961,0.714
17,36080165,rs17138469,17,36077279,rs718960,0.715
17,36080165,rs17138469,17,36077863,rs12951345,0.684
17,36080165,rs17138469,17,36078510,rs4795218,0.717
17,36080165,rs17138469,17,36079111,rs201380106,0.891
17,36080165,rs17138469,17,36079565,rs62073542,0.906
17,36080165,rs17138469,17,36080165,rs17138469,1
17,36080165,rs17138469,17,36080428,rs4794758,0.607
17,36080165,rs17138469,17,36080810,rs7407025,0.07
17,36080165,rs17138469,17,36081714,rs200443525,0.122
17,36080165,rs17138469,17,36082421,rs12450628,0.107
17,36080165,rs17138469,17,36082473,rs7223387,0.607
17,36080165,rs17138469,17,36082907,rs11658433,0.814
17,36080165,rs17138469,17,36083304,rs8066151,0.067
17,36080165,rs17138469,17,36083713,chr17_36083713_A_T,0.073
17,36080165,rs17138469,17,36084003,rs11263758,0.089
17,36080165,rs17138469,17,36084202,rs2107132,0.062
17,36080165,rs17138469,17,36084423,rs74715846,0.224
17,36080165,rs17138469,17,36105897,rs9913260,0.063
17,36098040,rs4430796,17,36075605,rs17138476,0.09
17,36098040,rs4430796,17,36080810,rs7407025,0.077
17,36098040,rs4430796,17,36083304,rs8066151,0.083
17,36098040,rs4430796,17,36083713,chr17_36083713_A_T,0.083
17,36098040,rs4430796,17,36084202,rs2107132,0.083
17,36098040,rs4430796,17,36085591,rs55745329,0.063
17,36098040,rs4430796,17,36088530,rs2002731,0.278
17,36098040,rs4430796,17,36088915,rs1016990,0.228
17,36098040,rs4430796,17,36089282,rs880411,0.092
17,36098040,rs4430796,17,36090885,rs3744763,0.35
17,36098040,rs4430796,17,36091256,rs9906451,0.119
17,36098040,rs4430796,17,36092671,rs3837868,0.588
17,36098040,rs4430796,17,36092841,rs56385838,0.591
17,36098040,rs4430796,17,36093022,rs7405776,0.59
17,36098040,rs4430796,17,36093863,17:36093863:G:GCAGACAGA,0.575
17,36098040,rs4430796,17,36095246,rs74398459,0.09
17,36098040,rs4430796,17,36096300,rs2005705,0.836
17,36098040,rs4430796,17,36096478,rs757211,0.52
17,36098040,rs4430796,17,36096515,rs757210,0.603
17,36098040,rs4430796,17,36097629,rs112280299,0.094
17,36098040,rs4430796,17,36097661,rs376127780,0.545
17,36098040,rs4430796,17,36097775,rs11263761,0.991
17,36098040,rs4430796,17,36098040,rs4430796,1
17,36098040,rs4430796,17,36098987,rs4239217,0.708
17,36098040,rs4430796,17,36099840,rs11651755,0.916
17,36098040,rs4430796,17,36099858,rs75979306,0.092
17,36098040,rs4430796,17,36099952,rs10908278,0.923
17,36098040,rs4430796,17,36100767,rs11657964,0.688
17,36098040,rs4430796,17,36101156,rs7501939,0.687
17,36098040,rs4430796,17,36101586,rs8064454,0.945
17,36098040,rs4430796,17,36101633,rs12601991,0.636
17,36098040,rs4430796,17,36101926,rs11263762,0.635
17,36098040,rs4430796,17,36102035,rs7405696,0.633
17,36098040,rs4430796,17,36102381,rs11651052,0.934
17,36098040,rs4430796,17,36102833,rs757209,0.632
17,36098040,rs4430796,17,36102971,rs58967869,0.092
17,36098040,rs4430796,17,36103149,rs9901746,0.631
17,36098040,rs4430796,17,36103565,rs11263763,0.934
17,36098040,rs4430796,17,36103872,rs11658063,0.682
17,36098040,rs4430796,17,36104121,rs12453443,0.62
17,36098040,rs4430796,17,36104276,rs111950175,0.09
17,36098040,rs4430796,17,36104304,rs113656333,0.089
17,36098040,rs4430796,17,36105897,rs9913260,0.295
17,36098040,rs4430796,17,36105906,rs567424102,0.089
17,36098040,rs4430796,17,36106313,rs3760511,0.399
17,36098040,rs4430796,17,36107712,chr17_36107713_C_INDEL,0.085
17,36098040,rs4430796,17,36107869,rs77050488,0.085
17,36098040,rs4430796,17,36108033,rs78094071,0.085
17,36098040,rs4430796,17,36108170,rs74714959,0.086
17,36098040,rs4430796,17,36108231,rs67143603,0.375
17,36098040,rs4430796,17,36108367,rs17626423,0.113
17,36098040,rs4430796,17,36111545,chr17_36111546_A_INDEL,0.083
17,36098040,rs4430796,17,36111755,rs17626459,0.084
17,36098040,rs4430796,17,36112156,rs79147716,0.084
17,36098040,rs4430796,17,36112268,rs17705019,0.085
17,36098040,rs4430796,17,36115166,rs7213769,0.187
17,36098040,rs4430796,17,36119133,rs66467820,0.079
17,36098040,rs4430796,17,36121638,rs143271489,0.075
17,36098040,rs4430796,17,36122425,rs35991504,0.074
17,36098040,rs4430796,17,36122952,rs8067696,0.073
17,36098040,rs4430796,17,36126604,rs12941488,0.051
17,36098040,rs4430796,17,36127912,rs12950378,0.052
17,36098040,rs4430796,17,36128262,rs34743657,0.073
17,36098040,rs4430796,17,36130330,chr17_36130330_A_G,0.071
17,36098040,rs4430796,17,36131296,rs35064669,0.06
17,36098040,rs4430796,17,36131333,rs34623926,0.058
17,36098040,rs4430796,17,36133003,rs111515169,0.059
17,36098040,rs4430796,17,36136634,rs76009609,0.056
17,36098040,rs4430796,17,36137840,rs62075865,0.062
17,36098040,rs4430796,17,36139070,rs62075866,0.057
17,36098040,rs4430796,17,36139413,rs12945069,0.064
17,36098040,rs4430796,17,36143119,rs146112072,0.056
17,36098040,rs4430796,17,36144109,rs115453632,0.056
17,36098040,rs4430796,17,36154739,chr17_36154740_G_INDEL,0.051
17,36098040,rs4430796,17,36160402,rs3059021,0.088
17,36098040,rs4430796,17,36167644,rs1807883,0.085
17,36098040,rs4430796,17,36183515,rs951814,0.067
17,36098040,rs4430796,17,36185038,rs7217787,0.07
17,36098040,rs4430796,17,36192574,rs5820239,0.066
17,36098040,rs4430796,17,36193165,rs1963131,0.068
17,36098040,rs4430796,17,36194230,rs6607302,0.066
17,36098040,rs4430796,17,36194884,rs7219269,0.066
17,36098040,rs4430796,17,36195095,rs8076885,0.066
17,36098040,rs4430796,17,36197481,rs12945631,0.062
17,36098040,rs4430796,17,36201025,rs1533496,0.062
17,36099952,rs10908278,17,36075605,rs17138476,0.086
17,36099952,rs10908278,17,36080810,rs7407025,0.073
17,36099952,rs10908278,17,36083304,rs8066151,0.079
17,36099952,rs10908278,17,36083713,chr17_36083713_A_T,0.08
17,36099952,rs10908278,17,36084202,rs2107132,0.078
17,36099952,rs10908278,17,36085591,rs55745329,0.059
17,36099952,rs10908278,17,36088530,rs2002731,0.245
17,36099952,rs10908278,17,36088915,rs1016990,0.198
17,36099952,rs10908278,17,36089282,rs880411,0.082
17,36099952,rs10908278,17,36090885,rs3744763,0.311
17,36099952,rs10908278,17,36091256,rs9906451,0.112
17,36099952,rs10908278,17,36092671,rs3837868,0.525
17,36099952,rs10908278,17,36092841,rs56385838,0.525
17,36099952,rs10908278,17,36093022,rs7405776,0.524
17,36099952,rs10908278,17,36093863,17:36093863:G:GCAGACAGA,0.514
17,36099952,rs10908278,17,36095246,rs74398459,0.083
17,36099952,rs10908278,17,36096300,rs2005705,0.745
17,36099952,rs10908278,17,36096478,rs757211,0.495
17,36099952,rs10908278,17,36096515,rs757210,0.537
17,36099952,rs10908278,17,36097629,rs112280299,0.09
17,36099952,rs10908278,17,36097661,rs376127780,0.5
17,36099952,rs10908278,17,36097775,rs11263761,0.916
17,36099952,rs10908278,17,36098040,rs4430796,0.923
17,36099952,rs10908278,17,36098987,rs4239217,0.66
17,36099952,rs10908278,17,36099840,rs11651755,0.981
17,36099952,rs10908278,17,36099858,rs75979306,0.096
17,36099952,rs10908278,17,36099952,rs10908278,1
17,36099952,rs10908278,17,36100767,rs11657964,0.699
17,36099952,rs10908278,17,36101156,rs7501939,0.699
17,36099952,rs10908278,17,36101586,rs8064454,0.962
17,36099952,rs10908278,17,36101633,rs12601991,0.675
17,36099952,rs10908278,17,36101926,rs11263762,0.673
17,36099952,rs10908278,17,36102035,rs7405696,0.671
17,36099952,rs10908278,17,36102381,rs11651052,0.949
17,36099952,rs10908278,17,36102833,rs757209,0.669
17,36099952,rs10908278,17,36102971,rs58967869,0.078
17,36099952,rs10908278,17,36103149,rs9901746,0.668
17,36099952,rs10908278,17,36103565,rs11263763,0.952
17,36099952,rs10908278,17,36103872,rs11658063,0.693
17,36099952,rs10908278,17,36104121,rs12453443,0.656
17,36099952,rs10908278,17,36104276,rs111950175,0.093
17,36099952,rs10908278,17,36104304,rs113656333,0.092
17,36099952,rs10908278,17,36105897,rs9913260,0.307
17,36099952,rs10908278,17,36105906,rs567424102,0.1
17,36099952,rs10908278,17,36106313,rs3760511,0.389
17,36099952,rs10908278,17,36107712,chr17_36107713_C_INDEL,0.088
17,36099952,rs10908278,17,36107869,rs77050488,0.089
17,36099952,rs10908278,17,36108033,rs78094071,0.088
17,36099952,rs10908278,17,36108170,rs74714959,0.089
17,36099952,rs10908278,17,36108231,rs67143603,0.397
17,36099952,rs10908278,17,36108367,rs17626423,0.126
17,36099952,rs10908278,17,36111545,chr17_36111546_A_INDEL,0.086
17,36099952,rs10908278,17,36111755,rs17626459,0.087
17,36099952,rs10908278,17,36112156,rs79147716,0.088
17,36099952,rs10908278,17,36112268,rs17705019,0.088
17,36099952,rs10908278,17,36115166,rs7213769,0.184
17,36099952,rs10908278,17,36119133,rs66467820,0.081
17,36099952,rs10908278,17,36121638,rs143271489,0.077
17,36099952,rs10908278,17,36122425,rs35991504,0.076
17,36099952,rs10908278,17,36122952,rs8067696,0.074
17,36099952,rs10908278,17,36126604,rs12941488,0.057
17,36099952,rs10908278,17,36127912,rs12950378,0.057
17,36099952,rs10908278,17,36128262,rs34743657,0.074
17,36099952,rs10908278,17,36130330,chr17_36130330_A_G,0.072
17,36099952,rs10908278,17,36131296,rs35064669,0.062
17,36099952,rs10908278,17,36131333,rs34623926,0.06
17,36099952,rs10908278,17,36133003,rs111515169,0.06
17,36099952,rs10908278,17,36136634,rs76009609,0.057
17,36099952,rs10908278,17,36137840,rs62075865,0.063
17,36099952,rs10908278,17,36139070,rs62075866,0.058
17,36099952,rs10908278,17,36139413,rs12945069,0.065
17,36099952,rs10908278,17,36143119,rs146112072,0.057
17,36099952,rs10908278,17,36144109,rs115453632,0.057
17,36099952,rs10908278,17,36154739,chr17_36154740_G_INDEL,0.051
17,36099952,rs10908278,17,36160402,rs3059021,0.09
17,36099952,rs10908278,17,36167644,rs1807883,0.088
17,36099952,rs10908278,17,36183515,rs951814,0.065
17,36099952,rs10908278,17,36185038,rs7217787,0.068
17,36099952,rs10908278,17,36192574,rs5820239,0.07
17,36099952,rs10908278,17,36192846,rs1962586,0.051
17,36099952,rs10908278,17,36193165,rs1963131,0.069
17,36099952,rs10908278,17,36194230,rs6607302,0.068
17,36099952,rs10908278,17,36194884,rs7219269,0.068
17,36099952,rs10908278,17,36195095,rs8076885,0.068
17,36099952,rs10908278,17,36197481,rs12945631,0.064
17,36099952,rs10908278,17,36201025,rs1533496,0.063
17,36101926,rs11263762,17,36075605,rs17138476,0.12
17,36101926,rs11263762,17,36080810,rs7407025,0.095
17,36101926,rs11263762,17,36085591,rs55745329,0.086
17,36101926,rs11263762,17,36088530,rs2002731,0.38
17,36101926,rs11263762,17,36088915,rs1016990,0.161
17,36101926,rs11263762,17,36089282,rs880411,0.075
17,36101926,rs11263762,17,36090885,rs3744763,0.256
17,36101926,rs11263762,17,36092671,rs3837868,0.359
17,36101926,rs11263762,17,36092841,rs56385838,0.359
17,36101926,rs11263762,17,36093022,rs7405776,0.357
17,36101926,rs11263762,17,36093863,17:36093863:G:GCAGACAGA,0.345
17,36101926,rs11263762,17,36095246,rs74398459,0.054
17,36101926,rs11263762,17,36096300,rs2005705,0.507
17,36101926,rs11263762,17,36096478,rs757211,0.768
17,36101926,rs11263762,17,36096515,rs757210,0.368
17,36101926,rs11263762,17,36097629,rs112280299,0.059
17,36101926,rs11263762,17,36097661,rs376127780,0.298
17,36101926,rs11263762,17,36097775,rs11263761,0.626
17,36101926,rs11263762,17,36098040,rs4430796,0.635
17,36101926,rs11263762,17,36098987,rs4239217,0.448
17,36101926,rs11263762,17,36099840,rs11651755,0.665
17,36101926,rs11263762,17,36099858,rs75979306,0.064
17,36101926,rs11263762,17,36099952,rs10908278,0.673
17,36101926,rs11263762,17,36100767,rs11657964,0.48
17,36101926,rs11263762,17,36101156,rs7501939,0.48
17,36101926,rs11263762,17,36101586,rs8064454,0.662
17,36101926,rs11263762,17,36101633,rs12601991,0.999
17,36101926,rs11263762,17,36101926,rs11263762,1
17,36101926,rs11263762,17,36102035,rs7405696,0.996
17,36101926,rs11263762,17,36102381,rs11651052,0.655
17,36101926,rs11263762,17,36102833,rs757209,0.992
17,36101926,rs11263762,17,36102971,rs58967869,0.082
17,36101926,rs11263762,17,36103149,rs9901746,0.991
17,36101926,rs11263762,17,36103565,rs11263763,0.653
17,36101926,rs11263762,17,36103872,rs11658063,0.479
17,36101926,rs11263762,17,36104121,rs12453443,0.974
17,36101926,rs11263762,17,36104276,rs111950175,0.062
17,36101926,rs11263762,17,36104304,rs113656333,0.062
17,36101926,rs11263762,17,36105897,rs9913260,0.2
17,36101926,rs11263762,17,36105906,rs567424102,0.055
17,36101926,rs11263762,17,36106313,rs3760511,0.585
17,36101926,rs11263762,17,36107712,chr17_36107713_C_INDEL,0.059
17,36101926,rs11263762,17,36107869,rs77050488,0.059
17,36101926,rs11263762,17,36108033,rs78094071,0.059
17,36101926,rs11263762,17,36108170,rs74714959,0.059
17,36101926,rs11263762,17,36108231,rs67143603,0.596
17,36101926,rs11263762,17,36111545,chr17_36111546_A_INDEL,0.06
17,36101926,rs11263762,17,36111755,rs17626459,0.06
17,36101926,rs11263762,17,36112156,rs79147716,0.06
17,36101926,rs11263762,17,36112268,rs17705019,0.06
17,36101926,rs11263762,17,36115103,rs60315948,0.051
17,36101926,rs11263762,17,36115166,rs7213769,0.264
17,36101926,rs11263762,17,36119133,rs66467820,0.054
17,36101926,rs11263762,17,36121638,rs143271489,0.051
17,36101926,rs11263762,17,36122425,rs35991504,0.051
17,36101926,rs11263762,17,36139313,rs12946864,0.054
17,36101926,rs11263762,17,36139413,rs12945069,0.086
17,36101926,rs11263762,17,36139423,rs12945081,0.054
17,36101926,rs11263762,17,36140519,rs2138739,0.053
17,36101926,rs11263762,17,36140825,rs2138740,0.051
17,36101926,rs11263762,17,36140843,rs35273504,0.053
17,36101926,rs11263762,17,36142164,17:36142164:GTTT:GTT,0.075
17,36101926,rs11263762,17,36146301,rs34444303,0.053
17,36101926,rs11263762,17,36150017,rs35812286,0.076
17,36101926,rs11263762,17,36157671,rs9908327,0.056
17,36101926,rs11263762,17,36160402,rs3059021,0.118
17,36101926,rs11263762,17,36167644,rs1807883,0.118
17,36101926,rs11263762,17,36183515,rs951814,0.052
17,36101926,rs11263762,17,36185038,rs7217787,0.053
17,36101926,rs11263762,17,36192574,rs5820239,0.064
17,36101926,rs11263762,17,36193165,rs1963131,0.054
17,36101926,rs11263762,17,36194230,rs6607302,0.052
17,36101926,rs11263762,17,36194884,rs7219269,0.052
17,36101926,rs11263762,17,36195095,rs8076885,0.052
17,36102971,rs58967869,17,36075474,chr17_36075474_C_T,0.075
17,36102971,rs58967869,17,36089012,rs17847528,0.165
17,36102971,rs58967869,17,36091256,rs9906451,0.29
17,36102971,rs58967869,17,36092671,rs3837868,0.055
17,36102971,rs58967869,17,36092841,rs56385838,0.054
17,36102971,rs58967869,17,36093022,rs7405776,0.056
17,36102971,rs58967869,17,36093863,17:36093863:G:GCAGACAGA,0.058
17,36102971,rs58967869,17,36096300,rs2005705,0.078
17,36102971,rs58967869,17,36096478,rs757211,0.081
17,36102971,rs58967869,17,36096515,rs757210,0.055
17,36102971,rs58967869,17,36097661,rs376127780,0.081
17,36102971,rs58967869,17,36097775,rs11263761,0.095
17,36102971,rs58967869,17,36098040,rs4430796,0.092
17,36102971,rs58967869,17,36098987,rs4239217,0.07
17,36102971,rs58967869,17,36099840,rs11651755,0.077
17,36102971,rs58967869,17,36099952,rs10908278,0.078
17,36102971,rs58967869,17,36100767,rs11657964,0.072
17,36102971,rs58967869,17,36101156,rs7501939,0.072
17,36102971,rs58967869,17,36101586,rs8064454,0.1
17,36102971,rs58967869,17,36101633,rs12601991,0.081
17,36102971,rs58967869,17,36101926,rs11263762,0.082
17,36102971,rs58967869,17,36102035,rs7405696,0.082
17,36102971,rs58967869,17,36102381,rs11651052,0.1
17,36102971,rs58967869,17,36102833,rs757209,0.082
17,36102971,rs58967869,17,36102971,rs58967869,1
17,36102971,rs58967869,17,36103149,rs9901746,0.082
17,36102971,rs58967869,17,36103565,rs11263763,0.104
17,36102971,rs58967869,17,36103872,rs11658063,0.074
17,36102971,rs58967869,17,36104121,rs12453443,0.081
17,36102971,rs58967869,17,36105906,rs567424102,0.802
17,36102971,rs58967869,17,36108231,rs67143603,0.053
17,36102971,rs58967869,17,36108367,rs17626423,0.279
17,36102971,rs58967869,17,36109087,rs149308286,0.169
17,36102971,rs58967869,17,36109424,rs12051720,0.208
17,36102971,rs58967869,17,36109935,rs62073558,0.207
17,36102971,rs58967869,17,36111154,rs78444223,0.26
17,36102971,rs58967869,17,36128586,rs76936716,0.064
17,36105906,rs567424102,17,36075474,chr17_36075474_C_T,0.089
17,36105906,rs567424102,17,36089012,rs17847528,0.158
17,36105906,rs567424102,17,36091256,rs9906451,0.276
17,36105906,rs567424102,17,36092671,rs3837868,0.052
17,36105906,rs567424102,17,36092841,rs56385838,0.053
17,36105906,rs567424102,17,36093022,rs7405776,0.054
17,36105906,rs567424102,17,36093863,17:36093863:G:GCAGACAGA,0.057
17,36105906,rs567424102,17,36096300,rs2005705,0.076
17,36105906,rs567424102,17,36096478,rs757211,0.06
17,36105906,rs567424102,17,36096515,rs757210,0.054
17,36105906,rs567424102,17,36097661,rs376127780,0.083
17,36105906,rs567424102,17,36097775,rs11263761,0.089
17,36105906,rs567424102,17,36098040,rs4430796,0.089
17,36105906,rs567424102,17,36098987,rs4239217,0.066
17,36105906,rs567424102,17,36099840,rs11651755,0.101
17,36105906,rs567424102,17,36099952,rs10908278,0.1
17,36105906,rs567424102,17,36100767,rs11657964,0.071
17,36105906,rs567424102,17,36101156,rs7501939,0.071
17,36105906,rs567424102,17,36101586,rs8064454,0.097
17,36105906,rs567424102,17,36101633,rs12601991,0.054
17,36105906,rs567424102,17,36101926,rs11263762,0.055
17,36105906,rs567424102,17,36102035,rs7405696,0.055
17,36105906,rs567424102,17,36102381,rs11651052,0.095
17,36105906,rs567424102,17,36102833,rs757209,0.057
17,36105906,rs567424102,17,36102971,rs58967869,0.802
17,36105906,rs567424102,17,36103149,rs9901746,0.057
17,36105906,rs567424102,17,36103565,rs11263763,0.096
17,36105906,rs567424102,17,36103872,rs11658063,0.07
17,36105906,rs567424102,17,36104121,rs12453443,0.055
17,36105906,rs567424102,17,36105906,rs567424102,1
17,36105906,rs567424102,17,36106313,rs3760511,0.052
17,36105906,rs567424102,17,36108231,rs67143603,0.051
17,36105906,rs567424102,17,36108367,rs17626423,0.417
17,36105906,rs567424102,17,36109087,rs149308286,0.266
17,36105906,rs567424102,17,36109424,rs12051720,0.257
17,36105906,rs567424102,17,36109935,rs62073558,0.255
17,36105906,rs567424102,17,36111154,rs78444223,0.306
17,36105906,rs567424102,17,36128586,rs76936716,0.078
