CHR_A,BP_A,SNP_A,CHR_B,BP_B,SNP_B,R2
13,73713447,rs7327286,13,73295684,chr13_73295684_A_G,0.102
13,73713447,rs7327286,13,73311008,rs71099744,0.059
13,73713447,rs7327286,13,73313825,rs7983493,0.066
13,73713447,rs7327286,13,73313960,rs7984673,0.064
13,73713447,rs7327286,13,73314713,rs67241368,0.069
13,73713447,rs7327286,13,73315266,rs7326857,0.066
13,73713447,rs7327286,13,73316907,rs6562727,0.072
13,73713447,rs7327286,13,73320455,rs2281847,0.068
13,73713447,rs7327286,13,73322235,rs1372003,0.065
13,73713447,rs7327286,13,73324751,rs9543110,0.068
13,73713447,rs7327286,13,73326915,rs67227867,0.069
13,73713447,rs7327286,13,73333369,rs12837,0.066
13,73713447,rs7327286,13,73381316,rs35154761,0.065
13,73713447,rs7327286,13,73401376,13:73401376:ATTT:A,0.082
13,73713447,rs7327286,13,73406292,rs9564923,0.067
13,73713447,rs7327286,13,73406438,rs11618254,0.066
13,73713447,rs7327286,13,73411926,rs143922521,0.063
13,73713447,rs7327286,13,73437632,rs71099762,0.059
13,73713447,rs7327286,13,73438070,rs79991948,0.059
13,73713447,rs7327286,13,73466948,rs28693442,0.063
13,73713447,rs7327286,13,73492844,rs71099768,0.058
13,73713447,rs7327286,13,73503439,chr13_73503439_G_T,0.058
13,73713447,rs7327286,13,73505177,chr13_73505177_A_G,0.066
13,73713447,rs7327286,13,73575270,chr13_73575270_A_G,0.066
13,73713447,rs7327286,13,73596617,rs4885057,0.073
13,73713447,rs7327286,13,73608708,chr13_73608708_A_G,0.08
13,73713447,rs7327286,13,73611316,rs9573088,0.053
13,73713447,rs7327286,13,73612713,chr13_73612713_A_G,0.053
13,73713447,rs7327286,13,73613001,rs7991529,0.077
13,73713447,rs7327286,13,73620008,rs11842886,0.079
13,73713447,rs7327286,13,73620241,rs11465047,0.079
13,73713447,rs7327286,13,73620586,rs10671743,0.087
13,73713447,rs7327286,13,73620592,rs7985650,0.08
13,73713447,rs7327286,13,73644195,chr13_73644195_C_T,0.125
13,73713447,rs7327286,13,73645369,rs34946519,0.125
13,73713447,rs7327286,13,73649152,chr13_73649152_A_G,0.053
13,73713447,rs7327286,13,73649333,rs9573096,0.106
13,73713447,rs7327286,13,73650108,rs148760123,0.06
13,73713447,rs7327286,13,73652158,chr13_73652158_C_T,0.169
13,73713447,rs7327286,13,73653179,rs2325477,0.05
13,73713447,rs7327286,13,73655338,chr13_73655338_C_T,0.08
13,73713447,rs7327286,13,73656032,chr13_73656032_A_G,0.199
13,73713447,rs7327286,13,73657132,rs9573102,0.201
13,73713447,rs7327286,13,73657697,rs71105914,0.161
13,73713447,rs7327286,13,73658273,rs9573103,0.23
13,73713447,rs7327286,13,73658280,rs9543227,0.115
13,73713447,rs7327286,13,73658544,chr13_73658544_A_G,0.232
13,73713447,rs7327286,13,73658830,rs11148930,0.067
13,73713447,rs7327286,13,73660569,rs2503698,0.185
13,73713447,rs7327286,13,73660982,chr13_73660982_A_G,0.335
13,73713447,rs7327286,13,73665173,rs60003408,0.174
13,73713447,rs7327286,13,73665758,rs140532718,0.389
13,73713447,rs7327286,13,73667793,rs7332048,0.05
13,73713447,rs7327286,13,73668747,rs3077668,0.136
13,73713447,rs7327286,13,73668818,rs67630276,0.155
13,73713447,rs7327286,13,73669508,rs9573105,0.391
13,73713447,rs7327286,13,73669891,rs3003858,0.391
13,73713447,rs7327286,13,73672282,rs9543231,0.075
13,73713447,rs7327286,13,73672588,rs7317858,0.075
13,73713447,rs7327286,13,73673005,rs2503683,0.385
13,73713447,rs7327286,13,73674216,chr13_73674216_A_G,0.392
13,73713447,rs7327286,13,73676673,rs2503687,0.394
13,73713447,rs7327286,13,73683876,rs7997217,0.061
13,73713447,rs7327286,13,73684153,rs2483175,0.432
13,73713447,rs7327286,13,73685856,rs201142723,0.077
13,73713447,rs7327286,13,73688311,rs2503689,0.059
13,73713447,rs7327286,13,73689886,rs60235953,0.441
13,73713447,rs7327286,13,73690822,rs2483176,0.445
13,73713447,rs7327286,13,73691236,rs1333099,0.058
13,73713447,rs7327286,13,73691303,chr13_73691303_C_T,0.057
13,73713447,rs7327286,13,73691528,chr13_73691528_G_T,0.447
13,73713447,rs7327286,13,73691680,rs2483177,0.058
13,73713447,rs7327286,13,73691702,rs2483178,0.058
13,73713447,rs7327286,13,73691783,rs2990868,0.058
13,73713447,rs7327286,13,73691811,rs3003859,0.058
13,73713447,rs7327286,13,73691888,rs2990869,0.052
13,73713447,rs7327286,13,73691934,rs3003860,0.052
13,73713447,rs7327286,13,73692167,rs2483179,0.052
13,73713447,rs7327286,13,73692678,rs2026481,0.052
13,73713447,rs7327286,13,73692738,rs2026482,0.052
13,73713447,rs7327286,13,73692982,rs2026483,0.052
13,73713447,rs7327286,13,73693645,rs2483180,0.052
13,73713447,rs7327286,13,73693784,rs2483181,0.052
13,73713447,rs7327286,13,73693828,rs2483182,0.052
13,73713447,rs7327286,13,73694142,rs150193743,0.341
13,73713447,rs7327286,13,73694144,rs9543232,0.341
13,73713447,rs7327286,13,73694495,rs71105922,0.052
13,73713447,rs7327286,13,73695280,rs148363927,0.453
13,73713447,rs7327286,13,73695281,rs141586030,0.453
13,73713447,rs7327286,13,73696133,rs2151319,0.052
13,73713447,rs7327286,13,73696243,rs2151320,0.052
13,73713447,rs7327286,13,73697410,chr13_73697410_A_T,0.453
13,73713447,rs7327286,13,73697584,rs2503691,0.052
13,73713447,rs7327286,13,73698343,rs59749694,0.053
13,73713447,rs7327286,13,73698466,rs12428214,0.098
13,73713447,rs7327286,13,73698507,rs12428223,0.053
13,73713447,rs7327286,13,73699186,rs2027019,0.138
13,73713447,rs7327286,13,73699289,rs2503694,0.053
13,73713447,rs7327286,13,73699989,chr13_73699989_A_T,0.138
13,73713447,rs7327286,13,73700048,rs10712272,0.053
13,73713447,rs7327286,13,73700317,rs2483183,0.053
13,73713447,rs7327286,13,73700539,rs9573106,0.053
13,73713447,rs7327286,13,73701852,rs2483184,0.468
13,73713447,rs7327286,13,73704119,rs2990870,0.48
13,73713447,rs7327286,13,73711349,chr13_73711349_A_G,0.129
13,73713447,rs7327286,13,73713447,rs7327286,1
13,73713447,rs7327286,13,73713875,rs7332697,0.269
13,73713447,rs7327286,13,73714290,rs7996468,0.842
13,73713447,rs7327286,13,73714301,rs11452649,0.626
13,73713447,rs7327286,13,73714675,rs12867899,0.088
13,73713447,rs7327286,13,73715341,rs943559,0.996
13,73713447,rs7327286,13,73715441,chr13_73715441_C_T,0.238
13,73713447,rs7327286,13,73716153,rs72525215,0.41
13,73713447,rs7327286,13,73716153,rs72525215,0.238
13,73713447,rs7327286,13,73716317,rs1108921,0.995
13,73713447,rs7327286,13,73716626,rs4242949,0.987
13,73713447,rs7327286,13,73716824,rs7489384,0.988
13,73713447,rs7327286,13,73716861,rs7489409,0.974
13,73713447,rs7327286,13,73717099,rs3929754,0.973
13,73713447,rs7327286,13,73717152,chr13_73717152_C_T,0.06
13,73713447,rs7327286,13,73717331,rs7983677,0.24
13,73713447,rs7327286,13,73717800,rs147707062,0.089
13,73713447,rs7327286,13,73717865,rs7987565,0.164
13,73713447,rs7327286,13,73717945,rs7987732,0.164
13,73713447,rs7327286,13,73718257,rs67581291,0.919
13,73713447,rs7327286,13,73719502,rs67454090,0.18
13,73713447,rs7327286,13,73719589,chr13_73719589_A_C,0.399
13,73713447,rs7327286,13,73719777,rs9543236,0.955
13,73713447,rs7327286,13,73720118,rs9543238,0.4
13,73713447,rs7327286,13,73722830,rs9530156,0.167
13,73713447,rs7327286,13,73723941,rs5804662,0.139
13,73713447,rs7327286,13,73724876,rs12018601,0.356
13,73713447,rs7327286,13,73724885,rs12018010,0.356
13,73713447,rs7327286,13,73725334,rs57212342,0.785
13,73713447,rs7327286,13,73725782,rs12184909,0.782
13,73713447,rs7327286,13,73726032,chr13_73726032_C_T,0.056
13,73713447,rs7327286,13,73726211,rs9600077,0.352
13,73713447,rs7327286,13,73727163,chr13_73727163_G_T,0.274
13,73713447,rs7327286,13,73728139,rs9600079,0.18
13,73713447,rs7327286,13,73728418,rs7987255,0.144
13,73713447,rs7327286,13,73728457,rs11619956,0.182
13,73713447,rs7327286,13,73728540,rs11619950,0.182
13,73713447,rs7327286,13,73728619,chr13_73728619_A_G,0.182
13,73713447,rs7327286,13,73729587,chr13_73729587_A_T,0.14
13,73713447,rs7327286,13,73730549,chr13_73730549_C_T,0.156
13,73713447,rs7327286,13,73730671,chr13_73730671_C_T,0.156
13,73713447,rs7327286,13,73730907,rs11413429,0.13
13,73713447,rs7327286,13,73731245,chr13_73731245_C_G,0.297
13,73713447,rs7327286,13,73731681,rs146228411,0.253
13,73713447,rs7327286,13,73731968,rs9600080,0.476
13,73713447,rs7327286,13,73732454,chr13_73732454_A_G,0.403
13,73713447,rs7327286,13,73732823,rs9592882,0.404
13,73713447,rs7327286,13,73733808,rs9592883,0.404
13,73713447,rs7327286,13,73734280,rs7139391,0.306
13,73713447,rs7327286,13,73734941,rs6562740,0.346
13,73713447,rs7327286,13,73735429,rs7323014,0.296
13,73713447,rs7327286,13,73735453,rs60084629,0.242
13,73713447,rs7327286,13,73736209,rs11303466,0.466
13,73713447,rs7327286,13,73736211,chr13_73736211_A_INDEL,0.464
13,73713447,rs7327286,13,73736251,rs7318120,0.465
13,73713447,rs7327286,13,73736713,rs144540012,0.422
13,73713447,rs7327286,13,73737046,rs7323629,0.328
13,73713447,rs7327286,13,73737069,rs7323651,0.157
13,73713447,rs7327286,13,73742283,rs9573120,0.055
13,73713447,rs7327286,13,73743899,rs9600082,0.71
13,73713447,rs7327286,13,73744669,rs9600083,0.712
13,73713447,rs7327286,13,73746040,chr13_73746040_G_T,0.053
13,73713447,rs7327286,13,73746904,chr13_73746904_C_T,0.541
13,73713447,rs7327286,13,73747284,chr13_73747284_C_T,0.164
13,73713447,rs7327286,13,73748144,chr13_73748144_G_T,0.133
13,73713447,rs7327286,13,73750618,rs7334115,0.08
13,73713447,rs7327286,13,73751557,chr13_73751557_A_C,0.083
13,73713447,rs7327286,13,73751573,chr13_73751573_C_T,0.054
13,73713447,rs7327286,13,73753285,rs4885066,0.082
13,73713447,rs7327286,13,73754437,rs9592885,0.082
13,73713447,rs7327286,13,73755474,rs34176083,0.059
13,73713447,rs7327286,13,73755506,rs11841959,0.053
13,73713447,rs7327286,13,73756075,rs9592886,0.053
13,73713447,rs7327286,13,73756076,rs9600084,0.053
13,73713447,rs7327286,13,73756636,rs9600085,0.095
13,73713447,rs7327286,13,73756857,13:73756857:TTTTG:TTTTGTTTG,0.078
13,73713447,rs7327286,13,73756923,rs9543254,0.08
13,73713447,rs7327286,13,73757025,rs9543255,0.08
13,73713447,rs7327286,13,73758580,rs9573126,0.079
13,73713447,rs7327286,13,73758839,rs11843243,0.094
13,73713447,rs7327286,13,73759038,rs200914437,0.113
13,73713447,rs7327286,13,73759236,rs35048046,0.052
13,73713447,rs7327286,13,73759349,rs7992919,0.079
13,73713447,rs7327286,13,73760307,chr13_73760307_A_G,0.078
13,73713447,rs7327286,13,73760317,chr13_73760317_C_T,0.076
13,73713447,rs7327286,13,73760623,rs4356353,0.078
13,73713447,rs7327286,13,73760792,rs11620105,0.093
13,73713447,rs7327286,13,73761044,rs115489432,0.089
13,73713447,rs7327286,13,73761100,rs111299394,0.071
13,73713447,rs7327286,13,73761264,rs10581586,0.084
13,73713447,rs7327286,13,73761496,rs9600087,0.051
13,73713447,rs7327286,13,73761550,rs9564950,0.051
13,73713447,rs7327286,13,73761770,rs9600088,0.084
13,73713447,rs7327286,13,73761997,rs7989341,0.084
13,73713447,rs7327286,13,73762687,rs9543256,0.084
13,73713447,rs7327286,13,73762846,chr13_73762846_A_G,0.05
13,73713447,rs7327286,13,73763363,rs150965653,0.058
13,73713447,rs7327286,13,73763425,rs34579369,0.084
13,73713447,rs7327286,13,73765221,rs35456240,0.064
13,73713447,rs7327286,13,73765343,rs1998983,0.091
13,73713447,rs7327286,13,73765600,rs9600089,0.05
13,73713447,rs7327286,13,73765835,rs9543258,0.082
13,73713447,rs7327286,13,73766209,rs7981649,0.077
13,73713447,rs7327286,13,73766272,rs7982992,0.082
13,73713447,rs7327286,13,73766389,rs7983169,0.082
13,73713447,rs7327286,13,73766780,rs7988134,0.077
13,73713447,rs7327286,13,73766784,rs7986852,0.077
13,73713447,rs7327286,13,73766872,rs7988300,0.077
13,73713447,rs7327286,13,73767166,rs7324143,0.084
13,73713447,rs7327286,13,73767189,rs7323673,0.08
13,73713447,rs7327286,13,73767231,rs7325371,0.084
13,73713447,rs7327286,13,73768013,rs1927192,0.084
13,73713447,rs7327286,13,73768029,rs1927191,0.084
13,73713447,rs7327286,13,73768473,13:73768473:T:TCCCCC,0.084
13,73713447,rs7327286,13,73768550,chr13_73768550_A_G,0.084
13,73713447,rs7327286,13,73768710,chr13_73768710_INDEL_TG,0.084
13,73713447,rs7327286,13,73769284,rs8000639,0.084
13,73713447,rs7327286,13,73769533,rs9543259,0.05
13,73713447,rs7327286,13,73769609,rs9543260,0.05
13,73713447,rs7327286,13,73770085,rs1998982,0.084
13,73713447,rs7327286,13,73770218,chr13_73770218_A_C,0.084
13,73713447,rs7327286,13,73770309,rs4304921,0.084
13,73713447,rs7327286,13,73770450,rs4375550,0.084
13,73713447,rs7327286,13,73770914,rs11430980,0.098
13,73713447,rs7327286,13,73771178,rs1410097,0.071
13,73713447,rs7327286,13,73771206,rs1410098,0.092
13,73713447,rs7327286,13,73771272,rs1410099,0.085
13,73713447,rs7327286,13,73771657,rs6562741,0.085
13,73713447,rs7327286,13,73771707,chr13_73771707_C_T,0.085
13,73713447,rs7327286,13,73771713,rs6562743,0.092
13,73713447,rs7327286,13,73772652,rs67029644,0.09
13,73713447,rs7327286,13,73773068,chr13_73773068_C_T,0.091
13,73713447,rs7327286,13,73775862,chr13_73775862_A_T,0.07
13,73713447,rs7327286,13,73775971,chr13_73775971_C_T,0.07
13,73713447,rs7327286,13,73777267,rs7995383,0.106
13,73713447,rs7327286,13,73777348,chr13_73777348_C_G,0.106
13,73713447,rs7327286,13,73777572,rs7337332,0.062
13,73713447,rs7327286,13,73778238,rs61272564,0.057
13,73713447,rs7327286,13,73778530,chr13_73778530_C_G,0.055
13,73713447,rs7327286,13,73778767,chr13_73778767_A_G,0.095
13,73713447,rs7327286,13,73778794,rs9600090,0.105
13,73713447,rs7327286,13,73779764,rs9543268,0.096
13,73713447,rs7327286,13,73780430,rs12860332,0.096
13,73713447,rs7327286,13,73780545,rs9573130,0.105
13,73713447,rs7327286,13,73781146,rs9600091,0.105
13,73713447,rs7327286,13,73781758,rs74950721,0.097
13,73713447,rs7327286,13,73781799,rs372058380,0.104
13,73713447,rs7327286,13,73781880,rs9543269,0.055
13,73713447,rs7327286,13,73782460,rs9573132,0.055
13,73713447,rs7327286,13,73782848,rs2148928,0.104
13,73713447,rs7327286,13,73784243,rs9573134,0.105
13,73713447,rs7327286,13,73784759,rs9573135,0.104
13,73713447,rs7327286,13,73784948,chr13_73784948_C_T,0.105
13,73713447,rs7327286,13,73785053,rs9592888,0.105
13,73713447,rs7327286,13,73785318,rs9600093,0.105
13,73713447,rs7327286,13,73785608,rs71654776,0.091
13,73713447,rs7327286,13,73786349,rs12050014,0.053
13,73713447,rs7327286,13,73787176,rs78238427,0.122
13,73713447,rs7327286,13,73789717,chr13_73789717_C_T,0.063
13,73713447,rs7327286,13,73791719,rs1810841,0.059
13,73714290,rs7996468,13,73295684,chr13_73295684_A_G,0.083
13,73714290,rs7996468,13,73311008,rs71099744,0.076
13,73714290,rs7996468,13,73313825,rs7983493,0.054
13,73714290,rs7996468,13,73313960,rs7984673,0.081
13,73714290,rs7996468,13,73314713,rs67241368,0.056
13,73714290,rs7996468,13,73315266,rs7326857,0.054
13,73714290,rs7996468,13,73316907,rs6562727,0.091
13,73714290,rs7996468,13,73320455,rs2281847,0.055
13,73714290,rs7996468,13,73322235,rs1372003,0.083
13,73714290,rs7996468,13,73324751,rs9543110,0.055
13,73714290,rs7996468,13,73326915,rs67227867,0.057
13,73714290,rs7996468,13,73381316,rs35154761,0.051
13,73714290,rs7996468,13,73401376,13:73401376:ATTT:A,0.066
13,73714290,rs7996468,13,73575270,chr13_73575270_A_G,0.052
13,73714290,rs7996468,13,73608708,chr13_73608708_A_G,0.066
13,73714290,rs7996468,13,73613001,rs7991529,0.063
13,73714290,rs7996468,13,73620008,rs11842886,0.098
13,73714290,rs7996468,13,73620241,rs11465047,0.099
13,73714290,rs7996468,13,73620517,rs9564941,0.062
13,73714290,rs7996468,13,73620586,rs10671743,0.107
13,73714290,rs7996468,13,73620592,rs7985650,0.099
13,73714290,rs7996468,13,73624100,rs9543212,0.058
13,73714290,rs7996468,13,73644195,chr13_73644195_C_T,0.098
13,73714290,rs7996468,13,73645369,rs34946519,0.098
13,73714290,rs7996468,13,73649333,rs9573096,0.106
13,73714290,rs7996468,13,73650108,rs148760123,0.074
13,73714290,rs7996468,13,73652158,chr13_73652158_C_T,0.141
13,73714290,rs7996468,13,73653179,rs2325477,0.066
13,73714290,rs7996468,13,73655338,chr13_73655338_C_T,0.096
13,73714290,rs7996468,13,73656032,chr13_73656032_A_G,0.168
13,73714290,rs7996468,13,73656967,chr13_73656967_A_T,0.059
13,73714290,rs7996468,13,73657132,rs9573102,0.17
13,73714290,rs7996468,13,73657697,rs71105914,0.118
13,73714290,rs7996468,13,73658273,rs9573103,0.193
13,73714290,rs7996468,13,73658280,rs9543227,0.081
13,73714290,rs7996468,13,73658447,chr13_73658447_A_G,0.052
13,73714290,rs7996468,13,73658544,chr13_73658544_A_G,0.194
13,73714290,rs7996468,13,73658830,rs11148930,0.087
13,73714290,rs7996468,13,73660569,rs2503698,0.15
13,73714290,rs7996468,13,73660982,chr13_73660982_A_G,0.282
13,73714290,rs7996468,13,73662286,rs10657600,0.051
13,73714290,rs7996468,13,73662801,rs9543229,0.05
13,73714290,rs7996468,13,73663317,rs9543230,0.07
13,73714290,rs7996468,13,73663602,rs7981176,0.072
13,73714290,rs7996468,13,73665173,rs60003408,0.136
13,73714290,rs7996468,13,73665199,rs9530150,0.051
13,73714290,rs7996468,13,73665758,rs140532718,0.332
13,73714290,rs7996468,13,73666606,rs11148932,0.077
13,73714290,rs7996468,13,73667793,rs7332048,0.078
13,73714290,rs7996468,13,73668747,rs3077668,0.106
13,73714290,rs7996468,13,73668818,rs67630276,0.133
13,73714290,rs7996468,13,73669508,rs9573105,0.334
13,73714290,rs7996468,13,73669891,rs3003858,0.334
13,73714290,rs7996468,13,73672282,rs9543231,0.051
13,73714290,rs7996468,13,73672588,rs7317858,0.051
13,73714290,rs7996468,13,73673005,rs2503683,0.326
13,73714290,rs7996468,13,73674216,chr13_73674216_A_G,0.334
13,73714290,rs7996468,13,73675410,rs3077666,0.06
13,73714290,rs7996468,13,73675622,chr13_73675622_A_C,0.059
13,73714290,rs7996468,13,73676673,rs2503687,0.335
13,73714290,rs7996468,13,73683876,rs7997217,0.097
13,73714290,rs7996468,13,73684153,rs2483175,0.367
13,73714290,rs7996468,13,73685856,rs201142723,0.119
13,73714290,rs7996468,13,73688311,rs2503689,0.093
13,73714290,rs7996468,13,73689886,rs60235953,0.377
13,73714290,rs7996468,13,73690621,rs7319964,0.06
13,73714290,rs7996468,13,73690822,rs2483176,0.38
13,73714290,rs7996468,13,73691236,rs1333099,0.091
13,73714290,rs7996468,13,73691303,chr13_73691303_C_T,0.09
13,73714290,rs7996468,13,73691528,chr13_73691528_G_T,0.382
13,73714290,rs7996468,13,73691680,rs2483177,0.092
13,73714290,rs7996468,13,73691702,rs2483178,0.091
13,73714290,rs7996468,13,73691783,rs2990868,0.091
13,73714290,rs7996468,13,73691811,rs3003859,0.091
13,73714290,rs7996468,13,73691888,rs2990869,0.083
13,73714290,rs7996468,13,73691934,rs3003860,0.083
13,73714290,rs7996468,13,73692167,rs2483179,0.083
13,73714290,rs7996468,13,73692678,rs2026481,0.083
13,73714290,rs7996468,13,73692738,rs2026482,0.083
13,73714290,rs7996468,13,73692982,rs2026483,0.083
13,73714290,rs7996468,13,73693645,rs2483180,0.083
13,73714290,rs7996468,13,73693784,rs2483181,0.083
13,73714290,rs7996468,13,73693828,rs2483182,0.083
13,73714290,rs7996468,13,73694142,rs150193743,0.297
13,73714290,rs7996468,13,73694144,rs9543232,0.297
13,73714290,rs7996468,13,73694495,rs71105922,0.083
13,73714290,rs7996468,13,73695280,rs148363927,0.385
13,73714290,rs7996468,13,73695281,rs141586030,0.385
13,73714290,rs7996468,13,73695509,rs200958050,0.077
13,73714290,rs7996468,13,73696133,rs2151319,0.084
13,73714290,rs7996468,13,73696243,rs2151320,0.084
13,73714290,rs7996468,13,73697410,chr13_73697410_A_T,0.387
13,73714290,rs7996468,13,73697584,rs2503691,0.084
13,73714290,rs7996468,13,73698343,rs59749694,0.084
13,73714290,rs7996468,13,73698466,rs12428214,0.148
13,73714290,rs7996468,13,73698507,rs12428223,0.084
13,73714290,rs7996468,13,73699186,rs2027019,0.202
13,73714290,rs7996468,13,73699289,rs2503694,0.084
13,73714290,rs7996468,13,73699989,chr13_73699989_A_T,0.202
13,73714290,rs7996468,13,73700048,rs10712272,0.084
13,73714290,rs7996468,13,73700317,rs2483183,0.084
13,73714290,rs7996468,13,73700539,rs9573106,0.085
13,73714290,rs7996468,13,73701852,rs2483184,0.396
13,73714290,rs7996468,13,73704119,rs2990870,0.407
13,73714290,rs7996468,13,73711349,chr13_73711349_A_G,0.19
13,73714290,rs7996468,13,73712044,rs113550754,0.1
13,73714290,rs7996468,13,73712355,chr13_73712355_C_G,0.062
13,73714290,rs7996468,13,73713447,rs7327286,0.842
13,73714290,rs7996468,13,73713875,rs7332697,0.186
13,73714290,rs7996468,13,73714290,rs7996468,1
13,73714290,rs7996468,13,73714301,rs11452649,0.741
13,73714290,rs7996468,13,73714483,rs113554301,0.1
13,73714290,rs7996468,13,73714675,rs12867899,0.105
13,73714290,rs7996468,13,73715341,rs943559,0.842
13,73714290,rs7996468,13,73715441,chr13_73715441_C_T,0.281
13,73714290,rs7996468,13,73716153,rs72525215,0.492
13,73714290,rs7996468,13,73716153,rs72525215,0.281
13,73714290,rs7996468,13,73716285,chr13_73716285_C_T,0.1
13,73714290,rs7996468,13,73716317,rs1108921,0.842
13,73714290,rs7996468,13,73716626,rs4242949,0.845
13,73714290,rs7996468,13,73716824,rs7489384,0.846
13,73714290,rs7996468,13,73716861,rs7489409,0.824
13,73714290,rs7996468,13,73717099,rs3929754,0.824
13,73714290,rs7996468,13,73717152,chr13_73717152_C_T,0.05
13,73714290,rs7996468,13,73717331,rs7983677,0.162
13,73714290,rs7996468,13,73717800,rs147707062,0.07
13,73714290,rs7996468,13,73717865,rs7987565,0.187
13,73714290,rs7996468,13,73717945,rs7987732,0.187
13,73714290,rs7996468,13,73718257,rs67581291,0.775
13,73714290,rs7996468,13,73719502,rs67454090,0.107
13,73714290,rs7996468,13,73719589,chr13_73719589_A_C,0.308
13,73714290,rs7996468,13,73719777,rs9543236,0.815
13,73714290,rs7996468,13,73720118,rs9543238,0.308
13,73714290,rs7996468,13,73722830,rs9530156,0.1
13,73714290,rs7996468,13,73723941,rs5804662,0.162
13,73714290,rs7996468,13,73724876,rs12018601,0.276
13,73714290,rs7996468,13,73724885,rs12018010,0.276
13,73714290,rs7996468,13,73725334,rs57212342,0.662
13,73714290,rs7996468,13,73725782,rs12184909,0.659
13,73714290,rs7996468,13,73726211,rs9600077,0.273
13,73714290,rs7996468,13,73727163,chr13_73727163_G_T,0.198
13,73714290,rs7996468,13,73728139,rs9600079,0.122
13,73714290,rs7996468,13,73728349,rs7987378,0.088
13,73714290,rs7996468,13,73728418,rs7987255,0.168
13,73714290,rs7996468,13,73728457,rs11619956,0.124
13,73714290,rs7996468,13,73728540,rs11619950,0.124
13,73714290,rs7996468,13,73728619,chr13_73728619_A_G,0.124
13,73714290,rs7996468,13,73729587,chr13_73729587_A_T,0.165
13,73714290,rs7996468,13,73729682,chr13_73729682_C_T,0.087
13,73714290,rs7996468,13,73730549,chr13_73730549_C_T,0.194
13,73714290,rs7996468,13,73730671,chr13_73730671_C_T,0.194
13,73714290,rs7996468,13,73730907,rs11413429,0.157
13,73714290,rs7996468,13,73731093,rs9573112,0.088
13,73714290,rs7996468,13,73731245,chr13_73731245_C_G,0.368
13,73714290,rs7996468,13,73731681,rs146228411,0.318
13,73714290,rs7996468,13,73731968,rs9600080,0.387
13,73714290,rs7996468,13,73732065,rs143167199,0.087
13,73714290,rs7996468,13,73732454,chr13_73732454_A_G,0.498
13,73714290,rs7996468,13,73732823,rs9592882,0.5
13,73714290,rs7996468,13,73732824,rs190868096,0.087
13,73714290,rs7996468,13,73733019,rs76680148,0.086
13,73714290,rs7996468,13,73733105,rs75500552,0.087
13,73714290,rs7996468,13,73733258,rs76068694,0.087
13,73714290,rs7996468,13,73733363,rs139414775,0.087
13,73714290,rs7996468,13,73733481,rs139605173,0.087
13,73714290,rs7996468,13,73733510,rs116385555,0.087
13,73714290,rs7996468,13,73733808,rs9592883,0.5
13,73714290,rs7996468,13,73734114,rs114780414,0.087
13,73714290,rs7996468,13,73734280,rs7139391,0.365
13,73714290,rs7996468,13,73734384,rs9573114,0.086
13,73714290,rs7996468,13,73734446,rs9573115,0.086
13,73714290,rs7996468,13,73734630,rs9573116,0.086
13,73714290,rs7996468,13,73734941,rs6562740,0.27
13,73714290,rs7996468,13,73734941,rs6562740,0.087
13,73714290,rs7996468,13,73735042,rs9573117,0.086
13,73714290,rs7996468,13,73735429,rs7323014,0.355
13,73714290,rs7996468,13,73735453,rs60084629,0.285
13,73714290,rs7996468,13,73736027,rs731986,0.072
13,73714290,rs7996468,13,73736209,rs11303466,0.376
13,73714290,rs7996468,13,73736211,chr13_73736211_A_INDEL,0.375
13,73714290,rs7996468,13,73736251,rs7318120,0.376
13,73714290,rs7996468,13,73736713,rs144540012,0.337
13,73714290,rs7996468,13,73737046,rs7323629,0.252
13,73714290,rs7996468,13,73737069,rs7323651,0.188
13,73714290,rs7996468,13,73739742,rs34695385,0.05
13,73714290,rs7996468,13,73743899,rs9600082,0.592
13,73714290,rs7996468,13,73744669,rs9600083,0.593
13,73714290,rs7996468,13,73746904,chr13_73746904_C_T,0.44
13,73714290,rs7996468,13,73747284,chr13_73747284_C_T,0.194
13,73714290,rs7996468,13,73748144,chr13_73748144_G_T,0.157
13,73714290,rs7996468,13,73750618,rs7334115,0.101
13,73714290,rs7996468,13,73751557,chr13_73751557_A_C,0.11
13,73714290,rs7996468,13,73751573,chr13_73751573_C_T,0.074
13,73714290,rs7996468,13,73752252,rs35823052,0.056
13,73714290,rs7996468,13,73753285,rs4885066,0.11
13,73714290,rs7996468,13,73754437,rs9592885,0.11
13,73714290,rs7996468,13,73755474,rs34176083,0.078
13,73714290,rs7996468,13,73755506,rs11841959,0.073
13,73714290,rs7996468,13,73756075,rs9592886,0.073
13,73714290,rs7996468,13,73756076,rs9600084,0.073
13,73714290,rs7996468,13,73756636,rs9600085,0.09
13,73714290,rs7996468,13,73756857,13:73756857:TTTTG:TTTTGTTTG,0.105
13,73714290,rs7996468,13,73756923,rs9543254,0.108
13,73714290,rs7996468,13,73757025,rs9543255,0.108
13,73714290,rs7996468,13,73758580,rs9573126,0.107
13,73714290,rs7996468,13,73758839,rs11843243,0.088
13,73714290,rs7996468,13,73759038,rs200914437,0.1
13,73714290,rs7996468,13,73759236,rs35048046,0.071
13,73714290,rs7996468,13,73759349,rs7992919,0.106
13,73714290,rs7996468,13,73760307,chr13_73760307_A_G,0.105
13,73714290,rs7996468,13,73760317,chr13_73760317_C_T,0.071
13,73714290,rs7996468,13,73760623,rs4356353,0.105
13,73714290,rs7996468,13,73760792,rs11620105,0.088
13,73714290,rs7996468,13,73761044,rs115489432,0.083
13,73714290,rs7996468,13,73761100,rs111299394,0.066
13,73714290,rs7996468,13,73761264,rs10581586,0.078
13,73714290,rs7996468,13,73761496,rs9600087,0.07
13,73714290,rs7996468,13,73761550,rs9564950,0.07
13,73714290,rs7996468,13,73761770,rs9600088,0.079
13,73714290,rs7996468,13,73761997,rs7989341,0.079
13,73714290,rs7996468,13,73762687,rs9543256,0.079
13,73714290,rs7996468,13,73763363,rs150965653,0.051
13,73714290,rs7996468,13,73763425,rs34579369,0.079
13,73714290,rs7996468,13,73765221,rs35456240,0.071
13,73714290,rs7996468,13,73765343,rs1998983,0.073
13,73714290,rs7996468,13,73765600,rs9600089,0.059
13,73714290,rs7996468,13,73765835,rs9543258,0.066
13,73714290,rs7996468,13,73766209,rs7981649,0.091
13,73714290,rs7996468,13,73766272,rs7982992,0.065
13,73714290,rs7996468,13,73766389,rs7983169,0.066
13,73714290,rs7996468,13,73766780,rs7988134,0.09
13,73714290,rs7996468,13,73766784,rs7986852,0.09
13,73714290,rs7996468,13,73766872,rs7988300,0.09
13,73714290,rs7996468,13,73767166,rs7324143,0.099
13,73714290,rs7996468,13,73767189,rs7323673,0.094
13,73714290,rs7996468,13,73767231,rs7325371,0.099
13,73714290,rs7996468,13,73768013,rs1927192,0.099
13,73714290,rs7996468,13,73768029,rs1927191,0.099
13,73714290,rs7996468,13,73768473,13:73768473:T:TCCCCC,0.098
13,73714290,rs7996468,13,73768550,chr13_73768550_A_G,0.099
13,73714290,rs7996468,13,73768710,chr13_73768710_INDEL_TG,0.099
13,73714290,rs7996468,13,73769284,rs8000639,0.099
13,73714290,rs7996468,13,73769533,rs9543259,0.059
13,73714290,rs7996468,13,73769609,rs9543260,0.059
13,73714290,rs7996468,13,73770085,rs1998982,0.099
13,73714290,rs7996468,13,73770218,chr13_73770218_A_C,0.098
13,73714290,rs7996468,13,73770309,rs4304921,0.099
13,73714290,rs7996468,13,73770450,rs4375550,0.099
13,73714290,rs7996468,13,73770914,rs11430980,0.08
13,73714290,rs7996468,13,73771178,rs1410097,0.083
13,73714290,rs7996468,13,73771206,rs1410098,0.075
13,73714290,rs7996468,13,73771272,rs1410099,0.1
13,73714290,rs7996468,13,73771657,rs6562741,0.099
13,73714290,rs7996468,13,73771707,chr13_73771707_C_T,0.1
13,73714290,rs7996468,13,73771713,rs6562743,0.109
13,73714290,rs7996468,13,73772652,rs67029644,0.106
13,73714290,rs7996468,13,73773068,chr13_73773068_C_T,0.107
13,73714290,rs7996468,13,73775862,chr13_73775862_A_T,0.081
13,73714290,rs7996468,13,73775971,chr13_73775971_C_T,0.081
13,73714290,rs7996468,13,73777267,rs7995383,0.084
13,73714290,rs7996468,13,73777348,chr13_73777348_C_G,0.084
13,73714290,rs7996468,13,73777572,rs7337332,0.07
13,73714290,rs7996468,13,73778238,rs61272564,0.064
13,73714290,rs7996468,13,73778530,chr13_73778530_C_G,0.062
13,73714290,rs7996468,13,73778767,chr13_73778767_A_G,0.111
13,73714290,rs7996468,13,73778794,rs9600090,0.083
13,73714290,rs7996468,13,73779764,rs9543268,0.111
13,73714290,rs7996468,13,73780430,rs12860332,0.111
13,73714290,rs7996468,13,73780545,rs9573130,0.083
13,73714290,rs7996468,13,73780870,chr13_73780870_A_G,0.059
13,73714290,rs7996468,13,73781146,rs9600091,0.083
13,73714290,rs7996468,13,73781758,rs74950721,0.11
13,73714290,rs7996468,13,73781799,rs372058380,0.082
13,73714290,rs7996468,13,73781880,rs9543269,0.063
13,73714290,rs7996468,13,73782460,rs9573132,0.063
13,73714290,rs7996468,13,73782848,rs2148928,0.082
13,73714290,rs7996468,13,73784243,rs9573134,0.083
13,73714290,rs7996468,13,73784759,rs9573135,0.083
13,73714290,rs7996468,13,73784948,chr13_73784948_C_T,0.083
13,73714290,rs7996468,13,73785053,rs9592888,0.083
13,73714290,rs7996468,13,73785318,rs9600093,0.083
13,73714290,rs7996468,13,73785608,rs71654776,0.071
13,73714290,rs7996468,13,73786349,rs12050014,0.061
13,73714290,rs7996468,13,73787176,rs78238427,0.101
13,73714290,rs7996468,13,73789717,chr13_73789717_C_T,0.071
13,73728139,rs9600079,13,73649333,rs9573096,0.06
13,73728139,rs9600079,13,73650108,rs148760123,0.098
13,73728139,rs9600079,13,73653179,rs2325477,0.057
13,73728139,rs9600079,13,73654658,rs12867056,0.055
13,73728139,rs9600079,13,73655938,rs11616933,0.053
13,73728139,rs9600079,13,73658006,rs34682668,0.054
13,73728139,rs9600079,13,73658254,rs12869881,0.067
13,73728139,rs9600079,13,73658830,rs11148930,0.075
13,73728139,rs9600079,13,73662659,rs2990865,0.075
13,73728139,rs9600079,13,73662801,rs9543229,0.078
13,73728139,rs9600079,13,73663317,rs9543230,0.07
13,73728139,rs9600079,13,73663602,rs7981176,0.074
13,73728139,rs9600079,13,73664095,rs12872440,0.059
13,73728139,rs9600079,13,73665199,rs9530150,0.076
13,73728139,rs9600079,13,73666606,rs11148932,0.08
13,73728139,rs9600079,13,73667731,rs11616814,0.059
13,73728139,rs9600079,13,73667793,rs7332048,0.08
13,73728139,rs9600079,13,73668747,rs3077668,0.078
13,73728139,rs9600079,13,73668818,rs67630276,0.078
13,73728139,rs9600079,13,73674468,rs149484689,0.056
13,73728139,rs9600079,13,73674622,rs201377848,0.07
13,73728139,rs9600079,13,73675410,rs3077666,0.092
13,73728139,rs9600079,13,73675622,chr13_73675622_A_C,0.092
13,73728139,rs9600079,13,73678438,rs35942290,0.075
13,73728139,rs9600079,13,73679844,rs34365895,0.057
13,73728139,rs9600079,13,73680365,rs36073083,0.057
13,73728139,rs9600079,13,73683248,rs67252067,0.056
13,73728139,rs9600079,13,73683876,rs7997217,0.052
13,73728139,rs9600079,13,73684153,rs2483175,0.056
13,73728139,rs9600079,13,73686332,rs17089906,0.054
13,73728139,rs9600079,13,73686601,rs56070034,0.054
13,73728139,rs9600079,13,73688761,chr13_73688762_INDEL_T,0.056
13,73728139,rs9600079,13,73689886,rs60235953,0.056
13,73728139,rs9600079,13,73690363,rs12870059,0.058
13,73728139,rs9600079,13,73690621,rs7319964,0.087
13,73728139,rs9600079,13,73690642,rs75968528,0.051
13,73728139,rs9600079,13,73690822,rs2483176,0.055
13,73728139,rs9600079,13,73691528,chr13_73691528_G_T,0.055
13,73728139,rs9600079,13,73691888,rs2990869,0.056
13,73728139,rs9600079,13,73691934,rs3003860,0.056
13,73728139,rs9600079,13,73692167,rs2483179,0.056
13,73728139,rs9600079,13,73692678,rs2026481,0.056
13,73728139,rs9600079,13,73692738,rs2026482,0.056
13,73728139,rs9600079,13,73692982,rs2026483,0.056
13,73728139,rs9600079,13,73693197,rs61967406,0.052
13,73728139,rs9600079,13,73693553,rs61967407,0.052
13,73728139,rs9600079,13,73693645,rs2483180,0.056
13,73728139,rs9600079,13,73693784,rs2483181,0.056
13,73728139,rs9600079,13,73693828,rs2483182,0.056
13,73728139,rs9600079,13,73694064,rs61967408,0.053
13,73728139,rs9600079,13,73694142,rs150193743,0.086
13,73728139,rs9600079,13,73694144,rs9543232,0.086
13,73728139,rs9600079,13,73694495,rs71105922,0.057
13,73728139,rs9600079,13,73694534,rs71105923,0.07
13,73728139,rs9600079,13,73695280,rs148363927,0.055
13,73728139,rs9600079,13,73695281,rs141586030,0.055
13,73728139,rs9600079,13,73695509,rs200958050,0.054
13,73728139,rs9600079,13,73696133,rs2151319,0.057
13,73728139,rs9600079,13,73696243,rs2151320,0.057
13,73728139,rs9600079,13,73696509,rs61967409,0.053
13,73728139,rs9600079,13,73697410,chr13_73697410_A_T,0.056
13,73728139,rs9600079,13,73697417,rs61967411,0.053
13,73728139,rs9600079,13,73697584,rs2503691,0.057
13,73728139,rs9600079,13,73698343,rs59749694,0.058
13,73728139,rs9600079,13,73698466,rs12428214,0.15
13,73728139,rs9600079,13,73698507,rs12428223,0.058
13,73728139,rs9600079,13,73699186,rs2027019,0.15
13,73728139,rs9600079,13,73699289,rs2503694,0.058
13,73728139,rs9600079,13,73699648,rs61967412,0.054
13,73728139,rs9600079,13,73699989,chr13_73699989_A_T,0.15
13,73728139,rs9600079,13,73700048,rs10712272,0.058
13,73728139,rs9600079,13,73700317,rs2483183,0.058
13,73728139,rs9600079,13,73700539,rs9573106,0.058
13,73728139,rs9600079,13,73701036,rs60744418,0.051
13,73728139,rs9600079,13,73701039,rs56974456,0.051
13,73728139,rs9600079,13,73701047,rs57595262,0.051
13,73728139,rs9600079,13,73701054,rs59992069,0.051
13,73728139,rs9600079,13,73701852,rs2483184,0.058
13,73728139,rs9600079,13,73703305,chr13_73703305_A_G,0.073
13,73728139,rs9600079,13,73704119,rs2990870,0.06
13,73728139,rs9600079,13,73705168,rs61967413,0.059
13,73728139,rs9600079,13,73709561,rs6650442,0.087
13,73728139,rs9600079,13,73711349,chr13_73711349_A_G,0.155
13,73728139,rs9600079,13,73711959,rs7319476,0.115
13,73728139,rs9600079,13,73712112,rs61967419,0.075
13,73728139,rs9600079,13,73712174,chr13_73712174_C_T,0.182
13,73728139,rs9600079,13,73712365,rs7320247,0.113
13,73728139,rs9600079,13,73713447,rs7327286,0.18
13,73728139,rs9600079,13,73713875,rs7332697,0.706
13,73728139,rs9600079,13,73714116,chr13_73714116_C_T,0.127
13,73728139,rs9600079,13,73714290,rs7996468,0.122
13,73728139,rs9600079,13,73714301,rs11452649,0.203
13,73728139,rs9600079,13,73714675,rs12867899,0.32
13,73728139,rs9600079,13,73715341,rs943559,0.182
13,73728139,rs9600079,13,73715441,chr13_73715441_C_T,0.631
13,73728139,rs9600079,13,73716153,rs72525215,0.627
13,73728139,rs9600079,13,73716153,rs72525215,0.231
13,73728139,rs9600079,13,73716317,rs1108921,0.181
13,73728139,rs9600079,13,73716626,rs4242949,0.182
13,73728139,rs9600079,13,73716824,rs7489384,0.182
13,73728139,rs9600079,13,73716861,rs7489409,0.176
13,73728139,rs9600079,13,73717099,rs3929754,0.176
13,73728139,rs9600079,13,73717112,rs61967420,0.076
13,73728139,rs9600079,13,73717331,rs7983677,0.738
13,73728139,rs9600079,13,73717643,chr13_73717643_A_G,0.085
13,73728139,rs9600079,13,73717800,rs147707062,0.384
13,73728139,rs9600079,13,73717828,rs4998489,0.086
13,73728139,rs9600079,13,73717865,rs7987565,0.468
13,73728139,rs9600079,13,73717945,rs7987732,0.468
13,73728139,rs9600079,13,73718257,rs67581291,0.164
13,73728139,rs9600079,13,73718899,rs61967421,0.078
13,73728139,rs9600079,13,73719502,rs67454090,0.512
13,73728139,rs9600079,13,73719589,chr13_73719589_A_C,0.417
13,73728139,rs9600079,13,73719777,rs9543236,0.176
13,73728139,rs9600079,13,73720118,rs9543238,0.417
13,73728139,rs9600079,13,73720696,chr13_73720696_A_T,0.15
13,73728139,rs9600079,13,73721535,rs9564946,0.153
13,73728139,rs9600079,13,73721599,rs61967422,0.092
13,73728139,rs9600079,13,73722311,rs12872867,0.214
13,73728139,rs9600079,13,73722660,rs12874474,0.221
13,73728139,rs9600079,13,73722830,rs9530156,0.611
13,73728139,rs9600079,13,73722974,rs61967423,0.087
13,73728139,rs9600079,13,73723293,rs17089916,0.227
13,73728139,rs9600079,13,73723581,rs12100342,0.224
13,73728139,rs9600079,13,73723648,rs78852134,0.087
13,73728139,rs9600079,13,73723884,rs12100017,0.224
13,73728139,rs9600079,13,73723941,rs5804662,0.57
13,73728139,rs9600079,13,73724030,rs7982719,0.238
13,73728139,rs9600079,13,73724125,rs7981427,0.238
13,73728139,rs9600079,13,73724131,rs7981432,0.16
13,73728139,rs9600079,13,73724572,rs12865355,0.243
13,73728139,rs9600079,13,73724876,rs12018601,0.488
13,73728139,rs9600079,13,73724879,rs7323342,0.243
13,73728139,rs9600079,13,73724885,rs12018010,0.488
13,73728139,rs9600079,13,73725111,rs71198175,0.243
13,73728139,rs9600079,13,73725334,rs57212342,0.24
13,73728139,rs9600079,13,73725402,rs12870373,0.243
13,73728139,rs9600079,13,73725493,rs12870680,0.243
13,73728139,rs9600079,13,73725782,rs12184909,0.242
13,73728139,rs9600079,13,73725846,rs61967424,0.087
13,73728139,rs9600079,13,73726104,rs56977717,0.243
13,73728139,rs9600079,13,73726211,rs9600077,0.487
13,73728139,rs9600079,13,73726578,rs8001777,0.243
13,73728139,rs9600079,13,73726997,rs8002549,0.244
13,73728139,rs9600079,13,73727139,rs192452341,0.244
13,73728139,rs9600079,13,73727148,rs34432613,0.244
13,73728139,rs9600079,13,73727163,chr13_73727163_G_T,0.213
13,73728139,rs9600079,13,73728139,rs9600079,1
13,73728139,rs9600079,13,73728418,rs7987255,0.59
13,73728139,rs9600079,13,73728457,rs11619956,0.986
13,73728139,rs9600079,13,73728540,rs11619950,0.986
13,73728139,rs9600079,13,73728591,rs71198176,0.242
13,73728139,rs9600079,13,73728619,chr13_73728619_A_G,0.983
13,73728139,rs9600079,13,73729587,chr13_73729587_A_T,0.583
13,73728139,rs9600079,13,73730549,chr13_73730549_C_T,0.879
13,73728139,rs9600079,13,73730671,chr13_73730671_C_T,0.88
13,73728139,rs9600079,13,73730907,rs11413429,0.589
13,73728139,rs9600079,13,73731214,rs61967425,0.088
13,73728139,rs9600079,13,73731245,chr13_73731245_C_G,0.386
13,73728139,rs9600079,13,73731681,rs146228411,0.371
13,73728139,rs9600079,13,73731968,rs9600080,0.362
13,73728139,rs9600079,13,73732454,chr13_73732454_A_G,0.276
13,73728139,rs9600079,13,73732823,rs9592882,0.276
13,73728139,rs9600079,13,73733320,rs79687040,0.082
13,73728139,rs9600079,13,73733808,rs9592883,0.276
13,73728139,rs9600079,13,73733947,rs61967426,0.087
13,73728139,rs9600079,13,73734091,rs7339018,0.082
13,73728139,rs9600079,13,73734280,rs7139391,0.085
13,73728139,rs9600079,13,73734797,rs143100659,0.087
13,73728139,rs9600079,13,73734941,rs6562740,0.474
13,73728139,rs9600079,13,73735204,rs61967428,0.087
13,73728139,rs9600079,13,73735429,rs7323014,0.081
13,73728139,rs9600079,13,73735453,rs60084629,0.143
13,73728139,rs9600079,13,73735844,chr13_73735844_G_T,0.086
13,73728139,rs9600079,13,73735904,chr13_73735905_INDEL_T,0.117
13,73728139,rs9600079,13,73736028,rs61966265,0.096
13,73728139,rs9600079,13,73736209,rs11303466,0.35
13,73728139,rs9600079,13,73736211,chr13_73736211_A_INDEL,0.351
13,73728139,rs9600079,13,73736251,rs7318120,0.35
13,73728139,rs9600079,13,73736713,rs144540012,0.376
13,73728139,rs9600079,13,73737046,rs7323629,0.435
13,73728139,rs9600079,13,73737069,rs7323651,0.38
13,73728139,rs9600079,13,73737429,rs34660620,0.058
13,73728139,rs9600079,13,73737782,rs34941844,0.058
13,73728139,rs9600079,13,73738503,rs34728745,0.058
13,73728139,rs9600079,13,73738872,rs34548693,0.222
13,73728139,rs9600079,13,73738932,rs34117559,0.211
13,73728139,rs9600079,13,73739355,rs61966270,0.055
13,73728139,rs9600079,13,73739742,rs34695385,0.076
13,73728139,rs9600079,13,73741109,rs17089934,0.075
13,73728139,rs9600079,13,73741812,rs17089936,0.075
13,73728139,rs9600079,13,73742450,rs71105936,0.076
13,73728139,rs9600079,13,73742917,rs17089937,0.215
13,73728139,rs9600079,13,73743411,rs61966272,0.054
13,73728139,rs9600079,13,73743707,rs36072455,0.215
13,73728139,rs9600079,13,73743775,rs17179744,0.051
13,73728139,rs9600079,13,73743899,rs9600082,0.176
13,73728139,rs9600079,13,73744103,rs150866065,0.051
13,73728139,rs9600079,13,73744223,rs35975676,0.215
13,73728139,rs9600079,13,73744244,rs56248391,0.051
13,73728139,rs9600079,13,73744391,rs66749391,0.215
13,73728139,rs9600079,13,73744558,rs61966274,0.051
13,73728139,rs9600079,13,73744591,rs61966275,0.051
13,73728139,rs9600079,13,73744669,rs9600083,0.177
13,73728139,rs9600079,13,73744899,rs61966276,0.051
13,73728139,rs9600079,13,73745126,chr13_73745126_A_G,0.108
13,73728139,rs9600079,13,73746904,chr13_73746904_C_T,0.248
13,73728139,rs9600079,13,73747284,chr13_73747284_C_T,0.312
13,73728139,rs9600079,13,73747304,rs61966278,0.05
13,73728139,rs9600079,13,73747750,rs55947626,0.061
13,73728139,rs9600079,13,73748144,chr13_73748144_G_T,0.441
13,73728139,rs9600079,13,73750618,rs7334115,0.124
13,73728139,rs9600079,13,73751557,chr13_73751557_A_C,0.094
13,73728139,rs9600079,13,73752285,chr13_73752285_C_T,0.058
13,73728139,rs9600079,13,73752356,rs9543252,0.057
13,73728139,rs9600079,13,73753285,rs4885066,0.094
13,73728139,rs9600079,13,73754437,rs9592885,0.094
13,73728139,rs9600079,13,73755474,rs34176083,0.056
13,73728139,rs9600079,13,73755769,rs9530158,0.057
13,73728139,rs9600079,13,73756636,rs9600085,0.159
13,73728139,rs9600079,13,73756857,13:73756857:TTTTG:TTTTGTTTG,0.09
13,73728139,rs9600079,13,73756923,rs9543254,0.094
13,73728139,rs9600079,13,73757025,rs9543255,0.095
13,73728139,rs9600079,13,73758580,rs9573126,0.095
13,73728139,rs9600079,13,73758839,rs11843243,0.158
13,73728139,rs9600079,13,73759038,rs200914437,0.18
13,73728139,rs9600079,13,73759349,rs7992919,0.095
13,73728139,rs9600079,13,73760307,chr13_73760307_A_G,0.094
13,73728139,rs9600079,13,73760317,chr13_73760317_C_T,0.139
13,73728139,rs9600079,13,73760623,rs4356353,0.094
13,73728139,rs9600079,13,73760792,rs11620105,0.158
13,73728139,rs9600079,13,73761044,rs115489432,0.148
13,73728139,rs9600079,13,73761100,rs111299394,0.12
13,73728139,rs9600079,13,73761264,rs10581586,0.145
13,73728139,rs9600079,13,73761770,rs9600088,0.144
13,73728139,rs9600079,13,73761997,rs7989341,0.144
13,73728139,rs9600079,13,73762687,rs9543256,0.145
13,73728139,rs9600079,13,73762846,chr13_73762846_A_G,0.242
13,73728139,rs9600079,13,73763363,rs150965653,0.108
13,73728139,rs9600079,13,73763425,rs34579369,0.144
13,73728139,rs9600079,13,73765221,rs35456240,0.064
13,73728139,rs9600079,13,73765343,rs1998983,0.15
13,73728139,rs9600079,13,73765835,rs9543258,0.139
13,73728139,rs9600079,13,73766209,rs7981649,0.091
13,73728139,rs9600079,13,73766272,rs7982992,0.14
13,73728139,rs9600079,13,73766389,rs7983169,0.139
13,73728139,rs9600079,13,73766780,rs7988134,0.091
13,73728139,rs9600079,13,73766784,rs7986852,0.091
13,73728139,rs9600079,13,73766872,rs7988300,0.091
13,73728139,rs9600079,13,73767166,rs7324143,0.098
13,73728139,rs9600079,13,73767189,rs7323673,0.091
13,73728139,rs9600079,13,73767231,rs7325371,0.098
13,73728139,rs9600079,13,73768013,rs1927192,0.098
13,73728139,rs9600079,13,73768029,rs1927191,0.098
13,73728139,rs9600079,13,73768473,13:73768473:T:TCCCCC,0.098
13,73728139,rs9600079,13,73768550,chr13_73768550_A_G,0.099
13,73728139,rs9600079,13,73768710,chr13_73768710_INDEL_TG,0.099
13,73728139,rs9600079,13,73769284,rs8000639,0.099
13,73728139,rs9600079,13,73770085,rs1998982,0.099
13,73728139,rs9600079,13,73770218,chr13_73770218_A_C,0.098
13,73728139,rs9600079,13,73770309,rs4304921,0.099
13,73728139,rs9600079,13,73770450,rs4375550,0.099
13,73728139,rs9600079,13,73770914,rs11430980,0.165
13,73728139,rs9600079,13,73771178,rs1410097,0.072
13,73728139,rs9600079,13,73771206,rs1410098,0.149
13,73728139,rs9600079,13,73771272,rs1410099,0.097
13,73728139,rs9600079,13,73771657,rs6562741,0.097
13,73728139,rs9600079,13,73771707,chr13_73771707_C_T,0.097
13,73728139,rs9600079,13,73771713,rs6562743,0.094
13,73728139,rs9600079,13,73772652,rs67029644,0.091
13,73728139,rs9600079,13,73773068,chr13_73773068_C_T,0.094
13,73728139,rs9600079,13,73777267,rs7995383,0.063
13,73728139,rs9600079,13,73777348,chr13_73777348_C_G,0.063
13,73728139,rs9600079,13,73777572,rs7337332,0.088
13,73728139,rs9600079,13,73778794,rs9600090,0.066
13,73728139,rs9600079,13,73780545,rs9573130,0.066
13,73728139,rs9600079,13,73781146,rs9600091,0.066
13,73728139,rs9600079,13,73781799,rs372058380,0.065
13,73728139,rs9600079,13,73782848,rs2148928,0.065
13,73728139,rs9600079,13,73784243,rs9573134,0.066
13,73728139,rs9600079,13,73784759,rs9573135,0.065
13,73728139,rs9600079,13,73784948,chr13_73784948_C_T,0.066
13,73728139,rs9600079,13,73785053,rs9592888,0.066
13,73728139,rs9600079,13,73785318,rs9600093,0.066
13,73728139,rs9600079,13,73785608,rs71654776,0.058
13,73728139,rs9600079,13,73787176,rs78238427,0.092
13,73728139,rs9600079,13,73789717,chr13_73789717_C_T,0.088
13,73728139,rs9600079,13,73790426,rs60161656,0.059
13,73728139,rs9600079,13,73791719,rs1810841,0.155
13,73728139,rs9600079,13,73793030,rs9564952,0.14
13,73728139,rs9600079,13,73794234,rs35587703,0.128
13,73728139,rs9600079,13,73794367,rs7492187,0.134
13,73728139,rs9600079,13,73797419,chr13_73797419_A_G,0.054
13,73743899,rs9600082,13,73295684,chr13_73295684_A_G,0.082
13,73743899,rs9600082,13,73401376,13:73401376:ATTT:A,0.053
13,73743899,rs9600082,13,73411926,rs143922521,0.054
13,73743899,rs9600082,13,73438070,rs79991948,0.058
13,73743899,rs9600082,13,73503439,chr13_73503439_G_T,0.058
13,73743899,rs9600082,13,73575270,chr13_73575270_A_G,0.058
13,73743899,rs9600082,13,73608708,chr13_73608708_A_G,0.054
13,73743899,rs9600082,13,73613001,rs7991529,0.051
13,73743899,rs9600082,13,73620008,rs11842886,0.051
13,73743899,rs9600082,13,73620241,rs11465047,0.052
13,73743899,rs9600082,13,73620586,rs10671743,0.059
13,73743899,rs9600082,13,73620592,rs7985650,0.053
13,73743899,rs9600082,13,73644195,chr13_73644195_C_T,0.091
13,73743899,rs9600082,13,73645369,rs34946519,0.091
13,73743899,rs9600082,13,73649333,rs9573096,0.067
13,73743899,rs9600082,13,73652158,chr13_73652158_C_T,0.142
13,73743899,rs9600082,13,73655338,chr13_73655338_C_T,0.057
13,73743899,rs9600082,13,73656032,chr13_73656032_A_G,0.168
13,73743899,rs9600082,13,73657132,rs9573102,0.169
13,73743899,rs9600082,13,73657697,rs71105914,0.157
13,73743899,rs9600082,13,73658273,rs9573103,0.194
13,73743899,rs9600082,13,73658280,rs9543227,0.114
13,73743899,rs9600082,13,73658544,chr13_73658544_A_G,0.196
13,73743899,rs9600082,13,73658830,rs11148930,0.056
13,73743899,rs9600082,13,73660569,rs2503698,0.137
13,73743899,rs9600082,13,73660982,chr13_73660982_A_G,0.255
13,73743899,rs9600082,13,73665173,rs60003408,0.159
13,73743899,rs9600082,13,73665758,rs140532718,0.3
13,73743899,rs9600082,13,73668747,rs3077668,0.118
13,73743899,rs9600082,13,73668818,rs67630276,0.149
13,73743899,rs9600082,13,73669508,rs9573105,0.303
13,73743899,rs9600082,13,73669891,rs3003858,0.303
13,73743899,rs9600082,13,73672282,rs9543231,0.076
13,73743899,rs9600082,13,73672588,rs7317858,0.076
13,73743899,rs9600082,13,73673005,rs2503683,0.299
13,73743899,rs9600082,13,73674216,chr13_73674216_A_G,0.302
13,73743899,rs9600082,13,73676673,rs2503687,0.304
13,73743899,rs9600082,13,73684153,rs2483175,0.332
13,73743899,rs9600082,13,73685856,rs201142723,0.054
13,73743899,rs9600082,13,73689886,rs60235953,0.331
13,73743899,rs9600082,13,73690822,rs2483176,0.333
13,73743899,rs9600082,13,73691528,chr13_73691528_G_T,0.329
13,73743899,rs9600082,13,73694142,rs150193743,0.244
13,73743899,rs9600082,13,73694144,rs9543232,0.244
13,73743899,rs9600082,13,73695280,rs148363927,0.333
13,73743899,rs9600082,13,73695281,rs141586030,0.333
13,73743899,rs9600082,13,73697410,chr13_73697410_A_T,0.333
13,73743899,rs9600082,13,73698466,rs12428214,0.054
13,73743899,rs9600082,13,73699186,rs2027019,0.083
13,73743899,rs9600082,13,73699989,chr13_73699989_A_T,0.083
13,73743899,rs9600082,13,73701852,rs2483184,0.343
13,73743899,rs9600082,13,73704119,rs2990870,0.354
13,73743899,rs9600082,13,73711349,chr13_73711349_A_G,0.07
13,73743899,rs9600082,13,73713447,rs7327286,0.71
13,73743899,rs9600082,13,73713875,rs7332697,0.209
13,73743899,rs9600082,13,73714290,rs7996468,0.592
13,73743899,rs9600082,13,73714301,rs11452649,0.431
13,73743899,rs9600082,13,73714675,rs12867899,0.052
13,73743899,rs9600082,13,73715341,rs943559,0.711
13,73743899,rs9600082,13,73715441,chr13_73715441_C_T,0.183
13,73743899,rs9600082,13,73716153,rs72525215,0.334
13,73743899,rs9600082,13,73716153,rs72525215,0.182
13,73743899,rs9600082,13,73716317,rs1108921,0.711
13,73743899,rs9600082,13,73716626,rs4242949,0.706
13,73743899,rs9600082,13,73716824,rs7489384,0.708
13,73743899,rs9600082,13,73716861,rs7489409,0.735
13,73743899,rs9600082,13,73717099,rs3929754,0.736
13,73743899,rs9600082,13,73717152,chr13_73717152_C_T,0.058
13,73743899,rs9600082,13,73717331,rs7983677,0.203
13,73743899,rs9600082,13,73717800,rs147707062,0.053
13,73743899,rs9600082,13,73717865,rs7987565,0.141
13,73743899,rs9600082,13,73717945,rs7987732,0.141
13,73743899,rs9600082,13,73718257,rs67581291,0.704
13,73743899,rs9600082,13,73719502,rs67454090,0.16
13,73743899,rs9600082,13,73719589,chr13_73719589_A_C,0.278
13,73743899,rs9600082,13,73719777,rs9543236,0.738
13,73743899,rs9600082,13,73720118,rs9543238,0.278
13,73743899,rs9600082,13,73722830,rs9530156,0.175
13,73743899,rs9600082,13,73723941,rs5804662,0.153
13,73743899,rs9600082,13,73724131,rs7981432,0.052
13,73743899,rs9600082,13,73724876,rs12018601,0.397
13,73743899,rs9600082,13,73724885,rs12018010,0.397
13,73743899,rs9600082,13,73725334,rs57212342,0.752
13,73743899,rs9600082,13,73725782,rs12184909,0.756
13,73743899,rs9600082,13,73726032,chr13_73726032_C_T,0.055
13,73743899,rs9600082,13,73726211,rs9600077,0.396
13,73743899,rs9600082,13,73727163,chr13_73727163_G_T,0.344
13,73743899,rs9600082,13,73728139,rs9600079,0.176
13,73743899,rs9600082,13,73728418,rs7987255,0.162
13,73743899,rs9600082,13,73728457,rs11619956,0.179
13,73743899,rs9600082,13,73728540,rs11619950,0.179
13,73743899,rs9600082,13,73728619,chr13_73728619_A_G,0.179
13,73743899,rs9600082,13,73729587,chr13_73729587_A_T,0.161
13,73743899,rs9600082,13,73730549,chr13_73730549_C_T,0.156
13,73743899,rs9600082,13,73730671,chr13_73730671_C_T,0.157
13,73743899,rs9600082,13,73730907,rs11413429,0.147
13,73743899,rs9600082,13,73731245,chr13_73731245_C_G,0.35
13,73743899,rs9600082,13,73731681,rs146228411,0.307
13,73743899,rs9600082,13,73731968,rs9600080,0.543
13,73743899,rs9600082,13,73732454,chr13_73732454_A_G,0.461
13,73743899,rs9600082,13,73732823,rs9592882,0.464
13,73743899,rs9600082,13,73733808,rs9592883,0.467
13,73743899,rs9600082,13,73734280,rs7139391,0.392
13,73743899,rs9600082,13,73734941,rs6562740,0.414
13,73743899,rs9600082,13,73735429,rs7323014,0.396
13,73743899,rs9600082,13,73735453,rs60084629,0.295
13,73743899,rs9600082,13,73736209,rs11303466,0.574
13,73743899,rs9600082,13,73736211,chr13_73736211_A_INDEL,0.557
13,73743899,rs9600082,13,73736251,rs7318120,0.574
13,73743899,rs9600082,13,73736713,rs144540012,0.519
13,73743899,rs9600082,13,73737046,rs7323629,0.422
13,73743899,rs9600082,13,73737069,rs7323651,0.196
13,73743899,rs9600082,13,73739742,rs34695385,0.056
13,73743899,rs9600082,13,73741109,rs17089934,0.056
13,73743899,rs9600082,13,73741812,rs17089936,0.056
13,73743899,rs9600082,13,73742283,rs9573120,0.075
13,73743899,rs9600082,13,73742450,rs71105936,0.057
13,73743899,rs9600082,13,73743899,rs9600082,1
13,73743899,rs9600082,13,73744669,rs9600083,0.997
13,73743899,rs9600082,13,73745126,chr13_73745126_A_G,0.061
13,73743899,rs9600082,13,73746040,chr13_73746040_G_T,0.085
13,73743899,rs9600082,13,73746904,chr13_73746904_C_T,0.77
13,73743899,rs9600082,13,73747284,chr13_73747284_C_T,0.221
13,73743899,rs9600082,13,73748144,chr13_73748144_G_T,0.182
13,73743899,rs9600082,13,73750618,rs7334115,0.088
13,73743899,rs9600082,13,73751557,chr13_73751557_A_C,0.104
13,73743899,rs9600082,13,73751573,chr13_73751573_C_T,0.072
13,73743899,rs9600082,13,73752252,rs35823052,0.065
13,73743899,rs9600082,13,73753285,rs4885066,0.102
13,73743899,rs9600082,13,73754437,rs9592885,0.103
13,73743899,rs9600082,13,73755474,rs34176083,0.081
13,73743899,rs9600082,13,73755506,rs11841959,0.071
13,73743899,rs9600082,13,73756075,rs9592886,0.07
13,73743899,rs9600082,13,73756076,rs9600084,0.07
13,73743899,rs9600082,13,73756636,rs9600085,0.117
13,73743899,rs9600082,13,73756857,13:73756857:TTTTG:TTTTGTTTG,0.097
13,73743899,rs9600082,13,73756923,rs9543254,0.1
13,73743899,rs9600082,13,73757025,rs9543255,0.1
13,73743899,rs9600082,13,73758580,rs9573126,0.099
13,73743899,rs9600082,13,73758839,rs11843243,0.116
13,73743899,rs9600082,13,73759038,rs200914437,0.135
13,73743899,rs9600082,13,73759236,rs35048046,0.069
13,73743899,rs9600082,13,73759349,rs7992919,0.098
13,73743899,rs9600082,13,73760307,chr13_73760307_A_G,0.097
13,73743899,rs9600082,13,73760317,chr13_73760317_C_T,0.108
13,73743899,rs9600082,13,73760623,rs4356353,0.097
13,73743899,rs9600082,13,73760792,rs11620105,0.115
13,73743899,rs9600082,13,73761044,rs115489432,0.11
13,73743899,rs9600082,13,73761100,rs111299394,0.09
13,73743899,rs9600082,13,73761264,rs10581586,0.105
13,73743899,rs9600082,13,73761496,rs9600087,0.068
13,73743899,rs9600082,13,73761550,rs9564950,0.068
13,73743899,rs9600082,13,73761770,rs9600088,0.104
13,73743899,rs9600082,13,73761997,rs7989341,0.104
13,73743899,rs9600082,13,73762687,rs9543256,0.104
13,73743899,rs9600082,13,73762846,chr13_73762846_A_G,0.064
13,73743899,rs9600082,13,73763363,rs150965653,0.071
13,73743899,rs9600082,13,73763425,rs34579369,0.104
13,73743899,rs9600082,13,73765221,rs35456240,0.083
13,73743899,rs9600082,13,73765343,rs1998983,0.111
13,73743899,rs9600082,13,73765600,rs9600089,0.066
13,73743899,rs9600082,13,73765835,rs9543258,0.101
13,73743899,rs9600082,13,73766209,rs7981649,0.095
13,73743899,rs9600082,13,73766272,rs7982992,0.102
13,73743899,rs9600082,13,73766389,rs7983169,0.101
13,73743899,rs9600082,13,73766780,rs7988134,0.095
13,73743899,rs9600082,13,73766784,rs7986852,0.095
13,73743899,rs9600082,13,73766872,rs7988300,0.095
13,73743899,rs9600082,13,73767166,rs7324143,0.103
13,73743899,rs9600082,13,73767189,rs7323673,0.099
13,73743899,rs9600082,13,73767231,rs7325371,0.103
13,73743899,rs9600082,13,73768013,rs1927192,0.103
13,73743899,rs9600082,13,73768029,rs1927191,0.103
13,73743899,rs9600082,13,73768473,13:73768473:T:TCCCCC,0.102
13,73743899,rs9600082,13,73768550,chr13_73768550_A_G,0.103
13,73743899,rs9600082,13,73768710,chr13_73768710_INDEL_TG,0.103
13,73743899,rs9600082,13,73769284,rs8000639,0.103
13,73743899,rs9600082,13,73769533,rs9543259,0.066
13,73743899,rs9600082,13,73769609,rs9543260,0.066
13,73743899,rs9600082,13,73770085,rs1998982,0.103
13,73743899,rs9600082,13,73770218,chr13_73770218_A_C,0.103
13,73743899,rs9600082,13,73770309,rs4304921,0.103
13,73743899,rs9600082,13,73770450,rs4375550,0.103
13,73743899,rs9600082,13,73770914,rs11430980,0.118
13,73743899,rs9600082,13,73771178,rs1410097,0.088
13,73743899,rs9600082,13,73771206,rs1410098,0.113
13,73743899,rs9600082,13,73771272,rs1410099,0.104
13,73743899,rs9600082,13,73771657,rs6562741,0.105
13,73743899,rs9600082,13,73771707,chr13_73771707_C_T,0.104
13,73743899,rs9600082,13,73771713,rs6562743,0.111
13,73743899,rs9600082,13,73772652,rs67029644,0.109
13,73743899,rs9600082,13,73773068,chr13_73773068_C_T,0.111
13,73743899,rs9600082,13,73775862,chr13_73775862_A_T,0.091
13,73743899,rs9600082,13,73775971,chr13_73775971_C_T,0.091
13,73743899,rs9600082,13,73777267,rs7995383,0.132
13,73743899,rs9600082,13,73777348,chr13_73777348_C_G,0.132
13,73743899,rs9600082,13,73777572,rs7337332,0.077
13,73743899,rs9600082,13,73778238,rs61272564,0.076
13,73743899,rs9600082,13,73778530,chr13_73778530_C_G,0.074
13,73743899,rs9600082,13,73778767,chr13_73778767_A_G,0.118
13,73743899,rs9600082,13,73778794,rs9600090,0.131
13,73743899,rs9600082,13,73779764,rs9543268,0.118
13,73743899,rs9600082,13,73780430,rs12860332,0.118
13,73743899,rs9600082,13,73780545,rs9573130,0.13
13,73743899,rs9600082,13,73780870,chr13_73780870_A_G,0.056
13,73743899,rs9600082,13,73781146,rs9600091,0.13
13,73743899,rs9600082,13,73781758,rs74950721,0.12
13,73743899,rs9600082,13,73781799,rs372058380,0.131
13,73743899,rs9600082,13,73781880,rs9543269,0.073
13,73743899,rs9600082,13,73782460,rs9573132,0.073
13,73743899,rs9600082,13,73782848,rs2148928,0.129
13,73743899,rs9600082,13,73784243,rs9573134,0.13
13,73743899,rs9600082,13,73784759,rs9573135,0.129
13,73743899,rs9600082,13,73784948,chr13_73784948_C_T,0.13
13,73743899,rs9600082,13,73785053,rs9592888,0.13
13,73743899,rs9600082,13,73785318,rs9600093,0.129
13,73743899,rs9600082,13,73785608,rs71654776,0.114
13,73743899,rs9600082,13,73786349,rs12050014,0.07
13,73743899,rs9600082,13,73787176,rs78238427,0.149
13,73743899,rs9600082,13,73789717,chr13_73789717_C_T,0.074
13,73743899,rs9600082,13,73790034,rs7335394,0.05
13,73743899,rs9600082,13,73791719,rs1810841,0.072
13,73743899,rs9600082,13,73793030,rs9564952,0.062
13,73743899,rs9600082,13,73797768,chr13_73797768_A_G,0.055
13,73995877,rs7336001,13,73867349,chr13_73867349_A_T,0.094
13,73995877,rs7336001,13,73878790,rs58713924,0.113
13,73995877,rs7336001,13,73885597,rs61958774,0.113
13,73995877,rs7336001,13,73888796,rs1576456,0.11
13,73995877,rs7336001,13,73889350,rs11840561,0.113
13,73995877,rs7336001,13,73893387,rs61958775,0.122
13,73995877,rs7336001,13,73893569,chr13_73893569_C_T,0.121
13,73995877,rs7336001,13,73924902,chr13_73924902_C_T,0.205
13,73995877,rs7336001,13,73939348,chr13_73939349_AGT_INDEL,0.053
13,73995877,rs7336001,13,73945735,rs12429549,0.054
13,73995877,rs7336001,13,73950776,rs4885095,0.06
13,73995877,rs7336001,13,73955582,chr13_73955582_C_T,0.071
13,73995877,rs7336001,13,73956912,chr13_73956912_A_T,0.071
13,73995877,rs7336001,13,73957042,chr13_73957042_C_G,0.071
13,73995877,rs7336001,13,73959103,rs12430896,0.075
13,73995877,rs7336001,13,73959115,rs12869114,0.075
13,73995877,rs7336001,13,73960012,rs12864778,0.073
13,73995877,rs7336001,13,73961033,rs7338457,0.076
13,73995877,rs7336001,13,73961214,rs7139908,0.075
13,73995877,rs7336001,13,73961899,chr13_73961899_C_T,0.075
13,73995877,rs7336001,13,73962862,chr13_73962862_A_G,0.057
13,73995877,rs7336001,13,73966680,rs11442293,0.075
13,73995877,rs7336001,13,73967826,chr13_73967826_C_T,0.075
13,73995877,rs7336001,13,73967927,rs4885098,0.058
13,73995877,rs7336001,13,73995877,rs7336001,1
13,73995877,rs7336001,13,74017859,rs113012831,0.057
13,73995877,rs7336001,13,74026821,chr13_74026821_C_T,0.086
13,73995877,rs7336001,13,74084684,rs61957204,0.722
13,73995877,rs7336001,13,74142058,chr13_74142058_A_G,0.485
13,73995877,rs7336001,13,74152626,rs78321596,0.178
13,73995877,rs7336001,13,74183697,rs142373055,0.057
13,73995877,rs7336001,13,74214014,chr13_74214014_C_T,0.162
13,73995877,rs7336001,13,74285502,chr13_74285502_A_G,0.131
13,74084684,rs61957204,13,73867349,chr13_73867349_A_T,0.052
13,74084684,rs61957204,13,73878790,rs58713924,0.098
13,74084684,rs61957204,13,73885597,rs61958774,0.099
13,74084684,rs61957204,13,73888796,rs1576456,0.096
13,74084684,rs61957204,13,73889350,rs11840561,0.099
13,74084684,rs61957204,13,73893387,rs61958775,0.108
13,74084684,rs61957204,13,73893569,chr13_73893569_C_T,0.107
13,74084684,rs61957204,13,73924902,chr13_73924902_C_T,0.175
13,74084684,rs61957204,13,73955582,chr13_73955582_C_T,0.055
13,74084684,rs61957204,13,73956912,chr13_73956912_A_T,0.055
13,74084684,rs61957204,13,73957042,chr13_73957042_C_G,0.055
13,74084684,rs61957204,13,73959103,rs12430896,0.058
13,74084684,rs61957204,13,73959115,rs12869114,0.058
13,74084684,rs61957204,13,73960012,rs12864778,0.056
13,74084684,rs61957204,13,73961033,rs7338457,0.059
13,74084684,rs61957204,13,73961214,rs7139908,0.058
13,74084684,rs61957204,13,73961899,chr13_73961899_C_T,0.058
13,74084684,rs61957204,13,73966680,rs11442293,0.058
13,74084684,rs61957204,13,73967826,chr13_73967826_C_T,0.058
13,74084684,rs61957204,13,73995877,rs7336001,0.722
13,74084684,rs61957204,13,74026821,chr13_74026821_C_T,0.064
13,74084684,rs61957204,13,74084684,rs61957204,1
13,74084684,rs61957204,13,74097003,rs2039663,0.054
13,74084684,rs61957204,13,74100578,rs143049458,0.067
13,74084684,rs61957204,13,74106131,rs7318906,0.059
13,74084684,rs61957204,13,74106939,rs9318186,0.053
13,74084684,rs61957204,13,74108587,chr13_74108587_G_T,0.059
13,74084684,rs61957204,13,74110412,rs9318187,0.05
13,74084684,rs61957204,13,74110416,rs9318188,0.05
13,74084684,rs61957204,13,74110458,rs9285285,0.05
13,74084684,rs61957204,13,74116093,rs34527101,0.052
13,74084684,rs61957204,13,74124676,rs12876036,0.056
13,74084684,rs61957204,13,74126852,rs1034048,0.055
13,74084684,rs61957204,13,74127290,rs12428061,0.055
13,74084684,rs61957204,13,74130675,rs1337298,0.055
13,74084684,rs61957204,13,74135998,rs9318191,0.055
13,74084684,rs61957204,13,74142058,chr13_74142058_A_G,0.653
13,74084684,rs61957204,13,74142476,rs7989486,0.056
13,74084684,rs61957204,13,74143198,rs9543396,0.056
13,74084684,rs61957204,13,74144862,rs9543398,0.056
13,74084684,rs61957204,13,74146049,rs4885108,0.056
13,74084684,rs61957204,13,74148368,rs2095646,0.056
13,74084684,rs61957204,13,74150398,rs9543400,0.055
13,74084684,rs61957204,13,74152626,rs78321596,0.199
13,74084684,rs61957204,13,74156765,rs60984169,0.055
13,74084684,rs61957204,13,74159779,rs12428715,0.056
13,74084684,rs61957204,13,74161036,rs12429699,0.056
13,74084684,rs61957204,13,74164268,rs9543406,0.055
13,74084684,rs61957204,13,74165424,chr13_74165424_A_G,0.055
13,74084684,rs61957204,13,74168093,rs28512413,0.055
13,74084684,rs61957204,13,74169239,rs35102019,0.055
13,74084684,rs61957204,13,74169714,rs2875661,0.055
13,74084684,rs61957204,13,74175004,rs7984950,0.054
13,74084684,rs61957204,13,74179586,rs2184896,0.054
13,74084684,rs61957204,13,74183697,rs142373055,0.073
13,74084684,rs61957204,13,74183838,rs9543413,0.053
13,74084684,rs61957204,13,74184893,rs6562771,0.053
13,74084684,rs61957204,13,74185223,chr13_74185223_C_T,0.053
13,74084684,rs61957204,13,74188014,rs9600143,0.05
13,74084684,rs61957204,13,74188024,rs9318194,0.051
13,74084684,rs61957204,13,74214014,chr13_74214014_C_T,0.235
13,74084684,rs61957204,13,74285502,chr13_74285502_A_G,0.18
