CHR_A,BP_A,SNP_A,CHR_B,BP_B,SNP_B,R2
1,205731166,rs397982729,1,205565672,1:205565672:CAAAAAAAAAAA:C,0.083
1,205731166,rs397982729,1,205574798,rs66532941,0.067
1,205731166,rs397982729,1,205575535,rs6668187,0.054
1,205731166,rs397982729,1,205598912,rs72750910,0.078
1,205731166,rs397982729,1,205606982,rs11580704,0.073
1,205731166,rs397982729,1,205607514,rs10900518,0.109
1,205731166,rs397982729,1,205607932,rs12760905,0.109
1,205731166,rs397982729,1,205608132,rs11579937,0.108
1,205731166,rs397982729,1,205610149,rs3949286,0.109
1,205731166,rs397982729,1,205612646,rs60890169,0.078
1,205731166,rs397982729,1,205615287,rs9726591,0.11
1,205731166,rs397982729,1,205615947,rs4951250,0.109
1,205731166,rs397982729,1,205620884,rs111519240,0.078
1,205731166,rs397982729,1,205620895,rs111942467,0.079
1,205731166,rs397982729,1,205622275,rs11589772,0.099
1,205731166,rs397982729,1,205624756,rs76744374,0.084
1,205731166,rs397982729,1,205630893,rs3761916,0.125
1,205731166,rs397982729,1,205631767,rs16856110,0.173
1,205731166,rs397982729,1,205632932,rs11240547,0.114
1,205731166,rs397982729,1,205636334,rs4951018,0.177
1,205731166,rs397982729,1,205636907,rs1573104,0.091
1,205731166,rs397982729,1,205637501,rs7529037,0.092
1,205731166,rs397982729,1,205639045,rs3902968,0.086
1,205731166,rs397982729,1,205641343,rs55915134,0.078
1,205731166,rs397982729,1,205641826,rs11240551,0.26
1,205731166,rs397982729,1,205643365,rs61824660,0.225
1,205731166,rs397982729,1,205643397,rs139963187,0.225
1,205731166,rs397982729,1,205643920,rs141969842,0.055
1,205731166,rs397982729,1,205645063,rs4951255,0.262
1,205731166,rs397982729,1,205645310,rs78347477,0.052
1,205731166,rs397982729,1,205646278,rs1418653,0.577
1,205731166,rs397982729,1,205646458,rs1418652,0.34
1,205731166,rs397982729,1,205646646,rs868844,0.261
1,205731166,rs397982729,1,205647155,rs1772139,0.578
1,205731166,rs397982729,1,205647508,rs2793374,0.578
1,205731166,rs397982729,1,205648707,rs1775147,0.081
1,205731166,rs397982729,1,205648805,rs1772138,0.081
1,205731166,rs397982729,1,205649327,rs1772137,0.081
1,205731166,rs397982729,1,205650138,rs1775152,0.081
1,205731166,rs397982729,1,205650271,rs1775153,0.134
1,205731166,rs397982729,1,205651420,rs113058022,0.079
1,205731166,rs397982729,1,205651477,rs1772136,0.134
1,205731166,rs397982729,1,205651483,rs1772135,0.081
1,205731166,rs397982729,1,205651513,rs1772134,0.081
1,205731166,rs397982729,1,205651560,rs149256505,0.261
1,205731166,rs397982729,1,205651560,1:205651560:A:AAATAATAATAAT,0.516
1,205731166,rs397982729,1,205651810,rs1772133,0.081
1,205731166,rs397982729,1,205652472,rs4245718,0.261
1,205731166,rs397982729,1,205652705,rs4951256,0.081
1,205731166,rs397982729,1,205653056,rs11582805,0.495
1,205731166,rs397982729,1,205653131,rs12023314,0.081
1,205731166,rs397982729,1,205653261,rs28721375,0.081
1,205731166,rs397982729,1,205653580,rs11580364,0.081
1,205731166,rs397982729,1,205653683,rs149863706,0.081
1,205731166,rs397982729,1,205653756,rs6685188,0.134
1,205731166,rs397982729,1,205653975,rs35638143,0.495
1,205731166,rs397982729,1,205653978,rs34881148,0.495
1,205731166,rs397982729,1,205654061,rs6693913,0.261
1,205731166,rs397982729,1,205655073,rs1094648,0.081
1,205731166,rs397982729,1,205655378,rs1094647,0.495
1,205731166,rs397982729,1,205655725,rs16856148,0.081
1,205731166,rs397982729,1,205656022,rs823107,0.081
1,205731166,rs397982729,1,205656263,rs60699844,0.077
1,205731166,rs397982729,1,205656583,rs4601639,0.261
1,205731166,rs397982729,1,205657570,rs823105,0.518
1,205731166,rs397982729,1,205657891,rs823104,0.086
1,205731166,rs397982729,1,205658939,rs1172199,0.094
1,205731166,rs397982729,1,205659491,rs7520276,0.082
1,205731166,rs397982729,1,205661367,rs16856160,0.082
1,205731166,rs397982729,1,205661405,rs58838397,0.098
1,205731166,rs397982729,1,205661614,rs12752037,0.102
1,205731166,rs397982729,1,205661964,rs12037559,0.239
1,205731166,rs397982729,1,205662144,rs10751444,0.142
1,205731166,rs397982729,1,205662337,rs6593964,0.142
1,205731166,rs397982729,1,205662718,rs1172198,0.526
1,205731166,rs397982729,1,205662977,rs6676110,0.142
1,205731166,rs397982729,1,205663213,rs55858232,0.08
1,205731166,rs397982729,1,205663575,rs72419211,0.082
1,205731166,rs397982729,1,205663956,rs10900521,0.082
1,205731166,rs397982729,1,205663993,rs55776455,0.318
1,205731166,rs397982729,1,205664544,rs7542712,0.082
1,205731166,rs397982729,1,205665167,rs823102,0.528
1,205731166,rs397982729,1,205666272,rs75506911,0.172
1,205731166,rs397982729,1,205667006,rs823101,0.533
1,205731166,rs397982729,1,205669322,rs823099,0.617
1,205731166,rs397982729,1,205670369,rs6673687,0.489
1,205731166,rs397982729,1,205671644,rs11240554,0.392
1,205731166,rs397982729,1,205672107,chr1_205672107_A_C,0.576
1,205731166,rs397982729,1,205672187,rs11285952,0.063
1,205731166,rs397982729,1,205672285,rs71762466,0.251
1,205731166,rs397982729,1,205673252,rs72750963,0.056
1,205731166,rs397982729,1,205675240,rs72750964,0.637
1,205731166,rs397982729,1,205675429,rs112215351,0.259
1,205731166,rs397982729,1,205676088,rs11580015,0.65
1,205731166,rs397982729,1,205676263,rs12748961,0.054
1,205731166,rs397982729,1,205677148,rs3747973,0.382
1,205731166,rs397982729,1,205677335,rs3747972,0.054
1,205731166,rs397982729,1,205678043,rs12030754,0.268
1,205731166,rs397982729,1,205678481,rs55735020,0.515
1,205731166,rs397982729,1,205678483,rs140801892,0.515
1,205731166,rs397982729,1,205679239,rs823095,0.697
1,205731166,rs397982729,1,205679887,rs823096,0.64
1,205731166,rs397982729,1,205681370,rs823097,0.699
1,205731166,rs397982729,1,205681595,rs140020090,0.175
1,205731166,rs397982729,1,205683355,rs3805,0.054
1,205731166,rs397982729,1,205684067,rs10900522,0.268
1,205731166,rs397982729,1,205685352,rs951366,0.51
1,205731166,rs397982729,1,205686523,rs386369425,0.647
1,205731166,rs397982729,1,205687348,rs71709139,0.702
1,205731166,rs397982729,1,205689807,rs823094,0.648
1,205731166,rs397982729,1,205690255,rs201970314,0.064
1,205731166,rs397982729,1,205690941,rs7545345,0.094
1,205731166,rs397982729,1,205691161,rs145557339,0.701
1,205731166,rs397982729,1,205691316,rs4951258,0.51
1,205731166,rs397982729,1,205691546,rs4951023,0.511
1,205731166,rs397982729,1,205692084,rs1935025,0.317
1,205731166,rs397982729,1,205694720,rs3761919,0.317
1,205731166,rs397982729,1,205696615,rs1775154,0.703
1,205731166,rs397982729,1,205698026,rs7513645,0.317
1,205731166,rs397982729,1,205699075,rs71633561,0.054
1,205731166,rs397982729,1,205701078,rs823110,0.701
1,205731166,rs397982729,1,205701870,rs823111,0.701
1,205731166,rs397982729,1,205704580,rs1772148,0.701
1,205731166,rs397982729,1,205707142,rs77365272,0.154
1,205731166,rs397982729,1,205709621,rs11240559,0.318
1,205731166,rs397982729,1,205710333,rs71755343,0.701
1,205731166,rs397982729,1,205711974,rs864783,0.701
1,205731166,rs397982729,1,205712196,rs71970505,0.054
1,205731166,rs397982729,1,205712957,rs11240561,0.318
1,205731166,rs397982729,1,205714372,rs823130,0.693
1,205731166,rs397982729,1,205714478,rs12046305,0.318
1,205731166,rs397982729,1,205714616,rs55737937,0.365
1,205731166,rs397982729,1,205715615,chr1_205715615_ACTA_INDEL,0.509
1,205731166,rs397982729,1,205716582,rs79218503,0.061
1,205731166,rs397982729,1,205717676,rs73080333,0.086
1,205731166,rs397982729,1,205717823,rs4951261,0.511
1,205731166,rs397982729,1,205718468,rs12047038,0.318
1,205731166,rs397982729,1,205718858,rs7536483,0.703
1,205731166,rs397982729,1,205719191,rs111265946,0.086
1,205731166,rs397982729,1,205719532,rs823114,0.463
1,205731166,rs397982729,1,205720212,rs12564209,0.055
1,205731166,rs397982729,1,205720483,rs823116,0.463
1,205731166,rs397982729,1,205722958,rs11240565,0.527
1,205731166,rs397982729,1,205723572,rs823118,0.463
1,205731166,rs397982729,1,205723639,rs1891461,0.332
1,205731166,rs397982729,1,205723778,rs2096078,0.057
1,205731166,rs397982729,1,205723898,rs5780297,0.329
1,205731166,rs397982729,1,205724278,rs138568057,0.323
1,205731166,rs397982729,1,205724302,rs823121,0.704
1,205731166,rs397982729,1,205728574,rs111878459,0.085
1,205731166,rs397982729,1,205730573,rs56276813,0.33
1,205731166,rs397982729,1,205731166,rs397982729,1
1,205731166,rs397982729,1,205734032,rs1832775,0.329
1,205731166,rs397982729,1,205735612,rs2014202,0.476
1,205731166,rs397982729,1,205735854,rs71633563,0.055
1,205731166,rs397982729,1,205735864,rs7522043,0.086
1,205731166,rs397982729,1,205735891,rs7522056,0.475
1,205731166,rs397982729,1,205736285,rs823152,0.701
1,205731166,rs397982729,1,205737511,rs112406833,0.085
1,205731166,rs397982729,1,205737739,rs11557080,0.055
1,205731166,rs397982729,1,205738302,rs823137,0.703
1,205731166,rs397982729,1,205738327,rs71762778,0.332
1,205731166,rs397982729,1,205738914,rs12127133,0.057
1,205731166,rs397982729,1,205739266,rs708723,0.464
1,205731166,rs397982729,1,205739382,rs78087596,0.062
1,205731166,rs397982729,1,205740437,rs58121045,0.252
1,205731166,rs397982729,1,205741426,rs823141,0.692
1,205731166,rs397982729,1,205743425,rs823143,0.688
1,205731166,rs397982729,1,205743663,rs708724,0.687
1,205731166,rs397982729,1,205744138,rs708725,0.687
1,205731166,rs397982729,1,205744218,chr1_205744218_C_T,0.112
1,205731166,rs397982729,1,205744546,rs823144,0.134
1,205731166,rs397982729,1,205745684,rs1775151,0.134
1,205731166,rs397982729,1,205745782,rs1772153,0.122
1,205731166,rs397982729,1,205745932,rs1772154,0.122
1,205731166,rs397982729,1,205745960,rs6683517,0.245
1,205731166,rs397982729,1,205746989,rs12031215,0.244
1,205731166,rs397982729,1,205747438,rs59885776,0.124
1,205731166,rs397982729,1,205748309,rs10900524,0.121
1,205731166,rs397982729,1,205748995,rs863724,0.059
1,205731166,rs397982729,1,205750661,rs35985652,0.244
1,205731166,rs397982729,1,205750665,rs71568071,0.244
1,205731166,rs397982729,1,205751182,rs112632065,0.112
1,205731166,rs397982729,1,205751196,rs863725,0.133
1,205731166,rs397982729,1,205751611,rs144811873,0.244
1,205731166,rs397982729,1,205752665,rs947211,0.134
1,205731166,rs397982729,1,205752690,rs73080374,0.076
1,205731166,rs397982729,1,205752894,rs1772156,0.121
1,205731166,rs397982729,1,205753097,rs885224,0.134
1,205731166,rs397982729,1,205753675,rs1775158,0.135
1,205731166,rs397982729,1,205753808,rs1772157,0.124
1,205731166,rs397982729,1,205753812,rs1775159,0.136
1,205731166,rs397982729,1,205753820,rs1772158,0.136
1,205731166,rs397982729,1,205753870,rs5014255,0.136
1,205731166,rs397982729,1,205753877,rs5014256,0.136
1,205731166,rs397982729,1,205754688,rs10494874,0.242
1,205731166,rs397982729,1,205755046,rs12565968,0.131
1,205731166,rs397982729,1,205755144,rs12565321,0.131
1,205731166,rs397982729,1,205755151,rs12567894,0.131
1,205731166,rs397982729,1,205755265,rs11240567,0.132
1,205731166,rs397982729,1,205755550,rs1775143,0.132
1,205731166,rs397982729,1,205756143,rs1775145,0.144
1,205731166,rs397982729,1,205756168,rs1775146,0.131
1,205731166,rs397982729,1,205756484,rs6679073,0.242
1,205731166,rs397982729,1,205757569,rs7536285,0.132
1,205731166,rs397982729,1,205757692,rs7513115,0.132
1,205731166,rs397982729,1,205757800,rs10682043,0.085
1,205731166,rs397982729,1,205757824,rs1775148,0.369
1,205731166,rs397982729,1,205759195,rs1772159,0.609
1,205731166,rs397982729,1,205762069,rs954071,0.17
1,205731166,rs397982729,1,205762139,rs708726,0.093
1,205731166,rs397982729,1,205762406,rs823154,0.604
1,205731166,rs397982729,1,205762946,rs823155,0.093
1,205731166,rs397982729,1,205767885,rs708727,0.551
1,205731166,rs397982729,1,205768309,rs4396169,0.229
1,205731166,rs397982729,1,205769223,rs9438392,0.185
1,205731166,rs397982729,1,205771782,rs7540981,0.229
1,205731166,rs397982729,1,205774839,rs823074,0.548
1,205731166,rs397982729,1,205774897,rs823075,0.548
1,205731166,rs397982729,1,205776857,rs79162712,0.126
1,205731166,rs397982729,1,205779231,rs11240569,0.228
1,205731166,rs397982729,1,205782509,rs56152218,0.158
1,205731166,rs397982729,1,205782718,rs9438393,0.545
1,205731166,rs397982729,1,205784828,rs113740521,0.174
1,205731166,rs397982729,1,205785485,rs1891092,0.115
1,205731166,rs397982729,1,205785638,rs1891093,0.114
1,205731166,rs397982729,1,205785932,rs1891094,0.115
1,205731166,rs397982729,1,205786935,rs823082,0.364
1,205731166,rs397982729,1,205788134,chr1_205788135_C_INDEL,0.074
1,205731166,rs397982729,1,205788994,rs823081,0.156
1,205731166,rs397982729,1,205789282,rs823080,0.543
1,205731166,rs397982729,1,205789455,rs7538321,0.125
1,205731166,rs397982729,1,205790722,rs35362145,0.361
1,205731166,rs397982729,1,205792195,rs34196524,0.177
1,205731166,rs397982729,1,205792836,rs823091,0.153
1,205731166,rs397982729,1,205793857,rs59244034,0.131
1,205731166,rs397982729,1,205794047,rs823090,0.168
1,205731166,rs397982729,1,205794142,rs823089,0.174
1,205731166,rs397982729,1,205794175,rs823088,0.168
1,205731166,rs397982729,1,205794667,rs823087,0.168
1,205731166,rs397982729,1,205795281,rs708728,0.168
1,205731166,rs397982729,1,205795960,rs7529407,0.115
1,205731166,rs397982729,1,205796276,rs12071261,0.114
1,205731166,rs397982729,1,205797413,rs823086,0.168
1,205731166,rs397982729,1,205798313,rs823084,0.361
1,205731166,rs397982729,1,205798532,rs823083,0.153
1,205731166,rs397982729,1,205799987,rs1772143,0.54
1,205731166,rs397982729,1,205800694,rs35289636,0.092
1,205731166,rs397982729,1,205801872,rs1361754,0.36
1,205731166,rs397982729,1,205803284,rs34037383,0.3
1,205731166,rs397982729,1,205805467,rs72750996,0.053
1,205731166,rs397982729,1,205805745,rs7546846,0.115
1,205731166,rs397982729,1,205807379,rs35550698,0.114
1,205731166,rs397982729,1,205807504,rs954206,0.218
1,205731166,rs397982729,1,205808215,rs4264050,0.154
1,205731166,rs397982729,1,205809642,rs10900525,0.171
1,205731166,rs397982729,1,205810630,rs7539565,0.088
1,205731166,rs397982729,1,205812614,rs960603,0.282
1,205731166,rs397982729,1,205813672,rs11240574,0.226
1,205731166,rs397982729,1,205814485,rs1104899,0.094
1,205731166,rs397982729,1,205815930,rs114984993,0.05
1,205731166,rs397982729,1,205815992,rs7517009,0.175
1,205731166,rs397982729,1,205816191,rs4951029,0.175
1,205731166,rs397982729,1,205816893,rs112268616,0.143
1,205731166,rs397982729,1,205818372,rs57904872,0.109
1,205731166,rs397982729,1,205820182,rs10711483,0.095
1,205731166,rs397982729,1,205821154,rs6702688,0.214
1,205731166,rs397982729,1,205824359,rs2027528,0.095
1,205731166,rs397982729,1,205829587,rs60092747,0.096
1,205731166,rs397982729,1,205829860,rs9438431,0.214
1,205731166,rs397982729,1,205831735,rs57897938,0.096
1,205731166,rs397982729,1,205832381,rs4245721,0.215
1,205731166,rs397982729,1,205833831,rs7517201,0.215
1,205731166,rs397982729,1,205836494,rs77290895,0.096
1,205731166,rs397982729,1,205841152,rs9438394,0.215
1,205731166,rs397982729,1,205841477,rs36102202,0.078
1,205731166,rs397982729,1,205841714,rs7520875,0.211
1,205731166,rs397982729,1,205844122,rs4333900,0.214
1,205731166,rs397982729,1,205847669,rs7537069,0.22
1,205731166,rs397982729,1,205850252,rs6675675,0.22
1,205731166,rs397982729,1,205855329,rs1857075,0.068
1,205731166,rs397982729,1,205856682,rs12049590,0.097
1,205731166,rs397982729,1,205857451,rs11240586,0.077
1,205731166,rs397982729,1,205859798,rs12028467,0.096
1,205731166,rs397982729,1,205862188,rs6593970,0.096
1,205731166,rs397982729,1,205862243,rs6593971,0.215
1,205731166,rs397982729,1,205872631,rs201721837,0.096
1,205731166,rs397982729,1,205875634,rs200034747,0.097
1,205731166,rs397982729,1,205875724,rs73082365,0.096
1,205731166,rs397982729,1,205875850,rs9438436,0.221
1,205731166,rs397982729,1,205879964,rs4951270,0.219
1,205731166,rs397982729,1,205881194,rs17433088,0.098
1,205731166,rs397982729,1,205899595,rs7512462,0.055
1,205731166,rs397982729,1,205900503,rs12042328,0.129
1,205731166,rs397982729,1,205905768,rs12082872,0.135
1,205731166,rs397982729,1,205906897,rs7549173,0.124
1,205731166,rs397982729,1,205907018,rs11390376,0.115
1,205731166,rs397982729,1,205907796,rs7521316,0.162
1,205731166,rs397982729,1,205907872,rs2036100,0.054
1,205731166,rs397982729,1,205908186,rs1874361,0.061
1,205731166,rs397982729,1,205908630,rs11240598,0.154
1,205731166,rs397982729,1,205908867,rs7555534,0.161
1,205731166,rs397982729,1,205909276,rs6593975,0.14
1,205731166,rs397982729,1,205909285,rs6593976,0.14
1,205731166,rs397982729,1,205909565,rs11435826,0.135
1,205731166,rs397982729,1,205910080,rs61814953,0.058
1,205731166,rs397982729,1,205910604,rs6673820,0.145
1,205731166,rs397982729,1,205910631,rs6661355,0.144
1,205731166,rs397982729,1,205910883,rs7415921,0.133
1,205731166,rs397982729,1,205911385,rs1342061,0.15
1,205731166,rs397982729,1,205912786,rs1342062,0.114
1,205731166,rs397982729,1,205912859,rs1342063,0.062
1,205731166,rs397982729,1,205913073,rs1342064,0.062
1,205731166,rs397982729,1,205913747,rs4951030,0.06
1,205731166,rs397982729,1,205913848,rs4951271,0.061
1,205731166,rs397982729,1,205914757,rs4077468,0.062
1,205731166,rs397982729,1,205914885,rs4077469,0.062
1,205731166,rs397982729,1,205916699,rs12047830,0.102
1,205731166,rs397982729,1,205916937,rs56320248,0.11
1,205731166,rs397982729,1,205917309,rs7419153,0.105
1,205731166,rs397982729,1,205918020,rs7418300,0.141
1,205731166,rs397982729,1,205920680,rs6603929,0.125
1,205731166,rs397982729,1,205921246,rs11240600,0.132
1,205731166,rs397982729,1,205921352,rs11240601,0.133
1,205757824,rs1775148,1,205513384,rs16855869,0.064
1,205757824,rs1775148,1,205535633,rs75297088,0.073
1,205757824,rs1775148,1,205562414,rs111567922,0.051
1,205757824,rs1775148,1,205562544,1:205562544:A:AGCCGAAATCCCGCCACT,0.051
1,205757824,rs1775148,1,205562581,rs66511928,0.056
1,205757824,rs1775148,1,205563613,rs3747968,0.061
1,205757824,rs1775148,1,205567753,rs16855989,0.051
1,205757824,rs1775148,1,205568758,rs2282453,0.05
1,205757824,rs1775148,1,205572224,rs192872825,0.052
1,205757824,rs1775148,1,205574798,rs66532941,0.065
1,205757824,rs1775148,1,205581376,rs6677586,0.064
1,205757824,rs1775148,1,205581521,rs6688760,0.064
1,205757824,rs1775148,1,205582251,rs74231753,0.064
1,205757824,rs1775148,1,205587849,rs113551063,0.064
1,205757824,rs1775148,1,205598912,rs72750910,0.059
1,205757824,rs1775148,1,205599921,rs78202794,0.064
1,205757824,rs1775148,1,205600645,rs7523896,0.064
1,205757824,rs1775148,1,205603404,rs112358150,0.065
1,205757824,rs1775148,1,205603424,rs149513069,0.064
1,205757824,rs1775148,1,205605543,rs4369284,0.066
1,205757824,rs1775148,1,205607514,rs10900518,0.144
1,205757824,rs1775148,1,205607932,rs12760905,0.144
1,205757824,rs1775148,1,205608132,rs11579937,0.143
1,205757824,rs1775148,1,205610149,rs3949286,0.144
1,205757824,rs1775148,1,205615287,rs9726591,0.144
1,205757824,rs1775148,1,205615947,rs4951250,0.143
1,205757824,rs1775148,1,205622253,rs7514718,0.051
1,205757824,rs1775148,1,205622275,rs11589772,0.159
1,205757824,rs1775148,1,205624756,rs76744374,0.166
1,205757824,rs1775148,1,205630893,rs3761916,0.22
1,205757824,rs1775148,1,205631767,rs16856110,0.33
1,205757824,rs1775148,1,205632932,rs11240547,0.237
1,205757824,rs1775148,1,205636334,rs4951018,0.337
1,205757824,rs1775148,1,205636907,rs1573104,0.238
1,205757824,rs1775148,1,205637501,rs7529037,0.241
1,205757824,rs1775148,1,205639045,rs3902968,0.233
1,205757824,rs1775148,1,205641826,rs11240551,0.423
1,205757824,rs1775148,1,205642390,rs4951254,0.064
1,205757824,rs1775148,1,205642790,rs2153904,0.079
1,205757824,rs1775148,1,205643365,rs61824660,0.206
1,205757824,rs1775148,1,205643397,rs139963187,0.207
1,205757824,rs1775148,1,205643920,rs141969842,0.074
1,205757824,rs1775148,1,205644848,rs1418549,0.067
1,205757824,rs1775148,1,205645063,rs4951255,0.425
1,205757824,rs1775148,1,205645310,rs78347477,0.071
1,205757824,rs1775148,1,205646278,rs1418653,0.234
1,205757824,rs1775148,1,205646458,rs1418652,0.161
1,205757824,rs1775148,1,205646646,rs868844,0.424
1,205757824,rs1775148,1,205647155,rs1772139,0.234
1,205757824,rs1775148,1,205647508,rs2793374,0.234
1,205757824,rs1775148,1,205651560,rs149256505,0.425
1,205757824,rs1775148,1,205651560,1:205651560:A:AAATAATAATAAT,0.308
1,205757824,rs1775148,1,205652472,rs4245718,0.425
1,205757824,rs1775148,1,205653056,rs11582805,0.318
1,205757824,rs1775148,1,205653975,rs35638143,0.318
1,205757824,rs1775148,1,205653978,rs34881148,0.318
1,205757824,rs1775148,1,205654061,rs6693913,0.425
1,205757824,rs1775148,1,205654920,rs5780294,0.05
1,205757824,rs1775148,1,205655378,rs1094647,0.319
1,205757824,rs1775148,1,205656453,rs823106,0.065
1,205757824,rs1775148,1,205656583,rs4601639,0.424
1,205757824,rs1775148,1,205657570,rs823105,0.309
1,205757824,rs1775148,1,205660940,rs12132270,0.072
1,205757824,rs1775148,1,205661418,rs1891091,0.062
1,205757824,rs1775148,1,205661964,rs12037559,0.468
1,205757824,rs1775148,1,205662718,rs1172198,0.319
1,205757824,rs1775148,1,205663478,rs12118655,0.073
1,205757824,rs1775148,1,205663993,rs55776455,0.588
1,205757824,rs1775148,1,205665167,rs823102,0.33
1,205757824,rs1775148,1,205666272,rs75506911,0.241
1,205757824,rs1775148,1,205667006,rs823101,0.323
1,205757824,rs1775148,1,205669322,rs823099,0.402
1,205757824,rs1775148,1,205670369,rs6673687,0.548
1,205757824,rs1775148,1,205670726,rs823098,0.055
1,205757824,rs1775148,1,205671167,rs1417725,0.097
1,205757824,rs1775148,1,205671644,rs11240554,0.659
1,205757824,rs1775148,1,205672107,chr1_205672107_A_C,0.411
1,205757824,rs1775148,1,205672107,rs1775140,0.067
1,205757824,rs1775148,1,205672285,rs71762466,0.509
1,205757824,rs1775148,1,205672482,rs1772140,0.055
1,205757824,rs1775148,1,205675240,rs72750964,0.413
1,205757824,rs1775148,1,205675429,rs112215351,0.417
1,205757824,rs1775148,1,205676088,rs11580015,0.42
1,205757824,rs1775148,1,205676263,rs12748961,0.072
1,205757824,rs1775148,1,205677148,rs3747973,0.71
1,205757824,rs1775148,1,205677335,rs3747972,0.072
1,205757824,rs1775148,1,205678043,rs12030754,0.512
1,205757824,rs1775148,1,205678481,rs55735020,0.52
1,205757824,rs1775148,1,205678483,rs140801892,0.52
1,205757824,rs1775148,1,205679239,rs823095,0.41
1,205757824,rs1775148,1,205679887,rs823096,0.412
1,205757824,rs1775148,1,205681370,rs823097,0.411
1,205757824,rs1775148,1,205681595,rs140020090,0.247
1,205757824,rs1775148,1,205683355,rs3805,0.073
1,205757824,rs1775148,1,205684067,rs10900522,0.514
1,205757824,rs1775148,1,205685352,rs951366,0.548
1,205757824,rs1775148,1,205686523,rs386369425,0.363
1,205757824,rs1775148,1,205687348,rs71709139,0.411
1,205757824,rs1775148,1,205689227,rs823093,0.057
1,205757824,rs1775148,1,205689807,rs823094,0.376
1,205757824,rs1775148,1,205690255,rs201970314,0.096
1,205757824,rs1775148,1,205691161,rs145557339,0.411
1,205757824,rs1775148,1,205691316,rs4951258,0.549
1,205757824,rs1775148,1,205691546,rs4951023,0.549
1,205757824,rs1775148,1,205692084,rs1935025,0.588
1,205757824,rs1775148,1,205693601,rs823108,0.057
1,205757824,rs1775148,1,205694720,rs3761919,0.588
1,205757824,rs1775148,1,205696521,rs1772146,0.057
1,205757824,rs1775148,1,205696615,rs1775154,0.414
1,205757824,rs1775148,1,205696671,rs1772147,0.057
1,205757824,rs1775148,1,205697845,rs1620334,0.057
1,205757824,rs1775148,1,205698026,rs7513645,0.588
1,205757824,rs1775148,1,205699075,rs71633561,0.073
1,205757824,rs1775148,1,205700762,rs823109,0.057
1,205757824,rs1775148,1,205701078,rs823110,0.412
1,205757824,rs1775148,1,205701870,rs823111,0.413
1,205757824,rs1775148,1,205704580,rs1772148,0.412
1,205757824,rs1775148,1,205707142,rs77365272,0.277
1,205757824,rs1775148,1,205708624,rs823112,0.057
1,205757824,rs1775148,1,205709621,rs11240559,0.589
1,205757824,rs1775148,1,205710333,rs71755343,0.412
1,205757824,rs1775148,1,205711237,rs823113,0.058
1,205757824,rs1775148,1,205711974,rs864783,0.412
1,205757824,rs1775148,1,205712196,rs71970505,0.073
1,205757824,rs1775148,1,205712957,rs11240561,0.589
1,205757824,rs1775148,1,205713378,rs823128,0.056
1,205757824,rs1775148,1,205713799,rs823129,0.057
1,205757824,rs1775148,1,205714372,rs823130,0.404
1,205757824,rs1775148,1,205714437,rs823131,0.057
1,205757824,rs1775148,1,205714478,rs12046305,0.589
1,205757824,rs1775148,1,205714616,rs55737937,0.555
1,205757824,rs1775148,1,205715615,chr1_205715615_ACTA_INDEL,0.546
1,205757824,rs1775148,1,205716582,rs79218503,0.092
1,205757824,rs1775148,1,205717676,rs73080333,0.091
1,205757824,rs1775148,1,205717823,rs4951261,0.55
1,205757824,rs1775148,1,205718468,rs12047038,0.59
1,205757824,rs1775148,1,205718858,rs7536483,0.415
1,205757824,rs1775148,1,205719191,rs111265946,0.09
1,205757824,rs1775148,1,205719532,rs823114,0.684
1,205757824,rs1775148,1,205719857,rs865402,0.058
1,205757824,rs1775148,1,205720078,rs823115,0.058
1,205757824,rs1775148,1,205720212,rs12564209,0.073
1,205757824,rs1775148,1,205720483,rs823116,0.684
1,205757824,rs1775148,1,205722958,rs11240565,0.57
1,205757824,rs1775148,1,205723513,rs823117,0.057
1,205757824,rs1775148,1,205723572,rs823118,0.684
1,205757824,rs1775148,1,205723638,rs823119,0.057
1,205757824,rs1775148,1,205723639,rs1891461,0.607
1,205757824,rs1775148,1,205723778,rs2096078,0.112
1,205757824,rs1775148,1,205723898,rs5780297,0.607
1,205757824,rs1775148,1,205724050,rs823120,0.057
1,205757824,rs1775148,1,205724278,rs138568057,0.605
1,205757824,rs1775148,1,205724302,rs823121,0.416
1,205757824,rs1775148,1,205725346,rs823123,0.057
1,205757824,rs1775148,1,205726336,rs823124,0.057
1,205757824,rs1775148,1,205728574,rs111878459,0.089
1,205757824,rs1775148,1,205730573,rs56276813,0.61
1,205757824,rs1775148,1,205731166,rs397982729,0.369
1,205757824,rs1775148,1,205732512,rs823145,0.059
1,205757824,rs1775148,1,205732814,rs823146,0.059
1,205757824,rs1775148,1,205733138,rs823147,0.059
1,205757824,rs1775148,1,205734032,rs1832775,0.611
1,205757824,rs1775148,1,205735121,rs823148,0.059
1,205757824,rs1775148,1,205735486,rs823150,0.059
1,205757824,rs1775148,1,205735517,rs823151,0.059
1,205757824,rs1775148,1,205735612,rs2014202,0.791
1,205757824,rs1775148,1,205735718,rs5780298,0.061
1,205757824,rs1775148,1,205735854,rs71633563,0.073
1,205757824,rs1775148,1,205735864,rs7522043,0.091
1,205757824,rs1775148,1,205735891,rs7522056,0.79
1,205757824,rs1775148,1,205736285,rs823152,0.419
1,205757824,rs1775148,1,205736563,rs823153,0.059
1,205757824,rs1775148,1,205736662,rs1772152,0.059
1,205757824,rs1775148,1,205736663,rs1618936,0.059
1,205757824,rs1775148,1,205737450,rs844005,0.06
1,205757824,rs1775148,1,205737511,rs112406833,0.09
1,205757824,rs1775148,1,205737739,rs11557080,0.073
1,205757824,rs1775148,1,205737764,rs823132,0.06
1,205757824,rs1775148,1,205737781,rs823133,0.06
1,205757824,rs1775148,1,205737956,rs823134,0.06
1,205757824,rs1775148,1,205738166,rs823135,0.06
1,205757824,rs1775148,1,205738251,rs823136,0.058
1,205757824,rs1775148,1,205738302,rs823137,0.418
1,205757824,rs1775148,1,205738327,rs71762778,0.614
1,205757824,rs1775148,1,205738975,rs34580135,0.059
1,205757824,rs1775148,1,205739192,rs823138,0.061
1,205757824,rs1775148,1,205739266,rs708723,0.692
1,205757824,rs1775148,1,205739382,rs78087596,0.092
1,205757824,rs1775148,1,205740437,rs58121045,0.385
1,205757824,rs1775148,1,205741426,rs823141,0.421
1,205757824,rs1775148,1,205741816,rs823142,0.063
1,205757824,rs1775148,1,205743425,rs823143,0.422
1,205757824,rs1775148,1,205743663,rs708724,0.421
1,205757824,rs1775148,1,205744138,rs708725,0.423
1,205757824,rs1775148,1,205744218,chr1_205744218_C_T,0.284
1,205757824,rs1775148,1,205744546,rs823144,0.476
1,205757824,rs1775148,1,205745684,rs1775151,0.477
1,205757824,rs1775148,1,205745782,rs1772153,0.531
1,205757824,rs1775148,1,205745932,rs1772154,0.531
1,205757824,rs1775148,1,205747438,rs59885776,0.53
1,205757824,rs1775148,1,205748309,rs10900524,0.531
1,205757824,rs1775148,1,205748995,rs863724,0.053
1,205757824,rs1775148,1,205751182,rs112632065,0.288
1,205757824,rs1775148,1,205751196,rs863725,0.477
1,205757824,rs1775148,1,205752665,rs947211,0.476
1,205757824,rs1775148,1,205752690,rs73080374,0.114
1,205757824,rs1775148,1,205752894,rs1772156,0.53
1,205757824,rs1775148,1,205753097,rs885224,0.476
1,205757824,rs1775148,1,205753675,rs1775158,0.478
1,205757824,rs1775148,1,205753808,rs1772157,0.535
1,205757824,rs1775148,1,205753812,rs1775159,0.481
1,205757824,rs1775148,1,205753820,rs1772158,0.481
1,205757824,rs1775148,1,205753870,rs5014255,0.482
1,205757824,rs1775148,1,205753877,rs5014256,0.482
1,205757824,rs1775148,1,205755046,rs12565968,0.551
1,205757824,rs1775148,1,205755144,rs12565321,0.551
1,205757824,rs1775148,1,205755151,rs12567894,0.551
1,205757824,rs1775148,1,205755265,rs11240567,0.552
1,205757824,rs1775148,1,205755550,rs1775143,0.55
1,205757824,rs1775148,1,205756012,rs1775144,0.065
1,205757824,rs1775148,1,205756143,rs1775145,0.497
1,205757824,rs1775148,1,205756168,rs1775146,0.551
1,205757824,rs1775148,1,205757569,rs7536285,0.553
1,205757824,rs1775148,1,205757692,rs7513115,0.552
1,205757824,rs1775148,1,205757800,rs10682043,0.129
1,205757824,rs1775148,1,205757824,rs1775148,1
1,205757824,rs1775148,1,205758086,rs73080385,0.069
1,205757824,rs1775148,1,205759195,rs1772159,0.386
1,205757824,rs1775148,1,205759213,rs61822589,0.068
1,205757824,rs1775148,1,205759243,rs61822590,0.068
1,205757824,rs1775148,1,205759876,rs1341249,0.37
1,205757824,rs1775148,1,205761750,rs61822592,0.067
1,205757824,rs1775148,1,205761767,rs61822593,0.068
1,205757824,rs1775148,1,205762069,rs954071,0.314
1,205757824,rs1775148,1,205762139,rs708726,0.472
1,205757824,rs1775148,1,205762406,rs823154,0.382
1,205757824,rs1775148,1,205762946,rs823155,0.471
1,205757824,rs1775148,1,205763272,rs57320105,0.066
1,205757824,rs1775148,1,205763274,rs58497333,0.066
1,205757824,rs1775148,1,205763287,rs60942787,0.064
1,205757824,rs1775148,1,205763287,rs60942787,0.067
1,205757824,rs1775148,1,205764640,rs823156,0.081
1,205757824,rs1775148,1,205764994,rs112312142,0.106
1,205757824,rs1775148,1,205767885,rs708727,0.333
1,205757824,rs1775148,1,205769223,rs9438392,0.126
1,205757824,rs1775148,1,205771061,rs823065,0.111
1,205757824,rs1775148,1,205771173,rs823066,0.109
1,205757824,rs1775148,1,205771704,rs823067,0.113
1,205757824,rs1775148,1,205771720,rs823068,0.113
1,205757824,rs1775148,1,205771801,rs823069,0.055
1,205757824,rs1775148,1,205772370,rs823070,0.111
1,205757824,rs1775148,1,205773379,rs823071,0.114
1,205757824,rs1775148,1,205773461,rs708729,0.054
1,205757824,rs1775148,1,205773652,rs823072,0.056
1,205757824,rs1775148,1,205774156,rs823073,0.111
1,205757824,rs1775148,1,205774839,rs823074,0.334
1,205757824,rs1775148,1,205774897,rs823075,0.334
1,205757824,rs1775148,1,205775810,rs823076,0.111
1,205757824,rs1775148,1,205776109,rs823077,0.111
1,205757824,rs1775148,1,205776458,rs823078,0.109
1,205757824,rs1775148,1,205776857,rs79162712,0.223
1,205757824,rs1775148,1,205777159,rs823079,0.11
1,205757824,rs1775148,1,205782509,rs56152218,0.071
1,205757824,rs1775148,1,205782718,rs9438393,0.331
1,205757824,rs1775148,1,205784828,rs113740521,0.051
1,205757824,rs1775148,1,205785485,rs1891092,0.204
1,205757824,rs1775148,1,205785638,rs1891093,0.203
1,205757824,rs1775148,1,205785932,rs1891094,0.204
1,205757824,rs1775148,1,205786935,rs823082,0.262
1,205757824,rs1775148,1,205788134,chr1_205788135_C_INDEL,0.107
1,205757824,rs1775148,1,205788994,rs823081,0.07
1,205757824,rs1775148,1,205789282,rs823080,0.329
1,205757824,rs1775148,1,205789455,rs7538321,0.161
1,205757824,rs1775148,1,205790722,rs35362145,0.259
1,205757824,rs1775148,1,205792195,rs34196524,0.061
1,205757824,rs1775148,1,205792680,rs844004,0.107
1,205757824,rs1775148,1,205792836,rs823091,0.07
1,205757824,rs1775148,1,205794047,rs823090,0.058
1,205757824,rs1775148,1,205794142,rs823089,0.054
1,205757824,rs1775148,1,205794175,rs823088,0.058
1,205757824,rs1775148,1,205794667,rs823087,0.058
1,205757824,rs1775148,1,205795281,rs708728,0.058
1,205757824,rs1775148,1,205795960,rs7529407,0.203
1,205757824,rs1775148,1,205796276,rs12071261,0.203
1,205757824,rs1775148,1,205797413,rs823086,0.058
1,205757824,rs1775148,1,205798033,rs823085,0.107
1,205757824,rs1775148,1,205798313,rs823084,0.258
1,205757824,rs1775148,1,205798532,rs823083,0.069
1,205757824,rs1775148,1,205799987,rs1772143,0.327
1,205757824,rs1775148,1,205801872,rs1361754,0.258
1,205757824,rs1775148,1,205803284,rs34037383,0.276
1,205757824,rs1775148,1,205805745,rs7546846,0.204
1,205757824,rs1775148,1,205807379,rs35550698,0.201
1,205757824,rs1775148,1,205808215,rs4264050,0.069
1,205757824,rs1775148,1,205809642,rs10900525,0.071
1,205757824,rs1775148,1,205811828,rs4951025,0.104
1,205757824,rs1775148,1,205812614,rs960603,0.19
1,205757824,rs1775148,1,205816409,1:205816409:A:G,0.06
1,205757824,rs1775148,1,205817318,rs79350328,0.058
1,205757824,rs1775148,1,205819838,rs55799524,0.06
1,205757824,rs1775148,1,205820902,rs75015265,0.06
1,205757824,rs1775148,1,205822098,rs76887535,0.06
1,205757824,rs1775148,1,205824113,rs1935661,0.075
1,205757824,rs1775148,1,205826029,rs56373256,0.059
1,205757824,rs1775148,1,205830716,rs74600673,0.059
1,205757824,rs1775148,1,205830974,rs79923411,0.06
1,205757824,rs1775148,1,205832409,rs4951266,0.075
1,205757824,rs1775148,1,205834303,rs56036338,0.059
1,205757824,rs1775148,1,205836225,rs55817308,0.059
1,205757824,rs1775148,1,205836274,rs56048604,0.06
1,205757824,rs1775148,1,205836940,rs147865627,0.059
1,205757824,rs1775148,1,205837008,rs112590396,0.059
1,205757824,rs1775148,1,205841570,rs113322677,0.06
1,205757824,rs1775148,1,205843446,rs145836802,0.06
1,205757824,rs1775148,1,205844459,rs12408828,0.075
1,205757824,rs1775148,1,205844801,rs112264505,0.06
1,205757824,rs1775148,1,205844840,rs59644363,0.075
1,205757824,rs1775148,1,205846864,rs11802232,0.06
1,205757824,rs1775148,1,205847035,rs4951267,0.075
1,205757824,rs1775148,1,205849540,rs76465173,0.06
1,205757824,rs1775148,1,205849909,rs74380392,0.06
1,205757824,rs1775148,1,205850687,rs56023583,0.06
1,205757824,rs1775148,1,205851506,rs7533475,0.06
1,205757824,rs1775148,1,205853545,rs145002906,0.076
1,205757824,rs1775148,1,205853787,rs76148834,0.06
1,205757824,rs1775148,1,205853915,rs113702492,0.06
1,205757824,rs1775148,1,205854553,rs55692250,0.06
1,205757824,rs1775148,1,205854663,rs56080697,0.059
1,205757824,rs1775148,1,205855231,rs7550755,0.06
1,205757824,rs1775148,1,205855468,rs7550960,0.059
1,205757824,rs1775148,1,205857654,rs7364618,0.074
1,205757824,rs1775148,1,205899311,rs9438405,0.054
1,205757824,rs1775148,1,205899708,rs7555185,0.052
1,205757824,rs1775148,1,205900214,rs12760651,0.052
1,205757824,rs1775148,1,205900345,rs12039205,0.055
1,205757824,rs1775148,1,205900503,rs12042328,0.063
1,205757824,rs1775148,1,205901287,rs11240596,0.055
1,205757824,rs1775148,1,205902593,rs12023503,0.052
1,205757824,rs1775148,1,205903377,rs1995006,0.055
1,205757824,rs1775148,1,205905387,rs7520136,0.058
1,205757824,rs1775148,1,205905768,rs12082872,0.061
1,205757824,rs1775148,1,205906221,rs9438406,0.057
1,205757824,rs1775148,1,205906897,rs7549173,0.085
1,205757824,rs1775148,1,205907242,rs9438440,0.057
1,205757824,rs1775148,1,205907328,rs9438441,0.057
1,205757824,rs1775148,1,205907796,rs7521316,0.073
1,205757824,rs1775148,1,205908630,rs11240598,0.066
1,205757824,rs1775148,1,205908867,rs7555534,0.071
1,205757824,rs1775148,1,205909276,rs6593975,0.111
1,205757824,rs1775148,1,205909285,rs6593976,0.111
1,205757824,rs1775148,1,205909565,rs11435826,0.105
1,205757824,rs1775148,1,205910604,rs6673820,0.094
1,205757824,rs1775148,1,205910631,rs6661355,0.093
1,205757824,rs1775148,1,205910883,rs7415921,0.105
1,205757824,rs1775148,1,205911385,rs1342061,0.098
1,205757824,rs1775148,1,205912786,rs1342062,0.051
1,205757824,rs1775148,1,205916699,rs12047830,0.072
1,205757824,rs1775148,1,205917309,rs7419153,0.074
1,205757824,rs1775148,1,205918020,rs7418300,0.077
1,205757824,rs1775148,1,205920680,rs6603929,0.071
1,205757824,rs1775148,1,205921246,rs11240600,0.072
1,205757824,rs1775148,1,205921352,rs11240601,0.071
