CHR_A,BP_A,SNP_A,CHR_B,BP_B,SNP_B,R2
12,48365265,rs4760607,12,48359527,12:48359527:G:A,0.066
12,48365265,rs4760607,12,48360620,12:48360620:A:G,0.12
12,48365265,rs4760607,12,48361524,12:48361524:G:A,0.123
12,48365265,rs4760607,12,48362412,12:48362412:G:C,0.122
12,48365265,rs4760607,12,48363033,12:48363033:G:A,0.123
12,48365265,rs4760607,12,48363253,chr12_48363253_C_G,0.167
12,48365265,rs4760607,12,48364799,12:48364799:A:C,0.064
12,48365265,rs4760607,12,48365265,rs4760607,1
12,48365265,rs4760607,12,48371595,12:48371595:G:A,0.08
12,48365265,rs4760607,12,48373181,12:48373181:A:G,0.05
12,48365265,rs4760607,12,48374826,12:48374826:T:G,0.079
12,48365265,rs4760607,12,48375475,12:48375475:C:G,0.066
12,48365265,rs4760607,12,48375568,12:48375568:A:G,0.088
12,48365265,rs4760607,12,48375965,12:48375965:C:T,0.062
12,48365265,rs4760607,12,48375975,12:48375975:A:G,0.064
12,48365265,rs4760607,12,48376137,12:48376137:G:A,0.066
12,48365265,rs4760607,12,48376213,12:48376213:G:A,0.053
12,48365265,rs4760607,12,48376291,rs2276454,0.066
12,48365265,rs4760607,12,48376447,12:48376447:A:CG,0.086
12,48365265,rs4760607,12,48376503,12:48376503:C:T,0.086
12,48365265,rs4760607,12,48376530,12:48376530:C:A,0.086
12,48365265,rs4760607,12,48376969,12:48376969:C:A,0.051
12,48365265,rs4760607,12,48377970,12:48377970:A:G,0.472
12,48365265,rs4760607,12,48379856,12:48379856:T:C,0.097
12,48365265,rs4760607,12,48379961,12:48379961:A:C,0.085
12,48365265,rs4760607,12,48379964,12:48379964:A:G,0.085
12,48365265,rs4760607,12,48380031,rs1635544,0.083
12,48365265,rs4760607,12,48382282,12:48382282:A:C,0.086
12,48365265,rs4760607,12,48382573,12:48382573:G:C,0.056
12,48365265,rs4760607,12,48383235,12:48383235:A:G,0.084
12,48365265,rs4760607,12,48383797,12:48383797:G:T,0.056
12,48365265,rs4760607,12,48383814,12:48383814:G:A,0.056
12,48365265,rs4760607,12,48383953,12:48383953:T:A,0.084
12,48365265,rs4760607,12,48384122,chr12_48384122_C_T,0.084
12,48365265,rs4760607,12,48384944,12:48384944:A:T,0.502
12,48365265,rs4760607,12,48385576,12:48385576:A:G,0.481
12,48365265,rs4760607,12,48385945,12:48385945:A:G,0.481
12,48365265,rs4760607,12,48386060,12:48386060:T:C,0.084
12,48365265,rs4760607,12,48386241,12:48386241:A:G,0.479
12,48365265,rs4760607,12,48386553,12:48386553:A:G,0.478
12,48365265,rs4760607,12,48386577,12:48386577:G:T,0.478
12,48365265,rs4760607,12,48387025,12:48387025:T:A,0.478
12,48365265,rs4760607,12,48387052,12:48387052:A:C,0.478
12,48365265,rs4760607,12,48387057,12:48387057:G:C,0.084
12,48365265,rs4760607,12,48388612,12:48388612:T:C,0.171
12,48365265,rs4760607,12,48388830,12:48388830:C:T,0.17
12,48365265,rs4760607,12,48388856,12:48388856:A:C,0.17
12,48365265,rs4760607,12,48389643,12:48389643:A:C,0.464
12,48365265,rs4760607,12,48390080,rs1793959,0.847
12,48365265,rs4760607,12,48390722,12:48390722:A:G,0.168
12,48365265,rs4760607,12,48390839,rs2226946,0.167
12,48365265,rs4760607,12,48392433,12:48392433:A:G,0.141
12,48365265,rs4760607,12,48392824,12:48392824:C:G,0.063
12,48365265,rs4760607,12,48392914,12:48392914:C:G,0.457
12,48365265,rs4760607,12,48393106,12:48393106:G:T,0.446
12,48365265,rs4760607,12,48393137,12:48393137:C:T,0.163
12,48365265,rs4760607,12,48393320,12:48393320:G:A,0.169
12,48365265,rs4760607,12,48393444,12:48393444:C:T,0.169
12,48365265,rs4760607,12,48393526,12:48393526:G:A,0.169
12,48365265,rs4760607,12,48395043,12:48395043:C:CG,0.452
12,48365265,rs4760607,12,48395102,12:48395102:T:G,0.452
12,48365265,rs4760607,12,48395361,12:48395361:C:T,0.361
12,48365265,rs4760607,12,48395900,12:48395900:C:T,0.408
12,48365265,rs4760607,12,48396364,12:48396364:G:C,0.106
12,48365265,rs4760607,12,48396450,rs1793933,0.442
12,48365265,rs4760607,12,48396505,12:48396505:G:T,0.444
12,48365265,rs4760607,12,48396785,12:48396785:C:T,0.444
12,48365265,rs4760607,12,48398002,12:48398002:G:C,0.419
12,48365265,rs4760607,12,48398080,12:48398080:T:A,0.418
12,48365265,rs4760607,12,48398223,12:48398223:G:A,0.52
12,48365265,rs4760607,12,48399403,12:48399403:T:C,0.419
12,48365265,rs4760607,12,48399931,12:48399931:A:G,0.418
12,48365265,rs4760607,12,48400617,12:48400617:C:T,0.419
12,48365265,rs4760607,12,48403229,12:48403229:A:C,0.418
12,48365265,rs4760607,12,48403530,12:48403530:C:T,0.408
12,48365265,rs4760607,12,48403692,12:48403692:G:A,0.408
12,48365265,rs4760607,12,48403765,12:48403765:G:A,0.05
12,48365265,rs4760607,12,48403837,12:48403837:GC:G,0.134
12,48365265,rs4760607,12,48403839,12:48403839:T:A,0.134
12,48365265,rs4760607,12,48404636,rs9651980,0.811
12,48365265,rs4760607,12,48404692,12:48404692:G:A,0.419
12,48365265,rs4760607,12,48405733,12:48405733:G:GA,0.362
12,48365265,rs4760607,12,48405733,kgp4967804,0.399
12,48365265,rs4760607,12,48405860,12:48405860:C:T,0.408
12,48365265,rs4760607,12,48407987,12:48407987:C:T,0.421
12,48365265,rs4760607,12,48409054,12:48409054:C:A,0.072
12,48365265,rs4760607,12,48410517,rs6580649,0.404
12,48365265,rs4760607,12,48410566,12:48410566:T:A,0.201
12,48365265,rs4760607,12,48411102,12:48411102:G:T,0.051
12,48365265,rs4760607,12,48411158,12:48411158:T:C,0.051
12,48365265,rs4760607,12,48411987,12:48411987:A:G,0.393
12,48365265,rs4760607,12,48412410,rs17122565,0.224
12,48365265,rs4760607,12,48412550,rs78239819,0.793
12,48365265,rs4760607,12,48412592,12:48412592:A:C,0.131
12,48365265,rs4760607,12,48413565,12:48413565:C:T,0.131
12,48365265,rs4760607,12,48413634,12:48413634:T:G,0.131
12,48365265,rs4760607,12,48413789,12:48413789:A:ATATTGT,0.131
12,48365265,rs4760607,12,48413944,12:48413944:C:T,0.131
12,48365265,rs4760607,12,48413950,12:48413950:A:C,0.129
12,48365265,rs4760607,12,48413979,12:48413979:G:T,0.129
12,48365265,rs4760607,12,48414058,rs7299271,0.13
12,48365265,rs4760607,12,48414230,12:48414230:G:T,0.131
12,48365265,rs4760607,12,48414798,12:48414798:T:C,0.391
12,48365265,rs4760607,12,48416052,12:48416052:G:T,0.13
12,48365265,rs4760607,12,48417537,12:48417537:A:G,0.129
12,48365265,rs4760607,12,48419618,rs80130819,0.754
12,48365265,rs4760607,12,48419976,12:48419976:C:T,0.246
12,48365265,rs4760607,12,48420214,chr12_48420214_C_T,0.36
12,48365265,rs4760607,12,48421034,rs17122571,0.752
12,48365265,rs4760607,12,48421449,12:48421449:C:T,0.358
12,48365265,rs4760607,12,48421774,12:48421774:G:A,0.082
12,48365265,rs4760607,12,48423233,12:48423233:C:T,0.368
12,48365265,rs4760607,12,48425992,12:48425992:A:G,0.081
12,48365265,rs4760607,12,48426143,12:48426143:T:C,0.081
12,48365265,rs4760607,12,48427329,12:48427329:T:C,0.12
12,48365265,rs4760607,12,48427523,12:48427523:G:A,0.367
12,48365265,rs4760607,12,48427884,12:48427884:A:G,0.36
12,48365265,rs4760607,12,48428150,12:48428150:C:T,0.365
12,48365265,rs4760607,12,48429701,12:48429701:C:T,0.367
12,48365265,rs4760607,12,48429776,12:48429776:C:T,0.12
12,48365265,rs4760607,12,48429933,12:48429933:A:T,0.359
12,48365265,rs4760607,12,48430989,rs78899766,0.363
12,48365265,rs4760607,12,48431917,12:48431917:A:AC,0.081
12,48365265,rs4760607,12,48431936,12:48431936:C:T,0.12
12,48365265,rs4760607,12,48434732,12:48434732:T:A,0.205
12,48365265,rs4760607,12,48434739,12:48434739:A:T,0.205
12,48365265,rs4760607,12,48434767,12:48434767:G:A,0.365
12,48365265,rs4760607,12,48436647,12:48436647:G:A,0.381
12,48365265,rs4760607,12,48438290,12:48438290:T:A,0.374
12,48365265,rs4760607,12,48441692,12:48441692:C:G,0.357
12,48365265,rs4760607,12,48444488,rs7299704,0.08
12,48365265,rs4760607,12,48445625,12:48445625:T:TAAG,0.355
12,48365265,rs4760607,12,48446318,12:48446318:T:A,0.355
12,48365265,rs4760607,12,48448274,12:48448274:A:G,0.355
12,48365265,rs4760607,12,48449163,12:48449163:C:T,0.357
12,48365265,rs4760607,12,48451009,12:48451009:T:C,0.357
12,48365265,rs4760607,12,48451375,12:48451375:TTATTTTATA:T,0.08
12,48365265,rs4760607,12,48451959,12:48451959:C:A,0.357
12,48365265,rs4760607,12,48452237,12:48452237:C:T,0.356
12,48365265,rs4760607,12,48453882,12:48453882:G:A,0.356
12,48365265,rs4760607,12,48455255,12:48455255:G:A,0.08
12,48365265,rs4760607,12,48456823,12:48456823:C:T,0.356
12,48365265,rs4760607,12,48457159,12:48457159:G:A,0.08
12,48365265,rs4760607,12,48457385,12:48457385:C:T,0.356
12,48365265,rs4760607,12,48458149,12:48458149:C:T,0.356
12,48365265,rs4760607,12,48458445,rs117669304,0.36
12,48365265,rs4760607,12,48459488,12:48459488:C:G,0.355
12,48365265,rs4760607,12,48460016,12:48460016:T:C,0.355
12,48365265,rs4760607,12,48460563,12:48460563:G:A,0.356
12,48365265,rs4760607,12,48461581,12:48461581:T:C,0.119
12,48365265,rs4760607,12,48462455,12:48462455:T:C,0.355
12,48365265,rs4760607,12,48464195,12:48464195:T:C,0.355
12,48365265,rs4760607,12,48465061,12:48465061:A:G,0.355
12,48365265,rs4760607,12,48465425,12:48465425:A:C,0.355
12,48365265,rs4760607,12,48467721,12:48467721:A:G,0.119
12,48365265,rs4760607,12,48468652,12:48468652:A:G,0.08
12,48365265,rs4760607,12,48468999,12:48468999:A:AAAAAC,0.345
12,48365265,rs4760607,12,48469696,12:48469696:T:C,0.355
12,48365265,rs4760607,12,48470169,12:48470169:G:A,0.355
12,48365265,rs4760607,12,48470425,12:48470425:G:T,0.355
12,48365265,rs4760607,12,48472343,12:48472343:G:A,0.355
12,48365265,rs4760607,12,48473369,12:48473369:G:A,0.08
12,48365265,rs4760607,12,48473567,12:48473567:CTG:C,0.355
12,48365265,rs4760607,12,48475833,12:48475833:T:C,0.119
12,48365265,rs4760607,12,48477086,12:48477086:C:G,0.355
12,48365265,rs4760607,12,48477197,rs886589,0.119
12,48365265,rs4760607,12,48477577,rs11613879,0.738
12,48365265,rs4760607,12,48478354,12:48478354:C:G,0.355
12,48365265,rs4760607,12,48478664,12:48478664:T:C,0.355
12,48365265,rs4760607,12,48479498,12:48479498:CAAAAAAAAA:C,0.059
12,48365265,rs4760607,12,48480128,chr12_48480128_C_T,0.333
12,48365265,rs4760607,12,48480643,12:48480643:G:A,0.355
12,48365265,rs4760607,12,48480919,12:48480919:T:C,0.081
12,48365265,rs4760607,12,48485530,12:48485530:T:C,0.08
12,48365265,rs4760607,12,48486477,chr12_48486477_A_C,0.332
12,48365265,rs4760607,12,48486892,12:48486892:C:T,0.355
12,48365265,rs4760607,12,48487249,12:48487249:T:A,0.353
12,48365265,rs4760607,12,48487619,12:48487619:T:C,0.355
12,48365265,rs4760607,12,48487722,12:48487722:G:A,0.355
12,48365265,rs4760607,12,48488228,12:48488228:C:T,0.355
12,48365265,rs4760607,12,48488372,12:48488372:T:G,0.081
12,48365265,rs4760607,12,48488920,12:48488920:G:A,0.355
12,48365265,rs4760607,12,48489357,12:48489357:T:C,0.354
12,48365265,rs4760607,12,48492922,12:48492922:A:C,0.08
12,48365265,rs4760607,12,48493731,12:48493731:T:C,0.355
12,48365265,rs4760607,12,48494275,12:48494275:T:G,0.08
12,48365265,rs4760607,12,48496186,12:48496186:GC:G,0.08
12,48365265,rs4760607,12,48496489,rs74521172,0.364
12,48365265,rs4760607,12,48496660,12:48496660:C:T,0.356
12,48365265,rs4760607,12,48497455,12:48497455:TA:T,0.356
12,48365265,rs4760607,12,48498094,12:48498094:TTAGCTTTATCCAGGAC:T,0.356
12,48365265,rs4760607,12,48498440,12:48498440:G:C,0.08
12,48365265,rs4760607,12,48499131,chr12_48499131_G_T,0.063
12,48365265,rs4760607,12,48500334,12:48500334:G:A,0.356
12,48365265,rs4760607,12,48501161,12:48501161:A:T,0.356
12,48365265,rs4760607,12,48501411,rs10492080,0.354
12,48365265,rs4760607,12,48502493,12:48502493:C:T,0.356
12,48365265,rs4760607,12,48503301,12:48503301:T:C,0.356
12,48365265,rs4760607,12,48503881,12:48503881:G:A,0.355
12,48365265,rs4760607,12,48505392,12:48505392:C:G,0.355
12,48365265,rs4760607,12,48506905,12:48506905:G:A,0.355
12,48365265,rs4760607,12,48507386,12:48507386:C:T,0.355
12,48365265,rs4760607,12,48507668,12:48507668:T:C,0.08
12,48365265,rs4760607,12,48508196,12:48508196:T:A,0.355
12,48365265,rs4760607,12,48508283,12:48508283:A:G,0.355
12,48365265,rs4760607,12,48508646,12:48508646:C:T,0.158
12,48365265,rs4760607,12,48516093,12:48516093:C:A,0.364
12,48365265,rs4760607,12,48516296,12:48516296:T:C,0.341
12,48365265,rs4760607,12,48520969,chr12_48520969_A_G,0.058
12,48365265,rs4760607,12,48522042,12:48522042:GTCTC:GTCTCTCTC,0.328
12,48365265,rs4760607,12,48523499,12:48523499:G:A,0.344
12,48365265,rs4760607,12,48534814,12:48534814:A:AG,0.059
12,48365265,rs4760607,12,48537624,12:48537624:A:G,0.344
12,48365265,rs4760607,12,48538615,rs41291969,0.724
12,48365265,rs4760607,12,48541411,12:48541411:C:T,0.242
12,48365265,rs4760607,12,48542441,12:48542441:GT:G,0.058
12,48365265,rs4760607,12,48545553,12:48545553:G:T,0.059
12,48365265,rs4760607,12,48545791,12:48545791:T:C,0.059
12,48365265,rs4760607,12,48550755,12:48550755:C:T,0.344
12,48365265,rs4760607,12,48552425,12:48552425:T:C,0.344
12,48365265,rs4760607,12,48553709,12:48553709:A:G,0.344
12,48365265,rs4760607,12,48557922,12:48557922:G:C,0.076
12,48365265,rs4760607,12,48559642,12:48559642:T:C,0.345
12,48365265,rs4760607,12,48561262,12:48561262:A:G,0.344
12,48365265,rs4760607,12,48561982,12:48561982:T:TA,0.344
12,48365265,rs4760607,12,48570604,12:48570604:C:T,0.344
12,48365265,rs4760607,12,48572670,12:48572670:T:C,0.344
12,48365265,rs4760607,12,48572982,rs75920486,0.339
12,48365265,rs4760607,12,48578325,12:48578325:A:C,0.228
12,48365265,rs4760607,12,48578809,12:48578809:T:C,0.221
12,48365265,rs4760607,12,48580710,12:48580710:T:G,0.41
12,48365265,rs4760607,12,48582520,12:48582520:T:TA,0.111
12,48365265,rs4760607,12,48582973,12:48582973:T:C,0.111
12,48365265,rs4760607,12,48583491,12:48583491:A:G,0.409
12,48365265,rs4760607,12,48584179,12:48584179:T:C,0.41
12,48365265,rs4760607,12,48586112,12:48586112:A:G,0.409
12,48365265,rs4760607,12,48587549,12:48587549:T:C,0.409
12,48365265,rs4760607,12,48587719,12:48587719:A:G,0.111
12,48365265,rs4760607,12,48587863,12:48587863:T:TTTA,0.214
12,48365265,rs4760607,12,48588035,12:48588035:C:T,0.111
12,48365265,rs4760607,12,48588112,12:48588112:T:C,0.409
12,48365265,rs4760607,12,48588782,rs12822085,0.225
12,48365265,rs4760607,12,48588923,12:48588923:A:G,0.226
12,48365265,rs4760607,12,48588936,12:48588936:A:G,0.111
12,48365265,rs4760607,12,48588982,12:48588982:A:G,0.226
12,48365265,rs4760607,12,48590458,12:48590458:A:ATGAAGGC,0.226
12,48365265,rs4760607,12,48590899,12:48590899:C:G,0.409
12,48365265,rs4760607,12,48591399,12:48591399:A:T,0.111
12,48365265,rs4760607,12,48591976,12:48591976:C:A,0.11
12,48365265,rs4760607,12,48592027,12:48592027:C:T,0.11
12,48365265,rs4760607,12,48592497,12:48592497:C:T,0.111
12,48365265,rs4760607,12,48592792,12:48592792:G:A,0.409
12,48365265,rs4760607,12,48592872,12:48592872:C:T,0.408
12,48365265,rs4760607,12,48593580,12:48593580:G:C,0.112
12,48365265,rs4760607,12,48594490,12:48594490:T:C,0.407
12,48365265,rs4760607,12,48599675,12:48599675:T:A,0.116
12,48365265,rs4760607,12,48601645,12:48601645:C:A,0.421
12,48365265,rs4760607,12,48602171,12:48602171:G:A,0.421
12,48365265,rs4760607,12,48604306,12:48604306:T:A,0.145
12,48365265,rs4760607,12,48604332,12:48604332:G:T,0.323
12,48365265,rs4760607,12,48604494,12:48604494:AT:A,0.083
12,48365265,rs4760607,12,48606452,12:48606452:G:C,0.206
12,48365265,rs4760607,12,48606528,12:48606528:T:TGA,0.42
12,48365265,rs4760607,12,48611341,12:48611341:T:C,0.42
12,48365265,rs4760607,12,48611757,12:48611757:A:G,0.42
12,48365265,rs4760607,12,48615853,12:48615853:C:CT,0.086
12,48365265,rs4760607,12,48616439,12:48616439:C:CTTCTTTCT,0.079
12,48365265,rs4760607,12,48616801,12:48616801:G:C,0.419
12,48365265,rs4760607,12,48619044,12:48619044:G:A,0.116
12,48365265,rs4760607,12,48619256,12:48619256:A:C,0.418
12,48365265,rs4760607,12,48622724,rs6580663,0.708
12,48365265,rs4760607,12,48623705,12:48623705:CAT:C,0.408
12,48365265,rs4760607,12,48626933,12:48626933:GTGA:G,0.116
12,48365265,rs4760607,12,48628757,rs7966139,0.684
12,48365265,rs4760607,12,48630024,rs7134565,0.079
12,48365265,rs4760607,12,48632280,12:48632280:A:G,0.417
12,48365265,rs4760607,12,48638755,12:48638755:G:A,0.08
12,48365265,rs4760607,12,48641324,12:48641324:A:AACACAC,0.062
12,48365265,rs4760607,12,48643101,12:48643101:C:A,0.415
12,48365265,rs4760607,12,48643738,12:48643738:G:A,0.395
12,48365265,rs4760607,12,48645427,12:48645427:C:G,0.416
12,48365265,rs4760607,12,48648943,12:48648943:G:A,0.415
12,48365265,rs4760607,12,48649483,12:48649483:A:C,0.415
12,48365265,rs4760607,12,48649640,12:48649640:G:A,0.415
12,48365265,rs4760607,12,48649736,12:48649736:G:A,0.415
12,48365265,rs4760607,12,48651660,rs61327895,0.684
12,48365265,rs4760607,12,48652414,12:48652414:G:A,0.415
12,48365265,rs4760607,12,48653003,chr12_48653003_A_G,0.08
12,48365265,rs4760607,12,48654846,12:48654846:T:TTGA,0.414
12,48365265,rs4760607,12,48656969,12:48656969:C:T,0.414
12,48365265,rs4760607,12,48658212,12:48658212:C:T,0.414
12,48365265,rs4760607,12,48660429,12:48660429:G:A,0.413
12,48365265,rs4760607,12,48661592,12:48661592:C:T,0.228
12,48365265,rs4760607,12,48661683,12:48661683:A:G,0.228
12,48365265,rs4760607,12,48661849,12:48661849:G:A,0.228
12,48365265,rs4760607,12,48662996,12:48662996:C:G,0.228
12,48365265,rs4760607,12,48663204,12:48663204:A:G,0.228
12,48365265,rs4760607,12,48664135,12:48664135:T:G,0.228
12,48365265,rs4760607,12,48664645,12:48664645:C:CT,0.093
12,48365265,rs4760607,12,48664725,12:48664725:G:C,0.228
12,48365265,rs4760607,12,48664757,12:48664757:T:G,0.413
12,48365265,rs4760607,12,48665070,12:48665070:G:T,0.228
12,48365265,rs4760607,12,48665720,12:48665720:A:G,0.228
12,48365265,rs4760607,12,48666262,12:48666262:G:A,0.228
12,48365265,rs4760607,12,48666842,12:48666842:G:C,0.228
12,48365265,rs4760607,12,48666918,12:48666918:T:G,0.228
12,48365265,rs4760607,12,48667019,12:48667019:T:C,0.228
12,48365265,rs4760607,12,48667183,12:48667183:T:C,0.228
12,48365265,rs4760607,12,48668229,12:48668229:T:C,0.228
12,48365265,rs4760607,12,48668323,12:48668323:G:A,0.412
12,48365265,rs4760607,12,48669501,12:48669501:C:T,0.228
12,48365265,rs4760607,12,48670000,12:48670000:G:T,0.214
12,48365265,rs4760607,12,48670018,12:48670018:C:T,0.214
12,48365265,rs4760607,12,48670019,12:48670019:G:T,0.214
12,48365265,rs4760607,12,48670116,12:48670116:C:A,0.228
12,48365265,rs4760607,12,48670152,12:48670152:T:C,0.056
12,48365265,rs4760607,12,48670491,12:48670491:G:A,0.228
12,48365265,rs4760607,12,48670991,12:48670991:A:T,0.228
12,48365265,rs4760607,12,48672654,rs34913635,0.703
12,48365265,rs4760607,12,48672738,12:48672738:AAAC:A,0.056
12,48365265,rs4760607,12,48673134,12:48673134:A:G,0.228
12,48365265,rs4760607,12,48674621,12:48674621:G:C,0.228
12,48365265,rs4760607,12,48675783,rs2087343,0.684
12,48365265,rs4760607,12,48676038,12:48676038:T:G,0.227
12,48365265,rs4760607,12,48676703,12:48676703:C:G,0.228
12,48365265,rs4760607,12,48677995,12:48677995:C:T,0.412
12,48365265,rs4760607,12,48679236,12:48679236:A:G,0.08
12,48365265,rs4760607,12,48679615,12:48679615:T:C,0.228
12,48365265,rs4760607,12,48683123,12:48683123:G:GAAATTGGTTTAAGTTAA,0.413
12,48365265,rs4760607,12,48686741,12:48686741:T:C,0.412
12,48365265,rs4760607,12,48690177,12:48690177:T:C,0.412
12,48365265,rs4760607,12,48690363,rs2258342,0.409
12,48365265,rs4760607,12,48696720,12:48696720:A:G,0.394
12,48365265,rs4760607,12,48698950,12:48698950:TAATA:T,0.401
12,48365265,rs4760607,12,48699144,rs75835437,0.325
12,48365265,rs4760607,12,48699537,12:48699537:G:A,0.4
12,48365265,rs4760607,12,48699606,12:48699606:TGTTTTGTTTTG:T,0.122
12,48365265,rs4760607,12,48700282,12:48700282:A:G,0.414
12,48365265,rs4760607,12,48700691,12:48700691:T:C,0.399
12,48365265,rs4760607,12,48700754,12:48700754:G:C,0.414
12,48365265,rs4760607,12,48700817,12:48700817:A:T,0.414
12,48365265,rs4760607,12,48702707,rs117070916,0.337
12,48365265,rs4760607,12,48703010,12:48703010:GT:G,0.414
12,48365265,rs4760607,12,48709103,12:48709103:C:T,0.065
12,48365265,rs4760607,12,48709223,12:48709223:A:G,0.077
12,48365265,rs4760607,12,48709423,12:48709423:G:A,0.05
12,48365265,rs4760607,12,48710019,12:48710019:T:C,0.077
12,48365265,rs4760607,12,48710272,12:48710272:G:A,0.076
12,48365265,rs4760607,12,48710459,12:48710459:T:A,0.077
12,48365265,rs4760607,12,48710979,12:48710979:T:C,0.398
12,48365265,rs4760607,12,48711867,12:48711867:T:G,0.119
12,48365265,rs4760607,12,48712638,12:48712638:C:T,0.396
12,48365265,rs4760607,12,48713319,12:48713319:A:G,0.398
12,48365265,rs4760607,12,48716155,12:48716155:T:C,0.434
12,48365265,rs4760607,12,48718798,12:48718798:C:T,0.398
12,48365265,rs4760607,12,48718808,12:48718808:C:A,0.398
12,48365265,rs4760607,12,48719172,rs2450995,0.701
12,48365265,rs4760607,12,48719946,12:48719946:T:C,0.398
12,48365265,rs4760607,12,48721634,12:48721634:A:T,0.119
12,48365265,rs4760607,12,48724778,12:48724778:T:G,0.398
12,48365265,rs4760607,12,48728477,12:48728477:A:ATAAAGT,0.394
12,48365265,rs4760607,12,48728490,rs3752820,0.119
12,48365265,rs4760607,12,48732534,12:48732534:A:G,0.119
12,48365265,rs4760607,12,48732719,12:48732719:C:G,0.082
12,48365265,rs4760607,12,48734609,12:48734609:A:G,0.399
12,48365265,rs4760607,12,48735304,12:48735304:G:T,0.398
12,48365265,rs4760607,12,48738555,12:48738555:GA:G,0.398
12,48365265,rs4760607,12,48739763,12:48739763:C:T,0.396
12,48365265,rs4760607,12,48740580,12:48740580:C:G,0.396
12,48365265,rs4760607,12,48740855,12:48740855:A:G,0.075
12,48365265,rs4760607,12,48741219,12:48741219:A:T,0.396
12,48365265,rs4760607,12,48741663,rs118052620,0.317
12,48365265,rs4760607,12,48741964,12:48741964:A:G,0.236
12,48365265,rs4760607,12,48742489,12:48742489:A:G,0.396
12,48365265,rs4760607,12,48742524,12:48742524:T:G,0.075
12,48365265,rs4760607,12,48744199,rs2732439,0.075
12,48365265,rs4760607,12,48744897,12:48744897:T:C,0.395
12,48365265,rs4760607,12,48746675,12:48746675:T:C,0.075
12,48365265,rs4760607,12,48751704,12:48751704:A:C,0.393
12,48365265,rs4760607,12,48756393,12:48756393:G:A,0.391
12,48365265,rs4760607,12,48756524,12:48756524:A:C,0.179
12,48365265,rs4760607,12,48757326,12:48757326:TA:T,0.391
12,48365265,rs4760607,12,48757856,12:48757856:A:G,0.179
12,48365265,rs4760607,12,48758281,12:48758281:A:G,0.391
12,48365265,rs4760607,12,48762231,12:48762231:T:C,0.178
12,48365265,rs4760607,12,48763313,12:48763313:A:G,0.313
12,48365265,rs4760607,12,48763734,12:48763734:C:T,0.178
12,48365265,rs4760607,12,48768267,12:48768267:T:C,0.178
12,48365265,rs4760607,12,48768555,rs2634685,0.176
12,48365265,rs4760607,12,48768774,12:48768774:C:T,0.312
12,48365265,rs4760607,12,48771913,12:48771913:G:A,0.389
12,48365265,rs4760607,12,48772925,12:48772925:G:A,0.235
12,48365265,rs4760607,12,48774991,12:48774991:T:A,0.468
12,48365265,rs4760607,12,48777547,12:48777547:T:C,0.462
12,48365265,rs4760607,12,48778235,12:48778235:C:T,0.461
12,48365265,rs4760607,12,48778354,12:48778354:T:A,0.108
12,48365265,rs4760607,12,48780228,rs6580668,0.08
12,48365265,rs4760607,12,48808417,12:48808417:T:C,0.198
12,48365265,rs4760607,12,48808496,12:48808496:G:A,0.198
12,48365265,rs4760607,12,48814369,12:48814369:C:T,0.192
12,48365265,rs4760607,12,48815133,12:48815133:A:AG,0.192
12,48365265,rs4760607,12,48825686,12:48825686:A:C,0.146
12,48365265,rs4760607,12,48827973,12:48827973:A:G,0.228
12,48365265,rs4760607,12,48830801,12:48830801:T:TAAAGAAGA,0.227
12,48365265,rs4760607,12,48834326,rs10875815,0.221
12,48365265,rs4760607,12,48835554,12:48835554:T:C,0.223
12,48365265,rs4760607,12,48836889,12:48836889:T:G,0.052
12,48365265,rs4760607,12,48843912,12:48843912:A:C,0.051
12,48365265,rs4760607,12,48844318,12:48844318:A:G,0.051
12,48365265,rs4760607,12,48844656,12:48844656:T:C,0.051
12,48365265,rs4760607,12,48845441,12:48845441:T:A,0.051
12,48365265,rs4760607,12,48848115,12:48848115:G:A,0.051
12,48365265,rs4760607,12,48848242,12:48848242:C:T,0.051
12,48365265,rs4760607,12,48848721,12:48848721:G:A,0.051
12,48365265,rs4760607,12,48851427,12:48851427:A:G,0.05
12,48365265,rs4760607,12,48885349,chr12_48885349_C_T,0.115
12,48365265,rs4760607,12,48888689,12:48888689:C:G,0.056
12,48365265,rs4760607,12,48888900,12:48888900:T:G,0.103
12,48365265,rs4760607,12,48908120,12:48908120:T:C,0.135
12,48419618,rs80130819,12,48360620,12:48360620:A:G,0.081
12,48419618,rs80130819,12,48361524,12:48361524:G:A,0.084
12,48419618,rs80130819,12,48362412,12:48362412:G:C,0.083
12,48419618,rs80130819,12,48363033,12:48363033:G:A,0.083
12,48419618,rs80130819,12,48363253,chr12_48363253_C_G,0.118
12,48419618,rs80130819,12,48365265,rs4760607,0.754
12,48419618,rs80130819,12,48371595,12:48371595:G:A,0.068
12,48419618,rs80130819,12,48374826,12:48374826:T:G,0.068
12,48419618,rs80130819,12,48375475,12:48375475:C:G,0.06
12,48419618,rs80130819,12,48375568,12:48375568:A:G,0.082
12,48419618,rs80130819,12,48375965,12:48375965:C:T,0.057
12,48419618,rs80130819,12,48375975,12:48375975:A:G,0.058
12,48419618,rs80130819,12,48376137,12:48376137:G:A,0.061
12,48419618,rs80130819,12,48376291,rs2276454,0.061
12,48419618,rs80130819,12,48376447,12:48376447:A:CG,0.081
12,48419618,rs80130819,12,48376503,12:48376503:C:T,0.081
12,48419618,rs80130819,12,48376530,12:48376530:C:A,0.081
12,48419618,rs80130819,12,48377970,12:48377970:A:G,0.436
12,48419618,rs80130819,12,48379856,12:48379856:T:C,0.095
12,48419618,rs80130819,12,48379961,12:48379961:A:C,0.083
12,48419618,rs80130819,12,48379964,12:48379964:A:G,0.082
12,48419618,rs80130819,12,48380031,rs1635544,0.081
12,48419618,rs80130819,12,48382282,12:48382282:A:C,0.085
12,48419618,rs80130819,12,48382573,12:48382573:G:C,0.051
12,48419618,rs80130819,12,48383235,12:48383235:A:G,0.085
12,48419618,rs80130819,12,48383797,12:48383797:G:T,0.052
12,48419618,rs80130819,12,48383814,12:48383814:G:A,0.052
12,48419618,rs80130819,12,48383953,12:48383953:T:A,0.086
12,48419618,rs80130819,12,48384122,chr12_48384122_C_T,0.085
12,48419618,rs80130819,12,48384944,12:48384944:A:T,0.493
12,48419618,rs80130819,12,48385576,12:48385576:A:G,0.501
12,48419618,rs80130819,12,48385945,12:48385945:A:G,0.501
12,48419618,rs80130819,12,48386060,12:48386060:T:C,0.086
12,48419618,rs80130819,12,48386241,12:48386241:A:G,0.498
12,48419618,rs80130819,12,48386553,12:48386553:A:G,0.499
12,48419618,rs80130819,12,48386577,12:48386577:G:T,0.499
12,48419618,rs80130819,12,48387025,12:48387025:T:A,0.499
12,48419618,rs80130819,12,48387052,12:48387052:A:C,0.499
12,48419618,rs80130819,12,48387057,12:48387057:G:C,0.087
12,48419618,rs80130819,12,48388612,12:48388612:T:C,0.178
12,48419618,rs80130819,12,48388830,12:48388830:C:T,0.177
12,48419618,rs80130819,12,48388856,12:48388856:A:C,0.177
12,48419618,rs80130819,12,48389023,12:48389023:C:T,0.053
12,48419618,rs80130819,12,48389643,12:48389643:A:C,0.489
12,48419618,rs80130819,12,48390080,rs1793959,0.893
12,48419618,rs80130819,12,48390722,12:48390722:A:G,0.176
12,48419618,rs80130819,12,48390839,rs2226946,0.175
12,48419618,rs80130819,12,48391055,12:48391055:G:A,0.053
12,48419618,rs80130819,12,48392433,12:48392433:A:G,0.158
12,48419618,rs80130819,12,48392824,12:48392824:C:G,0.072
12,48419618,rs80130819,12,48392914,12:48392914:C:G,0.494
12,48419618,rs80130819,12,48393106,12:48393106:G:T,0.485
12,48419618,rs80130819,12,48393137,12:48393137:C:T,0.176
12,48419618,rs80130819,12,48393320,12:48393320:G:A,0.184
12,48419618,rs80130819,12,48393444,12:48393444:C:T,0.183
12,48419618,rs80130819,12,48393526,12:48393526:G:A,0.183
12,48419618,rs80130819,12,48395043,12:48395043:C:CG,0.496
12,48419618,rs80130819,12,48395102,12:48395102:T:G,0.496
12,48419618,rs80130819,12,48395361,12:48395361:C:T,0.457
12,48419618,rs80130819,12,48395900,12:48395900:C:T,0.467
12,48419618,rs80130819,12,48396364,12:48396364:G:C,0.126
12,48419618,rs80130819,12,48396450,rs1793933,0.508
12,48419618,rs80130819,12,48396505,12:48396505:G:T,0.51
12,48419618,rs80130819,12,48396785,12:48396785:C:T,0.51
12,48419618,rs80130819,12,48398002,12:48398002:G:C,0.484
12,48419618,rs80130819,12,48398080,12:48398080:T:A,0.483
12,48419618,rs80130819,12,48398223,12:48398223:G:A,0.598
12,48419618,rs80130819,12,48399403,12:48399403:T:C,0.485
12,48419618,rs80130819,12,48399931,12:48399931:A:G,0.484
12,48419618,rs80130819,12,48400617,12:48400617:C:T,0.485
12,48419618,rs80130819,12,48403229,12:48403229:A:C,0.485
12,48419618,rs80130819,12,48403530,12:48403530:C:T,0.473
12,48419618,rs80130819,12,48403692,12:48403692:G:A,0.473
12,48419618,rs80130819,12,48403765,12:48403765:G:A,0.062
12,48419618,rs80130819,12,48403837,12:48403837:GC:G,0.164
12,48419618,rs80130819,12,48403839,12:48403839:T:A,0.163
12,48419618,rs80130819,12,48404636,rs9651980,0.934
12,48419618,rs80130819,12,48404692,12:48404692:G:A,0.486
12,48419618,rs80130819,12,48405733,kgp4967804,0.465
12,48419618,rs80130819,12,48405733,12:48405733:G:GA,0.399
12,48419618,rs80130819,12,48405860,12:48405860:C:T,0.475
12,48419618,rs80130819,12,48407987,12:48407987:C:T,0.49
12,48419618,rs80130819,12,48409054,12:48409054:C:A,0.09
12,48419618,rs80130819,12,48410517,rs6580649,0.471
12,48419618,rs80130819,12,48410566,12:48410566:T:A,0.236
12,48419618,rs80130819,12,48411102,12:48411102:G:T,0.063
12,48419618,rs80130819,12,48411158,12:48411158:T:C,0.063
12,48419618,rs80130819,12,48411987,12:48411987:A:G,0.464
12,48419618,rs80130819,12,48412410,rs17122565,0.261
12,48419618,rs80130819,12,48412445,12:48412445:TTC:T,0.062
12,48419618,rs80130819,12,48412550,rs78239819,0.932
12,48419618,rs80130819,12,48412592,12:48412592:A:C,0.154
12,48419618,rs80130819,12,48413565,12:48413565:C:T,0.155
12,48419618,rs80130819,12,48413593,12:48413593:A:G,0.062
12,48419618,rs80130819,12,48413634,12:48413634:T:G,0.155
12,48419618,rs80130819,12,48413789,12:48413789:A:ATATTGT,0.155
12,48419618,rs80130819,12,48413944,12:48413944:C:T,0.155
12,48419618,rs80130819,12,48413950,12:48413950:A:C,0.153
12,48419618,rs80130819,12,48413979,12:48413979:G:T,0.153
12,48419618,rs80130819,12,48414058,rs7299271,0.154
12,48419618,rs80130819,12,48414230,12:48414230:G:T,0.155
12,48419618,rs80130819,12,48414798,12:48414798:T:C,0.467
12,48419618,rs80130819,12,48416052,12:48416052:G:T,0.155
12,48419618,rs80130819,12,48417537,12:48417537:A:G,0.155
12,48419618,rs80130819,12,48418556,12:48418556:G:T,0.063
12,48419618,rs80130819,12,48419618,rs80130819,1
12,48419618,rs80130819,12,48419976,12:48419976:C:T,0.258
12,48419618,rs80130819,12,48420214,chr12_48420214_C_T,0.485
12,48419618,rs80130819,12,48421034,rs17122571,0.988
12,48419618,rs80130819,12,48421449,12:48421449:C:T,0.48
12,48419618,rs80130819,12,48421772,12:48421772:A:G,0.064
12,48419618,rs80130819,12,48421773,12:48421773:T:C,0.063
12,48419618,rs80130819,12,48421774,12:48421774:G:A,0.103
12,48419618,rs80130819,12,48421856,12:48421856:C:T,0.063
12,48419618,rs80130819,12,48423233,12:48423233:C:T,0.493
12,48419618,rs80130819,12,48425992,12:48425992:A:G,0.112
12,48419618,rs80130819,12,48426143,12:48426143:T:C,0.112
12,48419618,rs80130819,12,48427329,12:48427329:T:C,0.166
12,48419618,rs80130819,12,48427523,12:48427523:G:A,0.492
12,48419618,rs80130819,12,48427884,12:48427884:A:G,0.482
12,48419618,rs80130819,12,48428150,12:48428150:C:T,0.49
12,48419618,rs80130819,12,48429701,12:48429701:C:T,0.491
12,48419618,rs80130819,12,48429776,12:48429776:C:T,0.166
12,48419618,rs80130819,12,48429933,12:48429933:A:T,0.481
12,48419618,rs80130819,12,48430989,rs78899766,0.472
12,48419618,rs80130819,12,48431917,12:48431917:A:AC,0.112
12,48419618,rs80130819,12,48431936,12:48431936:C:T,0.166
12,48419618,rs80130819,12,48434732,12:48434732:T:A,0.274
12,48419618,rs80130819,12,48434739,12:48434739:A:T,0.274
12,48419618,rs80130819,12,48434767,12:48434767:G:A,0.489
12,48419618,rs80130819,12,48436647,12:48436647:G:A,0.509
12,48419618,rs80130819,12,48438290,12:48438290:T:A,0.499
12,48419618,rs80130819,12,48441692,12:48441692:C:G,0.478
12,48419618,rs80130819,12,48443048,12:48443048:T:C,0.064
12,48419618,rs80130819,12,48444488,rs7299704,0.111
12,48419618,rs80130819,12,48445625,12:48445625:T:TAAG,0.476
12,48419618,rs80130819,12,48446318,12:48446318:T:A,0.476
12,48419618,rs80130819,12,48447105,12:48447105:C:A,0.064
12,48419618,rs80130819,12,48448274,12:48448274:A:G,0.476
12,48419618,rs80130819,12,48449163,12:48449163:C:T,0.478
12,48419618,rs80130819,12,48450203,12:48450203:G:T,0.064
12,48419618,rs80130819,12,48451009,12:48451009:T:C,0.478
12,48419618,rs80130819,12,48451375,12:48451375:TTATTTTATA:T,0.111
12,48419618,rs80130819,12,48451418,12:48451418:C:CAG,0.064
12,48419618,rs80130819,12,48451959,12:48451959:C:A,0.478
12,48419618,rs80130819,12,48452237,12:48452237:C:T,0.478
12,48419618,rs80130819,12,48453882,12:48453882:G:A,0.478
12,48419618,rs80130819,12,48455255,12:48455255:G:A,0.111
12,48419618,rs80130819,12,48456823,12:48456823:C:T,0.478
12,48419618,rs80130819,12,48457159,12:48457159:G:A,0.111
12,48419618,rs80130819,12,48457385,12:48457385:C:T,0.478
12,48419618,rs80130819,12,48458149,12:48458149:C:T,0.478
12,48419618,rs80130819,12,48458445,rs117669304,0.468
12,48419618,rs80130819,12,48459488,12:48459488:C:G,0.476
12,48419618,rs80130819,12,48460016,12:48460016:T:C,0.476
12,48419618,rs80130819,12,48460563,12:48460563:G:A,0.478
12,48419618,rs80130819,12,48461581,12:48461581:T:C,0.165
12,48419618,rs80130819,12,48461635,12:48461635:G:T,0.064
12,48419618,rs80130819,12,48462455,12:48462455:T:C,0.476
12,48419618,rs80130819,12,48464195,12:48464195:T:C,0.476
12,48419618,rs80130819,12,48465061,12:48465061:A:G,0.476
12,48419618,rs80130819,12,48465425,12:48465425:A:C,0.476
12,48419618,rs80130819,12,48467721,12:48467721:A:G,0.165
12,48419618,rs80130819,12,48468652,12:48468652:A:G,0.111
12,48419618,rs80130819,12,48468999,12:48468999:A:AAAAAC,0.465
12,48419618,rs80130819,12,48469696,12:48469696:T:C,0.476
12,48419618,rs80130819,12,48470169,12:48470169:G:A,0.476
12,48419618,rs80130819,12,48470425,12:48470425:G:T,0.476
12,48419618,rs80130819,12,48472343,12:48472343:G:A,0.476
12,48419618,rs80130819,12,48473369,12:48473369:G:A,0.111
12,48419618,rs80130819,12,48473567,12:48473567:CTG:C,0.476
12,48419618,rs80130819,12,48475833,12:48475833:T:C,0.165
12,48419618,rs80130819,12,48477086,12:48477086:C:G,0.476
12,48419618,rs80130819,12,48477197,rs886589,0.164
12,48419618,rs80130819,12,48477577,rs11613879,0.973
12,48419618,rs80130819,12,48478354,12:48478354:C:G,0.476
12,48419618,rs80130819,12,48478664,12:48478664:T:C,0.476
12,48419618,rs80130819,12,48479498,12:48479498:CAAAAAAAAA:C,0.086
12,48419618,rs80130819,12,48479832,12:48479832:C:G,0.064
12,48419618,rs80130819,12,48480128,chr12_48480128_C_T,0.442
12,48419618,rs80130819,12,48480643,12:48480643:G:A,0.476
12,48419618,rs80130819,12,48480919,12:48480919:T:C,0.112
12,48419618,rs80130819,12,48481587,12:48481587:T:C,0.064
12,48419618,rs80130819,12,48483484,12:48483484:A:C,0.064
12,48419618,rs80130819,12,48485530,12:48485530:T:C,0.111
12,48419618,rs80130819,12,48485940,12:48485940:G:C,0.064
12,48419618,rs80130819,12,48486477,chr12_48486477_A_C,0.44
12,48419618,rs80130819,12,48486892,12:48486892:C:T,0.476
12,48419618,rs80130819,12,48487249,12:48487249:T:A,0.473
12,48419618,rs80130819,12,48487619,12:48487619:T:C,0.476
12,48419618,rs80130819,12,48487722,12:48487722:G:A,0.476
12,48419618,rs80130819,12,48488228,12:48488228:C:T,0.476
12,48419618,rs80130819,12,48488372,12:48488372:T:G,0.112
12,48419618,rs80130819,12,48488920,12:48488920:G:A,0.476
12,48419618,rs80130819,12,48489357,12:48489357:T:C,0.476
12,48419618,rs80130819,12,48491048,12:48491048:A:G,0.064
12,48419618,rs80130819,12,48492193,12:48492193:T:C,0.064
12,48419618,rs80130819,12,48492922,12:48492922:A:C,0.111
12,48419618,rs80130819,12,48493089,12:48493089:T:C,0.064
12,48419618,rs80130819,12,48493374,12:48493374:G:A,0.051
12,48419618,rs80130819,12,48493731,12:48493731:T:C,0.477
12,48419618,rs80130819,12,48494275,12:48494275:T:G,0.111
12,48419618,rs80130819,12,48496186,12:48496186:GC:G,0.111
12,48419618,rs80130819,12,48496489,rs74521172,0.473
12,48419618,rs80130819,12,48496660,12:48496660:C:T,0.477
12,48419618,rs80130819,12,48496997,12:48496997:G:A,0.064
12,48419618,rs80130819,12,48497455,12:48497455:TA:T,0.477
12,48419618,rs80130819,12,48498094,12:48498094:TTAGCTTTATCCAGGAC:T,0.477
12,48419618,rs80130819,12,48498327,12:48498327:G:A,0.063
12,48419618,rs80130819,12,48498413,12:48498413:C:T,0.064
12,48419618,rs80130819,12,48498440,12:48498440:G:C,0.111
12,48419618,rs80130819,12,48499131,chr12_48499131_G_T,0.093
12,48419618,rs80130819,12,48500334,12:48500334:G:A,0.476
12,48419618,rs80130819,12,48500489,12:48500489:GCAAA:GCAAACAAA,0.066
12,48419618,rs80130819,12,48501161,12:48501161:A:T,0.476
12,48419618,rs80130819,12,48501411,rs10492080,0.474
12,48419618,rs80130819,12,48502493,12:48502493:C:T,0.476
12,48419618,rs80130819,12,48503104,12:48503104:T:C,0.063
12,48419618,rs80130819,12,48503301,12:48503301:T:C,0.476
12,48419618,rs80130819,12,48503881,12:48503881:G:A,0.476
12,48419618,rs80130819,12,48505392,12:48505392:C:G,0.476
12,48419618,rs80130819,12,48506905,12:48506905:G:A,0.476
12,48419618,rs80130819,12,48507386,12:48507386:C:T,0.476
12,48419618,rs80130819,12,48507668,12:48507668:T:C,0.11
12,48419618,rs80130819,12,48508196,12:48508196:T:A,0.476
12,48419618,rs80130819,12,48508283,12:48508283:A:G,0.476
12,48419618,rs80130819,12,48508646,12:48508646:C:T,0.219
12,48419618,rs80130819,12,48512672,12:48512672:AT:A,0.063
12,48419618,rs80130819,12,48516093,12:48516093:C:A,0.488
12,48419618,rs80130819,12,48516296,12:48516296:T:C,0.455
12,48419618,rs80130819,12,48520969,chr12_48520969_A_G,0.071
12,48419618,rs80130819,12,48522042,12:48522042:GTCTC:GTCTCTCTC,0.441
12,48419618,rs80130819,12,48523499,12:48523499:G:A,0.462
12,48419618,rs80130819,12,48524804,12:48524804:A:G,0.064
12,48419618,rs80130819,12,48531917,12:48531917:T:A,0.063
12,48419618,rs80130819,12,48534814,12:48534814:A:AG,0.072
12,48419618,rs80130819,12,48537624,12:48537624:A:G,0.462
12,48419618,rs80130819,12,48538615,rs41291969,0.957
12,48419618,rs80130819,12,48539482,12:48539482:T:G,0.063
12,48419618,rs80130819,12,48541411,12:48541411:C:T,0.253
12,48419618,rs80130819,12,48542441,12:48542441:GT:G,0.081
12,48419618,rs80130819,12,48545553,12:48545553:G:T,0.072
12,48419618,rs80130819,12,48545791,12:48545791:T:C,0.072
12,48419618,rs80130819,12,48547128,12:48547128:C:T,0.063
12,48419618,rs80130819,12,48550227,rs7301003,0.063
12,48419618,rs80130819,12,48550755,12:48550755:C:T,0.462
12,48419618,rs80130819,12,48552425,12:48552425:T:C,0.462
12,48419618,rs80130819,12,48553709,12:48553709:A:G,0.462
12,48419618,rs80130819,12,48556626,12:48556626:G:A,0.063
12,48419618,rs80130819,12,48557141,12:48557141:C:T,0.063
12,48419618,rs80130819,12,48557922,12:48557922:G:C,0.106
12,48419618,rs80130819,12,48558325,12:48558325:A:G,0.063
12,48419618,rs80130819,12,48558514,12:48558514:C:CT,0.062
12,48419618,rs80130819,12,48559642,12:48559642:T:C,0.463
12,48419618,rs80130819,12,48561262,12:48561262:A:G,0.461
12,48419618,rs80130819,12,48561982,12:48561982:T:TA,0.461
12,48419618,rs80130819,12,48562299,12:48562299:C:A,0.063
12,48419618,rs80130819,12,48566156,12:48566156:C:T,0.063
12,48419618,rs80130819,12,48570604,12:48570604:C:T,0.461
12,48419618,rs80130819,12,48572670,12:48572670:T:C,0.462
12,48419618,rs80130819,12,48572982,rs75920486,0.444
12,48419618,rs80130819,12,48576054,12:48576054:G:A,0.061
12,48419618,rs80130819,12,48578325,12:48578325:A:C,0.3
12,48419618,rs80130819,12,48578631,rs7486941,0.062
12,48419618,rs80130819,12,48578809,12:48578809:T:C,0.29
12,48419618,rs80130819,12,48579665,12:48579665:G:T,0.062
12,48419618,rs80130819,12,48580710,12:48580710:T:G,0.543
12,48419618,rs80130819,12,48580859,12:48580859:G:A,0.062
12,48419618,rs80130819,12,48582520,12:48582520:T:TA,0.151
12,48419618,rs80130819,12,48582973,12:48582973:T:C,0.151
12,48419618,rs80130819,12,48583491,12:48583491:A:G,0.542
12,48419618,rs80130819,12,48584179,12:48584179:T:C,0.543
12,48419618,rs80130819,12,48586112,12:48586112:A:G,0.542
12,48419618,rs80130819,12,48587549,12:48587549:T:C,0.541
12,48419618,rs80130819,12,48587719,12:48587719:A:G,0.151
12,48419618,rs80130819,12,48587863,12:48587863:T:TTTA,0.281
12,48419618,rs80130819,12,48588035,12:48588035:C:T,0.151
12,48419618,rs80130819,12,48588112,12:48588112:T:C,0.541
12,48419618,rs80130819,12,48588782,rs12822085,0.296
12,48419618,rs80130819,12,48588923,12:48588923:A:G,0.297
12,48419618,rs80130819,12,48588936,12:48588936:A:G,0.151
12,48419618,rs80130819,12,48588982,12:48588982:A:G,0.297
12,48419618,rs80130819,12,48590458,12:48590458:A:ATGAAGGC,0.297
12,48419618,rs80130819,12,48590899,12:48590899:C:G,0.542
12,48419618,rs80130819,12,48591399,12:48591399:A:T,0.15
12,48419618,rs80130819,12,48591976,12:48591976:C:A,0.15
12,48419618,rs80130819,12,48592027,12:48592027:C:T,0.15
12,48419618,rs80130819,12,48592497,12:48592497:C:T,0.151
12,48419618,rs80130819,12,48592792,12:48592792:G:A,0.541
12,48419618,rs80130819,12,48592872,12:48592872:C:T,0.542
12,48419618,rs80130819,12,48593580,12:48593580:G:C,0.154
12,48419618,rs80130819,12,48594490,12:48594490:T:C,0.54
12,48419618,rs80130819,12,48597365,12:48597365:A:G,0.05
12,48419618,rs80130819,12,48598650,12:48598650:T:C,0.05
12,48419618,rs80130819,12,48598938,12:48598938:G:A,0.05
12,48419618,rs80130819,12,48599675,12:48599675:T:A,0.164
12,48419618,rs80130819,12,48601645,12:48601645:C:A,0.557
12,48419618,rs80130819,12,48602115,12:48602115:C:T,0.05
12,48419618,rs80130819,12,48602171,12:48602171:G:A,0.557
12,48419618,rs80130819,12,48604306,12:48604306:T:A,0.193
12,48419618,rs80130819,12,48604332,12:48604332:G:T,0.42
12,48419618,rs80130819,12,48604494,12:48604494:AT:A,0.117
12,48419618,rs80130819,12,48604682,12:48604682:A:G,0.05
12,48419618,rs80130819,12,48605924,12:48605924:TTGTC:T,0.05
12,48419618,rs80130819,12,48606452,12:48606452:G:C,0.272
12,48419618,rs80130819,12,48606528,12:48606528:T:TGA,0.555
12,48419618,rs80130819,12,48611341,12:48611341:T:C,0.555
12,48419618,rs80130819,12,48611757,12:48611757:A:G,0.555
12,48419618,rs80130819,12,48612465,12:48612465:C:T,0.05
12,48419618,rs80130819,12,48615266,12:48615266:CA:C,0.069
12,48419618,rs80130819,12,48615603,12:48615603:C:A,0.05
12,48419618,rs80130819,12,48615853,12:48615853:C:CT,0.114
12,48419618,rs80130819,12,48616439,12:48616439:C:CTTCTTTCT,0.111
12,48419618,rs80130819,12,48616801,12:48616801:G:C,0.553
12,48419618,rs80130819,12,48619044,12:48619044:G:A,0.163
12,48419618,rs80130819,12,48619256,12:48619256:A:C,0.552
12,48419618,rs80130819,12,48621384,12:48621384:A:C,0.052
12,48419618,rs80130819,12,48622704,12:48622704:G:A,0.05
12,48419618,rs80130819,12,48622724,rs6580663,0.929
12,48419618,rs80130819,12,48623705,12:48623705:CAT:C,0.539
12,48419618,rs80130819,12,48626933,12:48626933:GTGA:G,0.163
12,48419618,rs80130819,12,48628757,rs7966139,0.902
12,48419618,rs80130819,12,48630024,rs7134565,0.093
12,48419618,rs80130819,12,48632280,12:48632280:A:G,0.551
12,48419618,rs80130819,12,48635177,12:48635177:TAAAC:CAAAC,0.05
12,48419618,rs80130819,12,48635487,12:48635487:G:A,0.073
12,48419618,rs80130819,12,48638755,12:48638755:G:A,0.094
12,48419618,rs80130819,12,48641324,12:48641324:A:AACACAC,0.09
12,48419618,rs80130819,12,48643101,12:48643101:C:A,0.548
12,48419618,rs80130819,12,48643738,12:48643738:G:A,0.523
12,48419618,rs80130819,12,48645427,12:48645427:C:G,0.549
12,48419618,rs80130819,12,48648943,12:48648943:G:A,0.547
12,48419618,rs80130819,12,48649483,12:48649483:A:C,0.548
12,48419618,rs80130819,12,48649640,12:48649640:G:A,0.548
12,48419618,rs80130819,12,48649736,12:48649736:G:A,0.548
12,48419618,rs80130819,12,48651660,rs61327895,0.901
12,48419618,rs80130819,12,48652414,12:48652414:G:A,0.548
12,48419618,rs80130819,12,48653003,chr12_48653003_A_G,0.094
12,48419618,rs80130819,12,48654846,12:48654846:T:TTGA,0.547
12,48419618,rs80130819,12,48656969,12:48656969:C:T,0.548
12,48419618,rs80130819,12,48658212,12:48658212:C:T,0.548
12,48419618,rs80130819,12,48660429,12:48660429:G:A,0.546
12,48419618,rs80130819,12,48661592,12:48661592:C:T,0.299
12,48419618,rs80130819,12,48661683,12:48661683:A:G,0.299
12,48419618,rs80130819,12,48661849,12:48661849:G:A,0.299
12,48419618,rs80130819,12,48662406,12:48662406:TA:T,0.051
12,48419618,rs80130819,12,48662996,12:48662996:C:G,0.299
12,48419618,rs80130819,12,48663204,12:48663204:A:G,0.299
12,48419618,rs80130819,12,48664135,12:48664135:T:G,0.299
12,48419618,rs80130819,12,48664645,12:48664645:C:CT,0.117
12,48419618,rs80130819,12,48664725,12:48664725:G:C,0.299
12,48419618,rs80130819,12,48664757,12:48664757:T:G,0.545
12,48419618,rs80130819,12,48665070,12:48665070:G:T,0.299
12,48419618,rs80130819,12,48665720,12:48665720:A:G,0.299
12,48419618,rs80130819,12,48666262,12:48666262:G:A,0.299
12,48419618,rs80130819,12,48666842,12:48666842:G:C,0.299
12,48419618,rs80130819,12,48666918,12:48666918:T:G,0.299
12,48419618,rs80130819,12,48667019,12:48667019:T:C,0.299
12,48419618,rs80130819,12,48667183,12:48667183:T:C,0.299
12,48419618,rs80130819,12,48668229,12:48668229:T:C,0.299
12,48419618,rs80130819,12,48668323,12:48668323:G:A,0.545
12,48419618,rs80130819,12,48669501,12:48669501:C:T,0.299
12,48419618,rs80130819,12,48670000,12:48670000:G:T,0.283
12,48419618,rs80130819,12,48670018,12:48670018:C:T,0.283
12,48419618,rs80130819,12,48670019,12:48670019:G:T,0.283
12,48419618,rs80130819,12,48670116,12:48670116:C:A,0.299
12,48419618,rs80130819,12,48670152,12:48670152:T:C,0.063
12,48419618,rs80130819,12,48670491,12:48670491:G:A,0.299
12,48419618,rs80130819,12,48670991,12:48670991:A:T,0.299
12,48419618,rs80130819,12,48672654,rs34913635,0.923
12,48419618,rs80130819,12,48672738,12:48672738:AAAC:A,0.063
12,48419618,rs80130819,12,48673134,12:48673134:A:G,0.299
12,48419618,rs80130819,12,48674621,12:48674621:G:C,0.299
12,48419618,rs80130819,12,48675783,rs2087343,0.901
12,48419618,rs80130819,12,48676038,12:48676038:T:G,0.298
12,48419618,rs80130819,12,48676703,12:48676703:C:G,0.299
12,48419618,rs80130819,12,48677995,12:48677995:C:T,0.545
12,48419618,rs80130819,12,48679236,12:48679236:A:G,0.094
12,48419618,rs80130819,12,48679615,12:48679615:T:C,0.299
12,48419618,rs80130819,12,48683123,12:48683123:G:GAAATTGGTTTAAGTTAA,0.546
12,48419618,rs80130819,12,48686741,12:48686741:T:C,0.545
12,48419618,rs80130819,12,48690177,12:48690177:T:C,0.544
12,48419618,rs80130819,12,48690363,rs2258342,0.541
12,48419618,rs80130819,12,48696720,12:48696720:A:G,0.517
12,48419618,rs80130819,12,48698950,12:48698950:TAATA:T,0.525
12,48419618,rs80130819,12,48699144,rs75835437,0.422
12,48419618,rs80130819,12,48699537,12:48699537:G:A,0.524
12,48419618,rs80130819,12,48699606,12:48699606:TGTTTTGTTTTG:T,0.164
12,48419618,rs80130819,12,48700282,12:48700282:A:G,0.541
12,48419618,rs80130819,12,48700691,12:48700691:T:C,0.522
12,48419618,rs80130819,12,48700754,12:48700754:G:C,0.542
12,48419618,rs80130819,12,48700817,12:48700817:A:T,0.541
12,48419618,rs80130819,12,48702707,rs117070916,0.436
12,48419618,rs80130819,12,48703010,12:48703010:GT:G,0.54
12,48419618,rs80130819,12,48709103,12:48709103:C:T,0.089
12,48419618,rs80130819,12,48709223,12:48709223:A:G,0.088
12,48419618,rs80130819,12,48709423,12:48709423:G:A,0.054
12,48419618,rs80130819,12,48710019,12:48710019:T:C,0.087
12,48419618,rs80130819,12,48710272,12:48710272:G:A,0.087
12,48419618,rs80130819,12,48710459,12:48710459:T:A,0.087
12,48419618,rs80130819,12,48710979,12:48710979:T:C,0.518
12,48419618,rs80130819,12,48711867,12:48711867:T:G,0.16
12,48419618,rs80130819,12,48712638,12:48712638:C:T,0.516
12,48419618,rs80130819,12,48712932,12:48712932:T:A,0.068
12,48419618,rs80130819,12,48713319,12:48713319:A:G,0.518
12,48419618,rs80130819,12,48716155,12:48716155:T:C,0.562
12,48419618,rs80130819,12,48718798,12:48718798:C:T,0.517
12,48419618,rs80130819,12,48718808,12:48718808:C:A,0.517
12,48419618,rs80130819,12,48719172,rs2450995,0.908
12,48419618,rs80130819,12,48719946,12:48719946:T:C,0.517
12,48419618,rs80130819,12,48721634,12:48721634:A:T,0.16
12,48419618,rs80130819,12,48724778,12:48724778:T:G,0.518
12,48419618,rs80130819,12,48728477,12:48728477:A:ATAAAGT,0.513
12,48419618,rs80130819,12,48728490,rs3752820,0.159
12,48419618,rs80130819,12,48732534,12:48732534:A:G,0.16
12,48419618,rs80130819,12,48732719,12:48732719:C:G,0.109
12,48419618,rs80130819,12,48734609,12:48734609:A:G,0.519
12,48419618,rs80130819,12,48735304,12:48735304:G:T,0.518
12,48419618,rs80130819,12,48736303,12:48736303:C:A,0.067
12,48419618,rs80130819,12,48738555,12:48738555:GA:G,0.516
12,48419618,rs80130819,12,48739763,12:48739763:C:T,0.515
12,48419618,rs80130819,12,48740580,12:48740580:C:G,0.515
12,48419618,rs80130819,12,48740855,12:48740855:A:G,0.104
12,48419618,rs80130819,12,48741219,12:48741219:A:T,0.514
12,48419618,rs80130819,12,48741663,rs118052620,0.412
12,48419618,rs80130819,12,48741964,12:48741964:A:G,0.245
12,48419618,rs80130819,12,48742489,12:48742489:A:G,0.514
12,48419618,rs80130819,12,48742524,12:48742524:T:G,0.104
12,48419618,rs80130819,12,48744199,rs2732439,0.103
12,48419618,rs80130819,12,48744897,12:48744897:T:C,0.513
12,48419618,rs80130819,12,48746675,12:48746675:T:C,0.104
12,48419618,rs80130819,12,48751704,12:48751704:A:C,0.51
12,48419618,rs80130819,12,48756393,12:48756393:G:A,0.507
12,48419618,rs80130819,12,48756524,12:48756524:A:C,0.232
12,48419618,rs80130819,12,48757326,12:48757326:TA:T,0.508
12,48419618,rs80130819,12,48757856,12:48757856:A:G,0.232
12,48419618,rs80130819,12,48758281,12:48758281:A:G,0.508
12,48419618,rs80130819,12,48762231,12:48762231:T:C,0.231
12,48419618,rs80130819,12,48763313,12:48763313:A:G,0.407
12,48419618,rs80130819,12,48763734,12:48763734:C:T,0.231
12,48419618,rs80130819,12,48768267,12:48768267:T:C,0.231
12,48419618,rs80130819,12,48768555,rs2634685,0.228
12,48419618,rs80130819,12,48768774,12:48768774:C:T,0.407
12,48419618,rs80130819,12,48771913,12:48771913:G:A,0.505
12,48419618,rs80130819,12,48772925,12:48772925:G:A,0.244
12,48419618,rs80130819,12,48774991,12:48774991:T:A,0.61
12,48419618,rs80130819,12,48775362,12:48775362:G:T,0.053
12,48419618,rs80130819,12,48777547,12:48777547:T:C,0.601
12,48419618,rs80130819,12,48777986,12:48777986:C:CT,0.068
12,48419618,rs80130819,12,48778235,12:48778235:C:T,0.599
12,48419618,rs80130819,12,48778354,12:48778354:T:A,0.148
12,48419618,rs80130819,12,48779562,rs4579969,0.051
12,48419618,rs80130819,12,48780228,rs6580668,0.096
12,48419618,rs80130819,12,48795162,12:48795162:T:C,0.056
12,48419618,rs80130819,12,48795937,12:48795937:G:A,0.055
12,48419618,rs80130819,12,48796299,12:48796299:G:A,0.055
12,48419618,rs80130819,12,48796300,12:48796300:C:T,0.055
12,48419618,rs80130819,12,48799427,12:48799427:G:T,0.055
12,48419618,rs80130819,12,48799429,12:48799429:C:T,0.055
12,48419618,rs80130819,12,48801223,12:48801223:G:A,0.054
12,48419618,rs80130819,12,48802211,12:48802211:A:G,0.054
12,48419618,rs80130819,12,48802735,12:48802735:C:T,0.054
12,48419618,rs80130819,12,48802951,12:48802951:G:A,0.054
12,48419618,rs80130819,12,48806521,12:48806521:G:T,0.053
12,48419618,rs80130819,12,48808417,12:48808417:T:C,0.257
12,48419618,rs80130819,12,48808457,12:48808457:G:T,0.053
12,48419618,rs80130819,12,48808492,12:48808492:G:A,0.053
12,48419618,rs80130819,12,48808496,12:48808496:G:A,0.257
12,48419618,rs80130819,12,48814369,12:48814369:C:T,0.25
12,48419618,rs80130819,12,48815133,12:48815133:A:AG,0.25
12,48419618,rs80130819,12,48825686,12:48825686:A:C,0.18
12,48419618,rs80130819,12,48827973,12:48827973:A:G,0.292
12,48419618,rs80130819,12,48830801,12:48830801:T:TAAAGAAGA,0.291
12,48419618,rs80130819,12,48834326,rs10875815,0.282
12,48419618,rs80130819,12,48835554,12:48835554:T:C,0.285
12,48419618,rs80130819,12,48836889,12:48836889:T:G,0.08
12,48419618,rs80130819,12,48843912,12:48843912:A:C,0.079
12,48419618,rs80130819,12,48844318,12:48844318:A:G,0.079
12,48419618,rs80130819,12,48844656,12:48844656:T:C,0.079
12,48419618,rs80130819,12,48845441,12:48845441:T:A,0.079
12,48419618,rs80130819,12,48848115,12:48848115:G:A,0.079
12,48419618,rs80130819,12,48848242,12:48848242:C:T,0.079
12,48419618,rs80130819,12,48848721,12:48848721:G:A,0.079
12,48419618,rs80130819,12,48851070,12:48851070:G:T,0.063
12,48419618,rs80130819,12,48851427,12:48851427:A:G,0.078
12,48419618,rs80130819,12,48854243,12:48854243:G:A,0.077
12,48419618,rs80130819,12,48856773,12:48856773:G:A,0.077
12,48419618,rs80130819,12,48858362,12:48858362:T:C,0.077
12,48419618,rs80130819,12,48858935,12:48858935:A:G,0.077
12,48419618,rs80130819,12,48862238,12:48862238:A:G,0.077
12,48419618,rs80130819,12,48865501,12:48865501:C:T,0.077
12,48419618,rs80130819,12,48865760,12:48865760:T:C,0.077
12,48419618,rs80130819,12,48874763,12:48874763:C:T,0.077
12,48419618,rs80130819,12,48876223,12:48876223:T:C,0.077
12,48419618,rs80130819,12,48876902,12:48876902:T:G,0.077
12,48419618,rs80130819,12,48880723,12:48880723:C:T,0.077
12,48419618,rs80130819,12,48881891,12:48881891:A:G,0.077
12,48419618,rs80130819,12,48883020,12:48883020:G:T,0.077
12,48419618,rs80130819,12,48883468,12:48883468:G:T,0.077
12,48419618,rs80130819,12,48885349,chr12_48885349_C_T,0.144
12,48419618,rs80130819,12,48885692,12:48885692:T:C,0.07
12,48419618,rs80130819,12,48887997,12:48887997:T:C,0.069
12,48419618,rs80130819,12,48888689,12:48888689:C:G,0.071
12,48419618,rs80130819,12,48888900,12:48888900:T:G,0.132
12,48419618,rs80130819,12,48889908,12:48889908:G:A,0.072
12,48419618,rs80130819,12,48890886,12:48890886:T:C,0.072
12,48419618,rs80130819,12,48890995,12:48890995:C:A,0.072
12,48419618,rs80130819,12,48905998,12:48905998:C:T,0.07
12,48419618,rs80130819,12,48908120,12:48908120:T:C,0.167
12,48419618,rs80130819,12,48908397,12:48908397:A:G,0.07
12,48419618,rs80130819,12,48909045,12:48909045:C:T,0.07
12,48419618,rs80130819,12,48910974,12:48910974:G:T,0.069
12,48430989,rs78899766,12,48284968,12:48284968:C:G,0.051
12,48430989,rs78899766,12,48289355,12:48289355:G:A,0.054
12,48430989,rs78899766,12,48289373,12:48289373:C:T,0.054
12,48430989,rs78899766,12,48293605,12:48293605:C:G,0.054
12,48430989,rs78899766,12,48293716,chr12_48293716_G_T,0.054
12,48430989,rs78899766,12,48296486,12:48296486:A:G,0.053
12,48430989,rs78899766,12,48320932,chr12_48320932_C_G,0.058
12,48430989,rs78899766,12,48330017,12:48330017:C:CT,0.05
12,48430989,rs78899766,12,48356057,chr12_48356058_G_INDEL,0.059
12,48430989,rs78899766,12,48357014,chr12_48357014_A_C,0.059
12,48430989,rs78899766,12,48359527,12:48359527:G:A,0.067
12,48430989,rs78899766,12,48363253,chr12_48363253_C_G,0.062
12,48430989,rs78899766,12,48365265,rs4760607,0.363
12,48430989,rs78899766,12,48377970,12:48377970:A:G,0.19
12,48430989,rs78899766,12,48384944,12:48384944:A:T,0.22
12,48430989,rs78899766,12,48385576,12:48385576:A:G,0.223
12,48430989,rs78899766,12,48385945,12:48385945:A:G,0.223
12,48430989,rs78899766,12,48386241,12:48386241:A:G,0.222
12,48430989,rs78899766,12,48386553,12:48386553:A:G,0.222
12,48430989,rs78899766,12,48386577,12:48386577:G:T,0.222
12,48430989,rs78899766,12,48387025,12:48387025:T:A,0.222
12,48430989,rs78899766,12,48387052,12:48387052:A:C,0.222
12,48430989,rs78899766,12,48388612,12:48388612:T:C,0.077
12,48430989,rs78899766,12,48388830,12:48388830:C:T,0.076
12,48430989,rs78899766,12,48388856,12:48388856:A:C,0.076
12,48430989,rs78899766,12,48389643,12:48389643:A:C,0.216
12,48430989,rs78899766,12,48390080,rs1793959,0.4
12,48430989,rs78899766,12,48390722,12:48390722:A:G,0.076
12,48430989,rs78899766,12,48390839,rs2226946,0.075
12,48430989,rs78899766,12,48392433,12:48392433:A:G,0.069
12,48430989,rs78899766,12,48392914,12:48392914:C:G,0.22
12,48430989,rs78899766,12,48393106,12:48393106:G:T,0.216
12,48430989,rs78899766,12,48393137,12:48393137:C:T,0.076
12,48430989,rs78899766,12,48393320,12:48393320:G:A,0.08
12,48430989,rs78899766,12,48393444,12:48393444:C:T,0.079
12,48430989,rs78899766,12,48393526,12:48393526:G:A,0.079
12,48430989,rs78899766,12,48395043,12:48395043:C:CG,0.221
12,48430989,rs78899766,12,48395102,12:48395102:T:G,0.221
12,48430989,rs78899766,12,48395900,12:48395900:C:T,0.216
12,48430989,rs78899766,12,48396364,12:48396364:G:C,0.059
12,48430989,rs78899766,12,48396450,rs1793933,0.237
12,48430989,rs78899766,12,48396505,12:48396505:G:T,0.238
12,48430989,rs78899766,12,48396785,12:48396785:C:T,0.238
12,48430989,rs78899766,12,48398002,12:48398002:G:C,0.225
12,48430989,rs78899766,12,48398080,12:48398080:T:A,0.225
12,48430989,rs78899766,12,48398223,12:48398223:G:A,0.281
12,48430989,rs78899766,12,48399403,12:48399403:T:C,0.226
12,48430989,rs78899766,12,48399931,12:48399931:A:G,0.226
12,48430989,rs78899766,12,48400617,12:48400617:C:T,0.226
12,48430989,rs78899766,12,48403229,12:48403229:A:C,0.226
12,48430989,rs78899766,12,48403530,12:48403530:C:T,0.221
12,48430989,rs78899766,12,48403692,12:48403692:G:A,0.221
12,48430989,rs78899766,12,48403837,12:48403837:GC:G,0.076
12,48430989,rs78899766,12,48403839,12:48403839:T:A,0.076
12,48430989,rs78899766,12,48404636,rs9651980,0.439
12,48430989,rs78899766,12,48404692,12:48404692:G:A,0.227
12,48430989,rs78899766,12,48405733,kgp4967804,0.217
12,48430989,rs78899766,12,48405733,12:48405733:G:GA,0.186
12,48430989,rs78899766,12,48405860,12:48405860:C:T,0.222
12,48430989,rs78899766,12,48407987,12:48407987:C:T,0.229
12,48430989,rs78899766,12,48410517,rs6580649,0.219
12,48430989,rs78899766,12,48410566,12:48410566:T:A,0.108
12,48430989,rs78899766,12,48411987,12:48411987:A:G,0.216
12,48430989,rs78899766,12,48412410,rs17122565,0.12
12,48430989,rs78899766,12,48412550,rs78239819,0.439
12,48430989,rs78899766,12,48412592,12:48412592:A:C,0.07
12,48430989,rs78899766,12,48413565,12:48413565:C:T,0.07
12,48430989,rs78899766,12,48413634,12:48413634:T:G,0.07
12,48430989,rs78899766,12,48413789,12:48413789:A:ATATTGT,0.07
12,48430989,rs78899766,12,48413944,12:48413944:C:T,0.07
12,48430989,rs78899766,12,48413950,12:48413950:A:C,0.07
12,48430989,rs78899766,12,48413979,12:48413979:G:T,0.07
12,48430989,rs78899766,12,48414058,rs7299271,0.07
12,48430989,rs78899766,12,48414230,12:48414230:G:T,0.071
12,48430989,rs78899766,12,48414798,12:48414798:T:C,0.218
12,48430989,rs78899766,12,48416052,12:48416052:G:T,0.071
12,48430989,rs78899766,12,48417537,12:48417537:A:G,0.071
12,48430989,rs78899766,12,48419618,rs80130819,0.472
12,48430989,rs78899766,12,48420214,chr12_48420214_C_T,0.228
12,48430989,rs78899766,12,48421034,rs17122571,0.476
12,48430989,rs78899766,12,48421449,12:48421449:C:T,0.23
12,48430989,rs78899766,12,48423233,12:48423233:C:T,0.237
12,48430989,rs78899766,12,48425992,12:48425992:A:G,0.054
12,48430989,rs78899766,12,48426143,12:48426143:T:C,0.054
12,48430989,rs78899766,12,48427329,12:48427329:T:C,0.081
12,48430989,rs78899766,12,48427523,12:48427523:G:A,0.238
12,48430989,rs78899766,12,48427884,12:48427884:A:G,0.232
12,48430989,rs78899766,12,48428150,12:48428150:C:T,0.237
12,48430989,rs78899766,12,48429701,12:48429701:C:T,0.238
12,48430989,rs78899766,12,48429776,12:48429776:C:T,0.081
12,48430989,rs78899766,12,48429933,12:48429933:A:T,0.232
12,48430989,rs78899766,12,48430989,rs78899766,1
12,48430989,rs78899766,12,48431917,12:48431917:A:AC,0.054
12,48430989,rs78899766,12,48431936,12:48431936:C:T,0.081
12,48430989,rs78899766,12,48434732,12:48434732:T:A,0.132
12,48430989,rs78899766,12,48434739,12:48434739:A:T,0.132
12,48430989,rs78899766,12,48434767,12:48434767:G:A,0.237
12,48430989,rs78899766,12,48436647,12:48436647:G:A,0.247
12,48430989,rs78899766,12,48438290,12:48438290:T:A,0.242
12,48430989,rs78899766,12,48441692,12:48441692:C:G,0.232
12,48430989,rs78899766,12,48444488,rs7299704,0.054
12,48430989,rs78899766,12,48445625,12:48445625:T:TAAG,0.231
12,48430989,rs78899766,12,48446318,12:48446318:T:A,0.231
12,48430989,rs78899766,12,48448274,12:48448274:A:G,0.231
12,48430989,rs78899766,12,48449163,12:48449163:C:T,0.232
12,48430989,rs78899766,12,48451009,12:48451009:T:C,0.232
12,48430989,rs78899766,12,48451375,12:48451375:TTATTTTATA:T,0.054
12,48430989,rs78899766,12,48451959,12:48451959:C:A,0.232
12,48430989,rs78899766,12,48452237,12:48452237:C:T,0.232
12,48430989,rs78899766,12,48453882,12:48453882:G:A,0.232
12,48430989,rs78899766,12,48455255,12:48455255:G:A,0.054
12,48430989,rs78899766,12,48456823,12:48456823:C:T,0.232
12,48430989,rs78899766,12,48457159,12:48457159:G:A,0.054
12,48430989,rs78899766,12,48457385,12:48457385:C:T,0.232
12,48430989,rs78899766,12,48458149,12:48458149:C:T,0.232
12,48430989,rs78899766,12,48458445,rs117669304,0.999
12,48430989,rs78899766,12,48459488,12:48459488:C:G,0.231
12,48430989,rs78899766,12,48460016,12:48460016:T:C,0.231
12,48430989,rs78899766,12,48460563,12:48460563:G:A,0.232
12,48430989,rs78899766,12,48461581,12:48461581:T:C,0.081
12,48430989,rs78899766,12,48462455,12:48462455:T:C,0.231
12,48430989,rs78899766,12,48464195,12:48464195:T:C,0.231
12,48430989,rs78899766,12,48465061,12:48465061:A:G,0.231
12,48430989,rs78899766,12,48465425,12:48465425:A:C,0.231
12,48430989,rs78899766,12,48467721,12:48467721:A:G,0.081
12,48430989,rs78899766,12,48468652,12:48468652:A:G,0.054
12,48430989,rs78899766,12,48468999,12:48468999:A:AAAAAC,0.223
12,48430989,rs78899766,12,48469696,12:48469696:T:C,0.231
12,48430989,rs78899766,12,48470169,12:48470169:G:A,0.231
12,48430989,rs78899766,12,48470425,12:48470425:G:T,0.231
12,48430989,rs78899766,12,48472343,12:48472343:G:A,0.231
12,48430989,rs78899766,12,48473369,12:48473369:G:A,0.054
12,48430989,rs78899766,12,48473567,12:48473567:CTG:C,0.231
12,48430989,rs78899766,12,48475833,12:48475833:T:C,0.081
12,48430989,rs78899766,12,48477086,12:48477086:C:G,0.231
12,48430989,rs78899766,12,48477197,rs886589,0.081
12,48430989,rs78899766,12,48477577,rs11613879,0.473
12,48430989,rs78899766,12,48478230,12:48478230:GT:G,0.073
12,48430989,rs78899766,12,48478354,12:48478354:C:G,0.231
12,48430989,rs78899766,12,48478664,12:48478664:T:C,0.231
12,48430989,rs78899766,12,48480643,12:48480643:G:A,0.231
12,48430989,rs78899766,12,48480919,12:48480919:T:C,0.054
12,48430989,rs78899766,12,48485530,12:48485530:T:C,0.054
12,48430989,rs78899766,12,48486892,12:48486892:C:T,0.231
12,48430989,rs78899766,12,48487249,12:48487249:T:A,0.23
12,48430989,rs78899766,12,48487619,12:48487619:T:C,0.231
12,48430989,rs78899766,12,48487722,12:48487722:G:A,0.231
12,48430989,rs78899766,12,48488228,12:48488228:C:T,0.231
12,48430989,rs78899766,12,48488372,12:48488372:T:G,0.054
12,48430989,rs78899766,12,48488920,12:48488920:G:A,0.231
12,48430989,rs78899766,12,48489357,12:48489357:T:C,0.231
12,48430989,rs78899766,12,48492922,12:48492922:A:C,0.054
12,48430989,rs78899766,12,48493731,12:48493731:T:C,0.231
12,48430989,rs78899766,12,48494275,12:48494275:T:G,0.054
12,48430989,rs78899766,12,48496186,12:48496186:GC:G,0.054
12,48430989,rs78899766,12,48496489,rs74521172,0.987
12,48430989,rs78899766,12,48496660,12:48496660:C:T,0.232
12,48430989,rs78899766,12,48497455,12:48497455:TA:T,0.232
12,48430989,rs78899766,12,48498094,12:48498094:TTAGCTTTATCCAGGAC:T,0.232
12,48430989,rs78899766,12,48498440,12:48498440:G:C,0.054
12,48430989,rs78899766,12,48500334,12:48500334:G:A,0.232
12,48430989,rs78899766,12,48501161,12:48501161:A:T,0.231
12,48430989,rs78899766,12,48501411,rs10492080,0.231
12,48430989,rs78899766,12,48502493,12:48502493:C:T,0.232
12,48430989,rs78899766,12,48503301,12:48503301:T:C,0.232
12,48430989,rs78899766,12,48503881,12:48503881:G:A,0.232
12,48430989,rs78899766,12,48505392,12:48505392:C:G,0.232
12,48430989,rs78899766,12,48506905,12:48506905:G:A,0.232
12,48430989,rs78899766,12,48507386,12:48507386:C:T,0.232
12,48430989,rs78899766,12,48507668,12:48507668:T:C,0.054
12,48430989,rs78899766,12,48508196,12:48508196:T:A,0.232
12,48430989,rs78899766,12,48508283,12:48508283:A:G,0.232
12,48430989,rs78899766,12,48508646,12:48508646:C:T,0.104
12,48430989,rs78899766,12,48516093,12:48516093:C:A,0.238
12,48430989,rs78899766,12,48516296,12:48516296:T:C,0.222
12,48430989,rs78899766,12,48522042,12:48522042:GTCTC:GTCTCTCTC,0.223
12,48430989,rs78899766,12,48523499,12:48523499:G:A,0.231
12,48430989,rs78899766,12,48537624,12:48537624:A:G,0.232
12,48430989,rs78899766,12,48538615,rs41291969,0.483
12,48430989,rs78899766,12,48550755,12:48550755:C:T,0.232
12,48430989,rs78899766,12,48552425,12:48552425:T:C,0.232
12,48430989,rs78899766,12,48553709,12:48553709:A:G,0.232
12,48430989,rs78899766,12,48557922,12:48557922:G:C,0.055
12,48430989,rs78899766,12,48559642,12:48559642:T:C,0.232
12,48430989,rs78899766,12,48561262,12:48561262:A:G,0.231
12,48430989,rs78899766,12,48561982,12:48561982:T:TA,0.231
12,48430989,rs78899766,12,48570604,12:48570604:C:T,0.231
12,48430989,rs78899766,12,48572670,12:48572670:T:C,0.232
12,48430989,rs78899766,12,48572982,rs75920486,0.964
12,48430989,rs78899766,12,48578325,12:48578325:A:C,0.151
12,48430989,rs78899766,12,48578809,12:48578809:T:C,0.146
12,48430989,rs78899766,12,48580710,12:48580710:T:G,0.274
12,48430989,rs78899766,12,48582520,12:48582520:T:TA,0.071
12,48430989,rs78899766,12,48582973,12:48582973:T:C,0.071
12,48430989,rs78899766,12,48583491,12:48583491:A:G,0.273
12,48430989,rs78899766,12,48584179,12:48584179:T:C,0.273
12,48430989,rs78899766,12,48586112,12:48586112:A:G,0.273
12,48430989,rs78899766,12,48587549,12:48587549:T:C,0.273
12,48430989,rs78899766,12,48587719,12:48587719:A:G,0.071
12,48430989,rs78899766,12,48587863,12:48587863:T:TTTA,0.141
12,48430989,rs78899766,12,48588035,12:48588035:C:T,0.071
12,48430989,rs78899766,12,48588112,12:48588112:T:C,0.273
12,48430989,rs78899766,12,48588782,rs12822085,0.15
12,48430989,rs78899766,12,48588923,12:48588923:A:G,0.15
12,48430989,rs78899766,12,48588936,12:48588936:A:G,0.071
12,48430989,rs78899766,12,48588982,12:48588982:A:G,0.15
12,48430989,rs78899766,12,48590458,12:48590458:A:ATGAAGGC,0.15
12,48430989,rs78899766,12,48590899,12:48590899:C:G,0.273
12,48430989,rs78899766,12,48591399,12:48591399:A:T,0.071
12,48430989,rs78899766,12,48591976,12:48591976:C:A,0.071
12,48430989,rs78899766,12,48592027,12:48592027:C:T,0.071
12,48430989,rs78899766,12,48592497,12:48592497:C:T,0.071
12,48430989,rs78899766,12,48592792,12:48592792:G:A,0.273
12,48430989,rs78899766,12,48592872,12:48592872:C:T,0.273
12,48430989,rs78899766,12,48593580,12:48593580:G:C,0.08
12,48430989,rs78899766,12,48594490,12:48594490:T:C,0.272
12,48430989,rs78899766,12,48599675,12:48599675:T:A,0.079
12,48430989,rs78899766,12,48601645,12:48601645:C:A,0.28
12,48430989,rs78899766,12,48602171,12:48602171:G:A,0.28
12,48430989,rs78899766,12,48604306,12:48604306:T:A,0.101
12,48430989,rs78899766,12,48604332,12:48604332:G:T,0.215
12,48430989,rs78899766,12,48604494,12:48604494:AT:A,0.057
12,48430989,rs78899766,12,48606452,12:48606452:G:C,0.135
12,48430989,rs78899766,12,48606528,12:48606528:T:TGA,0.279
12,48430989,rs78899766,12,48611341,12:48611341:T:C,0.279
12,48430989,rs78899766,12,48611757,12:48611757:A:G,0.279
12,48430989,rs78899766,12,48615853,12:48615853:C:CT,0.06
12,48430989,rs78899766,12,48616439,12:48616439:C:CTTCTTTCT,0.053
12,48430989,rs78899766,12,48616801,12:48616801:G:C,0.278
12,48430989,rs78899766,12,48619044,12:48619044:G:A,0.079
12,48430989,rs78899766,12,48619256,12:48619256:A:C,0.278
12,48430989,rs78899766,12,48622724,rs6580663,0.475
12,48430989,rs78899766,12,48623705,12:48623705:CAT:C,0.272
12,48430989,rs78899766,12,48626933,12:48626933:GTGA:G,0.079
12,48430989,rs78899766,12,48628757,rs7966139,0.458
12,48430989,rs78899766,12,48632280,12:48632280:A:G,0.278
12,48430989,rs78899766,12,48643101,12:48643101:C:A,0.275
12,48430989,rs78899766,12,48643738,12:48643738:G:A,0.262
12,48430989,rs78899766,12,48645427,12:48645427:C:G,0.276
12,48430989,rs78899766,12,48648943,12:48648943:G:A,0.275
12,48430989,rs78899766,12,48649483,12:48649483:A:C,0.275
12,48430989,rs78899766,12,48649640,12:48649640:G:A,0.275
12,48430989,rs78899766,12,48649736,12:48649736:G:A,0.275
12,48430989,rs78899766,12,48651660,rs61327895,0.457
12,48430989,rs78899766,12,48652414,12:48652414:G:A,0.275
12,48430989,rs78899766,12,48654846,12:48654846:T:TTGA,0.275
12,48430989,rs78899766,12,48656969,12:48656969:C:T,0.275
12,48430989,rs78899766,12,48658212,12:48658212:C:T,0.275
12,48430989,rs78899766,12,48660429,12:48660429:G:A,0.274
12,48430989,rs78899766,12,48661592,12:48661592:C:T,0.15
12,48430989,rs78899766,12,48661683,12:48661683:A:G,0.15
12,48430989,rs78899766,12,48661849,12:48661849:G:A,0.15
12,48430989,rs78899766,12,48662996,12:48662996:C:G,0.15
12,48430989,rs78899766,12,48663204,12:48663204:A:G,0.15
12,48430989,rs78899766,12,48664135,12:48664135:T:G,0.15
12,48430989,rs78899766,12,48664645,12:48664645:C:CT,0.061
12,48430989,rs78899766,12,48664725,12:48664725:G:C,0.15
12,48430989,rs78899766,12,48664757,12:48664757:T:G,0.273
12,48430989,rs78899766,12,48665070,12:48665070:G:T,0.15
12,48430989,rs78899766,12,48665720,12:48665720:A:G,0.15
12,48430989,rs78899766,12,48666262,12:48666262:G:A,0.15
12,48430989,rs78899766,12,48666842,12:48666842:G:C,0.15
12,48430989,rs78899766,12,48666918,12:48666918:T:G,0.15
12,48430989,rs78899766,12,48667019,12:48667019:T:C,0.15
12,48430989,rs78899766,12,48667183,12:48667183:T:C,0.15
12,48430989,rs78899766,12,48668229,12:48668229:T:C,0.15
12,48430989,rs78899766,12,48668323,12:48668323:G:A,0.273
12,48430989,rs78899766,12,48669501,12:48669501:C:T,0.15
12,48430989,rs78899766,12,48670000,12:48670000:G:T,0.154
12,48430989,rs78899766,12,48670018,12:48670018:C:T,0.154
12,48430989,rs78899766,12,48670019,12:48670019:G:T,0.154
12,48430989,rs78899766,12,48670116,12:48670116:C:A,0.15
12,48430989,rs78899766,12,48670491,12:48670491:G:A,0.15
12,48430989,rs78899766,12,48670991,12:48670991:A:T,0.15
12,48430989,rs78899766,12,48672654,rs34913635,0.47
12,48430989,rs78899766,12,48673134,12:48673134:A:G,0.15
12,48430989,rs78899766,12,48674621,12:48674621:G:C,0.15
12,48430989,rs78899766,12,48675783,rs2087343,0.456
12,48430989,rs78899766,12,48676038,12:48676038:T:G,0.15
12,48430989,rs78899766,12,48676703,12:48676703:C:G,0.15
12,48430989,rs78899766,12,48677995,12:48677995:C:T,0.273
12,48430989,rs78899766,12,48679615,12:48679615:T:C,0.15
12,48430989,rs78899766,12,48683123,12:48683123:G:GAAATTGGTTTAAGTTAA,0.273
12,48430989,rs78899766,12,48686741,12:48686741:T:C,0.273
12,48430989,rs78899766,12,48690177,12:48690177:T:C,0.273
12,48430989,rs78899766,12,48690363,rs2258342,0.271
12,48430989,rs78899766,12,48696720,12:48696720:A:G,0.258
12,48430989,rs78899766,12,48698950,12:48698950:TAATA:T,0.263
12,48430989,rs78899766,12,48699144,rs75835437,0.93
12,48430989,rs78899766,12,48699537,12:48699537:G:A,0.263
12,48430989,rs78899766,12,48699606,12:48699606:TGTTTTGTTTTG:T,0.085
12,48430989,rs78899766,12,48700282,12:48700282:A:G,0.271
12,48430989,rs78899766,12,48700691,12:48700691:T:C,0.261
12,48430989,rs78899766,12,48700754,12:48700754:G:C,0.271
12,48430989,rs78899766,12,48700817,12:48700817:A:T,0.271
12,48430989,rs78899766,12,48702707,rs117070916,0.934
12,48430989,rs78899766,12,48703010,12:48703010:GT:G,0.271
12,48430989,rs78899766,12,48710979,12:48710979:T:C,0.259
12,48430989,rs78899766,12,48711867,12:48711867:T:G,0.082
12,48430989,rs78899766,12,48712638,12:48712638:C:T,0.258
12,48430989,rs78899766,12,48713319,12:48713319:A:G,0.259
12,48430989,rs78899766,12,48716155,12:48716155:T:C,0.282
12,48430989,rs78899766,12,48718798,12:48718798:C:T,0.259
12,48430989,rs78899766,12,48718808,12:48718808:C:A,0.259
12,48430989,rs78899766,12,48719172,rs2450995,0.462
12,48430989,rs78899766,12,48719946,12:48719946:T:C,0.259
12,48430989,rs78899766,12,48721634,12:48721634:A:T,0.082
12,48430989,rs78899766,12,48724778,12:48724778:T:G,0.259
12,48430989,rs78899766,12,48728477,12:48728477:A:ATAAAGT,0.257
12,48430989,rs78899766,12,48728490,rs3752820,0.082
12,48430989,rs78899766,12,48732534,12:48732534:A:G,0.082
12,48430989,rs78899766,12,48732719,12:48732719:C:G,0.057
12,48430989,rs78899766,12,48734609,12:48734609:A:G,0.26
12,48430989,rs78899766,12,48735304,12:48735304:G:T,0.259
12,48430989,rs78899766,12,48738555,12:48738555:GA:G,0.26
12,48430989,rs78899766,12,48739763,12:48739763:C:T,0.257
12,48430989,rs78899766,12,48740580,12:48740580:C:G,0.257
12,48430989,rs78899766,12,48741219,12:48741219:A:T,0.257
12,48430989,rs78899766,12,48741663,rs118052620,0.911
12,48430989,rs78899766,12,48742489,12:48742489:A:G,0.257
12,48430989,rs78899766,12,48744897,12:48744897:T:C,0.256
12,48430989,rs78899766,12,48751704,12:48751704:A:C,0.254
12,48430989,rs78899766,12,48756393,12:48756393:G:A,0.252
12,48430989,rs78899766,12,48756524,12:48756524:A:C,0.116
12,48430989,rs78899766,12,48757326,12:48757326:TA:T,0.253
12,48430989,rs78899766,12,48757856,12:48757856:A:G,0.116
12,48430989,rs78899766,12,48758281,12:48758281:A:G,0.253
12,48430989,rs78899766,12,48762231,12:48762231:T:C,0.116
12,48430989,rs78899766,12,48763313,12:48763313:A:G,0.203
12,48430989,rs78899766,12,48763734,12:48763734:C:T,0.116
12,48430989,rs78899766,12,48768267,12:48768267:T:C,0.115
12,48430989,rs78899766,12,48768555,rs2634685,0.114
12,48430989,rs78899766,12,48768774,12:48768774:C:T,0.202
12,48430989,rs78899766,12,48771913,12:48771913:G:A,0.251
12,48430989,rs78899766,12,48774991,12:48774991:T:A,0.309
12,48430989,rs78899766,12,48777547,12:48777547:T:C,0.304
12,48430989,rs78899766,12,48778235,12:48778235:C:T,0.303
12,48430989,rs78899766,12,48778354,12:48778354:T:A,0.073
12,48430989,rs78899766,12,48780228,rs6580668,0.05
12,48430989,rs78899766,12,48780500,12:48780500:C:CA,0.054
12,48430989,rs78899766,12,48808417,12:48808417:T:C,0.135
12,48430989,rs78899766,12,48808496,12:48808496:G:A,0.135
12,48430989,rs78899766,12,48814369,12:48814369:C:T,0.129
12,48430989,rs78899766,12,48815133,12:48815133:A:AG,0.129
12,48430989,rs78899766,12,48825686,12:48825686:A:C,0.408
12,48430989,rs78899766,12,48827973,12:48827973:A:G,0.151
12,48430989,rs78899766,12,48830801,12:48830801:T:TAAAGAAGA,0.149
12,48430989,rs78899766,12,48834326,rs10875815,0.145
12,48430989,rs78899766,12,48835554,12:48835554:T:C,0.147
12,48430989,rs78899766,12,48836889,12:48836889:T:G,0.121
12,48430989,rs78899766,12,48843912,12:48843912:A:C,0.12
12,48430989,rs78899766,12,48844318,12:48844318:A:G,0.12
12,48430989,rs78899766,12,48844656,12:48844656:T:C,0.12
12,48430989,rs78899766,12,48845441,12:48845441:T:A,0.12
12,48430989,rs78899766,12,48848115,12:48848115:G:A,0.12
12,48430989,rs78899766,12,48848242,12:48848242:C:T,0.12
12,48430989,rs78899766,12,48848721,12:48848721:G:A,0.12
12,48430989,rs78899766,12,48851070,12:48851070:G:T,0.103
12,48430989,rs78899766,12,48851427,12:48851427:A:G,0.118
12,48430989,rs78899766,12,48854243,12:48854243:G:A,0.118
12,48430989,rs78899766,12,48856773,12:48856773:G:A,0.118
12,48430989,rs78899766,12,48858362,12:48858362:T:C,0.118
12,48430989,rs78899766,12,48858935,12:48858935:A:G,0.118
12,48430989,rs78899766,12,48862238,12:48862238:A:G,0.118
12,48430989,rs78899766,12,48865501,12:48865501:C:T,0.118
12,48430989,rs78899766,12,48865760,12:48865760:T:C,0.118
12,48430989,rs78899766,12,48874763,12:48874763:C:T,0.118
12,48430989,rs78899766,12,48876223,12:48876223:T:C,0.117
12,48430989,rs78899766,12,48876902,12:48876902:T:G,0.118
12,48430989,rs78899766,12,48880723,12:48880723:C:T,0.118
12,48430989,rs78899766,12,48881891,12:48881891:A:G,0.118
12,48430989,rs78899766,12,48883020,12:48883020:G:T,0.118
12,48430989,rs78899766,12,48883468,12:48883468:G:T,0.118
12,48430989,rs78899766,12,48885349,chr12_48885349_C_T,0.347
12,48430989,rs78899766,12,48885692,12:48885692:T:C,0.111
12,48430989,rs78899766,12,48887997,12:48887997:T:C,0.11
12,48430989,rs78899766,12,48888900,12:48888900:T:G,0.064
12,48430989,rs78899766,12,48889908,12:48889908:G:A,0.106
12,48430989,rs78899766,12,48890886,12:48890886:T:C,0.106
12,48430989,rs78899766,12,48890995,12:48890995:C:A,0.107
12,48430989,rs78899766,12,48905998,12:48905998:C:T,0.103
12,48430989,rs78899766,12,48908120,12:48908120:T:C,0.383
12,48430989,rs78899766,12,48908397,12:48908397:A:G,0.103
12,48430989,rs78899766,12,48909045,12:48909045:C:T,0.103
12,48430989,rs78899766,12,48910974,12:48910974:G:T,0.103
