CHR_A,BP_A,SNP_A,CHR_B,BP_B,SNP_B,R2
17,47345186,rs11650494,17,47237474,rs72835414,0.121
17,47345186,rs11650494,17,47238438,rs4794026,0.051
17,47345186,rs11650494,17,47239511,rs58496761,0.05
17,47345186,rs11650494,17,47239518,rs61593380,0.051
17,47345186,rs11650494,17,47239647,rs4550490,0.05
17,47345186,rs11650494,17,47240157,rs34279337,0.05
17,47345186,rs11650494,17,47240884,rs7210509,0.05
17,47345186,rs11650494,17,47243622,rs16970025,0.104
17,47345186,rs11650494,17,47244412,rs4334340,0.079
17,47345186,rs11650494,17,47244920,rs12937118,0.066
17,47345186,rs11650494,17,47245806,chr17_47245806_A_G,0.102
17,47345186,rs11650494,17,47247506,rs1533923,0.064
17,47345186,rs11650494,17,47249130,rs1969413,0.06
17,47345186,rs11650494,17,47249770,rs1851581,0.06
17,47345186,rs11650494,17,47250994,rs7218783,0.066
17,47345186,rs11650494,17,47251225,rs141519905,0.103
17,47345186,rs11650494,17,47252048,rs7222737,0.103
17,47345186,rs11650494,17,47252394,rs7209740,0.062
17,47345186,rs11650494,17,47253514,rs12943245,0.103
17,47345186,rs11650494,17,47255164,rs2010974,0.066
17,47345186,rs11650494,17,47255479,rs954863,0.103
17,47345186,rs11650494,17,47256685,rs150634878,0.453
17,47345186,rs11650494,17,47259187,rs11654036,0.103
17,47345186,rs11650494,17,47259806,rs12940548,0.103
17,47345186,rs11650494,17,47259991,rs12941123,0.081
17,47345186,rs11650494,17,47261655,rs2898833,0.103
17,47345186,rs11650494,17,47261999,rs4583293,0.103
17,47345186,rs11650494,17,47262672,rs2177309,0.103
17,47345186,rs11650494,17,47263234,rs112953159,0.103
17,47345186,rs11650494,17,47263236,17:47263236:GA:G,0.103
17,47345186,rs11650494,17,47263237,rs35762206,0.103
17,47345186,rs11650494,17,47263239,rs34511824,0.103
17,47345186,rs11650494,17,47268639,rs12936101,0.093
17,47345186,rs11650494,17,47270109,rs2411899,0.06
17,47345186,rs11650494,17,47274434,rs3920360,0.066
17,47345186,rs11650494,17,47274640,rs11657770,0.066
17,47345186,rs11650494,17,47275360,rs12948798,0.103
17,47345186,rs11650494,17,47287067,rs2233362,0.075
17,47345186,rs11650494,17,47287109,rs634370,0.057
17,47345186,rs11650494,17,47289566,rs7219226,0.074
17,47345186,rs11650494,17,47290886,chr17_47290886_A_T,0.057
17,47345186,rs11650494,17,47292856,rs111820237,0.052
17,47345186,rs11650494,17,47292955,rs11654096,0.075
17,47345186,rs11650494,17,47293329,rs9896800,0.14
17,47345186,rs11650494,17,47293475,rs35665132,0.056
17,47345186,rs11650494,17,47293848,rs2233368,0.074
17,47345186,rs11650494,17,47298966,rs77624269,0.506
17,47345186,rs11650494,17,47301268,rs9889994,0.218
17,47345186,rs11650494,17,47303456,rs648980,0.085
17,47345186,rs11650494,17,47304535,rs78551693,0.218
17,47345186,rs11650494,17,47306829,rs74584378,0.218
17,47345186,rs11650494,17,47307274,rs617182,0.084
17,47345186,rs11650494,17,47310758,rs11654776,0.218
17,47345186,rs11650494,17,47312225,rs79006836,0.218
17,47345186,rs11650494,17,47313931,rs850523,0.132
17,47345186,rs11650494,17,47314019,rs11658845,0.22
17,47345186,rs11650494,17,47314413,rs624177,0.134
17,47345186,rs11650494,17,47315357,rs671095,0.135
17,47345186,rs11650494,17,47315399,rs151296104,0.135
17,47345186,rs11650494,17,47315878,rs7216884,0.22
17,47345186,rs11650494,17,47315924,rs7218175,0.136
17,47345186,rs11650494,17,47316259,rs850522,0.216
17,47345186,rs11650494,17,47316483,chr17_47316484_G_INDEL,0.219
17,47345186,rs11650494,17,47317517,rs2307632,0.094
17,47345186,rs11650494,17,47317828,rs111459132,0.139
17,47345186,rs11650494,17,47318414,rs10853110,0.068
17,47345186,rs11650494,17,47318565,rs117894669,0.227
17,47345186,rs11650494,17,47318568,rs199683581,0.097
17,47345186,rs11650494,17,47320314,rs73340354,0.255
17,47345186,rs11650494,17,47320810,rs11388821,0.108
17,47345186,rs11650494,17,47321231,rs669686,0.102
17,47345186,rs11650494,17,47321419,rs673375,0.258
17,47345186,rs11650494,17,47322264,rs12601665,0.106
17,47345186,rs11650494,17,47322746,rs9916779,0.073
17,47345186,rs11650494,17,47323666,rs12952749,0.181
17,47345186,rs11650494,17,47323695,rs4277393,0.073
17,47345186,rs11650494,17,47324485,rs11079866,0.073
17,47345186,rs11650494,17,47325717,rs686112,0.073
17,47345186,rs11650494,17,47325867,rs117821438,0.955
17,47345186,rs11650494,17,47328183,rs28397663,0.051
17,47345186,rs11650494,17,47328890,rs72699,0.072
17,47345186,rs11650494,17,47329255,rs9895945,0.18
17,47345186,rs11650494,17,47329365,rs646876,0.072
17,47345186,rs11650494,17,47330796,rs34367165,0.18
17,47345186,rs11650494,17,47330890,rs619726,0.072
17,47345186,rs11650494,17,47331987,rs663576,0.072
17,47345186,rs11650494,17,47332807,rs850521,0.07
17,47345186,rs11650494,17,47333067,rs850520,0.071
17,47345186,rs11650494,17,47333478,rs12948327,0.172
17,47345186,rs11650494,17,47333557,rs146575231,0.963
17,47345186,rs11650494,17,47334362,17:47334362:CA:C,0.091
17,47345186,rs11650494,17,47335348,rs146100660,0.967
17,47345186,rs11650494,17,47335589,rs149261956,0.968
17,47345186,rs11650494,17,47336686,rs9893777,0.07
17,47345186,rs11650494,17,47336931,rs74659133,0.968
17,47345186,rs11650494,17,47338083,rs1010322,0.07
17,47345186,rs11650494,17,47339741,rs11653139,0.977
17,47345186,rs11650494,17,47340153,rs917054,0.072
17,47345186,rs11650494,17,47340297,rs2011767,0.072
17,47345186,rs11650494,17,47340660,rs34338189,0.072
17,47345186,rs11650494,17,47341580,rs9899665,0.07
17,47345186,rs11650494,17,47341871,rs4793614,0.071
17,47345186,rs11650494,17,47342049,rs57438823,0.18
17,47345186,rs11650494,17,47342153,rs4794031,0.071
17,47345186,rs11650494,17,47342782,rs12940278,0.072
17,47345186,rs11650494,17,47343277,rs2411977,0.072
17,47345186,rs11650494,17,47344530,rs11655466,0.074
17,47345186,rs11650494,17,47345186,rs11650494,1
17,47345186,rs11650494,17,47346529,rs8075803,0.086
17,47345186,rs11650494,17,47347879,rs4794032,0.073
17,47345186,rs11650494,17,47348066,rs147125686,0.973
17,47345186,rs11650494,17,47348140,rs71379351,0.068
17,47345186,rs11650494,17,47348852,rs12949836,0.068
17,47345186,rs11650494,17,47349052,rs7225606,0.073
17,47345186,rs11650494,17,47349436,rs71144590,0.068
17,47345186,rs11650494,17,47350664,rs7406234,0.072
17,47345186,rs11650494,17,47353487,rs1124881,0.069
17,47345186,rs11650494,17,47354785,rs11079867,0.069
17,47345186,rs11650494,17,47355048,rs12602769,0.069
17,47345186,rs11650494,17,47356100,rs2107634,0.068
17,47345186,rs11650494,17,47356805,rs12602382,0.17
17,47345186,rs11650494,17,47357450,rs57345398,0.069
17,47345186,rs11650494,17,47357969,rs11079868,0.069
17,47345186,rs11650494,17,47358308,rs73340392,0.953
17,47345186,rs11650494,17,47358560,rs4794034,0.069
17,47345186,rs11650494,17,47358733,rs12942379,0.17
17,47345186,rs11650494,17,47360889,rs4794035,0.071
17,47345186,rs11650494,17,47362923,rs11650087,0.952
17,47345186,rs11650494,17,47362991,rs11653686,0.948
17,47345186,rs11650494,17,47364795,rs62076398,0.073
17,47345186,rs11650494,17,47364913,rs117087923,0.951
17,47345186,rs11650494,17,47367536,rs3179840,0.073
17,47345186,rs11650494,17,47367751,rs148298271,0.945
17,47345186,rs11650494,17,47369099,rs4794036,0.073
17,47345186,rs11650494,17,47370449,rs75904857,0.948
17,47345186,rs11650494,17,47372328,rs77338752,0.889
17,47345186,rs11650494,17,47372743,rs73340399,0.948
17,47345186,rs11650494,17,47372764,rs2906100,0.173
17,47345186,rs11650494,17,47374886,rs57390430,0.949
17,47345186,rs11650494,17,47376440,rs2960168,0.177
17,47345186,rs11650494,17,47377267,rs2240301,0.072
17,47345186,rs11650494,17,47378369,rs2960169,0.072
17,47345186,rs11650494,17,47378766,rs2960170,0.072
17,47345186,rs11650494,17,47378771,rs2960171,0.072
17,47345186,rs11650494,17,47378937,rs11651191,0.949
17,47345186,rs11650494,17,47379486,rs34666276,0.051
17,47345186,rs11650494,17,47379581,rs2960172,0.179
17,47345186,rs11650494,17,47379867,rs140302625,0.949
17,47345186,rs11650494,17,47382240,rs56964884,0.13
17,47345186,rs11650494,17,47382256,rs57980718,0.177
17,47345186,rs11650494,17,47382268,rs2906095,0.07
17,47345186,rs11650494,17,47382795,rs148171854,0.949
17,47345186,rs11650494,17,47383994,rs11658111,0.942
17,47345186,rs11650494,17,47384611,rs7214496,0.177
17,47345186,rs11650494,17,47384974,rs113056032,0.944
17,47345186,rs11650494,17,47390014,rs2072153,0.177
17,47345186,rs11650494,17,47390136,rs11654557,0.941
17,47345186,rs11650494,17,47391290,rs2906101,0.072
17,47345186,rs11650494,17,47395729,rs9907478,0.943
17,47345186,rs11650494,17,47396628,rs76366926,0.949
17,47345186,rs11650494,17,47397323,rs2960164,0.072
17,47345186,rs11650494,17,47397579,rs2906093,0.072
17,47345186,rs11650494,17,47398070,rs9889262,0.05
17,47345186,rs11650494,17,47398244,rs530923403,0.957
17,47345186,rs11650494,17,47398245,rs565189650,0.947
17,47345186,rs11650494,17,47398246,rs369322961,0.957
17,47345186,rs11650494,17,47398282,rs78208413,0.949
17,47345186,rs11650494,17,47399600,rs17709919,0.072
17,47345186,rs11650494,17,47399633,rs8076023,0.943
17,47345186,rs11650494,17,47403553,rs12951873,0.072
17,47345186,rs11650494,17,47403740,rs12948660,0.072
17,47345186,rs11650494,17,47404628,rs62076439,0.05
17,47345186,rs11650494,17,47404669,rs4390639,0.183
17,47345186,rs11650494,17,47405338,rs73324308,0.949
17,47345186,rs11650494,17,47406913,rs747039,0.072
17,47345186,rs11650494,17,47407071,rs12185242,0.071
17,47345186,rs11650494,17,47407342,rs9891264,0.961
17,47345186,rs11650494,17,47407816,rs68160249,0.183
17,47345186,rs11650494,17,47408475,rs12937923,0.183
17,47345186,rs11650494,17,47408674,rs34255993,0.072
17,47345186,rs11650494,17,47410521,rs140503890,0.945
17,47345186,rs11650494,17,47410889,rs11653762,0.949
17,47345186,rs11650494,17,47411493,rs77247327,0.949
17,47345186,rs11650494,17,47411814,rs111834333,0.945
17,47345186,rs11650494,17,47411987,rs9895986,0.072
17,47345186,rs11650494,17,47412578,rs75092916,0.948
17,47345186,rs11650494,17,47414304,rs200178711,0.112
17,47345186,rs11650494,17,47414699,rs71369295,0.091
17,47345186,rs11650494,17,47416672,17:47416672:CTT:C,0.218
17,47345186,rs11650494,17,47418178,rs35587648,0.051
17,47345186,rs11650494,17,47418698,rs12943264,0.071
17,47345186,rs11650494,17,47420054,rs73324323,0.945
17,47345186,rs11650494,17,47421279,rs35406341,0.081
17,47345186,rs11650494,17,47421369,rs4644893,0.072
17,47345186,rs11650494,17,47421370,rs4566223,0.072
17,47345186,rs11650494,17,47421509,rs4514717,0.072
17,47345186,rs11650494,17,47421562,rs150373947,0.07
17,47345186,rs11650494,17,47421593,rs117853079,0.949
17,47345186,rs11650494,17,47421779,rs144202373,0.949
17,47345186,rs11650494,17,47422317,rs35822701,0.182
17,47345186,rs11650494,17,47422363,rs11652146,0.181
17,47345186,rs11650494,17,47422510,rs35073649,0.051
17,47345186,rs11650494,17,47423740,rs7207729,0.051
17,47345186,rs11650494,17,47423912,rs149103244,0.051
17,47345186,rs11650494,17,47424681,rs6504608,0.051
17,47345186,rs11650494,17,47425588,rs11656535,0.944
17,47345186,rs11650494,17,47427511,rs9909827,0.071
17,47345186,rs11650494,17,47428199,rs4444384,0.07
17,47345186,rs11650494,17,47428573,rs7225787,0.07
17,47345186,rs11650494,17,47429834,rs2119931,0.181
17,47345186,rs11650494,17,47431096,rs28618326,0.071
17,47345186,rs11650494,17,47431950,rs74830554,0.948
17,47345186,rs11650494,17,47432577,rs7213090,0.071
17,47345186,rs11650494,17,47432879,rs28483960,0.071
17,47345186,rs11650494,17,47433192,rs140670503,0.948
17,47345186,rs11650494,17,47433222,rs61286260,0.959
17,47345186,rs11650494,17,47436812,rs8081878,0.071
17,47345186,rs11650494,17,47439987,rs36102386,0.946
17,47345186,rs11650494,17,47443580,rs12150526,0.071
17,47345186,rs11650494,17,47444113,rs8067459,0.071
17,47345186,rs11650494,17,47444421,rs12937404,0.071
17,47345186,rs11650494,17,47444442,chr17_47444442_C_T,0.071
17,47345186,rs11650494,17,47444562,rs67726002,0.071
17,47345186,rs11650494,17,47444794,rs1317701,0.187
17,47345186,rs11650494,17,47445346,rs142415707,0.944
17,47345186,rs11650494,17,47445751,rs2411984,0.18
17,47345186,rs11650494,17,47446968,rs79768864,0.943
17,47345186,rs11650494,17,47446973,rs35010850,0.068
17,47345186,rs11650494,17,47447808,rs200644650,0.211
17,47345186,rs11650494,17,47447836,rs118099826,0.94
17,47345186,rs11650494,17,47447950,rs117801358,0.94
17,47345186,rs11650494,17,47448172,rs11655704,0.179
17,47345186,rs11650494,17,47448970,rs77488129,0.937
17,47345186,rs11650494,17,47449193,rs11650886,0.936
17,47345186,rs11650494,17,47450057,rs7209400,0.066
17,47345186,rs11650494,17,47450521,rs35317317,0.051
17,47345186,rs11650494,17,47450775,rs28394864,0.068
17,47345186,rs11650494,17,47452263,rs11655191,0.937
17,47345186,rs11650494,17,47453444,rs12953014,0.05
17,47345186,rs11650494,17,47453471,rs146336970,0.936
17,47345186,rs11650494,17,47454263,rs7216993,0.935
17,47345186,rs11650494,17,47454507,rs28406364,0.051
17,47345186,rs11650494,17,47455752,rs73324348,0.935
17,47345186,rs11650494,17,47456064,rs8065389,0.935
17,47345186,rs11650494,17,47456754,rs11650001,0.935
17,47345186,rs11650494,17,47457977,rs58721653,0.929
17,47345186,rs11650494,17,47459877,rs76778410,0.647
17,47345186,rs11650494,17,47461433,rs17637472,0.054
17,47345186,rs11650494,17,47461511,rs11655657,0.131
17,47345186,rs11650494,17,47465743,rs10667251,0.101
17,47345186,rs11650494,17,47466640,rs8072520,0.75
17,47345186,rs11650494,17,47468011,rs2671654,0.09
17,47345186,rs11650494,17,47468546,rs57030023,0.731
17,47345186,rs11650494,17,47468706,rs16948071,0.732
17,47345186,rs11650494,17,47468868,rs77653195,0.735
17,47345186,rs11650494,17,47468964,rs5820758,0.09
17,47345186,rs11650494,17,47469186,rs2412099,0.091
17,47345186,rs11650494,17,47470487,rs2584662,0.091
17,47345186,rs11650494,17,47470720,rs8065814,0.731
17,47345186,rs11650494,17,47471334,rs2119935,0.731
17,47345186,rs11650494,17,47472123,rs11653701,0.731
17,47345186,rs11650494,17,47472365,rs11653775,0.73
17,47345186,rs11650494,17,47473406,rs140952148,0.103
17,47345186,rs11650494,17,47473580,rs61427980,0.73
17,47345186,rs11650494,17,47473616,rs2671657,0.092
17,47345186,rs11650494,17,47473785,rs76651802,0.73
17,47345186,rs11650494,17,47474227,rs8081433,0.732
17,47345186,rs11650494,17,47474571,rs11651666,0.732
17,47345186,rs11650494,17,47474728,rs73987293,0.73
17,47345186,rs11650494,17,47474730,rs73987294,0.73
17,47345186,rs11650494,17,47474800,rs16948078,0.729
17,47345186,rs11650494,17,47474957,rs369314092,0.732
17,47345186,rs11650494,17,47475007,rs8066722,0.73
17,47345186,rs11650494,17,47475549,rs34458197,0.085
17,47345186,rs11650494,17,47475822,rs2165701,0.734
17,47345186,rs11650494,17,47476041,rs113367969,0.738
17,47345186,rs11650494,17,47476235,rs2165702,0.077
17,47345186,rs11650494,17,47476340,rs112882725,0.736
17,47345186,rs11650494,17,47476363,rs7215657,0.672
17,47345186,rs11650494,17,47476675,rs56366200,0.056
17,47345186,rs11650494,17,47481374,rs4987082,0.051
17,47345186,rs11650494,17,47484003,rs2233669,0.057
17,47345186,rs11650494,17,47484286,rs2233666,0.681
17,47345186,rs11650494,17,47484445,rs74619404,0.681
17,47345186,rs11650494,17,47488913,rs76305536,0.68
17,47345186,rs11650494,17,47492366,rs2233660,0.493
17,47345186,rs11650494,17,47492587,rs2233659,0.06
17,47345186,rs11650494,17,47493660,rs6504611,0.06
17,47345186,rs11650494,17,47494203,rs13341862,0.492
17,47345186,rs11650494,17,47496855,rs137884305,0.496
17,47345186,rs11650494,17,47497285,rs116953353,0.06
17,47345186,rs11650494,17,47497693,rs7207152,0.496
17,47345186,rs11650494,17,47498134,rs6504612,0.06
17,47345186,rs11650494,17,47500845,rs71379362,0.061
17,47345186,rs11650494,17,47502352,rs4640235,0.495
17,47345186,rs11650494,17,47505383,chr17_47505383_C_G,0.49
17,47345186,rs11650494,17,47505662,rs34100166,0.051
17,47345186,rs11650494,17,47507019,rs7222591,0.061
17,47345186,rs11650494,17,47507194,rs7209261,0.06
17,47345186,rs11650494,17,47507387,rs9910542,0.494
17,47345186,rs11650494,17,47507494,rs9909935,0.494
17,47345186,rs11650494,17,47509463,rs7216547,0.06
17,47345186,rs11650494,17,47509780,rs9904835,0.057
17,47345186,rs11650494,17,47510573,rs4477768,0.057
17,47345186,rs11650494,17,47511196,rs7207617,0.059
17,47345186,rs11650494,17,47512945,rs9900373,0.484
17,47345186,rs11650494,17,47513127,rs9901650,0.483
17,47345186,rs11650494,17,47513199,chr17_47513200_CACTCTTGGCAT_INDEL,0.484
17,47345186,rs11650494,17,47513371,rs8075138,0.066
17,47345186,rs11650494,17,47513520,rs8075428,0.066
17,47345186,rs11650494,17,47513548,rs8079832,0.066
17,47345186,rs11650494,17,47513874,rs2165703,0.066
17,47345186,rs11650494,17,47513891,rs9907942,0.485
17,47345186,rs11650494,17,47514039,rs2119930,0.063
17,47345186,rs11650494,17,47514127,rs2119929,0.066
17,47345186,rs11650494,17,47518378,rs9897429,0.055
17,47345186,rs11650494,17,47519174,rs9913079,0.094
17,47345186,rs11650494,17,47529746,rs2584681,0.051
17,47345186,rs11650494,17,47567942,rs72837238,0.057
17,47398244,rs530923403,17,47237474,rs72835414,0.124
17,47398244,rs530923403,17,47238438,rs4794026,0.052
17,47398244,rs530923403,17,47239511,rs58496761,0.051
17,47398244,rs530923403,17,47239518,rs61593380,0.052
17,47398244,rs530923403,17,47239647,rs4550490,0.051
17,47398244,rs530923403,17,47240157,rs34279337,0.051
17,47398244,rs530923403,17,47240884,rs7210509,0.051
17,47398244,rs530923403,17,47243622,rs16970025,0.105
17,47398244,rs530923403,17,47244412,rs4334340,0.081
17,47398244,rs530923403,17,47244920,rs12937118,0.065
17,47398244,rs530923403,17,47245806,chr17_47245806_A_G,0.102
17,47398244,rs530923403,17,47247506,rs1533923,0.063
17,47398244,rs530923403,17,47249130,rs1969413,0.059
17,47398244,rs530923403,17,47249770,rs1851581,0.06
17,47398244,rs530923403,17,47250994,rs7218783,0.065
17,47398244,rs530923403,17,47251225,rs141519905,0.102
17,47398244,rs530923403,17,47252048,rs7222737,0.102
17,47398244,rs530923403,17,47252394,rs7209740,0.061
17,47398244,rs530923403,17,47253514,rs12943245,0.103
17,47398244,rs530923403,17,47255164,rs2010974,0.065
17,47398244,rs530923403,17,47255479,rs954863,0.103
17,47398244,rs530923403,17,47256685,rs150634878,0.46
17,47398244,rs530923403,17,47259187,rs11654036,0.103
17,47398244,rs530923403,17,47259806,rs12940548,0.103
17,47398244,rs530923403,17,47259991,rs12941123,0.082
17,47398244,rs530923403,17,47261655,rs2898833,0.103
17,47398244,rs530923403,17,47261999,rs4583293,0.103
17,47398244,rs530923403,17,47262672,rs2177309,0.103
17,47398244,rs530923403,17,47263234,rs112953159,0.103
17,47398244,rs530923403,17,47263236,17:47263236:GA:G,0.103
17,47398244,rs530923403,17,47263237,rs35762206,0.103
17,47398244,rs530923403,17,47263239,rs34511824,0.103
17,47398244,rs530923403,17,47268639,rs12936101,0.092
17,47398244,rs530923403,17,47270109,rs2411899,0.059
17,47398244,rs530923403,17,47274434,rs3920360,0.066
17,47398244,rs530923403,17,47274640,rs11657770,0.066
17,47398244,rs530923403,17,47275360,rs12948798,0.103
17,47398244,rs530923403,17,47287067,rs2233362,0.078
17,47398244,rs530923403,17,47287109,rs634370,0.056
17,47398244,rs530923403,17,47289566,rs7219226,0.073
17,47398244,rs530923403,17,47290886,chr17_47290886_A_T,0.056
17,47398244,rs530923403,17,47292856,rs111820237,0.051
17,47398244,rs530923403,17,47292955,rs11654096,0.078
17,47398244,rs530923403,17,47293329,rs9896800,0.137
17,47398244,rs530923403,17,47293475,rs35665132,0.054
17,47398244,rs530923403,17,47293848,rs2233368,0.078
17,47398244,rs530923403,17,47298966,rs77624269,0.514
17,47398244,rs530923403,17,47301268,rs9889994,0.215
17,47398244,rs530923403,17,47303456,rs648980,0.084
17,47398244,rs530923403,17,47304535,rs78551693,0.216
17,47398244,rs530923403,17,47306829,rs74584378,0.217
17,47398244,rs530923403,17,47307274,rs617182,0.083
17,47398244,rs530923403,17,47310758,rs11654776,0.217
17,47398244,rs530923403,17,47312225,rs79006836,0.216
17,47398244,rs530923403,17,47313931,rs850523,0.13
17,47398244,rs530923403,17,47314019,rs11658845,0.218
17,47398244,rs530923403,17,47314413,rs624177,0.132
17,47398244,rs530923403,17,47315357,rs671095,0.133
17,47398244,rs530923403,17,47315399,rs151296104,0.134
17,47398244,rs530923403,17,47315878,rs7216884,0.218
17,47398244,rs530923403,17,47315924,rs7218175,0.136
17,47398244,rs530923403,17,47316259,rs850522,0.212
17,47398244,rs530923403,17,47316483,chr17_47316484_G_INDEL,0.217
17,47398244,rs530923403,17,47317517,rs2307632,0.094
17,47398244,rs530923403,17,47317828,rs111459132,0.138
17,47398244,rs530923403,17,47318414,rs10853110,0.068
17,47398244,rs530923403,17,47318565,rs117894669,0.226
17,47398244,rs530923403,17,47318568,rs199683581,0.096
17,47398244,rs530923403,17,47320314,rs73340354,0.252
17,47398244,rs530923403,17,47320810,rs11388821,0.109
17,47398244,rs530923403,17,47321231,rs669686,0.1
17,47398244,rs530923403,17,47321419,rs673375,0.255
17,47398244,rs530923403,17,47322264,rs12601665,0.104
17,47398244,rs530923403,17,47322746,rs9916779,0.072
17,47398244,rs530923403,17,47323666,rs12952749,0.179
17,47398244,rs530923403,17,47323695,rs4277393,0.072
17,47398244,rs530923403,17,47324485,rs11079866,0.072
17,47398244,rs530923403,17,47325717,rs686112,0.072
17,47398244,rs530923403,17,47325867,rs117821438,0.943
17,47398244,rs530923403,17,47328183,rs28397663,0.05
17,47398244,rs530923403,17,47328890,rs72699,0.071
17,47398244,rs530923403,17,47329255,rs9895945,0.177
17,47398244,rs530923403,17,47329365,rs646876,0.071
17,47398244,rs530923403,17,47330796,rs34367165,0.178
17,47398244,rs530923403,17,47330890,rs619726,0.071
17,47398244,rs530923403,17,47331987,rs663576,0.071
17,47398244,rs530923403,17,47332807,rs850521,0.069
17,47398244,rs530923403,17,47333067,rs850520,0.07
17,47398244,rs530923403,17,47333478,rs12948327,0.17
17,47398244,rs530923403,17,47333557,rs146575231,0.949
17,47398244,rs530923403,17,47334362,17:47334362:CA:C,0.089
17,47398244,rs530923403,17,47335348,rs146100660,0.952
17,47398244,rs530923403,17,47335589,rs149261956,0.954
17,47398244,rs530923403,17,47336686,rs9893777,0.068
17,47398244,rs530923403,17,47336931,rs74659133,0.951
17,47398244,rs530923403,17,47338083,rs1010322,0.07
17,47398244,rs530923403,17,47339741,rs11653139,0.963
17,47398244,rs530923403,17,47340153,rs917054,0.07
17,47398244,rs530923403,17,47340297,rs2011767,0.07
17,47398244,rs530923403,17,47340660,rs34338189,0.07
17,47398244,rs530923403,17,47341580,rs9899665,0.07
17,47398244,rs530923403,17,47341871,rs4793614,0.07
17,47398244,rs530923403,17,47342049,rs57438823,0.179
17,47398244,rs530923403,17,47342153,rs4794031,0.07
17,47398244,rs530923403,17,47342782,rs12940278,0.071
17,47398244,rs530923403,17,47343277,rs2411977,0.071
17,47398244,rs530923403,17,47344530,rs11655466,0.072
17,47398244,rs530923403,17,47345186,rs11650494,0.957
17,47398244,rs530923403,17,47346529,rs8075803,0.084
17,47398244,rs530923403,17,47347879,rs4794032,0.072
17,47398244,rs530923403,17,47348066,rs147125686,0.979
17,47398244,rs530923403,17,47348140,rs71379351,0.069
17,47398244,rs530923403,17,47348852,rs12949836,0.069
17,47398244,rs530923403,17,47349052,rs7225606,0.073
17,47398244,rs530923403,17,47349436,rs71144590,0.071
17,47398244,rs530923403,17,47350664,rs7406234,0.073
17,47398244,rs530923403,17,47353487,rs1124881,0.072
17,47398244,rs530923403,17,47354785,rs11079867,0.071
17,47398244,rs530923403,17,47355048,rs12602769,0.071
17,47398244,rs530923403,17,47356100,rs2107634,0.072
17,47398244,rs530923403,17,47356805,rs12602382,0.18
17,47398244,rs530923403,17,47357450,rs57345398,0.072
17,47398244,rs530923403,17,47357969,rs11079868,0.072
17,47398244,rs530923403,17,47358308,rs73340392,0.993
17,47398244,rs530923403,17,47358560,rs4794034,0.073
17,47398244,rs530923403,17,47358733,rs12942379,0.181
17,47398244,rs530923403,17,47360889,rs4794035,0.075
17,47398244,rs530923403,17,47362923,rs11650087,0.993
17,47398244,rs530923403,17,47362991,rs11653686,0.988
17,47398244,rs530923403,17,47364795,rs62076398,0.077
17,47398244,rs530923403,17,47364913,rs117087923,0.993
17,47398244,rs530923403,17,47367536,rs3179840,0.077
17,47398244,rs530923403,17,47367751,rs148298271,0.989
17,47398244,rs530923403,17,47369099,rs4794036,0.077
17,47398244,rs530923403,17,47370449,rs75904857,0.993
17,47398244,rs530923403,17,47372328,rs77338752,0.931
17,47398244,rs530923403,17,47372743,rs73340399,0.993
17,47398244,rs530923403,17,47372764,rs2906100,0.185
17,47398244,rs530923403,17,47374886,rs57390430,0.995
17,47398244,rs530923403,17,47376440,rs2960168,0.189
17,47398244,rs530923403,17,47377267,rs2240301,0.076
17,47398244,rs530923403,17,47378369,rs2960169,0.076
17,47398244,rs530923403,17,47378766,rs2960170,0.076
17,47398244,rs530923403,17,47378771,rs2960171,0.076
17,47398244,rs530923403,17,47378937,rs11651191,0.995
17,47398244,rs530923403,17,47379486,rs34666276,0.054
17,47398244,rs530923403,17,47379581,rs2960172,0.191
17,47398244,rs530923403,17,47379867,rs140302625,0.995
17,47398244,rs530923403,17,47382240,rs56964884,0.14
17,47398244,rs530923403,17,47382256,rs57980718,0.188
17,47398244,rs530923403,17,47382268,rs2906095,0.075
17,47398244,rs530923403,17,47382795,rs148171854,0.995
17,47398244,rs530923403,17,47383994,rs11658111,0.987
17,47398244,rs530923403,17,47384611,rs7214496,0.188
17,47398244,rs530923403,17,47384974,rs113056032,0.99
17,47398244,rs530923403,17,47390014,rs2072153,0.188
17,47398244,rs530923403,17,47390136,rs11654557,0.986
17,47398244,rs530923403,17,47391290,rs2906101,0.076
17,47398244,rs530923403,17,47395729,rs9907478,0.989
17,47398244,rs530923403,17,47396628,rs76366926,0.995
17,47398244,rs530923403,17,47397323,rs2960164,0.076
17,47398244,rs530923403,17,47397579,rs2906093,0.076
17,47398244,rs530923403,17,47398070,rs9889262,0.053
17,47398244,rs530923403,17,47398244,rs530923403,1
17,47398244,rs530923403,17,47398245,rs565189650,0.993
17,47398244,rs530923403,17,47398246,rs369322961,1
17,47398244,rs530923403,17,47398282,rs78208413,0.995
17,47398244,rs530923403,17,47399600,rs17709919,0.076
17,47398244,rs530923403,17,47399633,rs8076023,0.988
17,47398244,rs530923403,17,47402807,rs12940887,0.052
17,47398244,rs530923403,17,47403553,rs12951873,0.076
17,47398244,rs530923403,17,47403740,rs12948660,0.076
17,47398244,rs530923403,17,47404628,rs62076439,0.053
17,47398244,rs530923403,17,47404669,rs4390639,0.189
17,47398244,rs530923403,17,47405338,rs73324308,0.995
17,47398244,rs530923403,17,47406913,rs747039,0.076
17,47398244,rs530923403,17,47407071,rs12185242,0.075
17,47398244,rs530923403,17,47407342,rs9891264,0.984
17,47398244,rs530923403,17,47407816,rs68160249,0.189
17,47398244,rs530923403,17,47408475,rs12937923,0.189
17,47398244,rs530923403,17,47408674,rs34255993,0.076
17,47398244,rs530923403,17,47410521,rs140503890,0.991
17,47398244,rs530923403,17,47410889,rs11653762,0.994
17,47398244,rs530923403,17,47411493,rs77247327,0.995
17,47398244,rs530923403,17,47411814,rs111834333,0.991
17,47398244,rs530923403,17,47411987,rs9895986,0.076
17,47398244,rs530923403,17,47412578,rs75092916,0.994
17,47398244,rs530923403,17,47414304,rs200178711,0.116
17,47398244,rs530923403,17,47414699,rs71369295,0.096
17,47398244,rs530923403,17,47416672,17:47416672:CTT:C,0.229
17,47398244,rs530923403,17,47418178,rs35587648,0.054
17,47398244,rs530923403,17,47418698,rs12943264,0.075
17,47398244,rs530923403,17,47420054,rs73324323,0.991
17,47398244,rs530923403,17,47421279,rs35406341,0.084
17,47398244,rs530923403,17,47421369,rs4644893,0.075
17,47398244,rs530923403,17,47421370,rs4566223,0.075
17,47398244,rs530923403,17,47421509,rs4514717,0.075
17,47398244,rs530923403,17,47421562,rs150373947,0.074
17,47398244,rs530923403,17,47421593,rs117853079,0.994
17,47398244,rs530923403,17,47421779,rs144202373,0.995
17,47398244,rs530923403,17,47422317,rs35822701,0.188
17,47398244,rs530923403,17,47422363,rs11652146,0.188
17,47398244,rs530923403,17,47422510,rs35073649,0.054
17,47398244,rs530923403,17,47423740,rs7207729,0.054
17,47398244,rs530923403,17,47423912,rs149103244,0.054
17,47398244,rs530923403,17,47424681,rs6504608,0.054
17,47398244,rs530923403,17,47425588,rs11656535,0.989
17,47398244,rs530923403,17,47427511,rs9909827,0.075
17,47398244,rs530923403,17,47428199,rs4444384,0.074
17,47398244,rs530923403,17,47428573,rs7225787,0.074
17,47398244,rs530923403,17,47429834,rs2119931,0.187
17,47398244,rs530923403,17,47431096,rs28618326,0.075
17,47398244,rs530923403,17,47431950,rs74830554,0.993
17,47398244,rs530923403,17,47432577,rs7213090,0.075
17,47398244,rs530923403,17,47432879,rs28483960,0.075
17,47398244,rs530923403,17,47433192,rs140670503,0.993
17,47398244,rs530923403,17,47433222,rs61286260,0.988
17,47398244,rs530923403,17,47436812,rs8081878,0.075
17,47398244,rs530923403,17,47439302,rs112502960,0.052
17,47398244,rs530923403,17,47439987,rs36102386,0.991
17,47398244,rs530923403,17,47440466,rs16948048,0.053
17,47398244,rs530923403,17,47443580,rs12150526,0.075
17,47398244,rs530923403,17,47444113,rs8067459,0.075
17,47398244,rs530923403,17,47444421,rs12937404,0.075
17,47398244,rs530923403,17,47444442,chr17_47444442_C_T,0.075
17,47398244,rs530923403,17,47444562,rs67726002,0.075
17,47398244,rs530923403,17,47444794,rs1317701,0.195
17,47398244,rs530923403,17,47445346,rs142415707,0.989
17,47398244,rs530923403,17,47445751,rs2411984,0.192
17,47398244,rs530923403,17,47446968,rs79768864,0.987
17,47398244,rs530923403,17,47446973,rs35010850,0.074
17,47398244,rs530923403,17,47447808,rs200644650,0.223
17,47398244,rs530923403,17,47447836,rs118099826,0.985
17,47398244,rs530923403,17,47447950,rs117801358,0.985
17,47398244,rs530923403,17,47448172,rs11655704,0.191
17,47398244,rs530923403,17,47448346,rs12952581,0.052
17,47398244,rs530923403,17,47448970,rs77488129,0.982
17,47398244,rs530923403,17,47449193,rs11650886,0.981
17,47398244,rs530923403,17,47450057,rs7209400,0.068
17,47398244,rs530923403,17,47450521,rs35317317,0.054
17,47398244,rs530923403,17,47450775,rs28394864,0.072
17,47398244,rs530923403,17,47452263,rs11655191,0.981
17,47398244,rs530923403,17,47453444,rs12953014,0.053
17,47398244,rs530923403,17,47453471,rs146336970,0.979
17,47398244,rs530923403,17,47454263,rs7216993,0.979
17,47398244,rs530923403,17,47454507,rs28406364,0.054
17,47398244,rs530923403,17,47454515,rs28412876,0.053
17,47398244,rs530923403,17,47455752,rs73324348,0.979
17,47398244,rs530923403,17,47456064,rs8065389,0.978
17,47398244,rs530923403,17,47456754,rs11650001,0.98
17,47398244,rs530923403,17,47457977,rs58721653,0.972
17,47398244,rs530923403,17,47459877,rs76778410,0.682
17,47398244,rs530923403,17,47461433,rs17637472,0.057
17,47398244,rs530923403,17,47461511,rs11655657,0.138
17,47398244,rs530923403,17,47465743,rs10667251,0.105
17,47398244,rs530923403,17,47466640,rs8072520,0.788
17,47398244,rs530923403,17,47468011,rs2671654,0.094
17,47398244,rs530923403,17,47468546,rs57030023,0.768
17,47398244,rs530923403,17,47468706,rs16948071,0.771
17,47398244,rs530923403,17,47468868,rs77653195,0.773
17,47398244,rs530923403,17,47468964,rs5820758,0.094
17,47398244,rs530923403,17,47469186,rs2412099,0.095
17,47398244,rs530923403,17,47470487,rs2584662,0.095
17,47398244,rs530923403,17,47470720,rs8065814,0.768
17,47398244,rs530923403,17,47471334,rs2119935,0.768
17,47398244,rs530923403,17,47472123,rs11653701,0.768
17,47398244,rs530923403,17,47472365,rs11653775,0.768
17,47398244,rs530923403,17,47473406,rs140952148,0.11
17,47398244,rs530923403,17,47473580,rs61427980,0.767
17,47398244,rs530923403,17,47473616,rs2671657,0.096
17,47398244,rs530923403,17,47473785,rs76651802,0.767
17,47398244,rs530923403,17,47474227,rs8081433,0.77
17,47398244,rs530923403,17,47474571,rs11651666,0.77
17,47398244,rs530923403,17,47474728,rs73987293,0.768
17,47398244,rs530923403,17,47474730,rs73987294,0.768
17,47398244,rs530923403,17,47474800,rs16948078,0.767
17,47398244,rs530923403,17,47474957,rs369314092,0.769
17,47398244,rs530923403,17,47475007,rs8066722,0.768
17,47398244,rs530923403,17,47475549,rs34458197,0.089
17,47398244,rs530923403,17,47475822,rs2165701,0.772
17,47398244,rs530923403,17,47476041,rs113367969,0.774
17,47398244,rs530923403,17,47476235,rs2165702,0.08
17,47398244,rs530923403,17,47476340,rs112882725,0.771
17,47398244,rs530923403,17,47476363,rs7215657,0.702
17,47398244,rs530923403,17,47476675,rs56366200,0.059
17,47398244,rs530923403,17,47481374,rs4987082,0.054
17,47398244,rs530923403,17,47484003,rs2233669,0.06
17,47398244,rs530923403,17,47484286,rs2233666,0.717
17,47398244,rs530923403,17,47484445,rs74619404,0.717
17,47398244,rs530923403,17,47488913,rs76305536,0.716
17,47398244,rs530923403,17,47492366,rs2233660,0.52
17,47398244,rs530923403,17,47492587,rs2233659,0.063
17,47398244,rs530923403,17,47493660,rs6504611,0.063
17,47398244,rs530923403,17,47494203,rs13341862,0.516
17,47398244,rs530923403,17,47496855,rs137884305,0.524
17,47398244,rs530923403,17,47497285,rs116953353,0.064
17,47398244,rs530923403,17,47497693,rs7207152,0.518
17,47398244,rs530923403,17,47498134,rs6504612,0.063
17,47398244,rs530923403,17,47500845,rs71379362,0.064
17,47398244,rs530923403,17,47502352,rs4640235,0.517
17,47398244,rs530923403,17,47505383,chr17_47505383_C_G,0.517
17,47398244,rs530923403,17,47505662,rs34100166,0.054
17,47398244,rs530923403,17,47507019,rs7222591,0.064
17,47398244,rs530923403,17,47507194,rs7209261,0.063
17,47398244,rs530923403,17,47507387,rs9910542,0.519
17,47398244,rs530923403,17,47507494,rs9909935,0.519
17,47398244,rs530923403,17,47509463,rs7216547,0.063
17,47398244,rs530923403,17,47509780,rs9904835,0.059
17,47398244,rs530923403,17,47510573,rs4477768,0.06
17,47398244,rs530923403,17,47511196,rs7207617,0.063
17,47398244,rs530923403,17,47512945,rs9900373,0.508
17,47398244,rs530923403,17,47513127,rs9901650,0.508
17,47398244,rs530923403,17,47513199,chr17_47513200_CACTCTTGGCAT_INDEL,0.508
17,47398244,rs530923403,17,47513371,rs8075138,0.07
17,47398244,rs530923403,17,47513520,rs8075428,0.07
17,47398244,rs530923403,17,47513548,rs8079832,0.07
17,47398244,rs530923403,17,47513874,rs2165703,0.069
17,47398244,rs530923403,17,47513891,rs9907942,0.509
17,47398244,rs530923403,17,47514039,rs2119930,0.066
17,47398244,rs530923403,17,47514127,rs2119929,0.07
17,47398244,rs530923403,17,47518378,rs9897429,0.056
17,47398244,rs530923403,17,47519174,rs9913079,0.1
17,47398244,rs530923403,17,47528726,rs35467042,0.051
17,47398244,rs530923403,17,47529746,rs2584681,0.053
17,47398244,rs530923403,17,47567942,rs72837238,0.059
17,47398244,rs530923403,17,47573731,rs78039676,0.052
17,47398244,rs530923403,17,47574035,rs651039,0.052
17,47459877,rs76778410,17,47237474,rs72835414,0.108
17,47459877,rs76778410,17,47243622,rs16970025,0.09
17,47459877,rs76778410,17,47244412,rs4334340,0.069
17,47459877,rs76778410,17,47245806,chr17_47245806_A_G,0.058
17,47459877,rs76778410,17,47251225,rs141519905,0.058
17,47459877,rs76778410,17,47252048,rs7222737,0.058
17,47459877,rs76778410,17,47253514,rs12943245,0.058
17,47459877,rs76778410,17,47255479,rs954863,0.058
17,47459877,rs76778410,17,47256685,rs150634878,0.406
17,47459877,rs76778410,17,47259187,rs11654036,0.059
17,47459877,rs76778410,17,47259806,rs12940548,0.059
17,47459877,rs76778410,17,47259991,rs12941123,0.069
17,47459877,rs76778410,17,47261655,rs2898833,0.059
17,47459877,rs76778410,17,47261999,rs4583293,0.059
17,47459877,rs76778410,17,47262672,rs2177309,0.059
17,47459877,rs76778410,17,47263234,rs112953159,0.059
17,47459877,rs76778410,17,47263236,17:47263236:GA:G,0.059
17,47459877,rs76778410,17,47263237,rs35762206,0.059
17,47459877,rs76778410,17,47263239,rs34511824,0.059
17,47459877,rs76778410,17,47268639,rs12936101,0.051
17,47459877,rs76778410,17,47275360,rs12948798,0.06
17,47459877,rs76778410,17,47287067,rs2233362,0.072
17,47459877,rs76778410,17,47292955,rs11654096,0.071
17,47459877,rs76778410,17,47293329,rs9896800,0.082
17,47459877,rs76778410,17,47293848,rs2233368,0.072
17,47459877,rs76778410,17,47298966,rs77624269,0.459
17,47459877,rs76778410,17,47301268,rs9889994,0.129
17,47459877,rs76778410,17,47304535,rs78551693,0.13
17,47459877,rs76778410,17,47306829,rs74584378,0.13
17,47459877,rs76778410,17,47310758,rs11654776,0.13
17,47459877,rs76778410,17,47312225,rs79006836,0.129
17,47459877,rs76778410,17,47313931,rs850523,0.075
17,47459877,rs76778410,17,47314019,rs11658845,0.13
17,47459877,rs76778410,17,47314413,rs624177,0.077
17,47459877,rs76778410,17,47315357,rs671095,0.077
17,47459877,rs76778410,17,47315399,rs151296104,0.078
17,47459877,rs76778410,17,47315878,rs7216884,0.13
17,47459877,rs76778410,17,47315924,rs7218175,0.079
17,47459877,rs76778410,17,47316259,rs850522,0.125
17,47459877,rs76778410,17,47316483,chr17_47316484_G_INDEL,0.13
17,47459877,rs76778410,17,47317517,rs2307632,0.051
17,47459877,rs76778410,17,47317828,rs111459132,0.081
17,47459877,rs76778410,17,47318565,rs117894669,0.135
17,47459877,rs76778410,17,47318568,rs199683581,0.052
17,47459877,rs76778410,17,47320314,rs73340354,0.155
17,47459877,rs76778410,17,47320810,rs11388821,0.061
17,47459877,rs76778410,17,47321231,rs669686,0.055
17,47459877,rs76778410,17,47321419,rs673375,0.158
17,47459877,rs76778410,17,47322264,rs12601665,0.058
17,47459877,rs76778410,17,47322746,rs9916779,0.067
17,47459877,rs76778410,17,47323666,rs12952749,0.162
17,47459877,rs76778410,17,47323695,rs4277393,0.067
17,47459877,rs76778410,17,47324485,rs11079866,0.068
17,47459877,rs76778410,17,47325717,rs686112,0.067
17,47459877,rs76778410,17,47325867,rs117821438,0.641
17,47459877,rs76778410,17,47328890,rs72699,0.067
17,47459877,rs76778410,17,47329255,rs9895945,0.16
17,47459877,rs76778410,17,47329365,rs646876,0.067
17,47459877,rs76778410,17,47330796,rs34367165,0.161
17,47459877,rs76778410,17,47330890,rs619726,0.067
17,47459877,rs76778410,17,47331987,rs663576,0.067
17,47459877,rs76778410,17,47332807,rs850521,0.065
17,47459877,rs76778410,17,47333067,rs850520,0.066
17,47459877,rs76778410,17,47333478,rs12948327,0.154
17,47459877,rs76778410,17,47333557,rs146575231,0.647
17,47459877,rs76778410,17,47334362,17:47334362:CA:C,0.081
17,47459877,rs76778410,17,47335348,rs146100660,0.649
17,47459877,rs76778410,17,47335589,rs149261956,0.651
17,47459877,rs76778410,17,47336931,rs74659133,0.65
17,47459877,rs76778410,17,47338083,rs1010322,0.066
17,47459877,rs76778410,17,47339741,rs11653139,0.66
17,47459877,rs76778410,17,47341580,rs9899665,0.066
17,47459877,rs76778410,17,47341871,rs4793614,0.066
17,47459877,rs76778410,17,47342049,rs57438823,0.162
17,47459877,rs76778410,17,47342153,rs4794031,0.066
17,47459877,rs76778410,17,47342782,rs12940278,0.067
17,47459877,rs76778410,17,47343277,rs2411977,0.067
17,47459877,rs76778410,17,47344530,rs11655466,0.067
17,47459877,rs76778410,17,47345186,rs11650494,0.647
17,47459877,rs76778410,17,47346529,rs8075803,0.078
17,47459877,rs76778410,17,47347879,rs4794032,0.067
17,47459877,rs76778410,17,47348066,rs147125686,0.673
17,47459877,rs76778410,17,47349052,rs7225606,0.067
17,47459877,rs76778410,17,47349436,rs71144590,0.067
17,47459877,rs76778410,17,47350664,rs7406234,0.067
17,47459877,rs76778410,17,47353487,rs1124881,0.066
17,47459877,rs76778410,17,47356100,rs2107634,0.066
17,47459877,rs76778410,17,47356805,rs12602382,0.11
17,47459877,rs76778410,17,47357450,rs57345398,0.067
17,47459877,rs76778410,17,47357969,rs11079868,0.067
17,47459877,rs76778410,17,47358308,rs73340392,0.682
17,47459877,rs76778410,17,47358560,rs4794034,0.067
17,47459877,rs76778410,17,47358733,rs12942379,0.11
17,47459877,rs76778410,17,47360889,rs4794035,0.069
17,47459877,rs76778410,17,47362923,rs11650087,0.684
17,47459877,rs76778410,17,47362991,rs11653686,0.679
17,47459877,rs76778410,17,47364795,rs62076398,0.07
17,47459877,rs76778410,17,47364913,rs117087923,0.684
17,47459877,rs76778410,17,47367536,rs3179840,0.07
17,47459877,rs76778410,17,47367751,rs148298271,0.68
17,47459877,rs76778410,17,47369099,rs4794036,0.071
17,47459877,rs76778410,17,47370449,rs75904857,0.683
17,47459877,rs76778410,17,47372328,rs77338752,0.625
17,47459877,rs76778410,17,47372743,rs73340399,0.682
17,47459877,rs76778410,17,47372764,rs2906100,0.112
17,47459877,rs76778410,17,47374886,rs57390430,0.684
17,47459877,rs76778410,17,47376440,rs2960168,0.115
17,47459877,rs76778410,17,47377267,rs2240301,0.07
17,47459877,rs76778410,17,47378369,rs2960169,0.07
17,47459877,rs76778410,17,47378766,rs2960170,0.07
17,47459877,rs76778410,17,47378771,rs2960171,0.07
17,47459877,rs76778410,17,47378937,rs11651191,0.685
17,47459877,rs76778410,17,47379581,rs2960172,0.116
17,47459877,rs76778410,17,47379867,rs140302625,0.685
17,47459877,rs76778410,17,47382240,rs56964884,0.083
17,47459877,rs76778410,17,47382256,rs57980718,0.114
17,47459877,rs76778410,17,47382268,rs2906095,0.07
17,47459877,rs76778410,17,47382795,rs148171854,0.685
17,47459877,rs76778410,17,47383994,rs11658111,0.679
17,47459877,rs76778410,17,47384611,rs7214496,0.114
17,47459877,rs76778410,17,47384974,rs113056032,0.681
17,47459877,rs76778410,17,47390014,rs2072153,0.114
17,47459877,rs76778410,17,47390136,rs11654557,0.678
17,47459877,rs76778410,17,47391290,rs2906101,0.07
17,47459877,rs76778410,17,47395729,rs9907478,0.681
17,47459877,rs76778410,17,47396628,rs76366926,0.684
17,47459877,rs76778410,17,47397323,rs2960164,0.07
17,47459877,rs76778410,17,47397579,rs2906093,0.07
17,47459877,rs76778410,17,47398244,rs530923403,0.682
17,47459877,rs76778410,17,47398245,rs565189650,0.681
17,47459877,rs76778410,17,47398246,rs369322961,0.682
17,47459877,rs76778410,17,47398282,rs78208413,0.686
17,47459877,rs76778410,17,47398442,chr17_47398442_A_T,0.104
17,47459877,rs76778410,17,47399600,rs17709919,0.07
17,47459877,rs76778410,17,47399633,rs8076023,0.679
17,47459877,rs76778410,17,47403553,rs12951873,0.069
17,47459877,rs76778410,17,47403740,rs12948660,0.07
17,47459877,rs76778410,17,47404669,rs4390639,0.113
17,47459877,rs76778410,17,47405338,rs73324308,0.684
17,47459877,rs76778410,17,47406913,rs747039,0.069
17,47459877,rs76778410,17,47407071,rs12185242,0.068
17,47459877,rs76778410,17,47407342,rs9891264,0.667
17,47459877,rs76778410,17,47407816,rs68160249,0.113
17,47459877,rs76778410,17,47408475,rs12937923,0.113
17,47459877,rs76778410,17,47408674,rs34255993,0.07
17,47459877,rs76778410,17,47410521,rs140503890,0.681
17,47459877,rs76778410,17,47410889,rs11653762,0.685
17,47459877,rs76778410,17,47411493,rs77247327,0.685
17,47459877,rs76778410,17,47411814,rs111834333,0.681
17,47459877,rs76778410,17,47411987,rs9895986,0.069
17,47459877,rs76778410,17,47412578,rs75092916,0.683
17,47459877,rs76778410,17,47414304,rs200178711,0.158
17,47459877,rs76778410,17,47416672,17:47416672:CTT:C,0.138
17,47459877,rs76778410,17,47418698,rs12943264,0.069
17,47459877,rs76778410,17,47420054,rs73324323,0.681
17,47459877,rs76778410,17,47421279,rs35406341,0.079
17,47459877,rs76778410,17,47421369,rs4644893,0.069
17,47459877,rs76778410,17,47421370,rs4566223,0.069
17,47459877,rs76778410,17,47421509,rs4514717,0.069
17,47459877,rs76778410,17,47421562,rs150373947,0.068
17,47459877,rs76778410,17,47421593,rs117853079,0.685
17,47459877,rs76778410,17,47421779,rs144202373,0.685
17,47459877,rs76778410,17,47422317,rs35822701,0.112
17,47459877,rs76778410,17,47422363,rs11652146,0.112
17,47459877,rs76778410,17,47425588,rs11656535,0.68
17,47459877,rs76778410,17,47427511,rs9909827,0.069
17,47459877,rs76778410,17,47428199,rs4444384,0.068
17,47459877,rs76778410,17,47428573,rs7225787,0.068
17,47459877,rs76778410,17,47429834,rs2119931,0.112
17,47459877,rs76778410,17,47431096,rs28618326,0.069
17,47459877,rs76778410,17,47431950,rs74830554,0.687
17,47459877,rs76778410,17,47432577,rs7213090,0.069
17,47459877,rs76778410,17,47432879,rs28483960,0.069
17,47459877,rs76778410,17,47433192,rs140670503,0.687
17,47459877,rs76778410,17,47433222,rs61286260,0.674
17,47459877,rs76778410,17,47436812,rs8081878,0.069
17,47459877,rs76778410,17,47439987,rs36102386,0.686
17,47459877,rs76778410,17,47443580,rs12150526,0.071
17,47459877,rs76778410,17,47444113,rs8067459,0.07
17,47459877,rs76778410,17,47444421,rs12937404,0.07
17,47459877,rs76778410,17,47444442,chr17_47444442_C_T,0.07
17,47459877,rs76778410,17,47444562,rs67726002,0.07
17,47459877,rs76778410,17,47444794,rs1317701,0.187
17,47459877,rs76778410,17,47445346,rs142415707,0.691
17,47459877,rs76778410,17,47445751,rs2411984,0.187
17,47459877,rs76778410,17,47446968,rs79768864,0.692
17,47459877,rs76778410,17,47446973,rs35010850,0.071
17,47459877,rs76778410,17,47447808,rs200644650,0.145
17,47459877,rs76778410,17,47447836,rs118099826,0.692
17,47459877,rs76778410,17,47447950,rs117801358,0.693
17,47459877,rs76778410,17,47448172,rs11655704,0.188
17,47459877,rs76778410,17,47448970,rs77488129,0.693
17,47459877,rs76778410,17,47449193,rs11650886,0.693
17,47459877,rs76778410,17,47450521,rs35317317,0.052
17,47459877,rs76778410,17,47450775,rs28394864,0.07
17,47459877,rs76778410,17,47452263,rs11655191,0.694
17,47459877,rs76778410,17,47453444,rs12953014,0.051
17,47459877,rs76778410,17,47453471,rs146336970,0.693
17,47459877,rs76778410,17,47454263,rs7216993,0.692
17,47459877,rs76778410,17,47454507,rs28406364,0.052
17,47459877,rs76778410,17,47454515,rs28412876,0.051
17,47459877,rs76778410,17,47455752,rs73324348,0.692
17,47459877,rs76778410,17,47456064,rs8065389,0.692
17,47459877,rs76778410,17,47456754,rs11650001,0.706
17,47459877,rs76778410,17,47457977,rs58721653,0.716
17,47459877,rs76778410,17,47459877,rs76778410,1
17,47459877,rs76778410,17,47461433,rs17637472,0.056
17,47459877,rs76778410,17,47461511,rs11655657,0.202
17,47459877,rs76778410,17,47465743,rs10667251,0.116
17,47459877,rs76778410,17,47466640,rs8072520,0.826
17,47459877,rs76778410,17,47468011,rs2671654,0.106
17,47459877,rs76778410,17,47468546,rs57030023,0.807
17,47459877,rs76778410,17,47468706,rs16948071,0.81
17,47459877,rs76778410,17,47468868,rs77653195,0.811
17,47459877,rs76778410,17,47468964,rs5820758,0.106
17,47459877,rs76778410,17,47469186,rs2412099,0.106
17,47459877,rs76778410,17,47470487,rs2584662,0.106
17,47459877,rs76778410,17,47470720,rs8065814,0.807
17,47459877,rs76778410,17,47471334,rs2119935,0.807
17,47459877,rs76778410,17,47472123,rs11653701,0.807
17,47459877,rs76778410,17,47472365,rs11653775,0.807
17,47459877,rs76778410,17,47473406,rs140952148,0.123
17,47459877,rs76778410,17,47473580,rs61427980,0.807
17,47459877,rs76778410,17,47473616,rs2671657,0.108
17,47459877,rs76778410,17,47473785,rs76651802,0.806
17,47459877,rs76778410,17,47474227,rs8081433,0.809
17,47459877,rs76778410,17,47474571,rs11651666,0.809
17,47459877,rs76778410,17,47474728,rs73987293,0.807
17,47459877,rs76778410,17,47474730,rs73987294,0.807
17,47459877,rs76778410,17,47474800,rs16948078,0.806
17,47459877,rs76778410,17,47474957,rs369314092,0.808
17,47459877,rs76778410,17,47475007,rs8066722,0.807
17,47459877,rs76778410,17,47475549,rs34458197,0.101
17,47459877,rs76778410,17,47475822,rs2165701,0.809
17,47459877,rs76778410,17,47476041,rs113367969,0.81
17,47459877,rs76778410,17,47476235,rs2165702,0.081
17,47459877,rs76778410,17,47476340,rs112882725,0.807
17,47459877,rs76778410,17,47476363,rs7215657,0.734
17,47459877,rs76778410,17,47484003,rs2233669,0.1
17,47459877,rs76778410,17,47484286,rs2233666,0.754
17,47459877,rs76778410,17,47484445,rs74619404,0.754
17,47459877,rs76778410,17,47488561,rs34753309,0.072
17,47459877,rs76778410,17,47488913,rs76305536,0.753
17,47459877,rs76778410,17,47492366,rs2233660,0.707
17,47459877,rs76778410,17,47492587,rs2233659,0.102
17,47459877,rs76778410,17,47493660,rs6504611,0.102
17,47459877,rs76778410,17,47494203,rs13341862,0.701
17,47459877,rs76778410,17,47496855,rs137884305,0.71
17,47459877,rs76778410,17,47497285,rs116953353,0.104
17,47459877,rs76778410,17,47497693,rs7207152,0.703
17,47459877,rs76778410,17,47498134,rs6504612,0.103
17,47459877,rs76778410,17,47500845,rs71379362,0.105
17,47459877,rs76778410,17,47502352,rs4640235,0.703
17,47459877,rs76778410,17,47505383,chr17_47505383_C_G,0.703
17,47459877,rs76778410,17,47505662,rs34100166,0.091
17,47459877,rs76778410,17,47507019,rs7222591,0.104
17,47459877,rs76778410,17,47507194,rs7209261,0.103
17,47459877,rs76778410,17,47507387,rs9910542,0.704
17,47459877,rs76778410,17,47507494,rs9909935,0.704
17,47459877,rs76778410,17,47509463,rs7216547,0.103
17,47459877,rs76778410,17,47509780,rs9904835,0.098
17,47459877,rs76778410,17,47510573,rs4477768,0.099
17,47459877,rs76778410,17,47511196,rs7207617,0.103
17,47459877,rs76778410,17,47512945,rs9900373,0.69
17,47459877,rs76778410,17,47513127,rs9901650,0.689
17,47459877,rs76778410,17,47513199,chr17_47513200_CACTCTTGGCAT_INDEL,0.689
17,47459877,rs76778410,17,47513371,rs8075138,0.111
17,47459877,rs76778410,17,47513520,rs8075428,0.111
17,47459877,rs76778410,17,47513548,rs8079832,0.111
17,47459877,rs76778410,17,47513874,rs2165703,0.111
17,47459877,rs76778410,17,47513891,rs9907942,0.691
17,47459877,rs76778410,17,47514039,rs2119930,0.107
17,47459877,rs76778410,17,47514127,rs2119929,0.111
17,47459877,rs76778410,17,47518378,rs9897429,0.055
17,47459877,rs76778410,17,47519174,rs9913079,0.093
17,47459877,rs76778410,17,47528562,rs2671661,0.05
17,47459877,rs76778410,17,47528726,rs35467042,0.052
17,47459877,rs76778410,17,47529746,rs2584681,0.054
17,47459877,rs76778410,17,47567942,rs72837238,0.053
17,47476340,rs112882725,17,47237474,rs72835414,0.135
17,47476340,rs112882725,17,47238438,rs4794026,0.059
17,47476340,rs112882725,17,47239511,rs58496761,0.058
17,47476340,rs112882725,17,47239518,rs61593380,0.059
17,47476340,rs112882725,17,47239647,rs4550490,0.058
17,47476340,rs112882725,17,47240157,rs34279337,0.058
17,47476340,rs112882725,17,47240884,rs7210509,0.058
17,47476340,rs112882725,17,47243622,rs16970025,0.108
17,47476340,rs112882725,17,47244412,rs4334340,0.086
17,47476340,rs112882725,17,47245806,chr17_47245806_A_G,0.075
17,47476340,rs112882725,17,47251225,rs141519905,0.075
17,47476340,rs112882725,17,47252048,rs7222737,0.075
17,47476340,rs112882725,17,47253514,rs12943245,0.075
17,47476340,rs112882725,17,47255479,rs954863,0.075
17,47476340,rs112882725,17,47256685,rs150634878,0.465
17,47476340,rs112882725,17,47259187,rs11654036,0.075
17,47476340,rs112882725,17,47259806,rs12940548,0.075
17,47476340,rs112882725,17,47259991,rs12941123,0.087
17,47476340,rs112882725,17,47261655,rs2898833,0.075
17,47476340,rs112882725,17,47261999,rs4583293,0.075
17,47476340,rs112882725,17,47262672,rs2177309,0.075
17,47476340,rs112882725,17,47263234,rs112953159,0.075
17,47476340,rs112882725,17,47263236,17:47263236:GA:G,0.075
17,47476340,rs112882725,17,47263237,rs35762206,0.075
17,47476340,rs112882725,17,47263239,rs34511824,0.075
17,47476340,rs112882725,17,47268639,rs12936101,0.068
17,47476340,rs112882725,17,47275360,rs12948798,0.077
17,47476340,rs112882725,17,47287067,rs2233362,0.09
17,47476340,rs112882725,17,47289566,rs7219226,0.055
17,47476340,rs112882725,17,47292955,rs11654096,0.089
17,47476340,rs112882725,17,47293329,rs9896800,0.104
17,47476340,rs112882725,17,47293848,rs2233368,0.09
17,47476340,rs112882725,17,47298966,rs77624269,0.521
17,47476340,rs112882725,17,47301268,rs9889994,0.162
17,47476340,rs112882725,17,47303456,rs648980,0.062
17,47476340,rs112882725,17,47304535,rs78551693,0.162
17,47476340,rs112882725,17,47306829,rs74584378,0.162
17,47476340,rs112882725,17,47307274,rs617182,0.062
17,47476340,rs112882725,17,47310758,rs11654776,0.162
17,47476340,rs112882725,17,47312225,rs79006836,0.162
17,47476340,rs112882725,17,47313931,rs850523,0.096
17,47476340,rs112882725,17,47314019,rs11658845,0.163
17,47476340,rs112882725,17,47314413,rs624177,0.098
17,47476340,rs112882725,17,47315357,rs671095,0.099
17,47476340,rs112882725,17,47315399,rs151296104,0.099
17,47476340,rs112882725,17,47315878,rs7216884,0.163
17,47476340,rs112882725,17,47315924,rs7218175,0.101
17,47476340,rs112882725,17,47316259,rs850522,0.159
17,47476340,rs112882725,17,47316483,chr17_47316484_G_INDEL,0.162
17,47476340,rs112882725,17,47317517,rs2307632,0.07
17,47476340,rs112882725,17,47317828,rs111459132,0.103
17,47476340,rs112882725,17,47318414,rs10853110,0.05
17,47476340,rs112882725,17,47318565,rs117894669,0.169
17,47476340,rs112882725,17,47318568,rs199683581,0.071
17,47476340,rs112882725,17,47320314,rs73340354,0.19
17,47476340,rs112882725,17,47320810,rs11388821,0.081
17,47476340,rs112882725,17,47321231,rs669686,0.075
17,47476340,rs112882725,17,47321419,rs673375,0.192
17,47476340,rs112882725,17,47322264,rs12601665,0.079
17,47476340,rs112882725,17,47322746,rs9916779,0.055
17,47476340,rs112882725,17,47323666,rs12952749,0.138
17,47476340,rs112882725,17,47323695,rs4277393,0.055
17,47476340,rs112882725,17,47324485,rs11079866,0.056
17,47476340,rs112882725,17,47325717,rs686112,0.055
17,47476340,rs112882725,17,47325867,rs117821438,0.728
17,47476340,rs112882725,17,47328890,rs72699,0.055
17,47476340,rs112882725,17,47329255,rs9895945,0.136
17,47476340,rs112882725,17,47329365,rs646876,0.055
17,47476340,rs112882725,17,47330796,rs34367165,0.137
17,47476340,rs112882725,17,47330890,rs619726,0.055
17,47476340,rs112882725,17,47331987,rs663576,0.055
17,47476340,rs112882725,17,47332807,rs850521,0.054
17,47476340,rs112882725,17,47333067,rs850520,0.054
17,47476340,rs112882725,17,47333478,rs12948327,0.132
17,47476340,rs112882725,17,47333557,rs146575231,0.734
17,47476340,rs112882725,17,47334362,17:47334362:CA:C,0.068
17,47476340,rs112882725,17,47335348,rs146100660,0.736
17,47476340,rs112882725,17,47335589,rs149261956,0.738
17,47476340,rs112882725,17,47336686,rs9893777,0.053
17,47476340,rs112882725,17,47336931,rs74659133,0.737
17,47476340,rs112882725,17,47338083,rs1010322,0.054
17,47476340,rs112882725,17,47339741,rs11653139,0.748
17,47476340,rs112882725,17,47340153,rs917054,0.054
17,47476340,rs112882725,17,47340297,rs2011767,0.054
17,47476340,rs112882725,17,47340660,rs34338189,0.054
17,47476340,rs112882725,17,47341580,rs9899665,0.054
17,47476340,rs112882725,17,47341871,rs4793614,0.054
17,47476340,rs112882725,17,47342049,rs57438823,0.138
17,47476340,rs112882725,17,47342153,rs4794031,0.055
17,47476340,rs112882725,17,47342782,rs12940278,0.055
17,47476340,rs112882725,17,47343277,rs2411977,0.055
17,47476340,rs112882725,17,47344530,rs11655466,0.055
17,47476340,rs112882725,17,47345186,rs11650494,0.736
17,47476340,rs112882725,17,47346529,rs8075803,0.064
17,47476340,rs112882725,17,47347879,rs4794032,0.055
17,47476340,rs112882725,17,47348066,rs147125686,0.761
17,47476340,rs112882725,17,47348140,rs71379351,0.055
17,47476340,rs112882725,17,47348852,rs12949836,0.055
17,47476340,rs112882725,17,47349052,rs7225606,0.055
17,47476340,rs112882725,17,47349436,rs71144590,0.055
17,47476340,rs112882725,17,47350664,rs7406234,0.055
17,47476340,rs112882725,17,47353487,rs1124881,0.055
17,47476340,rs112882725,17,47354785,rs11079867,0.056
17,47476340,rs112882725,17,47355048,rs12602769,0.056
17,47476340,rs112882725,17,47356100,rs2107634,0.055
17,47476340,rs112882725,17,47356805,rs12602382,0.14
17,47476340,rs112882725,17,47357450,rs57345398,0.055
17,47476340,rs112882725,17,47357969,rs11079868,0.055
17,47476340,rs112882725,17,47358308,rs73340392,0.771
17,47476340,rs112882725,17,47358560,rs4794034,0.055
17,47476340,rs112882725,17,47358733,rs12942379,0.14
17,47476340,rs112882725,17,47360889,rs4794035,0.057
17,47476340,rs112882725,17,47362923,rs11650087,0.773
17,47476340,rs112882725,17,47362991,rs11653686,0.768
17,47476340,rs112882725,17,47364795,rs62076398,0.058
17,47476340,rs112882725,17,47364913,rs117087923,0.774
17,47476340,rs112882725,17,47367536,rs3179840,0.058
17,47476340,rs112882725,17,47367751,rs148298271,0.768
17,47476340,rs112882725,17,47369099,rs4794036,0.059
17,47476340,rs112882725,17,47370449,rs75904857,0.772
17,47476340,rs112882725,17,47372328,rs77338752,0.708
17,47476340,rs112882725,17,47372743,rs73340399,0.771
17,47476340,rs112882725,17,47372764,rs2906100,0.143
17,47476340,rs112882725,17,47374886,rs57390430,0.773
17,47476340,rs112882725,17,47376440,rs2960168,0.146
17,47476340,rs112882725,17,47377267,rs2240301,0.058
17,47476340,rs112882725,17,47378369,rs2960169,0.058
17,47476340,rs112882725,17,47378766,rs2960170,0.058
17,47476340,rs112882725,17,47378771,rs2960171,0.058
17,47476340,rs112882725,17,47378937,rs11651191,0.775
17,47476340,rs112882725,17,47379581,rs2960172,0.148
17,47476340,rs112882725,17,47379867,rs140302625,0.775
17,47476340,rs112882725,17,47382240,rs56964884,0.108
17,47476340,rs112882725,17,47382256,rs57980718,0.145
17,47476340,rs112882725,17,47382268,rs2906095,0.058
17,47476340,rs112882725,17,47382795,rs148171854,0.775
17,47476340,rs112882725,17,47383994,rs11658111,0.767
17,47476340,rs112882725,17,47384611,rs7214496,0.145
17,47476340,rs112882725,17,47384974,rs113056032,0.769
17,47476340,rs112882725,17,47390014,rs2072153,0.145
17,47476340,rs112882725,17,47390136,rs11654557,0.766
17,47476340,rs112882725,17,47391290,rs2906101,0.058
17,47476340,rs112882725,17,47395729,rs9907478,0.769
17,47476340,rs112882725,17,47396628,rs76366926,0.773
17,47476340,rs112882725,17,47397323,rs2960164,0.058
17,47476340,rs112882725,17,47397579,rs2906093,0.058
17,47476340,rs112882725,17,47398244,rs530923403,0.771
17,47476340,rs112882725,17,47398245,rs565189650,0.771
17,47476340,rs112882725,17,47398246,rs369322961,0.771
17,47476340,rs112882725,17,47398282,rs78208413,0.775
17,47476340,rs112882725,17,47399600,rs17709919,0.058
17,47476340,rs112882725,17,47399633,rs8076023,0.768
17,47476340,rs112882725,17,47403553,rs12951873,0.058
17,47476340,rs112882725,17,47403740,rs12948660,0.058
17,47476340,rs112882725,17,47404669,rs4390639,0.145
17,47476340,rs112882725,17,47405338,rs73324308,0.773
17,47476340,rs112882725,17,47406913,rs747039,0.058
17,47476340,rs112882725,17,47407071,rs12185242,0.057
17,47476340,rs112882725,17,47407342,rs9891264,0.758
17,47476340,rs112882725,17,47407816,rs68160249,0.145
17,47476340,rs112882725,17,47408475,rs12937923,0.145
17,47476340,rs112882725,17,47408674,rs34255993,0.058
17,47476340,rs112882725,17,47410521,rs140503890,0.77
17,47476340,rs112882725,17,47410889,rs11653762,0.775
17,47476340,rs112882725,17,47411493,rs77247327,0.775
17,47476340,rs112882725,17,47411814,rs111834333,0.77
17,47476340,rs112882725,17,47411987,rs9895986,0.058
17,47476340,rs112882725,17,47412578,rs75092916,0.772
17,47476340,rs112882725,17,47414304,rs200178711,0.129
17,47476340,rs112882725,17,47414699,rs71369295,0.068
17,47476340,rs112882725,17,47416672,17:47416672:CTT:C,0.177
17,47476340,rs112882725,17,47418698,rs12943264,0.057
17,47476340,rs112882725,17,47420054,rs73324323,0.769
17,47476340,rs112882725,17,47421279,rs35406341,0.065
17,47476340,rs112882725,17,47421369,rs4644893,0.057
17,47476340,rs112882725,17,47421370,rs4566223,0.057
17,47476340,rs112882725,17,47421509,rs4514717,0.057
17,47476340,rs112882725,17,47421562,rs150373947,0.056
17,47476340,rs112882725,17,47421593,rs117853079,0.775
17,47476340,rs112882725,17,47421779,rs144202373,0.774
17,47476340,rs112882725,17,47422317,rs35822701,0.144
17,47476340,rs112882725,17,47422363,rs11652146,0.144
17,47476340,rs112882725,17,47425588,rs11656535,0.768
17,47476340,rs112882725,17,47427511,rs9909827,0.057
17,47476340,rs112882725,17,47428199,rs4444384,0.057
17,47476340,rs112882725,17,47428573,rs7225787,0.057
17,47476340,rs112882725,17,47429834,rs2119931,0.144
17,47476340,rs112882725,17,47431096,rs28618326,0.057
17,47476340,rs112882725,17,47431950,rs74830554,0.778
17,47476340,rs112882725,17,47432577,rs7213090,0.057
17,47476340,rs112882725,17,47432879,rs28483960,0.057
17,47476340,rs112882725,17,47433192,rs140670503,0.778
17,47476340,rs112882725,17,47433222,rs61286260,0.766
17,47476340,rs112882725,17,47436812,rs8081878,0.057
17,47476340,rs112882725,17,47439987,rs36102386,0.775
17,47476340,rs112882725,17,47443580,rs12150526,0.058
17,47476340,rs112882725,17,47444113,rs8067459,0.057
17,47476340,rs112882725,17,47444421,rs12937404,0.057
17,47476340,rs112882725,17,47444442,chr17_47444442_C_T,0.057
17,47476340,rs112882725,17,47444562,rs67726002,0.057
17,47476340,rs112882725,17,47444794,rs1317701,0.152
17,47476340,rs112882725,17,47445346,rs142415707,0.782
17,47476340,rs112882725,17,47445751,rs2411984,0.152
17,47476340,rs112882725,17,47446968,rs79768864,0.782
17,47476340,rs112882725,17,47446973,rs35010850,0.058
17,47476340,rs112882725,17,47447808,rs200644650,0.178
17,47476340,rs112882725,17,47447836,rs118099826,0.782
17,47476340,rs112882725,17,47447950,rs117801358,0.783
17,47476340,rs112882725,17,47448172,rs11655704,0.153
17,47476340,rs112882725,17,47448970,rs77488129,0.782
17,47476340,rs112882725,17,47449193,rs11650886,0.782
17,47476340,rs112882725,17,47450057,rs7209400,0.056
17,47476340,rs112882725,17,47450775,rs28394864,0.056
17,47476340,rs112882725,17,47452263,rs11655191,0.785
17,47476340,rs112882725,17,47453471,rs146336970,0.783
17,47476340,rs112882725,17,47454263,rs7216993,0.781
17,47476340,rs112882725,17,47455752,rs73324348,0.781
17,47476340,rs112882725,17,47456064,rs8065389,0.781
17,47476340,rs112882725,17,47456754,rs11650001,0.798
17,47476340,rs112882725,17,47457977,rs58721653,0.808
17,47476340,rs112882725,17,47459877,rs76778410,0.807
17,47476340,rs112882725,17,47461511,rs11655657,0.163
17,47476340,rs112882725,17,47465743,rs10667251,0.098
17,47476340,rs112882725,17,47466640,rs8072520,0.978
17,47476340,rs112882725,17,47468011,rs2671654,0.093
17,47476340,rs112882725,17,47468546,rs57030023,0.983
17,47476340,rs112882725,17,47468706,rs16948071,0.986
17,47476340,rs112882725,17,47468868,rs77653195,0.987
17,47476340,rs112882725,17,47468964,rs5820758,0.093
17,47476340,rs112882725,17,47469186,rs2412099,0.093
17,47476340,rs112882725,17,47470487,rs2584662,0.094
17,47476340,rs112882725,17,47470720,rs8065814,0.983
17,47476340,rs112882725,17,47471334,rs2119935,0.983
17,47476340,rs112882725,17,47472123,rs11653701,0.984
17,47476340,rs112882725,17,47472365,rs11653775,0.984
17,47476340,rs112882725,17,47473406,rs140952148,0.108
17,47476340,rs112882725,17,47473580,rs61427980,0.983
17,47476340,rs112882725,17,47473616,rs2671657,0.096
17,47476340,rs112882725,17,47473785,rs76651802,0.983
17,47476340,rs112882725,17,47474227,rs8081433,0.986
17,47476340,rs112882725,17,47474571,rs11651666,0.987
17,47476340,rs112882725,17,47474728,rs73987293,0.984
17,47476340,rs112882725,17,47474730,rs73987294,0.984
17,47476340,rs112882725,17,47474800,rs16948078,0.983
17,47476340,rs112882725,17,47474957,rs369314092,0.985
17,47476340,rs112882725,17,47475007,rs8066722,0.984
17,47476340,rs112882725,17,47475549,rs34458197,0.087
17,47476340,rs112882725,17,47475822,rs2165701,0.993
17,47476340,rs112882725,17,47476041,rs113367969,0.998
17,47476340,rs112882725,17,47476235,rs2165702,0.082
17,47476340,rs112882725,17,47476340,rs112882725,1
17,47476340,rs112882725,17,47476363,rs7215657,0.911
17,47476340,rs112882725,17,47476675,rs56366200,0.051
17,47476340,rs112882725,17,47484003,rs2233669,0.094
17,47476340,rs112882725,17,47484286,rs2233666,0.944
17,47476340,rs112882725,17,47484445,rs74619404,0.945
17,47476340,rs112882725,17,47488561,rs34753309,0.061
17,47476340,rs112882725,17,47488913,rs76305536,0.944
17,47476340,rs112882725,17,47492366,rs2233660,0.688
17,47476340,rs112882725,17,47492587,rs2233659,0.096
17,47476340,rs112882725,17,47493660,rs6504611,0.096
17,47476340,rs112882725,17,47494203,rs13341862,0.686
17,47476340,rs112882725,17,47496855,rs137884305,0.692
17,47476340,rs112882725,17,47497285,rs116953353,0.097
17,47476340,rs112882725,17,47497693,rs7207152,0.687
17,47476340,rs112882725,17,47498134,rs6504612,0.097
17,47476340,rs112882725,17,47500845,rs71379362,0.098
17,47476340,rs112882725,17,47502352,rs4640235,0.687
17,47476340,rs112882725,17,47505383,chr17_47505383_C_G,0.684
17,47476340,rs112882725,17,47505662,rs34100166,0.084
17,47476340,rs112882725,17,47507019,rs7222591,0.098
17,47476340,rs112882725,17,47507194,rs7209261,0.097
17,47476340,rs112882725,17,47507387,rs9910542,0.689
17,47476340,rs112882725,17,47507494,rs9909935,0.689
17,47476340,rs112882725,17,47509463,rs7216547,0.097
17,47476340,rs112882725,17,47509780,rs9904835,0.093
17,47476340,rs112882725,17,47510573,rs4477768,0.093
17,47476340,rs112882725,17,47511196,rs7207617,0.096
17,47476340,rs112882725,17,47512945,rs9900373,0.674
17,47476340,rs112882725,17,47513127,rs9901650,0.674
17,47476340,rs112882725,17,47513199,chr17_47513200_CACTCTTGGCAT_INDEL,0.674
17,47476340,rs112882725,17,47513371,rs8075138,0.105
17,47476340,rs112882725,17,47513520,rs8075428,0.104
17,47476340,rs112882725,17,47513548,rs8079832,0.104
17,47476340,rs112882725,17,47513874,rs2165703,0.104
17,47476340,rs112882725,17,47513891,rs9907942,0.676
17,47476340,rs112882725,17,47514039,rs2119930,0.101
17,47476340,rs112882725,17,47514127,rs2119929,0.104
17,47476340,rs112882725,17,47518378,rs9897429,0.056
17,47476340,rs112882725,17,47519174,rs9913079,0.126
17,47476340,rs112882725,17,47528562,rs2671661,0.072
17,47476340,rs112882725,17,47528726,rs35467042,0.075
17,47476340,rs112882725,17,47529746,rs2584681,0.077
17,47476340,rs112882725,17,47545987,rs2243847,0.051
17,47476340,rs112882725,17,47567942,rs72837238,0.071
17,47476340,rs112882725,17,47573731,rs78039676,0.063
17,47476340,rs112882725,17,47574035,rs651039,0.063
