CHR_A,BP_A,SNP_A,CHR_B,BP_B,SNP_B,R2
1,154834183,rs1218582,1,154812059,rs57888493,0.076
1,154834183,rs1218582,1,154812280,chr1_154812280_C_T,0.11
1,154834183,rs1218582,1,154812400,rs34292822,0.111
1,154834183,rs1218582,1,154812630,rs12754189,0.111
1,154834183,rs1218582,1,154812943,rs36088503,0.058
1,154834183,rs1218582,1,154813584,rs11588763,0.112
1,154834183,rs1218582,1,154813988,rs34106427,0.111
1,154834183,rs1218582,1,154814045,rs6426986,0.111
1,154834183,rs1218582,1,154814268,rs6666258,0.111
1,154834183,rs1218582,1,154814353,rs13376333,0.112
1,154834183,rs1218582,1,154814538,rs6691463,0.114
1,154834183,rs1218582,1,154814785,rs6704241,0.142
1,154834183,rs1218582,1,154814812,rs13376345,0.142
1,154834183,rs1218582,1,154814917,rs6666891,0.142
1,154834183,rs1218582,1,154814992,rs6704449,0.143
1,154834183,rs1218582,1,154815044,rs6691945,0.143
1,154834183,rs1218582,1,154815051,rs6658392,0.143
1,154834183,rs1218582,1,154815257,rs6426987,0.142
1,154834183,rs1218582,1,154815320,rs6426988,0.143
1,154834183,rs1218582,1,154815366,rs883905,0.077
1,154834183,rs1218582,1,154817008,rs1218568,0.053
1,154834183,rs1218582,1,154817143,rs71586039,0.053
1,154834183,rs1218582,1,154817420,rs1218567,0.054
1,154834183,rs1218582,1,154817573,chr1_154817573_A_G,0.1
1,154834183,rs1218582,1,154817687,rs1218565,0.052
1,154834183,rs1218582,1,154818403,rs36004974,0.14
1,154834183,rs1218582,1,154819359,chr1_154819359_A_C,0.131
1,154834183,rs1218582,1,154819684,chr1_154819684_C_T,0.075
1,154834183,rs1218582,1,154822517,rs906597,0.238
1,154834183,rs1218582,1,154822551,rs906596,0.238
1,154834183,rs1218582,1,154822907,chr1_154822907_A_G,0.511
1,154834183,rs1218582,1,154823021,chr1_154823021_C_T,0.457
1,154834183,rs1218582,1,154823545,rs2878411,0.514
1,154834183,rs1218582,1,154824238,rs6682335,0.236
1,154834183,rs1218582,1,154824330,rs1218554,0.237
1,154834183,rs1218582,1,154824686,rs35319660,0.215
1,154834183,rs1218582,1,154824722,rs368240904,0.133
1,154834183,rs1218582,1,154824750,1:154824750:A:T,0.158
1,154834183,rs1218582,1,154824792,rs4845395,0.238
1,154834183,rs1218582,1,154824973,rs12084791,0.133
1,154834183,rs1218582,1,154825093,rs12058931,0.134
1,154834183,rs1218582,1,154825244,rs10908443,0.234
1,154834183,rs1218582,1,154825270,rs11264275,0.513
1,154834183,rs1218582,1,154825806,rs4845675,0.237
1,154834183,rs1218582,1,154826061,rs12044470,0.516
1,154834183,rs1218582,1,154826359,rs12045303,0.517
1,154834183,rs1218582,1,154827366,rs12729486,0.134
1,154834183,rs1218582,1,154827520,rs12089941,0.134
1,154834183,rs1218582,1,154827522,rs12089942,0.136
1,154834183,rs1218582,1,154827694,rs57512838,0.51
1,154834183,rs1218582,1,154827861,rs4845676,0.518
1,154834183,rs1218582,1,154828160,rs2878412,0.227
1,154834183,rs1218582,1,154828409,chr1_154828409_A_G,0.498
1,154834183,rs1218582,1,154828683,rs56382016,0.138
1,154834183,rs1218582,1,154830219,rs1218589,0.242
1,154834183,rs1218582,1,154831143,chr1_154831143_A_G,0.237
1,154834183,rs1218582,1,154831212,rs66459758,0.137
1,154834183,rs1218582,1,154831336,chr1_154831336_C_T,0.241
1,154834183,rs1218582,1,154831925,rs1218587,0.242
1,154834183,rs1218582,1,154832290,rs1061122,0.232
1,154834183,rs1218582,1,154832304,rs4845397,0.108
1,154834183,rs1218582,1,154832661,rs1218585,0.242
1,154834183,rs1218582,1,154833067,chr1_154833067_C_G,0.247
1,154834183,rs1218582,1,154833978,rs1218583,0.07
1,154834183,rs1218582,1,154834092,chr1_154834092_C_T,0.719
1,154834183,rs1218582,1,154834183,rs1218582,1
1,154834183,rs1218582,1,154834546,chr1_154834546_A_C,0.063
1,154834183,rs1218582,1,154834696,rs1218581,0.071
1,154834183,rs1218582,1,154834911,chr1_154834911_A_G,0.785
1,154834183,rs1218582,1,154837796,rs7553195,0.724
1,154834183,rs1218582,1,154838050,chr1_154838050_C_T,0.743
1,154834183,rs1218582,1,154839799,chr1_154839799_A_G,0.834
1,154834183,rs1218582,1,154840287,rs10908444,0.837
1,154834183,rs1218582,1,154840516,chr1_154840516_A_C,0.741
1,154834183,rs1218582,1,154843347,chr1_154843347_C_T,0.74
1,154834183,rs1218582,1,154844351,chr1_154844351_C_INDEL,0.74
1,154834183,rs1218582,1,154844585,rs7544528,0.743
1,154834183,rs1218582,1,154844853,rs72186934,0.686
1,154834183,rs1218582,1,154845484,chr1_154845484_G_T,0.831
1,154834183,rs1218582,1,154845534,rs11264278,0.38
1,154834183,rs1218582,1,154846274,rs883718,0.828
1,154834183,rs1218582,1,154849260,rs35629379,0.738
1,154834183,rs1218582,1,154849479,rs10796934,0.827
1,154834183,rs1218582,1,154849590,chr1_154849590_A_G,0.819
1,154834183,rs1218582,1,154849661,chr1_154849661_C_T,0.149
1,154834183,rs1218582,1,154849771,chr1_154849771_A_G,0.82
1,154834183,rs1218582,1,154850445,chr1_154850445_A_G,0.674
1,154834183,rs1218582,1,154852307,chr1_154852307_C_G,0.825
1,154834183,rs1218582,1,154853295,chr1_154853295_C_T,0.816
1,154834183,rs1218582,1,154857217,chr1_154857217_C_T,0.669
1,154834183,rs1218582,1,154859038,chr1_154859038_C_G,0.817
1,154834183,rs1218582,1,154859581,chr1_154859581_A_C,0.817
1,154834183,rs1218582,1,154859940,chr1_154859940_A_C,0.724
1,154834183,rs1218582,1,154861187,chr1_154861187_G_T,0.724
1,154834183,rs1218582,1,154862559,1:154862559:T:TCCCCCA,0.817
1,154834183,rs1218582,1,154862952,chr1_154862952_C_T,0.372
1,154834183,rs1218582,1,154863195,chr1_154863195_A_G,0.817
1,154834183,rs1218582,1,154865125,chr1_154865125_A_G,0.817
1,154834183,rs1218582,1,154866093,rs4845399,0.669
1,154834183,rs1218582,1,154867221,rs11264281,0.725
1,154834183,rs1218582,1,154867370,rs11264282,0.816
1,154834183,rs1218582,1,154868055,chr1_154868055_G_T,0.708
1,154834183,rs1218582,1,154869552,chr1_154869552_A_G,0.759
1,154834183,rs1218582,1,154869559,chr1_154869559_A_G,0.758
1,154834183,rs1218582,1,154869742,chr1_154869742_C_T,0.719
1,154834183,rs1218582,1,154871688,1:154871688:AATAAATAAAT:A,0.452
1,154834183,rs1218582,1,154871690,rs4297285,0.768
1,154834183,rs1218582,1,154871700,1:154871700:AAT:A,0.452
1,154834183,rs1218582,1,154872338,rs10581219,0.382
1,154834183,rs1218582,1,154872523,chr1_154872523_C_T,0.77
1,154834183,rs1218582,1,154874440,rs7528532,0.771
1,154834183,rs1218582,1,154875793,chr1_154875793_C_T,0.72
1,154834183,rs1218582,1,154876869,rs6656435,0.771
1,154834183,rs1218582,1,154877105,rs4845682,0.771
1,154834183,rs1218582,1,154877407,rs4845683,0.722
1,154834183,rs1218582,1,154877722,1:154877722:CT:C,0.464
1,154834183,rs1218582,1,154878300,chr1_154878300_A_C,0.77
1,154834183,rs1218582,1,154878845,rs35704440,0.705
1,154834183,rs1218582,1,154878876,rs9794000,0.769
1,154834183,rs1218582,1,154878878,rs9793588,0.769
1,154834183,rs1218582,1,154878911,rs4845687,0.77
1,154834183,rs1218582,1,154879743,rs1977879,0.77
1,154834183,rs1218582,1,154879788,rs1976559,0.77
1,154834183,rs1218582,1,154880386,chr1_154880386_A_G,0.653
1,154834183,rs1218582,1,154881461,chr1_154881461_C_T,0.72
1,154834183,rs1218582,1,154882544,chr1_154882544_C_T,0.77
1,154834183,rs1218582,1,154884142,rs4845688,0.771
1,154834183,rs1218582,1,154885255,chr1_154885255_A_G,0.769
1,154834183,rs1218582,1,154885524,chr1_154885524_A_G,0.769
1,154834183,rs1218582,1,154885779,rs4240874,0.77
1,154834183,rs1218582,1,154885782,chr1_154885782_A_G,0.769
1,154834183,rs1218582,1,154886817,chr1_154886817_C_T,0.769
1,154834183,rs1218582,1,154887949,chr1_154887949_A_G,0.769
1,154834183,rs1218582,1,154888348,rs59353081,0.77
1,154834183,rs1218582,1,154888962,rs4339857,0.77
1,154834183,rs1218582,1,154889485,rs1218592,0.199
1,154834183,rs1218582,1,154890005,rs59843925,0.728
1,154834183,rs1218582,1,154890227,chr1_154890227_C_T,0.72
1,154834183,rs1218582,1,154890311,rs4845692,0.77
1,154834183,rs1218582,1,154890661,rs12406380,0.77
1,154834183,rs1218582,1,154891363,rs10796935,0.771
1,154834183,rs1218582,1,154891469,rs147094429,0.721
1,154834183,rs1218582,1,154892339,rs113275210,0.755
1,154834183,rs1218582,1,154892753,chr1_154892753_C_G,0.719
1,154834183,rs1218582,1,154900721,chr1_154900721_C_T,0.345
1,154834183,rs1218582,1,154901250,rs71270468,0.235
1,154834183,rs1218582,1,154909268,chr1_154909268_A_G,0.76
1,154834183,rs1218582,1,154910012,chr1_154910012_C_T,0.759
1,154834183,rs1218582,1,154910930,rs58629129,0.662
1,154834183,rs1218582,1,154911257,rs4845693,0.759
1,154834183,rs1218582,1,154911651,chr1_154911651_C_G,0.758
1,154834183,rs1218582,1,154911689,chr1_154911689_A_G,0.648
1,154834183,rs1218582,1,154911798,chr1_154911798_A_G,0.659
1,154834183,rs1218582,1,154911922,rs4845696,0.761
1,154834183,rs1218582,1,154912017,rs12046459,0.758
1,154834183,rs1218582,1,154912300,rs11264290,0.761
1,154834183,rs1218582,1,154912409,rs59217610,0.678
1,154834183,rs1218582,1,154912968,chr1_154912968_A_T,0.758
1,154834183,rs1218582,1,154913021,rs6699043,0.758
1,154834183,rs1218582,1,154913404,chr1_154913404_C_G,0.757
1,154834183,rs1218582,1,154914797,chr1_154914797_C_T,0.755
1,154834183,rs1218582,1,154915977,chr1_154915977_A_G,0.756
1,154834183,rs1218582,1,154916068,rs2102423,0.758
1,154834183,rs1218582,1,154916106,chr1_154916106_A_G,0.711
1,154834183,rs1218582,1,154916992,rs11429731,0.673
1,154834183,rs1218582,1,154917314,chr1_154917314_A_G,0.75
1,154834183,rs1218582,1,154919080,chr1_154919080_C_T,0.747
1,154834183,rs1218582,1,154919565,rs3738026,0.751
1,154834183,rs1218582,1,154941593,chr1_154941593_C_G,0.439
1,154834183,rs1218582,1,154948327,rs12087657,0.383
1,154834183,rs1218582,1,154969646,rs6427111,0.1
1,154834183,rs1218582,1,154975068,1:154975068:TG:T,0.402
1,154834183,rs1218582,1,154977929,chr1_154977929_A_G,0.087
1,154834183,rs1218582,1,154980351,rs56103503,0.517
1,154834183,rs1218582,1,154983539,rs6686021,0.241
1,154834183,rs1218582,1,154986091,chr1_154986091_A_G,0.071
1,154834183,rs1218582,1,154986793,rs3820225,0.292
1,154834183,rs1218582,1,154987526,rs11264295,0.288
1,154834183,rs1218582,1,154988957,rs2242195,0.21
1,154834183,rs1218582,1,154989595,chr1_154989595_C_T,0.188
1,154834183,rs1218582,1,154990297,rs2242194,0.232
1,154834183,rs1218582,1,154992244,rs35659598,0.2
1,154834183,rs1218582,1,154992955,rs4845701,0.2
1,154834183,rs1218582,1,154993085,rs4845702,0.141
1,154834183,rs1218582,1,154993375,rs4845703,0.141
1,154834183,rs1218582,1,154993973,chr1_154993973_C_T,0.057
1,154834183,rs1218582,1,154994042,1:154994042:T:TAACAAC,0.136
1,154834183,rs1218582,1,154994265,rs6671688,0.287
1,154834183,rs1218582,1,154994750,rs11264296,0.288
1,154834183,rs1218582,1,154995503,chr1_154995503_C_T,0.286
1,154834183,rs1218582,1,154997674,chr1_154997674_A_T,0.263
1,154834183,rs1218582,1,154999514,rs10796936,0.263
1,154834183,rs1218582,1,155000370,rs60674412,0.261
1,154834183,rs1218582,1,155001004,rs12404174,0.261
1,154834183,rs1218582,1,155001929,rs10908452,0.263
1,154834183,rs1218582,1,155006091,rs10908453,0.25
1,154834183,rs1218582,1,155006451,rs76306191,0.052
1,154834183,rs1218582,1,155006999,rs6680600,0.246
1,154834183,rs1218582,1,155007293,rs4845404,0.245
1,154834183,rs1218582,1,155007302,rs4845405,0.246
1,154834183,rs1218582,1,155008318,rs4845704,0.246
1,154834183,rs1218582,1,155008610,rs4845406,0.087
1,154834183,rs1218582,1,155008973,rs11264297,0.255
1,154834183,rs1218582,1,155009258,chr1_155009258_A_G,0.246
1,154834183,rs1218582,1,155009527,rs35114146,0.104
1,154834183,rs1218582,1,155009871,rs6657129,0.247
1,154834183,rs1218582,1,155017385,rs10796937,0.089
1,154834183,rs1218582,1,155017432,chr1_155017432_A_G,0.086
1,154834183,rs1218582,1,155019710,rs11264300,0.242
1,154834183,rs1218582,1,155020836,rs11264301,0.241
1,154834183,rs1218582,1,155023634,rs78266397,0.055
1,154834183,rs1218582,1,155026942,chr1_155026942_A_C,0.098
1,154834183,rs1218582,1,155027694,rs138192299,0.143
1,154834183,rs1218582,1,155027763,rs10158328,0.142
1,154834183,rs1218582,1,155028522,rs11264302,0.142
1,154834183,rs1218582,1,155030557,chr1_155030557_A_C,0.139
1,154834183,rs1218582,1,155031376,rs12023499,0.052
1,154834183,rs1218582,1,155033317,rs11264304,0.054
1,154834183,rs1218582,1,155033572,rs11264305,0.053
1,154834183,rs1218582,1,155071167,rs12026113,0.05
1,154834183,rs1218582,1,155130798,rs4440846,0.052
1,154980351,rs56103503,1,154807018,rs1218547,0.052
1,154980351,rs56103503,1,154810548,rs34647098,0.074
1,154980351,rs56103503,1,154812059,rs57888493,0.14
1,154980351,rs56103503,1,154812280,chr1_154812280_C_T,0.113
1,154980351,rs56103503,1,154812400,rs34292822,0.115
1,154980351,rs56103503,1,154812630,rs12754189,0.114
1,154980351,rs56103503,1,154812943,rs36088503,0.064
1,154980351,rs56103503,1,154813584,rs11588763,0.118
1,154980351,rs56103503,1,154813619,rs6426985,0.107
1,154980351,rs56103503,1,154813988,rs34106427,0.118
1,154980351,rs56103503,1,154814045,rs6426986,0.119
1,154980351,rs56103503,1,154814268,rs6666258,0.118
1,154980351,rs56103503,1,154814353,rs13376333,0.118
1,154980351,rs56103503,1,154814538,rs6691463,0.121
1,154980351,rs56103503,1,154814785,rs6704241,0.145
1,154980351,rs56103503,1,154814812,rs13376345,0.145
1,154980351,rs56103503,1,154814917,rs6666891,0.144
1,154980351,rs56103503,1,154814992,rs6704449,0.146
1,154980351,rs56103503,1,154815044,rs6691945,0.146
1,154980351,rs56103503,1,154815051,rs6658392,0.147
1,154980351,rs56103503,1,154815257,rs6426987,0.146
1,154980351,rs56103503,1,154815320,rs6426988,0.147
1,154980351,rs56103503,1,154815366,rs883905,0.138
1,154980351,rs56103503,1,154817008,rs1218568,0.136
1,154980351,rs56103503,1,154817143,rs71586039,0.136
1,154980351,rs56103503,1,154817420,rs1218567,0.136
1,154980351,rs56103503,1,154817573,chr1_154817573_A_G,0.169
1,154980351,rs56103503,1,154817687,rs1218565,0.135
1,154980351,rs56103503,1,154818403,rs36004974,0.142
1,154980351,rs56103503,1,154819359,chr1_154819359_A_C,0.143
1,154980351,rs56103503,1,154819684,chr1_154819684_C_T,0.085
1,154980351,rs56103503,1,154822517,rs906597,0.083
1,154980351,rs56103503,1,154822551,rs906596,0.083
1,154980351,rs56103503,1,154822907,chr1_154822907_A_G,0.349
1,154980351,rs56103503,1,154823021,chr1_154823021_C_T,0.302
1,154980351,rs56103503,1,154823545,rs2878411,0.352
1,154980351,rs56103503,1,154824238,rs6682335,0.083
1,154980351,rs56103503,1,154824330,rs1218554,0.08
1,154980351,rs56103503,1,154824686,rs35319660,0.069
1,154980351,rs56103503,1,154824722,rs368240904,0.165
1,154980351,rs56103503,1,154824750,1:154824750:A:T,0.158
1,154980351,rs56103503,1,154824792,rs4845395,0.084
1,154980351,rs56103503,1,154824973,rs12084791,0.165
1,154980351,rs56103503,1,154825093,rs12058931,0.166
1,154980351,rs56103503,1,154825244,rs10908443,0.083
1,154980351,rs56103503,1,154825270,rs11264275,0.351
1,154980351,rs56103503,1,154825806,rs4845675,0.083
1,154980351,rs56103503,1,154826061,rs12044470,0.353
1,154980351,rs56103503,1,154826359,rs12045303,0.354
1,154980351,rs56103503,1,154827366,rs12729486,0.166
1,154980351,rs56103503,1,154827520,rs12089941,0.168
1,154980351,rs56103503,1,154827522,rs12089942,0.168
1,154980351,rs56103503,1,154827694,rs57512838,0.343
1,154980351,rs56103503,1,154827861,rs4845676,0.356
1,154980351,rs56103503,1,154828160,rs2878412,0.08
1,154980351,rs56103503,1,154828409,chr1_154828409_A_G,0.343
1,154980351,rs56103503,1,154828683,rs56382016,0.172
1,154980351,rs56103503,1,154830219,rs1218589,0.082
1,154980351,rs56103503,1,154831143,chr1_154831143_A_G,0.174
1,154980351,rs56103503,1,154831212,rs66459758,0.125
1,154980351,rs56103503,1,154831336,chr1_154831336_C_T,0.082
1,154980351,rs56103503,1,154831925,rs1218587,0.082
1,154980351,rs56103503,1,154832290,rs1061122,0.076
1,154980351,rs56103503,1,154832304,rs4845397,0.121
1,154980351,rs56103503,1,154832661,rs1218585,0.081
1,154980351,rs56103503,1,154833067,chr1_154833067_C_G,0.083
1,154980351,rs56103503,1,154834092,chr1_154834092_C_T,0.697
1,154980351,rs56103503,1,154834183,rs1218582,0.517
1,154980351,rs56103503,1,154834911,chr1_154834911_A_G,0.657
1,154980351,rs56103503,1,154837796,rs7553195,0.652
1,154980351,rs56103503,1,154838050,chr1_154838050_C_T,0.668
1,154980351,rs56103503,1,154839799,chr1_154839799_A_G,0.588
1,154980351,rs56103503,1,154840287,rs10908444,0.588
1,154980351,rs56103503,1,154840516,chr1_154840516_A_C,0.671
1,154980351,rs56103503,1,154843347,chr1_154843347_C_T,0.67
1,154980351,rs56103503,1,154844351,chr1_154844351_C_INDEL,0.671
1,154980351,rs56103503,1,154844585,rs7544528,0.672
1,154980351,rs56103503,1,154844853,rs72186934,0.549
1,154980351,rs56103503,1,154845484,chr1_154845484_G_T,0.589
1,154980351,rs56103503,1,154845534,rs11264278,0.262
1,154980351,rs56103503,1,154846274,rs883718,0.597
1,154980351,rs56103503,1,154849260,rs35629379,0.678
1,154980351,rs56103503,1,154849479,rs10796934,0.593
1,154980351,rs56103503,1,154849590,chr1_154849590_A_G,0.597
1,154980351,rs56103503,1,154849661,chr1_154849661_C_T,0.164
1,154980351,rs56103503,1,154849771,chr1_154849771_A_G,0.597
1,154980351,rs56103503,1,154850445,chr1_154850445_A_G,0.726
1,154980351,rs56103503,1,154852307,chr1_154852307_C_G,0.593
1,154980351,rs56103503,1,154853295,chr1_154853295_C_T,0.597
1,154980351,rs56103503,1,154857217,chr1_154857217_C_T,0.743
1,154980351,rs56103503,1,154859038,chr1_154859038_C_G,0.599
1,154980351,rs56103503,1,154859581,chr1_154859581_A_C,0.598
1,154980351,rs56103503,1,154859940,chr1_154859940_A_C,0.684
1,154980351,rs56103503,1,154861187,chr1_154861187_G_T,0.684
1,154980351,rs56103503,1,154862559,1:154862559:T:TCCCCCA,0.599
1,154980351,rs56103503,1,154862952,chr1_154862952_C_T,0.259
1,154980351,rs56103503,1,154863195,chr1_154863195_A_G,0.598
1,154980351,rs56103503,1,154865125,chr1_154865125_A_G,0.599
1,154980351,rs56103503,1,154866093,rs4845399,0.745
1,154980351,rs56103503,1,154867221,rs11264281,0.688
1,154980351,rs56103503,1,154867370,rs11264282,0.604
1,154980351,rs56103503,1,154868055,chr1_154868055_G_T,0.672
1,154980351,rs56103503,1,154869552,chr1_154869552_A_G,0.579
1,154980351,rs56103503,1,154869559,chr1_154869559_A_G,0.579
1,154980351,rs56103503,1,154869742,chr1_154869742_C_T,0.693
1,154980351,rs56103503,1,154871688,1:154871688:AATAAATAAAT:A,0.294
1,154980351,rs56103503,1,154871690,rs4297285,0.598
1,154980351,rs56103503,1,154871700,1:154871700:AAT:A,0.294
1,154980351,rs56103503,1,154872338,rs10581219,0.344
1,154980351,rs56103503,1,154872523,chr1_154872523_C_T,0.588
1,154980351,rs56103503,1,154874440,rs7528532,0.589
1,154980351,rs56103503,1,154875793,chr1_154875793_C_T,0.692
1,154980351,rs56103503,1,154876869,rs6656435,0.588
1,154980351,rs56103503,1,154877105,rs4845682,0.589
1,154980351,rs56103503,1,154877407,rs4845683,0.693
1,154980351,rs56103503,1,154877722,1:154877722:CT:C,0.395
1,154980351,rs56103503,1,154878300,chr1_154878300_A_C,0.588
1,154980351,rs56103503,1,154878845,rs35704440,0.673
1,154980351,rs56103503,1,154878876,rs9794000,0.591
1,154980351,rs56103503,1,154878878,rs9793588,0.59
1,154980351,rs56103503,1,154878911,rs4845687,0.589
1,154980351,rs56103503,1,154879743,rs1977879,0.59
1,154980351,rs56103503,1,154879788,rs1976559,0.59
1,154980351,rs56103503,1,154880386,chr1_154880386_A_G,0.767
1,154980351,rs56103503,1,154881461,chr1_154881461_C_T,0.692
1,154980351,rs56103503,1,154882544,chr1_154882544_C_T,0.588
1,154980351,rs56103503,1,154884142,rs4845688,0.589
1,154980351,rs56103503,1,154885255,chr1_154885255_A_G,0.588
1,154980351,rs56103503,1,154885524,chr1_154885524_A_G,0.588
1,154980351,rs56103503,1,154885779,rs4240874,0.587
1,154980351,rs56103503,1,154885782,chr1_154885782_A_G,0.588
1,154980351,rs56103503,1,154886817,chr1_154886817_C_T,0.588
1,154980351,rs56103503,1,154887949,chr1_154887949_A_G,0.588
1,154980351,rs56103503,1,154888348,rs59353081,0.589
1,154980351,rs56103503,1,154888962,rs4339857,0.589
1,154980351,rs56103503,1,154889485,rs1218592,0.1
1,154980351,rs56103503,1,154890005,rs59843925,0.598
1,154980351,rs56103503,1,154890227,chr1_154890227_C_T,0.692
1,154980351,rs56103503,1,154890311,rs4845692,0.589
1,154980351,rs56103503,1,154890661,rs12406380,0.589
1,154980351,rs56103503,1,154891363,rs10796935,0.589
1,154980351,rs56103503,1,154891469,rs147094429,0.694
1,154980351,rs56103503,1,154892339,rs113275210,0.584
1,154980351,rs56103503,1,154892753,chr1_154892753_C_G,0.693
1,154980351,rs56103503,1,154900721,chr1_154900721_C_T,0.254
1,154980351,rs56103503,1,154901250,rs71270468,0.252
1,154980351,rs56103503,1,154909268,chr1_154909268_A_G,0.595
1,154980351,rs56103503,1,154910012,chr1_154910012_C_T,0.596
1,154980351,rs56103503,1,154910930,rs58629129,0.762
1,154980351,rs56103503,1,154911257,rs4845693,0.601
1,154980351,rs56103503,1,154911651,chr1_154911651_C_G,0.595
1,154980351,rs56103503,1,154911689,chr1_154911689_A_G,0.774
1,154980351,rs56103503,1,154911798,chr1_154911798_A_G,0.76
1,154980351,rs56103503,1,154911922,rs4845696,0.596
1,154980351,rs56103503,1,154912017,rs12046459,0.594
1,154980351,rs56103503,1,154912300,rs11264290,0.597
1,154980351,rs56103503,1,154912409,rs59217610,0.535
1,154980351,rs56103503,1,154912968,chr1_154912968_A_T,0.596
1,154980351,rs56103503,1,154913021,rs6699043,0.596
1,154980351,rs56103503,1,154913404,chr1_154913404_C_G,0.595
1,154980351,rs56103503,1,154914797,chr1_154914797_C_T,0.597
1,154980351,rs56103503,1,154915977,chr1_154915977_A_G,0.595
1,154980351,rs56103503,1,154916068,rs2102423,0.596
1,154980351,rs56103503,1,154916106,chr1_154916106_A_G,0.698
1,154980351,rs56103503,1,154916992,rs11429731,0.738
1,154980351,rs56103503,1,154917314,chr1_154917314_A_G,0.599
1,154980351,rs56103503,1,154919080,chr1_154919080_C_T,0.604
1,154980351,rs56103503,1,154919565,rs3738026,0.602
1,154980351,rs56103503,1,154941593,chr1_154941593_C_G,0.813
1,154980351,rs56103503,1,154948327,rs12087657,0.323
1,154980351,rs56103503,1,154969646,rs6427111,0.112
1,154980351,rs56103503,1,154975068,1:154975068:TG:T,0.448
1,154980351,rs56103503,1,154977929,chr1_154977929_A_G,0.107
1,154980351,rs56103503,1,154980351,rs56103503,1
1,154980351,rs56103503,1,154981708,chr1_154981708_C_T,0.144
1,154980351,rs56103503,1,154983539,rs6686021,0.546
1,154980351,rs56103503,1,154984363,rs1870940,0.174
1,154980351,rs56103503,1,154986091,chr1_154986091_A_G,0.139
1,154980351,rs56103503,1,154986793,rs3820225,0.395
1,154980351,rs56103503,1,154987526,rs11264295,0.495
1,154980351,rs56103503,1,154988957,rs2242195,0.378
1,154980351,rs56103503,1,154989595,chr1_154989595_C_T,0.351
1,154980351,rs56103503,1,154989823,1:154989823:T:TGGGGGCAGTAGAGGGGGCAGTAGA,0.151
1,154980351,rs56103503,1,154990297,rs2242194,0.379
1,154980351,rs56103503,1,154991389,chr1_154991389_C_T,0.154
1,154980351,rs56103503,1,154992244,rs35659598,0.365
1,154980351,rs56103503,1,154992955,rs4845701,0.365
1,154980351,rs56103503,1,154993085,rs4845702,0.146
1,154980351,rs56103503,1,154993375,rs4845703,0.146
1,154980351,rs56103503,1,154993915,rs112439021,0.156
1,154980351,rs56103503,1,154993973,chr1_154993973_C_T,0.092
1,154980351,rs56103503,1,154994042,1:154994042:T:TAACAAC,0.144
1,154980351,rs56103503,1,154994265,rs6671688,0.492
1,154980351,rs56103503,1,154994750,rs11264296,0.493
1,154980351,rs56103503,1,154994978,rs76798800,0.158
1,154980351,rs56103503,1,154995503,chr1_154995503_C_T,0.49
1,154980351,rs56103503,1,154997674,chr1_154997674_A_T,0.348
1,154980351,rs56103503,1,154999514,rs10796936,0.348
1,154980351,rs56103503,1,155000370,rs60674412,0.345
1,154980351,rs56103503,1,155001004,rs12404174,0.345
1,154980351,rs56103503,1,155001929,rs10908452,0.341
1,154980351,rs56103503,1,155006091,rs10908453,0.331
1,154980351,rs56103503,1,155006450,chr1_155006450_A_C,0.103
1,154980351,rs56103503,1,155006451,rs76306191,0.106
1,154980351,rs56103503,1,155006999,rs6680600,0.327
1,154980351,rs56103503,1,155007293,rs4845404,0.326
1,154980351,rs56103503,1,155007302,rs4845405,0.327
1,154980351,rs56103503,1,155008318,rs4845704,0.327
1,154980351,rs56103503,1,155008610,rs4845406,0.083
1,154980351,rs56103503,1,155008973,rs11264297,0.34
1,154980351,rs56103503,1,155009258,chr1_155009258_A_G,0.33
1,154980351,rs56103503,1,155009527,rs35114146,0.099
1,154980351,rs56103503,1,155009871,rs6657129,0.328
1,154980351,rs56103503,1,155014426,chr1_155014426_A_G,0.101
1,154980351,rs56103503,1,155017432,chr1_155017432_A_G,0.116
1,154980351,rs56103503,1,155019710,rs11264300,0.325
1,154980351,rs56103503,1,155020836,rs11264301,0.322
1,154980351,rs56103503,1,155023634,rs78266397,0.066
1,154980351,rs56103503,1,155025361,rs2306125,0.084
1,154980351,rs56103503,1,155026114,rs6660884,0.07
1,154980351,rs56103503,1,155026942,chr1_155026942_A_C,0.079
1,154980351,rs56103503,1,155027694,rs138192299,0.187
1,154980351,rs56103503,1,155027763,rs10158328,0.193
1,154980351,rs56103503,1,155028522,rs11264302,0.192
1,154980351,rs56103503,1,155030557,chr1_155030557_A_C,0.187
1,154980351,rs56103503,1,155031376,rs12023499,0.06
1,154980351,rs56103503,1,155065627,chr1_155065627_C_T,0.088
1,154980351,rs56103503,1,155071167,rs12026113,0.088
1,154980351,rs56103503,1,155087083,rs7367758,0.087
1,154980351,rs56103503,1,155105882,chr1_155105882_G_T,0.1
1,154980351,rs56103503,1,155130798,rs4440846,0.1
1,154980351,rs56103503,1,155198771,rs112270735,0.056
1,154980351,rs56103503,1,155199315,rs12407919,0.062
1,154980351,rs56103503,1,155199666,rs11264343,0.056
1,154980351,rs56103503,1,155200324,rs12723761,0.057
1,154980351,rs56103503,1,155201064,chr1_155201064_C_T,0.055
1,154980351,rs56103503,1,155201190,rs4043,0.056
1,154980351,rs56103503,1,155201235,rs1045253,0.056
1,154980351,rs56103503,1,155201993,rs28595322,0.056
1,154980351,rs56103503,1,155202689,rs10796940,0.056
1,154980351,rs56103503,1,155203060,rs56310840,0.059
1,154980351,rs56103503,1,155205331,rs28373017,0.056
1,154980351,rs56103503,1,155206341,rs9628662,0.056
1,154980351,rs56103503,1,155206822,rs35033592,0.063
1,154980351,rs56103503,1,155207549,rs762488,0.056
1,154980351,rs56103503,1,155207626,rs2009578,0.055
1,154980351,rs56103503,1,155208647,rs7416991,0.055
1,154980351,rs56103503,1,155208647,rs7416991,0.055
1,154980351,rs56103503,1,155209360,rs2075569,0.055
1,154980351,rs56103503,1,155212100,rs1800442,0.056
1,154980351,rs56103503,1,155212211,rs3754485,0.056
1,154980351,rs56103503,1,155212288,rs1800438,0.056
1,154980351,rs56103503,1,155213124,rs11264345,0.056
1,154980351,rs56103503,1,155214066,rs10908459,0.053
1,154980351,rs56103503,1,155214473,rs12034326,0.055
1,154980351,rs56103503,1,155326319,rs142915277,0.053
1,154987704,rs141845046,1,154811324,rs12131447,0.078
1,154987704,rs141845046,1,154811420,rs12139030,0.08
1,154987704,rs141845046,1,154811573,rs1218575,0.08
1,154987704,rs141845046,1,154811677,rs1218574,0.061
1,154987704,rs141845046,1,154813493,rs141112969,0.064
1,154987704,rs141845046,1,154816174,rs76102976,0.066
1,154987704,rs141845046,1,154836444,chr1_154836444_A_C,0.473
1,154987704,rs141845046,1,154845534,rs11264278,0.054
1,154987704,rs141845046,1,154862952,chr1_154862952_C_T,0.053
1,154987704,rs141845046,1,154868744,chr1_154868744_C_T,0.619
1,154987704,rs141845046,1,154889053,chr1_154889053_C_T,0.619
1,154987704,rs141845046,1,154900721,chr1_154900721_C_T,0.055
1,154987704,rs141845046,1,154905310,rs116448674,0.621
1,154987704,rs141845046,1,154984363,rs1870940,0.078
1,154987704,rs141845046,1,154986091,chr1_154986091_A_G,0.087
1,154987704,rs141845046,1,154987704,rs141845046,1
1,154987704,rs141845046,1,154988533,rs77548871,0.562
1,154987704,rs141845046,1,154989823,1:154989823:T:TGGGGGCAGTAGAGGGGGCAGTAGA,0.078
1,154987704,rs141845046,1,154991389,chr1_154991389_C_T,0.079
1,154987704,rs141845046,1,154993915,rs112439021,0.08
1,154987704,rs141845046,1,154994978,rs76798800,0.08
1,154987704,rs141845046,1,155006450,chr1_155006450_A_C,0.107
1,154987704,rs141845046,1,155006451,rs76306191,0.108
1,154987704,rs141845046,1,155014426,chr1_155014426_A_G,0.107
1,154987704,rs141845046,1,155089011,chr1_155089011_C_G,0.309
