CHR_A,BP_A,SNP_A,CHR_B,BP_B,SNP_B,R2
19,51345568,rs2659051,19,51335049,chr19_51335049_A_T,0.093
19,51345568,rs2659051,19,51335071,rs60259628,0.121
19,51345568,rs2659051,19,51335943,chr19_51335943_C_T,0.065
19,51345568,rs2659051,19,51339173,rs2739442,0.086
19,51345568,rs2659051,19,51339207,chr19_51339207_C_T,0.086
19,51345568,rs2659051,19,51341455,rs2569748,0.119
19,51345568,rs2659051,19,51341672,chr19_51341672_A_T,0.121
19,51345568,rs2659051,19,51342752,rs71355181,0.074
19,51345568,rs2659051,19,51342875,rs2569752,0.089
19,51345568,rs2659051,19,51343132,rs11667223,0.075
19,51345568,rs2659051,19,51345264,chr19_51345264_C_T,0.388
19,51345568,rs2659051,19,51345568,rs2659051,1
19,51345568,rs2659051,19,51345821,rs2569729,0.06
19,51345568,rs2659051,19,51346081,rs266848,0.311
19,51345568,rs2659051,19,51346522,rs56397626,0.408
19,51345568,rs2659051,19,51348229,rs4802751,0.21
19,51345568,rs2659051,19,51348297,rs4802752,0.251
19,51345568,rs2659051,19,51348572,rs4801855,0.208
19,51345568,rs2659051,19,51348711,rs4239492,0.208
19,51345568,rs2659051,19,51349090,rs266849,0.753
19,51345568,rs2659051,19,51349288,rs11878415,0.251
19,51345568,rs2659051,19,51349602,rs11084032,0.209
19,51345568,rs2659051,19,51349716,rs10445554,0.209
19,51345568,rs2659051,19,51350740,rs2411332,0.179
19,51345568,rs2659051,19,51350791,rs7251465,0.408
19,51345568,rs2659051,19,51350880,chr19_51350880_A_T,0.208
19,51345568,rs2659051,19,51350932,rs60852173,0.06
19,51345568,rs2659051,19,51351233,rs200343323,0.216
19,51345568,rs2659051,19,51351298,rs2659048,0.06
19,51345568,rs2659051,19,51351488,rs266871,0.065
19,51345568,rs2659051,19,51351934,chr19_51351934_C_T,0.178
19,51345568,rs2659051,19,51352080,chr19_51352080_A_G,0.076
19,51345568,rs2659051,19,51352503,chr19_51352503_A_T,0.074
19,51345568,rs2659051,19,51352815,rs2569733,0.073
19,51345568,rs2659051,19,51352831,chr19_51352831_C_T,0.072
19,51345568,rs2659051,19,51353027,rs266867,0.173
19,51345568,rs2659051,19,51353402,chr19_51353402_C_G,0.164
19,51345568,rs2659051,19,51353900,rs34793605,0.054
19,51345568,rs2659051,19,51354397,rs11665748,0.147
19,51345568,rs2659051,19,51354411,rs11665698,0.117
19,51345568,rs2659051,19,51354597,chr19_51354597_A_T,0.53
19,51345568,rs2659051,19,51354652,rs112786111,0.245
19,51345568,rs2659051,19,51355339,rs3760719,0.093
19,51345568,rs2659051,19,51355650,rs266863,0.216
19,51345568,rs2659051,19,51356165,chr19_51356165_C_T,0.543
19,51345568,rs2659051,19,51356237,19:51356237:CTTTT:C,0.076
19,51345568,rs2659051,19,51356800,rs266859,0.543
19,51345568,rs2659051,19,51357087,rs2739450,0.203
19,51345568,rs2659051,19,51357271,rs2739451,0.129
19,51345568,rs2659051,19,51358013,rs266882,0.202
19,51345568,rs2659051,19,51358333,rs266881,0.183
19,51345568,rs2659051,19,51358471,rs266880,0.183
19,51345568,rs2659051,19,51358638,rs266879,0.121
19,51345568,rs2659051,19,51359114,rs266878,0.529
19,51345568,rs2659051,19,51359453,chr19_51359453_A_G,0.054
19,51345568,rs2659051,19,51359852,chr19_51359852_C_T,0.522
19,51345568,rs2659051,19,51360768,rs266877,0.166
19,51345568,rs2659051,19,51360818,chr19_51360818_C_T,0.395
19,51345568,rs2659051,19,51360840,rs62113212,0.134
19,51345568,rs2659051,19,51361315,rs12946,0.112
19,51345568,rs2659051,19,51361472,rs2003783,0.05
19,51345568,rs2659051,19,51361644,chr19_51361644_C_T,0.144
19,51345568,rs2659051,19,51361757,rs17632542,0.131
19,51345568,rs2659051,19,51361996,rs34750956,0.134
19,51345568,rs2659051,19,51362304,rs11084034,0.053
19,51345568,rs2659051,19,51362537,rs62113214,0.132
19,51345568,rs2659051,19,51362585,rs62113215,0.126
19,51345568,rs2659051,19,51362715,rs76765083,0.132
19,51345568,rs2659051,19,51362716,rs66592214,0.05
19,51345568,rs2659051,19,51362803,rs35192866,0.051
19,51345568,rs2659051,19,51362955,rs45588133,0.05
19,51345568,rs2659051,19,51363026,rs2659122,0.397
19,51345568,rs2659051,19,51363398,rs1058205,0.315
19,51345568,rs2659051,19,51363448,rs1058274,0.094
19,51345568,rs2659051,19,51363661,chr19_51363661_A_G,0.052
19,51345568,rs2659051,19,51364200,rs73052441,0.097
19,51345568,rs2659051,19,51364240,chr19_51364240_C_T,0.111
19,51345568,rs2659051,19,51364269,chr19_51364269_A_G,0.209
19,51345568,rs2659051,19,51364380,rs8104556,0.051
19,51345568,rs2659051,19,51364623,rs2735839,0.209
19,51345568,rs2659051,19,51364803,rs62113216,0.075
19,51345568,rs2659051,19,51364867,rs55887816,0.052
19,51345568,rs2659051,19,51365061,rs55788344,0.094
19,51345568,rs2659051,19,51365440,rs111362352,0.129
19,51345568,rs2659051,19,51365466,rs2735837,0.203
19,51345568,rs2659051,19,51367667,rs58823125,0.078
19,51345568,rs2659051,19,51367782,rs61548536,0.078
19,51345568,rs2659051,19,51368747,rs10414334,0.078
19,51345568,rs2659051,19,51368974,rs10419683,0.078
19,51345568,rs2659051,19,51369753,rs10422030,0.078
19,51345568,rs2659051,19,51371375,rs10409302,0.078
19,51345568,rs2659051,19,51374729,rs77235064,0.076
19,51345568,rs2659051,19,51375716,rs3760731,0.076
19,51345821,rs2569729,19,51334890,rs3745523,0.12
19,51345821,rs2569729,19,51335245,rs2659057,0.078
19,51345821,rs2569729,19,51335790,rs56990700,0.067
19,51345821,rs2569729,19,51335793,19:51335793:G:GAC,0.067
19,51345821,rs2569729,19,51335794,19:51335794:G:C,0.067
19,51345821,rs2569729,19,51335797,19:51335797:T:TAG,0.067
19,51345821,rs2569729,19,51335800,rs201710201,0.067
19,51345821,rs2569729,19,51337232,rs2659055,0.063
19,51345821,rs2569729,19,51337392,chr19_51337392_C_T,0.063
19,51345821,rs2569729,19,51337532,rs3077971,0.121
19,51345821,rs2569729,19,51337595,rs266852,0.135
19,51345821,rs2569729,19,51337818,rs266854,0.136
19,51345821,rs2569729,19,51338384,chr19_51338384_A_G,0.136
19,51345821,rs2569729,19,51340794,chr19_51340794_C_T,0.066
19,51345821,rs2569729,19,51340915,chr19_51340915_A_T,0.114
19,51345821,rs2569729,19,51341063,chr19_51341063_A_G,0.115
19,51345821,rs2569729,19,51341455,rs2569748,0.07
19,51345821,rs2569729,19,51341672,chr19_51341672_A_T,0.073
19,51345821,rs2569729,19,51342752,rs71355181,0.058
19,51345821,rs2569729,19,51342875,rs2569752,0.482
19,51345821,rs2569729,19,51343132,rs11667223,0.057
19,51345821,rs2569729,19,51343737,rs2659052,0.147
19,51345821,rs2569729,19,51343805,rs12984286,0.088
19,51345821,rs2569729,19,51344178,rs2569753,0.151
19,51345821,rs2569729,19,51344483,rs34575650,0.089
19,51345821,rs2569729,19,51345568,rs2659051,0.06
19,51345821,rs2569729,19,51345821,rs2569729,1
19,51345821,rs2569729,19,51348229,rs4802751,0.256
19,51345821,rs2569729,19,51348297,rs4802752,0.213
19,51345821,rs2569729,19,51348572,rs4801855,0.26
19,51345821,rs2569729,19,51348711,rs4239492,0.26
19,51345821,rs2569729,19,51349090,rs266849,0.053
19,51345821,rs2569729,19,51349288,rs11878415,0.213
19,51345821,rs2569729,19,51349484,rs34616703,0.356
19,51345821,rs2569729,19,51349602,rs11084032,0.26
19,51345821,rs2569729,19,51349716,rs10445554,0.26
19,51345821,rs2569729,19,51350740,rs2411332,0.231
19,51345821,rs2569729,19,51350880,chr19_51350880_A_T,0.26
19,51345821,rs2569729,19,51350932,rs60852173,0.621
19,51345821,rs2569729,19,51351082,rs266873,0.928
19,51345821,rs2569729,19,51351117,rs266872,0.928
19,51345821,rs2569729,19,51351233,rs200343323,0.259
19,51345821,rs2569729,19,51351298,rs2659048,0.971
19,51345821,rs2569729,19,51351488,rs266871,0.62
19,51345821,rs2569729,19,51351934,chr19_51351934_C_T,0.23
19,51345821,rs2569729,19,51352080,chr19_51352080_A_G,0.068
19,51345821,rs2569729,19,51352503,chr19_51352503_A_T,0.067
19,51345821,rs2569729,19,51352815,rs2569733,0.066
19,51345821,rs2569729,19,51352831,chr19_51352831_C_T,0.066
19,51345821,rs2569729,19,51352937,rs266868,0.084
19,51345821,rs2569729,19,51353601,chr19_51353601_C_T,0.06
19,51345821,rs2569729,19,51353900,rs34793605,0.142
19,51345821,rs2569729,19,51353955,chr19_51353955_A_C,0.06
19,51345821,rs2569729,19,51354326,rs266864,0.574
19,51345821,rs2569729,19,51354397,rs11665748,0.387
19,51345821,rs2569729,19,51354411,rs11665698,0.407
19,51345821,rs2569729,19,51354986,rs62113210,0.092
19,51345821,rs2569729,19,51355650,rs266863,0.197
19,51345821,rs2569729,19,51356062,rs3760720,0.078
19,51345821,rs2569729,19,51356107,chr19_51356107_A_G,0.052
19,51345821,rs2569729,19,51356165,chr19_51356165_C_T,0.056
19,51345821,rs2569729,19,51356237,19:51356237:CTTTT:C,0.09
19,51345821,rs2569729,19,51356800,rs266859,0.055
19,51345821,rs2569729,19,51357087,rs2739450,0.202
19,51345821,rs2569729,19,51357167,rs186855811,0.091
19,51345821,rs2569729,19,51357271,rs2739451,0.206
19,51345821,rs2569729,19,51357504,rs3760721,0.079
19,51345821,rs2569729,19,51357920,chr19_51357920_A_G,0.078
19,51345821,rs2569729,19,51357965,rs11575894,0.078
19,51345821,rs2569729,19,51358013,rs266882,0.202
19,51345821,rs2569729,19,51358333,rs266881,0.131
19,51345821,rs2569729,19,51358394,rs2292186,0.079
19,51345821,rs2569729,19,51358471,rs266880,0.132
19,51345821,rs2569729,19,51358629,chr19_51358629_C_T,0.073
19,51345821,rs2569729,19,51358638,rs266879,0.203
19,51345821,rs2569729,19,51358688,rs2292185,0.107
19,51345821,rs2569729,19,51359453,chr19_51359453_A_G,0.087
19,51345821,rs2569729,19,51359497,rs11573,0.126
19,51345821,rs2569729,19,51359503,rs1135766,0.126
19,51345821,rs2569729,19,51360087,rs1061476,0.102
19,51345821,rs2569729,19,51360096,rs1061477,0.104
19,51345821,rs2569729,19,51360351,rs3180017,0.102
19,51345821,rs2569729,19,51360418,19:51360418:C:CAA,0.097
19,51345821,rs2569729,19,51361937,rs266875,0.148
19,51345821,rs2569729,19,51362304,rs11084034,0.091
19,51345821,rs2569729,19,51362585,rs62113215,0.175
19,51345821,rs2569729,19,51363448,rs1058274,0.248
19,51345821,rs2569729,19,51363661,chr19_51363661_A_G,0.09
19,51345821,rs2569729,19,51364240,chr19_51364240_C_T,0.181
19,51345821,rs2569729,19,51364380,rs8104556,0.659
19,51345821,rs2569729,19,51364867,rs55887816,0.663
19,51345821,rs2569729,19,51365061,rs55788344,0.248
19,51345821,rs2569729,19,51365545,rs62113217,0.111
19,51345821,rs2569729,19,51365952,chr19_51365952_A_G,0.095
19,51345821,rs2569729,19,51366222,chr19_51366222_A_T,0.087
19,51345821,rs2569729,19,51366344,rs78441352,0.631
19,51345821,rs2569729,19,51366373,rs77051587,0.633
19,51345821,rs2569729,19,51366496,rs62113221,0.087
19,51345821,rs2569729,19,51366539,rs10221544,0.152
19,51345821,rs2569729,19,51366794,rs62113222,0.087
19,51345821,rs2569729,19,51366876,rs117152153,0.087
19,51345821,rs2569729,19,51366909,rs56351139,0.629
19,51345821,rs2569729,19,51367054,rs62113223,0.087
19,51345821,rs2569729,19,51367112,19:51367112:C:CT,0.057
19,51345821,rs2569729,19,51367130,rs62113224,0.087
19,51345821,rs2569729,19,51367281,rs2739456,0.222
19,51345821,rs2569729,19,51367285,rs182899077,0.087
19,51345821,rs2569729,19,51367386,rs111731525,0.086
19,51345821,rs2569729,19,51367714,19:51367714:GT:G,0.083
19,51345821,rs2569729,19,51368103,rs2739458,0.499
19,51345821,rs2569729,19,51368188,rs117005051,0.086
19,51345821,rs2569729,19,51368504,rs4141856,0.145
19,51345821,rs2569729,19,51368733,rs6509500,0.492
19,51345821,rs2569729,19,51369074,chr19_51369074_A_G,0.125
19,51345821,rs2569729,19,51369120,chr19_51369120_A_T,0.105
19,51345821,rs2569729,19,51369451,rs2739461,0.125
19,51345821,rs2569729,19,51369587,rs2569737,0.145
19,51345821,rs2569729,19,51369624,rs2739462,0.125
19,51345821,rs2569729,19,51369840,rs2569738,0.1
19,51345821,rs2569729,19,51369848,rs2739464,0.125
19,51345821,rs2569729,19,51370252,rs2739466,0.125
19,51345821,rs2569729,19,51370436,19:51370436:C:CA,0.055
19,51345821,rs2569729,19,51370543,rs2739468,0.145
19,51345821,rs2569729,19,51370593,rs2739469,0.125
19,51345821,rs2569729,19,51370878,rs2739470,0.112
19,51345821,rs2569729,19,51371419,rs1506684,0.124
19,51345821,rs2569729,19,51372261,chr19_51372261_A_G,0.055
19,51345821,rs2569729,19,51372395,chr19_51372395_C_T,0.124
19,51345821,rs2569729,19,51372797,chr19_51372797_C_T,0.124
19,51345821,rs2569729,19,51373190,chr19_51373190_C_T,0.124
19,51345821,rs2569729,19,51373279,chr19_51373279_C_T,0.144
19,51345821,rs2569729,19,51373385,rs2739473,0.124
19,51345821,rs2569729,19,51373429,rs62113228,0.086
19,51345821,rs2569729,19,51373626,rs2739475,0.124
19,51345821,rs2569729,19,51373818,chr19_51373818_A_G,0.122
19,51345821,rs2569729,19,51374097,rs2569741,0.092
19,51345821,rs2569729,19,51374191,rs2739477,0.091
19,51345821,rs2569729,19,51374225,rs2569742,0.124
19,51345821,rs2569729,19,51374237,rs2569743,0.091
19,51345821,rs2569729,19,51374331,rs2569744,0.091
19,51345821,rs2569729,19,51374592,rs3760728,0.09
19,51345821,rs2569729,19,51374641,rs2739478,0.055
19,51345821,rs2569729,19,51374647,rs3760730,0.091
19,51345821,rs2569729,19,51374738,rs79178205,0.072
19,51345821,rs2569729,19,51374748,rs79473488,0.072
19,51345821,rs2569729,19,51374807,rs75759612,0.072
19,51345821,rs2569729,19,51374967,rs10424878,0.143
19,51345821,rs2569729,19,51375079,rs36008719,0.089
19,51345821,rs2569729,19,51375100,rs12984666,0.091
19,51345821,rs2569729,19,51375145,chr19_51375145_A_G,0.09
19,51345821,rs2569729,19,51375526,rs62115062,0.09
19,51345821,rs2569729,19,51375603,rs7260115,0.062
19,51345821,rs2569729,19,51376092,rs11084038,0.09
19,51345821,rs2569729,19,51376219,rs11084039,0.09
19,51345821,rs2569729,19,51376489,chr19_51376489_A_G,0.09
19,51345821,rs2569729,19,51377030,chr19_51377030_A_G,0.158
19,51345821,rs2569729,19,51377163,chr19_51377163_C_T,0.479
19,51345821,rs2569729,19,51377267,chr19_51377267_C_T,0.068
19,51354326,rs266864,19,51334890,rs3745523,0.122
19,51354326,rs266864,19,51335245,rs2659057,0.079
19,51354326,rs266864,19,51335790,rs56990700,0.068
19,51354326,rs266864,19,51335793,19:51335793:G:GAC,0.068
19,51354326,rs266864,19,51335794,19:51335794:G:C,0.068
19,51354326,rs266864,19,51335797,19:51335797:T:TAG,0.068
19,51354326,rs266864,19,51335800,rs201710201,0.068
19,51354326,rs266864,19,51337232,rs2659055,0.07
19,51354326,rs266864,19,51337392,chr19_51337392_C_T,0.07
19,51354326,rs266864,19,51337532,rs3077971,0.12
19,51354326,rs266864,19,51337595,rs266852,0.135
19,51354326,rs266864,19,51337818,rs266854,0.135
19,51354326,rs266864,19,51338384,chr19_51338384_A_G,0.136
19,51354326,rs266864,19,51340915,chr19_51340915_A_T,0.111
19,51354326,rs266864,19,51341063,chr19_51341063_A_G,0.112
19,51354326,rs266864,19,51341455,rs2569748,0.066
19,51354326,rs266864,19,51341672,chr19_51341672_A_T,0.069
19,51354326,rs266864,19,51342752,rs71355181,0.059
19,51354326,rs266864,19,51342875,rs2569752,0.25
19,51354326,rs266864,19,51343132,rs11667223,0.058
19,51354326,rs266864,19,51343805,rs12984286,0.09
19,51354326,rs266864,19,51344483,rs34575650,0.091
19,51354326,rs266864,19,51345821,rs2569729,0.574
19,51354326,rs266864,19,51348229,rs4802751,0.262
19,51354326,rs266864,19,51348297,rs4802752,0.217
19,51354326,rs266864,19,51348572,rs4801855,0.265
19,51354326,rs266864,19,51348711,rs4239492,0.265
19,51354326,rs266864,19,51349288,rs11878415,0.216
19,51354326,rs266864,19,51349484,rs34616703,0.184
19,51354326,rs266864,19,51349602,rs11084032,0.265
19,51354326,rs266864,19,51349716,rs10445554,0.265
19,51354326,rs266864,19,51350740,rs2411332,0.235
19,51354326,rs266864,19,51350880,chr19_51350880_A_T,0.265
19,51354326,rs266864,19,51350932,rs60852173,0.355
19,51354326,rs266864,19,51351082,rs266873,0.571
19,51354326,rs266864,19,51351117,rs266872,0.571
19,51354326,rs266864,19,51351233,rs200343323,0.264
19,51354326,rs266864,19,51351298,rs2659048,0.603
19,51354326,rs266864,19,51351488,rs266871,0.362
19,51354326,rs266864,19,51351934,chr19_51351934_C_T,0.235
19,51354326,rs266864,19,51352080,chr19_51352080_A_G,0.067
19,51354326,rs266864,19,51352503,chr19_51352503_A_T,0.07
19,51354326,rs266864,19,51352815,rs2569733,0.071
19,51354326,rs266864,19,51352831,chr19_51352831_C_T,0.071
19,51354326,rs266864,19,51352937,rs266868,0.104
19,51354326,rs266864,19,51353601,chr19_51353601_C_T,0.069
19,51354326,rs266864,19,51353900,rs34793605,0.19
19,51354326,rs266864,19,51353955,chr19_51353955_A_C,0.069
19,51354326,rs266864,19,51354326,rs266864,1
19,51354326,rs266864,19,51354397,rs11665748,0.495
19,51354326,rs266864,19,51354411,rs11665698,0.521
19,51354326,rs266864,19,51355339,rs3760719,0.125
19,51354326,rs266864,19,51355650,rs266863,0.378
19,51354326,rs266864,19,51356062,rs3760720,0.091
19,51354326,rs266864,19,51356107,chr19_51356107_A_G,0.071
19,51354326,rs266864,19,51357087,rs2739450,0.098
19,51354326,rs266864,19,51357271,rs2739451,0.186
19,51354326,rs266864,19,51357504,rs3760721,0.093
19,51354326,rs266864,19,51357920,chr19_51357920_A_G,0.093
19,51354326,rs266864,19,51357965,rs11575894,0.093
19,51354326,rs266864,19,51358013,rs266882,0.099
19,51354326,rs266864,19,51358333,rs266881,0.111
19,51354326,rs266864,19,51358394,rs2292186,0.093
19,51354326,rs266864,19,51358471,rs266880,0.112
19,51354326,rs266864,19,51358629,chr19_51358629_C_T,0.099
19,51354326,rs266864,19,51358638,rs266879,0.199
19,51354326,rs266864,19,51358688,rs2292185,0.149
19,51354326,rs266864,19,51359453,chr19_51359453_A_G,0.115
19,51354326,rs266864,19,51359497,rs11573,0.172
19,51354326,rs266864,19,51359503,rs1135766,0.172
19,51354326,rs266864,19,51360087,rs1061476,0.24
19,51354326,rs266864,19,51360096,rs1061477,0.243
19,51354326,rs266864,19,51360351,rs3180017,0.24
19,51354326,rs266864,19,51360418,19:51360418:C:CAA,0.175
19,51354326,rs266864,19,51360768,rs266877,0.104
19,51354326,rs266864,19,51361644,chr19_51361644_C_T,0.077
19,51354326,rs266864,19,51361937,rs266875,0.163
19,51354326,rs266864,19,51362304,rs11084034,0.103
19,51354326,rs266864,19,51362585,rs62113215,0.169
19,51354326,rs266864,19,51363448,rs1058274,0.23
19,51354326,rs266864,19,51363661,chr19_51363661_A_G,0.101
19,51354326,rs266864,19,51364240,chr19_51364240_C_T,0.204
19,51354326,rs266864,19,51364380,rs8104556,0.642
19,51354326,rs266864,19,51364867,rs55887816,0.646
19,51354326,rs266864,19,51365061,rs55788344,0.23
19,51354326,rs266864,19,51365356,rs149682597,0.083
19,51354326,rs266864,19,51365952,chr19_51365952_A_G,0.072
19,51354326,rs266864,19,51366344,rs78441352,0.616
19,51354326,rs266864,19,51366373,rs77051587,0.618
19,51354326,rs266864,19,51366539,rs10221544,0.062
19,51354326,rs266864,19,51366909,rs56351139,0.615
19,51354326,rs266864,19,51367112,19:51367112:C:CT,0.065
19,51354326,rs266864,19,51367281,rs2739456,0.117
19,51354326,rs266864,19,51368103,rs2739458,0.734
19,51354326,rs266864,19,51368504,rs4141856,0.239
19,51354326,rs266864,19,51368733,rs6509500,0.726
19,51354326,rs266864,19,51369074,chr19_51369074_A_G,0.209
19,51354326,rs266864,19,51369120,chr19_51369120_A_T,0.174
19,51354326,rs266864,19,51369451,rs2739461,0.209
19,51354326,rs266864,19,51369587,rs2569737,0.238
19,51354326,rs266864,19,51369624,rs2739462,0.209
19,51354326,rs266864,19,51369840,rs2569738,0.115
19,51354326,rs266864,19,51369848,rs2739464,0.209
19,51354326,rs266864,19,51370252,rs2739466,0.209
19,51354326,rs266864,19,51370436,19:51370436:C:CA,0.065
19,51354326,rs266864,19,51370543,rs2739468,0.238
19,51354326,rs266864,19,51370593,rs2739469,0.209
19,51354326,rs266864,19,51370878,rs2739470,0.191
19,51354326,rs266864,19,51371419,rs1506684,0.209
19,51354326,rs266864,19,51372261,chr19_51372261_A_G,0.064
19,51354326,rs266864,19,51372395,chr19_51372395_C_T,0.209
19,51354326,rs266864,19,51372797,chr19_51372797_C_T,0.209
19,51354326,rs266864,19,51373190,chr19_51373190_C_T,0.209
19,51354326,rs266864,19,51373279,chr19_51373279_C_T,0.238
19,51354326,rs266864,19,51373385,rs2739473,0.209
19,51354326,rs266864,19,51373626,rs2739475,0.209
19,51354326,rs266864,19,51373818,chr19_51373818_A_G,0.206
19,51354326,rs266864,19,51374097,rs2569741,0.117
19,51354326,rs266864,19,51374191,rs2739477,0.116
19,51354326,rs266864,19,51374225,rs2569742,0.208
19,51354326,rs266864,19,51374237,rs2569743,0.116
19,51354326,rs266864,19,51374331,rs2569744,0.116
19,51354326,rs266864,19,51374592,rs3760728,0.115
19,51354326,rs266864,19,51374641,rs2739478,0.064
19,51354326,rs266864,19,51374647,rs3760730,0.116
19,51354326,rs266864,19,51374967,rs10424878,0.236
19,51354326,rs266864,19,51375079,rs36008719,0.113
19,51354326,rs266864,19,51375100,rs12984666,0.115
19,51354326,rs266864,19,51375145,chr19_51375145_A_G,0.114
19,51354326,rs266864,19,51375526,rs62115062,0.115
19,51354326,rs266864,19,51375603,rs7260115,0.141
19,51354326,rs266864,19,51376092,rs11084038,0.115
19,51354326,rs266864,19,51376219,rs11084039,0.115
19,51354326,rs266864,19,51376489,chr19_51376489_A_G,0.115
19,51354326,rs266864,19,51377030,chr19_51377030_A_G,0.14
19,51354326,rs266864,19,51377163,chr19_51377163_C_T,0.707
19,51354397,rs11665748,19,51334890,rs3745523,0.05
19,51354397,rs11665748,19,51335943,chr19_51335943_C_T,0.097
19,51354397,rs11665748,19,51337595,rs266852,0.054
19,51354397,rs11665748,19,51337818,rs266854,0.054
19,51354397,rs11665748,19,51338384,chr19_51338384_A_G,0.055
19,51354397,rs11665748,19,51340794,chr19_51340794_C_T,0.098
19,51354397,rs11665748,19,51341006,rs35711205,0.061
19,51354397,rs11665748,19,51341445,rs62113173,0.088
19,51354397,rs11665748,19,51342752,rs71355181,0.125
19,51354397,rs11665748,19,51342875,rs2569752,0.673
19,51354397,rs11665748,19,51343132,rs11667223,0.126
19,51354397,rs11665748,19,51343737,rs2659052,0.154
19,51354397,rs11665748,19,51343805,rs12984286,0.174
19,51354397,rs11665748,19,51344178,rs2569753,0.157
19,51354397,rs11665748,19,51344483,rs34575650,0.175
19,51354397,rs11665748,19,51345264,chr19_51345264_C_T,0.207
19,51354397,rs11665748,19,51345568,rs2659051,0.147
19,51354397,rs11665748,19,51345821,rs2569729,0.387
19,51354397,rs11665748,19,51346522,rs56397626,0.202
19,51354397,rs11665748,19,51348229,rs4802751,0.533
19,51354397,rs11665748,19,51348297,rs4802752,0.439
19,51354397,rs11665748,19,51348572,rs4801855,0.535
19,51354397,rs11665748,19,51348711,rs4239492,0.535
19,51354397,rs11665748,19,51349090,rs266849,0.186
19,51354397,rs11665748,19,51349288,rs11878415,0.439
19,51354397,rs11665748,19,51349484,rs34616703,0.513
19,51354397,rs11665748,19,51349602,rs11084032,0.536
19,51354397,rs11665748,19,51349716,rs10445554,0.536
19,51354397,rs11665748,19,51350740,rs2411332,0.474
19,51354397,rs11665748,19,51350791,rs7251465,0.204
19,51354397,rs11665748,19,51350880,chr19_51350880_A_T,0.536
19,51354397,rs11665748,19,51350932,rs60852173,0.204
19,51354397,rs11665748,19,51351082,rs266873,0.374
19,51354397,rs11665748,19,51351117,rs266872,0.374
19,51354397,rs11665748,19,51351233,rs200343323,0.534
19,51354397,rs11665748,19,51351298,rs2659048,0.402
19,51354397,rs11665748,19,51351488,rs266871,0.202
19,51354397,rs11665748,19,51351934,chr19_51351934_C_T,0.474
19,51354397,rs11665748,19,51352080,chr19_51352080_A_G,0.142
19,51354397,rs11665748,19,51352503,chr19_51352503_A_T,0.145
19,51354397,rs11665748,19,51352815,rs2569733,0.147
19,51354397,rs11665748,19,51352831,chr19_51352831_C_T,0.147
19,51354397,rs11665748,19,51352937,rs266868,0.163
19,51354397,rs11665748,19,51353601,chr19_51353601_C_T,0.141
19,51354397,rs11665748,19,51353955,chr19_51353955_A_C,0.142
19,51354397,rs11665748,19,51354326,rs266864,0.495
19,51354397,rs11665748,19,51354397,rs11665748,1
19,51354397,rs11665748,19,51354411,rs11665698,0.949
19,51354397,rs11665748,19,51354597,chr19_51354597_A_T,0.324
19,51354397,rs11665748,19,51354652,rs112786111,0.134
19,51354397,rs11665748,19,51355339,rs3760719,0.167
19,51354397,rs11665748,19,51355650,rs266863,0.541
19,51354397,rs11665748,19,51356062,rs3760720,0.142
19,51354397,rs11665748,19,51356107,chr19_51356107_A_G,0.148
19,51354397,rs11665748,19,51356165,chr19_51356165_C_T,0.102
19,51354397,rs11665748,19,51356800,rs266859,0.102
19,51354397,rs11665748,19,51357504,rs3760721,0.146
19,51354397,rs11665748,19,51357920,chr19_51357920_A_G,0.146
19,51354397,rs11665748,19,51357965,rs11575894,0.146
19,51354397,rs11665748,19,51358394,rs2292186,0.146
19,51354397,rs11665748,19,51358629,chr19_51358629_C_T,0.157
19,51354397,rs11665748,19,51358688,rs2292185,0.249
19,51354397,rs11665748,19,51359114,rs266878,0.322
19,51354397,rs11665748,19,51359453,chr19_51359453_A_G,0.194
19,51354397,rs11665748,19,51359497,rs11573,0.298
19,51354397,rs11665748,19,51359503,rs1135766,0.298
19,51354397,rs11665748,19,51359852,chr19_51359852_C_T,0.316
19,51354397,rs11665748,19,51360087,rs1061476,0.101
19,51354397,rs11665748,19,51360096,rs1061477,0.104
19,51354397,rs11665748,19,51360351,rs3180017,0.101
19,51354397,rs11665748,19,51360418,19:51360418:C:CAA,0.131
19,51354397,rs11665748,19,51360768,rs266877,0.103
19,51354397,rs11665748,19,51360818,chr19_51360818_C_T,0.102
19,51354397,rs11665748,19,51360840,rs62113212,0.165
19,51354397,rs11665748,19,51361644,chr19_51361644_C_T,0.09
19,51354397,rs11665748,19,51361757,rs17632542,0.162
19,51354397,rs11665748,19,51361937,rs266875,0.178
19,51354397,rs11665748,19,51362304,rs11084034,0.188
19,51354397,rs11665748,19,51362537,rs62113214,0.162
19,51354397,rs11665748,19,51362715,rs76765083,0.162
19,51354397,rs11665748,19,51363026,rs2659122,0.105
19,51354397,rs11665748,19,51363398,rs1058205,0.262
19,51354397,rs11665748,19,51363661,chr19_51363661_A_G,0.184
19,51354397,rs11665748,19,51364200,rs73052441,0.068
19,51354397,rs11665748,19,51364223,rs55799315,0.092
19,51354397,rs11665748,19,51364240,chr19_51364240_C_T,0.391
19,51354397,rs11665748,19,51364269,chr19_51364269_A_G,0.183
19,51354397,rs11665748,19,51364380,rs8104556,0.304
19,51354397,rs11665748,19,51364623,rs2735839,0.183
19,51354397,rs11665748,19,51364803,rs62113216,0.086
19,51354397,rs11665748,19,51364867,rs55887816,0.306
19,51354397,rs11665748,19,51365440,rs111362352,0.159
19,51354397,rs11665748,19,51365466,rs2735837,0.163
19,51354397,rs11665748,19,51366344,rs78441352,0.291
19,51354397,rs11665748,19,51366373,rs77051587,0.293
19,51354397,rs11665748,19,51366539,rs10221544,0.063
19,51354397,rs11665748,19,51366909,rs56351139,0.292
19,51354397,rs11665748,19,51367281,rs2739456,0.146
19,51354397,rs11665748,19,51367667,rs58823125,0.051
19,51354397,rs11665748,19,51367782,rs61548536,0.051
19,51354397,rs11665748,19,51368103,rs2739458,0.413
19,51354397,rs11665748,19,51368504,rs4141856,0.213
19,51354397,rs11665748,19,51368733,rs6509500,0.415
19,51354397,rs11665748,19,51368747,rs10414334,0.051
19,51354397,rs11665748,19,51368974,rs10419683,0.051
19,51354397,rs11665748,19,51369074,chr19_51369074_A_G,0.177
19,51354397,rs11665748,19,51369120,chr19_51369120_A_T,0.131
19,51354397,rs11665748,19,51369451,rs2739461,0.177
19,51354397,rs11665748,19,51369587,rs2569737,0.213
19,51354397,rs11665748,19,51369624,rs2739462,0.177
19,51354397,rs11665748,19,51369753,rs10422030,0.051
19,51354397,rs11665748,19,51369840,rs2569738,0.208
19,51354397,rs11665748,19,51369848,rs2739464,0.177
19,51354397,rs11665748,19,51370252,rs2739466,0.177
19,51354397,rs11665748,19,51370543,rs2739468,0.213
19,51354397,rs11665748,19,51370593,rs2739469,0.177
19,51354397,rs11665748,19,51370878,rs2739470,0.153
19,51354397,rs11665748,19,51371375,rs10409302,0.05
19,51354397,rs11665748,19,51371419,rs1506684,0.176
19,51354397,rs11665748,19,51372395,chr19_51372395_C_T,0.177
19,51354397,rs11665748,19,51372797,chr19_51372797_C_T,0.176
19,51354397,rs11665748,19,51373190,chr19_51373190_C_T,0.177
19,51354397,rs11665748,19,51373279,chr19_51373279_C_T,0.212
19,51354397,rs11665748,19,51373385,rs2739473,0.177
19,51354397,rs11665748,19,51373626,rs2739475,0.176
19,51354397,rs11665748,19,51373818,chr19_51373818_A_G,0.174
19,51354397,rs11665748,19,51374097,rs2569741,0.195
19,51354397,rs11665748,19,51374191,rs2739477,0.198
19,51354397,rs11665748,19,51374225,rs2569742,0.175
19,51354397,rs11665748,19,51374237,rs2569743,0.198
19,51354397,rs11665748,19,51374331,rs2569744,0.198
19,51354397,rs11665748,19,51374592,rs3760728,0.196
19,51354397,rs11665748,19,51374647,rs3760730,0.197
19,51354397,rs11665748,19,51374967,rs10424878,0.21
19,51354397,rs11665748,19,51375079,rs36008719,0.194
19,51354397,rs11665748,19,51375100,rs12984666,0.197
19,51354397,rs11665748,19,51375145,chr19_51375145_A_G,0.196
19,51354397,rs11665748,19,51375526,rs62115062,0.197
19,51354397,rs11665748,19,51375603,rs7260115,0.177
19,51354397,rs11665748,19,51376092,rs11084038,0.196
19,51354397,rs11665748,19,51376219,rs11084039,0.197
19,51354397,rs11665748,19,51376489,chr19_51376489_A_G,0.196
19,51354397,rs11665748,19,51377030,chr19_51377030_A_G,0.112
19,51354397,rs11665748,19,51377163,chr19_51377163_C_T,0.403
19,51355339,rs3760719,19,51335384,rs10717456,0.083
19,51355339,rs3760719,19,51335581,19:51335581:T:TTTC,0.065
19,51355339,rs3760719,19,51336197,rs266850,0.078
19,51355339,rs3760719,19,51337708,rs266853,0.09
19,51355339,rs3760719,19,51338193,rs190552,0.105
19,51355339,rs3760719,19,51338506,rs266856,0.117
19,51355339,rs3760719,19,51340543,rs73048483,0.114
19,51355339,rs3760719,19,51340722,chr19_51340722_A_G,0.113
19,51355339,rs3760719,19,51340795,rs62113172,0.109
19,51355339,rs3760719,19,51340915,chr19_51340915_A_T,0.115
19,51355339,rs3760719,19,51341006,rs35711205,0.227
19,51355339,rs3760719,19,51341063,chr19_51341063_A_G,0.114
19,51355339,rs3760719,19,51341445,rs62113173,0.098
19,51355339,rs3760719,19,51341455,rs2569748,0.085
19,51355339,rs3760719,19,51341463,chr19_51341463_A_C,0.108
19,51355339,rs3760719,19,51341672,chr19_51341672_A_T,0.086
19,51355339,rs3760719,19,51342752,rs71355181,0.077
19,51355339,rs3760719,19,51342875,rs2569752,0.101
19,51355339,rs3760719,19,51343132,rs11667223,0.079
19,51355339,rs3760719,19,51343459,rs10413296,0.138
19,51355339,rs3760719,19,51343805,rs12984286,0.301
19,51355339,rs3760719,19,51344483,rs34575650,0.302
19,51355339,rs3760719,19,51345264,chr19_51345264_C_T,0.052
19,51355339,rs3760719,19,51345325,chr19_51345325_G_T,0.117
19,51355339,rs3760719,19,51345568,rs2659051,0.093
19,51355339,rs3760719,19,51346522,rs56397626,0.05
19,51355339,rs3760719,19,51348297,rs4802752,0.083
19,51355339,rs3760719,19,51349044,rs10402571,0.124
19,51355339,rs3760719,19,51349090,rs266849,0.109
19,51355339,rs3760719,19,51349288,rs11878415,0.083
19,51355339,rs3760719,19,51349557,rs56204022,0.125
19,51355339,rs3760719,19,51349558,rs55781558,0.125
19,51355339,rs3760719,19,51350740,rs2411332,0.067
19,51355339,rs3760719,19,51350791,rs7251465,0.05
19,51355339,rs3760719,19,51351726,chr19_51351726_A_G,0.125
19,51355339,rs3760719,19,51351934,chr19_51351934_C_T,0.067
19,51355339,rs3760719,19,51352080,chr19_51352080_A_G,0.079
19,51355339,rs3760719,19,51352503,chr19_51352503_A_T,0.081
19,51355339,rs3760719,19,51352815,rs2569733,0.082
19,51355339,rs3760719,19,51352831,chr19_51352831_C_T,0.082
19,51355339,rs3760719,19,51352937,rs266868,0.339
19,51355339,rs3760719,19,51353230,chr19_51353230_A_G,0.139
19,51355339,rs3760719,19,51353601,chr19_51353601_C_T,0.138
19,51355339,rs3760719,19,51353900,rs34793605,0.111
19,51355339,rs3760719,19,51353955,chr19_51353955_A_C,0.138
19,51355339,rs3760719,19,51354326,rs266864,0.125
19,51355339,rs3760719,19,51354397,rs11665748,0.167
19,51355339,rs3760719,19,51354411,rs11665698,0.156
19,51355339,rs3760719,19,51354597,chr19_51354597_A_T,0.082
19,51355339,rs3760719,19,51355339,rs3760719,1
19,51355339,rs3760719,19,51355650,rs266863,0.33
19,51355339,rs3760719,19,51356062,rs3760720,0.184
19,51355339,rs3760719,19,51356107,chr19_51356107_A_G,0.582
19,51355339,rs3760719,19,51356165,chr19_51356165_C_T,0.151
19,51355339,rs3760719,19,51356237,19:51356237:CTTTT:C,0.375
19,51355339,rs3760719,19,51356800,rs266859,0.151
19,51355339,rs3760719,19,51357087,rs2739450,0.487
19,51355339,rs3760719,19,51357271,rs2739451,0.166
19,51355339,rs3760719,19,51357504,rs3760721,0.171
19,51355339,rs3760719,19,51357920,chr19_51357920_A_G,0.171
19,51355339,rs3760719,19,51357965,rs11575894,0.171
19,51355339,rs3760719,19,51358013,rs266882,0.481
19,51355339,rs3760719,19,51358333,rs266881,0.403
19,51355339,rs3760719,19,51358394,rs2292186,0.171
19,51355339,rs3760719,19,51358471,rs266880,0.405
19,51355339,rs3760719,19,51358629,chr19_51358629_C_T,0.136
19,51355339,rs3760719,19,51358638,rs266879,0.139
19,51355339,rs3760719,19,51358688,rs2292185,0.226
19,51355339,rs3760719,19,51359114,rs266878,0.082
19,51355339,rs3760719,19,51359453,chr19_51359453_A_G,0.055
19,51355339,rs3760719,19,51359497,rs11573,0.123
19,51355339,rs3760719,19,51359503,rs1135766,0.123
19,51355339,rs3760719,19,51359852,chr19_51359852_C_T,0.08
19,51355339,rs3760719,19,51360087,rs1061476,0.135
19,51355339,rs3760719,19,51360096,rs1061477,0.139
19,51355339,rs3760719,19,51360351,rs3180017,0.135
19,51355339,rs3760719,19,51360414,rs191177367,0.127
19,51355339,rs3760719,19,51360418,19:51360418:C:CAA,0.116
19,51355339,rs3760719,19,51360818,chr19_51360818_C_T,0.062
19,51355339,rs3760719,19,51361315,rs12946,0.067
19,51355339,rs3760719,19,51361937,rs266875,0.129
19,51355339,rs3760719,19,51361996,rs34750956,0.062
19,51355339,rs3760719,19,51362325,rs79435423,0.118
19,51355339,rs3760719,19,51362477,rs62113213,0.118
19,51355339,rs3760719,19,51362585,rs62113215,0.166
19,51355339,rs3760719,19,51363026,rs2659122,0.054
19,51355339,rs3760719,19,51363448,rs1058274,0.059
19,51355339,rs3760719,19,51364223,rs55799315,0.352
19,51355339,rs3760719,19,51364240,chr19_51364240_C_T,0.058
19,51355339,rs3760719,19,51364380,rs8104556,0.074
19,51355339,rs3760719,19,51364649,chr19_51364649_A_C,0.115
19,51355339,rs3760719,19,51364867,rs55887816,0.076
19,51355339,rs3760719,19,51365061,rs55788344,0.057
19,51355339,rs3760719,19,51365356,rs149682597,0.232
19,51355339,rs3760719,19,51365545,rs62113217,0.09
19,51355339,rs3760719,19,51365586,rs62113218,0.092
19,51355339,rs3760719,19,51365590,rs62113219,0.092
19,51355339,rs3760719,19,51366344,rs78441352,0.071
19,51355339,rs3760719,19,51366373,rs77051587,0.073
19,51355339,rs3760719,19,51366909,rs56351139,0.073
19,51355339,rs3760719,19,51367059,rs77232973,0.09
19,51355339,rs3760719,19,51367060,chr19_51367060_A_G,0.09
19,51355339,rs3760719,19,51367112,19:51367112:C:CT,0.156
19,51355339,rs3760719,19,51367401,rs62113225,0.09
19,51355339,rs3760719,19,51367444,chr19_51367444_C_T,0.09
19,51355339,rs3760719,19,51368103,rs2739458,0.102
19,51355339,rs3760719,19,51368733,rs6509500,0.102
19,51355339,rs3760719,19,51369840,rs2569738,0.054
19,51355339,rs3760719,19,51370436,19:51370436:C:CA,0.179
19,51355339,rs3760719,19,51372261,chr19_51372261_A_G,0.179
19,51355339,rs3760719,19,51373353,rs62113227,0.09
19,51355339,rs3760719,19,51374047,rs3760724,0.057
19,51355339,rs3760719,19,51374097,rs2569741,0.051
19,51355339,rs3760719,19,51374641,rs2739478,0.179
19,51355339,rs3760719,19,51375145,chr19_51375145_A_G,0.05
19,51355339,rs3760719,19,51376486,chr19_51376486_A_G,0.089
19,51355339,rs3760719,19,51376837,rs62113073,0.124
19,51355339,rs3760719,19,51377163,chr19_51377163_C_T,0.101
19,51355650,rs266863,19,51335049,chr19_51335049_A_T,0.052
19,51355650,rs266863,19,51335071,rs60259628,0.06
19,51355650,rs266863,19,51335943,chr19_51335943_C_T,0.137
19,51355650,rs266863,19,51341445,rs62113173,0.112
19,51355650,rs266863,19,51342752,rs71355181,0.146
19,51355650,rs266863,19,51342875,rs2569752,0.344
19,51355650,rs266863,19,51343132,rs11667223,0.147
19,51355650,rs266863,19,51343805,rs12984286,0.153
19,51355650,rs266863,19,51344483,rs34575650,0.154
19,51355650,rs266863,19,51345264,chr19_51345264_C_T,0.161
19,51355650,rs266863,19,51345568,rs2659051,0.216
19,51355650,rs266863,19,51345821,rs2569729,0.197
19,51355650,rs266863,19,51346522,rs56397626,0.157
19,51355650,rs266863,19,51348229,rs4802751,0.385
19,51355650,rs266863,19,51348297,rs4802752,0.547
19,51355650,rs266863,19,51348572,rs4801855,0.387
19,51355650,rs266863,19,51348711,rs4239492,0.387
19,51355650,rs266863,19,51349090,rs266849,0.232
19,51355650,rs266863,19,51349288,rs11878415,0.548
19,51355650,rs266863,19,51349484,rs34616703,0.224
19,51355650,rs266863,19,51349602,rs11084032,0.387
19,51355650,rs266863,19,51349716,rs10445554,0.387
19,51355650,rs266863,19,51350740,rs2411332,0.477
19,51355650,rs266863,19,51350791,rs7251465,0.158
19,51355650,rs266863,19,51350880,chr19_51350880_A_T,0.386
19,51355650,rs266863,19,51350932,rs60852173,0.074
19,51355650,rs266863,19,51351082,rs266873,0.189
19,51355650,rs266863,19,51351117,rs266872,0.189
19,51355650,rs266863,19,51351233,rs200343323,0.395
19,51355650,rs266863,19,51351298,rs2659048,0.207
19,51355650,rs266863,19,51351488,rs266871,0.077
19,51355650,rs266863,19,51351934,chr19_51351934_C_T,0.478
19,51355650,rs266863,19,51352080,chr19_51352080_A_G,0.169
19,51355650,rs266863,19,51352503,chr19_51352503_A_T,0.178
19,51355650,rs266863,19,51352815,rs2569733,0.18
19,51355650,rs266863,19,51352831,chr19_51352831_C_T,0.18
19,51355650,rs266863,19,51352937,rs266868,0.185
19,51355650,rs266863,19,51353027,rs266867,0.115
19,51355650,rs266863,19,51353402,chr19_51353402_C_G,0.118
19,51355650,rs266863,19,51353601,chr19_51353601_C_T,0.173
19,51355650,rs266863,19,51353785,rs72626246,0.057
19,51355650,rs266863,19,51353955,chr19_51353955_A_C,0.173
19,51355650,rs266863,19,51354326,rs266864,0.378
19,51355650,rs266863,19,51354397,rs11665748,0.541
19,51355650,rs266863,19,51354411,rs11665698,0.579
19,51355650,rs266863,19,51354597,chr19_51354597_A_T,0.25
19,51355650,rs266863,19,51354652,rs112786111,0.103
19,51355650,rs266863,19,51355339,rs3760719,0.33
19,51355650,rs266863,19,51355650,rs266863,1
19,51355650,rs266863,19,51356062,rs3760720,0.243
19,51355650,rs266863,19,51356107,chr19_51356107_A_G,0.194
19,51355650,rs266863,19,51356165,chr19_51356165_C_T,0.458
19,51355650,rs266863,19,51356800,rs266859,0.459
19,51355650,rs266863,19,51357504,rs3760721,0.248
19,51355650,rs266863,19,51357816,rs3760722,0.151
19,51355650,rs266863,19,51357887,rs17526278,0.151
19,51355650,rs266863,19,51357920,chr19_51357920_A_G,0.248
19,51355650,rs266863,19,51357965,rs11575894,0.248
19,51355650,rs266863,19,51358394,rs2292186,0.248
19,51355650,rs266863,19,51358500,rs55661885,0.15
19,51355650,rs266863,19,51358629,chr19_51358629_C_T,0.263
19,51355650,rs266863,19,51358688,rs2292185,0.062
19,51355650,rs266863,19,51359114,rs266878,0.25
19,51355650,rs266863,19,51359453,chr19_51359453_A_G,0.307
19,51355650,rs266863,19,51359497,rs11573,0.096
19,51355650,rs266863,19,51359503,rs1135766,0.096
19,51355650,rs266863,19,51359852,chr19_51359852_C_T,0.247
19,51355650,rs266863,19,51360082,rs58946822,0.15
19,51355650,rs266863,19,51360418,19:51360418:C:CAA,0.082
19,51355650,rs266863,19,51360768,rs266877,0.08
19,51355650,rs266863,19,51360818,chr19_51360818_C_T,0.294
19,51355650,rs266863,19,51361315,rs12946,0.208
19,51355650,rs266863,19,51361472,rs2003783,0.133
19,51355650,rs266863,19,51361644,chr19_51361644_C_T,0.069
19,51355650,rs266863,19,51361996,rs34750956,0.187
19,51355650,rs266863,19,51362304,rs11084034,0.264
19,51355650,rs266863,19,51362716,rs66592214,0.133
19,51355650,rs266863,19,51362803,rs35192866,0.133
19,51355650,rs266863,19,51362955,rs45588133,0.133
19,51355650,rs266863,19,51363026,rs2659122,0.259
19,51355650,rs266863,19,51363398,rs1058205,0.104
19,51355650,rs266863,19,51363661,chr19_51363661_A_G,0.258
19,51355650,rs266863,19,51364223,rs55799315,0.119
19,51355650,rs266863,19,51364240,chr19_51364240_C_T,0.534
19,51355650,rs266863,19,51364269,chr19_51364269_A_G,0.061
19,51355650,rs266863,19,51364380,rs8104556,0.244
19,51355650,rs266863,19,51364623,rs2735839,0.061
19,51355650,rs266863,19,51364867,rs55887816,0.246
19,51355650,rs266863,19,51365466,rs2735837,0.115
19,51355650,rs266863,19,51365545,rs62113217,0.092
19,51355650,rs266863,19,51365952,chr19_51365952_A_G,0.158
19,51355650,rs266863,19,51366344,rs78441352,0.235
19,51355650,rs266863,19,51366373,rs77051587,0.237
19,51355650,rs266863,19,51366539,rs10221544,0.135
19,51355650,rs266863,19,51366909,rs56351139,0.235
19,51355650,rs266863,19,51367948,rs34532440,0.07
19,51355650,rs266863,19,51368103,rs2739458,0.329
19,51355650,rs266863,19,51368504,rs4141856,0.126
19,51355650,rs266863,19,51368733,rs6509500,0.33
19,51355650,rs266863,19,51369074,chr19_51369074_A_G,0.097
19,51355650,rs266863,19,51369120,chr19_51369120_A_T,0.175
19,51355650,rs266863,19,51369451,rs2739461,0.097
19,51355650,rs266863,19,51369587,rs2569737,0.126
19,51355650,rs266863,19,51369624,rs2739462,0.097
19,51355650,rs266863,19,51369840,rs2569738,0.161
19,51355650,rs266863,19,51369848,rs2739464,0.097
19,51355650,rs266863,19,51370252,rs2739466,0.097
19,51355650,rs266863,19,51370543,rs2739468,0.126
19,51355650,rs266863,19,51370593,rs2739469,0.096
19,51355650,rs266863,19,51370878,rs2739470,0.129
19,51355650,rs266863,19,51371419,rs1506684,0.096
19,51355650,rs266863,19,51372395,chr19_51372395_C_T,0.096
19,51355650,rs266863,19,51372797,chr19_51372797_C_T,0.096
19,51355650,rs266863,19,51373190,chr19_51373190_C_T,0.096
19,51355650,rs266863,19,51373279,chr19_51373279_C_T,0.126
19,51355650,rs266863,19,51373385,rs2739473,0.096
19,51355650,rs266863,19,51373626,rs2739475,0.097
19,51355650,rs266863,19,51373744,rs12983994,0.071
19,51355650,rs266863,19,51373818,chr19_51373818_A_G,0.096
19,51355650,rs266863,19,51373899,rs12974899,0.07
19,51355650,rs266863,19,51374050,rs34314776,0.071
19,51355650,rs266863,19,51374097,rs2569741,0.162
19,51355650,rs266863,19,51374191,rs2739477,0.163
19,51355650,rs266863,19,51374225,rs2569742,0.097
19,51355650,rs266863,19,51374237,rs2569743,0.163
19,51355650,rs266863,19,51374331,rs2569744,0.163
19,51355650,rs266863,19,51374592,rs3760728,0.161
19,51355650,rs266863,19,51374647,rs3760730,0.163
19,51355650,rs266863,19,51374967,rs10424878,0.126
19,51355650,rs266863,19,51375079,rs36008719,0.163
19,51355650,rs266863,19,51375100,rs12984666,0.163
19,51355650,rs266863,19,51375145,chr19_51375145_A_G,0.162
19,51355650,rs266863,19,51375526,rs62115062,0.163
19,51355650,rs266863,19,51375603,rs7260115,0.215
19,51355650,rs266863,19,51376092,rs11084038,0.162
19,51355650,rs266863,19,51376219,rs11084039,0.163
19,51355650,rs266863,19,51376489,chr19_51376489_A_G,0.162
19,51355650,rs266863,19,51376506,rs12978483,0.07
19,51355650,rs266863,19,51377030,chr19_51377030_A_G,0.06
19,51355650,rs266863,19,51377163,chr19_51377163_C_T,0.324
19,51360840,rs62113212,19,51335049,chr19_51335049_A_T,0.148
19,51360840,rs62113212,19,51335071,rs60259628,0.121
19,51360840,rs62113212,19,51339173,rs2739442,0.061
19,51360840,rs62113212,19,51339207,chr19_51339207_C_T,0.061
19,51360840,rs62113212,19,51341455,rs2569748,0.053
19,51360840,rs62113212,19,51341672,chr19_51341672_A_T,0.053
19,51360840,rs62113212,19,51342875,rs2569752,0.182
19,51360840,rs62113212,19,51343737,rs2659052,0.055
19,51360840,rs62113212,19,51344178,rs2569753,0.055
19,51360840,rs62113212,19,51345264,chr19_51345264_C_T,0.356
19,51360840,rs62113212,19,51345568,rs2659051,0.134
19,51360840,rs62113212,19,51346522,rs56397626,0.373
19,51360840,rs62113212,19,51348229,rs4802751,0.099
19,51360840,rs62113212,19,51348297,rs4802752,0.083
19,51360840,rs62113212,19,51348572,rs4801855,0.098
19,51360840,rs62113212,19,51348711,rs4239492,0.098
19,51360840,rs62113212,19,51349090,rs266849,0.156
19,51360840,rs62113212,19,51349288,rs11878415,0.083
19,51360840,rs62113212,19,51349484,rs34616703,0.14
19,51360840,rs62113212,19,51349602,rs11084032,0.098
19,51360840,rs62113212,19,51349716,rs10445554,0.098
19,51360840,rs62113212,19,51350740,rs2411332,0.088
19,51360840,rs62113212,19,51350791,rs7251465,0.381
19,51360840,rs62113212,19,51350880,chr19_51350880_A_T,0.098
19,51360840,rs62113212,19,51351233,rs200343323,0.098
19,51360840,rs62113212,19,51351934,chr19_51351934_C_T,0.088
19,51360840,rs62113212,19,51354397,rs11665748,0.165
19,51360840,rs62113212,19,51354411,rs11665698,0.173
19,51360840,rs62113212,19,51354597,chr19_51354597_A_T,0.244
19,51360840,rs62113212,19,51354652,rs112786111,0.676
19,51360840,rs62113212,19,51354986,rs62113210,0.242
19,51360840,rs62113212,19,51356165,chr19_51356165_C_T,0.123
19,51360840,rs62113212,19,51356800,rs266859,0.123
19,51360840,rs62113212,19,51357167,rs186855811,0.243
19,51360840,rs62113212,19,51357271,rs2739451,0.056
19,51360840,rs62113212,19,51358333,rs266881,0.077
19,51360840,rs62113212,19,51358471,rs266880,0.077
19,51360840,rs62113212,19,51358638,rs266879,0.053
19,51360840,rs62113212,19,51359114,rs266878,0.248
19,51360840,rs62113212,19,51359497,rs11573,0.06
19,51360840,rs62113212,19,51359503,rs1135766,0.06
19,51360840,rs62113212,19,51359852,chr19_51359852_C_T,0.252
19,51360840,rs62113212,19,51360087,rs1061476,0.088
19,51360840,rs62113212,19,51360096,rs1061477,0.086
19,51360840,rs62113212,19,51360351,rs3180017,0.088
19,51360840,rs62113212,19,51360818,chr19_51360818_C_T,0.223
19,51360840,rs62113212,19,51360840,rs62113212,1
19,51360840,rs62113212,19,51361757,rs17632542,0.986
19,51360840,rs62113212,19,51361937,rs266875,0.07
19,51360840,rs62113212,19,51362537,rs62113214,0.985
19,51360840,rs62113212,19,51362585,rs62113215,0.059
19,51360840,rs62113212,19,51362715,rs76765083,0.984
19,51360840,rs62113212,19,51363026,rs2659122,0.235
19,51360840,rs62113212,19,51363398,rs1058205,0.377
19,51360840,rs62113212,19,51364240,chr19_51364240_C_T,0.085
19,51360840,rs62113212,19,51364269,chr19_51364269_A_G,0.475
19,51360840,rs62113212,19,51364623,rs2735839,0.475
19,51360840,rs62113212,19,51364803,rs62113216,0.716
19,51360840,rs62113212,19,51365356,rs149682597,0.246
19,51360840,rs62113212,19,51365440,rs111362352,0.969
19,51360840,rs62113212,19,51365545,rs62113217,0.059
19,51360840,rs62113212,19,51366222,chr19_51366222_A_T,0.24
19,51360840,rs62113212,19,51366496,rs62113221,0.24
19,51360840,rs62113212,19,51366539,rs10221544,0.078
19,51360840,rs62113212,19,51366794,rs62113222,0.24
19,51360840,rs62113212,19,51366876,rs117152153,0.24
19,51360840,rs62113212,19,51367054,rs62113223,0.24
19,51360840,rs62113212,19,51367112,19:51367112:C:CT,0.122
19,51360840,rs62113212,19,51367130,rs62113224,0.24
19,51360840,rs62113212,19,51367281,rs2739456,0.115
19,51360840,rs62113212,19,51367285,rs182899077,0.24
19,51360840,rs62113212,19,51367386,rs111731525,0.24
19,51360840,rs62113212,19,51367714,19:51367714:GT:G,0.233
19,51360840,rs62113212,19,51368188,rs117005051,0.239
19,51360840,rs62113212,19,51370436,19:51370436:C:CA,0.119
19,51360840,rs62113212,19,51372261,chr19_51372261_A_G,0.119
19,51360840,rs62113212,19,51373429,rs62113228,0.239
19,51360840,rs62113212,19,51374641,rs2739478,0.119
19,51360840,rs62113212,19,51374738,rs79178205,0.197
19,51360840,rs62113212,19,51374748,rs79473488,0.197
19,51360840,rs62113212,19,51374807,rs75759612,0.197
19,51360840,rs62113212,19,51377267,chr19_51377267_C_T,0.188
19,51361382,rs61752561,19,51286587,rs60251737,0.055
19,51361382,rs61752561,19,51288606,rs56840371,0.054
19,51361382,rs61752561,19,51289680,rs62114335,0.054
19,51361382,rs61752561,19,51290146,rs75509889,0.055
19,51361382,rs61752561,19,51302632,rs58572527,0.052
19,51361382,rs61752561,19,51304412,rs56914577,0.052
19,51361382,rs61752561,19,51304889,rs58844524,0.052
19,51361382,rs61752561,19,51306948,rs10853825,0.054
19,51361382,rs61752561,19,51307532,rs2288418,0.052
19,51361382,rs61752561,19,51308057,chr19_51308057_G_T,0.052
19,51361382,rs61752561,19,51308182,rs55859860,0.052
19,51361382,rs61752561,19,51309716,rs58095696,0.052
19,51361382,rs61752561,19,51311405,rs62115586,0.052
19,51361382,rs61752561,19,51313245,rs78602449,0.053
19,51361382,rs61752561,19,51314692,rs17800513,0.054
19,51361382,rs61752561,19,51316172,chr19_51316172_C_T,0.204
19,51361382,rs61752561,19,51316290,rs11365508,0.053
19,51361382,rs61752561,19,51317375,rs79833005,0.053
19,51361382,rs61752561,19,51318909,rs3909863,0.053
19,51361382,rs61752561,19,51319924,rs59300606,0.052
19,51361382,rs61752561,19,51320445,rs3212851,0.053
19,51361382,rs61752561,19,51321083,rs12052047,0.053
19,51361382,rs61752561,19,51321257,chr19_51321257_A_G,0.052
19,51361382,rs61752561,19,51321961,rs3212840,0.054
19,51361382,rs61752561,19,51322790,rs3212837,0.055
19,51361382,rs61752561,19,51322792,rs3212836,0.054
19,51361382,rs61752561,19,51322814,rs3212835,0.054
19,51361382,rs61752561,19,51322879,rs3212833,0.054
19,51361382,rs61752561,19,51325919,rs3212822,0.056
19,51361382,rs61752561,19,51326358,rs3212820,0.056
19,51361382,rs61752561,19,51328736,rs3212810,0.057
19,51361382,rs61752561,19,51330932,rs3745522,0.054
19,51361382,rs61752561,19,51341445,rs62113173,0.161
19,51361382,rs61752561,19,51343805,rs12984286,0.095
19,51361382,rs61752561,19,51344483,rs34575650,0.096
19,51361382,rs61752561,19,51352937,rs266868,0.09
19,51361382,rs61752561,19,51353900,rs34793605,0.055
19,51361382,rs61752561,19,51356062,rs3760720,0.118
19,51361382,rs61752561,19,51356237,19:51356237:CTTTT:C,0.052
19,51361382,rs61752561,19,51357504,rs3760721,0.116
19,51361382,rs61752561,19,51357920,chr19_51357920_A_G,0.116
19,51361382,rs61752561,19,51357965,rs11575894,0.116
19,51361382,rs61752561,19,51358394,rs2292186,0.116
19,51361382,rs61752561,19,51358629,chr19_51358629_C_T,0.109
19,51361382,rs61752561,19,51358688,rs2292185,0.074
19,51361382,rs61752561,19,51359453,chr19_51359453_A_G,0.087
19,51361382,rs61752561,19,51359497,rs11573,0.062
19,51361382,rs61752561,19,51359503,rs1135766,0.062
19,51361382,rs61752561,19,51360418,19:51360418:C:CAA,0.057
19,51361382,rs61752561,19,51361382,rs61752561,1
19,51361382,rs61752561,19,51361937,rs266875,0.057
19,51361382,rs61752561,19,51362304,rs11084034,0.089
19,51361382,rs61752561,19,51363661,chr19_51363661_A_G,0.086
19,51361382,rs61752561,19,51365545,rs62113217,0.062
19,51361382,rs61752561,19,51369840,rs2569738,0.075
19,51361382,rs61752561,19,51374097,rs2569741,0.073
19,51361382,rs61752561,19,51374191,rs2739477,0.074
19,51361382,rs61752561,19,51374237,rs2569743,0.074
19,51361382,rs61752561,19,51374331,rs2569744,0.074
19,51361382,rs61752561,19,51374592,rs3760728,0.075
19,51361382,rs61752561,19,51374647,rs3760730,0.074
19,51361382,rs61752561,19,51375079,rs36008719,0.076
19,51361382,rs61752561,19,51375100,rs12984666,0.073
19,51361382,rs61752561,19,51375145,chr19_51375145_A_G,0.073
19,51361382,rs61752561,19,51375526,rs62115062,0.072
19,51361382,rs61752561,19,51375603,rs7260115,0.061
19,51361382,rs61752561,19,51376092,rs11084038,0.072
19,51361382,rs61752561,19,51376219,rs11084039,0.073
19,51361382,rs61752561,19,51376489,chr19_51376489_A_G,0.073
19,51364380,rs8104556,19,51334890,rs3745523,0.146
19,51364380,rs8104556,19,51335245,rs2659057,0.115
19,51364380,rs8104556,19,51335790,rs56990700,0.102
19,51364380,rs8104556,19,51335793,19:51335793:G:GAC,0.102
19,51364380,rs8104556,19,51335794,19:51335794:G:C,0.102
19,51364380,rs8104556,19,51335797,19:51335797:T:TAG,0.102
19,51364380,rs8104556,19,51335800,rs201710201,0.102
19,51364380,rs8104556,19,51337232,rs2659055,0.098
19,51364380,rs8104556,19,51337392,chr19_51337392_C_T,0.097
19,51364380,rs8104556,19,51337532,rs3077971,0.146
19,51364380,rs8104556,19,51337595,rs266852,0.156
19,51364380,rs8104556,19,51337818,rs266854,0.155
19,51364380,rs8104556,19,51338384,chr19_51338384_A_G,0.154
19,51364380,rs8104556,19,51340794,chr19_51340794_C_T,0.078
19,51364380,rs8104556,19,51340915,chr19_51340915_A_T,0.075
19,51364380,rs8104556,19,51341063,chr19_51341063_A_G,0.076
19,51364380,rs8104556,19,51342875,rs2569752,0.305
19,51364380,rs8104556,19,51343737,rs2659052,0.098
19,51364380,rs8104556,19,51343805,rs12984286,0.053
19,51364380,rs8104556,19,51344178,rs2569753,0.099
19,51364380,rs8104556,19,51344483,rs34575650,0.053
19,51364380,rs8104556,19,51345568,rs2659051,0.051
19,51364380,rs8104556,19,51345821,rs2569729,0.659
19,51364380,rs8104556,19,51348229,rs4802751,0.149
19,51364380,rs8104556,19,51348297,rs4802752,0.12
19,51364380,rs8104556,19,51348572,rs4801855,0.152
19,51364380,rs8104556,19,51348711,rs4239492,0.152
19,51364380,rs8104556,19,51349288,rs11878415,0.12
19,51364380,rs8104556,19,51349484,rs34616703,0.235
19,51364380,rs8104556,19,51349602,rs11084032,0.152
19,51364380,rs8104556,19,51349716,rs10445554,0.152
19,51364380,rs8104556,19,51350740,rs2411332,0.134
19,51364380,rs8104556,19,51350880,chr19_51350880_A_T,0.152
19,51364380,rs8104556,19,51350932,rs60852173,0.413
19,51364380,rs8104556,19,51351082,rs266873,0.628
19,51364380,rs8104556,19,51351117,rs266872,0.628
19,51364380,rs8104556,19,51351233,rs200343323,0.152
19,51364380,rs8104556,19,51351298,rs2659048,0.66
19,51364380,rs8104556,19,51351488,rs266871,0.419
19,51364380,rs8104556,19,51351934,chr19_51351934_C_T,0.134
19,51364380,rs8104556,19,51352937,rs266868,0.06
19,51364380,rs8104556,19,51353900,rs34793605,0.125
19,51364380,rs8104556,19,51354326,rs266864,0.642
19,51364380,rs8104556,19,51354397,rs11665748,0.304
19,51364380,rs8104556,19,51354411,rs11665698,0.321
19,51364380,rs8104556,19,51355339,rs3760719,0.074
19,51364380,rs8104556,19,51355650,rs266863,0.244
19,51364380,rs8104556,19,51356062,rs3760720,0.065
19,51364380,rs8104556,19,51356165,chr19_51356165_C_T,0.061
19,51364380,rs8104556,19,51356237,19:51356237:CTTTT:C,0.066
19,51364380,rs8104556,19,51356800,rs266859,0.06
19,51364380,rs8104556,19,51357087,rs2739450,0.192
19,51364380,rs8104556,19,51357271,rs2739451,0.298
19,51364380,rs8104556,19,51357504,rs3760721,0.067
19,51364380,rs8104556,19,51357920,chr19_51357920_A_G,0.067
19,51364380,rs8104556,19,51357965,rs11575894,0.067
19,51364380,rs8104556,19,51358013,rs266882,0.193
19,51364380,rs8104556,19,51358333,rs266881,0.208
19,51364380,rs8104556,19,51358394,rs2292186,0.067
19,51364380,rs8104556,19,51358471,rs266880,0.21
19,51364380,rs8104556,19,51358629,chr19_51358629_C_T,0.071
19,51364380,rs8104556,19,51358638,rs266879,0.316
19,51364380,rs8104556,19,51358688,rs2292185,0.112
19,51364380,rs8104556,19,51359453,chr19_51359453_A_G,0.087
19,51364380,rs8104556,19,51359497,rs11573,0.134
19,51364380,rs8104556,19,51359503,rs1135766,0.134
19,51364380,rs8104556,19,51360087,rs1061476,0.19
19,51364380,rs8104556,19,51360096,rs1061477,0.177
19,51364380,rs8104556,19,51360351,rs3180017,0.19
19,51364380,rs8104556,19,51360418,19:51360418:C:CAA,0.173
19,51364380,rs8104556,19,51360818,chr19_51360818_C_T,0.081
19,51364380,rs8104556,19,51361937,rs266875,0.167
19,51364380,rs8104556,19,51362304,rs11084034,0.1
19,51364380,rs8104556,19,51362585,rs62113215,0.312
19,51364380,rs8104556,19,51363026,rs2659122,0.077
19,51364380,rs8104556,19,51363448,rs1058274,0.419
19,51364380,rs8104556,19,51363661,chr19_51363661_A_G,0.101
19,51364380,rs8104556,19,51364240,chr19_51364240_C_T,0.195
19,51364380,rs8104556,19,51364380,rs8104556,1
19,51364380,rs8104556,19,51364867,rs55887816,0.994
19,51364380,rs8104556,19,51365061,rs55788344,0.416
19,51364380,rs8104556,19,51365356,rs149682597,0.071
19,51364380,rs8104556,19,51365545,rs62113217,0.125
19,51364380,rs8104556,19,51365952,chr19_51365952_A_G,0.182
19,51364380,rs8104556,19,51366344,rs78441352,0.946
19,51364380,rs8104556,19,51366373,rs77051587,0.948
19,51364380,rs8104556,19,51366539,rs10221544,0.17
19,51364380,rs8104556,19,51366909,rs56351139,0.944
19,51364380,rs8104556,19,51367112,19:51367112:C:CT,0.053
19,51364380,rs8104556,19,51367281,rs2739456,0.253
19,51364380,rs8104556,19,51368103,rs2739458,0.752
19,51364380,rs8104556,19,51368504,rs4141856,0.267
19,51364380,rs8104556,19,51368733,rs6509500,0.744
19,51364380,rs8104556,19,51369074,chr19_51369074_A_G,0.239
19,51364380,rs8104556,19,51369120,chr19_51369120_A_T,0.202
19,51364380,rs8104556,19,51369451,rs2739461,0.239
19,51364380,rs8104556,19,51369587,rs2569737,0.267
19,51364380,rs8104556,19,51369624,rs2739462,0.239
19,51364380,rs8104556,19,51369840,rs2569738,0.115
19,51364380,rs8104556,19,51369848,rs2739464,0.239
19,51364380,rs8104556,19,51370252,rs2739466,0.239
19,51364380,rs8104556,19,51370436,19:51370436:C:CA,0.053
19,51364380,rs8104556,19,51370543,rs2739468,0.267
19,51364380,rs8104556,19,51370593,rs2739469,0.238
19,51364380,rs8104556,19,51370878,rs2739470,0.221
19,51364380,rs8104556,19,51371419,rs1506684,0.238
19,51364380,rs8104556,19,51372261,chr19_51372261_A_G,0.053
19,51364380,rs8104556,19,51372395,chr19_51372395_C_T,0.238
19,51364380,rs8104556,19,51372797,chr19_51372797_C_T,0.238
19,51364380,rs8104556,19,51373190,chr19_51373190_C_T,0.238
19,51364380,rs8104556,19,51373279,chr19_51373279_C_T,0.266
19,51364380,rs8104556,19,51373385,rs2739473,0.238
19,51364380,rs8104556,19,51373626,rs2739475,0.238
19,51364380,rs8104556,19,51373818,chr19_51373818_A_G,0.235
19,51364380,rs8104556,19,51374097,rs2569741,0.117
19,51364380,rs8104556,19,51374191,rs2739477,0.116
19,51364380,rs8104556,19,51374225,rs2569742,0.237
19,51364380,rs8104556,19,51374237,rs2569743,0.116
19,51364380,rs8104556,19,51374331,rs2569744,0.116
19,51364380,rs8104556,19,51374592,rs3760728,0.115
19,51364380,rs8104556,19,51374641,rs2739478,0.053
19,51364380,rs8104556,19,51374647,rs3760730,0.116
19,51364380,rs8104556,19,51374967,rs10424878,0.265
19,51364380,rs8104556,19,51375079,rs36008719,0.114
19,51364380,rs8104556,19,51375100,rs12984666,0.116
19,51364380,rs8104556,19,51375145,chr19_51375145_A_G,0.115
19,51364380,rs8104556,19,51375526,rs62115062,0.115
19,51364380,rs8104556,19,51375603,rs7260115,0.136
19,51364380,rs8104556,19,51376092,rs11084038,0.115
19,51364380,rs8104556,19,51376219,rs11084039,0.115
19,51364380,rs8104556,19,51376489,chr19_51376489_A_G,0.115
19,51364380,rs8104556,19,51377030,chr19_51377030_A_G,0.288
19,51364380,rs8104556,19,51377163,chr19_51377163_C_T,0.727
19,51364380,rs8104556,19,51387248,chr19_51387248_C_T,0.059
19,51364623,rs2735839,19,51334106,chr19_51334107_G_INDEL,0.056
19,51364623,rs2735839,19,51335049,chr19_51335049_A_T,0.123
19,51364623,rs2735839,19,51335071,rs60259628,0.136
19,51364623,rs2735839,19,51339173,rs2739442,0.053
19,51364623,rs2735839,19,51339207,chr19_51339207_C_T,0.053
19,51364623,rs2735839,19,51342875,rs2569752,0.07
19,51364623,rs2735839,19,51343805,rs12984286,0.065
19,51364623,rs2735839,19,51344483,rs34575650,0.065
19,51364623,rs2735839,19,51345264,chr19_51345264_C_T,0.228
19,51364623,rs2735839,19,51345568,rs2659051,0.209
19,51364623,rs2735839,19,51346522,rs56397626,0.242
19,51364623,rs2735839,19,51348229,rs4802751,0.091
19,51364623,rs2735839,19,51348297,rs4802752,0.069
19,51364623,rs2735839,19,51348572,rs4801855,0.091
19,51364623,rs2735839,19,51348711,rs4239492,0.091
19,51364623,rs2735839,19,51349090,rs266849,0.251
19,51364623,rs2735839,19,51349288,rs11878415,0.069
19,51364623,rs2735839,19,51349602,rs11084032,0.091
19,51364623,rs2735839,19,51349716,rs10445554,0.091
19,51364623,rs2735839,19,51350740,rs2411332,0.077
19,51364623,rs2735839,19,51350791,rs7251465,0.247
19,51364623,rs2735839,19,51350880,chr19_51350880_A_T,0.091
19,51364623,rs2735839,19,51351233,rs200343323,0.09
19,51364623,rs2735839,19,51351934,chr19_51351934_C_T,0.077
19,51364623,rs2735839,19,51352937,rs266868,0.07
19,51364623,rs2735839,19,51353027,rs266867,0.05
19,51364623,rs2735839,19,51353402,chr19_51353402_C_G,0.051
19,51364623,rs2735839,19,51354397,rs11665748,0.183
19,51364623,rs2735839,19,51354411,rs11665698,0.194
19,51364623,rs2735839,19,51354597,chr19_51354597_A_T,0.42
19,51364623,rs2735839,19,51354652,rs112786111,0.323
19,51364623,rs2735839,19,51354986,rs62113210,0.117
19,51364623,rs2735839,19,51355650,rs266863,0.061
19,51364623,rs2735839,19,51355913,rs73588928,0.096
19,51364623,rs2735839,19,51356107,chr19_51356107_A_G,0.051
19,51364623,rs2735839,19,51356165,chr19_51356165_C_T,0.203
19,51364623,rs2735839,19,51356800,rs266859,0.203
19,51364623,rs2735839,19,51357167,rs186855811,0.118
19,51364623,rs2735839,19,51357271,rs2739451,0.111
19,51364623,rs2735839,19,51358333,rs266881,0.088
19,51364623,rs2735839,19,51358471,rs266880,0.087
19,51364623,rs2735839,19,51358638,rs266879,0.105
19,51364623,rs2735839,19,51358688,rs2292185,0.074
19,51364623,rs2735839,19,51359114,rs266878,0.425
19,51364623,rs2735839,19,51359453,chr19_51359453_A_G,0.061
19,51364623,rs2735839,19,51359497,rs11573,0.094
19,51364623,rs2735839,19,51359503,rs1135766,0.094
19,51364623,rs2735839,19,51359566,rs7252245,0.1
19,51364623,rs2735839,19,51359852,chr19_51359852_C_T,0.429
19,51364623,rs2735839,19,51360768,rs266877,0.217
19,51364623,rs2735839,19,51360818,chr19_51360818_C_T,0.45
19,51364623,rs2735839,19,51360840,rs62113212,0.475
19,51364623,rs2735839,19,51361644,chr19_51361644_C_T,0.259
19,51364623,rs2735839,19,51361757,rs17632542,0.481
19,51364623,rs2735839,19,51361937,rs266875,0.135
19,51364623,rs2735839,19,51362304,rs11084034,0.092
19,51364623,rs2735839,19,51362399,rs73591117,0.152
19,51364623,rs2735839,19,51362537,rs62113214,0.483
19,51364623,rs2735839,19,51362585,rs62113215,0.119
19,51364623,rs2735839,19,51362715,rs76765083,0.483
19,51364623,rs2735839,19,51363026,rs2659122,0.489
19,51364623,rs2735839,19,51363398,rs1058205,0.788
19,51364623,rs2735839,19,51363448,rs1058274,0.088
19,51364623,rs2735839,19,51363661,chr19_51363661_A_G,0.091
19,51364623,rs2735839,19,51364240,chr19_51364240_C_T,0.173
19,51364623,rs2735839,19,51364269,chr19_51364269_A_G,1
19,51364623,rs2735839,19,51364623,rs2735839,1
19,51364623,rs2735839,19,51364803,rs62113216,0.662
19,51364623,rs2735839,19,51365061,rs55788344,0.088
19,51364623,rs2735839,19,51365356,rs149682597,0.188
19,51364623,rs2735839,19,51365440,rs111362352,0.477
19,51364623,rs2735839,19,51365466,rs2735837,0.091
19,51364623,rs2735839,19,51365729,rs73591127,0.152
19,51364623,rs2735839,19,51366222,chr19_51366222_A_T,0.12
19,51364623,rs2735839,19,51366496,rs62113221,0.121
19,51364623,rs2735839,19,51366794,rs62113222,0.121
19,51364623,rs2735839,19,51366876,rs117152153,0.121
19,51364623,rs2735839,19,51367054,rs62113223,0.121
19,51364623,rs2735839,19,51367130,rs62113224,0.121
19,51364623,rs2735839,19,51367281,rs2739456,0.057
19,51364623,rs2735839,19,51367285,rs182899077,0.121
19,51364623,rs2735839,19,51367386,rs111731525,0.12
19,51364623,rs2735839,19,51367714,19:51367714:GT:G,0.116
19,51364623,rs2735839,19,51368188,rs117005051,0.12
19,51364623,rs2735839,19,51369074,chr19_51369074_A_G,0.093
19,51364623,rs2735839,19,51369120,chr19_51369120_A_T,0.071
19,51364623,rs2735839,19,51369451,rs2739461,0.093
19,51364623,rs2735839,19,51369624,rs2739462,0.093
19,51364623,rs2735839,19,51369840,rs2569738,0.099
19,51364623,rs2735839,19,51369848,rs2739464,0.093
19,51364623,rs2735839,19,51370252,rs2739466,0.093
19,51364623,rs2735839,19,51370593,rs2739469,0.092
19,51364623,rs2735839,19,51370878,rs2739470,0.082
19,51364623,rs2735839,19,51371419,rs1506684,0.092
19,51364623,rs2735839,19,51371688,chr19_51371688_C_T,0.149
19,51364623,rs2735839,19,51372395,chr19_51372395_C_T,0.092
19,51364623,rs2735839,19,51372797,chr19_51372797_C_T,0.092
19,51364623,rs2735839,19,51373190,chr19_51373190_C_T,0.092
19,51364623,rs2735839,19,51373385,rs2739473,0.092
19,51364623,rs2735839,19,51373429,rs62113228,0.12
19,51364623,rs2735839,19,51373626,rs2739475,0.092
19,51364623,rs2735839,19,51373818,chr19_51373818_A_G,0.092
19,51364623,rs2735839,19,51374097,rs2569741,0.085
19,51364623,rs2735839,19,51374191,rs2739477,0.088
19,51364623,rs2735839,19,51374225,rs2569742,0.092
19,51364623,rs2735839,19,51374237,rs2569743,0.088
19,51364623,rs2735839,19,51374331,rs2569744,0.088
19,51364623,rs2735839,19,51374332,rs59510117,0.15
19,51364623,rs2735839,19,51374592,rs3760728,0.087
19,51364623,rs2735839,19,51374647,rs3760730,0.088
19,51364623,rs2735839,19,51374738,rs79178205,0.099
19,51364623,rs2735839,19,51374748,rs79473488,0.099
19,51364623,rs2735839,19,51374807,rs75759612,0.099
19,51364623,rs2735839,19,51375079,rs36008719,0.087
19,51364623,rs2735839,19,51375100,rs12984666,0.087
19,51364623,rs2735839,19,51375145,chr19_51375145_A_G,0.087
19,51364623,rs2735839,19,51375526,rs62115062,0.087
19,51364623,rs2735839,19,51376092,rs11084038,0.087
19,51364623,rs2735839,19,51376219,rs11084039,0.087
19,51364623,rs2735839,19,51376489,chr19_51376489_A_G,0.087
19,51364623,rs2735839,19,51377267,chr19_51377267_C_T,0.093
