CHR_A,BP_A,SNP_A,CHR_B,BP_B,SNP_B,R2
10,46082985,rs76934034,10,45598618,rs1856591,0.057
10,46082985,rs76934034,10,45598890,rs4948945,0.055
10,46082985,rs76934034,10,45599534,rs10751371,0.061
10,46082985,rs76934034,10,45599547,rs10793584,0.062
10,46082985,rs76934034,10,45599710,rs139683692,0.061
10,46082985,rs76934034,10,45599770,rs4285830,0.061
10,46082985,rs76934034,10,45599997,rs2153333,0.062
10,46082985,rs76934034,10,45600156,rs4068926,0.062
10,46082985,rs76934034,10,45600415,rs4068923,0.062
10,46082985,rs76934034,10,45601018,rs4379782,0.062
10,46082985,rs76934034,10,45601037,rs3862873,0.062
10,46082985,rs76934034,10,45601063,rs3927771,0.062
10,46082985,rs76934034,10,45601238,rs4500437,0.062
10,46082985,rs76934034,10,45601269,rs4453185,0.062
10,46082985,rs76934034,10,45601281,rs5006854,0.062
10,46082985,rs76934034,10,45601282,rs5006853,0.062
10,46082985,rs76934034,10,45601284,rs5006852,0.062
10,46082985,rs76934034,10,45601312,rs4472887,0.062
10,46082985,rs76934034,10,45601369,rs4511242,0.062
10,46082985,rs76934034,10,45601743,rs3862874,0.054
10,46082985,rs76934034,10,45601758,rs3862875,0.062
10,46082985,rs76934034,10,45602500,rs12413346,0.062
10,46082985,rs76934034,10,45603788,rs7095799,0.062
10,46082985,rs76934034,10,45605099,rs3904957,0.062
10,46082985,rs76934034,10,45605911,rs4329635,0.062
10,46082985,rs76934034,10,45606015,rs5784671,0.062
10,46082985,rs76934034,10,45606132,rs4462286,0.062
10,46082985,rs76934034,10,45606504,rs10793585,0.062
10,46082985,rs76934034,10,45606802,rs4948947,0.061
10,46082985,rs76934034,10,45606982,rs4948948,0.061
10,46082985,rs76934034,10,45607159,rs145635184,0.062
10,46082985,rs76934034,10,45607500,rs149583290,0.055
10,46082985,rs76934034,10,45607502,rs144272008,0.055
10,46082985,rs76934034,10,45607513,rs113039168,0.055
10,46082985,rs76934034,10,45607596,rs111634827,0.062
10,46082985,rs76934034,10,45607626,rs61852602,0.062
10,46082985,rs76934034,10,45607644,rs61852603,0.061
10,46082985,rs76934034,10,45607829,rs12267488,0.061
10,46082985,rs76934034,10,45608476,rs7089608,0.061
10,46082985,rs76934034,10,45608676,rs113187820,0.061
10,46082985,rs76934034,10,45608901,rs10900166,0.061
10,46082985,rs76934034,10,45610044,rs12413391,0.061
10,46082985,rs76934034,10,45610364,rs7922848,0.061
10,46082985,rs76934034,10,45610430,rs3855868,0.056
10,46082985,rs76934034,10,45610525,rs3845267,0.061
10,46082985,rs76934034,10,45611077,rs10793586,0.06
10,46082985,rs76934034,10,45612064,rs1961333,0.061
10,46082985,rs76934034,10,45612074,rs1961334,0.061
10,46082985,rs76934034,10,45614197,rs7084047,0.061
10,46082985,rs76934034,10,45614302,rs7072352,0.061
10,46082985,rs76934034,10,45614366,rs7072375,0.06
10,46082985,rs76934034,10,45614492,rs7084452,0.061
10,46082985,rs76934034,10,45615348,rs4120893,0.06
10,46082985,rs76934034,10,45615460,rs4113135,0.061
10,46082985,rs76934034,10,45617714,rs3862877,0.06
10,46082985,rs76934034,10,45617747,rs1832575,0.061
10,46082985,rs76934034,10,45617971,rs11394298,0.061
10,46082985,rs76934034,10,45618028,rs6593460,0.06
10,46082985,rs76934034,10,45618498,rs7902898,0.061
10,46082985,rs76934034,10,45618556,rs7923293,0.06
10,46082985,rs76934034,10,45618801,rs7907374,0.06
10,46082985,rs76934034,10,45619052,rs4948949,0.061
10,46082985,rs76934034,10,45619117,rs4948950,0.061
10,46082985,rs76934034,10,45619137,rs10709738,0.061
10,46082985,rs76934034,10,45619660,rs142618366,0.061
10,46082985,rs76934034,10,45619722,rs4948655,0.061
10,46082985,rs76934034,10,45619764,rs10736833,0.061
10,46082985,rs76934034,10,45620390,rs10900167,0.058
10,46082985,rs76934034,10,45620964,rs4948951,0.058
10,46082985,rs76934034,10,45621057,rs4948952,0.058
10,46082985,rs76934034,10,45621186,rs4948656,0.058
10,46082985,rs76934034,10,45621772,rs12414221,0.058
10,46082985,rs76934034,10,45621777,rs12415640,0.058
10,46082985,rs76934034,10,45622885,rs3740099,0.057
10,46082985,rs76934034,10,45624236,rs1832576,0.058
10,46082985,rs76934034,10,45624545,rs10751372,0.058
10,46082985,rs76934034,10,45626182,rs10793588,0.058
10,46082985,rs76934034,10,45628894,rs2078026,0.058
10,46082985,rs76934034,10,45629114,rs10900170,0.058
10,46082985,rs76934034,10,45630913,rs7080443,0.061
10,46082985,rs76934034,10,45631405,rs10751373,0.061
10,46082985,rs76934034,10,45632274,rs4948657,0.061
10,46082985,rs76934034,10,45640345,rs11239364,0.101
10,46082985,rs76934034,10,45659032,rs10444171,0.101
10,46082985,rs76934034,10,45666965,rs2275847,0.052
10,46082985,rs76934034,10,45667255,rs2275846,0.052
10,46082985,rs76934034,10,45668203,rs4948953,0.052
10,46082985,rs76934034,10,45668241,rs4948954,0.052
10,46082985,rs76934034,10,45668913,rs2311316,0.052
10,46082985,rs76934034,10,45668973,rs1856592,0.052
10,46082985,rs76934034,10,45670463,rs7910939,0.052
10,46082985,rs76934034,10,45670541,rs7911066,0.052
10,46082985,rs76934034,10,45671134,rs4948658,0.052
10,46082985,rs76934034,10,45672429,rs3851263,0.052
10,46082985,rs76934034,10,45672898,rs10900174,0.052
10,46082985,rs76934034,10,45673057,rs10900175,0.052
10,46082985,rs76934034,10,45673310,rs7079140,0.052
10,46082985,rs76934034,10,45675153,rs11239374,0.052
10,46082985,rs76934034,10,45675525,rs11239375,0.052
10,46082985,rs76934034,10,45676152,rs10430732,0.052
10,46082985,rs76934034,10,45676218,rs10430733,0.052
10,46082985,rs76934034,10,45676748,rs2282351,0.052
10,46082985,rs76934034,10,45678544,rs9326532,0.052
10,46082985,rs76934034,10,45678596,rs34383078,0.052
10,46082985,rs76934034,10,45679987,rs4948955,0.052
10,46082985,rs76934034,10,45680227,rs4948956,0.052
10,46082985,rs76934034,10,45680452,rs10900178,0.052
10,46082985,rs76934034,10,45680663,rs10793592,0.052
10,46082985,rs76934034,10,45680987,rs10793593,0.052
10,46082985,rs76934034,10,45681158,rs10751379,0.052
10,46082985,rs76934034,10,45681405,rs34124395,0.052
10,46082985,rs76934034,10,45681502,rs10793594,0.052
10,46082985,rs76934034,10,45681810,rs10900179,0.052
10,46082985,rs76934034,10,45682751,rs35787520,0.052
10,46082985,rs76934034,10,45682800,rs71515331,0.053
10,46082985,rs76934034,10,45684066,rs2311318,0.052
10,46082985,rs76934034,10,45684131,rs1815628,0.052
10,46082985,rs76934034,10,45684450,rs1815627,0.051
10,46082985,rs76934034,10,45684654,rs10900180,0.052
10,46082985,rs76934034,10,45685259,rs4948957,0.052
10,46082985,rs76934034,10,45685999,rs2050782,0.052
10,46082985,rs76934034,10,45686104,rs2153331,0.052
10,46082985,rs76934034,10,45686616,rs375057536,0.051
10,46082985,rs76934034,10,45687264,rs71515332,0.053
10,46082985,rs76934034,10,45687820,rs7917831,0.051
10,46082985,rs76934034,10,45688030,rs7918108,0.051
10,46082985,rs76934034,10,45688593,rs56893462,0.052
10,46082985,rs76934034,10,45688715,rs10793595,0.052
10,46082985,rs76934034,10,45688969,rs10793596,0.051
10,46082985,rs76934034,10,45689237,rs2311317,0.051
10,46082985,rs76934034,10,45689582,rs10732899,0.051
10,46082985,rs76934034,10,45690064,rs10793597,0.052
10,46082985,rs76934034,10,45690190,rs7074191,0.05
10,46082985,rs76934034,10,45690260,rs11239383,0.052
10,46082985,rs76934034,10,45690364,rs12360498,0.052
10,46082985,rs76934034,10,45690757,rs7914816,0.051
10,46082985,rs76934034,10,45691076,rs71515333,0.052
10,46082985,rs76934034,10,45691403,rs4948958,0.051
10,46082985,rs76934034,10,45692202,rs2010841,0.052
10,46082985,rs76934034,10,45692515,rs7905115,0.052
10,46082985,rs76934034,10,45692800,rs35543570,0.052
10,46082985,rs76934034,10,45693003,rs7912225,0.052
10,46082985,rs76934034,10,45693694,rs6593462,0.052
10,46082985,rs76934034,10,45694085,rs11239385,0.105
10,46082985,rs76934034,10,45694142,rs10793598,0.052
10,46082985,rs76934034,10,45694156,rs10793599,0.052
10,46082985,rs76934034,10,45694201,rs10793600,0.052
10,46082985,rs76934034,10,45694506,chr10_45694506_A_C,0.052
10,46082985,rs76934034,10,45694560,rs10793602,0.052
10,46082985,rs76934034,10,45694562,rs10900181,0.052
10,46082985,rs76934034,10,45694706,rs10458776,0.052
10,46082985,rs76934034,10,45694755,rs10458775,0.052
10,46082985,rs76934034,10,45694856,rs10458777,0.051
10,46082985,rs76934034,10,45695628,rs6593463,0.052
10,46082985,rs76934034,10,45696266,rs7081946,0.052
10,46082985,rs76934034,10,45696701,rs10508892,0.051
10,46082985,rs76934034,10,45696815,rs11239386,0.052
10,46082985,rs76934034,10,45696817,rs11239387,0.052
10,46082985,rs76934034,10,45696832,rs369722863,0.052
10,46082985,rs76934034,10,45697020,rs12269344,0.052
10,46082985,rs76934034,10,45700448,rs7074910,0.051
10,46082985,rs76934034,10,45700592,rs4948961,0.052
10,46082985,rs76934034,10,45701522,rs11239390,0.051
10,46082985,rs76934034,10,45701875,rs10793603,0.052
10,46082985,rs76934034,10,45702062,rs61320261,0.061
10,46082985,rs76934034,10,45702665,rs10900182,0.051
10,46082985,rs76934034,10,45703753,rs7081346,0.052
10,46082985,rs76934034,10,45704036,rs10900183,0.051
10,46082985,rs76934034,10,45704659,rs1856598,0.104
10,46082985,rs76934034,10,45705134,rs4948962,0.051
10,46082985,rs76934034,10,45705529,rs4948963,0.051
10,46082985,rs76934034,10,45705577,rs4948964,0.052
10,46082985,rs76934034,10,45705811,rs4948659,0.052
10,46082985,rs76934034,10,45706566,rs10793604,0.051
10,46082985,rs76934034,10,45707524,rs4948965,0.051
10,46082985,rs76934034,10,45707568,rs1339752,0.051
10,46082985,rs76934034,10,45707846,rs1856599,0.051
10,46082985,rs76934034,10,45708788,rs10751380,0.052
10,46082985,rs76934034,10,45708969,rs35720374,0.051
10,46082985,rs76934034,10,45712665,rs10793606,0.051
10,46082985,rs76934034,10,45713416,chr10_45713416_A_G,0.053
10,46082985,rs76934034,10,45713606,rs7923298,0.05
10,46082985,rs76934034,10,45717942,rs4948660,0.055
10,46082985,rs76934034,10,45720222,rs1890736,0.054
10,46082985,rs76934034,10,45720876,rs4948968,0.056
10,46082985,rs76934034,10,45724720,rs10900187,0.055
10,46082985,rs76934034,10,45729394,10:45729394:AAAC:A,0.054
10,46082985,rs76934034,10,45729398,rs5784678,0.054
10,46082985,rs76934034,10,45734317,rs12413957,0.056
10,46082985,rs76934034,10,45736643,chr10_45736643_A_G,0.061
10,46082985,rs76934034,10,45737597,rs4948973,0.073
10,46082985,rs76934034,10,45751692,rs1122801,0.063
10,46082985,rs76934034,10,45754173,rs1890739,0.058
10,46082985,rs76934034,10,45755010,rs11599826,0.057
10,46082985,rs76934034,10,45755034,rs11591569,0.063
10,46082985,rs76934034,10,45755055,rs11593069,0.064
10,46082985,rs76934034,10,45755240,rs77866489,0.064
10,46082985,rs76934034,10,45755360,rs7094442,0.072
10,46082985,rs76934034,10,45755535,rs145173273,0.064
10,46082985,rs76934034,10,45755739,rs7476029,0.059
10,46082985,rs76934034,10,45755849,rs4643031,0.064
10,46082985,rs76934034,10,45755872,rs4587683,0.064
10,46082985,rs76934034,10,45755965,rs4387312,0.064
10,46082985,rs76934034,10,45756149,rs7904966,0.059
10,46082985,rs76934034,10,45756632,rs7894766,0.065
10,46082985,rs76934034,10,45756719,rs7909803,0.064
10,46082985,rs76934034,10,45756876,rs7898089,0.064
10,46082985,rs76934034,10,45756896,rs7910028,0.064
10,46082985,rs76934034,10,45757282,rs1011388,0.062
10,46082985,rs76934034,10,45758800,rs12266548,0.071
10,46082985,rs76934034,10,45760573,rs10900192,0.064
10,46082985,rs76934034,10,45761138,rs4948979,0.064
10,46082985,rs76934034,10,45761228,rs4948662,0.064
10,46082985,rs76934034,10,45761240,rs4948663,0.072
10,46082985,rs76934034,10,45761275,rs11239406,0.065
10,46082985,rs76934034,10,45761883,rs113176959,0.064
10,46082985,rs76934034,10,45761939,rs10900193,0.059
10,46082985,rs76934034,10,45762104,rs1856595,0.064
10,46082985,rs76934034,10,45762267,rs1856596,0.064
10,46082985,rs76934034,10,45763211,rs4948665,0.065
10,46082985,rs76934034,10,45763406,rs4948666,0.065
10,46082985,rs76934034,10,45764321,rs3969878,0.065
10,46082985,rs76934034,10,45764460,rs11239408,0.059
10,46082985,rs76934034,10,45764522,rs4285831,0.064
10,46082985,rs76934034,10,45764672,rs3969877,0.072
10,46082985,rs76934034,10,45764692,rs4540802,0.072
10,46082985,rs76934034,10,45764858,rs12251213,0.064
10,46082985,rs76934034,10,45764923,rs12767655,0.059
10,46082985,rs76934034,10,45765044,rs4341490,0.065
10,46082985,rs76934034,10,45765879,rs201505084,0.058
10,46082985,rs76934034,10,45766214,rs4417224,0.071
10,46082985,rs76934034,10,45768210,rs4948667,0.059
10,46082985,rs76934034,10,45768531,rs10900194,0.059
10,46082985,rs76934034,10,45768608,rs4948982,0.059
10,46082985,rs76934034,10,45769174,rs10082403,0.059
10,46082985,rs76934034,10,45769638,rs12573784,0.064
10,46082985,rs76934034,10,45769922,rs10793611,0.064
10,46082985,rs76934034,10,45770725,rs1897890,0.059
10,46082985,rs76934034,10,45770840,rs1897891,0.064
10,46082985,rs76934034,10,45771099,rs1897892,0.064
10,46082985,rs76934034,10,45772665,chr10_45772665_C_T,0.242
10,46082985,rs76934034,10,45772813,rs34650304,0.064
10,46082985,rs76934034,10,45772960,rs74262020,0.064
10,46082985,rs76934034,10,45773219,rs4948983,0.064
10,46082985,rs76934034,10,45773406,rs4948984,0.059
10,46082985,rs76934034,10,45773442,rs4948985,0.064
10,46082985,rs76934034,10,45773639,rs7079089,0.064
10,46082985,rs76934034,10,45773736,rs11239411,0.064
10,46082985,rs76934034,10,45774725,rs1836467,0.065
10,46082985,rs76934034,10,45775232,rs1836468,0.072
10,46082985,rs76934034,10,45776838,rs7097007,0.071
10,46082985,rs76934034,10,45777089,rs1836469,0.071
10,46082985,rs76934034,10,45777536,rs4948987,0.071
10,46082985,rs76934034,10,45777688,rs4948670,0.071
10,46082985,rs76934034,10,45777704,rs4948988,0.071
10,46082985,rs76934034,10,45777825,rs1583420,0.071
10,46082985,rs76934034,10,45778427,rs7071165,0.071
10,46082985,rs76934034,10,45778428,rs7071166,0.071
10,46082985,rs76934034,10,45779151,rs1583421,0.071
10,46082985,rs76934034,10,45779319,rs1836470,0.07
10,46082985,rs76934034,10,45779570,rs1836471,0.071
10,46082985,rs76934034,10,45779709,rs11511609,0.071
10,46082985,rs76934034,10,45779855,rs9665501,0.071
10,46082985,rs76934034,10,45780200,rs4948989,0.071
10,46082985,rs76934034,10,45780263,rs4948990,0.071
10,46082985,rs76934034,10,45780342,rs4948991,0.071
10,46082985,rs76934034,10,45781565,rs12781867,0.071
10,46082985,rs76934034,10,45781957,rs34483031,0.071
10,46082985,rs76934034,10,45781959,rs35488399,0.071
10,46082985,rs76934034,10,45783429,rs4590823,0.071
10,46082985,rs76934034,10,45783430,rs4434951,0.071
10,46082985,rs76934034,10,45785138,rs7898949,0.071
10,46082985,rs76934034,10,45786262,chr10_45786262_A_G,0.242
10,46082985,rs76934034,10,45790429,rs11239421,0.072
10,46082985,rs76934034,10,45791541,rs6593474,0.072
10,46082985,rs76934034,10,45794231,rs7912175,0.072
10,46082985,rs76934034,10,45794475,rs4948992,0.072
10,46082985,rs76934034,10,45794476,rs11511613,0.072
10,46082985,rs76934034,10,45795977,rs6593476,0.072
10,46082985,rs76934034,10,45796001,rs6593477,0.072
10,46082985,rs76934034,10,45801900,rs139231155,0.06
10,46082985,rs76934034,10,45806080,rs11390013,0.063
10,46082985,rs76934034,10,45808773,rs34064366,0.063
10,46082985,rs76934034,10,45809815,rs4948994,0.063
10,46082985,rs76934034,10,45811945,rs12782902,0.063
10,46082985,rs76934034,10,45812024,rs12783085,0.063
10,46082985,rs76934034,10,45812938,rs7097833,0.063
10,46082985,rs76934034,10,45813010,10:45813010:A:AT,0.235
10,46082985,rs76934034,10,45813469,rs10900202,0.063
10,46082985,rs76934034,10,45813869,rs7393272,0.058
10,46082985,rs76934034,10,45813956,rs7393279,0.063
10,46082985,rs76934034,10,45814169,rs7394302,0.063
10,46082985,rs76934034,10,45816507,rs11511616,0.063
10,46082985,rs76934034,10,45821438,rs10793615,0.071
10,46082985,rs76934034,10,45823129,rs140018811,0.071
10,46082985,rs76934034,10,45823939,rs7087725,0.071
10,46082985,rs76934034,10,45825918,rs4363546,0.064
10,46082985,rs76934034,10,45826437,rs34680166,0.071
10,46082985,rs76934034,10,45829765,rs2099173,0.071
10,46082985,rs76934034,10,45829807,rs2311340,0.07
10,46082985,rs76934034,10,45831626,rs7079444,0.071
10,46082985,rs76934034,10,45836412,rs6593479,0.071
10,46082985,rs76934034,10,45838257,rs2871741,0.071
10,46082985,rs76934034,10,45838599,rs4948997,0.071
10,46082985,rs76934034,10,45839605,rs141413967,0.071
10,46082985,rs76934034,10,45840319,rs11239472,0.071
10,46082985,rs76934034,10,45842039,rs146291510,0.232
10,46082985,rs76934034,10,45842887,rs6593480,0.071
10,46082985,rs76934034,10,45844696,rs4483541,0.071
10,46082985,rs76934034,10,45845710,rs11239474,0.066
10,46082985,rs76934034,10,45850300,rs1864415,0.071
10,46082985,rs76934034,10,45850626,chr10_45850626_A_T,0.231
10,46082985,rs76934034,10,45853015,rs11239484,0.071
10,46082985,rs76934034,10,45853949,rs7477350,0.071
10,46082985,rs76934034,10,45854778,rs11511618,0.231
10,46082985,rs76934034,10,45854912,rs1816492,0.071
10,46082985,rs76934034,10,45855496,rs10793616,0.071
10,46082985,rs76934034,10,45855863,rs4433525,0.071
10,46082985,rs76934034,10,45857826,rs9988764,0.071
10,46082985,rs76934034,10,45864276,rs4948998,0.069
10,46082985,rs76934034,10,45864287,rs7076696,0.071
10,46082985,rs76934034,10,45880056,rs4948671,0.075
10,46082985,rs76934034,10,45883406,rs4948999,0.075
10,46082985,rs76934034,10,45887277,rs35990892,0.075
10,46082985,rs76934034,10,45887341,rs34737297,0.075
10,46082985,rs76934034,10,45887918,rs4071544,0.075
10,46082985,rs76934034,10,45890445,rs7895552,0.075
10,46082985,rs76934034,10,45891054,rs5784682,0.083
10,46082985,rs76934034,10,45891800,rs61009951,0.075
10,46082985,rs76934034,10,45896207,rs934187,0.075
10,46082985,rs76934034,10,45902886,rs7909514,0.075
10,46082985,rs76934034,10,45904714,rs10900213,0.067
10,46082985,rs76934034,10,45904771,rs35793906,0.068
10,46082985,rs76934034,10,45908760,rs7075620,0.071
10,46082985,rs76934034,10,45914527,rs4948672,0.062
10,46082985,rs76934034,10,45914744,rs12264801,0.068
10,46082985,rs76934034,10,45923528,rs2279435,0.067
10,46082985,rs76934034,10,45924887,rs116883184,0.182
10,46082985,rs76934034,10,45924896,chr10_45924896_C_T,0.183
10,46082985,rs76934034,10,45925215,chr10_45925215_A_T,0.087
10,46082985,rs76934034,10,45934331,rs702365,0.085
10,46082985,rs76934034,10,45934372,rs702366,0.085
10,46082985,rs76934034,10,45934529,rs901681,0.085
10,46082985,rs76934034,10,45935744,rs3780914,0.086
10,46082985,rs76934034,10,45937423,chr10_45937423_C_T,0.094
10,46082985,rs76934034,10,45937992,rs10751383,0.071
10,46082985,rs76934034,10,45941499,chr10_45941499_A_C,0.507
10,46082985,rs76934034,10,45945690,rs4948674,0.135
10,46082985,rs76934034,10,45954290,chr10_45954290_A_G,0.152
10,46082985,rs76934034,10,45968987,rs7087633,0.086
10,46082985,rs76934034,10,45986815,rs10793617,0.112
10,46082985,rs76934034,10,45987890,rs12414122,0.466
10,46082985,rs76934034,10,45990295,rs4949004,0.113
10,46082985,rs76934034,10,46002437,rs11239542,0.466
10,46082985,rs76934034,10,46012620,rs4949006,0.058
10,46082985,rs76934034,10,46015318,rs7081687,0.162
10,46082985,rs76934034,10,46024620,rs1073525,0.112
10,46082985,rs76934034,10,46057387,chr10_46057387_A_C,0.426
10,46082985,rs76934034,10,46063198,rs11239562,0.114
10,46082985,rs76934034,10,46082985,rs76934034,1
10,46082985,rs76934034,10,46088557,rs4367907,0.139
10,46082985,rs76934034,10,46099375,rs10647916,0.107
10,46082985,rs76934034,10,46101156,rs35701696,0.107
10,46082985,rs76934034,10,46104943,rs7075427,0.975
10,46082985,rs76934034,10,46105784,chr10_46105784_G_T,0.233
10,46082985,rs76934034,10,46107308,rs10751384,0.106
10,46082985,rs76934034,10,46118361,rs199505728,0.25
10,46082985,rs76934034,10,46118657,chr10_46118657_C_T,0.106
10,46082985,rs76934034,10,46134013,rs10751386,0.107
10,46082985,rs76934034,10,46135971,rs12354709,0.438
10,46082985,rs76934034,10,46136306,chr10_46136306_A_C,0.179
10,46082985,rs76934034,10,46141837,rs10751387,0.108
10,46082985,rs76934034,10,46148326,rs7091141,0.429
10,46082985,rs76934034,10,46157245,rs10793622,0.107
10,46082985,rs76934034,10,46162952,rs7069223,0.107
10,46082985,rs76934034,10,46172739,rs10793623,0.104
10,46082985,rs76934034,10,46179130,rs200352102,0.18
10,46082985,rs76934034,10,46182946,rs76752981,0.099
10,46082985,rs76934034,10,46182948,rs76201220,0.099
10,46082985,rs76934034,10,46186801,rs4451672,0.092
10,46082985,rs76934034,10,46195321,rs79538027,0.109
10,46082985,rs76934034,10,46196207,rs11593802,0.108
10,46082985,rs76934034,10,46196474,rs61855791,0.1
10,46082985,rs76934034,10,46196575,rs150968467,0.11
10,46082985,rs76934034,10,46200866,rs10900234,0.111
10,46082985,rs76934034,10,46207055,rs7083753,0.131
10,46082985,rs76934034,10,46215431,rs2442927,0.08
10,46082985,rs76934034,10,46231555,rs113659681,0.089
10,46082985,rs76934034,10,46246300,rs117298225,0.082
10,46148326,rs7091141,10,45601281,rs5006854,0.05
10,46148326,rs7091141,10,45601282,rs5006853,0.05
10,46148326,rs7091141,10,45601284,rs5006852,0.05
10,46148326,rs7091141,10,45601312,rs4472887,0.05
10,46148326,rs7091141,10,45640345,rs11239364,0.052
10,46148326,rs7091141,10,45659032,rs10444171,0.052
10,46148326,rs7091141,10,45694085,rs11239385,0.05
10,46148326,rs7091141,10,45704659,rs1856598,0.053
10,46148326,rs7091141,10,45717942,rs4948660,0.08
10,46148326,rs7091141,10,45718217,rs7921486,0.066
10,46148326,rs7091141,10,45720182,rs1890735,0.052
10,46148326,rs7091141,10,45720222,rs1890736,0.08
10,46148326,rs7091141,10,45720368,rs1890737,0.053
10,46148326,rs7091141,10,45720876,rs4948968,0.082
10,46148326,rs7091141,10,45723417,rs7912637,0.053
10,46148326,rs7091141,10,45723458,rs7923456,0.068
10,46148326,rs7091141,10,45724720,rs10900187,0.081
10,46148326,rs7091141,10,45726643,rs4948969,0.068
10,46148326,rs7091141,10,45726941,rs1856589,0.053
10,46148326,rs7091141,10,45729394,10:45729394:AAAC:A,0.079
10,46148326,rs7091141,10,45729398,rs5784678,0.079
10,46148326,rs7091141,10,45730976,rs1832577,0.067
10,46148326,rs7091141,10,45731683,rs2185311,0.055
10,46148326,rs7091141,10,45731944,rs2153332,0.067
10,46148326,rs7091141,10,45733045,rs10900190,0.057
10,46148326,rs7091141,10,45734317,rs12413957,0.084
10,46148326,rs7091141,10,45734320,rs10736835,0.058
10,46148326,rs7091141,10,45734714,rs4948971,0.07
10,46148326,rs7091141,10,45735140,rs4948972,0.067
10,46148326,rs7091141,10,45736260,rs374852290,0.054
10,46148326,rs7091141,10,45736643,chr10_45736643_A_G,0.096
10,46148326,rs7091141,10,45736946,rs1977764,0.055
10,46148326,rs7091141,10,45737597,rs4948973,0.105
10,46148326,rs7091141,10,45738303,rs4948974,0.053
10,46148326,rs7091141,10,45738890,rs6593466,0.052
10,46148326,rs7091141,10,45739131,rs2282350,0.053
10,46148326,rs7091141,10,45739639,rs4948975,0.053
10,46148326,rs7091141,10,45740263,rs5006684,0.053
10,46148326,rs7091141,10,45740276,rs113697356,0.052
10,46148326,rs7091141,10,45740487,rs1339749,0.053
10,46148326,rs7091141,10,45742058,rs4948976,0.064
10,46148326,rs7091141,10,45743593,rs4948977,0.064
10,46148326,rs7091141,10,45744479,rs7907957,0.064
10,46148326,rs7091141,10,45745850,rs4948978,0.064
10,46148326,rs7091141,10,45748614,rs1578204,0.068
10,46148326,rs7091141,10,45748743,rs1578205,0.065
10,46148326,rs7091141,10,45749813,rs7086201,0.068
10,46148326,rs7091141,10,45750661,rs1339750,0.053
10,46148326,rs7091141,10,45751692,rs1122801,0.055
10,46148326,rs7091141,10,45754173,rs1890739,0.053
10,46148326,rs7091141,10,45755010,rs11599826,0.051
10,46148326,rs7091141,10,45755034,rs11591569,0.054
10,46148326,rs7091141,10,45755055,rs11593069,0.054
10,46148326,rs7091141,10,45755240,rs77866489,0.055
10,46148326,rs7091141,10,45755360,rs7094442,0.069
10,46148326,rs7091141,10,45755535,rs145173273,0.056
10,46148326,rs7091141,10,45755739,rs7476029,0.053
10,46148326,rs7091141,10,45755849,rs4643031,0.056
10,46148326,rs7091141,10,45755872,rs4587683,0.056
10,46148326,rs7091141,10,45755965,rs4387312,0.06
10,46148326,rs7091141,10,45756149,rs7904966,0.054
10,46148326,rs7091141,10,45756632,rs7894766,0.056
10,46148326,rs7091141,10,45756719,rs7909803,0.056
10,46148326,rs7091141,10,45756876,rs7898089,0.056
10,46148326,rs7091141,10,45756896,rs7910028,0.056
10,46148326,rs7091141,10,45757282,rs1011388,0.055
10,46148326,rs7091141,10,45758800,rs12266548,0.069
10,46148326,rs7091141,10,45760573,rs10900192,0.056
10,46148326,rs7091141,10,45761138,rs4948979,0.056
10,46148326,rs7091141,10,45761228,rs4948662,0.056
10,46148326,rs7091141,10,45761240,rs4948663,0.069
10,46148326,rs7091141,10,45761275,rs11239406,0.057
10,46148326,rs7091141,10,45761883,rs113176959,0.056
10,46148326,rs7091141,10,45761939,rs10900193,0.054
10,46148326,rs7091141,10,45762104,rs1856595,0.056
10,46148326,rs7091141,10,45762267,rs1856596,0.056
10,46148326,rs7091141,10,45763211,rs4948665,0.056
10,46148326,rs7091141,10,45763406,rs4948666,0.056
10,46148326,rs7091141,10,45764321,rs3969878,0.056
10,46148326,rs7091141,10,45764460,rs11239408,0.054
10,46148326,rs7091141,10,45764522,rs4285831,0.056
10,46148326,rs7091141,10,45764672,rs3969877,0.07
10,46148326,rs7091141,10,45764692,rs4540802,0.07
10,46148326,rs7091141,10,45764858,rs12251213,0.056
10,46148326,rs7091141,10,45764923,rs12767655,0.054
10,46148326,rs7091141,10,45765044,rs4341490,0.056
10,46148326,rs7091141,10,45766214,rs4417224,0.069
10,46148326,rs7091141,10,45768210,rs4948667,0.054
10,46148326,rs7091141,10,45768531,rs10900194,0.054
10,46148326,rs7091141,10,45768608,rs4948982,0.054
10,46148326,rs7091141,10,45769174,rs10082403,0.054
10,46148326,rs7091141,10,45769638,rs12573784,0.056
10,46148326,rs7091141,10,45769922,rs10793611,0.056
10,46148326,rs7091141,10,45770725,rs1897890,0.054
10,46148326,rs7091141,10,45770840,rs1897891,0.056
10,46148326,rs7091141,10,45771099,rs1897892,0.056
10,46148326,rs7091141,10,45772665,chr10_45772665_C_T,0.308
10,46148326,rs7091141,10,45772813,rs34650304,0.056
10,46148326,rs7091141,10,45772960,rs74262020,0.056
10,46148326,rs7091141,10,45773219,rs4948983,0.056
10,46148326,rs7091141,10,45773406,rs4948984,0.054
10,46148326,rs7091141,10,45773442,rs4948985,0.056
10,46148326,rs7091141,10,45773639,rs7079089,0.056
10,46148326,rs7091141,10,45773736,rs11239411,0.056
10,46148326,rs7091141,10,45774725,rs1836467,0.056
10,46148326,rs7091141,10,45775232,rs1836468,0.069
10,46148326,rs7091141,10,45776838,rs7097007,0.068
10,46148326,rs7091141,10,45777089,rs1836469,0.068
10,46148326,rs7091141,10,45777536,rs4948987,0.068
10,46148326,rs7091141,10,45777688,rs4948670,0.068
10,46148326,rs7091141,10,45777704,rs4948988,0.067
10,46148326,rs7091141,10,45777825,rs1583420,0.068
10,46148326,rs7091141,10,45778427,rs7071165,0.068
10,46148326,rs7091141,10,45778428,rs7071166,0.068
10,46148326,rs7091141,10,45779151,rs1583421,0.068
10,46148326,rs7091141,10,45779319,rs1836470,0.067
10,46148326,rs7091141,10,45779570,rs1836471,0.069
10,46148326,rs7091141,10,45779709,rs11511609,0.068
10,46148326,rs7091141,10,45779855,rs9665501,0.068
10,46148326,rs7091141,10,45780200,rs4948989,0.068
10,46148326,rs7091141,10,45780263,rs4948990,0.068
10,46148326,rs7091141,10,45780342,rs4948991,0.068
10,46148326,rs7091141,10,45781565,rs12781867,0.069
10,46148326,rs7091141,10,45781957,rs34483031,0.068
10,46148326,rs7091141,10,45781959,rs35488399,0.068
10,46148326,rs7091141,10,45783429,rs4590823,0.069
10,46148326,rs7091141,10,45783430,rs4434951,0.069
10,46148326,rs7091141,10,45785138,rs7898949,0.069
10,46148326,rs7091141,10,45786262,chr10_45786262_A_G,0.309
10,46148326,rs7091141,10,45790429,rs11239421,0.07
10,46148326,rs7091141,10,45791541,rs6593474,0.07
10,46148326,rs7091141,10,45794231,rs7912175,0.07
10,46148326,rs7091141,10,45794475,rs4948992,0.07
10,46148326,rs7091141,10,45794476,rs11511613,0.07
10,46148326,rs7091141,10,45795977,rs6593476,0.07
10,46148326,rs7091141,10,45796001,rs6593477,0.07
10,46148326,rs7091141,10,45801900,rs139231155,0.081
10,46148326,rs7091141,10,45806080,rs11390013,0.092
10,46148326,rs7091141,10,45808773,rs34064366,0.093
10,46148326,rs7091141,10,45809815,rs4948994,0.092
10,46148326,rs7091141,10,45811945,rs12782902,0.092
10,46148326,rs7091141,10,45812024,rs12783085,0.092
10,46148326,rs7091141,10,45812938,rs7097833,0.092
10,46148326,rs7091141,10,45813010,10:45813010:A:AT,0.375
10,46148326,rs7091141,10,45813469,rs10900202,0.092
10,46148326,rs7091141,10,45813869,rs7393272,0.078
10,46148326,rs7091141,10,45813956,rs7393279,0.092
10,46148326,rs7091141,10,45814169,rs7394302,0.092
10,46148326,rs7091141,10,45816507,rs11511616,0.092
10,46148326,rs7091141,10,45821438,rs10793615,0.109
10,46148326,rs7091141,10,45823129,rs140018811,0.108
10,46148326,rs7091141,10,45823939,rs7087725,0.109
10,46148326,rs7091141,10,45825918,rs4363546,0.095
10,46148326,rs7091141,10,45826437,rs34680166,0.108
10,46148326,rs7091141,10,45829765,rs2099173,0.109
10,46148326,rs7091141,10,45829807,rs2311340,0.108
10,46148326,rs7091141,10,45831626,rs7079444,0.109
10,46148326,rs7091141,10,45836412,rs6593479,0.108
10,46148326,rs7091141,10,45838257,rs2871741,0.108
10,46148326,rs7091141,10,45838599,rs4948997,0.108
10,46148326,rs7091141,10,45839605,rs141413967,0.109
10,46148326,rs7091141,10,45840319,rs11239472,0.109
10,46148326,rs7091141,10,45842039,rs146291510,0.37
10,46148326,rs7091141,10,45842887,rs6593480,0.109
10,46148326,rs7091141,10,45844030,rs11598040,0.053
10,46148326,rs7091141,10,45844696,rs4483541,0.109
10,46148326,rs7091141,10,45845710,rs11239474,0.095
10,46148326,rs7091141,10,45848028,rs10900208,0.059
10,46148326,rs7091141,10,45850300,rs1864415,0.11
10,46148326,rs7091141,10,45850626,chr10_45850626_A_T,0.37
10,46148326,rs7091141,10,45853015,rs11239484,0.11
10,46148326,rs7091141,10,45853949,rs7477350,0.11
10,46148326,rs7091141,10,45854778,rs11511618,0.372
10,46148326,rs7091141,10,45854912,rs1816492,0.11
10,46148326,rs7091141,10,45855496,rs10793616,0.11
10,46148326,rs7091141,10,45855863,rs4433525,0.11
10,46148326,rs7091141,10,45857826,rs9988764,0.11
10,46148326,rs7091141,10,45864276,rs4948998,0.108
10,46148326,rs7091141,10,45864287,rs7076696,0.11
10,46148326,rs7091141,10,45880056,rs4948671,0.112
10,46148326,rs7091141,10,45883406,rs4948999,0.113
10,46148326,rs7091141,10,45887277,rs35990892,0.113
10,46148326,rs7091141,10,45887341,rs34737297,0.113
10,46148326,rs7091141,10,45887918,rs4071544,0.113
10,46148326,rs7091141,10,45890445,rs7895552,0.113
10,46148326,rs7091141,10,45891054,rs5784682,0.11
10,46148326,rs7091141,10,45891800,rs61009951,0.113
10,46148326,rs7091141,10,45896207,rs934187,0.113
10,46148326,rs7091141,10,45902886,rs7909514,0.112
10,46148326,rs7091141,10,45904714,rs10900213,0.095
10,46148326,rs7091141,10,45904771,rs35793906,0.098
10,46148326,rs7091141,10,45908760,rs7075620,0.102
10,46148326,rs7091141,10,45914527,rs4948672,0.154
10,46148326,rs7091141,10,45914744,rs12264801,0.143
10,46148326,rs7091141,10,45914753,rs112963802,0.061
10,46148326,rs7091141,10,45915185,rs57997114,0.074
10,46148326,rs7091141,10,45915340,rs10900216,0.07
10,46148326,rs7091141,10,45915941,rs2099171,0.084
10,46148326,rs7091141,10,45916834,rs6593485,0.074
10,46148326,rs7091141,10,45916913,rs6593486,0.074
10,46148326,rs7091141,10,45917092,rs892691,0.074
10,46148326,rs7091141,10,45917117,rs7080713,0.085
10,46148326,rs7091141,10,45917376,rs3780901,0.084
10,46148326,rs7091141,10,45918076,rs7090328,0.073
10,46148326,rs7091141,10,45918279,rs7073082,0.073
10,46148326,rs7091141,10,45920705,chr10_45920705_C_T,0.067
10,46148326,rs7091141,10,45921982,chr10_45921982_A_G,0.067
10,46148326,rs7091141,10,45923528,rs2279435,0.147
10,46148326,rs7091141,10,45923770,rs3740107,0.062
10,46148326,rs7091141,10,45924023,rs1565096,0.061
10,46148326,rs7091141,10,45924256,rs1565097,0.064
10,46148326,rs7091141,10,45924887,rs116883184,0.08
10,46148326,rs7091141,10,45924896,chr10_45924896_C_T,0.08
10,46148326,rs7091141,10,45925215,chr10_45925215_A_T,0.189
10,46148326,rs7091141,10,45928822,rs1487562,0.05
10,46148326,rs7091141,10,45928911,rs7099874,0.076
10,46148326,rs7091141,10,45930785,rs4540799,0.08
10,46148326,rs7091141,10,45930805,rs12765320,0.051
10,46148326,rs7091141,10,45931478,rs12247163,0.051
10,46148326,rs7091141,10,45931899,rs7080474,0.051
10,46148326,rs7091141,10,45932264,rs7068039,0.051
10,46148326,rs7091141,10,45933577,rs11290750,0.073
10,46148326,rs7091141,10,45934331,rs702365,0.19
10,46148326,rs7091141,10,45934372,rs702366,0.189
10,46148326,rs7091141,10,45934529,rs901681,0.19
10,46148326,rs7091141,10,45935563,rs3780913,0.086
10,46148326,rs7091141,10,45935744,rs3780914,0.19
10,46148326,rs7091141,10,45936224,rs2291427,0.087
10,46148326,rs7091141,10,45936359,rs10751382,0.087
10,46148326,rs7091141,10,45937423,chr10_45937423_C_T,0.209
10,46148326,rs7091141,10,45937992,rs10751383,0.158
10,46148326,rs7091141,10,45938239,rs2242332,0.087
10,46148326,rs7091141,10,45938301,rs2242334,0.087
10,46148326,rs7091141,10,45939136,rs7900977,0.064
10,46148326,rs7091141,10,45941499,chr10_45941499_A_C,0.217
10,46148326,rs7091141,10,45943435,rs4948673,0.067
10,46148326,rs7091141,10,45945690,rs4948674,0.302
10,46148326,rs7091141,10,45946389,rs7089063,0.066
10,46148326,rs7091141,10,45952745,rs3802548,0.067
10,46148326,rs7091141,10,45953767,rs7908745,0.078
10,46148326,rs7091141,10,45954290,chr10_45954290_A_G,0.064
10,46148326,rs7091141,10,45955036,rs11239528,0.067
10,46148326,rs7091141,10,45957247,rs71740956,0.067
10,46148326,rs7091141,10,45958082,10:45958082:G:GT,0.066
10,46148326,rs7091141,10,45958856,rs2291428,0.067
10,46148326,rs7091141,10,45958881,rs2291429,0.067
10,46148326,rs7091141,10,45961422,rs10900218,0.066
10,46148326,rs7091141,10,45962358,rs12767823,0.066
10,46148326,rs7091141,10,45963387,rs963029,0.066
10,46148326,rs7091141,10,45968987,rs7087633,0.193
10,46148326,rs7091141,10,45970853,rs35950522,0.066
10,46148326,rs7091141,10,45971186,rs1080264,0.064
10,46148326,rs7091141,10,45971927,rs10900219,0.066
10,46148326,rs7091141,10,45972119,rs11499089,0.088
10,46148326,rs7091141,10,45974016,rs3086168,0.064
10,46148326,rs7091141,10,45978387,rs11239535,0.091
10,46148326,rs7091141,10,45978598,rs11239536,0.065
10,46148326,rs7091141,10,45979232,rs145976573,0.052
10,46148326,rs7091141,10,45981184,rs61854096,0.067
10,46148326,rs7091141,10,45982219,rs72796498,0.067
10,46148326,rs7091141,10,45982508,rs11239537,0.091
10,46148326,rs7091141,10,45983922,rs10900220,0.09
10,46148326,rs7091141,10,45984094,rs4949003,0.064
10,46148326,rs7091141,10,45986815,rs10793617,0.252
10,46148326,rs7091141,10,45987890,rs12414122,0.951
10,46148326,rs7091141,10,45988597,rs10900221,0.067
10,46148326,rs7091141,10,45988821,rs10793618,0.064
10,46148326,rs7091141,10,45990295,rs4949004,0.252
10,46148326,rs7091141,10,45992470,rs12249012,0.064
10,46148326,rs7091141,10,45993782,rs12246131,0.067
10,46148326,rs7091141,10,45993933,rs35238918,0.066
10,46148326,rs7091141,10,45994596,rs11239538,0.067
10,46148326,rs7091141,10,45996309,rs7076198,0.067
10,46148326,rs7091141,10,45997366,rs10900222,0.091
10,46148326,rs7091141,10,45998984,rs148063610,0.069
10,46148326,rs7091141,10,46001866,rs11239541,0.093
10,46148326,rs7091141,10,46002060,rs12243153,0.067
10,46148326,rs7091141,10,46002437,rs11239542,0.951
10,46148326,rs7091141,10,46003812,rs964686,0.093
10,46148326,rs7091141,10,46007470,rs11239543,0.093
10,46148326,rs7091141,10,46007533,rs11239544,0.069
10,46148326,rs7091141,10,46010891,rs58865519,0.067
10,46148326,rs7091141,10,46012245,rs11239545,0.069
10,46148326,rs7091141,10,46012620,rs4949006,0.083
10,46148326,rs7091141,10,46013277,rs970548,0.069
10,46148326,rs7091141,10,46015318,rs7081687,0.369
10,46148326,rs7091141,10,46017933,rs140235536,0.067
10,46148326,rs7091141,10,46018168,rs11239548,0.091
10,46148326,rs7091141,10,46018831,rs11239549,0.068
10,46148326,rs7091141,10,46021631,rs10900223,0.069
10,46148326,rs7091141,10,46022005,rs55665473,0.067
10,46148326,rs7091141,10,46022152,rs34563674,0.093
10,46148326,rs7091141,10,46022676,rs3103182,0.087
10,46148326,rs7091141,10,46024534,rs10900224,0.067
10,46148326,rs7091141,10,46024620,rs1073525,0.252
10,46148326,rs7091141,10,46024729,rs11239550,0.093
10,46148326,rs7091141,10,46026107,rs11239551,0.067
10,46148326,rs7091141,10,46028010,rs1994426,0.063
10,46148326,rs7091141,10,46029631,rs12257549,0.07
10,46148326,rs7091141,10,46031747,rs10466245,0.067
10,46148326,rs7091141,10,46040261,rs67201058,0.065
10,46148326,rs7091141,10,46041227,rs1982795,0.062
10,46148326,rs7091141,10,46041287,rs1982794,0.063
10,46148326,rs7091141,10,46041853,rs12217545,0.063
10,46148326,rs7091141,10,46042229,rs35226792,0.074
10,46148326,rs7091141,10,46042573,rs1982796,0.094
10,46148326,rs7091141,10,46043880,rs10900226,0.087
10,46148326,rs7091141,10,46044367,rs9422648,0.088
10,46148326,rs7091141,10,46044458,rs11239556,0.062
10,46148326,rs7091141,10,46049139,rs7920317,0.087
10,46148326,rs7091141,10,46049281,rs10597890,0.096
10,46148326,rs7091141,10,46050653,rs11239558,0.063
10,46148326,rs7091141,10,46052744,rs9422656,0.087
10,46148326,rs7091141,10,46053862,rs73289207,0.063
10,46148326,rs7091141,10,46055646,rs12269352,0.095
10,46148326,rs7091141,10,46056127,rs56005617,0.093
10,46148326,rs7091141,10,46057222,rs11239559,0.064
10,46148326,rs7091141,10,46057387,chr10_46057387_A_C,0.184
10,46148326,rs7091141,10,46060433,rs60290162,0.068
10,46148326,rs7091141,10,46063198,rs11239562,0.256
10,46148326,rs7091141,10,46063654,rs12265787,0.093
10,46148326,rs7091141,10,46064943,rs11239564,0.064
10,46148326,rs7091141,10,46065451,rs61854123,0.068
10,46148326,rs7091141,10,46069557,rs35724016,0.062
10,46148326,rs7091141,10,46070416,rs35258633,0.063
10,46148326,rs7091141,10,46070771,rs11239565,0.063
10,46148326,rs7091141,10,46071088,rs7095806,0.063
10,46148326,rs7091141,10,46072443,rs57040411,0.063
10,46148326,rs7091141,10,46072872,rs10900227,0.088
10,46148326,rs7091141,10,46076235,rs7086046,0.07
10,46148326,rs7091141,10,46077011,rs11239567,0.063
10,46148326,rs7091141,10,46081361,rs7918454,0.063
10,46148326,rs7091141,10,46082761,rs33990034,0.088
10,46148326,rs7091141,10,46082985,rs76934034,0.429
10,46148326,rs7091141,10,46083500,rs7896175,0.086
10,46148326,rs7091141,10,46083933,rs7900810,0.063
10,46148326,rs7091141,10,46084243,rs12242611,0.069
10,46148326,rs7091141,10,46086324,rs10793619,0.096
10,46148326,rs7091141,10,46086350,rs11239569,0.071
10,46148326,rs7091141,10,46086417,rs11239570,0.063
10,46148326,rs7091141,10,46087283,rs10793620,0.096
10,46148326,rs7091141,10,46087892,rs11239571,0.069
10,46148326,rs7091141,10,46088557,rs4367907,0.317
10,46148326,rs7091141,10,46090051,10:46090051:ACCCAGCCCAGCCCAG:ACCCAGCCCAGCCCAGCCCAG,0.065
10,46148326,rs7091141,10,46090917,rs36055921,0.065
10,46148326,rs7091141,10,46096500,rs141600568,0.075
10,46148326,rs7091141,10,46099375,rs10647916,0.248
10,46148326,rs7091141,10,46100101,rs57491883,0.097
10,46148326,rs7091141,10,46101156,rs35701696,0.249
10,46148326,rs7091141,10,46104943,rs7075427,0.435
10,46148326,rs7091141,10,46105784,chr10_46105784_G_T,0.107
10,46148326,rs7091141,10,46107308,rs10751384,0.25
10,46148326,rs7091141,10,46117543,rs7074524,0.066
10,46148326,rs7091141,10,46118361,rs199505728,0.091
10,46148326,rs7091141,10,46118657,chr10_46118657_C_T,0.25
10,46148326,rs7091141,10,46121046,rs10900229,0.079
10,46148326,rs7091141,10,46122794,rs10793621,0.065
10,46148326,rs7091141,10,46126766,rs35859169,0.073
10,46148326,rs7091141,10,46129300,rs11239577,0.065
10,46148326,rs7091141,10,46129551,rs71023139,0.065
10,46148326,rs7091141,10,46130389,rs10900230,0.08
10,46148326,rs7091141,10,46132452,rs58965939,0.101
10,46148326,rs7091141,10,46134013,rs10751386,0.253
10,46148326,rs7091141,10,46135971,rs12354709,0.994
10,46148326,rs7091141,10,46136306,chr10_46136306_A_C,0.426
10,46148326,rs7091141,10,46138664,chr10_46138664_A_G,0.079
10,46148326,rs7091141,10,46141837,rs10751387,0.254
10,46148326,rs7091141,10,46144772,rs12766066,0.064
10,46148326,rs7091141,10,46148326,rs7091141,1
10,46148326,rs7091141,10,46153984,rs11239585,0.066
10,46148326,rs7091141,10,46157245,rs10793622,0.253
10,46148326,rs7091141,10,46157892,rs10900232,0.081
10,46148326,rs7091141,10,46158519,rs11239587,0.067
10,46148326,rs7091141,10,46160304,rs141220038,0.066
10,46148326,rs7091141,10,46162952,rs7069223,0.253
10,46148326,rs7091141,10,46163327,rs11528544,0.065
10,46148326,rs7091141,10,46166949,rs56934216,0.065
10,46148326,rs7091141,10,46167847,rs3824617,0.065
10,46148326,rs7091141,10,46172739,rs10793623,0.252
10,46148326,rs7091141,10,46174328,rs35963845,0.066
10,46148326,rs7091141,10,46179130,rs200352102,0.436
10,46148326,rs7091141,10,46179367,rs199759786,0.065
10,46148326,rs7091141,10,46180194,rs148389301,0.08
10,46148326,rs7091141,10,46182946,rs76752981,0.239
10,46148326,rs7091141,10,46182948,rs76201220,0.239
10,46148326,rs7091141,10,46186801,rs4451672,0.218
10,46148326,rs7091141,10,46188822,rs141840509,0.081
10,46148326,rs7091141,10,46192861,rs376943581,0.078
10,46148326,rs7091141,10,46194278,10:46194278:G:A,0.079
10,46148326,rs7091141,10,46194651,rs201616316,0.071
10,46148326,rs7091141,10,46194652,rs199686743,0.071
10,46148326,rs7091141,10,46195321,rs79538027,0.253
10,46148326,rs7091141,10,46196207,rs11593802,0.261
10,46148326,rs7091141,10,46196474,rs61855791,0.236
10,46148326,rs7091141,10,46196575,rs150968467,0.266
10,46148326,rs7091141,10,46200055,rs112866833,0.09
10,46148326,rs7091141,10,46200690,rs10900233,0.078
10,46148326,rs7091141,10,46200866,rs10900234,0.268
10,46148326,rs7091141,10,46202429,rs35267807,0.092
10,46148326,rs7091141,10,46203352,rs10900235,0.078
10,46148326,rs7091141,10,46203943,rs12772287,0.072
10,46148326,rs7091141,10,46205029,rs189034378,0.072
10,46148326,rs7091141,10,46206312,rs7919110,0.13
10,46148326,rs7091141,10,46206321,rs4123568,0.146
10,46148326,rs7091141,10,46206708,rs12573732,0.072
10,46148326,rs7091141,10,46207055,rs7083753,0.327
10,46148326,rs7091141,10,46208186,rs11239591,0.072
10,46148326,rs7091141,10,46214731,rs11239594,0.062
10,46148326,rs7091141,10,46215431,rs2442927,0.232
10,46148326,rs7091141,10,46216003,rs146973872,0.07
10,46148326,rs7091141,10,46218549,rs10430735,0.069
10,46148326,rs7091141,10,46219263,rs11239597,0.068
10,46148326,rs7091141,10,46222724,rs10793625,0.088
10,46148326,rs7091141,10,46231555,rs113659681,0.207
10,46148326,rs7091141,10,46246300,rs117298225,0.185
