CHR_A,BP_A,SNP_A,CHR_B,BP_B,SNP_B,R2
14,71091142,rs11158871,14,70650518,rs4902786,0.055
14,71091142,rs11158871,14,70656043,chr14_70656043_A_G,0.232
14,71091142,rs11158871,14,70656838,rs12882693,0.43
14,71091142,rs11158871,14,70657253,rs6573935,0.43
14,71091142,rs11158871,14,70657952,rs8013825,0.258
14,71091142,rs11158871,14,70658044,rs8018340,0.257
14,71091142,rs11158871,14,70662603,rs111199433,0.431
14,71091142,rs11158871,14,70663645,rs56174331,0.431
14,71091142,rs11158871,14,70665113,rs7350719,0.258
14,71091142,rs11158871,14,70667258,rs1115250,0.259
14,71091142,rs11158871,14,70669002,rs1559714,0.428
14,71091142,rs11158871,14,70669272,rs12886671,0.259
14,71091142,rs11158871,14,70671151,rs35854868,0.26
14,71091142,rs11158871,14,70671183,rs4899337,0.432
14,71091142,rs11158871,14,70672795,rs17765643,0.26
14,71091142,rs11158871,14,70672989,rs1571376,0.43
14,71091142,rs11158871,14,70673504,rs61978252,0.265
14,71091142,rs11158871,14,70673738,rs7141105,0.432
14,71091142,rs11158871,14,70675428,rs35393159,0.261
14,71091142,rs11158871,14,70676661,rs1834426,0.245
14,71091142,rs11158871,14,70678207,rs35667130,0.268
14,71091142,rs11158871,14,70678222,rs2182973,0.438
14,71091142,rs11158871,14,70679626,rs8017936,0.25
14,71091142,rs11158871,14,70681468,rs35383747,0.43
14,71091142,rs11158871,14,70681797,rs67486685,0.28
14,71091142,rs11158871,14,70681911,rs35761259,0.257
14,71091142,rs11158871,14,70682043,rs7154186,0.431
14,71091142,rs11158871,14,70683698,rs11625280,0.259
14,71091142,rs11158871,14,70683869,rs1958186,0.433
14,71091142,rs11158871,14,70684173,rs2182972,0.259
14,71091142,rs11158871,14,70690476,rs10459537,0.258
14,71091142,rs11158871,14,70690877,rs9323533,0.257
14,71091142,rs11158871,14,70690955,rs6573939,0.296
14,71091142,rs11158871,14,70691274,rs12892653,0.258
14,71091142,rs11158871,14,70692407,rs28547335,0.433
14,71091142,rs11158871,14,70694233,rs12889000,0.297
14,71091142,rs11158871,14,70694791,rs1115631,0.297
14,71091142,rs11158871,14,70694875,rs1115630,0.297
14,71091142,rs11158871,14,70694920,rs8015463,0.433
14,71091142,rs11158871,14,70695106,rs2217022,0.258
14,71091142,rs11158871,14,70695265,rs4902796,0.357
14,71091142,rs11158871,14,70695997,rs34199159,0.245
14,71091142,rs11158871,14,70696210,rs35858046,0.258
14,71091142,rs11158871,14,70697154,rs41350744,0.258
14,71091142,rs11158871,14,70698294,rs35059733,0.245
14,71091142,rs11158871,14,70698340,rs11851232,0.433
14,71091142,rs11158871,14,70698962,rs75770191,0.258
14,71091142,rs11158871,14,70700143,rs11158843,0.433
14,71091142,rs11158871,14,70701398,rs35406991,0.433
14,71091142,rs11158871,14,70701721,rs74062858,0.433
14,71091142,rs11158871,14,70702256,rs56811288,0.259
14,71091142,rs11158871,14,70702640,rs11158844,0.431
14,71091142,rs11158871,14,70703063,rs67450625,0.304
14,71091142,rs11158871,14,70704057,rs12895508,0.259
14,71091142,rs11158871,14,70706584,rs6650511,0.413
14,71091142,rs11158871,14,70707235,rs2225195,0.245
14,71091142,rs11158871,14,70708353,rs4902797,0.434
14,71091142,rs11158871,14,70708708,rs116693292,0.259
14,71091142,rs11158871,14,70710825,rs7142965,0.246
14,71091142,rs11158871,14,70711526,rs34204434,0.259
14,71091142,rs11158871,14,70712274,rs1812858,0.259
14,71091142,rs11158871,14,70712335,rs62861560,0.335
14,71091142,rs11158871,14,70713156,rs11629177,0.259
14,71091142,rs11158871,14,70713992,rs4902799,0.428
14,71091142,rs11158871,14,70714027,rs28562608,0.293
14,71091142,rs11158871,14,70714028,rs28597838,0.293
14,71091142,rs11158871,14,70715328,rs12887997,0.26
14,71091142,rs11158871,14,70715619,rs12888540,0.435
14,71091142,rs11158871,14,70715717,rs36104285,0.29
14,71091142,rs11158871,14,70715721,rs34995375,0.29
14,71091142,rs11158871,14,70716022,rs1000619,0.417
14,71091142,rs11158871,14,70717510,rs1467688,0.435
14,71091142,rs11158871,14,70717598,rs5809482,0.42
14,71091142,rs11158871,14,70717846,rs1469253,0.26
14,71091142,rs11158871,14,70718624,rs10144989,0.435
14,71091142,rs11158871,14,70719272,rs61979503,0.417
14,71091142,rs11158871,14,70719446,rs11846947,0.435
14,71091142,rs11158871,14,70720041,rs33967172,0.435
14,71091142,rs11158871,14,70720109,rs10145919,0.435
14,71091142,rs11158871,14,70720784,rs143534218,0.417
14,71091142,rs11158871,14,70721363,rs10137313,0.435
14,71091142,rs11158871,14,70722878,rs10141251,0.435
14,71091142,rs11158871,14,70723327,rs34658799,0.435
14,71091142,rs11158871,14,70723934,chr14_70723934_A_INDEL,0.433
14,71091142,rs11158871,14,70723939,rs34927447,0.417
14,71091142,rs11158871,14,70724121,rs11627378,0.242
14,71091142,rs11158871,14,70724632,rs35814863,0.435
14,71091142,rs11158871,14,70724814,rs10147630,0.435
14,71091142,rs11158871,14,70726146,rs10535902,0.436
14,71091142,rs11158871,14,70727182,rs142457348,0.262
14,71091142,rs11158871,14,70728094,rs4899342,0.415
14,71091142,rs11158871,14,70728417,rs8017375,0.439
14,71091142,rs11158871,14,70728515,rs8017251,0.439
14,71091142,rs11158871,14,70728589,rs11623847,0.421
14,71091142,rs11158871,14,70728800,rs34368785,0.264
14,71091142,rs11158871,14,70729880,rs4902801,0.432
14,71091142,rs11158871,14,70730044,rs7155673,0.433
14,71091142,rs11158871,14,70730083,rs35242046,0.433
14,71091142,rs11158871,14,70731091,rs8003306,0.442
14,71091142,rs11158871,14,70731639,rs7141710,0.44
14,71091142,rs11158871,14,70731728,rs7141597,0.447
14,71091142,rs11158871,14,70732067,rs143339112,0.249
14,71091142,rs11158871,14,70732974,rs12890763,0.193
14,71091142,rs11158871,14,70733526,rs2332277,0.195
14,71091142,rs11158871,14,70734133,rs12895375,0.195
14,71091142,rs11158871,14,70734859,rs61979507,0.196
14,71091142,rs11158871,14,70735534,rs12881650,0.196
14,71091142,rs11158871,14,70737331,rs12892636,0.196
14,71091142,rs11158871,14,70737456,rs12892811,0.196
14,71091142,rs11158871,14,70737572,rs75247372,0.196
14,71091142,rs11158871,14,70738328,rs4274363,0.196
14,71091142,rs11158871,14,70738544,rs12588778,0.196
14,71091142,rs11158871,14,70738637,rs8004016,0.196
14,71091142,rs11158871,14,70739554,rs4331283,0.278
14,71091142,rs11158871,14,70740248,rs2332278,0.241
14,71091142,rs11158871,14,70740584,rs2332279,0.241
14,71091142,rs11158871,14,70740688,rs2332280,0.196
14,71091142,rs11158871,14,70741526,rs35004849,0.196
14,71091142,rs11158871,14,70741976,rs11627857,0.196
14,71091142,rs11158871,14,70742773,rs34612588,0.196
14,71091142,rs11158871,14,70745199,rs2332281,0.218
14,71091142,rs11158871,14,70745599,rs57468003,0.241
14,71091142,rs11158871,14,70748244,rs5809485,0.203
14,71091142,rs11158871,14,70748530,rs4902811,0.255
14,71091142,rs11158871,14,70748945,rs67914709,0.255
14,71091142,rs11158871,14,70749485,rs10148030,0.255
14,71091142,rs11158871,14,70750712,rs10220605,0.253
14,71091142,rs11158871,14,70750807,rs10220380,0.255
14,71091142,rs11158871,14,70751398,rs8018531,0.255
14,71091142,rs11158871,14,70751661,rs10149744,0.182
14,71091142,rs11158871,14,70752333,rs7140945,0.183
14,71091142,rs11158871,14,70752646,rs4899343,0.247
14,71091142,rs11158871,14,70752703,rs4902812,0.255
14,71091142,rs11158871,14,70753811,rs34570753,0.265
14,71091142,rs11158871,14,70754010,rs28516527,0.235
14,71091142,rs11158871,14,70756333,rs17565772,0.311
14,71091142,rs11158871,14,70756638,rs12880929,0.223
14,71091142,rs11158871,14,70757572,rs10133919,0.285
14,71091142,rs11158871,14,70757779,rs2332283,0.285
14,71091142,rs11158871,14,70758483,rs60385209,0.165
14,71091142,rs11158871,14,70758577,rs61668806,0.165
14,71091142,rs11158871,14,70758625,rs10873228,0.285
14,71091142,rs11158871,14,70758868,rs12433609,0.222
14,71091142,rs11158871,14,70758892,rs10083409,0.285
14,71091142,rs11158871,14,70759867,rs11158851,0.052
14,71091142,rs11158871,14,70759978,rs12433778,0.124
14,71091142,rs11158871,14,70760856,rs10149895,0.285
14,71091142,rs11158871,14,70762020,rs4048554,0.285
14,71091142,rs11158871,14,70762028,rs3966033,0.222
14,71091142,rs11158871,14,70762560,rs4048555,0.348
14,71091142,rs11158871,14,70762605,rs4589487,0.348
14,71091142,rs11158871,14,70762669,rs4448860,0.348
14,71091142,rs11158871,14,70763020,rs61977477,0.286
14,71091142,rs11158871,14,70763114,rs142949689,0.129
14,71091142,rs11158871,14,70763980,rs11847598,0.285
14,71091142,rs11158871,14,70764697,rs56128986,0.285
14,71091142,rs11158871,14,70765459,rs55971016,0.237
14,71091142,rs11158871,14,70766084,rs35050325,0.286
14,71091142,rs11158871,14,70766323,rs34010011,0.238
14,71091142,rs11158871,14,70767217,rs11624085,0.285
14,71091142,rs11158871,14,70767384,rs7157159,0.284
14,71091142,rs11158871,14,70767720,rs140148330,0.285
14,71091142,rs11158871,14,70767832,rs10149492,0.284
14,71091142,rs11158871,14,70767866,rs10149724,0.285
14,71091142,rs11158871,14,70768053,rs200264857,0.285
14,71091142,rs11158871,14,70768280,rs28873815,0.05
14,71091142,rs11158871,14,70768723,rs35521785,0.126
14,71091142,rs11158871,14,70768918,rs4902813,0.285
14,71091142,rs11158871,14,70769007,rs79995574,0.123
14,71091142,rs11158871,14,70769049,rs139226335,0.122
14,71091142,rs11158871,14,70769122,rs56935713,0.072
14,71091142,rs11158871,14,70769599,rs10144926,0.073
14,71091142,rs11158871,14,70769639,rs8009793,0.285
14,71091142,rs11158871,14,70769778,rs8011014,0.122
14,71091142,rs11158871,14,70770311,rs7141694,0.073
14,71091142,rs11158871,14,70770582,rs12879801,0.333
14,71091142,rs11158871,14,70770867,rs8005362,0.339
14,71091142,rs11158871,14,70770903,rs8005386,0.122
14,71091142,rs11158871,14,70771251,rs8010069,0.285
14,71091142,rs11158871,14,70771375,rs141758121,0.122
14,71091142,rs11158871,14,70771462,rs57285309,0.103
14,71091142,rs11158871,14,70771593,rs57029572,0.122
14,71091142,rs11158871,14,70771614,rs12587203,0.285
14,71091142,rs11158871,14,70771627,rs12587205,0.285
14,71091142,rs11158871,14,70771739,rs71425379,0.284
14,71091142,rs11158871,14,70771741,rs71425380,0.284
14,71091142,rs11158871,14,70771743,rs71425381,0.284
14,71091142,rs11158871,14,70771745,rs71425382,0.284
14,71091142,rs11158871,14,70771874,rs28762803,0.073
14,71091142,rs11158871,14,70771889,rs12886359,0.122
14,71091142,rs11158871,14,70772659,rs74610585,0.073
14,71091142,rs11158871,14,70772687,rs150364042,0.073
14,71091142,rs11158871,14,70772943,rs4640114,0.122
14,71091142,rs11158871,14,70772998,rs4530069,0.285
14,71091142,rs11158871,14,70773380,rs146502783,0.073
14,71091142,rs11158871,14,70773624,rs7140275,0.122
14,71091142,rs11158871,14,70773694,rs7160800,0.073
14,71091142,rs11158871,14,70774552,rs150064645,0.286
14,71091142,rs11158871,14,70774895,rs201175705,0.073
14,71091142,rs11158871,14,70775792,rs8015046,0.333
14,71091142,rs11158871,14,70776231,rs76850963,0.073
14,71091142,rs11158871,14,70776772,rs11847374,0.073
14,71091142,rs11158871,14,70777288,rs35237643,0.244
14,71091142,rs11158871,14,70777686,rs7143274,0.244
14,71091142,rs11158871,14,70778369,rs71102696,0.241
14,71091142,rs11158871,14,70778623,rs2877669,0.073
14,71091142,rs11158871,14,70778717,rs2332416,0.113
14,71091142,rs11158871,14,70779604,rs35186208,0.154
14,71091142,rs11158871,14,70779666,rs8016520,0.073
14,71091142,rs11158871,14,70780203,rs2332417,0.073
14,71091142,rs11158871,14,70780507,rs9630398,0.073
14,71091142,rs11158871,14,70782066,rs10136230,0.075
14,71091142,rs11158871,14,70782154,rs6573948,0.282
14,71091142,rs11158871,14,70782214,rs8014459,0.075
14,71091142,rs11158871,14,70783943,rs8021180,0.332
14,71091142,rs11158871,14,70784083,rs374960564,0.209
14,71091142,rs11158871,14,70784223,rs8005522,0.075
14,71091142,rs11158871,14,70784451,rs34485807,0.075
14,71091142,rs11158871,14,70784702,rs8006423,0.118
14,71091142,rs11158871,14,70785005,rs8011156,0.121
14,71091142,rs11158871,14,70785019,rs12147722,0.156
14,71091142,rs11158871,14,70785315,rs11158855,0.154
14,71091142,rs11158871,14,70785547,rs6573949,0.075
14,71091142,rs11158871,14,70785881,rs10873230,0.075
14,71091142,rs11158871,14,70787510,rs9323535,0.28
14,71091142,rs11158871,14,70787613,rs35469188,0.147
14,71091142,rs11158871,14,70787682,rs34628816,0.075
14,71091142,rs11158871,14,70788724,rs12432504,0.28
14,71091142,rs11158871,14,70789122,rs8013862,0.28
14,71091142,rs11158871,14,70789284,rs34802428,0.154
14,71091142,rs11158871,14,70789805,rs12147825,0.241
14,71091142,rs11158871,14,70790200,rs7148445,0.074
14,71091142,rs11158871,14,70791349,rs57535767,0.075
14,71091142,rs11158871,14,70791357,rs12890415,0.243
14,71091142,rs11158871,14,70791493,rs4899344,0.28
14,71091142,rs11158871,14,70792397,rs141862353,0.075
14,71091142,rs11158871,14,70793004,rs4749,0.054
14,71091142,rs11158871,14,70793894,rs6573950,0.28
14,71091142,rs11158871,14,70794000,rs6573951,0.28
14,71091142,rs11158871,14,70794789,14:70794789:ATTTTTTTT:A,0.115
14,71091142,rs11158871,14,70794836,rs11627279,0.28
14,71091142,rs11158871,14,70794929,rs67203490,0.074
14,71091142,rs11158871,14,70794977,rs66621230,0.28
14,71091142,rs11158871,14,70795320,rs34842075,0.076
14,71091142,rs11158871,14,70795430,rs2332418,0.117
14,71091142,rs11158871,14,70795668,rs2332419,0.28
14,71091142,rs11158871,14,70795756,rs7157430,0.28
14,71091142,rs11158871,14,70795769,rs56128802,0.28
14,71091142,rs11158871,14,70795772,rs10648369,0.28
14,71091142,rs11158871,14,70797593,rs6573952,0.28
14,71091142,rs11158871,14,70798025,rs2332420,0.28
14,71091142,rs11158871,14,70798184,rs2877670,0.117
14,71091142,rs11158871,14,70798289,rs8016418,0.24
14,71091142,rs11158871,14,70798847,rs4600398,0.279
14,71091142,rs11158871,14,70799466,rs7160880,0.117
14,71091142,rs11158871,14,70799992,rs8016060,0.154
14,71091142,rs11158871,14,70800004,rs6573954,0.279
14,71091142,rs11158871,14,70800489,rs77015786,0.124
14,71091142,rs11158871,14,70800703,rs80207032,0.124
14,71091142,rs11158871,14,70801159,rs76595957,0.124
14,71091142,rs11158871,14,70801207,rs2332421,0.154
14,71091142,rs11158871,14,70802540,rs35164282,0.154
14,71091142,rs11158871,14,70802905,rs111771300,0.124
14,71091142,rs11158871,14,70802981,rs146218837,0.154
14,71091142,rs11158871,14,70804131,rs78267123,0.124
14,71091142,rs11158871,14,70805268,rs2332422,0.116
14,71091142,rs11158871,14,70805624,rs10142102,0.076
14,71091142,rs11158871,14,70806305,rs11158856,0.28
14,71091142,rs11158871,14,70807623,rs10148586,0.075
14,71091142,rs11158871,14,70807952,rs8017274,0.28
14,71091142,rs11158871,14,70808603,rs9323536,0.075
14,71091142,rs11158871,14,70808639,rs9323537,0.28
14,71091142,rs11158871,14,70808806,rs112872478,0.124
14,71091142,rs11158871,14,70809019,rs7144424,0.154
14,71091142,rs11158871,14,70810430,rs10140916,0.28
14,71091142,rs11158871,14,70810569,rs34767236,0.24
14,71091142,rs11158871,14,70811570,rs12589335,0.155
14,71091142,rs11158871,14,70813107,rs4902814,0.112
14,71091142,rs11158871,14,70813180,rs35859016,0.156
14,71091142,rs11158871,14,70813286,rs12590679,0.156
14,71091142,rs11158871,14,70813311,rs12588332,0.281
14,71091142,rs11158871,14,70813520,rs55728800,0.075
14,71091142,rs11158871,14,70813795,rs12590808,0.238
14,71091142,rs11158871,14,70815823,rs78474180,0.272
14,71091142,rs11158871,14,70815996,rs12433437,0.28
14,71091142,rs11158871,14,70816475,rs35671518,0.156
14,71091142,rs11158871,14,70816750,rs34511042,0.238
14,71091142,rs11158871,14,70816896,rs11623974,0.156
14,71091142,rs11158871,14,70817141,rs11620731,0.28
14,71091142,rs11158871,14,70817158,rs10140161,0.28
14,71091142,rs11158871,14,70817914,rs12588623,0.076
14,71091142,rs11158871,14,70818177,rs2877656,0.28
14,71091142,rs11158871,14,70819302,rs10570008,0.156
14,71091142,rs11158871,14,70819717,rs12433355,0.354
14,71091142,rs11158871,14,70819870,rs7152898,0.161
14,71091142,rs11158871,14,70819939,rs7152945,0.281
14,71091142,rs11158871,14,70821633,rs8015988,0.156
14,71091142,rs11158871,14,70822718,rs61977537,0.157
14,71091142,rs11158871,14,70823483,rs59164902,0.28
14,71091142,rs11158871,14,70823932,rs2877657,0.076
14,71091142,rs11158871,14,70825046,rs7155967,0.281
14,71091142,rs11158871,14,70825095,rs59767092,0.072
14,71091142,rs11158871,14,70827899,rs10133282,0.076
14,71091142,rs11158871,14,70828498,rs3759774,0.156
14,71091142,rs11158871,14,70829114,rs12588244,0.156
14,71091142,rs11158871,14,70829427,rs111592714,0.238
14,71091142,rs11158871,14,70829683,rs6420899,0.281
14,71091142,rs11158871,14,70832479,rs17475516,0.238
14,71091142,rs11158871,14,70833768,rs6573956,0.281
14,71091142,rs11158871,14,70833819,rs1044527,0.336
14,71091142,rs11158871,14,70835246,rs7141407,0.156
14,71091142,rs11158871,14,70835408,rs149186362,0.245
14,71091142,rs11158871,14,70835964,rs6573957,0.281
14,71091142,rs11158871,14,70836753,rs1060681,0.238
14,71091142,rs11158871,14,70839389,rs11844845,0.074
14,71091142,rs11158871,14,70840088,rs61977542,0.158
14,71091142,rs11158871,14,70840147,rs12434413,0.122
14,71091142,rs11158871,14,70840446,rs12431557,0.287
14,71091142,rs11158871,14,70840675,rs10140938,0.287
14,71091142,rs11158871,14,70840788,rs10141034,0.287
14,71091142,rs11158871,14,70841613,rs2332366,0.286
14,71091142,rs11158871,14,70841652,rs2332367,0.287
14,71091142,rs11158871,14,70841665,rs113034271,0.287
14,71091142,rs11158871,14,70841922,rs201793770,0.079
14,71091142,rs11158871,14,70842004,rs12889915,0.287
14,71091142,rs11158871,14,70842755,rs2275297,0.287
14,71091142,rs11158871,14,70842786,rs2275298,0.287
14,71091142,rs11158871,14,70842956,rs79196947,0.125
14,71091142,rs11158871,14,70843284,rs3784155,0.287
14,71091142,rs11158871,14,70843647,rs10150618,0.287
14,71091142,rs11158871,14,70843703,rs10150707,0.076
14,71091142,rs11158871,14,70844212,rs10130596,0.287
14,71091142,rs11158871,14,70844362,rs10142875,0.287
14,71091142,rs11158871,14,70844443,rs59147970,0.288
14,71091142,rs11158871,14,70844475,rs11158858,0.241
14,71091142,rs11158871,14,70844818,rs33942861,0.287
14,71091142,rs11158871,14,70845030,rs34049573,0.122
14,71091142,rs11158871,14,70845670,rs10873232,0.271
14,71091142,rs11158871,14,70845737,rs111791565,0.287
14,71091142,rs11158871,14,70845753,rs12886764,0.287
14,71091142,rs11158871,14,70845874,rs10134376,0.287
14,71091142,rs11158871,14,70846245,rs7154657,0.287
14,71091142,rs11158871,14,70846433,rs7155162,0.286
14,71091142,rs11158871,14,70846506,rs7155332,0.286
14,71091142,rs11158871,14,70846639,rs7155564,0.286
14,71091142,rs11158871,14,70846800,rs7155763,0.293
14,71091142,rs11158871,14,70846954,rs7157399,0.301
14,71091142,rs11158871,14,70847079,rs12146968,0.163
14,71091142,rs11158871,14,70847103,rs8022128,0.3
14,71091142,rs11158871,14,70847124,rs8022288,0.288
14,71091142,rs11158871,14,70847155,rs8022315,0.304
14,71091142,rs11158871,14,70847415,rs61977552,0.213
14,71091142,rs11158871,14,70847689,rs17475866,0.292
14,71091142,rs11158871,14,70848105,rs7146414,0.302
14,71091142,rs11158871,14,70848124,rs7145450,0.302
14,71091142,rs11158871,14,70848536,rs11626228,0.303
14,71091142,rs11158871,14,70848680,rs11626414,0.301
14,71091142,rs11158871,14,70848691,rs2332368,0.302
14,71091142,rs11158871,14,70849088,rs10146573,0.302
14,71091142,rs11158871,14,70849114,rs10146506,0.302
14,71091142,rs11158871,14,70849257,rs10146684,0.302
14,71091142,rs11158871,14,70849574,rs8014520,0.407
14,71091142,rs11158871,14,70849694,rs2332369,0.302
14,71091142,rs11158871,14,70850012,rs2877660,0.302
14,71091142,rs11158871,14,70850154,rs7146493,0.302
14,71091142,rs11158871,14,70850258,rs7148114,0.302
14,71091142,rs11158871,14,70850302,rs10132815,0.102
14,71091142,rs11158871,14,70850677,rs34105178,0.46
14,71091142,rs11158871,14,70850808,rs7147906,0.302
14,71091142,rs11158871,14,70850935,rs41428147,0.125
14,71091142,rs11158871,14,70851036,rs6573958,0.302
14,71091142,rs11158871,14,70851048,rs7152584,0.302
14,71091142,rs11158871,14,70851206,rs148519921,0.303
14,71091142,rs11158871,14,70851207,rs10710090,0.302
14,71091142,rs11158871,14,70851209,rs115058122,0.301
14,71091142,rs11158871,14,70851311,rs6573959,0.302
14,71091142,rs11158871,14,70851821,rs10148810,0.302
14,71091142,rs11158871,14,70851997,rs8021610,0.301
14,71091142,rs11158871,14,70854671,rs7150558,0.302
14,71091142,rs11158871,14,70856235,rs7141636,0.087
14,71091142,rs11158871,14,70856624,rs2332370,0.292
14,71091142,rs11158871,14,70856903,rs11453709,0.23
14,71091142,rs11158871,14,70857022,rs6573960,0.303
14,71091142,rs11158871,14,70859431,rs10139233,0.304
14,71091142,rs11158871,14,70859519,rs10139500,0.087
14,71091142,rs11158871,14,70860784,rs78620603,0.292
14,71091142,rs11158871,14,70862390,rs11626325,0.231
14,71091142,rs11158871,14,70862888,rs8008400,0.304
14,71091142,rs11158871,14,70863118,rs12887715,0.231
14,71091142,rs11158871,14,70863133,rs113980705,0.128
14,71091142,rs11158871,14,70863879,rs8014179,0.086
14,71091142,rs11158871,14,70864264,rs7158315,0.305
14,71091142,rs11158871,14,70864959,rs2332371,0.305
14,71091142,rs11158871,14,70865101,rs9788537,0.305
14,71091142,rs11158871,14,70865201,rs9788426,0.289
14,71091142,rs11158871,14,70865586,rs4899345,0.292
14,71091142,rs11158871,14,70866008,rs58186506,0.086
14,71091142,rs11158871,14,70866275,rs10144818,0.086
14,71091142,rs11158871,14,70866320,rs2332372,0.431
14,71091142,rs11158871,14,70866377,rs2332373,0.401
14,71091142,rs11158871,14,70867095,rs2332374,0.305
14,71091142,rs11158871,14,70868776,rs11625168,0.431
14,71091142,rs11158871,14,70869318,rs12100529,0.431
14,71091142,rs11158871,14,70869383,rs34370869,0.223
14,71091142,rs11158871,14,70869689,rs10131943,0.431
14,71091142,rs11158871,14,70870200,rs10140263,0.306
14,71091142,rs11158871,14,70870892,14:70870892:TA:TAA,0.227
14,71091142,rs11158871,14,70871392,rs2332375,0.305
14,71091142,rs11158871,14,70871795,rs7146553,0.305
14,71091142,rs11158871,14,70872571,rs8015005,0.231
14,71091142,rs11158871,14,70873432,rs7158117,0.305
14,71091142,rs11158871,14,70873478,rs7159747,0.305
14,71091142,rs11158871,14,70873763,rs34866539,0.304
14,71091142,rs11158871,14,70873846,rs113176339,0.086
14,71091142,rs11158871,14,70873954,rs7159039,0.305
14,71091142,rs11158871,14,70874146,rs71105710,0.402
14,71091142,rs11158871,14,70874251,rs11335413,0.305
14,71091142,rs11158871,14,70874695,rs12880777,0.304
14,71091142,rs11158871,14,70874909,rs7143690,0.432
14,71091142,rs11158871,14,70875513,rs7149261,0.306
14,71091142,rs11158871,14,70875943,rs8012142,0.086
14,71091142,rs11158871,14,70876603,rs12892542,0.266
14,71091142,rs11158871,14,70877771,rs17108107,0.087
14,71091142,rs11158871,14,70878934,rs17476211,0.297
14,71091142,rs11158871,14,70879234,14:70879234:A:G,0.126
14,71091142,rs11158871,14,70880093,rs7159587,0.092
14,71091142,rs11158871,14,70881029,rs4902815,0.055
14,71091142,rs11158871,14,70882129,rs7150428,0.087
14,71091142,rs11158871,14,70883943,rs8019852,0.304
14,71091142,rs11158871,14,70884485,rs10602918,0.135
14,71091142,rs11158871,14,70887099,rs116006619,0.127
14,71091142,rs11158871,14,70887100,rs146636645,0.127
14,71091142,rs11158871,14,70887102,rs115479754,0.127
14,71091142,rs11158871,14,70887798,rs4902817,0.085
14,71091142,rs11158871,14,70890140,rs12586722,0.086
14,71091142,rs11158871,14,70890188,rs8008210,0.093
14,71091142,rs11158871,14,70890778,rs12884918,0.304
14,71091142,rs11158871,14,70891585,14:70891585:G:GTATT,0.088
14,71091142,rs11158871,14,70891796,14:70891796:G:A,0.135
14,71091142,rs11158871,14,70891998,rs143370797,0.3
14,71091142,rs11158871,14,70892225,rs34273029,0.305
14,71091142,rs11158871,14,70893499,rs4899346,0.055
14,71091142,rs11158871,14,70894621,rs77867352,0.087
14,71091142,rs11158871,14,70894629,rs8011370,0.089
14,71091142,rs11158871,14,70895083,rs80045026,0.086
14,71091142,rs11158871,14,70900375,rs4340265,0.087
14,71091142,rs11158871,14,70900822,rs4550388,0.085
14,71091142,rs11158871,14,70902288,rs12586481,0.085
14,71091142,rs11158871,14,70902830,rs12147052,0.087
14,71091142,rs11158871,14,70902998,rs75971975,0.086
14,71091142,rs11158871,14,70903523,rs112066856,0.101
14,71091142,rs11158871,14,70904145,rs2332382,0.086
14,71091142,rs11158871,14,70904607,rs12436808,0.086
14,71091142,rs11158871,14,70905316,rs73291944,0.082
14,71091142,rs11158871,14,70906233,rs79512253,0.127
14,71091142,rs11158871,14,70908217,rs11628785,0.303
14,71091142,rs11158871,14,70908281,rs8020009,0.085
14,71091142,rs11158871,14,70909234,rs59788049,0.089
14,71091142,rs11158871,14,70910364,rs7161249,0.086
14,71091142,rs11158871,14,70911064,rs56362000,0.127
14,71091142,rs11158871,14,70911649,rs60229127,0.309
14,71091142,rs11158871,14,70913460,rs79037140,0.127
14,71091142,rs11158871,14,70916318,rs79853283,0.127
14,71091142,rs11158871,14,70916401,rs12436464,0.087
14,71091142,rs11158871,14,70916559,rs2877661,0.304
14,71091142,rs11158871,14,70917755,rs7160442,0.258
14,71091142,rs11158871,14,70919161,rs3764182,0.086
14,71091142,rs11158871,14,70919196,rs3764183,0.304
14,71091142,rs11158871,14,70919319,rs1892282,0.243
14,71091142,rs11158871,14,70919530,rs73291972,0.086
14,71091142,rs11158871,14,70919699,rs8014252,0.086
14,71091142,rs11158871,14,70919752,rs10676561,0.105
14,71091142,rs11158871,14,70920330,rs17476399,0.305
14,71091142,rs11158871,14,70920380,rs4641669,0.244
14,71091142,rs11158871,14,70920519,rs2877662,0.243
14,71091142,rs11158871,14,70920522,rs2877663,0.243
14,71091142,rs11158871,14,70920965,rs4899352,0.103
14,71091142,rs11158871,14,70920997,rs4902821,0.244
14,71091142,rs11158871,14,70921382,rs78093131,0.087
14,71091142,rs11158871,14,70922142,rs12893988,0.303
14,71091142,rs11158871,14,70923514,rs17567627,0.304
14,71091142,rs11158871,14,70924237,rs3751520,0.244
14,71091142,rs11158871,14,70924249,rs3751521,0.425
14,71091142,rs11158871,14,70924852,rs3829455,0.129
14,71091142,rs11158871,14,70924955,rs114864695,0.086
14,71091142,rs11158871,14,70925818,rs2022624,0.303
14,71091142,rs11158871,14,70926524,rs59261726,0.149
14,71091142,rs11158871,14,70926573,rs59458224,0.149
14,71091142,rs11158871,14,70926678,rs17108017,0.138
14,71091142,rs11158871,14,70926791,rs45564032,0.138
14,71091142,rs11158871,14,70928182,rs8014338,0.086
14,71091142,rs11158871,14,70928384,rs76349349,0.1
14,71091142,rs11158871,14,70928850,rs11846259,0.14
14,71091142,rs11158871,14,70929096,rs12436902,0.088
14,71091142,rs11158871,14,70930233,rs1959487,0.128
14,71091142,rs11158871,14,70930562,rs8015163,0.087
14,71091142,rs11158871,14,70930639,rs1959488,0.128
14,71091142,rs11158871,14,70930929,rs74062713,0.1
14,71091142,rs11158871,14,70931964,rs2050720,0.142
14,71091142,rs11158871,14,70932765,rs17107997,0.086
14,71091142,rs11158871,14,70933026,rs76174627,0.086
14,71091142,rs11158871,14,70933156,rs4902822,0.173
14,71091142,rs11158871,14,70933389,rs137908040,0.086
14,71091142,rs11158871,14,70933432,rs78647552,0.086
14,71091142,rs11158871,14,70933850,rs73293909,0.086
14,71091142,rs11158871,14,70934095,rs7154884,0.086
14,71091142,rs11158871,14,70935540,rs17108176,0.086
14,71091142,rs11158871,14,70935875,rs2293877,0.085
14,71091142,rs11158871,14,70936212,rs2293876,0.128
14,71091142,rs11158871,14,70936212,rs2293876,0.055
14,71091142,rs11158871,14,70936714,rs2293873,0.172
14,71091142,rs11158871,14,70937121,rs7152848,0.173
14,71091142,rs11158871,14,70937413,rs7153448,0.174
14,71091142,rs11158871,14,70937420,rs7153459,0.174
14,71091142,rs11158871,14,70937725,rs10467821,0.174
14,71091142,rs11158871,14,70937988,rs28473545,0.174
14,71091142,rs11158871,14,70938185,rs57146008,0.086
14,71091142,rs11158871,14,70938995,rs12586325,0.086
14,71091142,rs11158871,14,70939005,rs12586328,0.088
14,71091142,rs11158871,14,70939380,rs56321313,0.174
14,71091142,rs11158871,14,70939519,rs55896630,0.128
14,71091142,rs11158871,14,70940139,rs76281827,0.128
14,71091142,rs11158871,14,70940302,rs78796524,0.128
14,71091142,rs11158871,14,70940572,rs113155114,0.128
14,71091142,rs11158871,14,70940574,rs113297825,0.128
14,71091142,rs11158871,14,70940707,rs111293833,0.128
14,71091142,rs11158871,14,70940712,rs11403823,0.307
14,71091142,rs11158871,14,70941190,rs4899354,0.175
14,71091142,rs11158871,14,70941432,rs56145563,0.128
14,71091142,rs11158871,14,70941776,rs9652366,0.174
14,71091142,rs11158871,14,70941958,rs7144992,0.175
14,71091142,rs11158871,14,70942151,rs7149740,0.086
14,71091142,rs11158871,14,70942252,rs149788980,0.128
14,71091142,rs11158871,14,70942364,rs7150601,0.084
14,71091142,rs11158871,14,70942760,rs200559944,0.163
14,71091142,rs11158871,14,70942897,rs199613642,0.106
14,71091142,rs11158871,14,70943724,rs8018915,0.174
14,71091142,rs11158871,14,70943754,rs150626110,0.13
14,71091142,rs11158871,14,70944028,rs2332387,0.088
14,71091142,rs11158871,14,70944134,rs4048528,0.086
14,71091142,rs11158871,14,70944202,rs112440060,0.128
14,71091142,rs11158871,14,70944224,rs28417404,0.069
14,71091142,rs11158871,14,70944287,rs76068080,0.086
14,71091142,rs11158871,14,70944300,rs112909639,0.128
14,71091142,rs11158871,14,70944301,rs79739803,0.086
14,71091142,rs11158871,14,70944433,14:70944433:T:TG,0.106
14,71091142,rs11158871,14,70944687,rs145506853,0.088
14,71091142,rs11158871,14,70944713,rs187252862,0.088
14,71091142,rs11158871,14,70944719,rs193183974,0.128
14,71091142,rs11158871,14,70945250,rs141605403,0.117
14,71091142,rs11158871,14,70945492,rs143173589,0.084
14,71091142,rs11158871,14,70945702,rs199660929,0.177
14,71091142,rs11158871,14,70945863,rs150852993,0.088
14,71091142,rs11158871,14,70945905,rs138348788,0.124
14,71091142,rs11158871,14,70946238,rs148812646,0.174
14,71091142,rs11158871,14,70946284,rs138449576,0.068
14,71091142,rs11158871,14,70946368,rs77052150,0.088
14,71091142,rs11158871,14,70946449,rs201307443,0.086
14,71091142,rs11158871,14,70946693,rs148614358,0.128
14,71091142,rs11158871,14,70946959,rs77709551,0.105
14,71091142,rs11158871,14,70946989,rs150244409,0.174
14,71091142,rs11158871,14,70949699,rs139448916,0.085
14,71091142,rs11158871,14,70949814,rs61671382,0.086
14,71091142,rs11158871,14,70950323,rs56080246,0.128
14,71091142,rs11158871,14,70951065,rs111934707,0.128
14,71091142,rs11158871,14,70951234,rs7493545,0.306
14,71091142,rs11158871,14,70951533,rs73293935,0.087
14,71091142,rs11158871,14,70951688,rs1959483,0.088
14,71091142,rs11158871,14,70952707,rs1959484,0.086
14,71091142,rs11158871,14,70953731,rs34125024,0.086
14,71091142,rs11158871,14,70954149,rs1953798,0.085
14,71091142,rs11158871,14,70954221,rs1959485,0.088
14,71091142,rs11158871,14,70955244,rs10438162,0.054
14,71091142,rs11158871,14,70956661,rs1959486,0.086
14,71091142,rs11158871,14,70956775,rs2095804,0.055
14,71091142,rs11158871,14,70957675,rs34512695,0.087
14,71091142,rs11158871,14,70957728,rs7145656,0.058
14,71091142,rs11158871,14,70958109,rs11850330,0.092
14,71091142,rs11158871,14,70958535,rs1953799,0.128
14,71091142,rs11158871,14,70958662,rs6573964,0.054
14,71091142,rs11158871,14,70958696,rs1953800,0.306
14,71091142,rs11158871,14,70959459,rs10138243,0.055
14,71091142,rs11158871,14,70960692,rs7152771,0.086
14,71091142,rs11158871,14,70961213,rs28763369,0.174
14,71091142,rs11158871,14,70961337,rs79078032,0.086
14,71091142,rs11158871,14,70961693,rs7160452,0.155
14,71091142,rs11158871,14,70961694,rs7159432,0.085
14,71091142,rs11158871,14,70962731,rs8006200,0.087
14,71091142,rs11158871,14,70962765,rs4377098,0.055
14,71091142,rs11158871,14,70963019,rs2332389,0.086
14,71091142,rs11158871,14,70963552,rs1573802,0.088
14,71091142,rs11158871,14,70963806,rs76123164,0.129
14,71091142,rs11158871,14,70963808,rs1953802,0.089
14,71091142,rs11158871,14,70964824,rs34396435,0.089
14,71091142,rs11158871,14,70965375,rs7161251,0.055
14,71091142,rs11158871,14,70965504,rs111721108,0.131
14,71091142,rs11158871,14,70966127,rs7145265,0.087
14,71091142,rs11158871,14,70966189,rs7145424,0.055
14,71091142,rs11158871,14,70966585,rs12232170,0.089
14,71091142,rs11158871,14,70966734,rs6573966,0.09
14,71091142,rs11158871,14,70967286,rs8014387,0.132
14,71091142,rs11158871,14,70967401,rs114565680,0.088
14,71091142,rs11158871,14,70967514,rs116557779,0.088
14,71091142,rs11158871,14,70968052,rs60881272,0.088
14,71091142,rs11158871,14,70968237,rs56778245,0.088
14,71091142,rs11158871,14,70968366,rs76967029,0.088
14,71091142,rs11158871,14,70968623,rs2095807,0.088
14,71091142,rs11158871,14,70968758,rs34974761,0.091
14,71091142,rs11158871,14,70968760,rs59517511,0.316
14,71091142,rs11158871,14,70969038,rs149245256,0.319
14,71091142,rs11158871,14,70969859,rs143716988,0.056
14,71091142,rs11158871,14,70970309,rs8021308,0.092
14,71091142,rs11158871,14,70970364,rs8021040,0.18
14,71091142,rs11158871,14,70970568,rs6573968,0.092
14,71091142,rs11158871,14,70972923,rs8013505,0.057
14,71091142,rs11158871,14,70974279,rs9743775,0.057
14,71091142,rs11158871,14,70974465,rs9743452,0.093
14,71091142,rs11158871,14,70975912,rs35013494,0.093
14,71091142,rs11158871,14,70976277,rs2332425,0.094
14,71091142,rs11158871,14,70978134,rs4899357,0.187
14,71091142,rs11158871,14,70978713,rs12589009,0.095
14,71091142,rs11158871,14,70979356,rs11438466,0.089
14,71091142,rs11158871,14,70980424,rs11624424,0.337
14,71091142,rs11158871,14,70981166,rs11158863,0.165
14,71091142,rs11158871,14,70982633,rs17108197,0.081
14,71091142,rs11158871,14,70983001,rs28559756,0.088
14,71091142,rs11158871,14,70983260,rs34484754,0.116
14,71091142,rs11158871,14,70983469,rs8016953,0.088
14,71091142,rs11158871,14,70984951,rs12588723,0.163
14,71091142,rs11158871,14,70985876,rs8009032,0.16
14,71091142,rs11158871,14,70986041,rs73282126,0.168
14,71091142,rs11158871,14,70986179,rs74062726,0.168
14,71091142,rs11158871,14,70986413,rs73282127,0.168
14,71091142,rs11158871,14,70986690,rs74485380,0.168
14,71091142,rs11158871,14,70986751,rs74712571,0.165
14,71091142,rs11158871,14,70988062,rs12586441,0.163
14,71091142,rs11158871,14,70988931,rs17108201,0.165
14,71091142,rs11158871,14,70988993,rs8010473,0.167
14,71091142,rs11158871,14,70991650,rs74062730,0.165
14,71091142,rs11158871,14,70992709,rs12590610,0.091
14,71091142,rs11158871,14,70995394,rs74062733,0.165
14,71091142,rs11158871,14,70995884,rs7154858,0.078
14,71091142,rs11158871,14,70996568,rs56721095,0.098
14,71091142,rs11158871,14,70997682,rs60870618,0.09
14,71091142,rs11158871,14,70998833,rs7150354,0.088
14,71091142,rs11158871,14,70999095,rs7154904,0.088
14,71091142,rs11158871,14,70999238,rs77359887,0.163
14,71091142,rs11158871,14,70999477,rs56392092,0.098
14,71091142,rs11158871,14,71000565,rs1953803,0.088
14,71091142,rs11158871,14,71001017,rs12590401,0.088
14,71091142,rs11158871,14,71001100,rs12590471,0.078
14,71091142,rs11158871,14,71001222,rs58777530,0.16
14,71091142,rs11158871,14,71002187,rs1538403,0.088
14,71091142,rs11158871,14,71002310,rs73282153,0.16
14,71091142,rs11158871,14,71002551,rs35062397,0.165
14,71091142,rs11158871,14,71003501,rs60848570,0.088
14,71091142,rs11158871,14,71004376,rs12587714,0.167
14,71091142,rs11158871,14,71004878,rs59748874,0.078
14,71091142,rs11158871,14,71006113,rs57032041,0.165
14,71091142,rs11158871,14,71010166,rs7157618,0.167
14,71091142,rs11158871,14,71010546,rs7158201,0.165
14,71091142,rs11158871,14,71010967,rs60862805,0.165
14,71091142,rs11158871,14,71011469,rs6573971,0.356
14,71091142,rs11158871,14,71011734,rs10873239,0.088
14,71091142,rs11158871,14,71011934,rs8006487,0.167
14,71091142,rs11158871,14,71012205,rs8012025,0.16
14,71091142,rs11158871,14,71013164,rs58985060,0.078
14,71091142,rs11158871,14,71023411,rs74062743,0.165
14,71091142,rs11158871,14,71024944,rs74062746,0.165
14,71091142,rs11158871,14,71025206,rs28612538,0.167
14,71091142,rs11158871,14,71026052,rs74062750,0.166
14,71091142,rs11158871,14,71027964,rs4899359,0.357
14,71091142,rs11158871,14,71028253,rs4899360,0.125
14,71091142,rs11158871,14,71028678,rs58092588,0.166
14,71091142,rs11158871,14,71029919,rs60860517,0.169
14,71091142,rs11158871,14,71030355,rs10135356,0.168
14,71091142,rs11158871,14,71030414,rs58346171,0.166
14,71091142,rs11158871,14,71031171,rs60006057,0.161
14,71091142,rs11158871,14,71033156,rs73283917,0.161
14,71091142,rs11158871,14,71034216,rs1959477,0.169
14,71091142,rs11158871,14,71034471,rs12587666,0.098
14,71091142,rs11158871,14,71035077,rs79964816,0.127
14,71091142,rs11158871,14,71036259,rs2877672,0.169
14,71091142,rs11158871,14,71036510,rs7145530,0.161
14,71091142,rs11158871,14,71040022,rs74938470,0.166
14,71091142,rs11158871,14,71041502,rs60555424,0.16
14,71091142,rs11158871,14,71041572,rs79604686,0.163
14,71091142,rs11158871,14,71041621,rs58258245,0.097
14,71091142,rs11158871,14,71043557,rs58069917,0.161
14,71091142,rs11158871,14,71043704,rs59044667,0.161
14,71091142,rs11158871,14,71045002,rs61388426,0.167
14,71091142,rs11158871,14,71045341,rs56328037,0.165
14,71091142,rs11158871,14,71045743,rs60867605,0.091
14,71091142,rs11158871,14,71046425,rs1112478,0.099
14,71091142,rs11158871,14,71047065,rs75429267,0.166
14,71091142,rs11158871,14,71048532,rs10141744,0.099
14,71091142,rs11158871,14,71048558,rs1057127,0.07
14,71091142,rs11158871,14,71048562,rs148972133,0.167
14,71091142,rs11158871,14,71050660,rs59233924,0.166
14,71091142,rs11158871,14,71051088,rs45523543,0.167
14,71091142,rs11158871,14,71051233,rs7150330,0.07
14,71091142,rs11158871,14,71052171,rs56922268,0.167
14,71091142,rs11158871,14,71052278,rs112233021,0.083
14,71091142,rs11158871,14,71054384,rs8010044,0.07
14,71091142,rs11158871,14,71054478,rs10483830,0.167
14,71091142,rs11158871,14,71054992,rs17108246,0.167
14,71091142,rs11158871,14,71057558,rs11158869,0.391
14,71091142,rs11158871,14,71058632,rs9323542,0.099
14,71091142,rs11158871,14,71058702,rs17108252,0.154
14,71091142,rs11158871,14,71059255,rs1137491,0.07
14,71091142,rs11158871,14,71059312,rs1137490,0.07
14,71091142,rs11158871,14,71060644,rs10483831,0.136
14,71091142,rs11158871,14,71060837,rs10483832,0.09
14,71091142,rs11158871,14,71061451,rs60251828,0.167
14,71091142,rs11158871,14,71061462,rs7157073,0.091
14,71091142,rs11158871,14,71061549,rs7156661,0.062
14,71091142,rs11158871,14,71061733,rs60120955,0.176
14,71091142,rs11158871,14,71061836,rs17113651,0.176
14,71091142,rs11158871,14,71061844,rs7157685,0.062
14,71091142,rs11158871,14,71061956,rs7158848,0.098
14,71091142,rs11158871,14,71062241,rs3825720,0.174
14,71091142,rs11158871,14,71062432,rs2018131,0.182
14,71091142,rs11158871,14,71062435,rs1962312,0.07
14,71091142,rs11158871,14,71062851,rs8005893,0.091
14,71091142,rs11158871,14,71066443,rs78077196,0.176
14,71091142,rs11158871,14,71066484,rs17108264,0.167
14,71091142,rs11158871,14,71066528,rs74532210,0.167
14,71091142,rs11158871,14,71066593,rs60370428,0.091
14,71091142,rs11158871,14,71066795,rs10143254,0.091
14,71091142,rs11158871,14,71067483,rs150061450,0.167
14,71091142,rs11158871,14,71068401,rs57598551,0.167
14,71091142,rs11158871,14,71068614,rs7359112,0.091
14,71091142,rs11158871,14,71068637,rs17108267,0.091
14,71091142,rs11158871,14,71068889,rs56687536,0.091
14,71091142,rs11158871,14,71068978,rs60453577,0.091
14,71091142,rs11158871,14,71069022,rs58919501,0.091
14,71091142,rs11158871,14,71069598,rs10129782,0.091
14,71091142,rs11158871,14,71069814,rs7141713,0.091
14,71091142,rs11158871,14,71069850,rs7141730,0.091
14,71091142,rs11158871,14,71069951,rs11298051,0.091
14,71091142,rs11158871,14,71069957,rs58136322,0.091
14,71091142,rs11158871,14,71070119,rs11282056,0.091
14,71091142,rs11158871,14,71070284,rs7157455,0.091
14,71091142,rs11158871,14,71070401,rs17108274,0.167
14,71091142,rs11158871,14,71070576,rs74062769,0.176
14,71091142,rs11158871,14,71070883,rs17108276,0.091
14,71091142,rs11158871,14,71071136,rs59584255,0.091
14,71091142,rs11158871,14,71071398,rs59115232,0.091
14,71091142,rs11158871,14,71071493,rs17108278,0.091
14,71091142,rs11158871,14,71071880,rs79274373,0.081
14,71091142,rs11158871,14,71072049,rs10144535,0.091
14,71091142,rs11158871,14,71072090,rs10144696,0.091
14,71091142,rs11158871,14,71072204,rs10133963,0.091
14,71091142,rs11158871,14,71072437,rs56322604,0.091
14,71091142,rs11158871,14,71072454,rs58928118,0.091
14,71091142,rs11158871,14,71072528,rs76708358,0.091
14,71091142,rs11158871,14,71072725,rs59599422,0.091
14,71091142,rs11158871,14,71072781,rs17108280,0.091
14,71091142,rs11158871,14,71072916,rs55965222,0.091
14,71091142,rs11158871,14,71073155,rs56155089,0.089
14,71091142,rs11158871,14,71073173,rs12590117,0.089
14,71091142,rs11158871,14,71073199,rs12587866,0.089
14,71091142,rs11158871,14,71073295,rs12590198,0.092
14,71091142,rs11158871,14,71073304,rs59475121,0.092
14,71091142,rs11158871,14,71073375,rs12590217,0.091
14,71091142,rs11158871,14,71073809,rs7155088,0.091
14,71091142,rs11158871,14,71073833,rs7155436,0.091
14,71091142,rs11158871,14,71073914,rs7155617,0.091
14,71091142,rs11158871,14,71073938,rs7155629,0.091
14,71091142,rs11158871,14,71074069,rs59073564,0.091
14,71091142,rs11158871,14,71074087,rs8021817,0.089
14,71091142,rs11158871,14,71074343,rs8021911,0.081
14,71091142,rs11158871,14,71075343,rs12435305,0.135
14,71091142,rs11158871,14,71078763,rs199842022,0.152
14,71091142,rs11158871,14,71078801,rs10142092,0.156
14,71091142,rs11158871,14,71081130,rs17108291,0.112
14,71091142,rs11158871,14,71083307,rs57339942,0.167
14,71091142,rs11158871,14,71084331,rs2185146,0.112
14,71091142,rs11158871,14,71084735,rs10150160,0.065
14,71091142,rs11158871,14,71085059,rs8004054,0.061
14,71091142,rs11158871,14,71085215,rs12586299,0.177
14,71091142,rs11158871,14,71085469,rs12586392,0.173
14,71091142,rs11158871,14,71086918,chr14_71086918_A_T,0.387
14,71091142,rs11158871,14,71087546,rs8016356,0.207
14,71091142,rs11158871,14,71087731,rs111649181,0.4
14,71091142,rs11158871,14,71088204,chr14_71088204_G_T,0.457
14,71091142,rs11158871,14,71088256,rs10139775,0.31
14,71091142,rs11158871,14,71088557,chr14_71088557_A_T,0.489
14,71091142,rs11158871,14,71088868,rs77032044,0.409
14,71091142,rs11158871,14,71089662,rs2153115,0.747
14,71091142,rs11158871,14,71090521,rs5809491,0.599
14,71091142,rs11158871,14,71091130,rs74247348,0.41
14,71091142,rs11158871,14,71091142,rs11158871,1
14,71091142,rs11158871,14,71091147,rs11845091,0.191
14,71091142,rs11158871,14,71091256,rs11158872,1
14,71091142,rs11158871,14,71092256,rs8014671,0.637
14,71091142,rs11158871,14,71092284,chr14_71092284_C_G,0.491
14,71091142,rs11158871,14,71092685,rs143598014,0.193
14,71091142,rs11158871,14,71092949,rs370045907,0.513
14,71091142,rs11158871,14,71093028,rs7158131,0.41
14,71091142,rs11158871,14,71093575,rs12588239,0.509
14,71091142,rs11158871,14,71093669,rs74853408,0.193
14,71091142,rs11158871,14,71095068,rs28710847,0.405
14,71091142,rs11158871,14,71095177,rs111990191,0.981
14,71091142,rs11158871,14,71095178,rs78978653,0.982
14,71091142,rs11158871,14,71095628,rs58775580,0.981
14,71091142,rs11158871,14,71095776,rs10162527,0.463
14,71091142,rs11158871,14,71096344,rs9646133,0.978
14,71091142,rs11158871,14,71096593,rs74393700,0.161
14,71091142,rs11158871,14,71097355,rs57216408,0.405
14,71091142,rs11158871,14,71097469,rs58631887,0.405
14,71091142,rs11158871,14,71098523,rs7145863,0.315
14,71091142,rs11158871,14,71099652,rs56913237,0.431
14,71091142,rs11158871,14,71100831,rs12589512,0.362
14,71091142,rs11158871,14,71101054,chr14_71101054_A_G,0.192
14,71091142,rs11158871,14,71111361,rs7160510,0.061
14,71091142,rs11158871,14,71112901,rs4902835,0.057
14,71091142,rs11158871,14,71112910,rs71425210,0.177
14,71091142,rs11158871,14,71113775,rs61980466,0.062
14,71091142,rs11158871,14,71113873,rs10147181,0.069
14,71091142,rs11158871,14,71114888,rs17176552,0.06
14,71091142,rs11158871,14,71116106,rs4899362,0.067
14,71091142,rs11158871,14,71116160,rs35454477,0.18
14,71091142,rs11158871,14,71119163,rs71425211,0.114
14,71091142,rs11158871,14,71119990,rs79887340,0.114
14,71091142,rs11158871,14,71121164,rs7350722,0.114
14,71091142,rs11158871,14,71122895,rs12890201,0.121
14,71091142,rs11158871,14,71122929,rs12890224,0.106
14,71091142,rs11158871,14,71123522,rs12895136,0.121
14,71091142,rs11158871,14,71124016,rs71425212,0.121
14,71091142,rs11158871,14,71124454,rs71425213,0.158
14,71091142,rs11158871,14,71124837,rs61980470,0.063
14,71091142,rs11158871,14,71125495,rs34925522,0.119
14,71091142,rs11158871,14,71126041,rs61980472,0.066
14,71091142,rs11158871,14,71127107,rs61980473,0.065
14,71091142,rs11158871,14,71127205,rs34216013,0.112
14,71091142,rs11158871,14,71127674,rs1959481,0.106
14,71091142,rs11158871,14,71127700,rs1959482,0.141
14,71091142,rs11158871,14,71127990,rs1205240,0.063
14,71091142,rs11158871,14,71128285,rs36083763,0.112
14,71091142,rs11158871,14,71129130,rs146183274,0.073
14,71091142,rs11158871,14,71129254,rs1953797,0.066
14,71091142,rs11158871,14,71129394,rs12436215,0.065
14,71092256,rs8014671,14,70650518,rs4902786,0.083
14,71092256,rs8014671,14,70656043,chr14_70656043_A_G,0.163
14,71092256,rs8014671,14,70656838,rs12882693,0.288
14,71092256,rs8014671,14,70657253,rs6573935,0.287
14,71092256,rs8014671,14,70657952,rs8013825,0.361
14,71092256,rs8014671,14,70658044,rs8018340,0.361
14,71092256,rs8014671,14,70662603,rs111199433,0.288
14,71092256,rs8014671,14,70663645,rs56174331,0.29
14,71092256,rs8014671,14,70665113,rs7350719,0.361
14,71092256,rs8014671,14,70667258,rs1115250,0.361
14,71092256,rs8014671,14,70669002,rs1559714,0.298
14,71092256,rs8014671,14,70669272,rs12886671,0.361
14,71092256,rs8014671,14,70671151,rs35854868,0.362
14,71092256,rs8014671,14,70671183,rs4899337,0.288
14,71092256,rs8014671,14,70672795,rs17765643,0.362
14,71092256,rs8014671,14,70672989,rs1571376,0.286
14,71092256,rs8014671,14,70673504,rs61978252,0.341
14,71092256,rs8014671,14,70673738,rs7141105,0.288
14,71092256,rs8014671,14,70675428,rs35393159,0.364
14,71092256,rs8014671,14,70676661,rs1834426,0.37
14,71092256,rs8014671,14,70678207,rs35667130,0.346
14,71092256,rs8014671,14,70678222,rs2182973,0.293
14,71092256,rs8014671,14,70679626,rs8017936,0.37
14,71092256,rs8014671,14,70681468,rs35383747,0.285
14,71092256,rs8014671,14,70681797,rs67486685,0.311
14,71092256,rs8014671,14,70681911,rs35761259,0.36
14,71092256,rs8014671,14,70682043,rs7154186,0.287
14,71092256,rs8014671,14,70683698,rs11625280,0.362
14,71092256,rs8014671,14,70683869,rs1958186,0.288
14,71092256,rs8014671,14,70684173,rs2182972,0.362
14,71092256,rs8014671,14,70690476,rs10459537,0.361
14,71092256,rs8014671,14,70690877,rs9323533,0.36
14,71092256,rs8014671,14,70690955,rs6573939,0.266
14,71092256,rs8014671,14,70691274,rs12892653,0.361
14,71092256,rs8014671,14,70692407,rs28547335,0.288
14,71092256,rs8014671,14,70694233,rs12889000,0.267
14,71092256,rs8014671,14,70694791,rs1115631,0.267
14,71092256,rs8014671,14,70694875,rs1115630,0.267
14,71092256,rs8014671,14,70694920,rs8015463,0.288
14,71092256,rs8014671,14,70695106,rs2217022,0.362
14,71092256,rs8014671,14,70695265,rs4902796,0.233
14,71092256,rs8014671,14,70695997,rs34199159,0.362
14,71092256,rs8014671,14,70696210,rs35858046,0.362
14,71092256,rs8014671,14,70697154,rs41350744,0.361
14,71092256,rs8014671,14,70698294,rs35059733,0.362
14,71092256,rs8014671,14,70698340,rs11851232,0.288
14,71092256,rs8014671,14,70698962,rs75770191,0.362
14,71092256,rs8014671,14,70700143,rs11158843,0.289
14,71092256,rs8014671,14,70701398,rs35406991,0.288
14,71092256,rs8014671,14,70701721,rs74062858,0.288
14,71092256,rs8014671,14,70702256,rs56811288,0.362
14,71092256,rs8014671,14,70702640,rs11158844,0.287
14,71092256,rs8014671,14,70703063,rs67450625,0.298
14,71092256,rs8014671,14,70704057,rs12895508,0.362
14,71092256,rs8014671,14,70706584,rs6650511,0.3
14,71092256,rs8014671,14,70707235,rs2225195,0.363
14,71092256,rs8014671,14,70708353,rs4902797,0.289
14,71092256,rs8014671,14,70708708,rs116693292,0.363
14,71092256,rs8014671,14,70710825,rs7142965,0.364
14,71092256,rs8014671,14,70711526,rs34204434,0.364
14,71092256,rs8014671,14,70712274,rs1812858,0.364
14,71092256,rs8014671,14,70712335,rs62861560,0.359
14,71092256,rs8014671,14,70713156,rs11629177,0.364
14,71092256,rs8014671,14,70713992,rs4902799,0.322
14,71092256,rs8014671,14,70714027,rs28562608,0.32
14,71092256,rs8014671,14,70714028,rs28597838,0.32
14,71092256,rs8014671,14,70715328,rs12887997,0.365
14,71092256,rs8014671,14,70715619,rs12888540,0.29
14,71092256,rs8014671,14,70715717,rs36104285,0.287
14,71092256,rs8014671,14,70715721,rs34995375,0.287
14,71092256,rs8014671,14,70716022,rs1000619,0.305
14,71092256,rs8014671,14,70717510,rs1467688,0.29
14,71092256,rs8014671,14,70717598,rs5809482,0.307
14,71092256,rs8014671,14,70717846,rs1469253,0.365
14,71092256,rs8014671,14,70718624,rs10144989,0.29
14,71092256,rs8014671,14,70719272,rs61979503,0.305
14,71092256,rs8014671,14,70719446,rs11846947,0.29
14,71092256,rs8014671,14,70720041,rs33967172,0.289
14,71092256,rs8014671,14,70720109,rs10145919,0.29
14,71092256,rs8014671,14,70720784,rs143534218,0.304
14,71092256,rs8014671,14,70721363,rs10137313,0.29
14,71092256,rs8014671,14,70722878,rs10141251,0.29
14,71092256,rs8014671,14,70723327,rs34658799,0.289
14,71092256,rs8014671,14,70723934,chr14_70723934_A_INDEL,0.287
14,71092256,rs8014671,14,70723939,rs34927447,0.305
14,71092256,rs8014671,14,70724121,rs11627378,0.367
14,71092256,rs8014671,14,70724632,rs35814863,0.29
14,71092256,rs8014671,14,70724814,rs10147630,0.29
14,71092256,rs8014671,14,70726146,rs10535902,0.29
14,71092256,rs8014671,14,70727182,rs142457348,0.368
14,71092256,rs8014671,14,70728094,rs4899342,0.303
14,71092256,rs8014671,14,70728417,rs8017375,0.291
14,71092256,rs8014671,14,70728515,rs8017251,0.292
14,71092256,rs8014671,14,70728589,rs11623847,0.307
14,71092256,rs8014671,14,70728800,rs34368785,0.372
14,71092256,rs8014671,14,70729880,rs4902801,0.314
14,71092256,rs8014671,14,70730044,rs7155673,0.315
14,71092256,rs8014671,14,70730083,rs35242046,0.314
14,71092256,rs8014671,14,70731091,rs8003306,0.32
14,71092256,rs8014671,14,70731639,rs7141710,0.347
14,71092256,rs8014671,14,70731728,rs7141597,0.337
14,71092256,rs8014671,14,70732067,rs143339112,0.376
14,71092256,rs8014671,14,70732974,rs12890763,0.318
14,71092256,rs8014671,14,70733526,rs2332277,0.321
14,71092256,rs8014671,14,70734133,rs12895375,0.321
14,71092256,rs8014671,14,70734859,rs61979507,0.321
14,71092256,rs8014671,14,70735345,rs4902804,0.055
14,71092256,rs8014671,14,70735534,rs12881650,0.321
14,71092256,rs8014671,14,70737331,rs12892636,0.322
14,71092256,rs8014671,14,70737456,rs12892811,0.322
14,71092256,rs8014671,14,70737572,rs75247372,0.322
14,71092256,rs8014671,14,70737889,rs7156815,0.054
14,71092256,rs8014671,14,70738328,rs4274363,0.322
14,71092256,rs8014671,14,70738544,rs12588778,0.322
14,71092256,rs8014671,14,70738637,rs8004016,0.322
14,71092256,rs8014671,14,70739554,rs4331283,0.195
14,71092256,rs8014671,14,70740248,rs2332278,0.144
14,71092256,rs8014671,14,70740584,rs2332279,0.144
14,71092256,rs8014671,14,70740688,rs2332280,0.323
14,71092256,rs8014671,14,70741526,rs35004849,0.323
14,71092256,rs8014671,14,70741976,rs11627857,0.323
14,71092256,rs8014671,14,70742773,rs34612588,0.323
14,71092256,rs8014671,14,70745199,rs2332281,0.13
14,71092256,rs8014671,14,70745599,rs57468003,0.144
14,71092256,rs8014671,14,70748244,rs5809485,0.111
14,71092256,rs8014671,14,70748343,rs4902808,0.06
14,71092256,rs8014671,14,70748351,rs4902809,0.06
14,71092256,rs8014671,14,70748520,rs4902810,0.06
14,71092256,rs8014671,14,70748530,rs4902811,0.152
14,71092256,rs8014671,14,70748945,rs67914709,0.151
14,71092256,rs8014671,14,70749485,rs10148030,0.155
14,71092256,rs8014671,14,70750712,rs10220605,0.177
14,71092256,rs8014671,14,70750807,rs10220380,0.152
14,71092256,rs8014671,14,70751398,rs8018531,0.152
14,71092256,rs8014671,14,70751661,rs10149744,0.28
14,71092256,rs8014671,14,70751845,rs201267010,0.06
14,71092256,rs8014671,14,70752333,rs7140945,0.28
14,71092256,rs8014671,14,70752646,rs4899343,0.157
14,71092256,rs8014671,14,70752703,rs4902812,0.152
14,71092256,rs8014671,14,70753811,rs34570753,0.159
14,71092256,rs8014671,14,70754010,rs28516527,0.165
14,71092256,rs8014671,14,70756333,rs17565772,0.449
14,71092256,rs8014671,14,70756638,rs12880929,0.345
14,71092256,rs8014671,14,70756770,rs12589082,0.072
14,71092256,rs8014671,14,70757572,rs10133919,0.181
14,71092256,rs8014671,14,70757595,rs10133925,0.073
14,71092256,rs8014671,14,70757779,rs2332283,0.181
14,71092256,rs8014671,14,70758384,rs11623659,0.073
14,71092256,rs8014671,14,70758483,rs60385209,0.092
14,71092256,rs8014671,14,70758577,rs61668806,0.092
14,71092256,rs8014671,14,70758625,rs10873228,0.181
14,71092256,rs8014671,14,70758868,rs12433609,0.354
14,71092256,rs8014671,14,70758892,rs10083409,0.181
14,71092256,rs8014671,14,70759867,rs11158851,0.166
14,71092256,rs8014671,14,70759978,rs12433778,0.235
14,71092256,rs8014671,14,70760856,rs10149895,0.181
14,71092256,rs8014671,14,70762020,rs4048554,0.181
14,71092256,rs8014671,14,70762028,rs3966033,0.354
14,71092256,rs8014671,14,70762560,rs4048555,0.205
14,71092256,rs8014671,14,70762605,rs4589487,0.205
14,71092256,rs8014671,14,70762669,rs4448860,0.205
14,71092256,rs8014671,14,70763020,rs61977477,0.181
14,71092256,rs8014671,14,70763114,rs142949689,0.082
14,71092256,rs8014671,14,70763980,rs11847598,0.181
14,71092256,rs8014671,14,70764697,rs56128986,0.181
14,71092256,rs8014671,14,70764870,rs11624770,0.099
14,71092256,rs8014671,14,70765459,rs55971016,0.338
14,71092256,rs8014671,14,70766084,rs35050325,0.181
14,71092256,rs8014671,14,70766323,rs34010011,0.34
14,71092256,rs8014671,14,70767217,rs11624085,0.181
14,71092256,rs8014671,14,70767384,rs7157159,0.18
14,71092256,rs8014671,14,70767720,rs140148330,0.181
14,71092256,rs8014671,14,70767832,rs10149492,0.18
14,71092256,rs8014671,14,70767866,rs10149724,0.181
14,71092256,rs8014671,14,70768053,rs200264857,0.181
14,71092256,rs8014671,14,70768723,rs35521785,0.237
14,71092256,rs8014671,14,70768918,rs4902813,0.181
14,71092256,rs8014671,14,70769007,rs79995574,0.076
14,71092256,rs8014671,14,70769049,rs139226335,0.233
14,71092256,rs8014671,14,70769122,rs56935713,0.058
14,71092256,rs8014671,14,70769599,rs10144926,0.059
14,71092256,rs8014671,14,70769639,rs8009793,0.181
14,71092256,rs8014671,14,70769778,rs8011014,0.233
14,71092256,rs8014671,14,70770311,rs7141694,0.059
14,71092256,rs8014671,14,70770582,rs12879801,0.487
14,71092256,rs8014671,14,70770867,rs8005362,0.472
14,71092256,rs8014671,14,70770903,rs8005386,0.233
14,71092256,rs8014671,14,70771251,rs8010069,0.181
14,71092256,rs8014671,14,70771375,rs141758121,0.233
14,71092256,rs8014671,14,70771462,rs57285309,0.198
14,71092256,rs8014671,14,70771593,rs57029572,0.233
14,71092256,rs8014671,14,70771614,rs12587203,0.181
14,71092256,rs8014671,14,70771627,rs12587205,0.181
14,71092256,rs8014671,14,70771739,rs71425379,0.18
14,71092256,rs8014671,14,70771741,rs71425380,0.18
14,71092256,rs8014671,14,70771743,rs71425381,0.18
14,71092256,rs8014671,14,70771745,rs71425382,0.18
14,71092256,rs8014671,14,70771874,rs28762803,0.059
14,71092256,rs8014671,14,70771889,rs12886359,0.233
14,71092256,rs8014671,14,70772659,rs74610585,0.058
14,71092256,rs8014671,14,70772687,rs150364042,0.059
14,71092256,rs8014671,14,70772943,rs4640114,0.233
14,71092256,rs8014671,14,70772998,rs4530069,0.181
14,71092256,rs8014671,14,70773380,rs146502783,0.059
14,71092256,rs8014671,14,70773624,rs7140275,0.233
14,71092256,rs8014671,14,70773694,rs7160800,0.059
14,71092256,rs8014671,14,70774552,rs150064645,0.181
14,71092256,rs8014671,14,70774797,rs145415365,0.072
14,71092256,rs8014671,14,70774895,rs201175705,0.059
14,71092256,rs8014671,14,70775792,rs8015046,0.487
14,71092256,rs8014671,14,70776231,rs76850963,0.059
14,71092256,rs8014671,14,70776772,rs11847374,0.059
14,71092256,rs8014671,14,70777288,rs35237643,0.348
14,71092256,rs8014671,14,70777686,rs7143274,0.348
14,71092256,rs8014671,14,70778369,rs71102696,0.345
14,71092256,rs8014671,14,70778623,rs2877669,0.059
14,71092256,rs8014671,14,70778717,rs2332416,0.218
14,71092256,rs8014671,14,70779604,rs35186208,0.306
14,71092256,rs8014671,14,70779666,rs8016520,0.059
14,71092256,rs8014671,14,70780203,rs2332417,0.059
14,71092256,rs8014671,14,70780507,rs9630398,0.058
14,71092256,rs8014671,14,70782066,rs10136230,0.061
14,71092256,rs8014671,14,70782154,rs6573948,0.179
14,71092256,rs8014671,14,70782214,rs8014459,0.06
14,71092256,rs8014671,14,70783943,rs8021180,0.486
14,71092256,rs8014671,14,70784083,rs374960564,0.309
14,71092256,rs8014671,14,70784223,rs8005522,0.061
14,71092256,rs8014671,14,70784451,rs34485807,0.06
14,71092256,rs8014671,14,70784702,rs8006423,0.229
14,71092256,rs8014671,14,70785005,rs8011156,0.227
14,71092256,rs8014671,14,70785019,rs12147722,0.301
14,71092256,rs8014671,14,70785315,rs11158855,0.305
14,71092256,rs8014671,14,70785547,rs6573949,0.06
14,71092256,rs8014671,14,70785881,rs10873230,0.06
14,71092256,rs8014671,14,70787510,rs9323535,0.178
14,71092256,rs8014671,14,70787613,rs35469188,0.295
14,71092256,rs8014671,14,70787682,rs34628816,0.06
14,71092256,rs8014671,14,70788212,rs117406020,0.107
14,71092256,rs8014671,14,70788724,rs12432504,0.178
14,71092256,rs8014671,14,70789122,rs8013862,0.178
14,71092256,rs8014671,14,70789284,rs34802428,0.305
14,71092256,rs8014671,14,70789805,rs12147825,0.344
14,71092256,rs8014671,14,70790200,rs7148445,0.059
14,71092256,rs8014671,14,70791112,rs56977342,0.107
14,71092256,rs8014671,14,70791346,rs57495576,0.107
14,71092256,rs8014671,14,70791349,rs57535767,0.06
14,71092256,rs8014671,14,70791357,rs12890415,0.347
14,71092256,rs8014671,14,70791493,rs4899344,0.178
14,71092256,rs8014671,14,70792397,rs141862353,0.06
14,71092256,rs8014671,14,70793004,rs4749,0.151
14,71092256,rs8014671,14,70793894,rs6573950,0.178
14,71092256,rs8014671,14,70794000,rs6573951,0.178
14,71092256,rs8014671,14,70794789,14:70794789:ATTTTTTTT:A,0.112
14,71092256,rs8014671,14,70794836,rs11627279,0.178
14,71092256,rs8014671,14,70794929,rs67203490,0.058
14,71092256,rs8014671,14,70794977,rs66621230,0.178
14,71092256,rs8014671,14,70795320,rs34842075,0.06
14,71092256,rs8014671,14,70795430,rs2332418,0.229
14,71092256,rs8014671,14,70795668,rs2332419,0.178
14,71092256,rs8014671,14,70795756,rs7157430,0.178
14,71092256,rs8014671,14,70795769,rs56128802,0.178
14,71092256,rs8014671,14,70795772,rs10648369,0.178
14,71092256,rs8014671,14,70797593,rs6573952,0.178
14,71092256,rs8014671,14,70798025,rs2332420,0.178
14,71092256,rs8014671,14,70798184,rs2877670,0.229
14,71092256,rs8014671,14,70798289,rs8016418,0.378
14,71092256,rs8014671,14,70798847,rs4600398,0.178
14,71092256,rs8014671,14,70799466,rs7160880,0.228
14,71092256,rs8014671,14,70799706,rs6573953,0.165
14,71092256,rs8014671,14,70799992,rs8016060,0.305
14,71092256,rs8014671,14,70800004,rs6573954,0.178
14,71092256,rs8014671,14,70800489,rs77015786,0.077
14,71092256,rs8014671,14,70800703,rs80207032,0.077
14,71092256,rs8014671,14,70801159,rs76595957,0.077
14,71092256,rs8014671,14,70801207,rs2332421,0.305
14,71092256,rs8014671,14,70802540,rs35164282,0.305
14,71092256,rs8014671,14,70802905,rs111771300,0.077
14,71092256,rs8014671,14,70802981,rs146218837,0.306
14,71092256,rs8014671,14,70804131,rs78267123,0.077
14,71092256,rs8014671,14,70805268,rs2332422,0.226
14,71092256,rs8014671,14,70805624,rs10142102,0.06
14,71092256,rs8014671,14,70806305,rs11158856,0.178
14,71092256,rs8014671,14,70807623,rs10148586,0.06
14,71092256,rs8014671,14,70807952,rs8017274,0.178
14,71092256,rs8014671,14,70808603,rs9323536,0.06
14,71092256,rs8014671,14,70808639,rs9323537,0.178
14,71092256,rs8014671,14,70808806,rs112872478,0.077
14,71092256,rs8014671,14,70809019,rs7144424,0.306
14,71092256,rs8014671,14,70810430,rs10140916,0.178
14,71092256,rs8014671,14,70810569,rs34767236,0.379
14,71092256,rs8014671,14,70811570,rs12589335,0.307
14,71092256,rs8014671,14,70813107,rs4902814,0.106
14,71092256,rs8014671,14,70813180,rs35859016,0.308
14,71092256,rs8014671,14,70813286,rs12590679,0.308
14,71092256,rs8014671,14,70813311,rs12588332,0.179
14,71092256,rs8014671,14,70813520,rs55728800,0.06
14,71092256,rs8014671,14,70813795,rs12590808,0.377
14,71092256,rs8014671,14,70815823,rs78474180,0.172
14,71092256,rs8014671,14,70815996,rs12433437,0.178
14,71092256,rs8014671,14,70816475,rs35671518,0.308
14,71092256,rs8014671,14,70816692,rs10137455,0.158
14,71092256,rs8014671,14,70816750,rs34511042,0.376
14,71092256,rs8014671,14,70816896,rs11623974,0.308
14,71092256,rs8014671,14,70817141,rs11620731,0.178
14,71092256,rs8014671,14,70817158,rs10140161,0.178
14,71092256,rs8014671,14,70817914,rs12588623,0.06
14,71092256,rs8014671,14,70818177,rs2877656,0.178
14,71092256,rs8014671,14,70818258,rs2332363,0.158
14,71092256,rs8014671,14,70818626,rs2332364,0.167
14,71092256,rs8014671,14,70819302,rs10570008,0.308
14,71092256,rs8014671,14,70819407,rs7152300,0.166
14,71092256,rs8014671,14,70819717,rs12433355,0.412
14,71092256,rs8014671,14,70819870,rs7152898,0.297
14,71092256,rs8014671,14,70819939,rs7152945,0.179
14,71092256,rs8014671,14,70821633,rs8015988,0.308
14,71092256,rs8014671,14,70822718,rs61977537,0.309
14,71092256,rs8014671,14,70823483,rs59164902,0.178
14,71092256,rs8014671,14,70823854,rs7144850,0.167
14,71092256,rs8014671,14,70823874,rs202027808,0.168
14,71092256,rs8014671,14,70823932,rs2877657,0.06
14,71092256,rs8014671,14,70824967,rs10138047,0.159
14,71092256,rs8014671,14,70824969,rs10148837,0.159
14,71092256,rs8014671,14,70825046,rs7155967,0.179
14,71092256,rs8014671,14,70825095,rs59767092,0.055
14,71092256,rs8014671,14,70825397,rs2877658,0.167
14,71092256,rs8014671,14,70827273,rs2877659,0.168
14,71092256,rs8014671,14,70827773,rs7148889,0.159
14,71092256,rs8014671,14,70827899,rs10133282,0.061
14,71092256,rs8014671,14,70828498,rs3759774,0.308
14,71092256,rs8014671,14,70829114,rs12588244,0.308
14,71092256,rs8014671,14,70829427,rs111592714,0.223
14,71092256,rs8014671,14,70829683,rs6420899,0.179
14,71092256,rs8014671,14,70832479,rs17475516,0.377
14,71092256,rs8014671,14,70833594,rs1044534,0.062
14,71092256,rs8014671,14,70833768,rs6573956,0.179
14,71092256,rs8014671,14,70833819,rs1044527,0.492
14,71092256,rs8014671,14,70835246,rs7141407,0.308
14,71092256,rs8014671,14,70835408,rs149186362,0.35
14,71092256,rs8014671,14,70835964,rs6573957,0.179
14,71092256,rs8014671,14,70836753,rs1060681,0.376
14,71092256,rs8014671,14,70839389,rs11844845,0.059
14,71092256,rs8014671,14,70840088,rs61977542,0.313
14,71092256,rs8014671,14,70840147,rs12434413,0.237
14,71092256,rs8014671,14,70840446,rs12431557,0.183
14,71092256,rs8014671,14,70840675,rs10140938,0.183
14,71092256,rs8014671,14,70840788,rs10141034,0.183
14,71092256,rs8014671,14,70841613,rs2332366,0.186
14,71092256,rs8014671,14,70841652,rs2332367,0.183
14,71092256,rs8014671,14,70841665,rs113034271,0.183
14,71092256,rs8014671,14,70841922,rs201793770,0.063
14,71092256,rs8014671,14,70842004,rs12889915,0.183
14,71092256,rs8014671,14,70842755,rs2275297,0.183
14,71092256,rs8014671,14,70842786,rs2275298,0.183
14,71092256,rs8014671,14,70842956,rs79196947,0.078
14,71092256,rs8014671,14,70843284,rs3784155,0.183
14,71092256,rs8014671,14,70843647,rs10150618,0.183
14,71092256,rs8014671,14,70843703,rs10150707,0.061
14,71092256,rs8014671,14,70844212,rs10130596,0.183
14,71092256,rs8014671,14,70844362,rs10142875,0.183
14,71092256,rs8014671,14,70844443,rs59147970,0.183
14,71092256,rs8014671,14,70844475,rs11158858,0.382
14,71092256,rs8014671,14,70844818,rs33942861,0.183
14,71092256,rs8014671,14,70845030,rs34049573,0.237
14,71092256,rs8014671,14,70845670,rs10873232,0.192
14,71092256,rs8014671,14,70845737,rs111791565,0.183
14,71092256,rs8014671,14,70845753,rs12886764,0.183
14,71092256,rs8014671,14,70845874,rs10134376,0.183
14,71092256,rs8014671,14,70846245,rs7154657,0.183
14,71092256,rs8014671,14,70846433,rs7155162,0.184
14,71092256,rs8014671,14,70846506,rs7155332,0.184
14,71092256,rs8014671,14,70846639,rs7155564,0.184
14,71092256,rs8014671,14,70846800,rs7155763,0.189
14,71092256,rs8014671,14,70846954,rs7157399,0.196
14,71092256,rs8014671,14,70847079,rs12146968,0.323
14,71092256,rs8014671,14,70847103,rs8022128,0.195
14,71092256,rs8014671,14,70847124,rs8022288,0.203
14,71092256,rs8014671,14,70847155,rs8022315,0.198
14,71092256,rs8014671,14,70847415,rs61977552,0.417
14,71092256,rs8014671,14,70847689,rs17475866,0.189
14,71092256,rs8014671,14,70848105,rs7146414,0.197
14,71092256,rs8014671,14,70848124,rs7145450,0.197
14,71092256,rs8014671,14,70848536,rs11626228,0.486
14,71092256,rs8014671,14,70848680,rs11626414,0.485
14,71092256,rs8014671,14,70848691,rs2332368,0.197
14,71092256,rs8014671,14,70849088,rs10146573,0.197
14,71092256,rs8014671,14,70849114,rs10146506,0.197
14,71092256,rs8014671,14,70849257,rs10146684,0.197
14,71092256,rs8014671,14,70849574,rs8014520,0.285
14,71092256,rs8014671,14,70849694,rs2332369,0.197
14,71092256,rs8014671,14,70850012,rs2877660,0.197
14,71092256,rs8014671,14,70850154,rs7146493,0.197
14,71092256,rs8014671,14,70850258,rs7148114,0.197
14,71092256,rs8014671,14,70850302,rs10132815,0.31
14,71092256,rs8014671,14,70850677,rs34105178,0.371
14,71092256,rs8014671,14,70850808,rs7147906,0.197
14,71092256,rs8014671,14,70850935,rs41428147,0.078
14,71092256,rs8014671,14,70851036,rs6573958,0.197
14,71092256,rs8014671,14,70851048,rs7152584,0.197
14,71092256,rs8014671,14,70851206,rs148519921,0.197
14,71092256,rs8014671,14,70851207,rs10710090,0.197
14,71092256,rs8014671,14,70851209,rs115058122,0.196
14,71092256,rs8014671,14,70851311,rs6573959,0.197
14,71092256,rs8014671,14,70851821,rs10148810,0.197
14,71092256,rs8014671,14,70851997,rs8021610,0.195
14,71092256,rs8014671,14,70854671,rs7150558,0.197
14,71092256,rs8014671,14,70856624,rs2332370,0.189
14,71092256,rs8014671,14,70856903,rs11453709,0.447
14,71092256,rs8014671,14,70857022,rs6573960,0.197
14,71092256,rs8014671,14,70859431,rs10139233,0.197
14,71092256,rs8014671,14,70860784,rs78620603,0.189
14,71092256,rs8014671,14,70862390,rs11626325,0.448
14,71092256,rs8014671,14,70862888,rs8008400,0.197
14,71092256,rs8014671,14,70863118,rs12887715,0.448
14,71092256,rs8014671,14,70863133,rs113980705,0.08
14,71092256,rs8014671,14,70863432,rs138546283,0.091
14,71092256,rs8014671,14,70864264,rs7158315,0.198
14,71092256,rs8014671,14,70864959,rs2332371,0.198
14,71092256,rs8014671,14,70865101,rs9788537,0.198
14,71092256,rs8014671,14,70865201,rs9788426,0.208
14,71092256,rs8014671,14,70865586,rs4899345,0.189
14,71092256,rs8014671,14,70866320,rs2332372,0.269
14,71092256,rs8014671,14,70866377,rs2332373,0.24
14,71092256,rs8014671,14,70867095,rs2332374,0.198
14,71092256,rs8014671,14,70868776,rs11625168,0.274
14,71092256,rs8014671,14,70869318,rs12100529,0.273
14,71092256,rs8014671,14,70869383,rs34370869,0.429
14,71092256,rs8014671,14,70869689,rs10131943,0.274
14,71092256,rs8014671,14,70870200,rs10140263,0.199
14,71092256,rs8014671,14,70870892,14:70870892:TA:TAA,0.441
14,71092256,rs8014671,14,70871392,rs2332375,0.198
14,71092256,rs8014671,14,70871795,rs7146553,0.198
14,71092256,rs8014671,14,70872571,rs8015005,0.448
14,71092256,rs8014671,14,70873432,rs7158117,0.198
14,71092256,rs8014671,14,70873478,rs7159747,0.198
14,71092256,rs8014671,14,70873763,rs34866539,0.488
14,71092256,rs8014671,14,70873846,rs113176339,0.052
14,71092256,rs8014671,14,70873954,rs7159039,0.198
14,71092256,rs8014671,14,70874146,rs71105710,0.588
14,71092256,rs8014671,14,70874251,rs11335413,0.198
14,71092256,rs8014671,14,70874695,rs12880777,0.488
14,71092256,rs8014671,14,70874909,rs7143690,0.274
14,71092256,rs8014671,14,70875513,rs7149261,0.199
14,71092256,rs8014671,14,70875943,rs8012142,0.052
14,71092256,rs8014671,14,70876603,rs12892542,0.357
14,71092256,rs8014671,14,70877771,rs17108107,0.053
14,71092256,rs8014671,14,70878934,rs17476211,0.193
14,71092256,rs8014671,14,70879234,14:70879234:A:G,0.078
14,71092256,rs8014671,14,70880093,rs7159587,0.055
14,71092256,rs8014671,14,70881029,rs4902815,0.109
14,71092256,rs8014671,14,70881167,rs7144478,0.163
14,71092256,rs8014671,14,70882129,rs7150428,0.052
14,71092256,rs8014671,14,70883943,rs8019852,0.49
14,71092256,rs8014671,14,70884485,rs10602918,0.086
14,71092256,rs8014671,14,70884553,rs6573961,0.05
14,71092256,rs8014671,14,70886032,rs12889741,0.16
14,71092256,rs8014671,14,70886955,rs72735723,0.086
14,71092256,rs8014671,14,70887099,rs116006619,0.079
14,71092256,rs8014671,14,70887100,rs146636645,0.079
14,71092256,rs8014671,14,70887102,rs115479754,0.079
14,71092256,rs8014671,14,70887798,rs4902817,0.051
14,71092256,rs8014671,14,70889546,rs12589762,0.162
14,71092256,rs8014671,14,70890140,rs12586722,0.051
14,71092256,rs8014671,14,70890188,rs8008210,0.056
14,71092256,rs8014671,14,70890232,rs8008235,0.159
14,71092256,rs8014671,14,70890778,rs12884918,0.491
14,71092256,rs8014671,14,70890810,rs66886776,0.103
14,71092256,rs8014671,14,70891585,14:70891585:G:GTATT,0.115
14,71092256,rs8014671,14,70891796,14:70891796:G:A,0.246
14,71092256,rs8014671,14,70891832,rs200447705,0.193
14,71092256,rs8014671,14,70891998,rs143370797,0.195
14,71092256,rs8014671,14,70892065,rs61979082,0.162
14,71092256,rs8014671,14,70892225,rs34273029,0.49
14,71092256,rs8014671,14,70893499,rs4899346,0.108
14,71092256,rs8014671,14,70894621,rs77867352,0.052
14,71092256,rs8014671,14,70894629,rs8011370,0.28
14,71092256,rs8014671,14,70895083,rs80045026,0.051
14,71092256,rs8014671,14,70895493,rs2332377,0.101
14,71092256,rs8014671,14,70896119,rs2332379,0.162
14,71092256,rs8014671,14,70900375,rs4340265,0.052
14,71092256,rs8014671,14,70900822,rs4550388,0.051
14,71092256,rs8014671,14,70900974,rs7158471,0.162
14,71092256,rs8014671,14,70901025,rs4902820,0.15
14,71092256,rs8014671,14,70901775,rs10140231,0.15
14,71092256,rs8014671,14,70902190,rs12586496,0.15
14,71092256,rs8014671,14,70902288,rs12586481,0.051
14,71092256,rs8014671,14,70902830,rs12147052,0.278
14,71092256,rs8014671,14,70902915,rs61979098,0.15
14,71092256,rs8014671,14,70902998,rs75971975,0.051
14,71092256,rs8014671,14,70903523,rs112066856,0.054
14,71092256,rs8014671,14,70904145,rs2332382,0.051
14,71092256,rs8014671,14,70904607,rs12436808,0.051
14,71092256,rs8014671,14,70906233,rs79512253,0.079
14,71092256,rs8014671,14,70907497,rs11158861,0.163
14,71092256,rs8014671,14,70908217,rs11628785,0.489
14,71092256,rs8014671,14,70908281,rs8020009,0.051
14,71092256,rs8014671,14,70909234,rs59788049,0.281
14,71092256,rs8014671,14,70910364,rs7161249,0.051
14,71092256,rs8014671,14,70910910,rs4541006,0.164
14,71092256,rs8014671,14,70911064,rs56362000,0.079
14,71092256,rs8014671,14,70911649,rs60229127,0.474
14,71092256,rs8014671,14,70912331,rs2332384,0.164
14,71092256,rs8014671,14,70913460,rs79037140,0.079
14,71092256,rs8014671,14,70913796,rs12894199,0.163
14,71092256,rs8014671,14,70916318,rs79853283,0.079
14,71092256,rs8014671,14,70916401,rs12436464,0.052
14,71092256,rs8014671,14,70916559,rs2877661,0.491
14,71092256,rs8014671,14,70917755,rs7160442,0.158
14,71092256,rs8014671,14,70919161,rs3764182,0.051
14,71092256,rs8014671,14,70919196,rs3764183,0.491
14,71092256,rs8014671,14,70919319,rs1892282,0.139
14,71092256,rs8014671,14,70919387,rs72735756,0.099
14,71092256,rs8014671,14,70919530,rs73291972,0.051
14,71092256,rs8014671,14,70919699,rs8014252,0.051
14,71092256,rs8014671,14,70919752,rs10676561,0.119
14,71092256,rs8014671,14,70920330,rs17476399,0.491
14,71092256,rs8014671,14,70920380,rs4641669,0.139
14,71092256,rs8014671,14,70920519,rs2877662,0.138
14,71092256,rs8014671,14,70920522,rs2877663,0.138
14,71092256,rs8014671,14,70920965,rs4899352,0.055
14,71092256,rs8014671,14,70920997,rs4902821,0.139
14,71092256,rs8014671,14,70921382,rs78093131,0.052
14,71092256,rs8014671,14,70922142,rs12893988,0.489
14,71092256,rs8014671,14,70923514,rs17567627,0.491
14,71092256,rs8014671,14,70924072,rs4143920,0.099
14,71092256,rs8014671,14,70924237,rs3751520,0.148
14,71092256,rs8014671,14,70924249,rs3751521,0.257
14,71092256,rs8014671,14,70924852,rs3829455,0.305
14,71092256,rs8014671,14,70924955,rs114864695,0.051
14,71092256,rs8014671,14,70925818,rs2022624,0.488
14,71092256,rs8014671,14,70926524,rs59261726,0.221
14,71092256,rs8014671,14,70926573,rs59458224,0.222
14,71092256,rs8014671,14,70926678,rs17108017,0.317
14,71092256,rs8014671,14,70926791,rs45564032,0.317
14,71092256,rs8014671,14,70928182,rs8014338,0.051
14,71092256,rs8014671,14,70928384,rs76349349,0.053
14,71092256,rs8014671,14,70928850,rs11846259,0.204
14,71092256,rs8014671,14,70929096,rs12436902,0.052
14,71092256,rs8014671,14,70930233,rs1959487,0.079
14,71092256,rs8014671,14,70930562,rs8015163,0.052
14,71092256,rs8014671,14,70930639,rs1959488,0.079
14,71092256,rs8014671,14,70930929,rs74062713,0.053
14,71092256,rs8014671,14,70931964,rs2050720,0.204
14,71092256,rs8014671,14,70933156,rs4902822,0.207
14,71092256,rs8014671,14,70936212,rs2293876,0.107
14,71092256,rs8014671,14,70936212,rs2293876,0.08
14,71092256,rs8014671,14,70936714,rs2293873,0.207
14,71092256,rs8014671,14,70937121,rs7152848,0.207
14,71092256,rs8014671,14,70937413,rs7153448,0.208
14,71092256,rs8014671,14,70937420,rs7153459,0.208
14,71092256,rs8014671,14,70937725,rs10467821,0.208
14,71092256,rs8014671,14,70937988,rs28473545,0.208
14,71092256,rs8014671,14,70938225,chr14_70938225_A_T,0.062
14,71092256,rs8014671,14,70939005,rs12586328,0.05
14,71092256,rs8014671,14,70939380,rs56321313,0.208
14,71092256,rs8014671,14,70939519,rs55896630,0.08
14,71092256,rs8014671,14,70940139,rs76281827,0.08
14,71092256,rs8014671,14,70940302,rs78796524,0.08
14,71092256,rs8014671,14,70940572,rs113155114,0.08
14,71092256,rs8014671,14,70940574,rs113297825,0.08
14,71092256,rs8014671,14,70940707,rs111293833,0.08
14,71092256,rs8014671,14,70940712,rs11403823,0.495
14,71092256,rs8014671,14,70941190,rs4899354,0.209
14,71092256,rs8014671,14,70941432,rs56145563,0.08
14,71092256,rs8014671,14,70941776,rs9652366,0.208
14,71092256,rs8014671,14,70941958,rs7144992,0.21
14,71092256,rs8014671,14,70942084,rs145588543,0.063
14,71092256,rs8014671,14,70942252,rs149788980,0.08
14,71092256,rs8014671,14,70942364,rs7150601,0.279
14,71092256,rs8014671,14,70942760,rs200559944,0.211
14,71092256,rs8014671,14,70942897,rs199613642,0.056
14,71092256,rs8014671,14,70943724,rs8018915,0.208
14,71092256,rs8014671,14,70943754,rs150626110,0.081
14,71092256,rs8014671,14,70944028,rs2332387,0.282
14,71092256,rs8014671,14,70944147,rs28535863,0.163
14,71092256,rs8014671,14,70944202,rs112440060,0.08
14,71092256,rs8014671,14,70944224,rs28417404,0.138
14,71092256,rs8014671,14,70944300,rs112909639,0.08
14,71092256,rs8014671,14,70944433,14:70944433:T:TG,0.055
14,71092256,rs8014671,14,70944687,rs145506853,0.05
14,71092256,rs8014671,14,70944713,rs187252862,0.05
14,71092256,rs8014671,14,70944719,rs193183974,0.08
14,71092256,rs8014671,14,70945250,rs141605403,0.074
14,71092256,rs8014671,14,70945702,rs199660929,0.213
14,71092256,rs8014671,14,70945863,rs150852993,0.05
14,71092256,rs8014671,14,70945905,rs138348788,0.077
14,71092256,rs8014671,14,70946238,rs148812646,0.208
14,71092256,rs8014671,14,70946284,rs138449576,0.137
14,71092256,rs8014671,14,70946368,rs77052150,0.282
14,71092256,rs8014671,14,70946693,rs148614358,0.08
14,71092256,rs8014671,14,70946959,rs77709551,0.055
14,71092256,rs8014671,14,70946989,rs150244409,0.208
14,71092256,rs8014671,14,70950323,rs56080246,0.08
14,71092256,rs8014671,14,70951065,rs111934707,0.08
14,71092256,rs8014671,14,70951234,rs7493545,0.493
14,71092256,rs8014671,14,70951688,rs1959483,0.05
14,71092256,rs8014671,14,70954149,rs1953798,0.05
14,71092256,rs8014671,14,70954221,rs1959485,0.282
14,71092256,rs8014671,14,70955244,rs10438162,0.106
14,71092256,rs8014671,14,70956775,rs2095804,0.107
14,71092256,rs8014671,14,70957728,rs7145656,0.102
14,71092256,rs8014671,14,70958109,rs11850330,0.275
14,71092256,rs8014671,14,70958535,rs1953799,0.08
14,71092256,rs8014671,14,70958547,rs12889536,0.063
14,71092256,rs8014671,14,70958662,rs6573964,0.106
14,71092256,rs8014671,14,70958696,rs1953800,0.494
14,71092256,rs8014671,14,70959459,rs10138243,0.107
14,71092256,rs8014671,14,70961213,rs28763369,0.208
14,71092256,rs8014671,14,70961693,rs7160452,0.194
14,71092256,rs8014671,14,70962731,rs8006200,0.282
14,71092256,rs8014671,14,70962765,rs4377098,0.107
14,71092256,rs8014671,14,70962793,rs35650783,0.094
14,71092256,rs8014671,14,70963552,rs1573802,0.282
14,71092256,rs8014671,14,70963806,rs76123164,0.081
14,71092256,rs8014671,14,70963808,rs1953802,0.051
14,71092256,rs8014671,14,70964824,rs34396435,0.284
14,71092256,rs8014671,14,70965075,rs11620719,0.126
14,71092256,rs8014671,14,70965375,rs7161251,0.108
14,71092256,rs8014671,14,70965504,rs111721108,0.082
14,71092256,rs8014671,14,70966189,rs7145424,0.108
14,71092256,rs8014671,14,70966585,rs12232170,0.05
14,71092256,rs8014671,14,70966734,rs6573966,0.287
14,71092256,rs8014671,14,70967286,rs8014387,0.083
14,71092256,rs8014671,14,70968052,rs60881272,0.05
14,71092256,rs8014671,14,70968237,rs56778245,0.05
14,71092256,rs8014671,14,70968366,rs76967029,0.05
14,71092256,rs8014671,14,70968623,rs2095807,0.05
14,71092256,rs8014671,14,70968758,rs34974761,0.291
14,71092256,rs8014671,14,70968760,rs59517511,0.509
14,71092256,rs8014671,14,70969038,rs149245256,0.512
14,71092256,rs8014671,14,70969859,rs143716988,0.111
14,71092256,rs8014671,14,70970309,rs8021308,0.053
14,71092256,rs8014671,14,70970364,rs8021040,0.216
14,71092256,rs8014671,14,70970568,rs6573968,0.293
14,71092256,rs8014671,14,70972923,rs8013505,0.112
14,71092256,rs8014671,14,70974279,rs9743775,0.113
14,71092256,rs8014671,14,70974465,rs9743452,0.299
14,71092256,rs8014671,14,70975912,rs35013494,0.301
14,71092256,rs8014671,14,70976277,rs2332425,0.302
14,71092256,rs8014671,14,70978134,rs4899357,0.224
14,71092256,rs8014671,14,70978713,rs12589009,0.306
14,71092256,rs8014671,14,70979356,rs11438466,0.301
14,71092256,rs8014671,14,70980424,rs11624424,0.547
14,71092256,rs8014671,14,70980887,rs74974104,0.084
14,71092256,rs8014671,14,70981166,rs11158863,0.103
14,71092256,rs8014671,14,70981753,rs11848696,0.09
14,71092256,rs8014671,14,70982214,rs11849745,0.09
14,71092256,rs8014671,14,70982633,rs17108197,0.167
14,71092256,rs8014671,14,70983001,rs28559756,0.178
14,71092256,rs8014671,14,70983331,rs79436554,0.09
14,71092256,rs8014671,14,70983469,rs8016953,0.178
14,71092256,rs8014671,14,70984951,rs12588723,0.102
14,71092256,rs8014671,14,70985475,rs11621756,0.09
14,71092256,rs8014671,14,70985876,rs8009032,0.356
14,71092256,rs8014671,14,70986041,rs73282126,0.114
14,71092256,rs8014671,14,70986179,rs74062726,0.114
14,71092256,rs8014671,14,70986413,rs73282127,0.114
14,71092256,rs8014671,14,70986690,rs74485380,0.114
14,71092256,rs8014671,14,70986751,rs74712571,0.102
14,71092256,rs8014671,14,70988062,rs12586441,0.102
14,71092256,rs8014671,14,70988302,rs77070561,0.09
14,71092256,rs8014671,14,70988931,rs17108201,0.102
14,71092256,rs8014671,14,70988993,rs8010473,0.114
14,71092256,rs8014671,14,70991650,rs74062730,0.102
14,71092256,rs8014671,14,70991806,rs17176236,0.09
14,71092256,rs8014671,14,70991933,rs79974332,0.09
14,71092256,rs8014671,14,70992709,rs12590610,0.165
14,71092256,rs8014671,14,70994611,rs10144289,0.229
14,71092256,rs8014671,14,70994630,rs11622303,0.09
14,71092256,rs8014671,14,70994822,rs10144653,0.266
14,71092256,rs8014671,14,70995130,rs146114506,0.09
14,71092256,rs8014671,14,70995349,rs11627570,0.09
14,71092256,rs8014671,14,70995394,rs74062733,0.102
14,71092256,rs8014671,14,70995884,rs7154858,0.151
14,71092256,rs8014671,14,70996568,rs56721095,0.169
14,71092256,rs8014671,14,70997682,rs60870618,0.18
14,71092256,rs8014671,14,70998833,rs7150354,0.178
14,71092256,rs8014671,14,70999095,rs7154904,0.178
14,71092256,rs8014671,14,70999238,rs77359887,0.102
14,71092256,rs8014671,14,70999389,rs77645275,0.09
14,71092256,rs8014671,14,70999477,rs56392092,0.169
14,71092256,rs8014671,14,71000481,rs8014596,0.09
14,71092256,rs8014671,14,71000565,rs1953803,0.178
14,71092256,rs8014671,14,71001017,rs12590401,0.178
14,71092256,rs8014671,14,71001100,rs12590471,0.152
14,71092256,rs8014671,14,71001222,rs58777530,0.109
14,71092256,rs8014671,14,71002187,rs1538403,0.179
14,71092256,rs8014671,14,71002310,rs73282153,0.109
14,71092256,rs8014671,14,71002551,rs35062397,0.102
14,71092256,rs8014671,14,71002681,rs10130071,0.266
14,71092256,rs8014671,14,71003091,rs12586886,0.266
14,71092256,rs8014671,14,71003501,rs60848570,0.178
14,71092256,rs8014671,14,71003861,rs117165365,0.09
14,71092256,rs8014671,14,71004376,rs12587714,0.114
14,71092256,rs8014671,14,71004878,rs59748874,0.152
14,71092256,rs8014671,14,71006113,rs57032041,0.102
14,71092256,rs8014671,14,71007864,rs80257559,0.09
14,71092256,rs8014671,14,71010166,rs7157618,0.114
14,71092256,rs8014671,14,71010546,rs7158201,0.111
14,71092256,rs8014671,14,71010967,rs60862805,0.102
14,71092256,rs8014671,14,71011469,rs6573971,0.571
14,71092256,rs8014671,14,71011734,rs10873239,0.178
14,71092256,rs8014671,14,71011934,rs8006487,0.114
14,71092256,rs8014671,14,71012112,rs8011847,0.265
14,71092256,rs8014671,14,71012205,rs8012025,0.109
14,71092256,rs8014671,14,71013164,rs58985060,0.152
14,71092256,rs8014671,14,71013577,rs6573972,0.265
14,71092256,rs8014671,14,71014259,rs11629243,0.09
14,71092256,rs8014671,14,71014293,rs11629304,0.09
14,71092256,rs8014671,14,71021840,rs10134765,0.067
14,71092256,rs8014671,14,71022327,rs8018765,0.263
14,71092256,rs8014671,14,71023411,rs74062743,0.102
14,71092256,rs8014671,14,71023418,rs7141562,0.265
14,71092256,rs8014671,14,71024260,rs188043803,0.09
14,71092256,rs8014671,14,71024468,14:71024468:ATT:A,0.123
14,71092256,rs8014671,14,71024944,rs74062746,0.102
14,71092256,rs8014671,14,71025206,rs28612538,0.114
14,71092256,rs8014671,14,71026029,14:71026029:CTTT:CTTTT,0.206
14,71092256,rs8014671,14,71026052,rs74062750,0.103
14,71092256,rs8014671,14,71026624,rs6573973,0.267
14,71092256,rs8014671,14,71027964,rs4899359,0.573
14,71092256,rs8014671,14,71028678,rs58092588,0.103
14,71092256,rs8014671,14,71029919,rs60860517,0.115
14,71092256,rs8014671,14,71030191,rs7150545,0.264
14,71092256,rs8014671,14,71030250,rs78989732,0.09
14,71092256,rs8014671,14,71030355,rs10135356,0.114
14,71092256,rs8014671,14,71030414,rs58346171,0.103
14,71092256,rs8014671,14,71030915,rs75327732,0.09
14,71092256,rs8014671,14,71031171,rs60006057,0.11
14,71092256,rs8014671,14,71033082,rs74329354,0.09
14,71092256,rs8014671,14,71033156,rs73283917,0.11
14,71092256,rs8014671,14,71033425,rs117260437,0.09
14,71092256,rs8014671,14,71034152,rs79733659,0.09
14,71092256,rs8014671,14,71034216,rs1959477,0.115
14,71092256,rs8014671,14,71034471,rs12587666,0.17
14,71092256,rs8014671,14,71035077,rs79964816,0.2
14,71092256,rs8014671,14,71036259,rs2877672,0.115
14,71092256,rs8014671,14,71036510,rs7145530,0.11
14,71092256,rs8014671,14,71038164,rs11624163,0.09
14,71092256,rs8014671,14,71039569,rs11625581,0.09
14,71092256,rs8014671,14,71040022,rs74938470,0.104
14,71092256,rs8014671,14,71041502,rs60555424,0.108
14,71092256,rs8014671,14,71041572,rs79604686,0.101
14,71092256,rs8014671,14,71041621,rs58258245,0.17
14,71092256,rs8014671,14,71043557,rs58069917,0.109
14,71092256,rs8014671,14,71043704,rs59044667,0.109
14,71092256,rs8014671,14,71045002,rs61388426,0.104
14,71092256,rs8014671,14,71045341,rs56328037,0.103
14,71092256,rs8014671,14,71045743,rs60867605,0.167
14,71092256,rs8014671,14,71046425,rs1112478,0.171
14,71092256,rs8014671,14,71046574,rs59480415,0.052
14,71092256,rs8014671,14,71047065,rs75429267,0.104
14,71092256,rs8014671,14,71047847,rs369877917,0.052
14,71092256,rs8014671,14,71048130,rs56405439,0.052
14,71092256,rs8014671,14,71048532,rs10141744,0.17
14,71092256,rs8014671,14,71048558,rs1057127,0.141
14,71092256,rs8014671,14,71048562,rs148972133,0.104
14,71092256,rs8014671,14,71049110,rs66915556,0.051
14,71092256,rs8014671,14,71049388,rs10134004,0.254
14,71092256,rs8014671,14,71049489,rs10144849,0.052
14,71092256,rs8014671,14,71050660,rs59233924,0.104
14,71092256,rs8014671,14,71050792,rs56322329,0.052
14,71092256,rs8014671,14,71050892,rs11158867,0.254
14,71092256,rs8014671,14,71051088,rs45523543,0.104
14,71092256,rs8014671,14,71051233,rs7150330,0.141
14,71092256,rs8014671,14,71052127,rs2153114,0.254
14,71092256,rs8014671,14,71052171,rs56922268,0.104
14,71092256,rs8014671,14,71052278,rs112233021,0.144
14,71092256,rs8014671,14,71053024,rs11625004,0.09
14,71092256,rs8014671,14,71053306,rs118180282,0.054
14,71092256,rs8014671,14,71053521,rs75161376,0.091
14,71092256,rs8014671,14,71053820,rs67358716,0.052
14,71092256,rs8014671,14,71054384,rs8010044,0.141
14,71092256,rs8014671,14,71054478,rs10483830,0.104
14,71092256,rs8014671,14,71054992,rs17108246,0.104
14,71092256,rs8014671,14,71057558,rs11158869,0.247
14,71092256,rs8014671,14,71057900,rs55831916,0.052
14,71092256,rs8014671,14,71058632,rs9323542,0.17
14,71092256,rs8014671,14,71058702,rs17108252,0.097
14,71092256,rs8014671,14,71058780,rs56393609,0.09
14,71092256,rs8014671,14,71058974,rs17176306,0.09
14,71092256,rs8014671,14,71059255,rs1137491,0.141
14,71092256,rs8014671,14,71059312,rs1137490,0.141
14,71092256,rs8014671,14,71060837,rs10483832,0.166
14,71092256,rs8014671,14,71060908,rs78923838,0.09
14,71092256,rs8014671,14,71060952,rs6420902,0.253
14,71092256,rs8014671,14,71061451,rs60251828,0.104
14,71092256,rs8014671,14,71061462,rs7157073,0.167
14,71092256,rs8014671,14,71061549,rs7156661,0.137
14,71092256,rs8014671,14,71061733,rs60120955,0.11
14,71092256,rs8014671,14,71061836,rs17113651,0.11
14,71092256,rs8014671,14,71061844,rs7157685,0.137
14,71092256,rs8014671,14,71061956,rs7158848,0.169
14,71092256,rs8014671,14,71062241,rs3825720,0.384
14,71092256,rs8014671,14,71062343,rs1962311,0.253
14,71092256,rs8014671,14,71062432,rs2018131,0.113
14,71092256,rs8014671,14,71062435,rs1962312,0.141
14,71092256,rs8014671,14,71062851,rs8005893,0.168
14,71092256,rs8014671,14,71063990,rs66883325,0.052
14,71092256,rs8014671,14,71064314,rs1007402,0.254
14,71092256,rs8014671,14,71064577,rs7154970,0.052
14,71092256,rs8014671,14,71065450,rs35494576,0.05
14,71092256,rs8014671,14,71066295,rs10131740,0.254
14,71092256,rs8014671,14,71066443,rs78077196,0.11
14,71092256,rs8014671,14,71066484,rs17108264,0.104
14,71092256,rs8014671,14,71066493,rs72719773,0.052
14,71092256,rs8014671,14,71066528,rs74532210,0.104
14,71092256,rs8014671,14,71066593,rs60370428,0.168
14,71092256,rs8014671,14,71066791,rs10132252,0.254
14,71092256,rs8014671,14,71066795,rs10143254,0.168
14,71092256,rs8014671,14,71067483,rs150061450,0.104
14,71092256,rs8014671,14,71068401,rs57598551,0.104
14,71092256,rs8014671,14,71068614,rs7359112,0.168
14,71092256,rs8014671,14,71068637,rs17108267,0.168
14,71092256,rs8014671,14,71068889,rs56687536,0.168
14,71092256,rs8014671,14,71068978,rs60453577,0.168
14,71092256,rs8014671,14,71069022,rs58919501,0.168
14,71092256,rs8014671,14,71069598,rs10129782,0.167
14,71092256,rs8014671,14,71069691,rs7141056,0.249
14,71092256,rs8014671,14,71069814,rs7141713,0.168
14,71092256,rs8014671,14,71069850,rs7141730,0.168
14,71092256,rs8014671,14,71069951,rs11298051,0.168
14,71092256,rs8014671,14,71069957,rs58136322,0.168
14,71092256,rs8014671,14,71070119,rs11282056,0.168
14,71092256,rs8014671,14,71070284,rs7157455,0.168
14,71092256,rs8014671,14,71070401,rs17108274,0.104
14,71092256,rs8014671,14,71070566,rs28754483,0.255
14,71092256,rs8014671,14,71070576,rs74062769,0.11
14,71092256,rs8014671,14,71070883,rs17108276,0.168
14,71092256,rs8014671,14,71071136,rs59584255,0.168
14,71092256,rs8014671,14,71071398,rs59115232,0.168
14,71092256,rs8014671,14,71071493,rs17108278,0.168
14,71092256,rs8014671,14,71071717,rs67193638,0.297
14,71092256,rs8014671,14,71071880,rs79274373,0.177
14,71092256,rs8014671,14,71072049,rs10144535,0.168
14,71092256,rs8014671,14,71072090,rs10144696,0.168
14,71092256,rs8014671,14,71072168,rs11849584,0.09
14,71092256,rs8014671,14,71072179,rs113576674,0.054
14,71092256,rs8014671,14,71072204,rs10133963,0.168
14,71092256,rs8014671,14,71072437,rs56322604,0.168
14,71092256,rs8014671,14,71072454,rs58928118,0.168
14,71092256,rs8014671,14,71072528,rs76708358,0.168
14,71092256,rs8014671,14,71072725,rs59599422,0.168
14,71092256,rs8014671,14,71072781,rs17108280,0.168
14,71092256,rs8014671,14,71072916,rs55965222,0.168
14,71092256,rs8014671,14,71073155,rs56155089,0.164
14,71092256,rs8014671,14,71073173,rs12590117,0.164
14,71092256,rs8014671,14,71073199,rs12587866,0.164
14,71092256,rs8014671,14,71073251,rs80327738,0.09
14,71092256,rs8014671,14,71073295,rs12590198,0.169
14,71092256,rs8014671,14,71073304,rs59475121,0.169
14,71092256,rs8014671,14,71073375,rs12590217,0.168
14,71092256,rs8014671,14,71073775,rs67939336,0.064
14,71092256,rs8014671,14,71073809,rs7155088,0.168
14,71092256,rs8014671,14,71073833,rs7155436,0.168
14,71092256,rs8014671,14,71073914,rs7155617,0.168
14,71092256,rs8014671,14,71073938,rs7155629,0.168
14,71092256,rs8014671,14,71074017,rs7160103,0.052
14,71092256,rs8014671,14,71074069,rs59073564,0.168
14,71092256,rs8014671,14,71074087,rs8021817,0.18
14,71092256,rs8014671,14,71074343,rs8021911,0.177
14,71092256,rs8014671,14,71074897,rs56002948,0.09
14,71092256,rs8014671,14,71076460,rs10135054,0.051
14,71092256,rs8014671,14,71078763,rs199842022,0.113
14,71092256,rs8014671,14,71078801,rs10142092,0.116
14,71092256,rs8014671,14,71078871,rs79510759,0.09
14,71092256,rs8014671,14,71079018,rs10133532,0.255
14,71092256,rs8014671,14,71079049,rs79972120,0.091
14,71092256,rs8014671,14,71079124,rs60079770,0.252
14,71092256,rs8014671,14,71079230,rs7147224,0.255
14,71092256,rs8014671,14,71079378,rs7147575,0.115
14,71092256,rs8014671,14,71079790,rs7148319,0.115
14,71092256,rs8014671,14,71080216,rs10148931,0.114
14,71092256,rs8014671,14,71080663,rs76963095,0.09
14,71092256,rs8014671,14,71080985,chr14_71080985_C_T,0.114
14,71092256,rs8014671,14,71081130,rs17108291,0.067
14,71092256,rs8014671,14,71081298,rs10140087,0.255
14,71092256,rs8014671,14,71082233,rs2332432,0.209
14,71092256,rs8014671,14,71082302,rs73286045,0.091
14,71092256,rs8014671,14,71082859,rs7146127,0.194
14,71092256,rs8014671,14,71083307,rs57339942,0.104
14,71092256,rs8014671,14,71084331,rs2185146,0.067
14,71092256,rs8014671,14,71084735,rs10150160,0.125
14,71092256,rs8014671,14,71085018,rs17176425,0.092
14,71092256,rs8014671,14,71085059,rs8004054,0.13
14,71092256,rs8014671,14,71085215,rs12586299,0.11
14,71092256,rs8014671,14,71085270,rs75108259,0.093
14,71092256,rs8014671,14,71085469,rs12586392,0.117
14,71092256,rs8014671,14,71085666,rs11621092,0.094
14,71092256,rs8014671,14,71085787,rs10130684,0.086
14,71092256,rs8014671,14,71086556,rs17176459,0.108
14,71092256,rs8014671,14,71086918,chr14_71086918_A_T,0.242
14,71092256,rs8014671,14,71087319,rs35847947,0.108
14,71092256,rs8014671,14,71087375,rs76892958,0.108
14,71092256,rs8014671,14,71087546,rs8016356,0.097
14,71092256,rs8014671,14,71087731,rs111649181,0.254
14,71092256,rs8014671,14,71088204,chr14_71088204_G_T,0.715
14,71092256,rs8014671,14,71088256,rs10139775,0.489
14,71092256,rs8014671,14,71088557,chr14_71088557_A_T,0.764
14,71092256,rs8014671,14,71088868,rs77032044,0.26
14,71092256,rs8014671,14,71089281,rs1959479,0.108
14,71092256,rs8014671,14,71089662,rs2153115,0.416
14,71092256,rs8014671,14,71090521,rs5809491,0.935
14,71092256,rs8014671,14,71091130,rs74247348,0.261
14,71092256,rs8014671,14,71091142,rs11158871,0.637
14,71092256,rs8014671,14,71091147,rs11845091,0.121
14,71092256,rs8014671,14,71091256,rs11158872,0.636
14,71092256,rs8014671,14,71091822,rs35591446,0.108
14,71092256,rs8014671,14,71092256,rs8014671,1
14,71092256,rs8014671,14,71092284,chr14_71092284_C_G,0.767
14,71092256,rs8014671,14,71092539,rs11158873,0.109
14,71092256,rs8014671,14,71092685,rs143598014,0.124
14,71092256,rs8014671,14,71092949,rs370045907,0.821
14,71092256,rs8014671,14,71093028,rs7158131,0.261
14,71092256,rs8014671,14,71093224,rs11629008,0.109
14,71092256,rs8014671,14,71093555,rs11624552,0.088
14,71092256,rs8014671,14,71093575,rs12588239,0.799
14,71092256,rs8014671,14,71093669,rs74853408,0.124
14,71092256,rs8014671,14,71093794,rs77942419,0.109
14,71092256,rs8014671,14,71094309,rs74370799,0.109
14,71092256,rs8014671,14,71095068,rs28710847,0.259
14,71092256,rs8014671,14,71095177,rs111990191,0.626
14,71092256,rs8014671,14,71095178,rs78978653,0.625
14,71092256,rs8014671,14,71095459,rs117714474,0.109
14,71092256,rs8014671,14,71095628,rs58775580,0.625
14,71092256,rs8014671,14,71095776,rs10162527,0.722
14,71092256,rs8014671,14,71096344,rs9646133,0.622
14,71092256,rs8014671,14,71096593,rs74393700,0.101
14,71092256,rs8014671,14,71097355,rs57216408,0.256
14,71092256,rs8014671,14,71097469,rs58631887,0.256
14,71092256,rs8014671,14,71098523,rs7145863,0.716
14,71092256,rs8014671,14,71098591,14:71098591:A:AGAAGG,0.053
14,71092256,rs8014671,14,71099240,rs9806089,0.166
14,71092256,rs8014671,14,71099652,rs56913237,0.706
14,71092256,rs8014671,14,71100642,rs11626625,0.1
14,71092256,rs8014671,14,71100831,rs12589512,0.231
14,71092256,rs8014671,14,71101054,chr14_71101054_A_G,0.122
14,71092256,rs8014671,14,71102540,rs76539701,0.052
14,71092256,rs8014671,14,71111361,rs7160510,0.084
14,71092256,rs8014671,14,71111874,rs7140236,0.082
14,71092256,rs8014671,14,71112901,rs4902835,0.076
14,71092256,rs8014671,14,71112910,rs71425210,0.168
14,71092256,rs8014671,14,71113775,rs61980466,0.085
14,71092256,rs8014671,14,71113873,rs10147181,0.053
14,71092256,rs8014671,14,71114888,rs17176552,0.082
14,71092256,rs8014671,14,71116106,rs4899362,0.088
14,71092256,rs8014671,14,71116160,rs35454477,0.205
14,71092256,rs8014671,14,71119163,rs71425211,0.109
14,71092256,rs8014671,14,71119990,rs79887340,0.11
14,71092256,rs8014671,14,71121164,rs7350722,0.109
14,71092256,rs8014671,14,71122895,rs12890201,0.117
14,71092256,rs8014671,14,71122929,rs12890224,0.112
14,71092256,rs8014671,14,71123522,rs12895136,0.117
14,71092256,rs8014671,14,71124016,rs71425212,0.117
14,71092256,rs8014671,14,71124454,rs71425213,0.181
14,71092256,rs8014671,14,71124837,rs61980470,0.084
14,71092256,rs8014671,14,71125495,rs34925522,0.116
14,71092256,rs8014671,14,71126041,rs61980472,0.089
14,71092256,rs8014671,14,71127107,rs61980473,0.081
14,71092256,rs8014671,14,71127205,rs34216013,0.109
14,71092256,rs8014671,14,71127674,rs1959481,0.102
14,71092256,rs8014671,14,71127700,rs1959482,0.162
14,71092256,rs8014671,14,71127990,rs1205240,0.084
14,71092256,rs8014671,14,71128285,rs36083763,0.107
14,71092256,rs8014671,14,71129130,rs146183274,0.06
14,71092256,rs8014671,14,71129254,rs1953797,0.08
14,71092256,rs8014671,14,71129394,rs12436215,0.079
