CHR_A,BP_A,SNP_A,CHR_B,BP_B,SNP_B,R2
11,102396607,rs12285347,11,102345274,rs480950,0.079
11,102396607,rs12285347,11,102384567,rs609887,0.081
11,102396607,rs12285347,11,102385208,rs569042,0.141
11,102396607,rs12285347,11,102385707,rs641883,0.166
11,102396607,rs12285347,11,102385738,rs7118775,0.063
11,102396607,rs12285347,11,102385886,chr11_102385886_C_T,0.058
11,102396607,rs12285347,11,102386076,chr11_102386076_A_G,0.167
11,102396607,rs12285347,11,102386134,rs11225294,0.063
11,102396607,rs12285347,11,102386852,chr11_102386852_C_T,0.062
11,102396607,rs12285347,11,102387691,rs17098236,0.059
11,102396607,rs12285347,11,102387916,rs11225298,0.086
11,102396607,rs12285347,11,102388054,rs7116526,0.064
11,102396607,rs12285347,11,102388146,rs7105076,0.086
11,102396607,rs12285347,11,102388836,rs140175739,0.06
11,102396607,rs12285347,11,102389487,rs7945819,0.062
11,102396607,rs12285347,11,102391287,rs17886371,0.12
11,102396607,rs12285347,11,102391425,rs14983,0.233
11,102396607,rs12285347,11,102391667,rs17880780,0.362
11,102396607,rs12285347,11,102391668,chr11_102391668_INDEL_T,0.32
11,102396607,rs12285347,11,102392380,rs2187364,0.236
11,102396607,rs12285347,11,102392656,rs2156528,0.235
11,102396607,rs12285347,11,102393055,rs17352054,0.232
11,102396607,rs12285347,11,102393547,rs11225303,0.236
11,102396607,rs12285347,11,102394291,rs11225304,0.236
11,102396607,rs12285347,11,102395492,11:102395492:C:CTGTGTGG,0.236
11,102396607,rs12285347,11,102395498,chr11_102395498_GG_INDEL,0.235
11,102396607,rs12285347,11,102396247,rs1996352,0.233
11,102396607,rs12285347,11,102396607,rs12285347,1
11,102396607,rs12285347,11,102397596,rs11225307,0.237
11,102396607,rs12285347,11,102398434,rs17884405,0.236
11,102396607,rs12285347,11,102398436,rs17884615,0.236
11,102396607,rs12285347,11,102398593,exm950939,0.236
11,102396607,rs12285347,11,102398986,chr11_102398986_A_G,0.146
11,102396607,rs12285347,11,102399383,chr11_102399383_A_T,0.085
11,102396607,rs12285347,11,102399478,rs11225308,0.256
11,102396607,rs12285347,11,102399590,rs12575975,0.223
11,102396607,rs12285347,11,102399596,rs17878383,0.077
11,102396607,rs12285347,11,102400336,rs11225309,0.237
11,102396607,rs12285347,11,102400624,rs10895306,0.237
11,102396607,rs12285347,11,102400768,rs10895307,0.237
11,102396607,rs12285347,11,102401083,rs2408390,0.237
11,102396607,rs12285347,11,102401661,rs11568818,0.991
11,102396607,rs12285347,11,102402858,rs17098318,0.609
11,102396607,rs12285347,11,102403253,rs17881620,0.449
11,102396607,rs12285347,11,102403575,rs10895308,0.256
11,102396607,rs12285347,11,102404149,chr11_102404149_C_T,0.098
11,102396607,rs12285347,11,102404491,rs2408391,0.233
11,102396607,rs12285347,11,102404958,chr11_102404958_C_T,0.121
11,102396607,rs12285347,11,102405671,rs880197,0.234
11,102396607,rs12285347,11,102405965,rs1943778,0.118
11,102396607,rs12285347,11,102407191,chr11_102407191_C_T,0.506
11,102396607,rs12285347,11,102408205,rs7128808,0.214
11,102396607,rs12285347,11,102409080,rs4754850,0.219
11,102396607,rs12285347,11,102409527,rs4754851,0.119
11,102396607,rs12285347,11,102410091,rs4754852,0.215
11,102396607,rs12285347,11,102411090,rs7930746,0.213
11,102396607,rs12285347,11,102411229,rs11225312,0.115
11,102396607,rs12285347,11,102412079,rs7934632,0.434
11,102396607,rs12285347,11,102412085,rs7924870,0.21
11,102396607,rs12285347,11,102413123,rs10791578,0.208
11,102396607,rs12285347,11,102413943,rs11603486,0.268
11,102396607,rs12285347,11,102415001,rs7946641,0.35
11,102396607,rs12285347,11,102415215,chr11_102415215_A_G,0.061
11,102396607,rs12285347,11,102415303,rs72982160,0.062
11,102396607,rs12285347,11,102415755,rs72982164,0.062
11,102396607,rs12285347,11,102415859,rs938595,0.192
11,102396607,rs12285347,11,102415909,rs72982167,0.062
11,102396607,rs12285347,11,102417952,rs2408393,0.116
11,102396607,rs12285347,11,102418118,rs17098339,0.065
11,102396607,rs12285347,11,102418432,rs72982169,0.065
11,102396607,rs12285347,11,102419691,rs10895309,0.114
11,102396607,rs12285347,11,102419819,rs10895310,0.114
11,102396607,rs12285347,11,102419820,rs10895311,0.114
11,102396607,rs12285347,11,102420722,rs10791579,0.107
11,102396607,rs12285347,11,102421892,rs1940044,0.23
11,102396607,rs12285347,11,102422443,rs76401821,0.102
11,102396607,rs12285347,11,102422774,rs7928924,0.074
11,102396607,rs12285347,11,102423019,rs7930021,0.063
11,102396607,rs12285347,11,102423666,rs7110424,0.074
11,102396607,rs12285347,11,102423694,rs75213184,0.101
11,102396607,rs12285347,11,102423799,rs7111467,0.095
11,102396607,rs12285347,11,102424658,rs72982184,0.063
11,102396607,rs12285347,11,102424695,rs72982186,0.063
11,102396607,rs12285347,11,102424802,rs12785255,0.067
11,102396607,rs12285347,11,102425408,rs17098365,0.067
11,102396607,rs12285347,11,102425797,rs72982189,0.063
11,102396607,rs12285347,11,102425908,rs6590971,0.085
11,102396607,rs12285347,11,102426332,rs79719340,0.101
11,102396607,rs12285347,11,102426349,rs7130350,0.085
11,102396607,rs12285347,11,102426508,rs17098383,0.063
11,102396607,rs12285347,11,102428501,rs10532655,0.086
11,102396607,rs12285347,11,102428569,rs4754855,0.086
11,102396607,rs12285347,11,102428637,rs12801678,0.066
11,102396607,rs12285347,11,102428641,rs4754856,0.086
11,102396607,rs12285347,11,102428829,rs72982198,0.062
11,102396607,rs12285347,11,102429499,rs66809307,0.067
11,102396607,rs12285347,11,102429586,rs72984003,0.062
11,102396607,rs12285347,11,102429620,rs67702963,0.136
11,102396607,rs12285347,11,102429687,rs72984004,0.062
11,102396607,rs12285347,11,102429721,rs72984007,0.06
11,102396607,rs12285347,11,102429849,rs71478588,0.067
11,102396607,rs12285347,11,102429957,rs35310059,0.067
11,102396607,rs12285347,11,102430005,chr11_102430005_A_G,0.135
11,102396607,rs12285347,11,102430108,rs12807781,0.136
11,102396607,rs12285347,11,102430166,rs74668499,0.101
11,102396607,rs12285347,11,102430209,rs12796179,0.136
11,102396607,rs12285347,11,102430261,rs12796380,0.067
11,102396607,rs12285347,11,102431036,chr11_102431036_C_G,0.093
11,102396607,rs12285347,11,102431133,rs77992328,0.101
11,102396607,rs12285347,11,102431366,rs11225322,0.094
11,102396607,rs12285347,11,102431613,rs72984009,0.062
11,102396607,rs12285347,11,102432049,rs11607401,0.101
11,102396607,rs12285347,11,102433123,rs78723727,0.1
11,102396607,rs12285347,11,102433176,rs7129879,0.067
11,102396607,rs12285347,11,102433231,rs12289906,0.101
11,102396607,rs12285347,11,102434271,rs4754046,0.075
11,102396607,rs12285347,11,102434277,rs12793522,0.067
11,102396607,rs12285347,11,102434437,rs72984010,0.062
11,102396607,rs12285347,11,102434901,rs74614044,0.1
11,102396607,rs12285347,11,102435231,rs112123501,0.062
11,102396607,rs12285347,11,102435271,rs7109204,0.067
11,102396607,rs12285347,11,102435297,rs7109210,0.067
11,102396607,rs12285347,11,102436210,rs2408396,0.213
11,102396607,rs12285347,11,102436309,rs35670281,0.067
11,102396607,rs12285347,11,102436413,rs2408397,0.1
11,102396607,rs12285347,11,102436450,rs12272217,0.067
11,102396607,rs12285347,11,102436627,rs111248084,0.067
11,102396607,rs12285347,11,102437005,rs73595754,0.067
11,102396607,rs12285347,11,102437596,rs12574560,0.074
11,102396607,rs12285347,11,102437667,rs10502003,0.062
11,102396607,rs12285347,11,102438024,rs72984015,0.062
11,102396607,rs12285347,11,102438765,rs35698912,0.076
11,102396607,rs12285347,11,102439385,rs12790391,0.067
11,102396607,rs12285347,11,102439504,rs10895317,0.075
11,102396607,rs12285347,11,102440089,rs2408402,0.075
11,102396607,rs12285347,11,102440311,rs7930564,0.067
11,102396607,rs12285347,11,102440632,rs11225327,0.074
11,102396607,rs12285347,11,102441458,rs5003895,0.099
11,102396607,rs12285347,11,102442005,rs75623112,0.1
11,102396607,rs12285347,11,102442486,rs12794183,0.067
11,102396607,rs12285347,11,102443273,rs11225329,0.083
11,102396607,rs12285347,11,102444027,rs17098478,0.067
11,102396607,rs12285347,11,102444524,rs112691239,0.066
11,102396607,rs12285347,11,102444531,chr11_102444531_INDEL_T,0.063
11,102396607,rs12285347,11,102444563,rs17098479,0.062
11,102396607,rs12285347,11,102444763,rs17098481,0.06
11,102396607,rs12285347,11,102446432,rs17174276,0.067
11,102396607,rs12285347,11,102446460,rs17174277,0.062
11,102396607,rs12285347,11,102448729,rs17098554,0.062
11,102396607,rs12285347,11,102448951,rs12272210,0.053
11,102396607,rs12285347,11,102449212,rs17098593,0.062
11,102396607,rs12285347,11,102449359,rs17098600,0.053
11,102396607,rs12285347,11,102449470,11:102449470:AAAAC:A,0.134
11,102396607,rs12285347,11,102449523,rs141523340,0.134
11,102396607,rs12285347,11,102449931,rs10502004,0.062
11,102396607,rs12285347,11,102450132,rs17174291,0.062
11,102401661,rs11568818,11,102345274,rs480950,0.08
11,102401661,rs11568818,11,102384567,rs609887,0.082
11,102401661,rs11568818,11,102385208,rs569042,0.142
11,102401661,rs11568818,11,102385707,rs641883,0.167
11,102401661,rs11568818,11,102385738,rs7118775,0.062
11,102401661,rs11568818,11,102385886,chr11_102385886_C_T,0.057
11,102401661,rs11568818,11,102386076,chr11_102386076_A_G,0.167
11,102401661,rs11568818,11,102386134,rs11225294,0.062
11,102401661,rs11568818,11,102386852,chr11_102386852_C_T,0.061
11,102401661,rs11568818,11,102387691,rs17098236,0.058
11,102401661,rs11568818,11,102387916,rs11225298,0.084
11,102401661,rs11568818,11,102388054,rs7116526,0.063
11,102401661,rs11568818,11,102388146,rs7105076,0.085
11,102401661,rs11568818,11,102388836,rs140175739,0.059
11,102401661,rs11568818,11,102389487,rs7945819,0.061
11,102401661,rs11568818,11,102391287,rs17886371,0.12
11,102401661,rs11568818,11,102391425,rs14983,0.233
11,102401661,rs11568818,11,102391667,rs17880780,0.361
11,102401661,rs11568818,11,102391668,chr11_102391668_INDEL_T,0.32
11,102401661,rs11568818,11,102392380,rs2187364,0.235
11,102401661,rs11568818,11,102392656,rs2156528,0.234
11,102401661,rs11568818,11,102393055,rs17352054,0.231
11,102401661,rs11568818,11,102393547,rs11225303,0.235
11,102401661,rs11568818,11,102394291,rs11225304,0.235
11,102401661,rs11568818,11,102395492,11:102395492:C:CTGTGTGG,0.236
11,102401661,rs11568818,11,102395498,chr11_102395498_GG_INDEL,0.234
11,102401661,rs11568818,11,102396247,rs1996352,0.234
11,102401661,rs11568818,11,102396607,rs12285347,0.991
11,102401661,rs11568818,11,102397596,rs11225307,0.236
11,102401661,rs11568818,11,102398434,rs17884405,0.236
11,102401661,rs11568818,11,102398436,rs17884615,0.236
11,102401661,rs11568818,11,102398593,exm950939,0.235
11,102401661,rs11568818,11,102398986,chr11_102398986_A_G,0.149
11,102401661,rs11568818,11,102399383,chr11_102399383_A_T,0.086
11,102401661,rs11568818,11,102399478,rs11225308,0.255
11,102401661,rs11568818,11,102399590,rs12575975,0.225
11,102401661,rs11568818,11,102399596,rs17878383,0.077
11,102401661,rs11568818,11,102400336,rs11225309,0.237
11,102401661,rs11568818,11,102400624,rs10895306,0.237
11,102401661,rs11568818,11,102400768,rs10895307,0.237
11,102401661,rs11568818,11,102401083,rs2408390,0.237
11,102401661,rs11568818,11,102401661,rs11568818,1
11,102401661,rs11568818,11,102402858,rs17098318,0.614
11,102401661,rs11568818,11,102403253,rs17881620,0.452
11,102401661,rs11568818,11,102403575,rs10895308,0.256
11,102401661,rs11568818,11,102404149,chr11_102404149_C_T,0.098
11,102401661,rs11568818,11,102404491,rs2408391,0.235
11,102401661,rs11568818,11,102404958,chr11_102404958_C_T,0.121
11,102401661,rs11568818,11,102405671,rs880197,0.237
11,102401661,rs11568818,11,102405965,rs1943778,0.119
11,102401661,rs11568818,11,102407191,chr11_102407191_C_T,0.509
11,102401661,rs11568818,11,102408205,rs7128808,0.214
11,102401661,rs11568818,11,102409080,rs4754850,0.218
11,102401661,rs11568818,11,102409527,rs4754851,0.119
11,102401661,rs11568818,11,102410091,rs4754852,0.214
11,102401661,rs11568818,11,102411090,rs7930746,0.211
11,102401661,rs11568818,11,102411229,rs11225312,0.115
11,102401661,rs11568818,11,102412079,rs7934632,0.432
11,102401661,rs11568818,11,102412085,rs7924870,0.209
11,102401661,rs11568818,11,102413123,rs10791578,0.207
11,102401661,rs11568818,11,102413943,rs11603486,0.267
11,102401661,rs11568818,11,102415001,rs7946641,0.35
11,102401661,rs11568818,11,102415215,chr11_102415215_A_G,0.061
11,102401661,rs11568818,11,102415303,rs72982160,0.062
11,102401661,rs11568818,11,102415755,rs72982164,0.062
11,102401661,rs11568818,11,102415859,rs938595,0.192
11,102401661,rs11568818,11,102415909,rs72982167,0.062
11,102401661,rs11568818,11,102417952,rs2408393,0.116
11,102401661,rs11568818,11,102418118,rs17098339,0.065
11,102401661,rs11568818,11,102418432,rs72982169,0.065
11,102401661,rs11568818,11,102419691,rs10895309,0.114
11,102401661,rs11568818,11,102419819,rs10895310,0.114
11,102401661,rs11568818,11,102419820,rs10895311,0.114
11,102401661,rs11568818,11,102420722,rs10791579,0.106
11,102401661,rs11568818,11,102421892,rs1940044,0.229
11,102401661,rs11568818,11,102422443,rs76401821,0.102
11,102401661,rs11568818,11,102422774,rs7928924,0.073
11,102401661,rs11568818,11,102423019,rs7930021,0.064
11,102401661,rs11568818,11,102423666,rs7110424,0.074
11,102401661,rs11568818,11,102423694,rs75213184,0.101
11,102401661,rs11568818,11,102423799,rs7111467,0.095
11,102401661,rs11568818,11,102424658,rs72982184,0.063
11,102401661,rs11568818,11,102424695,rs72982186,0.063
11,102401661,rs11568818,11,102424802,rs12785255,0.068
11,102401661,rs11568818,11,102425408,rs17098365,0.068
11,102401661,rs11568818,11,102425797,rs72982189,0.063
11,102401661,rs11568818,11,102425908,rs6590971,0.084
11,102401661,rs11568818,11,102426332,rs79719340,0.101
11,102401661,rs11568818,11,102426349,rs7130350,0.084
11,102401661,rs11568818,11,102426508,rs17098383,0.063
11,102401661,rs11568818,11,102428501,rs10532655,0.085
11,102401661,rs11568818,11,102428569,rs4754855,0.085
11,102401661,rs11568818,11,102428637,rs12801678,0.067
11,102401661,rs11568818,11,102428641,rs4754856,0.085
11,102401661,rs11568818,11,102428829,rs72982198,0.062
11,102401661,rs11568818,11,102429499,rs66809307,0.068
11,102401661,rs11568818,11,102429586,rs72984003,0.062
11,102401661,rs11568818,11,102429620,rs67702963,0.137
11,102401661,rs11568818,11,102429687,rs72984004,0.062
11,102401661,rs11568818,11,102429721,rs72984007,0.06
11,102401661,rs11568818,11,102429849,rs71478588,0.067
11,102401661,rs11568818,11,102429957,rs35310059,0.067
11,102401661,rs11568818,11,102430005,chr11_102430005_A_G,0.136
11,102401661,rs11568818,11,102430108,rs12807781,0.137
11,102401661,rs11568818,11,102430166,rs74668499,0.102
11,102401661,rs11568818,11,102430209,rs12796179,0.137
11,102401661,rs11568818,11,102430261,rs12796380,0.067
11,102401661,rs11568818,11,102431036,chr11_102431036_C_G,0.093
11,102401661,rs11568818,11,102431133,rs77992328,0.101
11,102401661,rs11568818,11,102431366,rs11225322,0.093
11,102401661,rs11568818,11,102431613,rs72984009,0.062
11,102401661,rs11568818,11,102432049,rs11607401,0.101
11,102401661,rs11568818,11,102433123,rs78723727,0.1
11,102401661,rs11568818,11,102433176,rs7129879,0.067
11,102401661,rs11568818,11,102433231,rs12289906,0.101
11,102401661,rs11568818,11,102434271,rs4754046,0.074
11,102401661,rs11568818,11,102434277,rs12793522,0.067
11,102401661,rs11568818,11,102434437,rs72984010,0.062
11,102401661,rs11568818,11,102434901,rs74614044,0.1
11,102401661,rs11568818,11,102435231,rs112123501,0.062
11,102401661,rs11568818,11,102435271,rs7109204,0.067
11,102401661,rs11568818,11,102435297,rs7109210,0.067
11,102401661,rs11568818,11,102436210,rs2408396,0.212
11,102401661,rs11568818,11,102436309,rs35670281,0.067
11,102401661,rs11568818,11,102436413,rs2408397,0.1
11,102401661,rs11568818,11,102436450,rs12272217,0.067
11,102401661,rs11568818,11,102436627,rs111248084,0.067
11,102401661,rs11568818,11,102437005,rs73595754,0.067
11,102401661,rs11568818,11,102437596,rs12574560,0.074
11,102401661,rs11568818,11,102437667,rs10502003,0.062
11,102401661,rs11568818,11,102438024,rs72984015,0.062
11,102401661,rs11568818,11,102438765,rs35698912,0.075
11,102401661,rs11568818,11,102439385,rs12790391,0.067
11,102401661,rs11568818,11,102439504,rs10895317,0.074
11,102401661,rs11568818,11,102440089,rs2408402,0.074
11,102401661,rs11568818,11,102440311,rs7930564,0.068
11,102401661,rs11568818,11,102440632,rs11225327,0.073
11,102401661,rs11568818,11,102441458,rs5003895,0.099
11,102401661,rs11568818,11,102442005,rs75623112,0.1
11,102401661,rs11568818,11,102442486,rs12794183,0.067
11,102401661,rs11568818,11,102443273,rs11225329,0.082
11,102401661,rs11568818,11,102444027,rs17098478,0.068
11,102401661,rs11568818,11,102444524,rs112691239,0.067
11,102401661,rs11568818,11,102444531,chr11_102444531_INDEL_T,0.064
11,102401661,rs11568818,11,102444563,rs17098479,0.062
11,102401661,rs11568818,11,102444763,rs17098481,0.06
11,102401661,rs11568818,11,102446432,rs17174276,0.068
11,102401661,rs11568818,11,102446460,rs17174277,0.062
11,102401661,rs11568818,11,102448729,rs17098554,0.062
11,102401661,rs11568818,11,102448951,rs12272210,0.052
11,102401661,rs11568818,11,102449212,rs17098593,0.062
11,102401661,rs11568818,11,102449359,rs17098600,0.052
11,102401661,rs11568818,11,102449470,11:102449470:AAAAC:A,0.133
11,102401661,rs11568818,11,102449523,rs141523340,0.133
11,102401661,rs11568818,11,102449931,rs10502004,0.062
11,102401661,rs11568818,11,102450132,rs17174291,0.062
