SNP,rsid,BP,PP_best_tag,PP_tag_r2,PostProb,BF,JAM99
rs823094,chr1_205689807_G_T,205689807,NA,NA,NA,NA,0
rs1094647,rs1094647:205655378:G:A,205655378,NA,NA,NA,NA,0
rs11580015,rs11580015:205676088:G:C,205676088,NA,NA,NA,NA,0
rs11582805,rs11582805:205653056:C:T,205653056,NA,NA,NA,NA,0
rs1172198,rs1172198,205662718,NA,NA,NA,NA,0
rs145557339,rs145557339:205691161:AAAAAATTTACTT:A,205691161,NA,NA,NA,NA,0
rs1772148,rs1772148:205704580:A:T,205704580,NA,NA,NA,NA,0
rs1772159,rs1772159:205759195:G:A,205759195,NA,NA,NA,NA,0
rs1775154,rs1775154:205696615:T:A,205696615,NA,NA,NA,NA,0
rs386369425,rs34305872:205686523:G:GT,205686523,NA,NA,NA,NA,0
rs397982729,rs34848415:205731166:CA:C,205731166,rs34848415:205731166:CA:C,NA,1,Inf,1
rs34881148,rs34881148:205653978:T:A,205653978,NA,NA,NA,NA,0
rs35638143,rs35638143:205653975:AT:A,205653975,NA,NA,NA,NA,0
rs55737937,rs55737937:205714616:CA:C,205714616,NA,NA,NA,NA,0
rs6673687,rs6673687:205670369:A:T,205670369,NA,NA,NA,NA,0
rs708723,rs708723,205739266,NA,NA,NA,NA,0
rs708724,rs708724,205743663,NA,NA,NA,NA,0
rs708725,rs708725:205744138:G:T,205744138,NA,NA,NA,NA,0
rs71709139,rs71709139:205687348:CTTTTTTCTTT:C,205687348,NA,NA,NA,NA,0
rs71755343,rs71755343:205710333:CAGG:C,205710333,NA,NA,NA,NA,0
rs72750964,rs72750964:205675240:C:T,205675240,NA,NA,NA,NA,0
rs7536483,rs7536483:205718858:A:T,205718858,NA,NA,NA,NA,0
rs823095,rs823095:205679239:G:A,205679239,NA,NA,NA,NA,0
rs823097,rs823097:205681370:G:A,205681370,NA,NA,NA,NA,0
rs823099,rs823099:205669322:C:A,205669322,NA,NA,NA,NA,0
rs823101,rs823101:205667006:T:C,205667006,NA,NA,NA,NA,0
rs823102,rs823102:205665167:A:T,205665167,NA,NA,NA,NA,0
rs823105,rs823105,205657570,NA,NA,NA,NA,0
rs823110,rs823110:205701078:G:C,205701078,NA,NA,NA,NA,0
rs823111,rs823111:205701870:C:T,205701870,NA,NA,NA,NA,0
rs823114,rs823114:205719532:G:A,205719532,NA,NA,NA,NA,0
rs823116,rs823116,205720483,NA,NA,NA,NA,0
rs823118,rs823118,205723572,NA,NA,NA,NA,0
rs823121,rs823121:205724302:G:A,205724302,NA,NA,NA,NA,0
rs823130,rs823130:205714372:C:T,205714372,NA,NA,NA,NA,0
rs823137,rs823137,205738302,NA,NA,NA,NA,0
rs823141,rs823141:205741426:T:C,205741426,NA,NA,NA,NA,0
rs823143,rs823143:205743425:A:C,205743425,NA,NA,NA,NA,0
rs823152,rs823152:205736285:G:A,205736285,NA,NA,NA,NA,0
rs823154,rs823154,205762406,NA,NA,NA,NA,0
rs864783,rs864783:205711974:T:C,205711974,NA,NA,NA,NA,0
