CHR_A,BP_A,SNP_A,CHR_B,BP_B,SNP_B,R2
11,2233574,rs7127900,11,2103063,rs4930036,0.051
11,2233574,rs7127900,11,2103073,rs60474797,0.051
11,2233574,rs7127900,11,2130688,chr11_2130688_A_G,0.053
11,2233574,rs7127900,11,2136841,rs868332,0.085
11,2233574,rs7127900,11,2155876,rs3213229,0.141
11,2233574,rs7127900,11,2161858,rs3741212,0.061
11,2233574,rs7127900,11,2165173,rs11603378,0.09
11,2233574,rs7127900,11,2167303,rs17885652,0.102
11,2233574,rs7127900,11,2167850,rs17885785,0.139
11,2233574,rs7127900,11,2168445,chr11_2168446_CT_INDEL,0.139
11,2233574,rs7127900,11,2176105,rs7110099,0.123
11,2233574,rs7127900,11,2177369,rs11564725,0.116
11,2233574,rs7127900,11,2180772,rs3842756,0.122
11,2233574,rs7127900,11,2180796,rs3842755,0.123
11,2233574,rs7127900,11,2180845,rs3842754,0.122
11,2233574,rs7127900,11,2181060,rs3842753,0.079
11,2233574,rs7127900,11,2181073,rs3842752,0.122
11,2233574,rs7127900,11,2181395,rs3842748,0.123
11,2233574,rs7127900,11,2182224,rs689,0.079
11,2233574,rs7127900,11,2184336,rs3842729,0.128
11,2233574,rs7127900,11,2184848,rs3842727,0.079
11,2233574,rs7127900,11,2187439,rs4072824,0.055
11,2233574,rs7127900,11,2187455,rs7479936,0.056
11,2233574,rs7127900,11,2187482,rs4072826,0.055
11,2233574,rs7127900,11,2187855,rs12419447,0.085
11,2233574,rs7127900,11,2188238,rs6357,0.061
11,2233574,rs7127900,11,2188436,rs67482701,0.071
11,2233574,rs7127900,11,2189185,rs4074905,0.071
11,2233574,rs7127900,11,2189983,rs4930043,0.056
11,2233574,rs7127900,11,2193510,rs11042962,0.122
11,2233574,rs7127900,11,2193597,rs10770140,0.213
11,2233574,rs7127900,11,2193840,rs10770141,0.219
11,2233574,rs7127900,11,2194062,rs11564711,0.142
11,2233574,rs7127900,11,2194420,rs10770142,0.221
11,2233574,rs7127900,11,2194810,rs7119275,0.222
11,2233574,rs7127900,11,2194914,rs7115640,0.222
11,2233574,rs7127900,11,2195045,rs7128097,0.223
11,2233574,rs7127900,11,2195267,rs10770143,0.219
11,2233574,rs7127900,11,2195288,rs11042965,0.144
11,2233574,rs7127900,11,2195538,rs11042966,0.222
11,2233574,rs7127900,11,2195837,rs10840495,0.222
11,2233574,rs7127900,11,2195844,rs10840496,0.222
11,2233574,rs7127900,11,2195981,rs10743152,0.222
11,2233574,rs7127900,11,2196349,rs4930044,0.223
11,2233574,rs7127900,11,2196424,rs4930045,0.221
11,2233574,rs7127900,11,2196910,rs10840500,0.146
11,2233574,rs7127900,11,2197112,rs7482891,0.224
11,2233574,rs7127900,11,2197132,rs4929964,0.224
11,2233574,rs7127900,11,2197148,rs4930046,0.146
11,2233574,rs7127900,11,2197286,rs4929965,0.225
11,2233574,rs7127900,11,2197436,rs4929966,0.225
11,2233574,rs7127900,11,2198259,rs11042976,0.143
11,2233574,rs7127900,11,2198418,rs11042978,0.142
11,2233574,rs7127900,11,2198665,rs72853903,0.295
11,2233574,rs7127900,11,2199458,rs7948665,0.072
11,2233574,rs7127900,11,2199686,rs146569428,0.552
11,2233574,rs7127900,11,2200329,rs11564710,0.213
11,2233574,rs7127900,11,2200512,rs11042984,0.215
11,2233574,rs7127900,11,2200543,rs11042985,0.215
11,2233574,rs7127900,11,2200949,rs10840502,0.221
11,2233574,rs7127900,11,2201059,rs11042987,0.221
11,2233574,rs7127900,11,2201338,rs11564709,0.326
11,2233574,rs7127900,11,2203154,rs11043003,0.43
11,2233574,rs7127900,11,2204288,rs11043007,0.249
11,2233574,rs7127900,11,2204344,rs11602519,0.183
11,2233574,rs7127900,11,2204351,rs113027642,0.468
11,2233574,rs7127900,11,2204717,rs7129483,0.466
11,2233574,rs7127900,11,2204726,rs7108915,0.466
11,2233574,rs7127900,11,2205245,rs7951222,0.47
11,2233574,rs7127900,11,2205892,rs7396243,0.257
11,2233574,rs7127900,11,2206027,rs11043016,0.463
11,2233574,rs7127900,11,2206326,rs11564708,0.592
11,2233574,rs7127900,11,2206387,rs11564707,0.471
11,2233574,rs7127900,11,2206423,rs11602259,0.26
11,2233574,rs7127900,11,2206429,rs72853920,0.594
11,2233574,rs7127900,11,2206651,rs72853921,0.471
11,2233574,rs7127900,11,2206829,rs11564706,0.471
11,2233574,rs7127900,11,2207046,rs11564705,0.471
11,2233574,rs7127900,11,2207194,rs11564704,0.259
11,2233574,rs7127900,11,2207209,rs11564703,0.259
11,2233574,rs7127900,11,2207905,rs67110785,0.474
11,2233574,rs7127900,11,2208668,rs56377341,0.616
11,2233574,rs7127900,11,2209413,rs12418303,0.615
11,2233574,rs7127900,11,2209658,rs12419444,0.613
11,2233574,rs7127900,11,2209676,rs11602416,0.266
11,2233574,rs7127900,11,2209967,rs10840516,0.483
11,2233574,rs7127900,11,2210658,rs113945618,0.496
11,2233574,rs7127900,11,2211162,rs67225004,0.48
11,2233574,rs7127900,11,2211677,rs7396447,0.296
11,2233574,rs7127900,11,2212448,rs67957462,0.387
11,2233574,rs7127900,11,2212487,rs68037604,0.388
11,2233574,rs7127900,11,2212584,rs76361611,0.388
11,2233574,rs7127900,11,2212723,rs113607956,0.389
11,2233574,rs7127900,11,2212765,rs7110836,0.389
11,2233574,rs7127900,11,2212843,rs117520198,0.61
11,2233574,rs7127900,11,2212858,rs7129293,0.389
11,2233574,rs7127900,11,2213166,rs7111341,0.389
11,2233574,rs7127900,11,2213258,rs7121197,0.389
11,2233574,rs7127900,11,2213452,rs10840523,0.299
11,2233574,rs7127900,11,2213492,rs11564701,0.391
11,2233574,rs7127900,11,2213579,rs11564700,0.391
11,2233574,rs7127900,11,2213646,rs111256769,0.391
11,2233574,rs7127900,11,2213694,rs11564696,0.391
11,2233574,rs7127900,11,2213900,rs11564695,0.391
11,2233574,rs7127900,11,2213995,rs11564693,0.391
11,2233574,rs7127900,11,2214016,rs60042129,0.391
11,2233574,rs7127900,11,2214039,rs11564691,0.389
11,2233574,rs7127900,11,2214388,rs7937915,0.39
11,2233574,rs7127900,11,2214467,rs7947138,0.391
11,2233574,rs7127900,11,2214640,rs7125284,0.606
11,2233574,rs7127900,11,2214804,rs7107385,0.611
11,2233574,rs7127900,11,2214811,rs7107390,0.391
11,2233574,rs7127900,11,2215089,rs7107784,0.383
11,2233574,rs7127900,11,2215228,rs11043047,0.289
11,2233574,rs7127900,11,2215323,rs11043048,0.289
11,2233574,rs7127900,11,2215330,rs11043049,0.289
11,2233574,rs7127900,11,2215333,rs11043050,0.289
11,2233574,rs7127900,11,2215535,rs55684350,0.292
11,2233574,rs7127900,11,2215555,rs12360967,0.294
11,2233574,rs7127900,11,2215556,rs56036092,0.295
11,2233574,rs7127900,11,2215565,rs12360978,0.294
11,2233574,rs7127900,11,2215584,rs56376830,0.294
11,2233574,rs7127900,11,2215587,rs56187494,0.293
11,2233574,rs7127900,11,2215602,rs12365828,0.295
11,2233574,rs7127900,11,2215604,rs12364696,0.293
11,2233574,rs7127900,11,2216163,rs11043056,0.206
11,2233574,rs7127900,11,2217111,rs12419346,0.7
11,2233574,rs7127900,11,2217280,rs12419367,0.703
11,2233574,rs7127900,11,2217544,rs113168976,0.49
11,2233574,rs7127900,11,2219465,rs7479701,0.386
11,2233574,rs7127900,11,2219937,rs72853948,0.691
11,2233574,rs7127900,11,2219962,rs3922756,0.386
11,2233574,rs7127900,11,2220304,rs4075003,0.713
11,2233574,rs7127900,11,2221765,rs72853954,0.722
11,2233574,rs7127900,11,2222002,rs76275158,0.456
11,2233574,rs7127900,11,2222271,rs72853956,0.185
11,2233574,rs7127900,11,2222815,rs12270978,0.344
11,2233574,rs7127900,11,2223264,rs72853960,0.727
11,2233574,rs7127900,11,2223850,rs10840550,0.279
11,2233574,rs7127900,11,2224175,rs73407554,0.735
11,2233574,rs7127900,11,2224664,rs72853963,0.887
11,2233574,rs7127900,11,2224932,rs7483577,0.328
11,2233574,rs7127900,11,2224958,rs7480120,0.597
11,2233574,rs7127900,11,2225364,rs11600334,0.335
11,2233574,rs7127900,11,2225626,rs10743176,0.92
11,2233574,rs7127900,11,2225709,rs71029115,0.914
11,2233574,rs7127900,11,2226789,rs71455920,0.922
11,2233574,rs7127900,11,2226905,rs62650858,0.922
11,2233574,rs7127900,11,2226968,rs144294078,0.832
11,2233574,rs7127900,11,2227193,rs62636241,0.919
11,2233574,rs7127900,11,2228618,rs10840584,0.933
11,2233574,rs7127900,11,2228709,rs7114418,0.57
11,2233574,rs7127900,11,2228935,rs7114709,0.358
11,2233574,rs7127900,11,2228952,rs7126629,0.933
11,2233574,rs7127900,11,2228978,rs117662044,0.105
11,2233574,rs7127900,11,2229012,rs7114836,0.933
11,2233574,rs7127900,11,2229111,rs7126857,0.933
11,2233574,rs7127900,11,2229360,rs7127162,0.933
11,2233574,rs7127900,11,2229361,rs7115232,0.57
11,2233574,rs7127900,11,2229573,rs10743180,0.934
11,2233574,rs7127900,11,2229645,rs10840588,0.452
11,2233574,rs7127900,11,2229759,rs10743181,0.793
11,2233574,rs7127900,11,2229782,rs10743182,0.791
11,2233574,rs7127900,11,2230152,rs4077456,0.988
11,2233574,rs7127900,11,2230210,rs35506124,0.989
11,2233574,rs7127900,11,2230354,rs4077457,0.988
11,2233574,rs7127900,11,2230460,rs7481129,0.99
11,2233574,rs7127900,11,2231001,rs116915405,0.224
11,2233574,rs7127900,11,2231341,rs4076054,0.992
11,2233574,rs7127900,11,2231694,rs7395734,0.998
11,2233574,rs7127900,11,2231774,rs6578999,0.997
11,2233574,rs7127900,11,2231863,rs12791049,0.3
11,2233574,rs7127900,11,2232042,rs6579000,0.997
11,2233574,rs7127900,11,2232056,rs6579001,0.996
11,2233574,rs7127900,11,2232229,rs6579002,0.998
11,2233574,rs7127900,11,2232272,rs7123180,0.998
11,2233574,rs7127900,11,2232310,rs6579003,0.998
11,2233574,rs7127900,11,2232344,rs7123299,0.998
11,2233574,rs7127900,11,2232359,rs7123312,0.996
11,2233574,rs7127900,11,2232378,rs7123418,0.998
11,2233574,rs7127900,11,2232624,rs11043132,0.999
11,2233574,rs7127900,11,2232665,rs11043133,0.999
11,2233574,rs7127900,11,2232682,rs11043134,0.999
11,2233574,rs7127900,11,2232696,rs11043135,0.999
11,2233574,rs7127900,11,2232809,rs34792987,0.302
11,2233574,rs7127900,11,2232814,rs11603101,0.999
11,2233574,rs7127900,11,2232911,rs7121039,0.999
11,2233574,rs7127900,11,2233041,rs7109219,0.627
11,2233574,rs7127900,11,2233219,rs7109474,0.999
11,2233574,rs7127900,11,2233234,rs7121452,0.998
11,2233574,rs7127900,11,2233365,rs7127599,0.999
11,2233574,rs7127900,11,2233451,rs7109777,0.626
11,2233574,rs7127900,11,2233485,rs66754298,0.999
11,2233574,rs7127900,11,2233495,rs138751511,0.999
11,2233574,rs7127900,11,2233549,rs67186729,0.624
11,2233574,rs7127900,11,2233574,rs7127900,1
11,2233574,rs7127900,11,2233603,rs67798996,0.624
11,2233574,rs7127900,11,2233609,rs7112959,0.624
11,2233574,rs7127900,11,2233617,rs7125026,0.624
11,2233574,rs7127900,11,2233630,rs67379609,0.624
11,2233574,rs7127900,11,2233635,rs71455921,0.624
11,2233574,rs7127900,11,2233797,rs10840603,0.998
11,2233574,rs7127900,11,2233951,rs11043140,0.623
11,2233574,rs7127900,11,2234042,rs11043142,0.623
11,2233574,rs7127900,11,2234093,rs11043143,0.998
11,2233574,rs7127900,11,2234169,rs11043147,0.623
11,2233574,rs7127900,11,2234690,rs10840606,0.851
11,2233574,rs7127900,11,2235590,rs12803147,0.116
11,2233574,rs7127900,11,2236653,rs11021704,0.148
11,2233574,rs7127900,11,2236689,rs11021705,0.149
11,2233574,rs7127900,11,2236750,rs11021706,0.148
11,2233574,rs7127900,11,2236885,rs11021707,0.147
11,2233574,rs7127900,11,2236956,rs60248732,0.105
11,2233574,rs7127900,11,2237219,rs4076542,0.103
11,2233574,rs7127900,11,2237221,rs4076541,0.103
11,2233574,rs7127900,11,2237393,rs10831548,0.104
11,2233574,rs7127900,11,2237475,rs11021711,0.105
11,2233574,rs7127900,11,2237506,rs10831549,0.105
11,2233574,rs7127900,11,2237567,rs4930051,0.119
11,2233574,rs7127900,11,2237667,rs12420721,0.15
11,2233574,rs7127900,11,2240416,rs7480235,0.098
11,2233574,rs7127900,11,2241215,rs11606404,0.106
11,2233574,rs7127900,11,2241272,rs11021732,0.106
11,2233574,rs7127900,11,2241321,rs10765826,0.12
11,2233574,rs7127900,11,2243891,rs10831574,0.089
11,2233574,rs7127900,11,2244318,rs7126234,0.089
11,2233574,rs7127900,11,2247267,rs7109523,0.138
11,2233574,rs7127900,11,2248200,rs117895267,0.156
11,2233574,rs7127900,11,2249854,rs4393314,0.139
11,2233574,rs7127900,11,2250149,rs4644645,0.178
11,2233574,rs7127900,11,2250889,rs4430511,0.178
11,2233574,rs7127900,11,2254644,rs4320954,0.178
11,2233574,rs7127900,11,2255018,rs10734184,0.139
11,2233574,rs7127900,11,2255147,rs75029415,0.178
11,2233574,rs7127900,11,2255246,rs11021832,0.101
11,2233574,rs7127900,11,2256031,rs10765849,0.119
11,2233574,rs7127900,11,2257333,rs7396800,0.176
11,2233574,rs7127900,11,2258462,rs75438275,0.052
11,2233574,rs7127900,11,2258686,rs12282068,0.065
11,2233574,rs7127900,11,2259087,rs4506651,0.065
11,2233574,rs7127900,11,2259516,rs76596056,0.064
11,2233574,rs7127900,11,2262545,rs6578249,0.134
11,2233574,rs7127900,11,2262639,rs6578250,0.134
11,2233574,rs7127900,11,2264314,rs58678758,0.137
11,2233574,rs7127900,11,2269112,c11_pos2225688,0.173
11,2233574,rs7127900,11,2270411,rs5789248,0.146
11,2233574,rs7127900,11,2271122,rs739544,0.07
11,2233574,rs7127900,11,2271323,rs739545,0.052
11,2233574,rs7127900,11,2272989,rs10741556,0.051
11,2233574,rs7127900,11,2276694,rs726220,0.052
11,2233574,rs7127900,11,2277442,rs10765878,0.069
11,2233574,rs7127900,11,2277693,rs144872107,0.053
11,2233574,rs7127900,11,2278937,rs11021967,0.082
11,2233574,rs7127900,11,2279118,rs113894883,0.126
11,2233574,rs7127900,11,2279710,rs7481707,0.058
11,2233574,rs7127900,11,2279711,rs1548426,0.126
11,2233574,rs7127900,11,2280751,rs17248845,0.234
11,2233574,rs7127900,11,2282725,rs1548427,0.122
11,2233574,rs7127900,11,2282904,rs1548428,0.102
11,2233574,rs7127900,11,2283007,rs4930063,0.122
11,2233574,rs7127900,11,2283039,rs4930064,0.122
11,2233574,rs7127900,11,2283459,rs17737713,0.121
11,2233574,rs7127900,11,2283497,rs72844136,0.121
11,2233574,rs7127900,11,2283540,rs145473322,0.121
11,2233574,rs7127900,11,2283608,rs7397025,0.121
11,2233574,rs7127900,11,2284064,rs151338835,0.112
11,2233574,rs7127900,11,2284590,rs17659078,0.107
11,2233574,rs7127900,11,2285009,rs7396048,0.08
11,2233574,rs7127900,11,2285859,rs739541,0.077
11,2233574,rs7127900,11,2286243,rs739543,0.106
11,2233574,rs7127900,11,2286348,rs72844139,0.107
11,2233574,rs7127900,11,2286454,rs7936109,0.076
11,2233574,rs7127900,11,2287135,rs34934729,0.106
11,2233574,rs7127900,11,2288303,rs12417933,0.107
11,2233574,rs7127900,11,2288803,rs2285567,0.079
11,2233574,rs7127900,11,2292080,rs55930300,0.1
11,2233574,rs7127900,11,2292969,rs11022026,0.09
11,2233574,rs7127900,11,2293454,rs7121377,0.055
11,2233574,rs7127900,11,2294415,rs7396526,0.073
11,2233574,rs7127900,11,2294537,rs7394849,0.109
11,2233574,rs7127900,11,2294899,rs4929970,0.11
11,2233574,rs7127900,11,2294908,rs4930066,0.108
11,2233574,rs7127900,11,2295768,rs2898889,0.091
11,2233574,rs7127900,11,2295849,rs56398609,0.108
11,2233574,rs7127900,11,2296012,rs7114923,0.096
11,2233574,rs7127900,11,2297099,rs113811974,0.069
11,2233574,rs7127900,11,2297586,rs4930067,0.069
11,2233574,rs7127900,11,2297615,rs4930068,0.069
11,2233574,rs7127900,11,2298375,rs6578259,0.092
11,2233574,rs7127900,11,2299035,rs1011476,0.105
11,2233574,rs7127900,11,2299577,rs2106603,0.068
11,2233574,rs7127900,11,2299990,rs10831683,0.106
11,2233574,rs7127900,11,2300181,rs10741561,0.068
11,2233574,rs7127900,11,2300682,rs4930071,0.068
11,2233574,rs7127900,11,2300717,rs4929972,0.068
11,2233574,rs7127900,11,2300801,rs4929974,0.068
11,2233574,rs7127900,11,2301198,rs7478847,0.068
11,2233574,rs7127900,11,2301275,rs1114926,0.092
11,2233574,rs7127900,11,2302584,rs4930072,0.068
11,2233574,rs7127900,11,2302734,rs4930073,0.068
11,2233574,rs7127900,11,2303296,rs10831695,0.068
11,2233574,rs7127900,11,2303480,rs10765896,0.069
11,2233574,rs7127900,11,2303558,rs10765897,0.068
11,2233574,rs7127900,11,2303867,rs10831697,0.068
11,2233574,rs7127900,11,2303881,rs10831698,0.068
11,2233574,rs7127900,11,2304088,rs10765899,0.068
11,2233574,rs7127900,11,2304194,rs10765900,0.068
11,2233574,rs7127900,11,2304204,rs10765901,0.068
11,2233574,rs7127900,11,2304279,rs10765902,0.069
11,2233574,rs7127900,11,2304393,rs10831699,0.068
11,2233574,rs7127900,11,2304422,rs10831700,0.068
11,2233574,rs7127900,11,2304502,rs10765903,0.09
11,2233574,rs7127900,11,2304554,rs10831703,0.068
11,2233574,rs7127900,11,2304800,rs2412119,0.068
11,2233574,rs7127900,11,2304979,rs2412118,0.073
11,2233574,rs7127900,11,2305012,rs2412117,0.074
11,2233574,rs7127900,11,2305083,rs2412116,0.096
11,2233574,rs7127900,11,2305141,rs2412115,0.074
11,2233574,rs7127900,11,2305186,rs2412114,0.073
11,2233574,rs7127900,11,2305638,rs4930074,0.075
11,2233574,rs7127900,11,2305748,rs4930075,0.076
11,2233574,rs7127900,11,2305799,rs7104332,0.084
