CHR_A,BP_A,SNP_A,CHR_B,BP_B,SNP_B,R2
12,53268073,rs147181250,12,53068633,chr12_53068633_A_G,0.08
12,53268073,rs147181250,12,53123803,chr12_53123803_C_G,0.086
12,53268073,rs147181250,12,53131693,12:53131693:G:A,0.083
12,53268073,rs147181250,12,53136550,12:53136550:C:T,0.067
12,53268073,rs147181250,12,53171942,chr12_53171942_G_T,0.124
12,53268073,rs147181250,12,53184559,chr12_53184559_C_T,0.058
12,53268073,rs147181250,12,53206039,chr12_53206039_C_T,0.112
12,53268073,rs147181250,12,53208670,chr12_53208670_C_T,0.053
12,53268073,rs147181250,12,53209018,rs1552754,0.056
12,53268073,rs147181250,12,53209038,12:53209038:A:G,0.057
12,53268073,rs147181250,12,53209392,12:53209392:T:C,0.084
12,53268073,rs147181250,12,53209431,chr12_53209431_A_C,0.077
12,53268073,rs147181250,12,53209626,12:53209626:A:G,0.099
12,53268073,rs147181250,12,53209742,12:53209742:C:T,0.084
12,53268073,rs147181250,12,53210145,rs17739600,0.091
12,53268073,rs147181250,12,53210327,12:53210327:CTTTT:C,0.091
12,53268073,rs147181250,12,53210357,12:53210357:G:T,0.091
12,53268073,rs147181250,12,53210452,12:53210452:G:A,0.091
12,53268073,rs147181250,12,53210493,12:53210493:G:A,0.051
12,53268073,rs147181250,12,53210503,12:53210503:G:A,0.063
12,53268073,rs147181250,12,53210524,12:53210524:ATTTT:A,0.05
12,53268073,rs147181250,12,53210592,12:53210592:C:T,0.063
12,53268073,rs147181250,12,53210646,12:53210646:A:G,0.063
12,53268073,rs147181250,12,53210683,12:53210683:C:G,0.063
12,53268073,rs147181250,12,53210758,12:53210758:A:G,0.091
12,53268073,rs147181250,12,53210878,12:53210878:G:A,0.063
12,53268073,rs147181250,12,53210937,rs2363620,0.063
12,53268073,rs147181250,12,53210984,12:53210984:A:G,0.063
12,53268073,rs147181250,12,53210998,chr12_53210998_A_G,0.063
12,53268073,rs147181250,12,53211021,12:53211021:T:C,0.063
12,53268073,rs147181250,12,53211031,12:53211031:C:A,0.063
12,53268073,rs147181250,12,53212198,12:53212198:CG:C,0.099
12,53268073,rs147181250,12,53212207,12:53212207:A:G,0.057
12,53268073,rs147181250,12,53212542,chr12_53212542_CTG_INDEL,0.125
12,53268073,rs147181250,12,53212807,12:53212807:C:A,0.097
12,53268073,rs147181250,12,53213053,chr12_53213053_C_T,0.135
12,53268073,rs147181250,12,53214923,12:53214923:A:G,0.101
12,53268073,rs147181250,12,53217056,12:53217056:G:A,0.105
12,53268073,rs147181250,12,53217701,rs10876354,0.105
12,53268073,rs147181250,12,53220001,chr12_53220002_INDEL_T,0.165
12,53268073,rs147181250,12,53220166,12:53220166:G:A,0.08
12,53268073,rs147181250,12,53221019,12:53221019:T:TC,0.148
12,53268073,rs147181250,12,53223661,12:53223661:C:T,0.153
12,53268073,rs147181250,12,53224401,chr12_53224401_C_T,0.146
12,53268073,rs147181250,12,53226907,chr12_53226907_A_G,0.128
12,53268073,rs147181250,12,53227326,chr12_53227326_C_T,0.152
12,53268073,rs147181250,12,53227803,12:53227803:A:G,0.126
12,53268073,rs147181250,12,53229902,12:53229902:C:T,0.101
12,53268073,rs147181250,12,53242440,12:53242440:A:G,0.143
12,53268073,rs147181250,12,53255387,12:53255387:CAA:C,0.219
12,53268073,rs147181250,12,53255803,chr12_53255803_C_T,0.085
12,53268073,rs147181250,12,53256478,12:53256478:A:T,0.135
12,53268073,rs147181250,12,53258471,12:53258471:C:G,0.64
12,53268073,rs147181250,12,53260310,12:53260310:T:C,0.27
12,53268073,rs147181250,12,53260412,12:53260412:CTGTTG:C,0.643
12,53268073,rs147181250,12,53260710,12:53260710:T:C,0.192
12,53268073,rs147181250,12,53260717,12:53260717:G:A,0.649
12,53268073,rs147181250,12,53260779,12:53260779:T:G,0.155
12,53268073,rs147181250,12,53261010,12:53261010:A:G,0.138
12,53268073,rs147181250,12,53261035,12:53261035:GA:G,0.519
12,53268073,rs147181250,12,53261674,chr12_53261674_C_T,0.155
12,53268073,rs147181250,12,53261822,12:53261822:G:A,0.155
12,53268073,rs147181250,12,53261871,rs10876377,0.154
12,53268073,rs147181250,12,53262109,12:53262109:A:G,0.155
12,53268073,rs147181250,12,53262186,12:53262186:CA:C,0.172
12,53268073,rs147181250,12,53262292,12:53262292:G:A,0.155
12,53268073,rs147181250,12,53262719,chr12_53262719_C_T,0.342
12,53268073,rs147181250,12,53262815,12:53262815:G:T,0.155
12,53268073,rs147181250,12,53263855,12:53263855:G:A,0.155
12,53268073,rs147181250,12,53263957,12:53263957:C:T,0.342
12,53268073,rs147181250,12,53264152,chr12_53264152_G_T,0.292
12,53268073,rs147181250,12,53264692,12:53264692:C:T,0.156
12,53268073,rs147181250,12,53264973,chr12_53264973_A_T,0.155
12,53268073,rs147181250,12,53266395,12:53266395:G:A,0.119
12,53268073,rs147181250,12,53266499,chr12_53266499_A_G,0.081
12,53268073,rs147181250,12,53266520,chr12_53266520_A_G,0.081
12,53268073,rs147181250,12,53266693,12:53266693:G:A,0.142
12,53268073,rs147181250,12,53266726,12:53266726:C:T,0.081
12,53268073,rs147181250,12,53266739,rs73106451,0.969
12,53268073,rs147181250,12,53266807,chr12_53266807_A_INDEL,0.08
12,53268073,rs147181250,12,53266809,12:53266809:G:A,0.081
12,53268073,rs147181250,12,53266810,chr12_53266810_C_T,0.08
12,53268073,rs147181250,12,53267299,12:53267299:A:G,0.054
12,53268073,rs147181250,12,53267309,rs56207534,0.999
12,53268073,rs147181250,12,53267565,12:53267565:G:A,0.081
12,53268073,rs147181250,12,53267572,12:53267572:G:A,0.081
12,53268073,rs147181250,12,53267602,chr12_53267602_A_G,0.081
12,53268073,rs147181250,12,53267620,chr12_53267620_C_T,0.081
12,53268073,rs147181250,12,53267621,12:53267621:G:A,0.081
12,53268073,rs147181250,12,53267650,chr12_53267650_A_C,0.081
12,53268073,rs147181250,12,53267819,12:53267819:C:G,0.081
12,53268073,rs147181250,12,53267892,12:53267892:G:A,0.062
12,53268073,rs147181250,12,53267964,12:53267964:A:G,0.062
12,53268073,rs147181250,12,53268010,12:53268010:C:T,0.062
12,53268073,rs147181250,12,53268073,rs147181250,1
12,53268073,rs147181250,12,53268117,12:53268117:GC:G,0.062
12,53268073,rs147181250,12,53268216,12:53268216:G:A,0.062
12,53268073,rs147181250,12,53268217,12:53268217:C:A,0.063
12,53268073,rs147181250,12,53268489,chr12_53268489_C_T,0.062
12,53268073,rs147181250,12,53268577,chr12_53268577_C_T,0.062
12,53268073,rs147181250,12,53268678,12:53268678:A:G,0.062
12,53268073,rs147181250,12,53268734,12:53268734:T:A,0.062
12,53268073,rs147181250,12,53268736,12:53268736:G:A,0.054
12,53268073,rs147181250,12,53268803,12:53268803:T:C,0.062
12,53268073,rs147181250,12,53268943,12:53268943:G:A,0.062
12,53268073,rs147181250,12,53269029,12:53269029:A:G,0.062
12,53268073,rs147181250,12,53269137,12:53269137:G:T,0.062
12,53268073,rs147181250,12,53269380,chr12_53269380_ACACACACTCACAT_INDEL,0.062
12,53268073,rs147181250,12,53269393,12:53269393:T:C,0.063
12,53268073,rs147181250,12,53269418,12:53269418:A:ACACT,0.054
12,53268073,rs147181250,12,53269472,12:53269472:C:T,0.062
12,53268073,rs147181250,12,53269692,12:53269692:C:T,0.062
12,53268073,rs147181250,12,53269710,12:53269710:C:T,0.062
12,53268073,rs147181250,12,53269720,12:53269720:CAA:C,0.062
12,53268073,rs147181250,12,53269776,12:53269776:A:C,0.062
12,53268073,rs147181250,12,53269797,12:53269797:C:T,0.062
12,53268073,rs147181250,12,53269867,12:53269867:C:G,0.062
12,53268073,rs147181250,12,53269882,12:53269882:C:T,0.062
12,53268073,rs147181250,12,53270131,chr12_53270131_C_G,0.062
12,53268073,rs147181250,12,53270407,12:53270407:G:A,0.062
12,53268073,rs147181250,12,53270795,rs4919737,0.999
12,53268073,rs147181250,12,53270845,12:53270845:C:T,0.062
12,53268073,rs147181250,12,53270853,12:53270853:G:T,0.081
12,53268073,rs147181250,12,53270971,rs4919740,0.981
12,53268073,rs147181250,12,53271430,chr12_53271430_A_G,0.054
12,53268073,rs147181250,12,53271671,rs73108429,0.998
12,53268073,rs147181250,12,53272015,rs11831919,0.998
12,53268073,rs147181250,12,53272051,12:53272051:G:T,0.081
12,53268073,rs147181250,12,53272113,12:53272113:T:G,0.793
12,53268073,rs147181250,12,53272195,12:53272195:GA:G,0.064
12,53268073,rs147181250,12,53272228,chr12_53272228_C_T,0.072
12,53268073,rs147181250,12,53272349,12:53272349:C:G,0.146
12,53268073,rs147181250,12,53272427,12:53272427:C:CATGTCTGTCT,0.146
12,53268073,rs147181250,12,53272437,chr12_53272437_ATGTCTGTCT_INDEL,0.146
12,53268073,rs147181250,12,53272438,chr12_53272438_A_G,0.146
12,53268073,rs147181250,12,53272532,chr12_53272532_A_G,0.072
12,53268073,rs147181250,12,53272576,12:53272576:C:T,0.145
12,53268073,rs147181250,12,53272712,12:53272712:A:T,0.146
12,53268073,rs147181250,12,53272920,rs4919741,0.071
12,53268073,rs147181250,12,53272964,rs4919742,0.997
12,53268073,rs147181250,12,53273085,chr12_53273085_A_C,0.787
12,53268073,rs147181250,12,53273208,chr12_53273208_A_G,0.787
12,53268073,rs147181250,12,53273745,rs902771,0.053
12,53268073,rs147181250,12,53273773,chr12_53273773_C_G,0.794
12,53268073,rs147181250,12,53273779,12:53273779:A:G,0.794
12,53268073,rs147181250,12,53273904,rs902774,0.794
12,53268073,rs147181250,12,53273962,chr12_53273962_A_T,0.145
12,53268073,rs147181250,12,53274314,12:53274314:G:GT,0.792
12,53268073,rs147181250,12,53274499,12:53274499:C:T,0.794
12,53268073,rs147181250,12,53274503,12:53274503:C:CGT,0.142
12,53268073,rs147181250,12,53274727,12:53274727:A:G,0.794
12,53268073,rs147181250,12,53274768,12:53274768:C:G,0.794
12,53268073,rs147181250,12,53274773,12:53274773:G:A,0.071
12,53268073,rs147181250,12,53274805,12:53274805:G:T,0.794
12,53268073,rs147181250,12,53275037,rs11836041,0.995
12,53268073,rs147181250,12,53275049,rs7133156,0.995
12,53268073,rs147181250,12,53275113,12:53275113:A:G,0.145
12,53268073,rs147181250,12,53275334,12:53275334:T:C,0.071
12,53268073,rs147181250,12,53275537,12:53275537:CA:C,0.794
12,53268073,rs147181250,12,53275614,12:53275614:G:A,0.794
12,53268073,rs147181250,12,53275701,12:53275701:A:G,0.794
12,53268073,rs147181250,12,53275709,12:53275709:AT:A,0.071
12,53268073,rs147181250,12,53275711,12:53275711:G:C,0.071
12,53268073,rs147181250,12,53275746,chr12_53275746_C_T,0.793
12,53268073,rs147181250,12,53275912,chr12_53275912_A_G,0.079
12,53268073,rs147181250,12,53276029,12:53276029:A:G,0.793
12,53268073,rs147181250,12,53276221,12:53276221:G:A,0.053
12,53268073,rs147181250,12,53276395,12:53276395:A:G,0.793
12,53268073,rs147181250,12,53276414,12:53276414:CA:C,0.116
12,53268073,rs147181250,12,53276433,chr12_53276433_G_T,0.783
12,53268073,rs147181250,12,53276885,12:53276885:A:G,0.053
12,53268073,rs147181250,12,53276900,12:53276900:A:G,0.793
12,53268073,rs147181250,12,53276932,rs79377635,0.987
12,53268073,rs147181250,12,53276938,chr12_53276938_A_G,0.793
12,53268073,rs147181250,12,53277196,12:53277196:C:T,0.146
12,53268073,rs147181250,12,53277367,chr12_53277367_A_G,0.793
12,53268073,rs147181250,12,53277623,12:53277623:T:G,0.071
12,53268073,rs147181250,12,53277814,12:53277814:A:AAAATAAAT,0.326
12,53268073,rs147181250,12,53278381,chr12_53278381_A_C,0.053
12,53268073,rs147181250,12,53278512,chr12_53278512_A_T,0.07
12,53268073,rs147181250,12,53279623,rs4919763,0.995
12,53268073,rs147181250,12,53280221,12:53280221:C:T,0.07
12,53268073,rs147181250,12,53280223,12:53280223:G:A,0.146
12,53268073,rs147181250,12,53281380,12:53281380:G:GC,0.146
12,53268073,rs147181250,12,53281648,12:53281648:A:T,0.079
12,53268073,rs147181250,12,53282274,rs55914512,0.993
12,53268073,rs147181250,12,53282325,12:53282325:T:G,0.185
12,53268073,rs147181250,12,53282385,12:53282385:C:T,0.146
12,53268073,rs147181250,12,53282461,rs151235305,0.994
12,53268073,rs147181250,12,53283198,rs1907671,0.146
12,53268073,rs147181250,12,53283641,rs73108466,0.994
12,53268073,rs147181250,12,53284167,12:53284167:A:G,0.081
12,53268073,rs147181250,12,53284360,rs55999178,0.993
12,53268073,rs147181250,12,53284849,rs73108469,0.993
12,53268073,rs147181250,12,53285086,rs11170319,0.163
12,53268073,rs147181250,12,53285844,12:53285844:A:C,0.13
12,53268073,rs147181250,12,53286498,12:53286498:G:C,0.13
12,53268073,rs147181250,12,53287835,rs73110432,0.986
12,53268073,rs147181250,12,53287948,12:53287948:G:A,0.13
12,53268073,rs147181250,12,53288338,12:53288338:C:T,0.13
12,53268073,rs147181250,12,53288683,12:53288683:T:C,0.13
12,53268073,rs147181250,12,53288734,12:53288734:G:A,0.051
12,53268073,rs147181250,12,53289648,rs4919707,0.993
12,53268073,rs147181250,12,53290315,12:53290315:C:CAT,0.061
12,53268073,rs147181250,12,53290319,12:53290319:AT:A,0.061
12,53268073,rs147181250,12,53290322,12:53290322:T:C,0.061
12,53268073,rs147181250,12,53292881,12:53292881:A:G,0.061
12,53268073,rs147181250,12,53292972,12:53292972:G:A,0.129
12,53268073,rs147181250,12,53294381,12:53294381:T:C,0.144
12,53268073,rs147181250,12,53294742,chr12_53294742_C_T,0.151
12,53268073,rs147181250,12,53294747,rs56095813,0.991
12,53268073,rs147181250,12,53294821,12:53294821:T:G,0.145
12,53268073,rs147181250,12,53295058,12:53295058:G:C,0.145
12,53268073,rs147181250,12,53295063,12:53295063:T:C,0.145
12,53268073,rs147181250,12,53295079,12:53295079:G:A,0.145
12,53268073,rs147181250,12,53295081,12:53295081:T:G,0.145
12,53268073,rs147181250,12,53295109,12:53295109:G:C,0.145
12,53268073,rs147181250,12,53295184,chr12_53295184_C_T,0.145
12,53268073,rs147181250,12,53295360,chr12_53295360_C_T,0.145
12,53268073,rs147181250,12,53295394,12:53295394:T:C,0.144
12,53268073,rs147181250,12,53295551,chr12_53295551_A_C,0.06
12,53268073,rs147181250,12,53295917,12:53295917:A:G,0.144
12,53268073,rs147181250,12,53296422,12:53296422:T:C,0.09
12,53268073,rs147181250,12,53296443,12:53296443:A:G,0.09
12,53268073,rs147181250,12,53296456,12:53296456:G:A,0.095
12,53268073,rs147181250,12,53296852,12:53296852:A:G,0.094
12,53268073,rs147181250,12,53296889,12:53296889:T:A,0.083
12,53268073,rs147181250,12,53296914,12:53296914:C:T,0.094
12,53268073,rs147181250,12,53297044,12:53297044:GCT:G,0.093
12,53268073,rs147181250,12,53297242,12:53297242:T:A,0.093
12,53268073,rs147181250,12,53297320,rs7964223,0.093
12,53268073,rs147181250,12,53297594,12:53297594:C:G,0.081
12,53268073,rs147181250,12,53297721,12:53297721:T:G,0.091
12,53268073,rs147181250,12,53298215,chr12_53298215_C_T,0.091
12,53268073,rs147181250,12,53298769,12:53298769:A:G,0.091
12,53268073,rs147181250,12,53298775,rs137898974,0.97
12,53268073,rs147181250,12,53298835,rs2070910,0.08
12,53268073,rs147181250,12,53299530,12:53299530:T:C,0.062
12,53268073,rs147181250,12,53300203,12:53300203:A:T,0.091
12,53268073,rs147181250,12,53301019,rs55958994,0.962
12,53268073,rs147181250,12,53301058,12:53301058:A:T,0.063
12,53268073,rs147181250,12,53301059,12:53301059:A:C,0.063
12,53268073,rs147181250,12,53302619,12:53302619:G:A,0.081
12,53268073,rs147181250,12,53303331,rs17120257,0.954
12,53268073,rs147181250,12,53303795,12:53303795:A:G,0.063
12,53268073,rs147181250,12,53305135,12:53305135:C:CA,0.092
12,53268073,rs147181250,12,53305606,12:53305606:C:G,0.063
12,53268073,rs147181250,12,53306026,chr12_53306026_C_T,0.063
12,53268073,rs147181250,12,53306395,12:53306395:C:G,0.063
12,53268073,rs147181250,12,53307369,chr12_53307369_C_G,0.345
12,53268073,rs147181250,12,53308265,12:53308265:G:A,0.346
12,53268073,rs147181250,12,53308355,12:53308355:C:T,0.08
12,53268073,rs147181250,12,53308408,12:53308408:C:A,0.08
12,53268073,rs147181250,12,53308932,rs113925811,0.954
12,53268073,rs147181250,12,53309584,rs4919743,0.95
12,53268073,rs147181250,12,53310411,rs2682295,0.071
12,53268073,rs147181250,12,53312267,chr12_53312267_C_T,0.08
12,53268073,rs147181250,12,53312612,rs73110464,0.949
12,53268073,rs147181250,12,53313931,chr12_53313931_C_T,0.063
12,53268073,rs147181250,12,53314733,12:53314733:A:G,0.063
12,53268073,rs147181250,12,53315274,chr12_53315274_C_T,0.071
12,53268073,rs147181250,12,53315659,chr12_53315659_A_G,0.642
12,53268073,rs147181250,12,53315866,12:53315866:A:T,0.071
12,53268073,rs147181250,12,53316120,chr12_53316120_C_T,0.071
12,53268073,rs147181250,12,53316179,12:53316179:A:G,0.063
12,53268073,rs147181250,12,53316821,rs73110471,0.952
12,53268073,rs147181250,12,53317731,12:53317731:C:T,0.08
12,53268073,rs147181250,12,53318107,12:53318107:T:C,0.064
12,53268073,rs147181250,12,53318232,12:53318232:CA:C,0.083
12,53268073,rs147181250,12,53318547,chr12_53318547_C_G,0.073
12,53268073,rs147181250,12,53321998,12:53321998:C:G,0.092
12,53268073,rs147181250,12,53322277,12:53322277:G:C,0.073
12,53268073,rs147181250,12,53323144,rs113094235,0.944
12,53268073,rs147181250,12,53324001,12:53324001:AT:A,0.061
12,53268073,rs147181250,12,53324855,12:53324855:C:G,0.09
12,53268073,rs147181250,12,53325562,12:53325562:T:C,0.09
12,53268073,rs147181250,12,53326791,12:53326791:G:A,0.089
12,53268073,rs147181250,12,53330451,12:53330451:T:C,0.076
12,53268073,rs147181250,12,53330595,12:53330595:A:G,0.488
12,53268073,rs147181250,12,53331144,12:53331144:A:G,0.088
12,53268073,rs147181250,12,53333249,12:53333249:G:A,0.437
12,53268073,rs147181250,12,53334409,12:53334409:AT:A,0.078
12,53268073,rs147181250,12,53334851,12:53334851:AT:A,0.383
12,53268073,rs147181250,12,53335216,chr12_53335216_C_G,0.448
12,53268073,rs147181250,12,53335563,rs11170341,0.448
12,53268073,rs147181250,12,53336989,chr12_53336989_C_T,0.1
12,53268073,rs147181250,12,53337068,chr12_53337068_C_G,0.099
12,53268073,rs147181250,12,53338041,chr12_53338041_C_T,0.067
12,53268073,rs147181250,12,53338143,12:53338143:G:A,0.067
12,53268073,rs147181250,12,53338804,chr12_53338804_C_G,0.062
12,53268073,rs147181250,12,53339034,12:53339034:C:T,0.077
12,53268073,rs147181250,12,53339942,chr12_53339942_G_T,0.076
12,53268073,rs147181250,12,53344830,rs2070876,0.065
12,53268073,rs147181250,12,53344993,chr12_53344993_A_G,0.077
12,53268073,rs147181250,12,53347915,12:53347915:C:T,0.067
12,53268073,rs147181250,12,53348593,12:53348593:A:G,0.067
12,53268073,rs147181250,12,53349196,12:53349196:C:T,0.067
12,53268073,rs147181250,12,53350985,12:53350985:C:T,0.491
12,53268073,rs147181250,12,53351486,12:53351486:A:T,0.49
12,53268073,rs147181250,12,53351540,12:53351540:C:T,0.422
12,53268073,rs147181250,12,53352351,12:53352351:T:A,0.49
12,53268073,rs147181250,12,53352572,chr12_53352572_A_C,0.198
12,53268073,rs147181250,12,53353410,12:53353410:C:T,0.2
12,53268073,rs147181250,12,53353537,chr12_53353538_INDEL_T,0.482
12,53268073,rs147181250,12,53353759,chr12_53353759_C_T,0.198
12,53268073,rs147181250,12,53353956,12:53353956:T:C,0.49
12,53268073,rs147181250,12,53354110,12:53354110:C:T,0.49
12,53268073,rs147181250,12,53354622,rs2363635,0.199
12,53268073,rs147181250,12,53354683,chr12_53354683_C_T,0.268
12,53268073,rs147181250,12,53354749,12:53354749:CT:C,0.065
12,53268073,rs147181250,12,53354788,12:53354788:G:A,0.4
12,53268073,rs147181250,12,53354906,12:53354906:G:GCC,0.199
12,53268073,rs147181250,12,53355557,12:53355557:C:G,0.199
12,53268073,rs147181250,12,53355588,chr12_53355588_A_G,0.268
12,53268073,rs147181250,12,53355678,12:53355678:G:T,0.49
12,53268073,rs147181250,12,53355955,12:53355955:G:A,0.268
12,53268073,rs147181250,12,53356411,chr12_53356411_C_T,0.268
12,53268073,rs147181250,12,53357710,12:53357710:G:A,0.269
12,53268073,rs147181250,12,53357713,12:53357713:T:A,0.268
12,53268073,rs147181250,12,53357870,12:53357870:CTGTT:C,0.269
12,53268073,rs147181250,12,53358034,12:53358034:C:T,0.196
12,53268073,rs147181250,12,53358352,12:53358352:A:G,0.269
12,53268073,rs147181250,12,53359118,12:53359118:C:T,0.2
12,53268073,rs147181250,12,53359229,12:53359229:G:C,0.269
12,53268073,rs147181250,12,53359396,12:53359396:T:G,0.27
12,53268073,rs147181250,12,53359416,12:53359416:C:T,0.269
12,53268073,rs147181250,12,53360093,12:53360093:A:T,0.162
12,53268073,rs147181250,12,53360531,12:53360531:C:T,0.128
12,53268073,rs147181250,12,53361128,12:53361128:AT:A,0.16
12,53268073,rs147181250,12,53370509,chr12_53370509_A_G,0.05
12,53268073,rs147181250,12,53372270,chr12_53372270_G_T,0.052
12,53268073,rs147181250,12,53372660,12:53372660:G:A,0.05
12,53268073,rs147181250,12,53407012,chr12_53407012_A_G,0.131
12,53268073,rs147181250,12,53475022,12:53475022:T:C,0.055
12,53268073,rs147181250,12,53493387,chr12_53493387_C_T,0.066
12,53273904,rs902774,12,53068633,chr12_53068633_A_G,0.065
12,53273904,rs902774,12,53123803,chr12_53123803_C_G,0.07
12,53273904,rs902774,12,53131693,12:53131693:G:A,0.067
12,53273904,rs902774,12,53136550,12:53136550:C:T,0.087
12,53273904,rs902774,12,53171942,chr12_53171942_G_T,0.104
12,53273904,rs902774,12,53206039,chr12_53206039_C_T,0.071
12,53273904,rs902774,12,53209626,12:53209626:A:G,0.121
12,53273904,rs902774,12,53210145,rs17739600,0.112
12,53273904,rs902774,12,53210327,12:53210327:CTTTT:C,0.112
12,53273904,rs902774,12,53210357,12:53210357:G:T,0.112
12,53273904,rs902774,12,53210452,12:53210452:G:A,0.112
12,53273904,rs902774,12,53210493,12:53210493:G:A,0.063
12,53273904,rs902774,12,53210503,12:53210503:G:A,0.078
12,53273904,rs902774,12,53210524,12:53210524:ATTTT:A,0.067
12,53273904,rs902774,12,53210592,12:53210592:C:T,0.078
12,53273904,rs902774,12,53210646,12:53210646:A:G,0.078
12,53273904,rs902774,12,53210683,12:53210683:C:G,0.078
12,53273904,rs902774,12,53210758,12:53210758:A:G,0.112
12,53273904,rs902774,12,53210878,12:53210878:G:A,0.078
12,53273904,rs902774,12,53210937,rs2363620,0.078
12,53273904,rs902774,12,53210984,12:53210984:A:G,0.078
12,53273904,rs902774,12,53210998,chr12_53210998_A_G,0.078
12,53273904,rs902774,12,53211021,12:53211021:T:C,0.078
12,53273904,rs902774,12,53211031,12:53211031:C:A,0.078
12,53273904,rs902774,12,53212198,12:53212198:CG:C,0.052
12,53273904,rs902774,12,53212207,12:53212207:A:G,0.069
12,53273904,rs902774,12,53212542,chr12_53212542_CTG_INDEL,0.075
12,53273904,rs902774,12,53212807,12:53212807:C:A,0.119
12,53273904,rs902774,12,53212944,c12_pos51499211,0.078
12,53273904,rs902774,12,53213053,chr12_53213053_C_T,0.082
12,53273904,rs902774,12,53214923,12:53214923:A:G,0.122
12,53273904,rs902774,12,53217056,12:53217056:G:A,0.128
12,53273904,rs902774,12,53217701,rs10876354,0.127
12,53273904,rs902774,12,53219945,12:53219945:A:T,0.088
12,53273904,rs902774,12,53220001,chr12_53220002_INDEL_T,0.129
12,53273904,rs902774,12,53220166,12:53220166:G:A,0.098
12,53273904,rs902774,12,53221019,12:53221019:T:TC,0.092
12,53273904,rs902774,12,53223661,12:53223661:C:T,0.096
12,53273904,rs902774,12,53224401,chr12_53224401_C_T,0.091
12,53273904,rs902774,12,53226907,chr12_53226907_A_G,0.16
12,53273904,rs902774,12,53227326,chr12_53227326_C_T,0.096
12,53273904,rs902774,12,53227803,12:53227803:A:G,0.155
12,53273904,rs902774,12,53229902,12:53229902:C:T,0.128
12,53273904,rs902774,12,53231964,12:53231964:C:T,0.089
12,53273904,rs902774,12,53234001,12:53234001:C:T,0.089
12,53273904,rs902774,12,53234994,chr12_53234994_A_G,0.058
12,53273904,rs902774,12,53238347,12:53238347:G:A,0.086
12,53273904,rs902774,12,53239056,12:53239056:C:T,0.088
12,53273904,rs902774,12,53239226,12:53239226:C:T,0.088
12,53273904,rs902774,12,53240386,chr12_53240387_INDEL_T,0.087
12,53273904,rs902774,12,53242440,12:53242440:A:G,0.177
12,53273904,rs902774,12,53244164,12:53244164:A:G,0.089
12,53273904,rs902774,12,53245932,12:53245932:C:T,0.09
12,53273904,rs902774,12,53246868,12:53246868:C:T,0.09
12,53273904,rs902774,12,53249645,12:53249645:G:A,0.09
12,53273904,rs902774,12,53255387,12:53255387:CAA:C,0.14
12,53273904,rs902774,12,53255803,chr12_53255803_C_T,0.165
12,53273904,rs902774,12,53256478,12:53256478:A:T,0.167
12,53273904,rs902774,12,53258471,12:53258471:C:G,0.509
12,53273904,rs902774,12,53260310,12:53260310:T:C,0.409
12,53273904,rs902774,12,53260412,12:53260412:CTGTTG:C,0.51
12,53273904,rs902774,12,53260577,12:53260577:G:C,0.148
12,53273904,rs902774,12,53260710,12:53260710:T:C,0.117
12,53273904,rs902774,12,53260717,12:53260717:G:A,0.515
12,53273904,rs902774,12,53260779,12:53260779:T:G,0.087
12,53273904,rs902774,12,53260823,12:53260823:C:T,0.149
12,53273904,rs902774,12,53261010,12:53261010:A:G,0.171
12,53273904,rs902774,12,53261035,12:53261035:GA:G,0.415
12,53273904,rs902774,12,53261674,chr12_53261674_C_T,0.087
12,53273904,rs902774,12,53261822,12:53261822:G:A,0.087
12,53273904,rs902774,12,53261871,rs10876377,0.087
12,53273904,rs902774,12,53262109,12:53262109:A:G,0.087
12,53273904,rs902774,12,53262186,12:53262186:CA:C,0.097
12,53273904,rs902774,12,53262292,12:53262292:G:A,0.087
12,53273904,rs902774,12,53262719,chr12_53262719_C_T,0.259
12,53273904,rs902774,12,53262815,12:53262815:G:T,0.087
12,53273904,rs902774,12,53263855,12:53263855:G:A,0.087
12,53273904,rs902774,12,53263957,12:53263957:C:T,0.26
12,53273904,rs902774,12,53264152,chr12_53264152_G_T,0.219
12,53273904,rs902774,12,53264412,12:53264412:C:T,0.15
12,53273904,rs902774,12,53264692,12:53264692:C:T,0.088
12,53273904,rs902774,12,53264973,chr12_53264973_A_T,0.087
12,53273904,rs902774,12,53266395,12:53266395:G:A,0.152
12,53273904,rs902774,12,53266693,12:53266693:G:A,0.178
12,53273904,rs902774,12,53266726,12:53266726:C:T,0.102
12,53273904,rs902774,12,53266739,rs73106451,0.767
12,53273904,rs902774,12,53267299,12:53267299:A:G,0.067
12,53273904,rs902774,12,53267309,rs56207534,0.793
12,53273904,rs902774,12,53268073,rs147181250,0.794
12,53273904,rs902774,12,53268736,12:53268736:G:A,0.066
12,53273904,rs902774,12,53269418,12:53269418:A:ACACT,0.067
12,53273904,rs902774,12,53269671,12:53269671:T:G,0.152
12,53273904,rs902774,12,53270795,rs4919737,0.794
12,53273904,rs902774,12,53270971,rs4919740,0.78
12,53273904,rs902774,12,53271430,chr12_53271430_A_G,0.067
12,53273904,rs902774,12,53271671,rs73108429,0.794
12,53273904,rs902774,12,53272015,rs11831919,0.795
12,53273904,rs902774,12,53272113,12:53272113:T:G,0.991
12,53273904,rs902774,12,53272195,12:53272195:GA:G,0.08
12,53273904,rs902774,12,53272228,chr12_53272228_C_T,0.089
12,53273904,rs902774,12,53272349,12:53272349:C:G,0.183
12,53273904,rs902774,12,53272427,12:53272427:C:CATGTCTGTCT,0.183
12,53273904,rs902774,12,53272437,chr12_53272437_ATGTCTGTCT_INDEL,0.184
12,53273904,rs902774,12,53272438,chr12_53272438_A_G,0.184
12,53273904,rs902774,12,53272532,chr12_53272532_A_G,0.089
12,53273904,rs902774,12,53272576,12:53272576:C:T,0.183
12,53273904,rs902774,12,53272712,12:53272712:A:T,0.183
12,53273904,rs902774,12,53272920,rs4919741,0.088
12,53273904,rs902774,12,53272964,rs4919742,0.793
12,53273904,rs902774,12,53273085,chr12_53273085_A_C,0.989
12,53273904,rs902774,12,53273208,chr12_53273208_A_G,0.99
12,53273904,rs902774,12,53273745,rs902771,0.067
12,53273904,rs902774,12,53273773,chr12_53273773_C_G,0.999
12,53273904,rs902774,12,53273779,12:53273779:A:G,1
12,53273904,rs902774,12,53273904,rs902774,1
12,53273904,rs902774,12,53273962,chr12_53273962_A_T,0.184
12,53273904,rs902774,12,53274314,12:53274314:G:GT,0.996
12,53273904,rs902774,12,53274499,12:53274499:C:T,1
12,53273904,rs902774,12,53274503,12:53274503:C:CGT,0.168
12,53273904,rs902774,12,53274572,12:53274572:C:T,0.155
12,53273904,rs902774,12,53274727,12:53274727:A:G,1
12,53273904,rs902774,12,53274768,12:53274768:C:G,1
12,53273904,rs902774,12,53274773,12:53274773:G:A,0.089
12,53273904,rs902774,12,53274805,12:53274805:G:T,1
12,53273904,rs902774,12,53275037,rs11836041,0.798
12,53273904,rs902774,12,53275049,rs7133156,0.798
12,53273904,rs902774,12,53275113,12:53275113:A:G,0.183
12,53273904,rs902774,12,53275264,12:53275264:C:T,0.155
12,53273904,rs902774,12,53275334,12:53275334:T:C,0.089
12,53273904,rs902774,12,53275537,12:53275537:CA:C,0.999
12,53273904,rs902774,12,53275614,12:53275614:G:A,0.999
12,53273904,rs902774,12,53275701,12:53275701:A:G,0.999
12,53273904,rs902774,12,53275709,12:53275709:AT:A,0.089
12,53273904,rs902774,12,53275711,12:53275711:G:C,0.089
12,53273904,rs902774,12,53275746,chr12_53275746_C_T,0.999
12,53273904,rs902774,12,53275946,12:53275946:C:T,0.154
12,53273904,rs902774,12,53276029,12:53276029:A:G,0.999
12,53273904,rs902774,12,53276099,12:53276099:T:C,0.154
12,53273904,rs902774,12,53276221,12:53276221:G:A,0.068
12,53273904,rs902774,12,53276395,12:53276395:A:G,0.999
12,53273904,rs902774,12,53276414,12:53276414:CA:C,0.146
12,53273904,rs902774,12,53276425,12:53276425:A:T,0.154
12,53273904,rs902774,12,53276433,chr12_53276433_G_T,0.987
12,53273904,rs902774,12,53276885,12:53276885:A:G,0.068
12,53273904,rs902774,12,53276900,12:53276900:A:G,0.999
12,53273904,rs902774,12,53276932,rs79377635,0.8
12,53273904,rs902774,12,53276938,chr12_53276938_A_G,0.999
12,53273904,rs902774,12,53277196,12:53277196:C:T,0.184
12,53273904,rs902774,12,53277367,chr12_53277367_A_G,0.999
12,53273904,rs902774,12,53277456,12:53277456:G:A,0.155
12,53273904,rs902774,12,53277568,12:53277568:C:T,0.155
12,53273904,rs902774,12,53277623,12:53277623:T:G,0.088
12,53273904,rs902774,12,53277789,12:53277789:T:C,0.155
12,53273904,rs902774,12,53277814,12:53277814:A:AAAATAAAT,0.228
12,53273904,rs902774,12,53277917,12:53277917:T:G,0.155
12,53273904,rs902774,12,53278127,12:53278127:A:C,0.153
12,53273904,rs902774,12,53278381,chr12_53278381_A_C,0.067
12,53273904,rs902774,12,53278429,12:53278429:G:A,0.153
12,53273904,rs902774,12,53278451,12:53278451:A:G,0.153
12,53273904,rs902774,12,53278512,chr12_53278512_A_T,0.088
12,53273904,rs902774,12,53278822,12:53278822:G:GTC,0.153
12,53273904,rs902774,12,53278851,12:53278851:T:C,0.152
12,53273904,rs902774,12,53278911,chr12_53278911_A_G,0.153
12,53273904,rs902774,12,53279239,12:53279239:A:G,0.152
12,53273904,rs902774,12,53279300,12:53279300:A:AGGCTGAGGC,0.152
12,53273904,rs902774,12,53279387,12:53279387:G:A,0.152
12,53273904,rs902774,12,53279455,12:53279455:A:G,0.152
12,53273904,rs902774,12,53279481,12:53279481:G:C,0.152
12,53273904,rs902774,12,53279488,12:53279488:CCATT:C,0.152
12,53273904,rs902774,12,53279511,12:53279511:A:G,0.152
12,53273904,rs902774,12,53279524,12:53279524:A:G,0.152
12,53273904,rs902774,12,53279623,rs4919763,0.797
12,53273904,rs902774,12,53279627,12:53279627:C:CTG,0.152
12,53273904,rs902774,12,53279959,12:53279959:C:T,0.152
12,53273904,rs902774,12,53280221,12:53280221:C:T,0.087
12,53273904,rs902774,12,53280223,12:53280223:G:A,0.184
12,53273904,rs902774,12,53280673,12:53280673:T:C,0.152
12,53273904,rs902774,12,53280934,12:53280934:T:C,0.152
12,53273904,rs902774,12,53281141,12:53281141:C:T,0.152
12,53273904,rs902774,12,53281380,12:53281380:G:GC,0.184
12,53273904,rs902774,12,53281418,12:53281418:A:G,0.152
12,53273904,rs902774,12,53281428,12:53281428:G:C,0.152
12,53273904,rs902774,12,53281591,12:53281591:CAG:C,0.152
12,53273904,rs902774,12,53281605,12:53281605:A:G,0.152
12,53273904,rs902774,12,53282094,12:53282094:C:A,0.142
12,53273904,rs902774,12,53282149,chr12_53282149_A_G,0.152
12,53273904,rs902774,12,53282274,rs55914512,0.795
12,53273904,rs902774,12,53282325,12:53282325:T:G,0.232
12,53273904,rs902774,12,53282332,12:53282332:G:A,0.152
12,53273904,rs902774,12,53282385,12:53282385:C:T,0.184
12,53273904,rs902774,12,53282461,rs151235305,0.796
12,53273904,rs902774,12,53282554,12:53282554:T:C,0.152
12,53273904,rs902774,12,53283198,rs1907671,0.184
12,53273904,rs902774,12,53283269,12:53283269:A:G,0.152
12,53273904,rs902774,12,53283641,rs73108466,0.795
12,53273904,rs902774,12,53283663,12:53283663:A:G,0.148
12,53273904,rs902774,12,53283800,12:53283800:T:C,0.152
12,53273904,rs902774,12,53283916,12:53283916:A:T,0.152
12,53273904,rs902774,12,53284012,12:53284012:G:A,0.152
12,53273904,rs902774,12,53284167,12:53284167:A:G,0.102
12,53273904,rs902774,12,53284199,12:53284199:C:T,0.152
12,53273904,rs902774,12,53284360,rs55999178,0.795
12,53273904,rs902774,12,53284460,12:53284460:G:A,0.152
12,53273904,rs902774,12,53284849,rs73108469,0.795
12,53273904,rs902774,12,53284859,12:53284859:A:G,0.152
12,53273904,rs902774,12,53284941,12:53284941:G:T,0.152
12,53273904,rs902774,12,53285071,12:53285071:A:G,0.152
12,53273904,rs902774,12,53285086,rs11170319,0.093
12,53273904,rs902774,12,53285156,12:53285156:G:A,0.152
12,53273904,rs902774,12,53285320,12:53285320:C:T,0.152
12,53273904,rs902774,12,53285844,12:53285844:A:C,0.164
12,53273904,rs902774,12,53286039,12:53286039:G:A,0.151
12,53273904,rs902774,12,53286498,12:53286498:G:C,0.164
12,53273904,rs902774,12,53286523,12:53286523:C:G,0.152
12,53273904,rs902774,12,53286983,12:53286983:A:G,0.152
12,53273904,rs902774,12,53287021,12:53287021:G:A,0.152
12,53273904,rs902774,12,53287341,12:53287341:T:C,0.152
12,53273904,rs902774,12,53287433,12:53287433:T:C,0.152
12,53273904,rs902774,12,53287641,12:53287641:G:A,0.152
12,53273904,rs902774,12,53287834,12:53287834:A:AAT,0.152
12,53273904,rs902774,12,53287835,rs73110432,0.791
12,53273904,rs902774,12,53287919,12:53287919:C:T,0.152
12,53273904,rs902774,12,53287948,12:53287948:G:A,0.164
12,53273904,rs902774,12,53288338,12:53288338:C:T,0.164
12,53273904,rs902774,12,53288486,12:53288486:G:GT,0.152
12,53273904,rs902774,12,53288683,12:53288683:T:C,0.164
12,53273904,rs902774,12,53289648,rs4919707,0.795
12,53273904,rs902774,12,53289690,12:53289690:A:G,0.152
12,53273904,rs902774,12,53289706,12:53289706:A:G,0.152
12,53273904,rs902774,12,53289769,12:53289769:A:G,0.149
12,53273904,rs902774,12,53289858,12:53289858:G:A,0.152
12,53273904,rs902774,12,53289869,12:53289869:G:C,0.152
12,53273904,rs902774,12,53289992,chr12_53289992_A_T,0.152
12,53273904,rs902774,12,53290084,12:53290084:T:G,0.152
12,53273904,rs902774,12,53290153,chr12_53290153_G_T,0.152
12,53273904,rs902774,12,53290229,12:53290229:G:A,0.152
12,53273904,rs902774,12,53290315,12:53290315:C:CAT,0.077
12,53273904,rs902774,12,53290319,12:53290319:AT:A,0.077
12,53273904,rs902774,12,53290322,12:53290322:T:C,0.077
12,53273904,rs902774,12,53290394,chr12_53290394_A_G,0.152
12,53273904,rs902774,12,53290681,12:53290681:A:G,0.152
12,53273904,rs902774,12,53290712,12:53290712:G:T,0.152
12,53273904,rs902774,12,53290778,12:53290778:A:G,0.152
12,53273904,rs902774,12,53291459,12:53291459:C:T,0.152
12,53273904,rs902774,12,53291480,12:53291480:T:C,0.152
12,53273904,rs902774,12,53291585,chr12_53291585_A_G,0.152
12,53273904,rs902774,12,53291821,12:53291821:G:A,0.152
12,53273904,rs902774,12,53291892,12:53291892:T:G,0.152
12,53273904,rs902774,12,53291984,12:53291984:C:T,0.152
12,53273904,rs902774,12,53291992,12:53291992:A:G,0.152
12,53273904,rs902774,12,53292233,12:53292233:TG:T,0.152
12,53273904,rs902774,12,53292643,12:53292643:C:T,0.152
12,53273904,rs902774,12,53292881,12:53292881:A:G,0.076
12,53273904,rs902774,12,53292915,12:53292915:A:G,0.152
12,53273904,rs902774,12,53292957,12:53292957:A:G,0.152
12,53273904,rs902774,12,53292972,12:53292972:G:A,0.163
12,53273904,rs902774,12,53293024,12:53293024:A:G,0.152
12,53273904,rs902774,12,53293086,12:53293086:A:G,0.152
12,53273904,rs902774,12,53293211,12:53293211:T:C,0.152
12,53273904,rs902774,12,53294381,12:53294381:T:C,0.078
12,53273904,rs902774,12,53294742,chr12_53294742_C_T,0.12
12,53273904,rs902774,12,53294747,rs56095813,0.793
12,53273904,rs902774,12,53294821,12:53294821:T:G,0.078
12,53273904,rs902774,12,53295058,12:53295058:G:C,0.078
12,53273904,rs902774,12,53295063,12:53295063:T:C,0.078
12,53273904,rs902774,12,53295079,12:53295079:G:A,0.078
12,53273904,rs902774,12,53295081,12:53295081:T:G,0.078
12,53273904,rs902774,12,53295109,12:53295109:G:C,0.078
12,53273904,rs902774,12,53295184,chr12_53295184_C_T,0.078
12,53273904,rs902774,12,53295360,chr12_53295360_C_T,0.078
12,53273904,rs902774,12,53295394,12:53295394:T:C,0.078
12,53273904,rs902774,12,53295551,chr12_53295551_A_C,0.076
12,53273904,rs902774,12,53295917,12:53295917:A:G,0.078
12,53273904,rs902774,12,53296331,12:53296331:C:G,0.152
12,53273904,rs902774,12,53296889,12:53296889:T:A,0.104
12,53273904,rs902774,12,53297594,12:53297594:C:G,0.101
12,53273904,rs902774,12,53298775,rs137898974,0.775
12,53273904,rs902774,12,53298835,rs2070910,0.101
12,53273904,rs902774,12,53299530,12:53299530:T:C,0.076
12,53273904,rs902774,12,53300796,chr12_53300796_A_C,0.137
12,53273904,rs902774,12,53301019,rs55958994,0.768
12,53273904,rs902774,12,53301058,12:53301058:A:T,0.077
12,53273904,rs902774,12,53301059,12:53301059:A:C,0.077
12,53273904,rs902774,12,53301547,12:53301547:A:C,0.146
12,53273904,rs902774,12,53302033,12:53302033:G:A,0.146
12,53273904,rs902774,12,53302619,12:53302619:G:A,0.101
12,53273904,rs902774,12,53303331,rs17120257,0.762
12,53273904,rs902774,12,53303399,chr12_53303399_C_G,0.146
12,53273904,rs902774,12,53303795,12:53303795:A:G,0.077
12,53273904,rs902774,12,53303856,12:53303856:T:G,0.146
12,53273904,rs902774,12,53304030,12:53304030:T:C,0.146
12,53273904,rs902774,12,53304040,12:53304040:C:T,0.144
12,53273904,rs902774,12,53304064,12:53304064:C:T,0.146
12,53273904,rs902774,12,53304373,12:53304373:A:G,0.146
12,53273904,rs902774,12,53304406,12:53304406:T:C,0.146
12,53273904,rs902774,12,53304515,chr12_53304515_C_T,0.146
12,53273904,rs902774,12,53304735,12:53304735:G:C,0.146
12,53273904,rs902774,12,53305606,12:53305606:C:G,0.077
12,53273904,rs902774,12,53306026,chr12_53306026_C_T,0.076
12,53273904,rs902774,12,53306395,12:53306395:C:G,0.077
12,53273904,rs902774,12,53307369,chr12_53307369_C_G,0.244
12,53273904,rs902774,12,53308265,12:53308265:G:A,0.245
12,53273904,rs902774,12,53308355,12:53308355:C:T,0.101
12,53273904,rs902774,12,53308408,12:53308408:C:A,0.1
12,53273904,rs902774,12,53308932,rs113925811,0.762
12,53273904,rs902774,12,53309115,12:53309115:G:A,0.145
12,53273904,rs902774,12,53309584,rs4919743,0.759
12,53273904,rs902774,12,53310156,12:53310156:T:A,0.145
12,53273904,rs902774,12,53312267,chr12_53312267_C_T,0.1
12,53273904,rs902774,12,53312385,chr12_53312385_C_T,0.14
12,53273904,rs902774,12,53312612,rs73110464,0.759
12,53273904,rs902774,12,53313204,12:53313204:C:T,0.145
12,53273904,rs902774,12,53313931,chr12_53313931_C_T,0.077
12,53273904,rs902774,12,53314733,12:53314733:A:G,0.077
12,53273904,rs902774,12,53315659,chr12_53315659_A_G,0.515
12,53273904,rs902774,12,53315819,12:53315819:T:C,0.145
12,53273904,rs902774,12,53316179,12:53316179:A:G,0.077
12,53273904,rs902774,12,53316821,rs73110471,0.76
12,53273904,rs902774,12,53317318,12:53317318:C:G,0.145
12,53273904,rs902774,12,53317731,12:53317731:C:T,0.1
12,53273904,rs902774,12,53318107,12:53318107:T:C,0.078
12,53273904,rs902774,12,53318232,12:53318232:CA:C,0.107
12,53273904,rs902774,12,53319672,chr12_53319672_C_T,0.143
12,53273904,rs902774,12,53321581,12:53321581:A:G,0.143
12,53273904,rs902774,12,53321998,12:53321998:C:G,0.114
12,53273904,rs902774,12,53322277,12:53322277:G:C,0.092
12,53273904,rs902774,12,53322297,12:53322297:G:A,0.142
12,53273904,rs902774,12,53323144,rs113094235,0.753
12,53273904,rs902774,12,53324001,12:53324001:AT:A,0.077
12,53273904,rs902774,12,53324855,12:53324855:C:G,0.112
12,53273904,rs902774,12,53325562,12:53325562:T:C,0.111
12,53273904,rs902774,12,53326791,12:53326791:G:A,0.11
12,53273904,rs902774,12,53327077,12:53327077:A:G,0.139
12,53273904,rs902774,12,53327770,12:53327770:T:C,0.139
12,53273904,rs902774,12,53330451,12:53330451:T:C,0.096
12,53273904,rs902774,12,53330595,12:53330595:A:G,0.612
12,53273904,rs902774,12,53331144,12:53331144:A:G,0.11
12,53273904,rs902774,12,53332484,12:53332484:C:T,0.134
12,53273904,rs902774,12,53333249,12:53333249:G:A,0.549
12,53273904,rs902774,12,53334851,12:53334851:AT:A,0.482
12,53273904,rs902774,12,53335216,chr12_53335216_C_G,0.565
12,53273904,rs902774,12,53335563,rs11170341,0.566
12,53273904,rs902774,12,53338041,chr12_53338041_C_T,0.084
12,53273904,rs902774,12,53338143,12:53338143:G:A,0.084
12,53273904,rs902774,12,53338804,chr12_53338804_C_G,0.078
12,53273904,rs902774,12,53340135,12:53340135:G:A,0.105
12,53273904,rs902774,12,53342718,12:53342718:G:C,0.104
12,53273904,rs902774,12,53344830,rs2070876,0.082
12,53273904,rs902774,12,53344993,chr12_53344993_A_G,0.063
12,53273904,rs902774,12,53346972,chr12_53346972_A_G,0.052
12,53273904,rs902774,12,53347915,12:53347915:C:T,0.084
12,53273904,rs902774,12,53348593,12:53348593:A:G,0.084
12,53273904,rs902774,12,53349196,12:53349196:C:T,0.084
12,53273904,rs902774,12,53350985,12:53350985:C:T,0.39
12,53273904,rs902774,12,53351486,12:53351486:A:T,0.39
12,53273904,rs902774,12,53351540,12:53351540:C:T,0.337
12,53273904,rs902774,12,53352351,12:53352351:T:A,0.389
12,53273904,rs902774,12,53352572,chr12_53352572_A_C,0.309
12,53273904,rs902774,12,53353410,12:53353410:C:T,0.311
12,53273904,rs902774,12,53353537,chr12_53353538_INDEL_T,0.382
12,53273904,rs902774,12,53353759,chr12_53353759_C_T,0.309
12,53273904,rs902774,12,53353956,12:53353956:T:C,0.389
12,53273904,rs902774,12,53354110,12:53354110:C:T,0.389
12,53273904,rs902774,12,53354361,chr12_53354361_A_G,0.096
12,53273904,rs902774,12,53354622,rs2363635,0.311
12,53273904,rs902774,12,53354683,chr12_53354683_C_T,0.202
12,53273904,rs902774,12,53354788,12:53354788:G:A,0.313
12,53273904,rs902774,12,53354906,12:53354906:G:GCC,0.31
12,53273904,rs902774,12,53355557,12:53355557:C:G,0.31
12,53273904,rs902774,12,53355588,chr12_53355588_A_G,0.202
12,53273904,rs902774,12,53355678,12:53355678:G:T,0.389
12,53273904,rs902774,12,53355955,12:53355955:G:A,0.203
12,53273904,rs902774,12,53356064,12:53356064:G:A,0.101
12,53273904,rs902774,12,53356411,chr12_53356411_C_T,0.203
12,53273904,rs902774,12,53356997,12:53356997:G:A,0.098
12,53273904,rs902774,12,53357623,12:53357623:G:A,0.099
12,53273904,rs902774,12,53357710,12:53357710:G:A,0.203
12,53273904,rs902774,12,53357713,12:53357713:T:A,0.202
12,53273904,rs902774,12,53357870,12:53357870:CTGTT:C,0.203
12,53273904,rs902774,12,53358034,12:53358034:C:T,0.306
12,53273904,rs902774,12,53358352,12:53358352:A:G,0.203
12,53273904,rs902774,12,53359118,12:53359118:C:T,0.311
12,53273904,rs902774,12,53359229,12:53359229:G:C,0.204
12,53273904,rs902774,12,53359396,12:53359396:T:G,0.204
12,53273904,rs902774,12,53359416,12:53359416:C:T,0.204
12,53273904,rs902774,12,53360093,12:53360093:A:T,0.121
12,53273904,rs902774,12,53360531,12:53360531:C:T,0.093
12,53273904,rs902774,12,53361128,12:53361128:AT:A,0.12
12,53273904,rs902774,12,53407012,chr12_53407012_A_G,0.104
12,53273904,rs902774,12,53475022,12:53475022:T:C,0.077
