CHR_A,BP_A,SNP_A,CHR_B,BP_B,SNP_B,R2
11,58915110,rs1938781,11,58459093,rs60616324,0.059
11,58915110,rs1938781,11,58459548,rs590157,0.059
11,58915110,rs1938781,11,58459924,chr11_58459924_C_T,0.059
11,58915110,rs1938781,11,58460073,rs566084,0.059
11,58915110,rs1938781,11,58460726,rs11229578,0.051
11,58915110,rs1938781,11,58461047,rs140804458,0.051
11,58915110,rs1938781,11,58461482,rs491849,0.059
11,58915110,rs1938781,11,58462001,rs621780,0.058
11,58915110,rs1938781,11,58462378,rs72925723,0.051
11,58915110,rs1938781,11,58462553,rs577652,0.059
11,58915110,rs1938781,11,58463097,rs636715,0.059
11,58915110,rs1938781,11,58463316,rs637645,0.059
11,58915110,rs1938781,11,58463410,rs664875,0.059
11,58915110,rs1938781,11,58463657,rs666183,0.059
11,58915110,rs1938781,11,58463714,rs12222201,0.051
11,58915110,rs1938781,11,58463802,rs666684,0.059
11,58915110,rs1938781,11,58463987,rs7482224,0.059
11,58915110,rs1938781,11,58464246,rs12806112,0.061
11,58915110,rs1938781,11,58464725,rs199865254,0.059
11,58915110,rs1938781,11,58464782,rs201625271,0.057
11,58915110,rs1938781,11,58465074,rs201888907,0.051
11,58915110,rs1938781,11,58465483,rs193242419,0.051
11,58915110,rs1938781,11,58469244,rs524516,0.059
11,58915110,rs1938781,11,58470077,rs35865748,0.059
11,58915110,rs1938781,11,58470333,rs72925740,0.051
11,58915110,rs1938781,11,58471343,rs1938730,0.051
11,58915110,rs1938781,11,58471770,rs138523136,0.051
11,58915110,rs1938781,11,58471943,rs677988,0.059
11,58915110,rs1938781,11,58472411,rs543032,0.059
11,58915110,rs1938781,11,58474723,rs57121352,0.051
11,58915110,rs1938781,11,58474960,rs487054,0.059
11,58915110,rs1938781,11,58474977,rs631103,0.058
11,58915110,rs1938781,11,58475380,rs11229593,0.051
11,58915110,rs1938781,11,58476844,rs5792123,0.051
11,58915110,rs1938781,11,58479305,rs473287,0.059
11,58915110,rs1938781,11,58479675,rs1938698,0.059
11,58915110,rs1938781,11,58479749,rs558274,0.059
11,58915110,rs1938781,11,58480738,rs528136,0.059
11,58915110,rs1938781,11,58482187,rs521200,0.058
11,58915110,rs1938781,11,58482249,rs72925778,0.051
11,58915110,rs1938781,11,58482290,rs628124,0.058
11,58915110,rs1938781,11,58482423,chr11_58482423_G_T,0.05
11,58915110,rs1938781,11,58483921,rs1938696,0.051
11,58915110,rs1938781,11,58484086,rs572006,0.059
11,58915110,rs1938781,11,58484119,rs1938695,0.051
11,58915110,rs1938781,11,58484233,rs11229594,0.051
11,58915110,rs1938781,11,58484471,rs11229595,0.051
11,58915110,rs1938781,11,58484625,rs148038594,0.051
11,58915110,rs1938781,11,58484656,rs11229596,0.051
11,58915110,rs1938781,11,58485925,rs11229597,0.051
11,58915110,rs1938781,11,58486626,rs11530801,0.051
11,58915110,rs1938781,11,58487393,rs1941965,0.051
11,58915110,rs1938781,11,58488848,rs34529443,0.059
11,58915110,rs1938781,11,58490795,rs667445,0.059
11,58915110,rs1938781,11,58491400,rs1938701,0.059
11,58915110,rs1938781,11,58491921,rs10896818,0.05
11,58915110,rs1938781,11,58493165,rs7951340,0.051
11,58915110,rs1938781,11,58493204,rs547178,0.062
11,58915110,rs1938781,11,58493212,rs591121,0.062
11,58915110,rs1938781,11,58493243,rs547895,0.062
11,58915110,rs1938781,11,58493392,rs570146,0.059
11,58915110,rs1938781,11,58493420,rs570244,0.058
11,58915110,rs1938781,11,58493839,rs621137,0.059
11,58915110,rs1938781,11,58494339,rs11229601,0.051
11,58915110,rs1938781,11,58495760,rs2497379,0.059
11,58915110,rs1938781,11,58495844,rs11229602,0.051
11,58915110,rs1938781,11,58498695,rs11229603,0.051
11,58915110,rs1938781,11,58499979,rs507224,0.059
11,58915110,rs1938781,11,58501346,rs35649133,0.051
11,58915110,rs1938781,11,58501389,rs72927728,0.051
11,58915110,rs1938781,11,58503898,rs7102762,0.051
11,58915110,rs1938781,11,58508116,rs2497376,0.057
11,58915110,rs1938781,11,58511041,rs1938729,0.059
11,58915110,rs1938781,11,58513095,rs56073415,0.051
11,58915110,rs1938781,11,58513462,rs10896822,0.051
11,58915110,rs1938781,11,58513597,rs2497372,0.059
11,58915110,rs1938781,11,58517948,rs3920943,0.051
11,58915110,rs1938781,11,58520738,rs147850843,0.051
11,58915110,rs1938781,11,58521130,rs75500948,0.051
11,58915110,rs1938781,11,58522081,rs2497370,0.059
11,58915110,rs1938781,11,58523087,rs61571449,0.051
11,58915110,rs1938781,11,58523337,rs12222150,0.051
11,58915110,rs1938781,11,58523636,rs12222174,0.051
11,58915110,rs1938781,11,58543506,rs56176400,0.102
11,58915110,rs1938781,11,58546907,rs11605651,0.073
11,58915110,rs1938781,11,58553068,rs56027401,0.102
11,58915110,rs1938781,11,58558571,rs35867100,0.056
11,58915110,rs1938781,11,58566705,rs10896829,0.077
11,58915110,rs1938781,11,58570254,rs201569610,0.052
11,58915110,rs1938781,11,58578713,rs1943274,0.076
11,58915110,rs1938781,11,58587847,rs11530802,0.052
11,58915110,rs1938781,11,58587978,rs11229641,0.052
11,58915110,rs1938781,11,58595074,rs34366794,0.051
11,58915110,rs1938781,11,58595143,rs12418392,0.051
11,58915110,rs1938781,11,58595293,rs78866125,0.051
11,58915110,rs1938781,11,58595718,rs11229648,0.051
11,58915110,rs1938781,11,58648231,rs679625,0.109
11,58915110,rs1938781,11,58665663,chr11_58665664_GAC_INDEL,0.103
11,58915110,rs1938781,11,58667311,rs7926916,0.057
11,58915110,rs1938781,11,58668270,chr11_58668270_C_T,0.241
11,58915110,rs1938781,11,58668376,rs5792140,0.271
11,58915110,rs1938781,11,58668565,rs2156349,0.271
11,58915110,rs1938781,11,58669239,rs948819,0.272
11,58915110,rs1938781,11,58669421,rs7939049,0.27
11,58915110,rs1938781,11,58670930,rs12281983,0.284
11,58915110,rs1938781,11,58671383,rs7129011,0.272
11,58915110,rs1938781,11,58671492,rs11229687,0.285
11,58915110,rs1938781,11,58671731,rs10792206,0.272
11,58915110,rs1938781,11,58672438,rs1815856,0.245
11,58915110,rs1938781,11,58672544,rs61892604,0.285
11,58915110,rs1938781,11,58673263,rs7118637,0.245
11,58915110,rs1938781,11,58674568,rs1943264,0.289
11,58915110,rs1938781,11,58674948,rs372266958,0.286
11,58915110,rs1938781,11,58674952,rs35731745,0.275
11,58915110,rs1938781,11,58675028,rs11229688,0.289
11,58915110,rs1938781,11,58675434,rs11229689,0.289
11,58915110,rs1938781,11,58675461,rs7126489,0.276
11,58915110,rs1938781,11,58675598,rs4939243,0.276
11,58915110,rs1938781,11,58675611,rs9787921,0.288
11,58915110,rs1938781,11,58677074,rs1808064,0.275
11,58915110,rs1938781,11,58677315,rs1893627,0.288
11,58915110,rs1938781,11,58677472,rs1893628,0.286
11,58915110,rs1938781,11,58677616,rs1893629,0.288
11,58915110,rs1938781,11,58678042,rs10896872,0.288
11,58915110,rs1938781,11,58678274,rs10896873,0.289
11,58915110,rs1938781,11,58678280,rs10896874,0.287
11,58915110,rs1938781,11,58678335,rs10896875,0.287
11,58915110,rs1938781,11,58678351,rs10896876,0.289
11,58915110,rs1938781,11,58678387,rs10896877,0.286
11,58915110,rs1938781,11,58678917,rs1938786,0.302
11,58915110,rs1938781,11,58681333,rs11229693,0.302
11,58915110,rs1938781,11,58683265,rs7930111,0.291
11,58915110,rs1938781,11,58685607,rs10896878,0.292
11,58915110,rs1938781,11,58686454,rs11229694,0.291
11,58915110,rs1938781,11,58686577,rs2156344,0.292
11,58915110,rs1938781,11,58686732,rs2156345,0.291
11,58915110,rs1938781,11,58687627,rs11229695,0.291
11,58915110,rs1938781,11,58692089,rs4547111,0.292
11,58915110,rs1938781,11,58695151,rs34010465,0.068
11,58915110,rs1938781,11,58696355,rs573322,0.074
11,58915110,rs1938781,11,58697581,rs61636378,0.074
11,58915110,rs1938781,11,58697635,rs10792207,0.302
11,58915110,rs1938781,11,58697805,chr11_58697805_A_G,0.329
11,58915110,rs1938781,11,58698094,rs487309,0.074
11,58915110,rs1938781,11,58698469,chr11_58698469_A_T,0.3
11,58915110,rs1938781,11,58699509,rs11229701,0.302
11,58915110,rs1938781,11,58699767,rs4573693,0.302
11,58915110,rs1938781,11,58700597,rs12222597,0.303
11,58915110,rs1938781,11,58700868,rs481247,0.074
11,58915110,rs1938781,11,58701105,rs73483072,0.274
11,58915110,rs1938781,11,58701491,rs10896879,0.303
11,58915110,rs1938781,11,58701522,rs10896880,0.303
11,58915110,rs1938781,11,58702105,rs11229704,0.303
11,58915110,rs1938781,11,58702235,rs12272494,0.275
11,58915110,rs1938781,11,58702686,rs11229705,0.303
11,58915110,rs1938781,11,58703409,rs544800,0.074
11,58915110,rs1938781,11,58704850,rs1788524,0.074
11,58915110,rs1938781,11,58705301,rs577190,0.074
11,58915110,rs1938781,11,58706064,rs522376,0.074
11,58915110,rs1938781,11,58706712,rs538678,0.074
11,58915110,rs1938781,11,58706964,rs541258,0.074
11,58915110,rs1938781,11,58707013,rs12278662,0.304
11,58915110,rs1938781,11,58707937,rs56155456,0.304
11,58915110,rs1938781,11,58708379,rs513877,0.074
11,58915110,rs1938781,11,58708643,rs487920,0.074
11,58915110,rs1938781,11,58708678,rs488737,0.074
11,58915110,rs1938781,11,58708742,rs517387,0.074
11,58915110,rs1938781,11,58708811,rs489732,0.074
11,58915110,rs1938781,11,58708863,rs61889804,0.305
11,58915110,rs1938781,11,58709446,rs578610,0.074
11,58915110,rs1938781,11,58710208,rs61889805,0.305
11,58915110,rs1938781,11,58711450,rs12292314,0.305
11,58915110,rs1938781,11,58712064,rs472554,0.074
11,58915110,rs1938781,11,58712654,rs10896882,0.305
11,58915110,rs1938781,11,58712792,rs500462,0.074
11,58915110,rs1938781,11,58712952,chr11_58712952_G_T,0.074
11,58915110,rs1938781,11,58715285,rs565355,0.074
11,58915110,rs1938781,11,58716113,rs10896883,0.307
11,58915110,rs1938781,11,58717158,rs486950,0.074
11,58915110,rs1938781,11,58717421,11:58717421:A:ACCTCCCCTCCCCTCCCCT,0.074
11,58915110,rs1938781,11,58717756,rs11229708,0.306
11,58915110,rs1938781,11,58718061,rs1788538,0.074
11,58915110,rs1938781,11,58724149,chr11_58724149_C_T,0.075
11,58915110,rs1938781,11,58725193,rs58848038,0.307
11,58915110,rs1938781,11,58725264,rs534890,0.074
11,58915110,rs1938781,11,58725797,rs530180,0.075
11,58915110,rs1938781,11,58726844,rs4271397,0.308
11,58915110,rs1938781,11,58729333,rs10896884,0.309
11,58915110,rs1938781,11,58730205,rs552591,0.075
11,58915110,rs1938781,11,58732770,rs144319932,0.311
11,58915110,rs1938781,11,58734026,rs1788550,0.072
11,58915110,rs1938781,11,58734592,rs59664518,0.311
11,58915110,rs1938781,11,58734774,rs11229711,0.43
11,58915110,rs1938781,11,58736398,rs12277628,0.312
11,58915110,rs1938781,11,58737841,rs1892867,0.081
11,58915110,rs1938781,11,58740697,rs10896885,0.472
11,58915110,rs1938781,11,58741880,rs11229713,0.355
11,58915110,rs1938781,11,58743085,rs11229714,0.349
11,58915110,rs1938781,11,58744882,rs573271,0.083
11,58915110,rs1938781,11,58745444,rs10896886,0.444
11,58915110,rs1938781,11,58746238,chr11_58746238_A_G,0.463
11,58915110,rs1938781,11,58747355,rs10792209,0.476
11,58915110,rs1938781,11,58747551,rs485893,0.079
11,58915110,rs1938781,11,58747617,rs485025,0.077
11,58915110,rs1938781,11,58747929,chr11_58747929_C_G,0.081
11,58915110,rs1938781,11,58748120,chr11_58748120_A_G,0.082
11,58915110,rs1938781,11,58748719,chr11_58748719_A_G,0.086
11,58915110,rs1938781,11,58749202,rs12786912,0.533
11,58915110,rs1938781,11,58749943,rs498465,0.098
11,58915110,rs1938781,11,58750887,rs578549,0.098
11,58915110,rs1938781,11,58751947,rs7102377,0.533
11,58915110,rs1938781,11,58753466,rs579685,0.098
11,58915110,rs1938781,11,58753476,rs35653892,0.078
11,58915110,rs1938781,11,58754148,rs115498657,0.534
11,58915110,rs1938781,11,58754259,rs498003,0.097
11,58915110,rs1938781,11,58756045,rs556496,0.098
11,58915110,rs1938781,11,58757598,rs11229718,0.531
11,58915110,rs1938781,11,58757947,rs505054,0.078
11,58915110,rs1938781,11,58758769,rs71868994,0.098
11,58915110,rs1938781,11,58760315,rs11229720,0.534
11,58915110,rs1938781,11,58761391,rs489810,0.108
11,58915110,rs1938781,11,58761432,rs10896887,0.532
11,58915110,rs1938781,11,58761623,rs56369725,0.533
11,58915110,rs1938781,11,58763652,rs35206731,0.527
11,58915110,rs1938781,11,58763854,rs7941415,0.534
11,58915110,rs1938781,11,58763971,rs499729,0.099
11,58915110,rs1938781,11,58764124,rs7952430,0.535
11,58915110,rs1938781,11,58764561,rs34944612,0.534
11,58915110,rs1938781,11,58765335,rs10896888,0.534
11,58915110,rs1938781,11,58765486,rs535155,0.076
11,58915110,rs1938781,11,58766266,rs7946908,0.498
11,58915110,rs1938781,11,58766296,rs10896889,0.533
11,58915110,rs1938781,11,58766639,rs10896890,0.533
11,58915110,rs1938781,11,58767017,rs10896891,0.533
11,58915110,rs1938781,11,58768681,rs525589,0.076
11,58915110,rs1938781,11,58768704,chr11_58768704_A_G,0.53
11,58915110,rs1938781,11,58769041,rs10792212,0.554
11,58915110,rs1938781,11,58769500,rs4554907,0.533
11,58915110,rs1938781,11,58769824,rs578567,0.099
11,58915110,rs1938781,11,58769842,rs1815748,0.533
11,58915110,rs1938781,11,58769875,rs548765,0.076
11,58915110,rs1938781,11,58769945,rs570784,0.1
11,58915110,rs1938781,11,58770921,rs4262741,0.533
11,58915110,rs1938781,11,58771462,rs11822336,0.533
11,58915110,rs1938781,11,58771513,rs11822843,0.533
11,58915110,rs1938781,11,58772242,rs557321,0.077
11,58915110,rs1938781,11,58772360,rs10896892,0.533
11,58915110,rs1938781,11,58772593,rs11229724,0.533
11,58915110,rs1938781,11,58772624,rs569943,0.077
11,58915110,rs1938781,11,58773075,rs12280530,0.533
11,58915110,rs1938781,11,58773281,rs12273849,0.533
11,58915110,rs1938781,11,58773573,rs10501374,0.533
11,58915110,rs1938781,11,58773879,rs11229725,0.533
11,58915110,rs1938781,11,58773927,rs7120968,0.533
11,58915110,rs1938781,11,58774161,rs10896893,0.533
11,58915110,rs1938781,11,58774383,rs113112860,0.068
11,58915110,rs1938781,11,58774479,rs12288619,0.533
11,58915110,rs1938781,11,58775244,rs113690511,0.537
11,58915110,rs1938781,11,58775621,rs12790441,0.533
11,58915110,rs1938781,11,58775650,rs34702913,0.533
11,58915110,rs1938781,11,58775711,rs35117617,0.534
11,58915110,rs1938781,11,58776065,rs10896894,0.533
11,58915110,rs1938781,11,58776112,rs10896895,0.532
11,58915110,rs1938781,11,58776177,rs567224,0.076
11,58915110,rs1938781,11,58776198,rs10896896,0.533
11,58915110,rs1938781,11,58776500,rs10896897,0.533
11,58915110,rs1938781,11,58776650,rs11229726,0.533
11,58915110,rs1938781,11,58776881,rs11229727,0.533
11,58915110,rs1938781,11,58778643,rs11823465,0.533
11,58915110,rs1938781,11,58778733,rs71300950,0.533
11,58915110,rs1938781,11,58778790,rs11229728,0.533
11,58915110,rs1938781,11,58778899,rs548004,0.077
11,58915110,rs1938781,11,58778907,rs547341,0.077
11,58915110,rs1938781,11,58779248,rs78437861,0.533
11,58915110,rs1938781,11,58779295,rs549248,0.078
11,58915110,rs1938781,11,58779348,rs10896898,0.531
11,58915110,rs1938781,11,58779772,rs11229729,0.533
11,58915110,rs1938781,11,58780018,rs12146582,0.533
11,58915110,rs1938781,11,58780549,rs11229730,0.533
11,58915110,rs1938781,11,58780668,rs12284080,0.533
11,58915110,rs1938781,11,58780687,rs12277300,0.533
11,58915110,rs1938781,11,58781144,rs11229732,0.533
11,58915110,rs1938781,11,58781417,rs500575,0.1
11,58915110,rs1938781,11,58781528,rs11229733,0.533
11,58915110,rs1938781,11,58781574,rs11501597,0.533
11,58915110,rs1938781,11,58781732,rs11229734,0.533
11,58915110,rs1938781,11,58781748,rs11501599,0.533
11,58915110,rs1938781,11,58782860,rs2212315,0.534
11,58915110,rs1938781,11,58782892,rs2212314,0.534
11,58915110,rs1938781,11,58783014,rs2226556,0.534
11,58915110,rs1938781,11,58783076,rs11229735,0.534
11,58915110,rs1938781,11,58783204,rs151063862,0.534
11,58915110,rs1938781,11,58783545,rs7929164,0.1
11,58915110,rs1938781,11,58783756,rs200952468,0.486
11,58915110,rs1938781,11,58784021,rs3133054,0.077
11,58915110,rs1938781,11,58784061,rs142768465,0.534
11,58915110,rs1938781,11,58784460,rs514727,0.1
11,58915110,rs1938781,11,58784529,rs10466660,0.534
11,58915110,rs1938781,11,58784630,rs10466682,0.534
11,58915110,rs1938781,11,58784663,rs10466661,0.077
11,58915110,rs1938781,11,58784844,rs34516527,0.49
11,58915110,rs1938781,11,58785376,rs507285,0.1
11,58915110,rs1938781,11,58785452,rs150745549,0.534
11,58915110,rs1938781,11,58786479,rs149459041,0.534
11,58915110,rs1938781,11,58786585,rs151335949,0.534
11,58915110,rs1938781,11,58786928,rs4465380,0.1
11,58915110,rs1938781,11,58786956,rs4312082,0.077
11,58915110,rs1938781,11,58787644,rs76896027,0.534
11,58915110,rs1938781,11,58787877,rs201453700,0.534
11,58915110,rs1938781,11,58788032,rs61891782,0.534
11,58915110,rs1938781,11,58788114,rs199750270,0.534
11,58915110,rs1938781,11,58788750,rs71486437,0.534
11,58915110,rs1938781,11,58788779,rs7949498,0.534
11,58915110,rs1938781,11,58789241,rs558380,0.1
11,58915110,rs1938781,11,58789498,rs10792213,0.534
11,58915110,rs1938781,11,58789856,rs11229738,0.534
11,58915110,rs1938781,11,58790124,rs35459945,0.534
11,58915110,rs1938781,11,58790628,rs7926174,0.534
11,58915110,rs1938781,11,58791028,rs35613819,0.534
11,58915110,rs1938781,11,58791521,rs10792214,0.077
11,58915110,rs1938781,11,58791785,rs12803631,0.076
11,58915110,rs1938781,11,58791939,rs9630207,0.534
11,58915110,rs1938781,11,58792519,chr11_58792519_G_T,0.531
11,58915110,rs1938781,11,58792615,rs9630208,0.534
11,58915110,rs1938781,11,58792681,rs10896900,0.534
11,58915110,rs1938781,11,58793078,rs11229741,0.534
11,58915110,rs1938781,11,58794481,rs12293372,0.1
11,58915110,rs1938781,11,58794870,rs12275412,0.534
11,58915110,rs1938781,11,58794909,rs10896901,0.1
11,58915110,rs1938781,11,58795934,rs61891783,0.534
11,58915110,rs1938781,11,58796253,rs201021263,0.068
11,58915110,rs1938781,11,58796589,rs11229743,0.534
11,58915110,rs1938781,11,58796605,chr11_58796606_CTAA_INDEL,0.504
11,58915110,rs1938781,11,58796898,rs11229744,0.534
11,58915110,rs1938781,11,58797004,rs11229745,0.534
11,58915110,rs1938781,11,58797256,rs12789029,0.534
11,58915110,rs1938781,11,58797449,rs61335766,0.524
11,58915110,rs1938781,11,58797842,rs12271096,0.534
11,58915110,rs1938781,11,58797868,rs10896902,0.534
11,58915110,rs1938781,11,58797964,rs10896903,0.534
11,58915110,rs1938781,11,58798661,rs7940678,0.077
11,58915110,rs1938781,11,58799019,rs7108685,0.076
11,58915110,rs1938781,11,58799217,rs11229750,0.098
11,58915110,rs1938781,11,58799230,rs11229751,0.108
11,58915110,rs1938781,11,58799231,rs11229752,0.108
11,58915110,rs1938781,11,58799286,rs59680605,0.098
11,58915110,rs1938781,11,58799330,rs35712652,0.535
11,58915110,rs1938781,11,58799746,rs1943140,0.535
11,58915110,rs1938781,11,58800040,rs11229753,0.535
11,58915110,rs1938781,11,58800319,rs11229754,0.535
11,58915110,rs1938781,11,58800509,rs61891785,0.535
11,58915110,rs1938781,11,58801443,rs12276995,0.535
11,58915110,rs1938781,11,58801697,rs185998690,0.535
11,58915110,rs1938781,11,58801746,rs12277166,0.535
11,58915110,rs1938781,11,58801774,rs12270368,0.535
11,58915110,rs1938781,11,58801866,rs12283253,0.535
11,58915110,rs1938781,11,58802059,rs11229756,0.533
11,58915110,rs1938781,11,58802061,rs11229757,0.533
11,58915110,rs1938781,11,58802067,rs11229758,0.535
11,58915110,rs1938781,11,58802104,rs11229759,0.535
11,58915110,rs1938781,11,58802202,rs11229760,0.531
11,58915110,rs1938781,11,58802210,rs11229761,0.531
11,58915110,rs1938781,11,58802767,rs10459026,0.077
11,58915110,rs1938781,11,58802772,rs10459027,0.077
11,58915110,rs1938781,11,58802774,rs12800282,0.535
11,58915110,rs1938781,11,58802963,rs12798112,0.535
11,58915110,rs1938781,11,58803056,rs12799599,0.535
11,58915110,rs1938781,11,58803806,rs3740953,0.535
11,58915110,rs1938781,11,58803828,chr11_58803828_C_T,0.1
11,58915110,rs1938781,11,58804162,rs2004519,0.535
11,58915110,rs1938781,11,58804476,rs28407281,0.1
11,58915110,rs1938781,11,58804858,rs2004664,0.535
11,58915110,rs1938781,11,58805285,rs34575029,0.535
11,58915110,rs1938781,11,58805513,rs2720332,0.535
11,58915110,rs1938781,11,58805820,rs12290612,0.535
11,58915110,rs1938781,11,58806390,rs10792215,0.077
11,58915110,rs1938781,11,58806666,rs4373955,0.535
11,58915110,rs1938781,11,58806884,rs1961876,0.535
11,58915110,rs1938781,11,58807029,rs10896904,0.1
11,58915110,rs1938781,11,58807241,rs11602551,0.076
11,58915110,rs1938781,11,58808294,rs36110001,0.536
11,58915110,rs1938781,11,58808404,rs11229764,0.1
11,58915110,rs1938781,11,58808972,rs11229765,0.536
11,58915110,rs1938781,11,58809154,rs61603052,0.537
11,58915110,rs1938781,11,58809164,rs59740763,0.537
11,58915110,rs1938781,11,58810634,chr11_58810634_C_T,0.078
11,58915110,rs1938781,11,58811136,rs10160428,0.086
11,58915110,rs1938781,11,58811241,chr11_58811241_A_C,0.079
11,58915110,rs1938781,11,58811310,rs7479623,0.103
11,58915110,rs1938781,11,58811441,rs1943142,0.086
11,58915110,rs1938781,11,58812308,rs10750909,0.086
11,58915110,rs1938781,11,58813396,rs149903723,0.591
11,58915110,rs1938781,11,58814716,rs10896905,0.104
11,58915110,rs1938781,11,58816457,rs10792216,0.591
11,58915110,rs1938781,11,58817625,rs564404,0.087
11,58915110,rs1938781,11,58818869,rs3824945,0.103
11,58915110,rs1938781,11,58819328,rs4499024,0.103
11,58915110,rs1938781,11,58820000,rs11383863,0.083
11,58915110,rs1938781,11,58820988,rs3740948,0.587
11,58915110,rs1938781,11,58821346,rs12361430,0.591
11,58915110,rs1938781,11,58821525,rs113087473,0.085
11,58915110,rs1938781,11,58822334,rs58969255,0.116
11,58915110,rs1938781,11,58824937,rs4939255,0.067
11,58915110,rs1938781,11,58825578,rs10896907,0.591
11,58915110,rs1938781,11,58826621,rs11229776,0.592
11,58915110,rs1938781,11,58827895,rs12292779,0.592
11,58915110,rs1938781,11,58828534,rs3109662,0.109
11,58915110,rs1938781,11,58830077,chr11_58830078_CCG_INDEL,0.081
11,58915110,rs1938781,11,58830430,rs36023624,0.59
11,58915110,rs1938781,11,58831373,rs12417489,0.068
11,58915110,rs1938781,11,58832356,chr11_58832356_A_G,0.081
11,58915110,rs1938781,11,58833237,rs477092,0.11
11,58915110,rs1938781,11,58833260,rs523078,0.11
11,58915110,rs1938781,11,58833902,chr11_58833902_G_T,0.118
11,58915110,rs1938781,11,58834388,chr11_58834388_G_T,0.087
11,58915110,rs1938781,11,58834900,rs563191,0.085
11,58915110,rs1938781,11,58835026,rs562168,0.119
11,58915110,rs1938781,11,58835506,rs10896910,0.67
11,58915110,rs1938781,11,58837742,chr11_58837742_C_T,0.669
11,58915110,rs1938781,11,58839317,rs581913,0.122
11,58915110,rs1938781,11,58840731,chr11_58840731_A_C,0.669
11,58915110,rs1938781,11,58841379,rs7106530,0.673
11,58915110,rs1938781,11,58841900,rs34269752,0.087
11,58915110,rs1938781,11,58842013,rs560974,0.116
11,58915110,rs1938781,11,58842134,rs538729,0.117
11,58915110,rs1938781,11,58842573,rs637875,0.082
11,58915110,rs1938781,11,58842699,rs11501600,0.668
11,58915110,rs1938781,11,58843573,rs486252,0.116
11,58915110,rs1938781,11,58843745,rs487381,0.117
11,58915110,rs1938781,11,58845306,rs670574,0.121
11,58915110,rs1938781,11,58846985,rs1943147,0.675
11,58915110,rs1938781,11,58847176,rs1943146,0.677
11,58915110,rs1938781,11,58849074,rs637476,0.092
11,58915110,rs1938781,11,58849615,rs2844342,0.678
11,58915110,rs1938781,11,58849917,rs519711,0.118
11,58915110,rs1938781,11,58850074,rs484275,0.119
11,58915110,rs1938781,11,58850176,rs34188954,0.117
11,58915110,rs1938781,11,58850291,rs57212522,0.077
11,58915110,rs1938781,11,58850292,rs10896911,0.578
11,58915110,rs1938781,11,58850942,rs10896912,0.675
11,58915110,rs1938781,11,58850949,rs1938770,0.676
11,58915110,rs1938781,11,58851321,rs10128559,0.677
11,58915110,rs1938781,11,58851741,rs1938771,0.09
11,58915110,rs1938781,11,58852154,rs472336,0.118
11,58915110,rs1938781,11,58852513,rs4121345,0.092
11,58915110,rs1938781,11,58853913,rs530386,0.755
11,58915110,rs1938781,11,58854169,chr11_58854169_C_T,0.732
11,58915110,rs1938781,11,58854700,rs10896913,0.776
11,58915110,rs1938781,11,58854729,rs2954134,0.712
11,58915110,rs1938781,11,58854961,rs12576347,0.096
11,58915110,rs1938781,11,58854962,rs12574219,0.096
11,58915110,rs1938781,11,58855019,rs12576350,0.093
11,58915110,rs1938781,11,58856544,chr11_58856544_A_G,0.901
11,58915110,rs1938781,11,58857841,rs540268,0.159
11,58915110,rs1938781,11,58858616,rs10896914,0.968
11,58915110,rs1938781,11,58858651,rs567951,0.187
11,58915110,rs1938781,11,58858712,rs548347,0.09
11,58915110,rs1938781,11,58861851,rs474847,0.964
11,58915110,rs1938781,11,58863775,rs7939969,0.159
11,58915110,rs1938781,11,58864186,chr11_58864186_A_G,0.967
11,58915110,rs1938781,11,58864267,rs11229798,0.969
11,58915110,rs1938781,11,58864390,chr11_58864390_C_T,0.966
11,58915110,rs1938781,11,58864405,rs7950640,0.189
11,58915110,rs1938781,11,58864544,chr11_58864544_A_T,0.964
11,58915110,rs1938781,11,58865226,rs12280905,0.159
11,58915110,rs1938781,11,58865487,rs34239454,0.971
11,58915110,rs1938781,11,58866031,rs10896916,0.928
11,58915110,rs1938781,11,58868059,chr11_58868059_C_T,0.974
11,58915110,rs1938781,11,58868998,rs11229803,0.191
11,58915110,rs1938781,11,58869881,rs12794409,0.15
11,58915110,rs1938781,11,58871812,rs7950880,0.977
11,58915110,rs1938781,11,58872960,rs10896919,0.158
11,58915110,rs1938781,11,58873944,rs10896920,0.165
11,58915110,rs1938781,11,58875024,rs2282482,0.972
11,58915110,rs1938781,11,58875044,rs2282483,0.972
11,58915110,rs1938781,11,58875725,rs7110278,0.19
11,58915110,rs1938781,11,58876719,rs11229808,0.972
11,58915110,rs1938781,11,58876720,rs2096543,0.166
11,58915110,rs1938781,11,58877531,chr11_58877531_C_T,0.972
11,58915110,rs1938781,11,58877909,rs4409856,0.186
11,58915110,rs1938781,11,58879420,chr11_58879420_A_C,0.11
11,58915110,rs1938781,11,58879671,chr11_58879671_A_T,0.972
11,58915110,rs1938781,11,58880683,rs111840797,0.166
11,58915110,rs1938781,11,58883915,chr11_58883915_G_T,0.996
11,58915110,rs1938781,11,58886258,rs139466956,0.19
11,58915110,rs1938781,11,58889191,chr11_58889191_A_C,0.972
11,58915110,rs1938781,11,58889431,rs4939257,0.166
11,58915110,rs1938781,11,58891292,chr11_58891292_A_T,0.995
11,58915110,rs1938781,11,58891490,rs77354659,0.972
11,58915110,rs1938781,11,58894067,rs1938588,0.958
11,58915110,rs1938781,11,58894253,rs1938589,0.996
11,58915110,rs1938781,11,58895334,chr11_58895334_A_T,0.972
11,58915110,rs1938781,11,58897184,chr11_58897184_C_T,0.178
11,58915110,rs1938781,11,58897291,chr11_58897291_G_T,0.972
11,58915110,rs1938781,11,58897769,rs11823977,0.972
11,58915110,rs1938781,11,58897968,rs11825017,0.972
11,58915110,rs1938781,11,58898826,rs7121654,0.197
11,58915110,rs1938781,11,58899848,rs7126078,0.972
11,58915110,rs1938781,11,58900735,rs71454364,0.188
11,58915110,rs1938781,11,58901552,chr11_58901552_C_G,0.972
11,58915110,rs1938781,11,58901871,chr11_58901871_C_T,0.996
11,58915110,rs1938781,11,58905228,chr11_58905228_AAGTATA_INDEL,0.996
11,58915110,rs1938781,11,58905634,rs4445654,0.189
11,58915110,rs1938781,11,58905660,chr11_58905660_C_T,0.973
11,58915110,rs1938781,11,58905992,chr11_58905992_G_T,0.167
11,58915110,rs1938781,11,58906018,rs4287350,0.168
11,58915110,rs1938781,11,58906738,chr11_58906738_A_C,0.972
11,58915110,rs1938781,11,58907618,rs34027305,0.971
11,58915110,rs1938781,11,58908263,chr11_58908263_A_G,0.997
11,58915110,rs1938781,11,58908381,rs10792220,0.168
11,58915110,rs1938781,11,58908423,chr11_58908423_A_G,0.975
11,58915110,rs1938781,11,58909268,rs10668213,0.162
11,58915110,rs1938781,11,58909387,rs149991793,0.182
11,58915110,rs1938781,11,58909413,chr11_58909413_A_G,0.993
11,58915110,rs1938781,11,58910926,rs11229840,0.998
11,58915110,rs1938781,11,58911452,rs1938590,0.169
11,58915110,rs1938781,11,58913446,rs5029309,0.171
11,58915110,rs1938781,11,58913590,rs71454366,0.997
11,58915110,rs1938781,11,58915110,rs1938781,1
11,58915110,rs1938781,11,58916038,chr11_58916038_A_G,0.997
11,58915110,rs1938781,11,58918093,rs10792221,0.997
11,58915110,rs1938781,11,58918179,rs592110,0.168
11,58915110,rs1938781,11,58919813,chr11_58919813_A_G,0.999
11,58915110,rs1938781,11,58921342,rs201049428,0.918
11,58915110,rs1938781,11,58921832,chr11_58921832_C_T,0.941
11,58915110,rs1938781,11,58922549,rs12283633,0.918
11,58915110,rs1938781,11,58923068,chr11_58923068_A_G,0.92
11,58915110,rs1938781,11,58923529,rs587617,0.168
11,58915110,rs1938781,11,58923820,chr11_58923820_A_G,0.141
11,58915110,rs1938781,11,58924288,rs610764,0.19
11,58915110,rs1938781,11,58924780,rs11229849,0.991
11,58915110,rs1938781,11,58925101,chr11_58925101_C_T,0.921
11,58915110,rs1938781,11,58925665,chr11_58925665_C_G,0.921
11,58915110,rs1938781,11,58925860,chr11_58925860_A_G,0.941
11,58915110,rs1938781,11,58926016,chr11_58926016_C_G,0.921
11,58915110,rs1938781,11,58926244,chr11_58926244_G_T,0.976
11,58915110,rs1938781,11,58927008,chr11_58927008_A_G,0.92
11,58915110,rs1938781,11,58927017,chr11_58927017_A_G,0.92
11,58915110,rs1938781,11,58927136,chr11_58927136_C_T,0.92
11,58915110,rs1938781,11,58927603,chr11_58927603_A_T,0.92
11,58915110,rs1938781,11,58927835,chr11_58927835_A_G,0.92
11,58915110,rs1938781,11,58927843,chr11_58927843_G_T,0.92
11,58915110,rs1938781,11,58927895,chr11_58927895_A_C,0.92
11,58915110,rs1938781,11,58927977,chr11_58927977_C_G,0.92
11,58915110,rs1938781,11,58928008,chr11_58928008_C_T,0.919
11,58915110,rs1938781,11,58928033,rs680661,0.19
11,58915110,rs1938781,11,58928115,chr11_58928115_A_G,0.92
11,58915110,rs1938781,11,58928131,chr11_58928131_A_G,0.916
11,58915110,rs1938781,11,58928199,chr11_58928199_C_T,0.92
11,58915110,rs1938781,11,58928242,chr11_58928242_C_T,0.92
11,58915110,rs1938781,11,58928310,chr11_58928310_C_T,0.92
11,58915110,rs1938781,11,58928681,chr11_58928681_C_T,0.94
11,58915110,rs1938781,11,58928947,chr11_58928947_A_G,0.92
11,58915110,rs1938781,11,58929035,chr11_58929035_C_T,0.92
11,58915110,rs1938781,11,58929332,rs10896932,0.92
11,58915110,rs1938781,11,58929387,chr11_58929387_C_T,0.134
11,58915110,rs1938781,11,58929525,chr11_58929525_C_T,0.919
11,58915110,rs1938781,11,58929613,chr11_58929613_C_T,0.92
11,58915110,rs1938781,11,58929945,chr11_58929945_C_T,0.92
11,58915110,rs1938781,11,58930239,rs10896933,0.92
11,58915110,rs1938781,11,58930327,rs10896934,0.92
11,58915110,rs1938781,11,58930330,rs10896935,0.92
11,58915110,rs1938781,11,58930337,rs71300951,0.936
11,58915110,rs1938781,11,58930590,chr11_58930590_C_T,0.916
11,58915110,rs1938781,11,58930744,rs637541,0.308
11,58915110,rs1938781,11,58930836,chr11_58930836_A_C,0.31
11,58915110,rs1938781,11,58930926,chr11_58930926_C_T,0.911
11,58915110,rs1938781,11,58930932,chr11_58930932_A_G,0.91
11,58915110,rs1938781,11,58930981,chr11_58930981_C_T,0.908
11,58915110,rs1938781,11,58931281,chr11_58931281_G_T,0.903
11,58915110,rs1938781,11,58931391,chr11_58931391_A_G,0.857
11,58915110,rs1938781,11,58931672,chr11_58931672_G_T,0.866
11,58915110,rs1938781,11,58931729,chr11_58931729_A_G,0.818
11,58915110,rs1938781,11,58931763,chr11_58931763_C_G,0.865
11,58915110,rs1938781,11,58931832,rs55657403,0.867
11,58915110,rs1938781,11,58931840,rs55989038,0.857
11,58915110,rs1938781,11,58931944,chr11_58931944_C_G,0.864
11,58915110,rs1938781,11,58932077,rs10896938,0.884
11,58915110,rs1938781,11,58932389,rs11229861,0.785
11,58915110,rs1938781,11,58932750,rs479485,0.267
11,58915110,rs1938781,11,58932876,rs10896939,0.721
11,58915110,rs1938781,11,58932941,rs10896940,0.784
11,58915110,rs1938781,11,58933722,rs10128647,0.783
11,58915110,rs1938781,11,58933755,rs201882985,0.778
11,58915110,rs1938781,11,58933757,rs115453476,0.778
11,58915110,rs1938781,11,58933868,rs10128699,0.783
11,58915110,rs1938781,11,58933948,rs10128635,0.783
11,58915110,rs1938781,11,58933979,rs147453292,0.782
11,58915110,rs1938781,11,58934328,rs12291322,0.782
11,58915110,rs1938781,11,58934626,rs12286883,0.782
11,58915110,rs1938781,11,58934859,chr11_58934859_A_T,0.791
11,58915110,rs1938781,11,58935075,rs12798336,0.781
11,58915110,rs1938781,11,58935641,rs59858221,0.669
11,58915110,rs1938781,11,58935985,rs10792222,0.781
11,58915110,rs1938781,11,58936076,rs10792223,0.781
11,58915110,rs1938781,11,58936164,rs10792224,0.781
11,58915110,rs1938781,11,58936201,rs10792225,0.796
11,58915110,rs1938781,11,58936357,rs2730040,0.082
11,58915110,rs1938781,11,58936373,rs2845559,0.26
11,58915110,rs1938781,11,58936406,rs10792226,0.78
11,58915110,rs1938781,11,58936771,rs10896944,0.771
11,58915110,rs1938781,11,58937137,rs10896945,0.781
11,58915110,rs1938781,11,58937452,rs10896946,0.781
11,58915110,rs1938781,11,58937717,rs2839968,0.781
11,58915110,rs1938781,11,58938083,rs10896947,0.78
11,58915110,rs1938781,11,58938150,chr11_58938150_G_T,0.082
11,58915110,rs1938781,11,58938562,rs2154629,0.78
11,58915110,rs1938781,11,58939686,rs73476933,0.779
11,58915110,rs1938781,11,58939811,rs3110104,0.153
11,58915110,rs1938781,11,58940278,rs12796683,0.778
11,58915110,rs1938781,11,58940435,rs12799145,0.793
11,58915110,rs1938781,11,58941450,chr11_58941450_A_C,0.242
11,58915110,rs1938781,11,58942848,rs6591507,0.497
11,58915110,rs1938781,11,58943265,chr11_58943265_A_C,0.496
11,58915110,rs1938781,11,58943442,chr11_58943442_G_T,0.496
11,58915110,rs1938781,11,58943599,chr11_58943599_A_G,0.497
11,58915110,rs1938781,11,58943928,chr11_58943928_A_T,0.496
11,58915110,rs1938781,11,58944104,chr11_58944104_C_T,0.394
11,58915110,rs1938781,11,58948115,chr11_58948115_C_T,0.103
11,58915110,rs1938781,11,58951440,chr11_58951440_A_G,0.12
11,58915110,rs1938781,11,58953420,rs11607673,0.104
11,58915110,rs1938781,11,58962196,chr11_58962196_C_T,0.085
11,58915110,rs1938781,11,58965209,chr11_58965209_A_G,0.101
11,58915110,rs1938781,11,58967576,rs621162,0.235
11,58915110,rs1938781,11,58971039,rs58773590,0.235
11,58915110,rs1938781,11,58971777,rs10501377,0.051
11,58915110,rs1938781,11,58973731,rs1048444,0.155
11,58915110,rs1938781,11,58975831,rs35892137,0.174
11,58915110,rs1938781,11,58976711,rs3847,0.155
11,58915110,rs1938781,11,58977768,rs5029315,0.102
11,58915110,rs1938781,11,58978940,rs544864,0.232
11,58915110,rs1938781,11,58980549,rs6591509,0.102
11,58915110,rs1938781,11,58981586,rs2000875,0.153
11,58915110,rs1938781,11,58981867,rs34770994,0.1
11,58915110,rs1938781,11,58982071,rs7129035,0.173
11,58915110,rs1938781,11,58982694,chr11_58982694_A_G,0.173
11,58915110,rs1938781,11,58983401,rs1938594,0.23
11,58915110,rs1938781,11,58983705,rs11284160,0.154
11,58915110,rs1938781,11,58984030,rs7944319,0.102
11,58915110,rs1938781,11,58984717,rs1938593,0.173
11,58915110,rs1938781,11,58985376,rs141123316,0.14
11,58915110,rs1938781,11,58986670,rs2000478,0.102
11,58915110,rs1938781,11,58989046,rs17153461,0.174
11,58915110,rs1938781,11,58989328,rs7928981,0.102
11,58915110,rs1938781,11,58990454,chr11_58990454_A_T,0.229
11,58915110,rs1938781,11,58991263,rs7113936,0.102
11,58915110,rs1938781,11,58993226,rs11606140,0.101
11,58915110,rs1938781,11,58995479,rs7952377,0.102
11,58915110,rs1938781,11,58995669,rs6591510,0.174
11,58915110,rs1938781,11,58995885,rs7942710,0.102
11,58915110,rs1938781,11,58996396,rs4939263,0.151
11,58915110,rs1938781,11,58997505,rs5023474,0.17
11,58915110,rs1938781,11,58997523,rs5023475,0.17
11,58915110,rs1938781,11,58997684,rs7109866,0.17
11,58915110,rs1938781,11,58998295,chr11_58998295_G_T,0.1
11,58915110,rs1938781,11,59000546,rs4369428,0.101
11,58915110,rs1938781,11,59002143,rs4391838,0.101
11,58915110,rs1938781,11,59002335,rs61631324,0.101
11,58915110,rs1938781,11,59002570,rs35059071,0.101
11,58915110,rs1938781,11,59003722,rs4939264,0.17
11,58915110,rs1938781,11,59005239,rs139925737,0.17
11,58915110,rs1938781,11,59005363,rs142193071,0.101
11,58915110,rs1938781,11,59005746,rs149692254,0.101
11,58915110,rs1938781,11,59005888,rs75033422,0.051
11,58915110,rs1938781,11,59007210,rs7108162,0.151
11,58915110,rs1938781,11,59007535,rs4938911,0.101
11,58915110,rs1938781,11,59007685,rs4939266,0.151
11,58915110,rs1938781,11,59007720,rs4938912,0.151
11,58915110,rs1938781,11,59009002,rs11229885,0.101
11,58915110,rs1938781,11,59009166,rs34278617,0.101
11,58915110,rs1938781,11,59010656,rs34960719,0.151
11,58915110,rs1938781,11,59011030,rs35964258,0.151
11,58915110,rs1938781,11,59011895,rs34697089,0.101
11,58915110,rs1938781,11,59012642,rs10792228,0.151
11,58915110,rs1938781,11,59013206,rs7111287,0.151
11,58915110,rs1938781,11,59014108,rs6591515,0.151
11,58915110,rs1938781,11,59014658,rs7938115,0.155
11,58915110,rs1938781,11,59014749,rs7931234,0.152
11,58915110,rs1938781,11,59014875,rs144828696,0.225
11,58915110,rs1938781,11,59014969,rs11600401,0.103
11,58915110,rs1938781,11,59016591,rs10896953,0.15
11,58915110,rs1938781,11,59018010,rs6591517,0.15
11,58915110,rs1938781,11,59019114,rs7115130,0.225
11,58915110,rs1938781,11,59020391,rs10896955,0.245
11,58915110,rs1938781,11,59020395,rs11600294,0.161
11,58915110,rs1938781,11,59020987,rs7944135,0.101
11,58915110,rs1938781,11,59021113,rs4939267,0.15
11,58915110,rs1938781,11,59022865,rs4938915,0.17
11,58915110,rs1938781,11,59023025,rs61689139,0.169
11,58915110,rs1938781,11,59023074,chr11_59023074_A_C,0.099
11,58915110,rs1938781,11,59023568,rs141228439,0.099
11,58915110,rs1938781,11,59023984,rs10896956,0.151
11,58915110,rs1938781,11,59025022,rs12280107,0.17
11,58915110,rs1938781,11,59025429,rs1945593,0.17
11,58915110,rs1938781,11,59025435,rs1945592,0.151
11,58915110,rs1938781,11,59026901,rs11229895,0.225
11,58915110,rs1938781,11,59027039,chr11_59027039_A_T,0.17
11,58915110,rs1938781,11,59029485,rs11229898,0.17
11,58915110,rs1938781,11,59029526,rs11229899,0.17
11,58915110,rs1938781,11,59030285,rs3944255,0.1
11,58915110,rs1938781,11,59031170,rs7113607,0.15
11,58915110,rs1938781,11,59031289,chr11_59031289_A_G,0.149
11,58915110,rs1938781,11,59031806,rs4939269,0.085
11,58915110,rs1938781,11,59033164,rs7121247,0.15
11,58915110,rs1938781,11,59033612,rs12419479,0.101
11,58915110,rs1938781,11,59035035,chr11_59035035_C_G,0.083
11,58915110,rs1938781,11,59035272,rs11387349,0.159
11,58915110,rs1938781,11,59035459,rs7131079,0.099
11,58915110,rs1938781,11,59036693,rs10896958,0.151
11,58919922,rs533676902,11,58919922,rs533676902,1
