CHR_A,BP_A,SNP_A,CHR_B,BP_B,SNP_B,R2
19,41985587,rs11672691,19,41942273,chr19_41942273_C_T,0.051
19,41985587,rs11672691,19,41949474,rs10415806,0.069
19,41985587,rs11672691,19,41949870,chr19_41949870_A_G,0.097
19,41985587,rs11672691,19,41951575,chr19_41951575_G_T,0.098
19,41985587,rs11672691,19,41951586,chr19_41951586_C_T,0.098
19,41985587,rs11672691,19,41952052,rs7259458,0.13
19,41985587,rs11672691,19,41953928,rs2316973,0.131
19,41985587,rs11672691,19,41955074,rs35917905,0.11
19,41985587,rs11672691,19,41956828,rs10407688,0.131
19,41985587,rs11672691,19,41960711,chr19_41960711_C_T,0.113
19,41985587,rs11672691,19,41963613,rs10414933,0.132
19,41985587,rs11672691,19,41963749,chr19_41963749_C_T,0.113
19,41985587,rs11672691,19,41964705,chr19_41964705_A_G,0.113
19,41985587,rs11672691,19,41964977,rs10402268,0.132
19,41985587,rs11672691,19,41973660,rs58969690,0.267
19,41985587,rs11672691,19,41974301,rs112091118,0.263
19,41985587,rs11672691,19,41974643,rs8102586,0.136
19,41985587,rs11672691,19,41975548,rs8106554,0.301
19,41985587,rs11672691,19,41975688,rs10853752,0.481
19,41985587,rs11672691,19,41975689,rs10853753,0.479
19,41985587,rs11672691,19,41976039,rs10419737,0.136
19,41985587,rs11672691,19,41976368,rs2109233,0.136
19,41985587,rs11672691,19,41976754,chr19_41976754_C_G,0.488
19,41985587,rs11672691,19,41977292,rs72480754,0.345
19,41985587,rs11672691,19,41977449,rs79262657,0.345
19,41985587,rs11672691,19,41977654,rs4803472,0.488
19,41985587,rs11672691,19,41978366,rs10407360,0.309
19,41985587,rs11672691,19,41978446,rs10409361,0.136
19,41985587,rs11672691,19,41978596,rs7249489,0.346
19,41985587,rs11672691,19,41979360,rs58040218,0.346
19,41985587,rs11672691,19,41979483,rs7253614,0.074
19,41985587,rs11672691,19,41980415,rs2098106,0.137
19,41985587,rs11672691,19,41980606,rs2079809,0.323
19,41985587,rs11672691,19,41980622,rs2079810,0.346
19,41985587,rs11672691,19,41981022,rs4803473,0.491
19,41985587,rs11672691,19,41981195,rs7247630,0.136
19,41985587,rs11672691,19,41981560,rs11083622,0.136
19,41985587,rs11672691,19,41981664,rs11083623,0.136
19,41985587,rs11672691,19,41981729,rs11083624,0.136
19,41985587,rs11672691,19,41983107,rs7248484,0.489
19,41985587,rs11672691,19,41983822,rs2005832,0.49
19,41985587,rs11672691,19,41983952,rs144358554,0.347
19,41985587,rs11672691,19,41984128,chr19_41984128_C_T,0.345
19,41985587,rs11672691,19,41985587,rs11672691,1
19,41985587,rs11672691,19,41985624,chr19_41985624_C_T,0.845
19,41985587,rs11672691,19,41985802,rs887392,0.667
19,41985587,rs11672691,19,41985931,rs11673591,0.985
19,41985587,rs11672691,19,41986217,rs2079811,0.985
19,41985587,rs11672691,19,41986536,rs2316974,0.983
19,41985587,rs11672691,19,41986899,chr19_41986899_C_T,0.106
19,41985587,rs11672691,19,41987019,rs10408516,0.108
19,41985587,rs11672691,19,41987448,chr19_41987448_A_G,0.771
19,41985587,rs11672691,19,41987873,chr19_41987873_A_G,0.552
19,41985587,rs11672691,19,41989576,rs6508981,0.569
19,41985587,rs11672691,19,41989711,rs8112363,0.793
19,41985587,rs11672691,19,41989866,rs118014257,0.116
19,41985587,rs11672691,19,41990045,rs61005330,0.121
19,41985587,rs11672691,19,41990325,rs4802119,0.568
19,41985587,rs11672691,19,41991524,chr19_41991524_C_T,0.563
19,41985587,rs11672691,19,41996923,rs113318216,0.118
19,41985587,rs11672691,19,41999120,rs7248215,0.787
19,41985587,rs11672691,19,42001210,rs2191139,0.784
19,41985587,rs11672691,19,42003630,rs1005643,0.477
19,41985587,rs11672691,19,42005425,rs117021063,0.112
19,41985587,rs11672691,19,42005493,rs8105519,0.661
19,41985587,rs11672691,19,42006301,rs112740915,0.116
19,41985587,rs11672691,19,42006939,rs117699420,0.11
19,41985587,rs11672691,19,42007228,rs150071903,0.115
19,41985587,rs11672691,19,42007875,rs7249258,0.522
19,41985587,rs11672691,19,42008023,rs7249512,0.143
19,41985587,rs11672691,19,42008164,rs146064608,0.11
19,41985587,rs11672691,19,42008477,rs10407939,0.529
19,41985587,rs11672691,19,42009134,rs10414129,0.342
19,41985587,rs11672691,19,42009673,chr19_42009673_A_G,0.525
19,41985587,rs11672691,19,42009894,rs73558659,0.113
19,41985587,rs11672691,19,42009969,rs73558664,0.113
19,41985587,rs11672691,19,42010085,rs79199979,0.111
19,41985587,rs11672691,19,42010900,rs7246192,0.111
19,41985587,rs11672691,19,42012636,rs10424864,0.112
19,41985587,rs11672691,19,42012654,rs10424379,0.112
19,41985587,rs11672691,19,42012938,rs10404588,0.112
19,41985587,rs11672691,19,42012945,rs200728182,0.112
19,41985587,rs11672691,19,42013219,rs7248492,0.322
19,41985587,rs11672691,19,42013812,rs11881871,0.112
19,41985587,rs11672691,19,42013843,rs11881873,0.112
19,41985587,rs11672691,19,42013850,rs140544123,0.108
19,41985587,rs11672691,19,42014057,rs10411731,0.505
19,41985587,rs11672691,19,42014269,rs10413940,0.112
19,41985587,rs11672691,19,42014777,rs141374782,0.108
19,41985587,rs11672691,19,42015417,rs11882747,0.112
19,41985587,rs11672691,19,42015468,rs11882750,0.112
19,41985587,rs11672691,19,42015530,rs12978846,0.265
19,41985587,rs11672691,19,42016443,rs118171844,0.104
19,41985587,rs11672691,19,42016880,rs8103195,0.128
19,41985587,rs11672691,19,42019187,chr19_42019187_A_G,0.24
19,41985587,rs11672691,19,42019689,rs10424020,0.112
19,41985587,rs11672691,19,42020112,chr19_42020112_C_T,0.24
19,41985587,rs11672691,19,42020151,rs60408420,0.11
19,41985587,rs11672691,19,42020337,rs117869547,0.108
19,41985587,rs11672691,19,42020663,rs12976451,0.129
19,41985587,rs11672691,19,42020942,rs10412700,0.468
19,41985587,rs11672691,19,42021008,rs71181116,0.468
19,41985587,rs11672691,19,42022245,rs10406545,0.301
19,41985587,rs11672691,19,42022289,rs10406371,0.118
19,41985587,rs11672691,19,42022444,rs10406988,0.466
19,41985587,rs11672691,19,42023022,rs55982976,0.109
19,41985587,rs11672691,19,42024602,rs75207258,0.11
19,41985587,rs11672691,19,42025036,rs60857784,0.11
19,41985587,rs11672691,19,42025212,rs10402466,0.113
19,41985587,rs11672691,19,42025353,rs57626613,0.296
19,41985587,rs11672691,19,42025413,rs11669873,0.466
19,41985587,rs11672691,19,42025482,rs73933640,0.11
19,41985587,rs11672691,19,42025724,rs2317312,0.119
19,41985587,rs11672691,19,42026386,rs10410081,0.466
19,41985587,rs11672691,19,42026483,rs60577276,0.11
19,41985587,rs11672691,19,42026607,rs10410890,0.112
19,41985587,rs11672691,19,42027169,rs10417174,0.46
19,41985587,rs11672691,19,42027500,chr19_42027500_A_G,0.463
19,41985587,rs11672691,19,42027514,chr19_42027514_A_T,0.463
19,41985587,rs11672691,19,42028642,rs113455685,0.111
19,41985587,rs11672691,19,42028694,rs186596024,0.107
19,41985587,rs11672691,19,42029845,rs118116774,0.107
19,41985587,rs11672691,19,42029894,rs139716638,0.107
19,41985587,rs11672691,19,42030273,rs117386466,0.106
19,41985587,rs11672691,19,42030281,rs117725483,0.107
19,41985587,rs11672691,19,42031348,rs8111181,0.127
19,41985587,rs11672691,19,42031445,rs56229322,0.127
19,41985587,rs11672691,19,42031592,rs11668699,0.419
19,41985587,rs11672691,19,42032184,rs117906293,0.107
19,41985587,rs11672691,19,42032270,rs140928453,0.108
19,41985587,rs11672691,19,42032339,rs117650637,0.107
19,41985587,rs11672691,19,42032497,rs117688675,0.107
19,41985587,rs11672691,19,42032916,rs57590464,0.127
19,41985587,rs11672691,19,42033304,rs7252624,0.423
19,41985587,rs11672691,19,42033539,rs141156752,0.127
19,41985587,rs11672691,19,42033703,chr19_42033703_A_G,0.256
19,41985587,rs11672691,19,42033850,rs8109034,0.236
19,41985587,rs11672691,19,42033890,rs12609438,0.422
19,41985587,rs11672691,19,42033957,rs118115366,0.107
19,41985587,rs11672691,19,42034033,rs62119375,0.126
19,41985587,rs11672691,19,42034810,chr19_42034810_A_G,0.106
19,41985587,rs11672691,19,42035174,rs8113621,0.258
19,41985587,rs11672691,19,42035481,rs73933643,0.126
19,41985587,rs11672691,19,42035716,chr19_42035716_A_G,0.422
19,41985587,rs11672691,19,42036235,chr19_42036235_A_G,0.077
19,41985587,rs11672691,19,42036509,rs62119412,0.126
19,41985587,rs11672691,19,42037969,chr19_42037969_A_G,0.42
19,41985587,rs11672691,19,42038433,chr19_42038433_A_C,0.125
19,41985587,rs11672691,19,42038469,rs62119414,0.126
19,41985587,rs11672691,19,42039525,rs35239728,0.388
19,41985587,rs11672691,19,42039797,rs140603363,0.106
19,41985587,rs11672691,19,42040581,rs200555000,0.106
19,41985587,rs11672691,19,42042330,rs145409348,0.109
19,41985587,rs11672691,19,42042331,rs2286754,0.376
19,41985587,rs11672691,19,42042771,rs7252861,0.109
19,41985587,rs11672691,19,42042947,rs7257282,0.228
19,41985587,rs11672691,19,42043314,rs73560826,0.109
19,41985587,rs11672691,19,42044115,rs55712173,0.109
19,41985587,rs11672691,19,42044960,rs73560834,0.109
19,41985587,rs11672691,19,42045484,rs73560835,0.108
19,41985587,rs11672691,19,42046986,chr19_42046986_C_T,0.355
19,41985587,rs11672691,19,42047006,chr19_42047006_A_G,0.355
19,41985587,rs11672691,19,42047480,chr19_42047480_C_T,0.356
19,41985587,rs11672691,19,42047591,rs4802120,0.357
19,41985587,rs11672691,19,42047924,chr19_42047924_G_T,0.356
19,41985587,rs11672691,19,42048607,chr19_42048608_INDEL_T,0.195
19,41985587,rs11672691,19,42049389,rs11392110,0.11
19,41985587,rs11672691,19,42049821,chr19_42049821_A_G,0.215
19,41985587,rs11672691,19,42051115,rs58173572,0.108
19,41985587,rs11672691,19,42051231,rs138176090,0.105
19,41985587,rs11672691,19,42051884,rs201340124,0.105
19,41985587,rs11672691,19,42052007,chr19_42052007_A_G,0.107
19,41985587,rs11672691,19,42052927,chr19_42052927_C_G,0.055
19,41985587,rs11672691,19,42053600,rs36035948,0.091
19,41985587,rs11672691,19,42053676,rs73560851,0.108
19,41985587,rs11672691,19,42055867,chr19_42055867_A_G,0.096
19,41985587,rs11672691,19,42056243,rs189580799,0.099
19,41985587,rs11672691,19,42057604,rs4803479,0.28
19,41985587,rs11672691,19,42057834,chr19_42057834_A_G,0.097
19,41985587,rs11672691,19,42057906,rs10153482,0.102
19,41985587,rs11672691,19,42058025,chr19_42058025_A_G,0.19
19,41985587,rs11672691,19,42058814,rs117425586,0.098
19,41985587,rs11672691,19,42059389,rs10421574,0.097
19,41985587,rs11672691,19,42059674,rs7257565,0.262
19,41985587,rs11672691,19,42059720,rs34631471,0.097
19,41985587,rs11672691,19,42060315,rs138344212,0.096
19,41985587,rs11672691,19,42060612,rs117777658,0.098
19,41985587,rs11672691,19,42062034,rs117166918,0.098
19,41985587,rs11672691,19,42062986,rs117885150,0.097
19,41985587,rs11672691,19,42063981,rs7255679,0.112
19,41985587,rs11672691,19,42064462,chr19_42064462_A_T,0.292
19,41985587,rs11672691,19,42066279,rs4803480,0.111
19,41985587,rs11672691,19,42066556,chr19_42066556_A_G,0.293
19,41985587,rs11672691,19,42068648,rs11673075,0.293
19,41985587,rs11672691,19,42069171,rs10405039,0.292
19,41985587,rs11672691,19,42069900,rs11083627,0.291
19,41985587,rs11672691,19,42070360,chr19_42070360_C_T,0.292
19,41985587,rs11672691,19,42070528,chr19_42070528_C_G,0.291
19,41985587,rs11672691,19,42071167,chr19_42071167_A_C,0.065
19,41985587,rs11672691,19,42071289,rs3745937,0.11
19,41985587,rs11672691,19,42071917,rs67586670,0.29
19,41985587,rs11672691,19,42072289,chr19_42072289_A_G,0.29
19,41985587,rs11672691,19,42072353,rs28433747,0.065
19,41985587,rs11672691,19,42072602,chr19_42072602_A_G,0.109
19,41985587,rs11672691,19,42073031,rs28709791,0.065
19,41985587,rs11672691,19,42073433,chr19_42073433_A_G,0.106
19,41985587,rs11672691,19,42075436,rs17710743,0.19
19,41985587,rs11672691,19,42075772,rs10409976,0.064
19,41985587,rs11672691,19,42077072,chr19_42077072_C_T,0.293
19,41985587,rs11672691,19,42077599,rs140838345,0.208
19,41985587,rs11672691,19,42077832,chr19_42077832_A_G,0.289
19,41985587,rs11672691,19,42077991,rs9304595,0.112
19,41985587,rs11672691,19,42078603,chr19_42078603_A_G,0.288
19,41985587,rs11672691,19,42079439,rs149580723,0.096
19,41985587,rs11672691,19,42080923,chr19_42080923_C_T,0.288
19,41985587,rs11672691,19,42081453,rs34007391,0.064
19,41985587,rs11672691,19,42081477,rs117061275,0.096
19,41985587,rs11672691,19,42081529,rs57483700,0.064
19,41985587,rs11672691,19,42081907,chr19_42081907_C_T,0.125
19,41985587,rs11672691,19,42083152,rs117416787,0.096
19,41985587,rs11672691,19,42083673,chr19_42083673_C_T,0.063
19,41985587,rs11672691,19,42083849,rs714106,0.288
19,41985587,rs11672691,19,42084182,chr19_42084182_C_G,0.205
19,41985587,rs11672691,19,42084277,rs1476769,0.11
19,41985587,rs11672691,19,42084385,rs1476770,0.11
19,41985587,rs11672691,19,42084586,rs740591,0.063
19,41985587,rs11672691,19,42084655,rs34093847,0.125
19,41985587,rs11672691,19,42084795,chr19_42084795_G_T,0.288
19,41985587,rs11672691,19,42085106,rs758349,0.111
19,41985587,rs11672691,19,42085873,chr19_42085873_A_G,0.267
19,41985587,rs11672691,19,42086034,19:42086034:G:A,0.096
19,41985587,rs11672691,19,42086035,rs201842740,0.096
19,41985587,rs11672691,19,42086239,chr19_42086239_C_T,0.28
19,41985587,rs11672691,19,42086319,rs117294282,0.096
19,41985587,rs11672691,19,42086665,rs2058149,0.109
19,41985587,rs11672691,19,42088136,rs4578777,0.205
19,41985587,rs11672691,19,42088883,rs115449590,0.202
19,41985587,rs11672691,19,42092815,rs3745936,0.158
19,41985587,rs11672691,19,42093112,rs2005606,0.283
19,41985587,rs11672691,19,42094099,rs74342931,0.096
19,41985587,rs11672691,19,42094734,chr19_42094734_A_G,0.261
19,41985587,rs11672691,19,42096416,chr19_42096416_C_T,0.337
19,41985587,rs11672691,19,42096571,rs28654585,0.088
19,41985587,rs11672691,19,42098579,rs11083630,0.201
19,41985587,rs11672691,19,42098612,rs142389681,0.086
19,41985587,rs11672691,19,42098698,rs118023412,0.086
19,41985587,rs11672691,19,42098967,rs11083631,0.197
19,41985587,rs11672691,19,42099113,rs12459151,0.204
19,41985587,rs11672691,19,42099278,rs28438920,0.087
19,41985587,rs11672691,19,42100327,rs4803483,0.196
19,41985587,rs11672691,19,42100825,rs11083632,0.086
19,41985587,rs11672691,19,42101106,rs10417829,0.087
19,41985587,rs11672691,19,42103058,rs140339884,0.085
19,41985587,rs11672691,19,42103501,chr19_42103501_G_T,0.183
19,41985587,rs11672691,19,42103552,chr19_42103552_A_G,0.214
19,41985587,rs11672691,19,42103718,chr19_42103718_C_T,0.276
19,41985587,rs11672691,19,42103852,rs117553431,0.078
19,41985587,rs11672691,19,42104057,rs4803484,0.184
19,41985587,rs11672691,19,42104609,rs4802124,0.253
19,41985587,rs11672691,19,42105482,rs3848566,0.249
19,41985587,rs11672691,19,42106877,rs4405658,0.245
19,41985587,rs11672691,19,42107207,rs1029804,0.244
19,41985587,rs11672691,19,42107416,19:42107416:C:T,0.073
19,41985587,rs11672691,19,42107792,rs6508984,0.054
19,41985587,rs11672691,19,42109575,rs11671442,0.244
19,41985587,rs11672691,19,42109998,rs116877221,0.075
19,41985587,rs11672691,19,42110221,rs8109613,0.186
19,41985587,rs11672691,19,42111226,rs3843747,0.186
19,41985587,rs11672691,19,42112556,chr19_42112556_C_G,0.18
19,41985587,rs11672691,19,42112835,rs117837820,0.075
19,41985587,rs11672691,19,42113429,rs138827694,0.075
19,41985587,rs11672691,19,42113529,chr19_42113529_A_G,0.179
19,41985587,rs11672691,19,42113968,rs117154961,0.075
19,41985587,rs11672691,19,42114936,rs3859459,0.076
19,41985587,rs11672691,19,42115924,rs12463151,0.09
19,41985587,rs11672691,19,42116126,rs4090570,0.072
19,41985587,rs11672691,19,42116175,rs3909377,0.072
19,41985587,rs11672691,19,42117071,chr19_42117071_C_T,0.09
19,41985587,rs11672691,19,42117225,rs3909375,0.09
19,41985587,rs11672691,19,42117603,rs6508986,0.089
19,41985587,rs11672691,19,42118264,rs10622589,0.089
19,41985587,rs11672691,19,42119592,rs117096394,0.075
19,41985587,rs11672691,19,42119714,rs4803487,0.082
19,41985587,rs11672691,19,42120283,rs2215324,0.09
19,41985587,rs11672691,19,42120778,chr19_42120778_A_G,0.085
19,41985587,rs11672691,19,42123274,rs12984811,0.09
19,41985587,rs11672691,19,42123517,rs12983687,0.09
19,41985587,rs11672691,19,42123561,chr19_42123561_C_T,0.089
19,41985587,rs11672691,19,42126089,rs3745932,0.08
19,41985587,rs11672691,19,42126293,rs142802831,0.074
19,41985587,rs11672691,19,42126339,rs9304596,0.07
19,41985587,rs11672691,19,42126833,rs117009446,0.074
19,41985587,rs11672691,19,42126891,rs3745931,0.079
19,41985587,rs11672691,19,42127193,rs28617711,0.079
19,41985587,rs11672691,19,42127488,rs3890967,0.079
19,41985587,rs11672691,19,42127536,rs73562930,0.075
19,41985587,rs11672691,19,42127576,rs3848567,0.079
19,41985587,rs11672691,19,42127755,chr19_42127755_C_T,0.077
19,41985587,rs11672691,19,42127848,chr19_42127848_A_G,0.072
19,41985587,rs11672691,19,42127973,rs2019254,0.079
19,41985587,rs11672691,19,42127978,rs2019253,0.079
19,41985587,rs11672691,19,42128202,chr19_42128202_A_G,0.087
19,41985587,rs11672691,19,42128859,rs12972738,0.088
19,41985587,rs11672691,19,42129166,rs117746288,0.075
19,41985587,rs11672691,19,42172442,chr19_42172442_G_T,0.124
19,41985587,rs11672691,19,42201331,rs1005340,0.054
