SNP,rsid,BP,PP_best_tag,PP_tag_r2,PostProb,BF,JAM99
rs72828935,chr10_126587488_C_G,126587488,NA,NA,NA,NA,0
rs17636031,chr10_126594078_C_T,126594078,NA,NA,NA,NA,0
rs67609008,chr10_126640936_C_T,126640936,NA,NA,NA,NA,0
rs11245446,chr10_126650696_A_G,126650696,chr10_126650696_A_G,NA,1,Inf,1
rs11245450,chr10_126658075_A_G,126658075,NA,NA,NA,NA,0
rs11245453,chr10_126683766_A_G,126683766,NA,NA,NA,NA,0
rs11245454,chr10_126683802_A_G,126683802,NA,NA,NA,NA,0
rs11245455,chr10_126683857_C_T,126683857,NA,NA,NA,NA,0
rs4962720,chr10_126696840_G_T,126696840,NA,NA,NA,NA,0
rs4962418,chr10_126697086_A_G,126697086,NA,NA,NA,NA,0
rs4962419,chr10_126697114_A_G,126697114,NA,NA,NA,NA,0
rs7077275,chr10_126697210_C_T,126697210,NA,NA,NA,NA,0
rs3012065,chr10_126737579_C_T,126737579,NA,NA,NA,NA,0
rs3012066,chr10_126737997_A_C,126737997,NA,NA,NA,NA,0
rs11245458,rs11245458:126685344:C:T,126685344,NA,NA,NA,NA,0
rs397764955,rs11371876:126693030:G:GC,126693030,NA,NA,NA,NA,0
rs11598549,rs11598549:126689249:G:A,126689249,NA,NA,NA,NA,0
rs12769019,rs12769019:126697327:A:G,126697327,NA,NA,NA,NA,0
rs12769682,rs12769682:126697494:G:C,126697494,NA,NA,NA,NA,0
rs12771627,rs12771627:126691180:G:A,126691180,NA,NA,NA,NA,0
rs12782469,rs12782469:126688200:C:T,126688200,NA,NA,NA,NA,0
rs535374548,rs34217401:126737687:CACA:C,126737687,NA,NA,NA,NA,0
rs35186116,rs35186116:126582160:A:G,126582160,NA,NA,NA,NA,0
rs4962416,rs4962416,126696872,NA,NA,NA,NA,0
rs75066758,rs75066758:126677239:GAAGAA:G,126677239,NA,NA,NA,NA,0
