CHR_A,BP_A,SNP_A,CHR_B,BP_B,SNP_B,R2
10,51549496,rs10993994,10,51462599,rs200470358,0.523
10,51549496,rs10993994,10,51462703,rs28576473,0.547
10,51549496,rs10993994,10,51464656,rs202010272,0.527
10,51549496,rs10993994,10,51467783,rs143337894,0.485
10,51549496,rs10993994,10,51468284,rs142752112,0.493
10,51549496,rs10993994,10,51470151,rs376507647,0.564
10,51549496,rs10993994,10,51475313,rs137986392,0.506
10,51549496,rs10993994,10,51475684,rs199674981,0.518
10,51549496,rs10993994,10,51477149,rs11002357,0.594
10,51549496,rs10993994,10,51477471,rs11002501,0.593
10,51549496,rs10993994,10,51477663,rs11002583,0.593
10,51549496,rs10993994,10,51480647,rs114151169,0.58
10,51549496,rs10993994,10,51480648,rs188110706,0.583
10,51549496,rs10993994,10,51482312,rs201381596,0.512
10,51549496,rs10993994,10,51483510,rs200581019,0.519
10,51549496,rs10993994,10,51485001,rs202215079,0.619
10,51549496,rs10993994,10,51486999,rs201553402,0.626
10,51549496,rs10993994,10,51489224,rs35716372,0.635
10,51549496,rs10993994,10,51489257,rs11595194,0.513
10,51549496,rs10993994,10,51489393,rs2611491,0.63
10,51549496,rs10993994,10,51489577,rs143567661,0.528
10,51549496,rs10993994,10,51489667,rs12783102,0.523
10,51549496,rs10993994,10,51489780,rs28451380,0.633
10,51549496,rs10993994,10,51489887,chr10_51489887_A_T,0.1
10,51549496,rs10993994,10,51491125,rs4935090,0.523
10,51549496,rs10993994,10,51491280,rs377649173,0.524
10,51549496,rs10993994,10,51491589,rs12781411,0.632
10,51549496,rs10993994,10,51491927,rs10825187,0.522
10,51549496,rs10993994,10,51492131,rs2926493,0.526
10,51549496,rs10993994,10,51492713,rs4278470,0.525
10,51549496,rs10993994,10,51492786,rs35436610,0.576
10,51549496,rs10993994,10,51493566,rs11591637,0.522
10,51549496,rs10993994,10,51495110,rs11004221,0.522
10,51549496,rs10993994,10,51495349,rs11004246,0.632
10,51549496,rs10993994,10,51495683,rs79784258,0.525
10,51549496,rs10993994,10,51496623,rs11004324,0.637
10,51549496,rs10993994,10,51496796,rs2843562,0.526
10,51549496,rs10993994,10,51497155,rs34135040,0.633
10,51549496,rs10993994,10,51498019,rs11004409,0.627
10,51549496,rs10993994,10,51498181,rs11004415,0.627
10,51549496,rs10993994,10,51498336,rs11004422,0.627
10,51549496,rs10993994,10,51498493,rs11004435,0.627
10,51549496,rs10993994,10,51499655,rs11599333,0.627
10,51549496,rs10993994,10,51500088,rs11004584,0.631
10,51549496,rs10993994,10,51500301,rs2611502,0.631
10,51549496,rs10993994,10,51500874,chr10_51500874_C_G,0.623
10,51549496,rs10993994,10,51501276,rs66746805,0.632
10,51549496,rs10993994,10,51501304,rs67289834,0.73
10,51549496,rs10993994,10,51501963,rs138061577,0.73
10,51549496,rs10993994,10,51502436,rs56244335,0.633
10,51549496,rs10993994,10,51502552,rs55848837,0.632
10,51549496,rs10993994,10,51502574,rs57858801,0.628
10,51549496,rs10993994,10,51502612,rs57442251,0.73
10,51549496,rs10993994,10,51502802,rs113082846,0.633
10,51549496,rs10993994,10,51503178,rs2611475,0.632
10,51549496,rs10993994,10,51503335,rs7071471,0.73
10,51549496,rs10993994,10,51503375,chr10_51503375_A_T,0.626
10,51549496,rs10993994,10,51503559,rs2611471,0.633
10,51549496,rs10993994,10,51503977,rs12412140,0.628
10,51549496,rs10993994,10,51504385,rs4935573,0.628
10,51549496,rs10993994,10,51504493,rs745180,0.629
10,51549496,rs10993994,10,51504604,rs2337711,0.731
10,51549496,rs10993994,10,51504797,rs2012677,0.633
10,51549496,rs10993994,10,51504938,rs10763193,0.629
10,51549496,rs10993994,10,51505000,rs34974181,0.73
10,51549496,rs10993994,10,51505403,rs898343,0.629
10,51549496,rs10993994,10,51506284,rs4448631,0.629
10,51549496,rs10993994,10,51506957,rs2125771,0.633
10,51549496,rs10993994,10,51509258,rs10825587,0.732
10,51549496,rs10993994,10,51509408,rs10763256,0.733
10,51549496,rs10993994,10,51510203,rs61847060,0.733
10,51549496,rs10993994,10,51510300,rs34115425,0.702
10,51549496,rs10993994,10,51510482,rs11005075,0.633
10,51549496,rs10993994,10,51510761,chr10_51510761_A_G,0.731
10,51549496,rs10993994,10,51510813,chr10_51510813_A_C,0.731
10,51549496,rs10993994,10,51512129,chr10_51512129_C_G,0.63
10,51549496,rs10993994,10,51512393,rs66462216,0.61
10,51549496,rs10993994,10,51512393,rs66462216,0.746
10,51549496,rs10993994,10,51513871,rs2262569,0.631
10,51549496,rs10993994,10,51514824,chr10_51514824_A_G,0.63
10,51549496,rs10993994,10,51515457,chr10_51515457_A_G,0.734
10,51549496,rs10993994,10,51515534,rs2611512,0.633
10,51549496,rs10993994,10,51516252,rs2611509,0.721
10,51549496,rs10993994,10,51516299,rs2843556,0.721
10,51549496,rs10993994,10,51517356,rs2926494,0.735
10,51549496,rs10993994,10,51518047,rs2611508,0.735
10,51549496,rs10993994,10,51518083,rs35094615,0.738
10,51549496,rs10993994,10,51518673,rs2611507,0.725
10,51549496,rs10993994,10,51518688,rs2843546,0.727
10,51549496,rs10993994,10,51518787,rs2611506,0.726
10,51549496,rs10993994,10,51518906,rs2611505,0.727
10,51549496,rs10993994,10,51518910,rs2611504,0.727
10,51549496,rs10993994,10,51519154,rs57263518,0.726
10,51549496,rs10993994,10,51519358,rs2843547,0.744
10,51549496,rs10993994,10,51519516,rs2611486,0.727
10,51549496,rs10993994,10,51520177,rs3032323,0.743
10,51549496,rs10993994,10,51520203,rs3101227,0.745
10,51549496,rs10993994,10,51520488,10:51520488:T:TAA,0.723
10,51549496,rs10993994,10,51521247,chr10_51521247_A_C,0.745
10,51549496,rs10993994,10,51521452,chr10_51521452_C_T,0.745
10,51549496,rs10993994,10,51521684,chr10_51521684_G_T,0.726
10,51549496,rs10993994,10,51521945,rs2843551,0.746
10,51549496,rs10993994,10,51522120,rs7088225,0.746
10,51549496,rs10993994,10,51522276,rs7077830,0.745
10,51549496,rs10993994,10,51523213,chr10_51523213_A_T,0.726
10,51549496,rs10993994,10,51523861,rs2843554,0.746
10,51549496,rs10993994,10,51524274,rs2843555,0.727
10,51549496,rs10993994,10,51524889,chr10_51524889_A_G,0.746
10,51549496,rs10993994,10,51524971,rs3123078,0.746
10,51549496,rs10993994,10,51525699,chr10_51525699_C_G,0.746
10,51549496,rs10993994,10,51526093,rs7081532,0.747
10,51549496,rs10993994,10,51527370,chr10_51527370_C_G,0.266
10,51549496,rs10993994,10,51528656,rs7915602,0.747
10,51549496,rs10993994,10,51529379,rs7896156,0.726
10,51549496,rs10993994,10,51529593,rs7896437,0.747
10,51549496,rs10993994,10,51529746,chr10_51529746_A_G,0.724
10,51549496,rs10993994,10,51530146,rs4554834,0.725
10,51549496,rs10993994,10,51530505,chr10_51530505_A_G,0.724
10,51549496,rs10993994,10,51530757,chr10_51530757_A_G,0.728
10,51549496,rs10993994,10,51531805,rs4486572,0.749
10,51549496,rs10993994,10,51532367,rs4581397,0.746
10,51549496,rs10993994,10,51532528,rs4630240,0.444
10,51549496,rs10993994,10,51532621,rs7920517,0.723
10,51549496,rs10993994,10,51532751,chr10_51532751_A_G,0.725
10,51549496,rs10993994,10,51533376,chr10_51533376_C_T,0.726
10,51549496,rs10993994,10,51534920,rs10763534,0.727
10,51549496,rs10993994,10,51535801,rs10763536,0.746
10,51549496,rs10993994,10,51535857,rs10763538,0.747
10,51549496,rs10993994,10,51535931,rs10763539,0.726
10,51549496,rs10993994,10,51535992,rs10826181,0.727
10,51549496,rs10993994,10,51536399,rs10763546,0.727
10,51549496,rs10993994,10,51536884,rs11006162,0.243
10,51549496,rs10993994,10,51537292,chr10_51537292_G_T,0.727
10,51549496,rs10993994,10,51537431,rs7914347,0.727
10,51549496,rs10993994,10,51537475,rs7911198,0.749
10,51549496,rs10993994,10,51537653,rs4463804,0.726
10,51549496,rs10993994,10,51538169,chr10_51538169_A_C,0.744
10,51549496,rs10993994,10,51538176,chr10_51538176_C_T,0.726
10,51549496,rs10993994,10,51538813,chr10_51538813_A_T,0.724
10,51549496,rs10993994,10,51538915,rs11006223,0.726
10,51549496,rs10993994,10,51539006,rs57194127,0.489
10,51549496,rs10993994,10,51539156,rs11593361,0.724
10,51549496,rs10993994,10,51539256,rs10826227,0.725
10,51549496,rs10993994,10,51539259,rs78865546,0.726
10,51549496,rs10993994,10,51539271,rs28416634,0.726
10,51549496,rs10993994,10,51539745,chr10_51539746_C_INDEL,0.727
10,51549496,rs10993994,10,51539762,chr10_51539762_G_T,0.727
10,51549496,rs10993994,10,51540291,rs11006274,0.747
10,51549496,rs10993994,10,51540613,rs12569640,0.107
10,51549496,rs10993994,10,51540860,rs4315013,0.727
10,51549496,rs10993994,10,51540867,rs4630243,0.727
10,51549496,rs10993994,10,51540906,rs4512771,0.746
10,51549496,rs10993994,10,51542444,chr10_51542444_A_G,0.647
10,51549496,rs10993994,10,51543070,chr10_51543070_G_T,0.647
10,51549496,rs10993994,10,51543344,rs4631830,0.668
10,51549496,rs10993994,10,51544143,rs7075009,0.73
10,51549496,rs10993994,10,51544475,chr10_51544475_C_T,0.732
10,51549496,rs10993994,10,51544587,chr10_51544587_A_G,0.669
10,51549496,rs10993994,10,51544680,chr10_51544681_AAAT_INDEL,0.732
10,51549496,rs10993994,10,51544692,rs7477953,0.736
10,51549496,rs10993994,10,51545028,rs6481462,0.672
10,51549496,rs10993994,10,51545813,rs11006462,0.736
10,51549496,rs10993994,10,51546336,rs11006489,0.675
10,51549496,rs10993994,10,51547002,rs34073986,0.68
10,51549496,rs10993994,10,51547371,rs7075697,0.682
10,51549496,rs10993994,10,51548455,chr10_51548455_C_T,0.112
10,51549496,rs10993994,10,51549314,chr10_51549314_C_T,0.373
10,51549496,rs10993994,10,51549496,rs10993994,1
10,51549496,rs10993994,10,51551173,chr10_51551173_C_T,0.065
10,51549496,rs10993994,10,51558125,rs7076948,0.081
10,51549496,rs10993994,10,51594462,rs7350420,0.052
