CHR_A,BP_A,SNP_A,CHR_B,BP_B,SNP_B,R2
22,19749525,rs1978060,22,19733811,chr22_19733811_A_G,0.074
22,19749525,rs1978060,22,19735162,rs747226,0.123
22,19749525,rs1978060,22,19735854,rs6518580,0.122
22,19749525,rs1978060,22,19735859,rs6518581,0.123
22,19749525,rs1978060,22,19736003,chr22_19736003_C_T,0.123
22,19749525,rs1978060,22,19737621,rs5993820,0.141
22,19749525,rs1978060,22,19738355,chr22_19738355_C_T,0.342
22,19749525,rs1978060,22,19738645,rs8138086,0.148
22,19749525,rs1978060,22,19743424,chr22_19743424_C_T,0.49
22,19749525,rs1978060,22,19744840,chr22_19744840_C_G,0.226
22,19749525,rs1978060,22,19746903,rs737867,0.243
22,19749525,rs1978060,22,19747082,chr22_19747082_C_G,0.236
22,19749525,rs1978060,22,19749525,rs1978060,1
22,19749525,rs1978060,22,19750773,chr22_19750773_C_T,0.416
22,19749525,rs1978060,22,19751829,rs2301558,0.146
22,19749525,rs1978060,22,19752007,rs41298826,0.417
22,19749525,rs1978060,22,19752943,chr22_19752943_A_C,0.415
22,19749525,rs1978060,22,19752973,rs2238773,0.383
22,19749525,rs1978060,22,19753449,rs41298840,0.416
22,19749525,rs1978060,22,19753848,rs72646966,0.416
22,19749525,rs1978060,22,19754091,rs72646967,0.417
22,19749525,rs1978060,22,19757339,rs2238774,0.634
22,19749525,rs1978060,22,19757372,rs2238775,0.634
22,19749525,rs1978060,22,19757384,rs41299934,0.271
22,19749525,rs1978060,22,19757572,rs35973679,0.633
22,19749525,rs1978060,22,19757892,rs2238776,0.368
22,19749525,rs1978060,22,19758228,rs2238777,0.684
22,19749525,rs1978060,22,19758399,chr22_19758399_G_T,0.619
22,19749525,rs1978060,22,19759437,rs737869,0.675
22,19749525,rs1978060,22,19762428,rs34331122,0.52
22,19749525,rs1978060,22,19762506,rs41297802,0.296
22,19749525,rs1978060,22,19765181,rs12165908,0.288
22,19749525,rs1978060,22,19765182,rs4819843,0.192
22,19749525,rs1978060,22,19765322,rs4819521,0.435
22,19749525,rs1978060,22,19765443,rs41297838,0.265
22,19749525,rs1978060,22,19765988,rs41298654,0.174
22,19749525,rs1978060,22,19766107,rs41297994,0.268
22,19749525,rs1978060,22,19766137,rs9798754,0.589
22,19749525,rs1978060,22,19766248,rs41297996,0.266
22,19749525,rs1978060,22,19766782,rs4819522,0.168
22,19749525,rs1978060,22,19767051,rs5746826,0.404
22,19749525,rs1978060,22,19767420,rs713675,0.373
22,19749525,rs1978060,22,19767421,rs713676,0.373
22,19749525,rs1978060,22,19767499,rs5992481,0.107
22,19749525,rs1978060,22,19768045,rs5746828,0.346
22,19749525,rs1978060,22,19768311,rs5746831,0.33
22,19749525,rs1978060,22,19768337,rs41298028,0.261
22,19749525,rs1978060,22,19769498,rs148747995,0.352
22,19749525,rs1978060,22,19769668,rs12484920,0.258
22,19749525,rs1978060,22,19771064,chr22_19771064_A_C,0.184
22,19749525,rs1978060,22,19771093,rs10607161,0.134
22,19749525,rs1978060,22,19771190,rs5746832,0.334
22,19749525,rs1978060,22,19771568,rs2073762,0.332
22,19749525,rs1978060,22,19772757,rs5748423,0.19
22,19749525,rs1978060,22,19773308,rs5993830,0.413
22,19749525,rs1978060,22,19773358,rs77428380,0.192
22,19749525,rs1978060,22,19775043,rs5748425,0.188
22,19749525,rs1978060,22,19775186,rs5748426,0.191
22,19749525,rs1978060,22,19775287,rs5748427,0.409
22,19749525,rs1978060,22,19776019,rs2073768,0.156
22,19749525,rs1978060,22,19776159,rs3214094,0.158
22,19749525,rs1978060,22,19776794,rs2073769,0.419
22,19749525,rs1978060,22,19777359,22:19777359:CAA:C,0.266
22,19749525,rs1978060,22,19777383,rs12483857,0.157
22,19749525,rs1978060,22,19777457,rs5748428,0.185
22,19749525,rs1978060,22,19777512,rs2239894,0.158
22,19749525,rs1978060,22,19777766,rs141980695,0.158
22,19749525,rs1978060,22,19779137,rs5746834,0.131
22,19749525,rs1978060,22,19781823,rs2871043,0.183
22,19749525,rs1978060,22,19782138,rs60543144,0.218
22,19749525,rs1978060,22,19782537,rs59469159,0.158
22,19749525,rs1978060,22,19783304,rs73148917,0.157
22,19749525,rs1978060,22,19783362,rs5748432,0.409
22,19749525,rs1978060,22,19783817,rs73148919,0.156
22,19749525,rs1978060,22,19783857,rs17209798,0.156
22,19749525,rs1978060,22,19783906,rs73148920,0.156
22,19749525,rs1978060,22,19784015,rs73148921,0.157
22,19749525,rs1978060,22,19784495,rs59279356,0.156
22,19749525,rs1978060,22,19784654,rs5748433,0.194
22,19749525,rs1978060,22,19784731,rs2269725,0.155
22,19749525,rs1978060,22,19785006,rs2269726,0.417
22,19749525,rs1978060,22,19785329,rs880194,0.417
22,19749525,rs1978060,22,19785482,rs76698965,0.156
22,19749525,rs1978060,22,19787309,rs2904561,0.187
22,19749525,rs1978060,22,19787497,rs12484377,0.157
22,19749525,rs1978060,22,19787736,chr22_19787736_C_T,0.158
22,19749525,rs1978060,22,19788361,rs62222093,0.192
22,19749525,rs1978060,22,19788956,rs75024316,0.158
22,19749525,rs1978060,22,19789541,rs2073770,0.158
22,19749525,rs1978060,22,19790308,rs12485220,0.158
22,19749525,rs1978060,22,19791266,rs78735442,0.194
22,19749525,rs1978060,22,19791281,rs737859,0.194
22,19749525,rs1978060,22,19792144,rs5748443,0.19
22,19749525,rs1978060,22,19792660,rs200510172,0.157
22,19749525,rs1978060,22,19793884,rs74953564,0.155
22,19749525,rs1978060,22,19795191,rs3788301,0.409
22,19749525,rs1978060,22,19795566,rs12627952,0.187
22,19749525,rs1978060,22,19795586,rs3827286,0.156
22,19749525,rs1978060,22,19796766,rs58827261,0.186
22,19749525,rs1978060,22,19797211,rs5993838,0.412
22,19749525,rs1978060,22,19798445,rs62222096,0.18
22,19749525,rs1978060,22,19798836,rs5993841,0.181
22,19749525,rs1978060,22,19800322,rs2073765,0.179
22,19749525,rs1978060,22,19802779,rs5748445,0.18
22,19749525,rs1978060,22,19803382,rs9618700,0.173
22,19749525,rs1978060,22,19804118,rs9618701,0.178
22,19749525,rs1978060,22,19804840,rs5746836,0.181
22,19749525,rs1978060,22,19805263,rs5746837,0.18
22,19749525,rs1978060,22,19825986,rs11089312,0.065
22,19749525,rs1978060,22,19828820,rs77701849,0.099
22,19749525,rs1978060,22,19829440,rs11089314,0.098
22,19749525,rs1978060,22,19833702,chr22_19833702_C_T,0.098
22,19749525,rs1978060,22,19837575,rs3747066,0.058
22,19749525,rs1978060,22,19844492,rs11913285,0.114
22,19749525,rs1978060,22,19845283,rs8139091,0.058
22,19749525,rs1978060,22,19880057,rs56132768,0.065
22,19749525,rs1978060,22,19895131,rs73148970,0.053
22,19749525,rs1978060,22,19895331,rs10222209,0.053
22,19757892,rs2238776,22,19733811,chr22_19733811_A_G,0.188
22,19757892,rs2238776,22,19737610,rs7291533,0.055
22,19757892,rs2238776,22,19738355,chr22_19738355_C_T,0.19
22,19757892,rs2238776,22,19739820,rs8139538,0.053
22,19757892,rs2238776,22,19743424,chr22_19743424_C_T,0.342
22,19757892,rs2238776,22,19744840,chr22_19744840_C_G,0.488
22,19757892,rs2238776,22,19746903,rs737867,0.105
22,19757892,rs2238776,22,19747082,chr22_19747082_C_G,0.101
22,19757892,rs2238776,22,19749525,rs1978060,0.368
22,19757892,rs2238776,22,19750773,chr22_19750773_C_T,0.883
22,19757892,rs2238776,22,19751065,chr22_19751065_C_T,0.071
22,19757892,rs2238776,22,19751829,rs2301558,0.08
22,19757892,rs2238776,22,19752007,rs41298826,0.885
22,19757892,rs2238776,22,19752943,chr22_19752943_A_C,0.884
22,19757892,rs2238776,22,19752973,rs2238773,0.965
22,19757892,rs2238776,22,19753449,rs41298840,0.886
22,19757892,rs2238776,22,19753848,rs72646966,0.887
22,19757892,rs2238776,22,19754091,rs72646967,0.887
22,19757892,rs2238776,22,19757339,rs2238774,0.302
22,19757892,rs2238776,22,19757372,rs2238775,0.302
22,19757892,rs2238776,22,19757384,rs41299934,0.055
22,19757892,rs2238776,22,19757572,rs35973679,0.301
22,19757892,rs2238776,22,19757892,rs2238776,1
22,19757892,rs2238776,22,19758228,rs2238777,0.284
22,19757892,rs2238776,22,19758399,chr22_19758399_G_T,0.3
22,19757892,rs2238776,22,19759437,rs737869,0.286
22,19757892,rs2238776,22,19762428,rs34331122,0.168
22,19757892,rs2238776,22,19762506,rs41297802,0.817
22,19757892,rs2238776,22,19765181,rs12165908,0.775
22,19757892,rs2238776,22,19765182,rs4819843,0.053
22,19757892,rs2238776,22,19765322,rs4819521,0.142
22,19757892,rs2238776,22,19765443,rs41297838,0.724
22,19757892,rs2238776,22,19766107,rs41297994,0.678
22,19757892,rs2238776,22,19766137,rs9798754,0.198
22,19757892,rs2238776,22,19766248,rs41297996,0.678
22,19757892,rs2238776,22,19767051,rs5746826,0.137
22,19757892,rs2238776,22,19767420,rs713675,0.15
22,19757892,rs2238776,22,19767421,rs713676,0.15
22,19757892,rs2238776,22,19767499,rs5992481,0.403
22,19757892,rs2238776,22,19768045,rs5746828,0.139
22,19757892,rs2238776,22,19768311,rs5746831,0.132
22,19757892,rs2238776,22,19768337,rs41298028,0.654
22,19757892,rs2238776,22,19769498,rs148747995,0.141
22,19757892,rs2238776,22,19769668,rs12484920,0.646
22,19757892,rs2238776,22,19771064,chr22_19771064_A_C,0.473
22,19757892,rs2238776,22,19771190,rs5746832,0.141
22,19757892,rs2238776,22,19771568,rs2073762,0.134
22,19757892,rs2238776,22,19773308,rs5993830,0.148
22,19757892,rs2238776,22,19775287,rs5748427,0.146
22,19757892,rs2238776,22,19776019,rs2073768,0.445
22,19757892,rs2238776,22,19776159,rs3214094,0.447
22,19757892,rs2238776,22,19776794,rs2073769,0.15
22,19757892,rs2238776,22,19777383,rs12483857,0.447
22,19757892,rs2238776,22,19777512,rs2239894,0.447
22,19757892,rs2238776,22,19777766,rs141980695,0.447
22,19757892,rs2238776,22,19782138,rs60543144,0.596
22,19757892,rs2238776,22,19782537,rs59469159,0.438
22,19757892,rs2238776,22,19783304,rs73148917,0.444
22,19757892,rs2238776,22,19783362,rs5748432,0.147
22,19757892,rs2238776,22,19783817,rs73148919,0.443
22,19757892,rs2238776,22,19783857,rs17209798,0.443
22,19757892,rs2238776,22,19783906,rs73148920,0.443
22,19757892,rs2238776,22,19784015,rs73148921,0.444
22,19757892,rs2238776,22,19784495,rs59279356,0.443
22,19757892,rs2238776,22,19784731,rs2269725,0.441
22,19757892,rs2238776,22,19785006,rs2269726,0.149
22,19757892,rs2238776,22,19785329,rs880194,0.149
22,19757892,rs2238776,22,19785482,rs76698965,0.443
22,19757892,rs2238776,22,19787497,rs12484377,0.443
22,19757892,rs2238776,22,19787736,chr22_19787736_C_T,0.435
22,19757892,rs2238776,22,19788956,rs75024316,0.437
22,19757892,rs2238776,22,19789541,rs2073770,0.437
22,19757892,rs2238776,22,19790308,rs12485220,0.437
22,19757892,rs2238776,22,19792660,rs200510172,0.443
22,19757892,rs2238776,22,19793884,rs74953564,0.442
22,19757892,rs2238776,22,19795191,rs3788301,0.146
22,19757892,rs2238776,22,19795586,rs3827286,0.442
22,19757892,rs2238776,22,19797211,rs5993838,0.146
