CHR_A,BP_A,SNP_A,CHR_B,BP_B,SNP_B,R2
2,173311553,rs12621278,2,173157891,chr2_173157891_A_G,0.068
2,173311553,rs12621278,2,173286318,rs76709934,0.628
2,173311553,rs12621278,2,173286320,rs6738839,0.055
2,173311553,rs12621278,2,173288337,rs2008518,0.623
2,173311553,rs12621278,2,173288615,rs5836380,0.624
2,173311553,rs12621278,2,173288817,rs2178476,0.62
2,173311553,rs12621278,2,173289017,rs376217541,0.613
2,173311553,rs12621278,2,173289239,rs1001926,0.621
2,173311553,rs12621278,2,173289625,rs78582092,0.627
2,173311553,rs12621278,2,173289736,rs10930555,0.116
2,173311553,rs12621278,2,173290287,rs2272496,0.622
2,173311553,rs12621278,2,173290562,rs76058534,0.622
2,173311553,rs12621278,2,173292379,rs144682022,0.661
2,173311553,rs12621278,2,173292709,rs6744873,0.096
2,173311553,rs12621278,2,173292713,rs6716540,0.099
2,173311553,rs12621278,2,173292728,rs6731763,0.096
2,173311553,rs12621278,2,173292885,rs6716781,0.099
2,173311553,rs12621278,2,173293419,rs12475433,0.124
2,173311553,rs12621278,2,173293562,rs79121204,0.659
2,173311553,rs12621278,2,173293584,rs76862931,0.663
2,173311553,rs12621278,2,173295405,rs12053442,0.883
2,173311553,rs12621278,2,173296252,rs76264695,0.883
2,173311553,rs12621278,2,173297206,rs10930556,0.061
2,173311553,rs12621278,2,173297783,rs75166599,0.838
2,173311553,rs12621278,2,173297871,rs77282844,0.769
2,173311553,rs12621278,2,173298082,c2_pos173006328,0.413
2,173311553,rs12621278,2,173299266,rs75979419,0.993
2,173311553,rs12621278,2,173300053,rs7608097,0.296
2,173311553,rs12621278,2,173300939,rs75689576,0.998
2,173311553,rs12621278,2,173301275,rs59454075,0.993
2,173311553,rs12621278,2,173302006,rs79160711,0.999
2,173311553,rs12621278,2,173303031,rs28485589,0.982
2,173311553,rs12621278,2,173303047,rs57878744,0.984
2,173311553,rs12621278,2,173303065,rs56892098,0.984
2,173311553,rs12621278,2,173303251,rs74483274,0.984
2,173311553,rs12621278,2,173303310,rs80010354,0.984
2,173311553,rs12621278,2,173303391,rs76837457,0.984
2,173311553,rs12621278,2,173303484,rs141195656,0.984
2,173311553,rs12621278,2,173303531,rs78181761,0.986
2,173311553,rs12621278,2,173303800,rs79416408,0.984
2,173311553,rs12621278,2,173304302,rs13414928,0.975
2,173311553,rs12621278,2,173305173,rs58514604,0.436
2,173311553,rs12621278,2,173305382,rs4405725,0.992
2,173311553,rs12621278,2,173305731,rs7596259,0.433
2,173311553,rs12621278,2,173305795,rs11316268,0.435
2,173311553,rs12621278,2,173305847,rs3762618,0.994
2,173311553,rs12621278,2,173306284,rs201928460,0.359
2,173311553,rs12621278,2,173307573,rs9287954,0.431
2,173311553,rs12621278,2,173307726,rs10207640,0.989
2,173311553,rs12621278,2,173307756,rs10207654,0.995
2,173311553,rs12621278,2,173308194,rs16860397,0.998
2,173311553,rs12621278,2,173308318,rs7604404,0.439
2,173311553,rs12621278,2,173308615,rs10187564,0.996
2,173311553,rs12621278,2,173309330,rs148644163,1
2,173311553,rs12621278,2,173309402,rs80353656,0.997
2,173311553,rs12621278,2,173309618,rs13410475,0.996
2,173311553,rs12621278,2,173309691,rs142858678,0.439
2,173311553,rs12621278,2,173309803,rs146618443,0.996
2,173311553,rs12621278,2,173309819,rs111728262,0.433
2,173311553,rs12621278,2,173311553,rs12621278,1
2,173311553,rs12621278,2,173311682,rs12615596,0.988
2,173311553,rs12621278,2,173313453,rs1574259,0.996
2,173311553,rs12621278,2,173313965,rs1574256,0.998
2,173311553,rs12621278,2,173314339,rs10210544,0.507
2,173311553,rs12621278,2,173314589,rs10202179,0.108
2,173311553,rs12621278,2,173314608,rs2178471,0.109
2,173311553,rs12621278,2,173314670,rs12052250,0.997
2,173311553,rs12621278,2,173314713,rs12052253,0.998
2,173311553,rs12621278,2,173315717,rs13387602,0.505
2,173311553,rs12621278,2,173315752,rs7587375,0.107
2,173311553,rs12621278,2,173316217,rs12052385,0.997
2,173311553,rs12621278,2,173316788,rs16860416,0.509
2,173311553,rs12621278,2,173317826,rs16860419,0.995
2,173311553,rs12621278,2,173318179,rs115112210,0.997
2,173311553,rs12621278,2,173318244,rs114161133,0.997
2,173311553,rs12621278,2,173318571,rs13421350,0.506
2,173311553,rs12621278,2,173318819,rs35793204,0.131
2,173311553,rs12621278,2,173319112,rs16860426,0.991
2,173311553,rs12621278,2,173319930,rs77167534,0.98
2,173311553,rs12621278,2,173320380,rs6726739,0.434
2,173311553,rs12621278,2,173320956,rs28595036,0.432
2,173311553,rs12621278,2,173321413,rs16860438,0.977
2,173311553,rs12621278,2,173321791,rs116532339,0.977
2,173311553,rs12621278,2,173321883,rs10208194,0.431
2,173311553,rs12621278,2,173322326,rs7564416,0.431
2,173311553,rs12621278,2,173322705,rs34679972,0.168
2,173311553,rs12621278,2,173322927,rs35783685,0.17
2,173311553,rs12621278,2,173323005,rs35821653,0.174
2,173311553,rs12621278,2,173323194,rs12693001,0.096
2,173311553,rs12621278,2,173323838,rs12464480,0.174
2,173311553,rs12621278,2,173323989,rs35180608,0.174
2,173311553,rs12621278,2,173323998,rs36040769,0.174
2,173311553,rs12621278,2,173324013,rs35700760,0.174
2,173311553,rs12621278,2,173324218,rs68069880,0.175
2,173311553,rs12621278,2,173324256,rs75888567,0.968
2,173311553,rs12621278,2,173324272,rs34526119,0.175
2,173311553,rs12621278,2,173324357,rs35861954,0.175
2,173311553,rs12621278,2,173324817,rs16860450,0.176
2,173311553,rs12621278,2,173324908,rs12622724,0.967
2,173311553,rs12621278,2,173325122,rs12616256,0.175
2,173311553,rs12621278,2,173325198,rs12622816,0.175
2,173311553,rs12621278,2,173325244,rs12613307,0.968
2,173311553,rs12621278,2,173325876,rs35288169,0.175
2,173311553,rs12621278,2,173326436,rs1076594,0.136
2,173311553,rs12621278,2,173326919,rs2357411,0.143
2,173311553,rs12621278,2,173327249,rs1076596,0.174
2,173311553,rs12621278,2,173327273,rs1076597,0.132
2,173311553,rs12621278,2,173327823,rs74461567,0.965
2,173311553,rs12621278,2,173329714,rs12620581,0.501
2,173311553,rs12621278,2,173329965,rs12471315,0.136
2,173311553,rs12621278,2,173331076,rs116108611,0.883
2,173311553,rs12621278,2,173331436,rs12616959,0.341
2,173311553,rs12621278,2,173332115,rs2272499,0.123
2,173311553,rs12621278,2,173332690,rs59386043,0.341
2,173311553,rs12621278,2,173332706,rs7584971,0.341
2,173311553,rs12621278,2,173332725,rs7584977,0.341
2,173311553,rs12621278,2,173332829,rs3792254,0.341
2,173311553,rs12621278,2,173334161,rs147116420,0.123
2,173311553,rs12621278,2,173334716,rs16860478,0.876
2,173311553,rs12621278,2,173334826,rs6743724,0.124
2,173311553,rs12621278,2,173336637,rs12468884,0.101
2,173311553,rs12621278,2,173336792,rs6723030,0.074
2,173311553,rs12621278,2,173337495,rs16860497,0.484
2,173311553,rs12621278,2,173338045,rs11898288,0.08
2,173311553,rs12621278,2,173340209,rs55867175,0.864
2,173311553,rs12621278,2,173342367,rs16860513,0.836
2,173311553,rs12621278,2,173342416,rs16860515,0.868
2,173311553,rs12621278,2,173343788,rs7587940,0.083
2,173311553,rs12621278,2,173344128,rs9636257,0.863
2,173311553,rs12621278,2,173344474,rs1920979,0.083
2,173311553,rs12621278,2,173344680,rs2293647,0.866
2,173311553,rs12621278,2,173345469,rs6433362,0.083
2,173311553,rs12621278,2,173347338,rs72085754,0.216
2,173311553,rs12621278,2,173349025,rs10930558,0.148
2,173311553,rs12621278,2,173350781,rs3108778,0.081
2,173311553,rs12621278,2,173351199,rs2701268,0.206
2,173311553,rs12621278,2,173352157,rs2293648,0.859
2,173311553,rs12621278,2,173352824,rs10930559,0.859
2,173311553,rs12621278,2,173353000,rs138348628,0.857
2,173311553,rs12621278,2,173353060,rs1319059,0.083
2,173311553,rs12621278,2,173355337,rs2737086,0.081
2,173311553,rs12621278,2,173357808,rs11297197,0.083
2,173311553,rs12621278,2,173358225,rs2357635,0.082
2,173311553,rs12621278,2,173358257,rs2357634,0.083
2,173311553,rs12621278,2,173362046,rs79474289,0.86
2,173311553,rs12621278,2,173363917,rs7596665,0.86
2,173311553,rs12621278,2,173364048,rs7570417,0.083
2,173311553,rs12621278,2,173364385,rs5015856,0.083
2,173311553,rs12621278,2,173364668,rs60632036,0.079
2,173311553,rs12621278,2,173366960,rs2293645,0.857
2,173311553,rs12621278,2,173368358,rs16860634,0.857
2,173311553,rs12621278,2,173369231,rs17664,0.082
2,173311553,rs12621278,2,173370689,chr2_173370690_A_INDEL,0.83
2,173311553,rs12621278,2,173371278,rs16860643,0.831
2,173311553,rs12621278,2,173371390,rs79083612,0.083
2,173311553,rs12621278,2,173371462,rs201362294,0.113
2,173311553,rs12621278,2,173371620,rs10576240,0.082
2,173311553,rs12621278,2,173373190,rs1574257,0.184
2,173311553,rs12621278,2,173373831,rs114997784,0.838
2,173311553,rs12621278,2,173374424,rs78534109,0.834
2,173311553,rs12621278,2,173374992,rs5836385,0.082
2,173311553,rs12621278,2,173375391,rs60096331,0.861
2,173311553,rs12621278,2,173375690,rs10205409,0.471
2,173311553,rs12621278,2,173375915,rs10193201,0.083
2,173311553,rs12621278,2,173376319,rs59476799,0.854
2,173311553,rs12621278,2,173377277,rs57404607,0.865
2,173311553,rs12621278,2,173377302,rs59374567,0.866
2,173311553,rs12621278,2,173377384,rs10803874,0.476
2,173311553,rs12621278,2,173378344,rs59970483,0.861
2,173311553,rs12621278,2,173378821,rs13398175,0.188
2,173311553,rs12621278,2,173379230,rs78623829,0.862
2,173311553,rs12621278,2,173382746,rs7575064,0.083
2,173311553,rs12621278,2,173382777,rs115142421,0.861
2,173311553,rs12621278,2,173382986,rs76738244,0.862
2,173311553,rs12621278,2,173383041,rs4972834,0.083
2,173311553,rs12621278,2,173383074,rs4972835,0.083
2,173311553,rs12621278,2,173387668,rs4075604,0.186
2,173311553,rs12621278,2,173387994,rs4246629,0.083
2,173311553,rs12621278,2,173388341,rs4246630,0.083
2,173311553,rs12621278,2,173390343,rs12052921,0.165
2,173311553,rs12621278,2,173390454,rs57121294,0.861
2,173311553,rs12621278,2,173390783,rs59300838,0.165
2,173311553,rs12621278,2,173391652,rs12052408,0.082
2,173311553,rs12621278,2,173392942,rs183141927,0.865
2,173311553,rs12621278,2,173393605,rs116907782,0.865
2,173311553,rs12621278,2,173393903,rs147233048,0.865
2,173311553,rs12621278,2,173394201,rs142731545,0.862
2,173311553,rs12621278,2,173395373,rs75669437,0.868
2,173311553,rs12621278,2,173396150,rs10208469,0.471
2,173311553,rs12621278,2,173396823,rs75073297,0.471
2,173311553,rs12621278,2,173397690,rs12615584,0.868
2,173311553,rs12621278,2,173398027,rs2178477,0.471
2,173311553,rs12621278,2,173398691,rs6710725,0.082
2,173311553,rs12621278,2,173399117,rs7589362,0.47
2,173311553,rs12621278,2,173399767,rs57587465,0.865
2,173311553,rs12621278,2,173400156,chr2_173400157_INDEL_TAA,0.854
2,173311553,rs12621278,2,173400192,rs6715425,0.082
2,173311553,rs12621278,2,173401080,rs149549027,0.472
2,173311553,rs12621278,2,173401123,rs6741759,0.861
2,173311553,rs12621278,2,173401264,rs79481012,0.863
2,173311553,rs12621278,2,173401348,rs56882727,0.865
2,173311553,rs12621278,2,173401494,rs6727229,0.469
2,173311553,rs12621278,2,173401666,rs6730284,0.861
2,173311553,rs12621278,2,173401903,rs6730763,0.185
2,173311553,rs12621278,2,173402381,rs6433364,0.082
2,173311553,rs12621278,2,173402460,2:173402460:C:T,0.865
2,173311553,rs12621278,2,173402847,2:173402847:C:T,0.861
2,173311553,rs12621278,2,173402848,rs7557508,0.161
2,173311553,rs12621278,2,173402863,2:173402863:G:C,0.864
2,173311553,rs12621278,2,173402900,rs7584089,0.216
2,173311553,rs12621278,2,173403028,rs7557674,0.185
2,173311553,rs12621278,2,173403101,rs181480655,0.865
2,173311553,rs12621278,2,173403181,rs185475817,0.861
2,173311553,rs12621278,2,173403330,rs188148040,0.861
2,173311553,rs12621278,2,173404804,rs12052479,0.185
2,173311553,rs12621278,2,173404886,rs7591769,0.163
2,173311553,rs12621278,2,173405330,rs6743174,0.855
2,173311553,rs12621278,2,173406018,rs147340898,0.865
2,173311553,rs12621278,2,173406153,rs12988961,0.081
2,173311553,rs12621278,2,173406196,rs199786352,0.14
2,173311553,rs12621278,2,173406336,rs62167825,0.081
2,173311553,rs12621278,2,173407978,rs35968313,0.081
2,173311553,rs12621278,2,173408345,rs56832945,0.183
2,173311553,rs12621278,2,173408545,rs61194385,0.183
2,173311553,rs12621278,2,173408637,rs71403312,0.182
2,173311553,rs12621278,2,173408788,rs55966259,0.182
2,173311553,rs12621278,2,173408980,rs55978548,0.08
2,173311553,rs12621278,2,173409320,rs138822454,0.862
2,173311553,rs12621278,2,173409587,2:173409587:T:TATAATAATAATA,0.078
2,173311553,rs12621278,2,173410168,rs74355465,0.857
2,173311553,rs12621278,2,173410420,rs34871211,0.181
2,173311553,rs12621278,2,173411004,rs115160117,0.856
2,173311553,rs12621278,2,173411452,rs147137471,0.079
2,173311553,rs12621278,2,173411740,rs6749369,0.079
2,173311553,rs12621278,2,173412351,rs4972840,0.106
2,173311553,rs12621278,2,173412858,rs35022330,0.179
2,173311553,rs12621278,2,173413146,rs12469537,0.179
2,173311553,rs12621278,2,173414077,rs10460364,0.078
2,173311553,rs12621278,2,173415560,rs12151618,0.135
2,173311553,rs12621278,2,173415706,rs78647569,0.789
2,173311553,rs12621278,2,173417021,rs201804330,0.258
2,173311553,rs12621278,2,173417671,rs146565295,0.469
2,173311553,rs12621278,2,173419805,rs10181851,0.173
2,173311553,rs12621278,2,173420024,rs3835124,0.46
2,173311553,rs12621278,2,173420181,rs189484628,0.257
2,173311553,rs12621278,2,173420254,rs3765065,0.173
2,173311553,rs12621278,2,173421249,rs10930561,0.406
2,173311553,rs12621278,2,173422385,rs12465704,0.143
2,173311553,rs12621278,2,173423066,rs8179584,0.401
2,173311553,rs12621278,2,173424075,rs78279758,0.404
2,173311553,rs12621278,2,173424407,rs151175749,0.401
2,173311553,rs12621278,2,173425349,rs6752386,0.142
2,173311553,rs12621278,2,173427420,rs144077428,0.256
2,173311553,rs12621278,2,173427815,rs149671118,0.256
2,173311553,rs12621278,2,173428874,rs6433368,0.138
2,173311553,rs12621278,2,173428969,rs147075956,0.256
2,173311553,rs12621278,2,173430707,rs10930562,0.145
2,173311553,rs12621278,2,173431040,rs10930563,0.403
2,173311553,rs12621278,2,173431286,rs74725860,0.256
2,173311553,rs12621278,2,173432354,rs3769321,0.142
2,173311553,rs12621278,2,173433186,rs2290563,0.125
2,173311553,rs12621278,2,173433397,rs115287164,0.255
2,173311553,rs12621278,2,173434791,rs145625378,0.255
2,173311553,rs12621278,2,173435366,rs187304882,0.255
2,173311553,rs12621278,2,173435882,rs111582980,0.251
2,173311553,rs12621278,2,173436136,rs147130811,0.255
2,173311553,rs12621278,2,173438390,rs60256439,0.397
2,173311553,rs12621278,2,173440945,rs12467086,0.403
2,173311553,rs12621278,2,173440996,rs151296755,0.255
2,173311553,rs12621278,2,173441448,rs62167835,0.142
2,173311553,rs12621278,2,173441749,rs146559654,0.255
2,173311553,rs12621278,2,173444462,rs6738196,0.142
2,173311553,rs12621278,2,173444805,rs34421752,0.147
2,173311553,rs12621278,2,173445325,rs12476089,0.125
2,173311553,rs12621278,2,173446115,rs10930564,0.403
2,173311553,rs12621278,2,173446350,rs139756689,0.403
2,173311553,rs12621278,2,173447953,rs200616693,0.255
2,173311553,rs12621278,2,173448040,2:173448040:T:A,0.252
2,173311553,rs12621278,2,173448383,rs74265086,0.403
2,173311553,rs12621278,2,173448940,rs140037972,0.403
2,173311553,rs12621278,2,173450756,rs11884789,0.126
2,173311553,rs12621278,2,173451074,rs36014095,0.255
2,173311553,rs12621278,2,173451423,rs142400899,0.255
2,173311553,rs12621278,2,173452006,rs118107311,0.403
2,173311553,rs12621278,2,173452086,rs140419740,0.255
2,173311553,rs12621278,2,173452754,rs6710129,0.142
2,173311553,rs12621278,2,173453278,rs16860693,0.399
2,173311553,rs12621278,2,173453471,rs117897460,0.403
2,173311553,rs12621278,2,173454235,rs10930565,0.142
2,173311553,rs12621278,2,173454364,rs76624092,0.403
2,173311553,rs12621278,2,173455878,rs79246370,0.295
2,173311553,rs12621278,2,173456039,rs77843385,0.295
2,173311553,rs12621278,2,173456679,rs34051646,0.131
2,173311553,rs12621278,2,173457309,rs76751608,0.294
2,173311553,rs12621278,2,173458474,rs144993153,0.254
2,173311553,rs12621278,2,173459207,rs140758228,0.254
2,173311553,rs12621278,2,173460803,rs1530864,0.294
2,173311553,rs12621278,2,173461090,rs1530865,0.292
2,173311553,rs12621278,2,173461799,rs70937083,0.294
2,173311553,rs12621278,2,173461820,rs11904158,0.131
2,173311553,rs12621278,2,173462593,rs70937084,0.294
2,173311553,rs12621278,2,173463138,rs2357637,0.293
2,173311553,rs12621278,2,173463632,rs116468908,0.253
2,173311553,rs12621278,2,173464827,rs111549287,0.248
2,173311553,rs12621278,2,173465196,rs1075638,0.141
2,173311553,rs12621278,2,173465440,rs150410446,0.253
2,173311553,rs12621278,2,173467213,rs12693006,0.117
2,173311553,rs12621278,2,173467301,rs13019331,0.131
2,173311553,rs12621278,2,173468284,rs7584769,0.131
2,173311553,rs12621278,2,173468990,rs140937483,0.268
2,173311553,rs12621278,2,173469243,rs56293809,0.169
2,173311553,rs12621278,2,173469332,rs61505737,0.291
2,173311553,rs12621278,2,173470019,rs145482472,0.253
2,173311553,rs12621278,2,173470186,rs77271607,0.293
2,173311553,rs12621278,2,173470781,rs79037658,0.293
2,173311553,rs12621278,2,173472783,rs138272729,0.252
2,173311553,rs12621278,2,173473281,rs13401676,0.117
2,173311553,rs12621278,2,173474018,rs75202749,0.198
2,173311553,rs12621278,2,173474675,rs146866822,0.252
2,173311553,rs12621278,2,173475148,rs190575002,0.278
2,173311553,rs12621278,2,173477755,rs143440446,0.251
2,173311553,rs12621278,2,173478971,rs12476204,0.093
2,173311553,rs12621278,2,173479274,rs1133602,0.093
2,173311553,rs12621278,2,173479797,rs1868901,0.093
2,173311553,rs12621278,2,173479810,rs116554507,0.108
2,173311553,rs12621278,2,173480576,rs13024563,0.093
2,173311553,rs12621278,2,173480713,rs78205119,0.193
2,173311553,rs12621278,2,173480714,rs77511817,0.193
2,173311553,rs12621278,2,173480923,rs201794748,0.108
2,173311553,rs12621278,2,173482108,rs78132475,0.193
2,173311553,rs12621278,2,173482678,rs1010752,0.192
2,173311553,rs12621278,2,173483202,rs17753572,0.107
2,173311553,rs12621278,2,173483991,rs142247390,0.08
2,173311553,rs12621278,2,173484283,rs13015260,0.092
2,173311553,rs12621278,2,173484390,rs16860737,0.092
2,173311553,rs12621278,2,173485683,rs35046889,0.091
2,173311553,rs12621278,2,173486335,rs35892983,0.09
2,173311553,rs12621278,2,173486373,rs36224031,0.228
2,173311553,rs12621278,2,173486622,rs187504991,0.274
2,173311553,rs12621278,2,173486721,rs16860741,0.09
2,173311553,rs12621278,2,173489046,rs12465512,0.227
2,173311553,rs12621278,2,173489290,rs146423353,0.08
2,173311553,rs12621278,2,173489501,rs144684871,0.08
2,173311553,rs12621278,2,173490385,rs12693008,0.09
2,173311553,rs12621278,2,173491479,rs10930566,0.227
2,173311553,rs12621278,2,173491489,rs11296337,0.081
2,173311553,rs12621278,2,173491591,rs10930567,0.227
2,173311553,rs12621278,2,173493879,rs1531150,0.09
2,173311553,rs12621278,2,173493886,rs1531149,0.225
2,173311553,rs12621278,2,173493892,rs1531148,0.225
2,173311553,rs12621278,2,173493948,rs2606072,0.107
2,173311553,rs12621278,2,173494143,rs6733679,0.09
2,173311553,rs12621278,2,173494214,rs6718681,0.225
2,173311553,rs12621278,2,173494375,rs6719140,0.224
2,173311553,rs12621278,2,173494422,rs2599268,0.091
2,173311553,rs12621278,2,173494489,rs2606070,0.091
2,173311553,rs12621278,2,173494732,rs1869923,0.091
2,173311553,rs12621278,2,173495386,rs147116357,0.108
2,173311553,rs12621278,2,173495468,rs147241626,0.108
2,173311553,rs12621278,2,173495629,rs2599266,0.091
2,173311553,rs12621278,2,173495678,rs2606067,0.09
2,173311553,rs12621278,2,173495868,rs2606066,0.09
2,173311553,rs12621278,2,173495909,rs2606065,0.091
2,173311553,rs12621278,2,173495983,rs2599265,0.091
2,173311553,rs12621278,2,173496136,rs2599264,0.091
2,173311553,rs12621278,2,173496145,rs2599263,0.091
2,173311553,rs12621278,2,173496267,rs10661367,0.09
2,173311553,rs12621278,2,173496268,rs11313460,0.09
2,173311553,rs12621278,2,173496557,rs2599262,0.091
2,173311553,rs12621278,2,173496726,rs115566888,0.108
2,173311553,rs12621278,2,173496752,rs2599261,0.09
2,173311553,rs12621278,2,173496753,rs147080643,0.224
2,173311553,rs12621278,2,173497147,rs2606064,0.091
2,173311553,rs12621278,2,173497396,rs2606063,0.091
2,173311553,rs12621278,2,173497441,rs2599260,0.09
2,173311553,rs12621278,2,173497447,rs138714080,0.254
2,173311553,rs12621278,2,173497492,rs2606062,0.09
2,173311553,rs12621278,2,173497640,rs6731354,0.091
2,173311553,rs12621278,2,173497939,rs142280784,0.09
2,173311553,rs12621278,2,173498025,rs836634,0.09
2,173311553,rs12621278,2,173498303,rs142440161,0.091
2,173311553,rs12621278,2,173498990,rs71403327,0.09
2,173311553,rs12621278,2,173499184,rs142665061,0.108
2,173311553,rs12621278,2,173499275,rs836632,0.091
2,173311553,rs12621278,2,173499572,rs836631,0.09
2,173311553,rs12621278,2,173500048,rs836630,0.091
2,173311553,rs12621278,2,173500225,rs836629,0.091
2,173311553,rs12621278,2,173500423,rs2606073,0.092
2,173311553,rs12621278,2,173500426,rs2606074,0.09
2,173311553,rs12621278,2,173501069,rs836628,0.336
2,173311553,rs12621278,2,173501568,rs836626,0.103
2,173311553,rs12621278,2,173505751,2:173505751:C:T,0.113
2,173311553,rs12621278,2,173506589,rs836623,0.094
2,173311553,rs12621278,2,173507270,rs836622,0.094
2,173311553,rs12621278,2,173507354,rs836621,0.094
2,173311553,rs12621278,2,173507816,rs836620,0.105
2,173311553,rs12621278,2,173508467,rs60127617,0.223
2,173311553,rs12621278,2,173508517,rs836619,0.096
2,173311553,rs12621278,2,173510140,rs836618,0.096
2,173311553,rs12621278,2,173510520,rs77437224,0.223
2,173311553,rs12621278,2,173511233,rs71018509,0.085
2,173311553,rs12621278,2,173512112,rs80158804,0.223
2,173311553,rs12621278,2,173512297,rs836617,0.105
2,173311553,rs12621278,2,173512549,rs2122833,0.223
2,173311553,rs12621278,2,173512756,rs836616,0.105
2,173311553,rs12621278,2,173513266,rs836615,0.096
2,173311553,rs12621278,2,173513370,rs836614,0.105
2,173311553,rs12621278,2,173513915,rs836613,0.096
2,173311553,rs12621278,2,173514201,rs1097478,0.105
2,173311553,rs12621278,2,173514355,rs12617037,0.223
2,173311553,rs12621278,2,173514953,rs137897332,0.223
2,173311553,rs12621278,2,173515608,rs150114371,0.223
2,173311553,rs12621278,2,173515891,rs200898752,0.223
2,173311553,rs12621278,2,173515910,rs1097477,0.107
2,173311553,rs12621278,2,173516278,rs1097476,0.095
2,173311553,rs12621278,2,173517103,rs1097475,0.096
2,173311553,rs12621278,2,173517732,rs1097474,0.096
2,173311553,rs12621278,2,173518104,rs12620518,0.223
2,173311553,rs12621278,2,173519022,rs836611,0.096
2,173311553,rs12621278,2,173519683,rs80112685,0.347
2,173311553,rs12621278,2,173520084,rs34043892,0.106
2,173311553,rs12621278,2,173520412,rs79060028,0.223
2,173311553,rs12621278,2,173521724,rs836610,0.095
2,173311553,rs12621278,2,173522044,rs61121406,0.223
2,173311553,rs12621278,2,173522073,rs10930568,0.223
2,173311553,rs12621278,2,173522194,rs836609,0.096
2,173311553,rs12621278,2,173522281,rs836608,0.105
2,173311553,rs12621278,2,173522525,rs58324965,0.222
2,173311553,rs12621278,2,173523661,rs836606,0.096
2,173311553,rs12621278,2,173524458,rs836605,0.096
2,173311553,rs12621278,2,173528547,rs836603,0.096
2,173311553,rs12621278,2,173528686,rs836602,0.096
2,173311553,rs12621278,2,173528947,rs139394539,0.223
2,173311553,rs12621278,2,173530209,rs16860781,0.222
2,173311553,rs12621278,2,173530739,rs75279049,0.287
2,173311553,rs12621278,2,173531476,rs836643,0.221
2,173311553,rs12621278,2,173531721,rs78370943,0.222
2,173311553,rs12621278,2,173532650,rs78373236,0.222
2,173311553,rs12621278,2,173533322,rs16860789,0.221
2,173311553,rs12621278,2,173535585,rs12052531,0.221
2,173311553,rs12621278,2,173537366,rs12052642,0.119
2,173311553,rs12621278,2,173537624,rs76262493,0.219
2,173311553,rs12621278,2,173541814,rs836639,0.118
2,173311553,rs12621278,2,173542006,rs6743273,0.118
2,173311553,rs12621278,2,173542351,rs74695195,0.197
2,173311553,rs12621278,2,173544598,rs202155687,0.215
2,173311553,rs12621278,2,173544600,rs201599279,0.215
2,173311553,rs12621278,2,173544881,rs80179683,0.153
2,173311553,rs12621278,2,173546061,rs113863115,0.118
2,173311553,rs12621278,2,173546667,rs144216493,0.215
2,173311553,rs12621278,2,173547593,rs142624099,0.215
2,173311553,rs12621278,2,173548956,rs142672844,0.11
2,173311553,rs12621278,2,173553567,rs10930569,0.118
2,173311553,rs12621278,2,173553609,rs12621044,0.217
2,173311553,rs12621278,2,173554461,2:173554461:A:<CN0>:173556241,0.216
2,173311553,rs12621278,2,173556458,rs72489033,0.216
2,173311553,rs12621278,2,173556523,rs77048077,0.216
2,173311553,rs12621278,2,173557204,rs59578456,0.216
2,173311553,rs12621278,2,173557656,rs74791596,0.215
2,173311553,rs12621278,2,173558117,rs12464110,0.216
2,173311553,rs12621278,2,173559068,rs6733671,0.216
2,173311553,rs12621278,2,173559952,rs836601,0.151
2,173311553,rs12621278,2,173560676,rs77771090,0.216
2,173311553,rs12621278,2,173562031,rs6709144,0.216
2,173311553,rs12621278,2,173562518,rs201760103,0.216
2,173311553,rs12621278,2,173564206,rs76130765,0.079
2,173311553,rs12621278,2,173564514,rs6433376,0.118
2,173311553,rs12621278,2,173564638,rs12465795,0.216
2,173311553,rs12621278,2,173566360,rs77170493,0.216
2,173311553,rs12621278,2,173566933,rs74265101,0.216
2,173311553,rs12621278,2,173567130,rs13423020,0.118
2,173311553,rs12621278,2,173568165,rs12469378,0.216
2,173311553,rs12621278,2,173568964,rs77143891,0.216
2,173311553,rs12621278,2,173569663,rs12617921,0.216
2,173311553,rs12621278,2,173570074,rs12618078,0.216
2,173311553,rs12621278,2,173570130,rs12618102,0.118
2,173311553,rs12621278,2,173570239,rs12618132,0.216
2,173311553,rs12621278,2,173574330,rs4395226,0.114
2,173311553,rs12621278,2,173575559,rs17703369,0.105
2,173311553,rs12621278,2,173577218,rs836599,0.11
2,173311553,rs12621278,2,173577528,rs836598,0.112
2,173311553,rs12621278,2,173585255,rs79134870,0.162
2,173311553,rs12621278,2,173592148,rs767072,0.066
2,173311553,rs12621278,2,173594221,chr2_173594221_C_G,0.288
2,173311553,rs12621278,2,173594529,chr2_173594529_A_C,0.287
2,173311553,rs12621278,2,173597991,rs114579611,0.29
2,173311553,rs12621278,2,173599935,rs3813813,0.137
2,173311553,rs12621278,2,173600354,rs115317121,0.08
2,173311553,rs12621278,2,173601067,rs4142876,0.066
2,173311553,rs12621278,2,173601206,rs75118902,0.286
2,173311553,rs12621278,2,173601476,rs13023428,0.083
2,173311553,rs12621278,2,173602130,rs6433377,0.083
2,173311553,rs12621278,2,173602501,2:173602501:T:TCAATAAGTTAAGGGTTTTAGGC,0.29
2,173311553,rs12621278,2,173603619,rs13410779,0.19
2,173311553,rs12621278,2,173604224,rs2884281,0.07
2,173311553,rs12621278,2,173604430,chr2_173604430_C_T,0.285
2,173311553,rs12621278,2,173604695,rs74493482,0.286
2,173311553,rs12621278,2,173605127,rs72893054,0.101
2,173311553,rs12621278,2,173605428,rs76879663,0.285
2,173311553,rs12621278,2,173607268,rs79817679,0.285
2,173311553,rs12621278,2,173608201,rs10193942,0.083
2,173311553,rs12621278,2,173620524,rs6433380,0.061
2,173311553,rs12621278,2,173622459,rs12619176,0.061
2,173311553,rs12621278,2,173628580,rs4972854,0.058
2,173311553,rs12621278,2,173635424,rs7563076,0.062
2,173311553,rs12621278,2,173637947,rs2042562,0.06
2,173311553,rs12621278,2,173684638,chr2_173684638_C_T,0.109
2,173318244,rs114161133,2,173157891,chr2_173157891_A_G,0.068
2,173318244,rs114161133,2,173286318,rs76709934,0.628
2,173318244,rs114161133,2,173286320,rs6738839,0.055
2,173318244,rs114161133,2,173288337,rs2008518,0.623
2,173318244,rs114161133,2,173288615,rs5836380,0.623
2,173318244,rs114161133,2,173288817,rs2178476,0.62
2,173318244,rs114161133,2,173289017,rs376217541,0.613
2,173318244,rs114161133,2,173289239,rs1001926,0.621
2,173318244,rs114161133,2,173289625,rs78582092,0.627
2,173318244,rs114161133,2,173289736,rs10930555,0.116
2,173318244,rs114161133,2,173290287,rs2272496,0.622
2,173318244,rs114161133,2,173290562,rs76058534,0.621
2,173318244,rs114161133,2,173292379,rs144682022,0.66
2,173318244,rs114161133,2,173292709,rs6744873,0.096
2,173318244,rs114161133,2,173292713,rs6716540,0.099
2,173318244,rs114161133,2,173292728,rs6731763,0.096
2,173318244,rs114161133,2,173292885,rs6716781,0.099
2,173318244,rs114161133,2,173293419,rs12475433,0.124
2,173318244,rs114161133,2,173293562,rs79121204,0.658
2,173318244,rs114161133,2,173293584,rs76862931,0.663
2,173318244,rs114161133,2,173295405,rs12053442,0.88
2,173318244,rs114161133,2,173296252,rs76264695,0.88
2,173318244,rs114161133,2,173297206,rs10930556,0.061
2,173318244,rs114161133,2,173297783,rs75166599,0.835
2,173318244,rs114161133,2,173297871,rs77282844,0.767
2,173318244,rs114161133,2,173298082,c2_pos173006328,0.413
2,173318244,rs114161133,2,173299266,rs75979419,0.99
2,173318244,rs114161133,2,173300053,rs7608097,0.294
2,173318244,rs114161133,2,173300939,rs75689576,0.995
2,173318244,rs114161133,2,173301275,rs59454075,0.99
2,173318244,rs114161133,2,173302006,rs79160711,0.996
2,173318244,rs114161133,2,173303031,rs28485589,0.978
2,173318244,rs114161133,2,173303047,rs57878744,0.981
2,173318244,rs114161133,2,173303065,rs56892098,0.981
2,173318244,rs114161133,2,173303251,rs74483274,0.981
2,173318244,rs114161133,2,173303310,rs80010354,0.981
2,173318244,rs114161133,2,173303391,rs76837457,0.981
2,173318244,rs114161133,2,173303484,rs141195656,0.981
2,173318244,rs114161133,2,173303531,rs78181761,0.983
2,173318244,rs114161133,2,173303800,rs79416408,0.981
2,173318244,rs114161133,2,173304302,rs13414928,0.972
2,173318244,rs114161133,2,173305173,rs58514604,0.435
2,173318244,rs114161133,2,173305382,rs4405725,0.989
2,173318244,rs114161133,2,173305731,rs7596259,0.432
2,173318244,rs114161133,2,173305795,rs11316268,0.434
2,173318244,rs114161133,2,173305847,rs3762618,0.991
2,173318244,rs114161133,2,173306284,rs201928460,0.358
2,173318244,rs114161133,2,173307573,rs9287954,0.429
2,173318244,rs114161133,2,173307726,rs10207640,0.986
2,173318244,rs114161133,2,173307756,rs10207654,0.992
2,173318244,rs114161133,2,173308194,rs16860397,0.995
2,173318244,rs114161133,2,173308318,rs7604404,0.437
2,173318244,rs114161133,2,173308615,rs10187564,0.993
2,173318244,rs114161133,2,173309330,rs148644163,0.997
2,173318244,rs114161133,2,173309402,rs80353656,0.995
2,173318244,rs114161133,2,173309618,rs13410475,0.993
2,173318244,rs114161133,2,173309691,rs142858678,0.437
2,173318244,rs114161133,2,173309803,rs146618443,0.993
2,173318244,rs114161133,2,173309819,rs111728262,0.431
2,173318244,rs114161133,2,173311553,rs12621278,0.997
2,173318244,rs114161133,2,173311682,rs12615596,0.986
2,173318244,rs114161133,2,173313453,rs1574259,0.995
2,173318244,rs114161133,2,173313965,rs1574256,0.998
2,173318244,rs114161133,2,173314339,rs10210544,0.507
2,173318244,rs114161133,2,173314589,rs10202179,0.108
2,173318244,rs114161133,2,173314608,rs2178471,0.109
2,173318244,rs114161133,2,173314670,rs12052250,0.997
2,173318244,rs114161133,2,173314713,rs12052253,0.999
2,173318244,rs114161133,2,173315717,rs13387602,0.505
2,173318244,rs114161133,2,173315752,rs7587375,0.107
2,173318244,rs114161133,2,173316217,rs12052385,0.997
2,173318244,rs114161133,2,173316788,rs16860416,0.51
2,173318244,rs114161133,2,173317826,rs16860419,0.997
2,173318244,rs114161133,2,173318179,rs115112210,0.999
2,173318244,rs114161133,2,173318244,rs114161133,1
2,173318244,rs114161133,2,173318571,rs13421350,0.507
2,173318244,rs114161133,2,173318819,rs35793204,0.131
2,173318244,rs114161133,2,173319112,rs16860426,0.993
2,173318244,rs114161133,2,173319930,rs77167534,0.982
2,173318244,rs114161133,2,173320380,rs6726739,0.434
2,173318244,rs114161133,2,173320956,rs28595036,0.432
2,173318244,rs114161133,2,173321413,rs16860438,0.978
2,173318244,rs114161133,2,173321791,rs116532339,0.979
2,173318244,rs114161133,2,173321883,rs10208194,0.431
2,173318244,rs114161133,2,173322326,rs7564416,0.431
2,173318244,rs114161133,2,173322705,rs34679972,0.169
2,173318244,rs114161133,2,173322927,rs35783685,0.171
2,173318244,rs114161133,2,173323005,rs35821653,0.175
2,173318244,rs114161133,2,173323194,rs12693001,0.096
2,173318244,rs114161133,2,173323838,rs12464480,0.175
2,173318244,rs114161133,2,173323989,rs35180608,0.175
2,173318244,rs114161133,2,173323998,rs36040769,0.175
2,173318244,rs114161133,2,173324013,rs35700760,0.175
2,173318244,rs114161133,2,173324218,rs68069880,0.175
2,173318244,rs114161133,2,173324256,rs75888567,0.968
2,173318244,rs114161133,2,173324272,rs34526119,0.175
2,173318244,rs114161133,2,173324357,rs35861954,0.175
2,173318244,rs114161133,2,173324817,rs16860450,0.176
2,173318244,rs114161133,2,173324908,rs12622724,0.968
2,173318244,rs114161133,2,173325122,rs12616256,0.176
2,173318244,rs114161133,2,173325198,rs12622816,0.176
2,173318244,rs114161133,2,173325244,rs12613307,0.968
2,173318244,rs114161133,2,173325876,rs35288169,0.175
2,173318244,rs114161133,2,173326436,rs1076594,0.136
2,173318244,rs114161133,2,173326919,rs2357411,0.143
2,173318244,rs114161133,2,173327249,rs1076596,0.175
2,173318244,rs114161133,2,173327273,rs1076597,0.132
2,173318244,rs114161133,2,173327823,rs74461567,0.968
2,173318244,rs114161133,2,173329714,rs12620581,0.502
2,173318244,rs114161133,2,173329965,rs12471315,0.137
2,173318244,rs114161133,2,173331076,rs116108611,0.885
2,173318244,rs114161133,2,173331436,rs12616959,0.342
2,173318244,rs114161133,2,173332115,rs2272499,0.123
2,173318244,rs114161133,2,173332690,rs59386043,0.342
2,173318244,rs114161133,2,173332706,rs7584971,0.341
2,173318244,rs114161133,2,173332725,rs7584977,0.341
2,173318244,rs114161133,2,173332829,rs3792254,0.342
2,173318244,rs114161133,2,173334161,rs147116420,0.124
2,173318244,rs114161133,2,173334716,rs16860478,0.878
2,173318244,rs114161133,2,173334826,rs6743724,0.124
2,173318244,rs114161133,2,173336637,rs12468884,0.101
2,173318244,rs114161133,2,173336792,rs6723030,0.074
2,173318244,rs114161133,2,173337495,rs16860497,0.485
2,173318244,rs114161133,2,173338045,rs11898288,0.08
2,173318244,rs114161133,2,173340209,rs55867175,0.866
2,173318244,rs114161133,2,173342367,rs16860513,0.838
2,173318244,rs114161133,2,173342416,rs16860515,0.87
2,173318244,rs114161133,2,173343788,rs7587940,0.083
2,173318244,rs114161133,2,173344128,rs9636257,0.864
2,173318244,rs114161133,2,173344474,rs1920979,0.084
2,173318244,rs114161133,2,173344680,rs2293647,0.867
2,173318244,rs114161133,2,173345469,rs6433362,0.084
2,173318244,rs114161133,2,173347338,rs72085754,0.216
2,173318244,rs114161133,2,173349025,rs10930558,0.148
2,173318244,rs114161133,2,173350781,rs3108778,0.081
2,173318244,rs114161133,2,173351199,rs2701268,0.207
2,173318244,rs114161133,2,173352157,rs2293648,0.86
2,173318244,rs114161133,2,173352824,rs10930559,0.861
2,173318244,rs114161133,2,173353000,rs138348628,0.858
2,173318244,rs114161133,2,173353060,rs1319059,0.083
2,173318244,rs114161133,2,173355337,rs2737086,0.081
2,173318244,rs114161133,2,173357808,rs11297197,0.083
2,173318244,rs114161133,2,173358225,rs2357635,0.083
2,173318244,rs114161133,2,173358257,rs2357634,0.083
2,173318244,rs114161133,2,173362046,rs79474289,0.862
2,173318244,rs114161133,2,173363917,rs7596665,0.862
2,173318244,rs114161133,2,173364048,rs7570417,0.083
2,173318244,rs114161133,2,173364385,rs5015856,0.083
2,173318244,rs114161133,2,173364668,rs60632036,0.079
2,173318244,rs114161133,2,173366960,rs2293645,0.859
2,173318244,rs114161133,2,173368358,rs16860634,0.859
2,173318244,rs114161133,2,173369231,rs17664,0.082
2,173318244,rs114161133,2,173370689,chr2_173370690_A_INDEL,0.831
2,173318244,rs114161133,2,173371278,rs16860643,0.833
2,173318244,rs114161133,2,173371390,rs79083612,0.083
2,173318244,rs114161133,2,173371462,rs201362294,0.113
2,173318244,rs114161133,2,173371620,rs10576240,0.082
2,173318244,rs114161133,2,173373190,rs1574257,0.184
2,173318244,rs114161133,2,173373831,rs114997784,0.84
2,173318244,rs114161133,2,173374424,rs78534109,0.836
2,173318244,rs114161133,2,173374992,rs5836385,0.082
2,173318244,rs114161133,2,173375391,rs60096331,0.863
2,173318244,rs114161133,2,173375690,rs10205409,0.472
2,173318244,rs114161133,2,173375915,rs10193201,0.083
2,173318244,rs114161133,2,173376319,rs59476799,0.855
2,173318244,rs114161133,2,173377277,rs57404607,0.867
2,173318244,rs114161133,2,173377302,rs59374567,0.868
2,173318244,rs114161133,2,173377384,rs10803874,0.477
2,173318244,rs114161133,2,173378344,rs59970483,0.862
2,173318244,rs114161133,2,173378821,rs13398175,0.188
2,173318244,rs114161133,2,173379230,rs78623829,0.864
2,173318244,rs114161133,2,173382746,rs7575064,0.083
2,173318244,rs114161133,2,173382777,rs115142421,0.862
2,173318244,rs114161133,2,173382986,rs76738244,0.864
2,173318244,rs114161133,2,173383041,rs4972834,0.083
2,173318244,rs114161133,2,173383074,rs4972835,0.083
2,173318244,rs114161133,2,173387668,rs4075604,0.186
2,173318244,rs114161133,2,173387994,rs4246629,0.083
2,173318244,rs114161133,2,173388341,rs4246630,0.083
2,173318244,rs114161133,2,173390343,rs12052921,0.166
2,173318244,rs114161133,2,173390454,rs57121294,0.863
2,173318244,rs114161133,2,173390783,rs59300838,0.166
2,173318244,rs114161133,2,173391652,rs12052408,0.082
2,173318244,rs114161133,2,173392942,rs183141927,0.866
2,173318244,rs114161133,2,173393605,rs116907782,0.867
2,173318244,rs114161133,2,173393903,rs147233048,0.867
2,173318244,rs114161133,2,173394201,rs142731545,0.863
2,173318244,rs114161133,2,173395373,rs75669437,0.87
2,173318244,rs114161133,2,173396150,rs10208469,0.471
2,173318244,rs114161133,2,173396823,rs75073297,0.471
2,173318244,rs114161133,2,173397690,rs12615584,0.869
2,173318244,rs114161133,2,173398027,rs2178477,0.471
2,173318244,rs114161133,2,173398691,rs6710725,0.083
2,173318244,rs114161133,2,173399117,rs7589362,0.471
2,173318244,rs114161133,2,173399767,rs57587465,0.866
2,173318244,rs114161133,2,173400156,chr2_173400157_INDEL_TAA,0.856
2,173318244,rs114161133,2,173400192,rs6715425,0.082
2,173318244,rs114161133,2,173401080,rs149549027,0.473
2,173318244,rs114161133,2,173401123,rs6741759,0.863
2,173318244,rs114161133,2,173401264,rs79481012,0.865
2,173318244,rs114161133,2,173401348,rs56882727,0.866
2,173318244,rs114161133,2,173401494,rs6727229,0.47
2,173318244,rs114161133,2,173401666,rs6730284,0.863
2,173318244,rs114161133,2,173401903,rs6730763,0.186
2,173318244,rs114161133,2,173402381,rs6433364,0.082
2,173318244,rs114161133,2,173402460,2:173402460:C:T,0.866
2,173318244,rs114161133,2,173402847,2:173402847:C:T,0.863
2,173318244,rs114161133,2,173402848,rs7557508,0.161
2,173318244,rs114161133,2,173402863,2:173402863:G:C,0.866
2,173318244,rs114161133,2,173402900,rs7584089,0.216
2,173318244,rs114161133,2,173403028,rs7557674,0.185
2,173318244,rs114161133,2,173403101,rs181480655,0.867
2,173318244,rs114161133,2,173403181,rs185475817,0.863
2,173318244,rs114161133,2,173403330,rs188148040,0.862
2,173318244,rs114161133,2,173404804,rs12052479,0.185
2,173318244,rs114161133,2,173404886,rs7591769,0.164
2,173318244,rs114161133,2,173405330,rs6743174,0.857
2,173318244,rs114161133,2,173406018,rs147340898,0.866
2,173318244,rs114161133,2,173406153,rs12988961,0.081
2,173318244,rs114161133,2,173406196,rs199786352,0.14
2,173318244,rs114161133,2,173406336,rs62167825,0.081
2,173318244,rs114161133,2,173407978,rs35968313,0.081
2,173318244,rs114161133,2,173408345,rs56832945,0.183
2,173318244,rs114161133,2,173408545,rs61194385,0.183
2,173318244,rs114161133,2,173408637,rs71403312,0.183
2,173318244,rs114161133,2,173408788,rs55966259,0.183
2,173318244,rs114161133,2,173408980,rs55978548,0.08
2,173318244,rs114161133,2,173409320,rs138822454,0.864
2,173318244,rs114161133,2,173409587,2:173409587:T:TATAATAATAATA,0.079
2,173318244,rs114161133,2,173410168,rs74355465,0.859
2,173318244,rs114161133,2,173410420,rs34871211,0.181
2,173318244,rs114161133,2,173411004,rs115160117,0.858
2,173318244,rs114161133,2,173411452,rs147137471,0.079
2,173318244,rs114161133,2,173411740,rs6749369,0.079
2,173318244,rs114161133,2,173412351,rs4972840,0.106
2,173318244,rs114161133,2,173412858,rs35022330,0.18
2,173318244,rs114161133,2,173413146,rs12469537,0.179
2,173318244,rs114161133,2,173414077,rs10460364,0.078
2,173318244,rs114161133,2,173415560,rs12151618,0.135
2,173318244,rs114161133,2,173415706,rs78647569,0.791
2,173318244,rs114161133,2,173417021,rs201804330,0.259
2,173318244,rs114161133,2,173417671,rs146565295,0.469
2,173318244,rs114161133,2,173419805,rs10181851,0.174
2,173318244,rs114161133,2,173420024,rs3835124,0.46
2,173318244,rs114161133,2,173420181,rs189484628,0.258
2,173318244,rs114161133,2,173420254,rs3765065,0.174
2,173318244,rs114161133,2,173421249,rs10930561,0.406
2,173318244,rs114161133,2,173422385,rs12465704,0.143
2,173318244,rs114161133,2,173423066,rs8179584,0.401
2,173318244,rs114161133,2,173424075,rs78279758,0.404
2,173318244,rs114161133,2,173424407,rs151175749,0.401
2,173318244,rs114161133,2,173425349,rs6752386,0.142
2,173318244,rs114161133,2,173427420,rs144077428,0.257
2,173318244,rs114161133,2,173427815,rs149671118,0.257
2,173318244,rs114161133,2,173428874,rs6433368,0.138
2,173318244,rs114161133,2,173428969,rs147075956,0.257
2,173318244,rs114161133,2,173430707,rs10930562,0.145
2,173318244,rs114161133,2,173431040,rs10930563,0.403
2,173318244,rs114161133,2,173431286,rs74725860,0.256
2,173318244,rs114161133,2,173432354,rs3769321,0.142
2,173318244,rs114161133,2,173433186,rs2290563,0.125
2,173318244,rs114161133,2,173433397,rs115287164,0.256
2,173318244,rs114161133,2,173434791,rs145625378,0.256
2,173318244,rs114161133,2,173435366,rs187304882,0.256
2,173318244,rs114161133,2,173435882,rs111582980,0.252
2,173318244,rs114161133,2,173436136,rs147130811,0.256
2,173318244,rs114161133,2,173438390,rs60256439,0.397
2,173318244,rs114161133,2,173440945,rs12467086,0.404
2,173318244,rs114161133,2,173440996,rs151296755,0.256
2,173318244,rs114161133,2,173441448,rs62167835,0.142
2,173318244,rs114161133,2,173441749,rs146559654,0.256
2,173318244,rs114161133,2,173444462,rs6738196,0.142
2,173318244,rs114161133,2,173444805,rs34421752,0.147
2,173318244,rs114161133,2,173445325,rs12476089,0.126
2,173318244,rs114161133,2,173446115,rs10930564,0.404
2,173318244,rs114161133,2,173446350,rs139756689,0.403
2,173318244,rs114161133,2,173447953,rs200616693,0.256
2,173318244,rs114161133,2,173448040,2:173448040:T:A,0.253
2,173318244,rs114161133,2,173448383,rs74265086,0.403
2,173318244,rs114161133,2,173448940,rs140037972,0.403
2,173318244,rs114161133,2,173450756,rs11884789,0.126
2,173318244,rs114161133,2,173451074,rs36014095,0.256
2,173318244,rs114161133,2,173451423,rs142400899,0.256
2,173318244,rs114161133,2,173452006,rs118107311,0.403
2,173318244,rs114161133,2,173452086,rs140419740,0.256
2,173318244,rs114161133,2,173452754,rs6710129,0.142
2,173318244,rs114161133,2,173453278,rs16860693,0.399
2,173318244,rs114161133,2,173453471,rs117897460,0.403
2,173318244,rs114161133,2,173454235,rs10930565,0.142
2,173318244,rs114161133,2,173454364,rs76624092,0.403
2,173318244,rs114161133,2,173455878,rs79246370,0.295
2,173318244,rs114161133,2,173456039,rs77843385,0.295
2,173318244,rs114161133,2,173456679,rs34051646,0.132
2,173318244,rs114161133,2,173457309,rs76751608,0.294
2,173318244,rs114161133,2,173458474,rs144993153,0.255
2,173318244,rs114161133,2,173459207,rs140758228,0.255
2,173318244,rs114161133,2,173460803,rs1530864,0.294
2,173318244,rs114161133,2,173461090,rs1530865,0.292
2,173318244,rs114161133,2,173461799,rs70937083,0.294
2,173318244,rs114161133,2,173461820,rs11904158,0.131
2,173318244,rs114161133,2,173462593,rs70937084,0.294
2,173318244,rs114161133,2,173463138,rs2357637,0.293
2,173318244,rs114161133,2,173463632,rs116468908,0.254
2,173318244,rs114161133,2,173464827,rs111549287,0.249
2,173318244,rs114161133,2,173465196,rs1075638,0.141
2,173318244,rs114161133,2,173465440,rs150410446,0.254
2,173318244,rs114161133,2,173467213,rs12693006,0.117
2,173318244,rs114161133,2,173467301,rs13019331,0.131
2,173318244,rs114161133,2,173468284,rs7584769,0.131
2,173318244,rs114161133,2,173468990,rs140937483,0.269
2,173318244,rs114161133,2,173469243,rs56293809,0.169
2,173318244,rs114161133,2,173469332,rs61505737,0.292
2,173318244,rs114161133,2,173470019,rs145482472,0.254
2,173318244,rs114161133,2,173470186,rs77271607,0.294
2,173318244,rs114161133,2,173470781,rs79037658,0.293
2,173318244,rs114161133,2,173472783,rs138272729,0.252
2,173318244,rs114161133,2,173473281,rs13401676,0.117
2,173318244,rs114161133,2,173474018,rs75202749,0.198
2,173318244,rs114161133,2,173474675,rs146866822,0.253
2,173318244,rs114161133,2,173475148,rs190575002,0.279
2,173318244,rs114161133,2,173477755,rs143440446,0.252
2,173318244,rs114161133,2,173478971,rs12476204,0.093
2,173318244,rs114161133,2,173479274,rs1133602,0.093
2,173318244,rs114161133,2,173479797,rs1868901,0.093
2,173318244,rs114161133,2,173479810,rs116554507,0.108
2,173318244,rs114161133,2,173480576,rs13024563,0.093
2,173318244,rs114161133,2,173480713,rs78205119,0.193
2,173318244,rs114161133,2,173480714,rs77511817,0.193
2,173318244,rs114161133,2,173480923,rs201794748,0.109
2,173318244,rs114161133,2,173482108,rs78132475,0.193
2,173318244,rs114161133,2,173482678,rs1010752,0.191
2,173318244,rs114161133,2,173483202,rs17753572,0.107
2,173318244,rs114161133,2,173483991,rs142247390,0.081
2,173318244,rs114161133,2,173484283,rs13015260,0.092
2,173318244,rs114161133,2,173484390,rs16860737,0.092
2,173318244,rs114161133,2,173485683,rs35046889,0.091
2,173318244,rs114161133,2,173486335,rs35892983,0.09
2,173318244,rs114161133,2,173486373,rs36224031,0.227
2,173318244,rs114161133,2,173486622,rs187504991,0.274
2,173318244,rs114161133,2,173486721,rs16860741,0.09
2,173318244,rs114161133,2,173489046,rs12465512,0.227
2,173318244,rs114161133,2,173489290,rs146423353,0.08
2,173318244,rs114161133,2,173489501,rs144684871,0.08
2,173318244,rs114161133,2,173490385,rs12693008,0.09
2,173318244,rs114161133,2,173491479,rs10930566,0.226
2,173318244,rs114161133,2,173491489,rs11296337,0.081
2,173318244,rs114161133,2,173491591,rs10930567,0.226
2,173318244,rs114161133,2,173493879,rs1531150,0.09
2,173318244,rs114161133,2,173493886,rs1531149,0.224
2,173318244,rs114161133,2,173493892,rs1531148,0.225
2,173318244,rs114161133,2,173493948,rs2606072,0.107
2,173318244,rs114161133,2,173494143,rs6733679,0.09
2,173318244,rs114161133,2,173494214,rs6718681,0.224
2,173318244,rs114161133,2,173494375,rs6719140,0.223
2,173318244,rs114161133,2,173494422,rs2599268,0.091
2,173318244,rs114161133,2,173494489,rs2606070,0.091
2,173318244,rs114161133,2,173494732,rs1869923,0.091
2,173318244,rs114161133,2,173495386,rs147116357,0.108
2,173318244,rs114161133,2,173495468,rs147241626,0.108
2,173318244,rs114161133,2,173495629,rs2599266,0.091
2,173318244,rs114161133,2,173495678,rs2606067,0.09
2,173318244,rs114161133,2,173495868,rs2606066,0.09
2,173318244,rs114161133,2,173495909,rs2606065,0.091
2,173318244,rs114161133,2,173495983,rs2599265,0.091
2,173318244,rs114161133,2,173496136,rs2599264,0.091
2,173318244,rs114161133,2,173496145,rs2599263,0.091
2,173318244,rs114161133,2,173496267,rs10661367,0.09
2,173318244,rs114161133,2,173496268,rs11313460,0.09
2,173318244,rs114161133,2,173496557,rs2599262,0.091
2,173318244,rs114161133,2,173496726,rs115566888,0.108
2,173318244,rs114161133,2,173496752,rs2599261,0.09
2,173318244,rs114161133,2,173496753,rs147080643,0.224
2,173318244,rs114161133,2,173497147,rs2606064,0.091
2,173318244,rs114161133,2,173497396,rs2606063,0.091
2,173318244,rs114161133,2,173497441,rs2599260,0.09
2,173318244,rs114161133,2,173497447,rs138714080,0.255
2,173318244,rs114161133,2,173497492,rs2606062,0.09
2,173318244,rs114161133,2,173497640,rs6731354,0.091
2,173318244,rs114161133,2,173497939,rs142280784,0.09
2,173318244,rs114161133,2,173498025,rs836634,0.09
2,173318244,rs114161133,2,173498303,rs142440161,0.091
2,173318244,rs114161133,2,173498990,rs71403327,0.09
2,173318244,rs114161133,2,173499184,rs142665061,0.108
2,173318244,rs114161133,2,173499275,rs836632,0.091
2,173318244,rs114161133,2,173499572,rs836631,0.09
2,173318244,rs114161133,2,173500048,rs836630,0.091
2,173318244,rs114161133,2,173500225,rs836629,0.091
2,173318244,rs114161133,2,173500423,rs2606073,0.092
2,173318244,rs114161133,2,173500426,rs2606074,0.09
2,173318244,rs114161133,2,173501069,rs836628,0.336
2,173318244,rs114161133,2,173501568,rs836626,0.103
2,173318244,rs114161133,2,173505751,2:173505751:C:T,0.113
2,173318244,rs114161133,2,173506589,rs836623,0.094
2,173318244,rs114161133,2,173507270,rs836622,0.094
2,173318244,rs114161133,2,173507354,rs836621,0.094
2,173318244,rs114161133,2,173507816,rs836620,0.105
2,173318244,rs114161133,2,173508467,rs60127617,0.223
2,173318244,rs114161133,2,173508517,rs836619,0.096
2,173318244,rs114161133,2,173510140,rs836618,0.096
2,173318244,rs114161133,2,173510520,rs77437224,0.223
2,173318244,rs114161133,2,173511233,rs71018509,0.085
2,173318244,rs114161133,2,173512112,rs80158804,0.223
2,173318244,rs114161133,2,173512297,rs836617,0.106
2,173318244,rs114161133,2,173512549,rs2122833,0.223
2,173318244,rs114161133,2,173512756,rs836616,0.106
2,173318244,rs114161133,2,173513266,rs836615,0.096
2,173318244,rs114161133,2,173513370,rs836614,0.105
2,173318244,rs114161133,2,173513915,rs836613,0.096
2,173318244,rs114161133,2,173514201,rs1097478,0.106
2,173318244,rs114161133,2,173514355,rs12617037,0.223
2,173318244,rs114161133,2,173514953,rs137897332,0.223
2,173318244,rs114161133,2,173515608,rs150114371,0.223
2,173318244,rs114161133,2,173515891,rs200898752,0.223
2,173318244,rs114161133,2,173515910,rs1097477,0.108
2,173318244,rs114161133,2,173516278,rs1097476,0.095
2,173318244,rs114161133,2,173517103,rs1097475,0.096
2,173318244,rs114161133,2,173517732,rs1097474,0.096
2,173318244,rs114161133,2,173518104,rs12620518,0.223
2,173318244,rs114161133,2,173519022,rs836611,0.096
2,173318244,rs114161133,2,173519683,rs80112685,0.347
2,173318244,rs114161133,2,173520084,rs34043892,0.106
2,173318244,rs114161133,2,173520412,rs79060028,0.223
2,173318244,rs114161133,2,173521724,rs836610,0.096
2,173318244,rs114161133,2,173522044,rs61121406,0.222
2,173318244,rs114161133,2,173522073,rs10930568,0.222
2,173318244,rs114161133,2,173522194,rs836609,0.096
2,173318244,rs114161133,2,173522281,rs836608,0.105
2,173318244,rs114161133,2,173522525,rs58324965,0.222
2,173318244,rs114161133,2,173523661,rs836606,0.096
2,173318244,rs114161133,2,173524458,rs836605,0.096
2,173318244,rs114161133,2,173528547,rs836603,0.096
2,173318244,rs114161133,2,173528686,rs836602,0.096
2,173318244,rs114161133,2,173528947,rs139394539,0.223
2,173318244,rs114161133,2,173530209,rs16860781,0.222
2,173318244,rs114161133,2,173530739,rs75279049,0.288
2,173318244,rs114161133,2,173531476,rs836643,0.221
2,173318244,rs114161133,2,173531721,rs78370943,0.222
2,173318244,rs114161133,2,173532650,rs78373236,0.222
2,173318244,rs114161133,2,173533322,rs16860789,0.221
2,173318244,rs114161133,2,173535585,rs12052531,0.22
2,173318244,rs114161133,2,173537366,rs12052642,0.119
2,173318244,rs114161133,2,173537624,rs76262493,0.219
2,173318244,rs114161133,2,173541814,rs836639,0.119
2,173318244,rs114161133,2,173542006,rs6743273,0.118
2,173318244,rs114161133,2,173542351,rs74695195,0.198
2,173318244,rs114161133,2,173544598,rs202155687,0.215
2,173318244,rs114161133,2,173544600,rs201599279,0.215
2,173318244,rs114161133,2,173544881,rs80179683,0.153
2,173318244,rs114161133,2,173546061,rs113863115,0.118
2,173318244,rs114161133,2,173546667,rs144216493,0.215
2,173318244,rs114161133,2,173547593,rs142624099,0.215
2,173318244,rs114161133,2,173548956,rs142672844,0.11
2,173318244,rs114161133,2,173553567,rs10930569,0.118
2,173318244,rs114161133,2,173553609,rs12621044,0.217
2,173318244,rs114161133,2,173554461,2:173554461:A:<CN0>:173556241,0.215
2,173318244,rs114161133,2,173556458,rs72489033,0.215
2,173318244,rs114161133,2,173556523,rs77048077,0.215
2,173318244,rs114161133,2,173557204,rs59578456,0.215
2,173318244,rs114161133,2,173557656,rs74791596,0.215
2,173318244,rs114161133,2,173558117,rs12464110,0.215
2,173318244,rs114161133,2,173559068,rs6733671,0.215
2,173318244,rs114161133,2,173559952,rs836601,0.151
2,173318244,rs114161133,2,173560676,rs77771090,0.215
2,173318244,rs114161133,2,173562031,rs6709144,0.216
2,173318244,rs114161133,2,173562518,rs201760103,0.216
2,173318244,rs114161133,2,173564206,rs76130765,0.079
2,173318244,rs114161133,2,173564514,rs6433376,0.118
2,173318244,rs114161133,2,173564638,rs12465795,0.216
2,173318244,rs114161133,2,173566360,rs77170493,0.216
2,173318244,rs114161133,2,173566933,rs74265101,0.216
2,173318244,rs114161133,2,173567130,rs13423020,0.118
2,173318244,rs114161133,2,173568165,rs12469378,0.216
2,173318244,rs114161133,2,173568964,rs77143891,0.216
2,173318244,rs114161133,2,173569663,rs12617921,0.216
2,173318244,rs114161133,2,173570074,rs12618078,0.216
2,173318244,rs114161133,2,173570130,rs12618102,0.118
2,173318244,rs114161133,2,173570239,rs12618132,0.216
2,173318244,rs114161133,2,173574330,rs4395226,0.114
2,173318244,rs114161133,2,173575559,rs17703369,0.105
2,173318244,rs114161133,2,173577218,rs836599,0.11
2,173318244,rs114161133,2,173577528,rs836598,0.112
2,173318244,rs114161133,2,173585255,rs79134870,0.161
2,173318244,rs114161133,2,173592148,rs767072,0.066
2,173318244,rs114161133,2,173594221,chr2_173594221_C_G,0.288
2,173318244,rs114161133,2,173594529,chr2_173594529_A_C,0.287
2,173318244,rs114161133,2,173597991,rs114579611,0.29
2,173318244,rs114161133,2,173599935,rs3813813,0.137
2,173318244,rs114161133,2,173600354,rs115317121,0.081
2,173318244,rs114161133,2,173601067,rs4142876,0.066
2,173318244,rs114161133,2,173601206,rs75118902,0.286
2,173318244,rs114161133,2,173601476,rs13023428,0.084
2,173318244,rs114161133,2,173602130,rs6433377,0.083
2,173318244,rs114161133,2,173602501,2:173602501:T:TCAATAAGTTAAGGGTTTTAGGC,0.29
2,173318244,rs114161133,2,173603619,rs13410779,0.191
2,173318244,rs114161133,2,173604224,rs2884281,0.07
2,173318244,rs114161133,2,173604430,chr2_173604430_C_T,0.286
2,173318244,rs114161133,2,173604695,rs74493482,0.286
2,173318244,rs114161133,2,173605127,rs72893054,0.102
2,173318244,rs114161133,2,173605428,rs76879663,0.286
2,173318244,rs114161133,2,173607268,rs79817679,0.286
2,173318244,rs114161133,2,173608201,rs10193942,0.083
2,173318244,rs114161133,2,173620524,rs6433380,0.062
2,173318244,rs114161133,2,173622459,rs12619176,0.061
2,173318244,rs114161133,2,173628580,rs4972854,0.059
2,173318244,rs114161133,2,173635424,rs7563076,0.062
2,173318244,rs114161133,2,173637947,rs2042562,0.06
2,173318244,rs114161133,2,173684638,chr2_173684638_C_T,0.11
