CHR_A,BP_A,SNP_A,CHR_B,BP_B,SNP_B,R2
23,66865496,rs5919402,23,66523269,rs5965384,0.76
23,66865496,rs5919402,23,66525226,rs144170249,0.097
23,66865496,rs5919402,23,66525896,rs5919367,0.76
23,66865496,rs5919402,23,66527267,chrX_66527267_C_G,0.76
23,66865496,rs5919402,23,66527450,rs187942794,0.097
23,66865496,rs5919402,23,66530227,chrX:66530227:D,0.753
23,66865496,rs5919402,23,66530532,chrX_66530532_A_G,0.76
23,66865496,rs5919402,23,66530816,rs2878641,0.76
23,66865496,rs5919402,23,66531053,rs5918740,0.759
23,66865496,rs5919402,23,66531194,rs73227812,0.286
23,66865496,rs5919402,23,66531674,rs146679541,0.409
23,66865496,rs5919402,23,66531823,rs188168786,0.395
23,66865496,rs5919402,23,66531881,rs5919370,0.76
23,66865496,rs5919402,23,66533183,rs113280870,0.286
23,66865496,rs5919402,23,66535101,rs2336173,0.76
23,66865496,rs5919402,23,66535268,rs5965385,0.76
23,66865496,rs5919402,23,66537333,rs62602951,0.628
23,66865496,rs5919402,23,66538729,chrX_66538729_A_G,0.759
23,66865496,rs5919402,23,66539021,chrX_66539021_A_G,0.76
23,66865496,rs5919402,23,66540111,chrX_66540111_A_G,0.76
23,66865496,rs5919402,23,66540666,rs12689682,0.76
23,66865496,rs5919402,23,66540710,rs5919374,0.76
23,66865496,rs5919402,23,66541098,chrX_66541098_A_G,0.26
23,66865496,rs5919402,23,66542052,rs140729180,0.395
23,66865496,rs5919402,23,66543638,rs145366851,0.287
23,66865496,rs5919402,23,66545134,rs137896380,0.759
23,66865496,rs5919402,23,66545214,rs5965386,0.76
23,66865496,rs5919402,23,66545294,rs5919375,0.759
23,66865496,rs5919402,23,66545308,rs5919376,0.76
23,66865496,rs5919402,23,66545561,rs5919377,0.76
23,66865496,rs5919402,23,66545593,rs5919378,0.757
23,66865496,rs5919402,23,66546633,rs5965387,0.409
23,66865496,rs5919402,23,66547225,rs5965388,0.76
23,66865496,rs5919402,23,66547969,rs4535880,0.409
23,66865496,rs5919402,23,66548893,rs5919380,0.76
23,66865496,rs5919402,23,66548980,chrX_66548980_A_G,0.76
23,66865496,rs5919402,23,66549965,rs10126534,0.411
23,66865496,rs5919402,23,66551140,rs4827541,0.76
23,66865496,rs5919402,23,66551915,chrX_66551915_G_T,0.76
23,66865496,rs5919402,23,66553458,rs4827542,0.76
23,66865496,rs5919402,23,66553498,chrX_66553498_G_T,0.76
23,66865496,rs5919402,23,66554840,rs5918745,0.76
23,66865496,rs5919402,23,66555864,chrX_66555864_A_T,0.76
23,66865496,rs5919402,23,66557293,chrX_66557293_C_T,0.412
23,66865496,rs5919402,23,66557827,rs73227819,0.285
23,66865496,rs5919402,23,66558178,chrX_66558178_C_T,0.762
23,66865496,rs5919402,23,66558336,chrX_66558336_C_T,0.761
23,66865496,rs5919402,23,66561522,rs73227820,0.286
23,66865496,rs5919402,23,66563018,rs2497938,0.765
23,66865496,rs5919402,23,66564014,chrX_66564014_A_C,0.764
23,66865496,rs5919402,23,66564087,chrX_66564087_A_C,0.764
23,66865496,rs5919402,23,66564352,chrX_66564352_G_T,0.764
23,66865496,rs5919402,23,66564833,chrX_66564833_A_G,0.764
23,66865496,rs5919402,23,66565671,chrX_66565671_C_G,0.764
23,66865496,rs5919402,23,66566096,chrX_66566096_G_T,0.764
23,66865496,rs5919402,23,66566450,chrX_66566450_A_G,0.764
23,66865496,rs5919402,23,66567742,chrX_66567742_A_G,0.764
23,66865496,rs5919402,23,66567962,chrX_66567962_C_G,0.764
23,66865496,rs5919402,23,66569375,chrX_66569375_A_G,0.764
23,66865496,rs5919402,23,66569440,rs2207082,0.764
23,66865496,rs5919402,23,66570171,chrX_66570171_A_G,0.764
23,66865496,rs5919402,23,66570727,chrX_66570727_A_G,0.764
23,66865496,rs5919402,23,66571037,chrX_66571037_A_G,0.764
23,66865496,rs5919402,23,66571454,chrX_66571454_A_G,0.764
23,66865496,rs5919402,23,66571719,chrX_66571719_G_T,0.764
23,66865496,rs5919402,23,66572482,chrX_66572482_A_G,0.194
23,66865496,rs5919402,23,66573053,chrX_66573053_A_G,0.764
23,66865496,rs5919402,23,66573698,chrX_66573698_A_G,0.764
23,66865496,rs5919402,23,66573743,chrX_66573743_C_T,0.764
23,66865496,rs5919402,23,66575013,rs181014823,0.095
23,66865496,rs5919402,23,66576324,chrX_66576324_C_T,0.764
23,66865496,rs5919402,23,66576473,chrX_66576473_A_G,0.765
23,66865496,rs5919402,23,66578741,rs2473890,0.766
23,66865496,rs5919402,23,66578997,rs2473889,0.765
23,66865496,rs5919402,23,66581135,rs2207079,0.766
23,66865496,rs5919402,23,66583219,rs138130029,0.767
23,66865496,rs5919402,23,66584287,rs55738566,0.767
23,66865496,rs5919402,23,66586115,rs73227833,0.287
23,66865496,rs5919402,23,66586571,chrX_66586571_C_T,0.765
23,66865496,rs5919402,23,66587283,rs73227835,0.286
23,66865496,rs5919402,23,66587564,rs145057577,0.193
23,66865496,rs5919402,23,66588201,rs2473883,0.767
23,66865496,rs5919402,23,66592078,rs2497949,0.767
23,66865496,rs5919402,23,66593211,chrX_66593211_C_T,0.742
23,66865496,rs5919402,23,66594058,rs62621370,0.291
23,66865496,rs5919402,23,66595134,rs2497951,0.767
23,66865496,rs5919402,23,66595374,rs73227837,0.243
23,66865496,rs5919402,23,66596289,chrX_66596289_A_C,0.417
23,66865496,rs5919402,23,66596650,rs73227838,0.287
23,66865496,rs5919402,23,66597497,rs55653341,0.287
23,66865496,rs5919402,23,66598266,rs2497952,0.767
23,66865496,rs5919402,23,66599566,chrX:66599566:I,0.766
23,66865496,rs5919402,23,66600391,rs73227840,0.287
23,66865496,rs5919402,23,66602344,rs2473879,0.767
23,66865496,rs5919402,23,66603773,rs73227844,0.289
23,66865496,rs5919402,23,66604559,chrX_66604559_A_G,0.767
23,66865496,rs5919402,23,66605212,rs2473876,0.767
23,66865496,rs5919402,23,66605693,chrX_66605693_A_G,0.767
23,66865496,rs5919402,23,66606874,rs73633109,0.416
23,66865496,rs5919402,23,66607829,rs2497905,0.767
23,66865496,rs5919402,23,66607883,rs2473873,0.767
23,66865496,rs5919402,23,66609750,rs58638231,0.734
23,66865496,rs5919402,23,66609972,rs2497906,0.767
23,66865496,rs5919402,23,66610294,rs139773737,0.767
23,66865496,rs5919402,23,66611190,rs5965398,0.766
23,66865496,rs5919402,23,66612671,rs138092448,0.096
23,66865496,rs5919402,23,66613034,rs2473871,0.767
23,66865496,rs5919402,23,66613181,chrX_66613181_C_T,0.767
23,66865496,rs5919402,23,66616059,rs149676935,0.096
23,66865496,rs5919402,23,66616938,rs5965399,0.767
23,66865496,rs5919402,23,66616971,rs5965400,0.767
23,66865496,rs5919402,23,66617387,rs146174045,0.766
23,66865496,rs5919402,23,66617761,rs2473869,0.295
23,66865496,rs5919402,23,66617877,rs58078856,0.289
23,66865496,rs5919402,23,66617992,rs2497908,0.767
23,66865496,rs5919402,23,66622554,chrX_66622554_A_T,0.768
23,66865496,rs5919402,23,66623650,rs56280991,0.289
23,66865496,rs5919402,23,66624459,chrX_66624459_C_G,0.766
23,66865496,rs5919402,23,66625014,rs112662541,0.425
23,66865496,rs5919402,23,66625036,rs143380473,0.096
23,66865496,rs5919402,23,66627276,chrX_66627276_A_G,0.414
23,66865496,rs5919402,23,66627440,chrX_66627440_A_C,0.767
23,66865496,rs5919402,23,66627727,rs181298896,0.067
23,66865496,rs5919402,23,66628872,rs2497912,0.767
23,66865496,rs5919402,23,66628879,rs2497913,0.767
23,66865496,rs5919402,23,66629057,rs2103756,0.768
23,66865496,rs5919402,23,66629362,rs143465953,0.768
23,66865496,rs5919402,23,66629414,rs146551495,0.768
23,66865496,rs5919402,23,66630136,rs148953258,0.416
23,66865496,rs5919402,23,66632343,chrX_66632343_A_G,0.767
23,66865496,rs5919402,23,66633486,rs150006114,0.768
23,66865496,rs5919402,23,66633944,rs2497920,0.768
23,66865496,rs5919402,23,66634993,rs2473866,0.768
23,66865496,rs5919402,23,66635956,rs5964599,0.416
23,66865496,rs5919402,23,66636222,rs2497921,0.768
23,66865496,rs5919402,23,66638085,rs137929854,0.416
23,66865496,rs5919402,23,66639848,chrX_66639848_C_G,0.767
23,66865496,rs5919402,23,66640413,chrX_66640413_A_C,0.767
23,66865496,rs5919402,23,66641840,chrX:66641840:D,0.768
23,66865496,rs5919402,23,66642076,chrX:66642076:I,0.768
23,66865496,rs5919402,23,66647061,rs2497927,0.768
23,66865496,rs5919402,23,66648200,rs189739622,0.092
23,66865496,rs5919402,23,66648216,chrX_66648216_A_C,0.767
23,66865496,rs5919402,23,66648532,rs2497929,0.768
23,66865496,rs5919402,23,66650755,rs73227859,0.096
23,66865496,rs5919402,23,66652704,chrX_66652704_A_C,0.765
23,66865496,rs5919402,23,66654497,chrX_66654497_A_G,0.768
23,66865496,rs5919402,23,66656072,chrX_66656072_G_T,0.317
23,66865496,rs5919402,23,66656276,chrX_66656276_A_C,0.295
23,66865496,rs5919402,23,66656544,chrX_66656544_A_G,0.767
23,66865496,rs5919402,23,66661101,rs73227860,0.288
23,66865496,rs5919402,23,66661475,chrX_66661475_G_T,0.399
23,66865496,rs5919402,23,66662737,rs2473850,0.768
23,66865496,rs5919402,23,66664083,chrX_66664083_G_T,0.528
23,66865496,rs5919402,23,66664219,rs2497934,0.769
23,66865496,rs5919402,23,66664266,chrX_66664266_A_G,0.767
23,66865496,rs5919402,23,66667908,rs111515468,0.432
23,66865496,rs5919402,23,66670566,rs28833542,0.431
23,66865496,rs5919402,23,66672538,rs73633114,0.423
23,66865496,rs5919402,23,66672745,rs59361198,0.941
23,66865496,rs5919402,23,66672762,rs142350857,0.431
23,66865496,rs5919402,23,66672770,rs57135892,0.941
23,66865496,rs5919402,23,66673443,chrX_66673443_A_T,0.405
23,66865496,rs5919402,23,66673893,rs59546702,0.931
23,66865496,rs5919402,23,66676951,rs57749033,0.947
23,66865496,rs5919402,23,66678544,rs150304430,0.434
23,66865496,rs5919402,23,66678600,rs12012453,0.434
23,66865496,rs5919402,23,66681506,rs184242887,0.193
23,66865496,rs5919402,23,66681507,rs143914254,0.427
23,66865496,rs5919402,23,66683678,rs12115865,0.435
23,66865496,rs5919402,23,66687862,rs150067223,0.101
23,66865496,rs5919402,23,66691372,rs4045943,0.413
23,66865496,rs5919402,23,66691652,rs146114741,0.912
23,66865496,rs5919402,23,66693516,rs148632807,0.299
23,66865496,rs5919402,23,66694248,rs9969875,0.949
23,66865496,rs5919402,23,66695213,rs146997859,0.436
23,66865496,rs5919402,23,66695214,rs151253859,0.435
23,66865496,rs5919402,23,66698354,rs5965417,0.954
23,66865496,rs5919402,23,66699050,rs6624298,0.433
23,66865496,rs5919402,23,66699597,rs5965418,0.434
23,66865496,rs5919402,23,66700506,rs59030905,0.416
23,66865496,rs5919402,23,66701939,rs2207042,0.438
23,66865496,rs5919402,23,66703833,rs143787173,0.439
23,66865496,rs5919402,23,66704545,rs141099949,0.439
23,66865496,rs5919402,23,66707389,rs2207041,0.949
23,66865496,rs5919402,23,66709169,rs7886427,0.44
23,66865496,rs5919402,23,66710281,rs149305933,0.437
23,66865496,rs5919402,23,66710650,rs7878890,0.931
23,66865496,rs5919402,23,66712015,rs185748303,0.101
23,66865496,rs5919402,23,66714222,rs143016466,0.325
23,66865496,rs5919402,23,66715616,rs5964601,0.428
23,66865496,rs5919402,23,66716206,chrX_66716206_C_T,0.412
23,66865496,rs5919402,23,66717072,rs7881314,0.951
23,66865496,rs5919402,23,66719160,chrX_66719160_A_G,0.428
23,66865496,rs5919402,23,66719635,rs5965420,0.953
23,66865496,rs5919402,23,66720177,rs112576028,0.436
23,66865496,rs5919402,23,66721181,rs60451325,0.44
23,66865496,rs5919402,23,66721994,rs138676155,0.44
23,66865496,rs5919402,23,66723011,rs67711765,0.953
23,66865496,rs5919402,23,66724248,rs148800291,0.411
23,66865496,rs5919402,23,66724832,rs111609530,0.438
23,66865496,rs5919402,23,66726506,rs6525177,0.954
23,66865496,rs5919402,23,66729134,rs111961139,0.436
23,66865496,rs5919402,23,66732248,rs111639788,0.434
23,66865496,rs5919402,23,66732416,rs190587685,0.068
23,66865496,rs5919402,23,66734400,rs4294320,0.434
23,66865496,rs5919402,23,66734917,rs113130335,0.441
23,66865496,rs5919402,23,66737184,rs7067035,0.434
23,66865496,rs5919402,23,66739616,rs5965422,0.955
23,66865496,rs5919402,23,66744091,chrX:66744091:I,0.434
23,66865496,rs5919402,23,66744396,rs5964602,0.952
23,66865496,rs5919402,23,66745457,rs111880593,0.437
23,66865496,rs5919402,23,66745964,chrX_66745964_A_G,0.429
23,66865496,rs5919402,23,66748355,chrX_66748355_A_C,0.439
23,66865496,rs5919402,23,66748723,rs5965423,0.434
23,66865496,rs5919402,23,66749039,chrX_66749039_A_T,0.208
23,66865496,rs5919402,23,66749962,rs7883573,0.434
23,66865496,rs5919402,23,66751555,rs7888856,0.954
23,66865496,rs5919402,23,66755403,rs17302090,0.44
23,66865496,rs5919402,23,66765627,rs6152,0.959
23,66865496,rs5919402,23,66772693,rs149059561,0.434
23,66865496,rs5919402,23,66777066,rs12396249,0.954
23,66865496,rs5919402,23,66785748,rs1204040,0.96
23,66865496,rs5919402,23,66786016,rs1204039,0.963
23,66865496,rs5919402,23,66788225,rs1204038,0.962
23,66865496,rs5919402,23,66793745,chrX_66793745_A_C,0.196
23,66865496,rs5919402,23,66796087,rs2767564,0.965
23,66865496,rs5919402,23,66798111,rs2255702,0.966
23,66865496,rs5919402,23,66802586,rs147653989,0.1
23,66865496,rs5919402,23,66804969,rs2361629,0.962
23,66865496,rs5919402,23,66806030,rs5918757,0.96
23,66865496,rs5919402,23,66812459,rs2361630,0.967
23,66865496,rs5919402,23,66822163,rs7061037,0.968
23,66865496,rs5919402,23,66823106,chrX_66823106_A_G,0.439
23,66865496,rs5919402,23,66825357,rs5919393,0.975
23,66865496,rs5919402,23,66828385,rs4827545,0.969
23,66865496,rs5919402,23,66828653,rs5965429,0.391
23,66865496,rs5919402,23,66829060,rs4827546,0.975
23,66865496,rs5919402,23,66830509,rs5918758,0.975
23,66865496,rs5919402,23,66831223,rs4827547,0.97
23,66865496,rs5919402,23,66836700,rs5919394,0.982
23,66865496,rs5919402,23,66838080,rs5919395,0.977
23,66865496,rs5919402,23,66838751,rs5918760,0.984
23,66865496,rs5919402,23,66841382,rs5919396,0.986
23,66865496,rs5919402,23,66845749,rs5919397,0.818
23,66865496,rs5919402,23,66846382,rs5919398,0.972
23,66865496,rs5919402,23,66847390,rs150972173,0.452
23,66865496,rs5919402,23,66853776,rs112318058,0.454
23,66865496,rs5919402,23,66854931,chrX_66854931_A_C,0.425
23,66865496,rs5919402,23,66858321,rs4459010,0.996
23,66865496,rs5919402,23,66859225,rs4451455,0.45
23,66865496,rs5919402,23,66861334,rs112301335,0.46
23,66865496,rs5919402,23,66864549,rs112595843,0.46
23,66865496,rs5919402,23,66865496,rs5919402,1
23,66865496,rs5919402,23,66875756,rs6624304,0.995
23,66865496,rs5919402,23,66878919,rs1337080,0.447
23,66865496,rs5919402,23,66879592,rs141128751,0.459
23,66865496,rs5919402,23,66880292,rs4497110,0.445
23,66865496,rs5919402,23,66881583,rs4446868,0.929
23,66865496,rs5919402,23,66882245,rs4827402,0.446
23,66865496,rs5919402,23,66884362,rs141529844,0.456
23,66865496,rs5919402,23,66886142,rs35847971,0.459
23,66865496,rs5919402,23,66887157,rs5919403,0.449
23,66865496,rs5919402,23,66888246,rs149966799,0.103
23,66865496,rs5919402,23,66890435,rs6625199,0.995
23,66865496,rs5919402,23,66891487,rs4827549,0.449
23,66865496,rs5919402,23,66896852,chrX_66896852_A_G,0.428
23,66865496,rs5919402,23,66898195,rs112783354,0.458
23,66865496,rs5919402,23,66902792,rs112246840,0.455
23,66865496,rs5919402,23,66903360,chrX_66903360_A_C,0.199
23,66865496,rs5919402,23,66907459,rs5919408,0.993
23,66865496,rs5919402,23,66909171,chrX_66909171_C_G,0.446
23,66865496,rs5919402,23,66910604,chrX_66910604_A_T,0.448
23,66865496,rs5919402,23,66911754,rs113590093,0.458
23,66865496,rs5919402,23,66914801,rs5918762,0.992
23,66865496,rs5919402,23,66915607,rs7065530,0.461
23,66865496,rs5919402,23,66915656,rs112320270,0.457
23,66865496,rs5919402,23,66916151,rs150956476,0.445
23,66865496,rs5919402,23,66916654,chrX_66916654_C_T,0.461
23,66865496,rs5919402,23,66917619,rs112133186,0.457
23,66865496,rs5919402,23,66918091,chrX_66918091_C_T,0.461
23,66865496,rs5919402,23,66918453,chrX_66918453_C_T,0.461
23,66865496,rs5919402,23,66918713,rs5919411,0.448
23,66865496,rs5919402,23,66919520,chrX_66919520_A_G,0.461
23,66865496,rs5919402,23,66920872,rs113651505,0.457
23,66865496,rs5919402,23,66922794,rs58597866,0.461
23,66865496,rs5919402,23,66925877,rs62605198,0.993
23,66865496,rs5919402,23,66927168,rs148077974,0.461
23,66865496,rs5919402,23,66927342,rs146655601,0.457
23,66865496,rs5919402,23,66927418,rs5919412,0.848
23,66865496,rs5919402,23,66928499,rs149630787,0.457
23,66865496,rs5919402,23,66928586,rs144380584,0.457
23,66865496,rs5919402,23,66931037,rs61530657,0.457
23,66865496,rs5919402,23,66935150,chrX:66935150:I,0.461
23,66865496,rs5919402,23,66936344,chrX_66936344_C_G,0.445
23,66865496,rs5919402,23,66936419,chrX_66936419_A_G,0.461
23,66865496,rs5919402,23,66937707,chrX_66937707_A_G,0.448
23,66865496,rs5919402,23,66937749,chrX_66937749_A_G,0.461
23,66865496,rs5919402,23,66938466,chrX_66938466_G_T,0.461
23,66865496,rs5919402,23,66938551,rs12009160,0.461
23,66865496,rs5919402,23,66951089,chrX_66951089_C_T,0.656
23,66865496,rs5919402,23,66956431,chrX_66956431_C_T,0.663
23,66865496,rs5919402,23,66956886,chrX_66956886_C_T,0.663
23,66865496,rs5919402,23,66957768,chrX:66957768:I,0.653
23,66865496,rs5919402,23,66959642,rs1931542,0.663
23,66865496,rs5919402,23,66961395,chrX_66961395_C_T,0.413
23,66865496,rs5919402,23,66964485,chrX_66964485_A_G,0.663
23,66865496,rs5919402,23,66965118,chrX_66965118_C_T,0.662
23,66865496,rs5919402,23,66965158,chrX_66965158_A_G,0.638
23,66865496,rs5919402,23,66966289,chrX_66966289_C_G,0.656
23,66865496,rs5919402,23,66966388,chrX_66966388_A_G,0.656
23,66865496,rs5919402,23,66967089,chrX_66967089_A_G,0.656
23,66865496,rs5919402,23,66967451,rs111465685,0.656
23,66865496,rs5919402,23,66968233,chrX_66968233_A_C,0.662
23,66865496,rs5919402,23,66968391,chrX_66968391_A_G,0.656
23,66865496,rs5919402,23,66968601,chrX_66968601_A_G,0.662
23,66865496,rs5919402,23,66968828,chrX:66968828:I,0.662
23,66865496,rs5919402,23,66969648,rs61438420,0.656
23,66865496,rs5919402,23,66970047,chrX_66970047_G_T,0.656
23,66865496,rs5919402,23,66970530,chrX_66970530_C_T,0.656
23,66865496,rs5919402,23,66971020,chrX_66971020_A_G,0.656
23,66865496,rs5919402,23,66972478,chrX_66972478_C_T,0.656
23,66865496,rs5919402,23,66972665,rs4827551,0.601
23,66865496,rs5919402,23,66973206,chrX_66973206_A_G,0.656
23,66865496,rs5919402,23,66974681,chrX_66974681_A_T,0.656
23,66865496,rs5919402,23,66975072,chrX_66975072_G_T,0.656
23,66865496,rs5919402,23,66975423,chrX_66975423_A_G,0.656
23,66865496,rs5919402,23,66976880,chrX_66976880_G_T,0.656
23,66865496,rs5919402,23,66977355,chrX_66977355_C_T,0.656
23,66865496,rs5919402,23,66977552,rs11094029,0.663
23,66865496,rs5919402,23,66977554,chrX:66977554:I,0.656
23,66865496,rs5919402,23,66977564,chrX_66977564_AGAGA_INDEL,0.655
23,66865496,rs5919402,23,66977574,chrX_66977574_G_T,0.662
23,66865496,rs5919402,23,66978463,chrX_66978463_A_G,0.652
23,66865496,rs5919402,23,66978571,rs1931545,0.656
23,66865496,rs5919402,23,66979251,chrX_66979251_A_G,0.662
23,66865496,rs5919402,23,66979470,chrX_66979470_C_T,0.656
23,66865496,rs5919402,23,66980737,chrX_66980737_G_T,0.656
23,66865496,rs5919402,23,66981596,chrX_66981596_A_G,0.663
23,66865496,rs5919402,23,66983114,rs12008580,0.653
23,66865496,rs5919402,23,66983518,chrX_66983518_C_T,0.662
23,66865496,rs5919402,23,66984015,chrX_66984015_A_G,0.662
23,66865496,rs5919402,23,66986085,rs5965437,0.65
23,66865496,rs5919402,23,66986262,rs190546241,0.086
23,66865496,rs5919402,23,66986892,rs7051556,0.656
23,66865496,rs5919402,23,66987757,chrX_66987757_A_G,0.434
23,66865496,rs5919402,23,66989273,rs138614810,0.435
23,66865496,rs5919402,23,66989512,chrX_66989512_A_G,0.662
23,66865496,rs5919402,23,66989899,chrX_66989899_A_G,0.434
23,66865496,rs5919402,23,66990065,chrX_66990065_C_T,0.434
23,66865496,rs5919402,23,66991359,rs7057791,0.656
23,66865496,rs5919402,23,66991619,rs7058116,0.656
23,66865496,rs5919402,23,66991651,rs4352990,0.659
23,66865496,rs5919402,23,66991722,rs112241339,0.201
23,66865496,rs5919402,23,66991846,rs4827552,0.662
23,66865496,rs5919402,23,66993720,rs2095341,0.662
23,66865496,rs5919402,23,66994254,rs139678949,0.435
23,66865496,rs5919402,23,66994674,rs148919222,0.662
23,66865496,rs5919402,23,66995721,rs5918771,0.662
23,66865496,rs5919402,23,66997141,chrX_66997141_C_T,0.434
23,66865496,rs5919402,23,66997948,chrX_66997948_A_C,0.435
23,66865496,rs5919402,23,66999388,chrX_66999388_A_C,0.44
23,66865496,rs5919402,23,66999698,chrX_66999698_C_T,0.655
23,66865496,rs5919402,23,66999746,chrX_66999746_G_INDEL,0.101
23,66865496,rs5919402,23,66999765,chrX_66999765_A_G,0.44
23,66865496,rs5919402,23,67000566,chrX_67000566_C_T,0.655
23,66865496,rs5919402,23,67002986,rs5919426,0.422
23,66865496,rs5919402,23,67003584,chrX_67003584_A_C,0.654
23,66865496,rs5919402,23,67003599,chrX_67003599_A_G,0.429
23,66865496,rs5919402,23,67004063,chrX_67004063_A_T,0.064
23,66865496,rs5919402,23,67005508,chrX_67005508_A_G,0.422
23,66865496,rs5919402,23,67008668,chrX_67008668_A_G,0.523
23,66865496,rs5919402,23,67009976,chrX_67009976_A_G,0.653
23,66865496,rs5919402,23,67011343,chrX_67011343_A_T,0.647
23,66865496,rs5919402,23,67011527,chrX:67011527:D,0.649
23,66865496,rs5919402,23,67012908,chrX_67012908_C_T,0.648
23,66865496,rs5919402,23,67013605,chrX_67013605_C_T,0.653
23,66865496,rs5919402,23,67013783,chrX_67013783_A_C,0.646
23,66865496,rs5919402,23,67013824,chrX_67013824_G_T,0.653
23,66865496,rs5919402,23,67013859,chrX_67013859_A_T,0.651
23,66865496,rs5919402,23,67016812,rs6625226,0.609
23,66865496,rs5919402,23,67016860,rs12849561,0.646
23,66865496,rs5919402,23,67018026,chrX_67018026_A_C,0.65
23,66865496,rs5919402,23,67020060,rs138603138,0.409
23,66865496,rs5919402,23,67020684,rs5919431,0.651
23,66865496,rs5919402,23,67020793,chrX:67020793:I,0.651
23,66865496,rs5919402,23,67021550,rs5919432,0.651
23,66865496,rs5919402,23,67022508,rs7887732,0.647
23,66865496,rs5919402,23,67022851,chrX_67022851_A_G,0.292
23,66865496,rs5919402,23,67023582,rs183399545,0.645
23,66865496,rs5919402,23,67023784,rs113059522,0.646
23,66865496,rs5919402,23,67023926,rs5919435,0.653
23,66865496,rs5919402,23,67024778,chrX_67024778_A_G,0.652
23,66865496,rs5919402,23,67025123,chrX_67025123_A_G,0.645
23,66865496,rs5919402,23,67025153,chrX_67025153_C_T,0.65
23,66865496,rs5919402,23,67025346,chrX:67025346:D,0.651
23,66865496,rs5919402,23,67025347,chrX_67025347_AAAC_INDEL,0.643
23,66865496,rs5919402,23,67026876,chrX_67026876_A_G,0.099
23,66865496,rs5919402,23,67027584,rs111735126,0.646
23,66865496,rs5919402,23,67028222,chrX_67028222_A_C,0.653
23,66865496,rs5919402,23,67030483,chrX_67030483_A_G,0.65
23,66865496,rs5919402,23,67031248,rs5918776,0.636
23,66865496,rs5919402,23,67032326,rs5918777,0.653
23,66865496,rs5919402,23,67033937,chrX_67033937_G_T,0.65
23,66865496,rs5919402,23,67034377,rs112339850,0.204
23,66865496,rs5919402,23,67034987,chrX:67034987:D,0.64
23,66865496,rs5919402,23,67038225,chrX:67038225:D,0.653
23,66865496,rs5919402,23,67038270,rs146800754,0.292
23,66865496,rs5919402,23,67038688,rs5919446,0.653
23,66865496,rs5919402,23,67039188,rs1931538,0.652
23,66865496,rs5919402,23,67039722,chrX_67039722_C_T,0.644
23,66865496,rs5919402,23,67039881,rs148413939,0.204
23,66865496,rs5919402,23,67040943,rs78586530,0.652
23,66865496,rs5919402,23,67041105,rs5965458,0.64
23,66865496,rs5919402,23,67041249,rs5965459,0.644
23,66865496,rs5919402,23,67041424,rs4459012,0.652
23,66865496,rs5919402,23,67042136,rs4628401,0.641
23,66865496,rs5919402,23,67042431,rs151312218,0.602
23,66865496,rs5919402,23,67042677,rs145622714,0.583
23,66865496,rs5919402,23,67043656,rs148954066,0.644
23,66865496,rs5919402,23,67043707,rs7061120,0.645
23,66865496,rs5919402,23,67043709,rs7061121,0.645
23,66865496,rs5919402,23,67044036,rs74883812,0.57
23,66865496,rs5919402,23,67044561,rs80104859,0.615
23,66865496,rs5919402,23,67046985,rs7881605,0.643
23,66865496,rs5919402,23,67049396,rs150113326,0.421
23,66865496,rs5919402,23,67050110,rs3952188,0.654
23,66865496,rs5919402,23,67050633,rs112060832,0.202
23,66865496,rs5919402,23,67050677,rs113473452,0.647
23,66865496,rs5919402,23,67051158,rs143084320,0.1
23,66865496,rs5919402,23,67051167,rs148208038,0.647
23,66865496,rs5919402,23,67051356,chrX:67051356:I,0.634
23,66865496,rs5919402,23,67051564,rs146757621,0.655
23,66865496,rs5919402,23,67053128,rs141845472,0.655
23,66865496,rs5919402,23,67053257,rs149949499,0.653
23,66865496,rs5919402,23,67053287,rs141205936,0.656
23,66865496,rs5919402,23,67053673,rs6525192,0.651
23,66865496,rs5919402,23,67056584,rs12385043,0.605
23,66865496,rs5919402,23,67057183,rs186856944,0.622
23,66865496,rs5919402,23,67057187,rs192172463,0.619
23,66865496,rs5919402,23,67059756,rs5918782,0.657
23,66865496,rs5919402,23,67060779,rs5919456,0.657
23,66865496,rs5919402,23,67061745,rs5918783,0.64
23,66865496,rs5919402,23,67062111,rs5919457,0.655
23,66865496,rs5919402,23,67062490,chrX_67062490_C_T,0.654
23,66865496,rs5919402,23,67063285,chrX_67063285_A_T,0.653
23,66865496,rs5919402,23,67064136,rs111552394,0.207
23,66865496,rs5919402,23,67065261,chrX_67065261_G_T,0.647
23,66865496,rs5919402,23,67066141,rs1931541,0.654
23,66865496,rs5919402,23,67066620,rs113391423,0.645
23,66865496,rs5919402,23,67066825,rs5919460,0.654
23,66865496,rs5919402,23,67067065,rs12007323,0.647
23,66865496,rs5919402,23,67067986,rs138665513,0.647
23,66865496,rs5919402,23,67068075,rs115287067,0.647
23,66865496,rs5919402,23,67069291,chrX_67069291_A_T,0.56
23,66865496,rs5919402,23,67070550,chrX_67070550_A_T,0.561
23,66865496,rs5919402,23,67071013,rs2885523,0.567
23,66865496,rs5919402,23,67071794,rs114971619,0.561
23,66865496,rs5919402,23,67073294,rs6624323,0.568
23,66865496,rs5919402,23,67073892,rs143330918,0.42
23,66865496,rs5919402,23,67075530,rs150480115,0.099
23,66865496,rs5919402,23,67075559,chrX_67075559_A_G,0.558
23,66865496,rs5919402,23,67075789,chrX:67075789:D,0.531
23,66865496,rs5919402,23,67075878,rs5918785,0.565
23,66865496,rs5919402,23,67075923,rs114459839,0.561
23,66865496,rs5919402,23,67075983,rs1931540,0.568
23,66865496,rs5919402,23,67076820,rs12012439,0.561
23,66865496,rs5919402,23,67076841,rs12012440,0.561
23,66865496,rs5919402,23,67077158,rs5965465,0.569
23,66865496,rs5919402,23,67077911,chrX_67077911_A_G,0.56
23,66865496,rs5919402,23,67079534,rs144583454,0.421
23,66865496,rs5919402,23,67079579,rs5919462,0.569
23,66865496,rs5919402,23,67079734,rs141685197,0.099
23,66865496,rs5919402,23,67080842,rs5919463,0.565
23,66865496,rs5919402,23,67081598,rs116075976,0.559
23,66865496,rs5919402,23,67081729,rs189174492,0.559
23,66865496,rs5919402,23,67081926,rs114882448,0.559
23,66865496,rs5919402,23,67082104,rs150026389,0.557
23,66865496,rs5919402,23,67082152,rs5919466,0.567
23,66865496,rs5919402,23,67082590,rs55809560,0.559
23,66865496,rs5919402,23,67082672,rs5918787,0.567
23,66865496,rs5919402,23,67083294,rs5918788,0.563
23,66865496,rs5919402,23,67084098,rs5918789,0.569
23,66865496,rs5919402,23,67085251,chrX_67085251_C_T,0.563
23,66865496,rs5919402,23,67086561,rs1343497,0.568
23,66865496,rs5919402,23,67086931,rs112355926,0.068
23,66865496,rs5919402,23,67087133,chrX:67087133:D,0.559
23,66865496,rs5919402,23,67087138,chrX:67087138:D,0.559
23,66865496,rs5919402,23,67089063,rs7885198,0.566
23,66865496,rs5919402,23,67089746,chrX_67089746_A_T,0.566
23,66865496,rs5919402,23,67089900,rs7049804,0.564
23,66865496,rs5919402,23,67090015,rs182555813,0.56
23,66865496,rs5919402,23,67090927,chrX:67090927:D,0.565
23,66865496,rs5919402,23,67091109,chrX_67091109_A_G,0.565
23,66865496,rs5919402,23,67091368,rs5918792,0.566
23,66865496,rs5919402,23,67091512,rs5919468,0.527
23,66865496,rs5919402,23,67091782,rs5919469,0.549
23,66865496,rs5919402,23,67092478,rs149693102,0.145
23,66865496,rs5919402,23,67093661,rs115298064,0.556
23,66865496,rs5919402,23,67097002,chrX_67097002_C_T,0.557
23,66865496,rs5919402,23,67098074,chrX_67098074_G_T,0.567
23,66865496,rs5919402,23,67099377,chrX_67099377_C_T,0.557
23,66865496,rs5919402,23,67100906,rs2781515,0.564
23,66865496,rs5919402,23,67101362,chrX_67101362_A_G,0.561
23,66865496,rs5919402,23,67101851,chrX_67101851_C_T,0.419
23,66865496,rs5919402,23,67102031,chrX_67102031_A_G,0.567
23,66865496,rs5919402,23,67102515,rs115735898,0.56
23,66865496,rs5919402,23,67103764,chrX_67103764_A_G,0.309
23,66865496,rs5919402,23,67106083,rs146503889,0.193
23,66865496,rs5919402,23,67106084,rs112035793,0.099
23,66865496,rs5919402,23,67106621,rs12014598,0.372
23,66865496,rs5919402,23,67108671,rs146036681,0.193
23,66865496,rs5919402,23,67109678,rs2765949,0.309
23,66865496,rs5919402,23,67110724,rs2765954,0.087
23,66865496,rs5919402,23,67111565,rs2363802,0.325
23,66865496,rs5919402,23,67112554,rs1936316,0.087
23,66865496,rs5919402,23,67112638,rs114760610,0.369
23,66865496,rs5919402,23,67112854,rs151316921,0.06
23,66865496,rs5919402,23,67114143,chrX:67114143:D,0.371
23,66865496,rs5919402,23,67114556,rs5965468,0.331
23,66865496,rs5919402,23,67115127,rs191397980,0.099
23,66865496,rs5919402,23,67115472,rs114754879,0.369
23,66865496,rs5919402,23,67115803,rs2885913,0.309
23,66865496,rs5919402,23,67116826,rs144680673,0.296
23,66865496,rs5919402,23,67120472,chrX_67120472_C_T,0.371
23,66865496,rs5919402,23,67123663,chrX:67123663:I,0.309
23,66865496,rs5919402,23,67123665,chrX_67123665_C_INDEL,0.309
23,66865496,rs5919402,23,67124125,rs55978437,0.34
23,66865496,rs5919402,23,67124288,rs56363920,0.385
23,66865496,rs5919402,23,67126421,rs7057678,0.365
23,66865496,rs5919402,23,67127464,rs2363799,0.364
23,66865496,rs5919402,23,67128056,rs5919475,0.362
23,66865496,rs5919402,23,67128212,rs149907408,0.231
23,66865496,rs5919402,23,67128501,rs5919476,0.364
23,66865496,rs5919402,23,67130130,rs5918795,0.056
23,66865496,rs5919402,23,67130289,rs5919477,0.364
23,66865496,rs5919402,23,67132548,rs5919478,0.368
23,66865496,rs5919402,23,67132606,rs5919479,0.307
23,66865496,rs5919402,23,67132825,rs140435024,0.099
23,66865496,rs5919402,23,67133733,rs4827406,0.307
23,66865496,rs5919402,23,67134070,rs148303073,0.305
23,66865496,rs5919402,23,67135212,rs143899126,0.099
23,66865496,rs5919402,23,67136459,rs146548219,0.06
23,66865496,rs5919402,23,67139635,chrX:67139635:D,0.292
23,66865496,rs5919402,23,67139870,chrX_67139870_A_T,0.306
23,66865496,rs5919402,23,67141771,rs5919482,0.366
23,66865496,rs5919402,23,67146381,chrX_67146381_A_C,0.305
23,66865496,rs5919402,23,67147038,rs6418402,0.307
23,66865496,rs5919402,23,67147250,rs56129443,0.369
23,66865496,rs5919402,23,67151174,rs150625234,0.403
23,66865496,rs5919402,23,67151954,rs2885907,0.305
23,66865496,rs5919402,23,67152057,chrX_67152057_A_C,0.305
23,66865496,rs5919402,23,67152525,rs5919485,0.368
23,66865496,rs5919402,23,67155695,chrX:67155695:I,0.306
23,66865496,rs5919402,23,67156923,chrX_67156923_A_C,0.305
23,66865496,rs5919402,23,67156968,chrX_67156968_A_G,0.305
23,66865496,rs5919402,23,67160568,chrX_67160568_C_T,0.367
23,66865496,rs5919402,23,67161012,rs5918796,0.367
23,66865496,rs5919402,23,67161402,rs1115361,0.305
23,66865496,rs5919402,23,67161845,rs6625254,0.305
23,66865496,rs5919402,23,67162053,chrX_67162053_G_T,0.305
23,66865496,rs5919402,23,67162528,rs12396410,0.368
23,66865496,rs5919402,23,67162936,rs140413690,0.367
23,66865496,rs5919402,23,67162948,chrX:67162948:I,0.289
23,66865496,rs5919402,23,67163244,rs6525208,0.311
23,66865496,rs5919402,23,67163490,rs138349618,0.415
23,66865496,rs5919402,23,67163647,rs2363791,0.325
23,66865496,rs5919402,23,67163748,rs149477874,0.297
23,66865496,rs5919402,23,67166713,rs139960550,0.305
23,66865496,rs5919402,23,67167272,rs141322458,0.392
23,66865496,rs5919402,23,67167679,rs192309167,0.391
23,66865496,rs5919402,23,67168358,rs4021233,0.355
23,66865496,rs5919402,23,67168475,rs2363789,0.391
23,66865496,rs5919402,23,67168533,chrX_67168533_G_T,0.305
23,66865496,rs5919402,23,67169131,chrX_67169131_A_G,0.305
23,66865496,rs5919402,23,67169422,chrX_67169422_G_T,0.304
23,66865496,rs5919402,23,67169622,rs5919489,0.281
23,66865496,rs5919402,23,67170526,rs2363787,0.299
23,66865496,rs5919402,23,67170528,chrX:67170528:I,0.299
23,66865496,rs5919402,23,67171298,chrX_67171298_A_C,0.305
23,66865496,rs5919402,23,67172022,rs148016941,0.099
23,66865496,rs5919402,23,67173076,rs61184766,0.379
23,66865496,rs5919402,23,67173332,chrX_67173332_A_G,0.379
23,66865496,rs5919402,23,67173387,chrX_67173387_C_T,0.378
23,66865496,rs5919402,23,67173731,rs16989069,0.378
23,66865496,rs5919402,23,67173790,rs16990427,0.378
23,66865496,rs5919402,23,67174845,chrX_67174845_C_G,0.377
23,66865496,rs5919402,23,67175154,chrX_67175154_A_C,0.378
23,66865496,rs5919402,23,67175984,chrX_67175984_C_T,0.309
23,66865496,rs5919402,23,67176006,chrX_67176006_A_G,0.43
23,66865496,rs5919402,23,67176605,chrX_67176605_C_T,0.303
23,66865496,rs5919402,23,67176763,rs147927722,0.06
23,66865496,rs5919402,23,67177694,chrX_67177694_C_T,0.357
23,66865496,rs5919402,23,67177760,chrX_67177760_A_C,0.304
23,66865496,rs5919402,23,67177803,chrX_67177803_A_G,0.357
23,66865496,rs5919402,23,67177932,chrX_67177932_A_T,0.354
23,66865496,rs5919402,23,67179224,chrX_67179224_C_T,0.356
23,66865496,rs5919402,23,67179559,chrX_67179559_C_G,0.357
23,66865496,rs5919402,23,67180394,chrX_67180394_C_T,0.357
23,66865496,rs5919402,23,67181360,rs115351248,0.345
23,66865496,rs5919402,23,67182008,chrX_67182008_C_T,0.348
23,66865496,rs5919402,23,67183002,chrX_67183002_C_T,0.348
23,66865496,rs5919402,23,67183410,rs5919491,0.345
23,66865496,rs5919402,23,67183584,rs5919492,0.348
23,66865496,rs5919402,23,67184647,rs5919493,0.347
23,66865496,rs5919402,23,67184883,rs139053647,0.359
23,66865496,rs5919402,23,67184982,rs184858723,0.317
23,66865496,rs5919402,23,67185246,rs145473263,0.239
23,66865496,rs5919402,23,67185698,rs150397423,0.344
23,66865496,rs5919402,23,67185818,rs138238847,0.344
23,66865496,rs5919402,23,67186695,rs5918798,0.25
23,66865496,rs5919402,23,67186754,rs5919495,0.345
23,66865496,rs5919402,23,67186971,rs12388342,0.249
23,66865496,rs5919402,23,67187017,rs12389378,0.345
23,66865496,rs5919402,23,67187079,rs12390498,0.345
23,66865496,rs5919402,23,67188133,rs147649209,0.347
23,66865496,rs5919402,23,67188222,chrX_67188222_C_T,0.345
23,66865496,rs5919402,23,67188528,chrX_67188528_A_G,0.298
23,66865496,rs5919402,23,67188632,rs11094063,0.298
23,66865496,rs5919402,23,67188990,rs5919496,0.298
23,66865496,rs5919402,23,67189551,rs12012060,0.297
23,66865496,rs5919402,23,67190039,rs143907362,0.344
23,66865496,rs5919402,23,67190350,rs114572208,0.345
23,66865496,rs5919402,23,67190460,rs60450083,0.297
23,66865496,rs5919402,23,67190617,rs5919497,0.297
23,66865496,rs5919402,23,67191338,chrX_67191338_A_C,0.297
23,66865496,rs5919402,23,67191427,rs12008791,0.347
23,66865496,rs5919402,23,67191618,rs12013580,0.345
23,66865496,rs5919402,23,67191880,rs7884475,0.298
23,66865496,rs5919402,23,67191934,rs56021817,0.345
23,66865496,rs5919402,23,67192199,rs55661465,0.297
23,66865496,rs5919402,23,67192586,rs150262064,0.347
23,66865496,rs5919402,23,67192861,rs7059066,0.347
23,66865496,rs5919402,23,67193040,chrX_67193040_A_G,0.298
23,66865496,rs5919402,23,67193342,rs5919498,0.298
23,66865496,rs5919402,23,67193865,rs11094065,0.299
23,66865496,rs5919402,23,67197107,chrX_67197107_A_G,0.343
23,66865496,rs5919402,23,67198288,rs2885904,0.3
23,66865496,rs5919402,23,67199104,chrX_67199104_A_G,0.343
23,66865496,rs5919402,23,67199956,chrX_67199956_A_G,0.347
23,66865496,rs5919402,23,67200648,chrX_67200648_C_T,0.297
23,66865496,rs5919402,23,67201132,chrX_67201132_A_G,0.299
23,66865496,rs5919402,23,67201617,chrX_67201617_A_G,0.302
23,66865496,rs5919402,23,67201659,chrX:67201659:I,0.306
23,66865496,rs5919402,23,67202077,rs5919501,0.301
23,66865496,rs5919402,23,67202100,rs5919502,0.35
23,66865496,rs5919402,23,67202178,chrX_67202178_A_G,0.304
23,66865496,rs5919402,23,67202218,rs115528766,0.352
23,66865496,rs5919402,23,67202934,chrX_67202934_A_G,0.351
23,66865496,rs5919402,23,67203093,rs148851621,0.195
23,66865496,rs5919402,23,67203841,chrX:67203841:D,0.267
23,66865496,rs5919402,23,67203918,rs116387558,0.35
23,66865496,rs5919402,23,67205614,chrX:67205614:D,0.303
23,66865496,rs5919402,23,67206079,rs7052561,0.303
23,66865496,rs5919402,23,67206401,rs5965489,0.303
23,66865496,rs5919402,23,67206873,rs60282876,0.303
23,66865496,rs5919402,23,67207758,rs5919503,0.352
23,66865496,rs5919402,23,67207892,rs141431496,0.195
23,66865496,rs5919402,23,67208728,chrX:67208728:D,0.344
23,66865496,rs5919402,23,67208935,chrX_67208935_G_T,0.352
23,66865496,rs5919402,23,67210291,rs59355353,0.241
23,66865496,rs5919402,23,67210458,rs34172502,0.241
23,66865496,rs5919402,23,67211181,rs58995097,0.328
23,66865496,rs5919402,23,67211708,rs5918802,0.326
23,66865496,rs5919402,23,67212934,rs147049088,0.24
23,66865496,rs5919402,23,67214770,rs60480261,0.328
23,66865496,rs5919402,23,67216417,rs5919505,0.329
23,66865496,rs5919402,23,67217771,rs116644095,0.326
23,66865496,rs5919402,23,67219568,rs5919506,0.236
23,66865496,rs5919402,23,67221108,rs1361870,0.237
23,66865496,rs5919402,23,67223750,rs1626833,0.236
23,66865496,rs5919402,23,67223783,rs7877003,0.236
23,66865496,rs5919402,23,67225582,rs147823192,0.325
23,66865496,rs5919402,23,67226891,chrX_67226891_A_G,0.236
23,66865496,rs5919402,23,67228280,rs7062206,0.327
23,66865496,rs5919402,23,67229107,rs185909305,0.324
23,66865496,rs5919402,23,67230547,rs147406927,0.096
23,66865496,rs5919402,23,67230966,rs151017025,0.327
23,66865496,rs5919402,23,67231339,rs149993362,0.325
23,66865496,rs5919402,23,67231722,rs141301416,0.325
23,66865496,rs5919402,23,67231778,rs145034142,0.325
23,66865496,rs5919402,23,67232297,rs146853117,0.323
23,66865496,rs5919402,23,67232326,rs148973947,0.322
23,66865496,rs5919402,23,67232453,rs143752898,0.284
23,66865496,rs5919402,23,67232460,rs148176507,0.287
23,66865496,rs5919402,23,67234655,chrX_67234655_A_T,0.326
23,66865496,rs5919402,23,67234980,rs35021237,0.325
23,66865496,rs5919402,23,67235648,chrX_67235648_C_T,0.236
23,66865496,rs5919402,23,67236905,rs2148828,0.237
23,66865496,rs5919402,23,67236972,chrX:67236972:I,0.235
23,66865496,rs5919402,23,67238503,rs12012687,0.325
23,66865496,rs5919402,23,67238569,rs2768579,0.237
23,66865496,rs5919402,23,67239731,rs56314319,0.326
23,66865496,rs5919402,23,67240448,rs5964636,0.327
23,66865496,rs5919402,23,67241734,chrX_67241734_A_G,0.246
23,66865496,rs5919402,23,67243124,chrX_67243124_A_G,0.246
23,66865496,rs5919402,23,67246824,rs5919511,0.332
23,66865496,rs5919402,23,67251413,rs12008699,0.33
23,66865496,rs5919402,23,67254777,rs1576058,0.245
23,66865496,rs5919402,23,67256439,chrX_67256439_C_T,0.243
23,66865496,rs5919402,23,67256542,rs5919513,0.331
23,66865496,rs5919402,23,67258426,rs5918805,0.329
23,66865496,rs5919402,23,67258889,chrX_67258889_C_G,0.244
23,66865496,rs5919402,23,67259650,chrX_67259650_A_T,0.31
23,66865496,rs5919402,23,67259924,chrX_67259924_A_G,0.231
23,66865496,rs5919402,23,67260117,chrX_67260117_C_T,0.23
23,66865496,rs5919402,23,67261309,chrX_67261309_C_T,0.27
23,66865496,rs5919402,23,67261429,chrX_67261429_A_C,0.311
23,66865496,rs5919402,23,67261919,chrX_67261919_C_T,0.234
23,66865496,rs5919402,23,67263293,rs7888212,0.226
23,66865496,rs5919402,23,67263844,chrX_67263844_C_T,0.231
23,66865496,rs5919402,23,67265417,chrX_67265417_A_C,0.233
23,66865496,rs5919402,23,67265915,chrX:67265915:I,0.308
23,66865496,rs5919402,23,67265921,chrX_67265921_INDEL_T,0.316
23,66865496,rs5919402,23,67269128,rs5918806,0.313
23,66865496,rs5919402,23,67273065,chrX_67273065_A_T,0.236
23,66865496,rs5919402,23,67275938,rs2765958,0.229
23,66865496,rs5919402,23,67276423,chrX_67276423_G_T,0.235
23,66865496,rs5919402,23,67277647,chrX_67277647_A_C,0.237
23,66865496,rs5919402,23,67278159,chrX_67278159_A_G,0.345
23,66865496,rs5919402,23,67278225,chrX_67278225_C_T,0.233
23,66865496,rs5919402,23,67278840,rs5919514,0.315
23,66865496,rs5919402,23,67279830,rs141363676,0.097
23,66865496,rs5919402,23,67280381,chrX_67280381_C_T,0.23
23,66865496,rs5919402,23,67281217,chrX_67281217_C_T,0.307
23,66865496,rs5919402,23,67281468,rs3788855,0.231
23,66865496,rs5919402,23,67281597,chrX_67281597_A_G,0.308
23,66865496,rs5919402,23,67284113,rs41303731,0.116
23,66865496,rs5919402,23,67285971,chrX_67285971_C_T,0.232
23,66865496,rs5919402,23,67286067,chrX_67286067_A_C,0.309
23,66865496,rs5919402,23,67286841,chrX_67286841_A_G,0.284
23,66865496,rs5919402,23,67287159,chrX_67287159_A_C,0.287
23,66865496,rs5919402,23,67287853,rs5918809,0.287
23,66865496,rs5919402,23,67296128,rs12013576,0.271
23,66865496,rs5919402,23,67296854,chrX_67296854_A_G,0.22
23,66865496,rs5919402,23,67299314,chrX_67299314_C_T,0.22
23,66865496,rs5919402,23,67300619,rs115610446,0.281
23,66865496,rs5919402,23,67302272,rs114067148,0.281
23,66865496,rs5919402,23,67302823,rs11796456,0.215
23,66865496,rs5919402,23,67302834,rs11796564,0.219
23,66865496,rs5919402,23,67302835,rs11798426,0.215
23,66865496,rs5919402,23,67302963,rs3952309,0.215
23,66865496,rs5919402,23,67309315,chrX_67309315_C_G,0.268
23,66865496,rs5919402,23,67310673,chrX_67310673_C_T,0.208
23,66865496,rs5919402,23,67310800,rs5919518,0.271
23,66865496,rs5919402,23,67311082,chrX_67311082_A_G,0.209
23,66865496,rs5919402,23,67318954,rs34267108,0.153
23,66865496,rs5919402,23,67319094,rs5965496,0.153
23,66865496,rs5919402,23,67319294,rs5965497,0.152
23,66865496,rs5919402,23,67319805,rs5965498,0.188
23,66865496,rs5919402,23,67320678,rs5919519,0.152
23,66865496,rs5919402,23,67321741,rs1157321,0.188
23,66865496,rs5919402,23,67321920,rs6624341,0.153
23,66865496,rs5919402,23,67322996,rs149167952,0.152
23,66865496,rs5919402,23,67324960,rs5919520,0.151
23,66865496,rs5919402,23,67329443,rs188343703,0.283
23,66865496,rs5919402,23,67333414,rs5919522,0.184
23,66865496,rs5919402,23,67334225,rs73212844,0.185
23,66865496,rs5919402,23,67338660,rs5918813,0.149
23,66865496,rs5919402,23,67340427,rs5919524,0.151
23,66865496,rs5919402,23,67343137,rs139484686,0.087
23,66865496,rs5919402,23,67347391,rs6624345,0.151
23,66865496,rs5919402,23,67348353,chrX:67348353:D,0.151
23,66865496,rs5919402,23,67349179,rs1555995,0.152
23,66865496,rs5919402,23,67351208,rs7065442,0.134
23,66865496,rs5919402,23,67351777,rs56075207,0.188
23,66865496,rs5919402,23,67352006,rs140211600,0.182
23,66865496,rs5919402,23,67352698,rs185428445,0.303
23,66865496,rs5919402,23,67354938,rs5965502,0.152
23,66865496,rs5919402,23,67358208,rs5919529,0.151
23,66865496,rs5919402,23,67358758,rs5919530,0.151
23,66865496,rs5919402,23,67364062,rs5919531,0.188
23,66865496,rs5919402,23,67367871,rs12012112,0.189
23,66865496,rs5919402,23,67368369,rs5964642,0.152
23,66865496,rs5919402,23,67369042,rs5918818,0.153
23,66865496,rs5919402,23,67371477,rs12011480,0.19
23,66865496,rs5919402,23,67373696,chrX_67373696_A_G,0.191
23,66865496,rs5919402,23,67380522,rs73212855,0.192
23,66865496,rs5919402,23,67381589,rs73212857,0.19
23,66865496,rs5919402,23,67383900,chrX_67383900_A_G,0.146
23,66865496,rs5919402,23,67384972,rs4827413,0.147
23,66865496,rs5919402,23,67385808,chrX_67385808_C_T,0.076
23,66865496,rs5919402,23,67387370,rs146965139,0.269
23,66865496,rs5919402,23,67390722,rs187003525,0.269
23,66865496,rs5919402,23,67396063,rs150928089,0.269
23,66865496,rs5919402,23,67397034,chrX_67397034_A_G,0.265
23,66865496,rs5919402,23,67397285,chrX_67397285_G_T,0.268
23,66865496,rs5919402,23,67398357,rs112368809,0.27
23,66865496,rs5919402,23,67399051,chrX:67399051:D,0.146
23,66865496,rs5919402,23,67399052,chrX_67399052_CTT_INDEL,0.146
23,66865496,rs5919402,23,67400158,chrX_67400158_C_T,0.261
23,66865496,rs5919402,23,67402614,rs150868299,0.063
23,66865496,rs5919402,23,67403486,chrX_67403486_C_T,0.263
23,66865496,rs5919402,23,67403723,rs7052964,0.113
23,66865496,rs5919402,23,67407719,rs186881801,0.164
23,66865496,rs5919402,23,67415777,chrX_67415777_A_G,0.163
23,66865496,rs5919402,23,67443028,rs114972868,0.157
23,66865496,rs5919402,23,67443126,rs138183766,0.136
23,66865496,rs5919402,23,67461406,rs149183001,0.141
23,66865496,rs5919402,23,67474757,rs146648334,0.153
23,66865496,rs5919402,23,67483978,rs187905810,0.15
23,66865496,rs5919402,23,67490587,chrX:67490587:I,0.145
23,66865496,rs5919402,23,67496002,chrX_67496002_C_T,0.149
23,67021550,rs5919432,23,66523269,rs5965384,0.509
23,67021550,rs5919432,23,66525226,rs144170249,0.068
23,67021550,rs5919432,23,66525896,rs5919367,0.509
23,67021550,rs5919432,23,66527267,chrX_66527267_C_G,0.509
23,67021550,rs5919432,23,66527450,rs187942794,0.068
23,67021550,rs5919432,23,66530227,chrX:66530227:D,0.502
23,67021550,rs5919432,23,66530532,chrX_66530532_A_G,0.509
23,67021550,rs5919432,23,66530816,rs2878641,0.509
23,67021550,rs5919432,23,66531053,rs5918740,0.511
23,67021550,rs5919432,23,66531194,rs73227812,0.193
23,67021550,rs5919432,23,66531674,rs146679541,0.277
23,67021550,rs5919432,23,66531823,rs188168786,0.272
23,67021550,rs5919432,23,66531881,rs5919370,0.509
23,67021550,rs5919432,23,66533183,rs113280870,0.193
23,67021550,rs5919432,23,66535101,rs2336173,0.509
23,67021550,rs5919432,23,66535268,rs5965385,0.509
23,67021550,rs5919432,23,66537333,rs62602951,0.416
23,67021550,rs5919432,23,66538729,chrX_66538729_A_G,0.509
23,67021550,rs5919432,23,66539021,chrX_66539021_A_G,0.509
23,67021550,rs5919432,23,66540111,chrX_66540111_A_G,0.509
23,67021550,rs5919432,23,66540666,rs12689682,0.509
23,67021550,rs5919432,23,66540710,rs5919374,0.509
23,67021550,rs5919432,23,66541098,chrX_66541098_A_G,0.173
23,67021550,rs5919432,23,66542052,rs140729180,0.272
23,67021550,rs5919432,23,66543638,rs145366851,0.193
23,67021550,rs5919432,23,66545134,rs137896380,0.508
23,67021550,rs5919432,23,66545214,rs5965386,0.509
23,67021550,rs5919432,23,66545294,rs5919375,0.511
23,67021550,rs5919432,23,66545308,rs5919376,0.509
23,67021550,rs5919432,23,66545561,rs5919377,0.509
23,67021550,rs5919432,23,66545593,rs5919378,0.506
23,67021550,rs5919432,23,66546633,rs5965387,0.278
23,67021550,rs5919432,23,66547225,rs5965388,0.509
23,67021550,rs5919432,23,66547969,rs4535880,0.278
23,67021550,rs5919432,23,66548893,rs5919380,0.509
23,67021550,rs5919432,23,66548980,chrX_66548980_A_G,0.509
23,67021550,rs5919432,23,66549965,rs10126534,0.279
23,67021550,rs5919432,23,66551140,rs4827541,0.509
23,67021550,rs5919432,23,66551915,chrX_66551915_G_T,0.509
23,67021550,rs5919432,23,66553458,rs4827542,0.509
23,67021550,rs5919432,23,66553498,chrX_66553498_G_T,0.509
23,67021550,rs5919432,23,66554840,rs5918745,0.509
23,67021550,rs5919432,23,66555864,chrX_66555864_A_T,0.509
23,67021550,rs5919432,23,66557293,chrX_66557293_C_T,0.28
23,67021550,rs5919432,23,66557827,rs73227819,0.191
23,67021550,rs5919432,23,66558178,chrX_66558178_C_T,0.51
23,67021550,rs5919432,23,66558336,chrX_66558336_C_T,0.509
23,67021550,rs5919432,23,66561522,rs73227820,0.192
23,67021550,rs5919432,23,66563018,rs2497938,0.512
23,67021550,rs5919432,23,66564014,chrX_66564014_A_C,0.512
23,67021550,rs5919432,23,66564087,chrX_66564087_A_C,0.512
23,67021550,rs5919432,23,66564352,chrX_66564352_G_T,0.512
23,67021550,rs5919432,23,66564833,chrX_66564833_A_G,0.512
23,67021550,rs5919432,23,66565671,chrX_66565671_C_G,0.512
23,67021550,rs5919432,23,66566096,chrX_66566096_G_T,0.512
23,67021550,rs5919432,23,66566450,chrX_66566450_A_G,0.512
23,67021550,rs5919432,23,66567742,chrX_66567742_A_G,0.512
23,67021550,rs5919432,23,66567962,chrX_66567962_C_G,0.512
23,67021550,rs5919432,23,66569375,chrX_66569375_A_G,0.512
23,67021550,rs5919432,23,66569440,rs2207082,0.512
23,67021550,rs5919432,23,66570171,chrX_66570171_A_G,0.512
23,67021550,rs5919432,23,66570727,chrX_66570727_A_G,0.512
23,67021550,rs5919432,23,66571037,chrX_66571037_A_G,0.512
23,67021550,rs5919432,23,66571454,chrX_66571454_A_G,0.512
23,67021550,rs5919432,23,66571719,chrX_66571719_G_T,0.512
23,67021550,rs5919432,23,66572482,chrX_66572482_A_G,0.137
23,67021550,rs5919432,23,66573053,chrX_66573053_A_G,0.512
23,67021550,rs5919432,23,66573698,chrX_66573698_A_G,0.512
23,67021550,rs5919432,23,66573743,chrX_66573743_C_T,0.512
23,67021550,rs5919432,23,66575013,rs181014823,0.069
23,67021550,rs5919432,23,66576324,chrX_66576324_C_T,0.512
23,67021550,rs5919432,23,66576473,chrX_66576473_A_G,0.512
23,67021550,rs5919432,23,66578741,rs2473890,0.512
23,67021550,rs5919432,23,66578997,rs2473889,0.512
23,67021550,rs5919432,23,66581135,rs2207079,0.512
23,67021550,rs5919432,23,66583219,rs138130029,0.512
23,67021550,rs5919432,23,66584287,rs55738566,0.512
23,67021550,rs5919432,23,66586115,rs73227833,0.193
23,67021550,rs5919432,23,66586571,chrX_66586571_C_T,0.51
23,67021550,rs5919432,23,66587283,rs73227835,0.192
23,67021550,rs5919432,23,66587564,rs145057577,0.136
23,67021550,rs5919432,23,66588201,rs2473883,0.511
23,67021550,rs5919432,23,66592078,rs2497949,0.511
23,67021550,rs5919432,23,66593211,chrX_66593211_C_T,0.492
23,67021550,rs5919432,23,66594058,rs62621370,0.2
23,67021550,rs5919432,23,66595134,rs2497951,0.511
23,67021550,rs5919432,23,66595374,rs73227837,0.159
23,67021550,rs5919432,23,66596289,chrX_66596289_A_C,0.28
23,67021550,rs5919432,23,66596650,rs73227838,0.193
23,67021550,rs5919432,23,66597497,rs55653341,0.193
23,67021550,rs5919432,23,66598266,rs2497952,0.511
23,67021550,rs5919432,23,66599566,chrX:66599566:I,0.511
23,67021550,rs5919432,23,66600391,rs73227840,0.193
23,67021550,rs5919432,23,66602344,rs2473879,0.511
23,67021550,rs5919432,23,66603773,rs73227844,0.194
23,67021550,rs5919432,23,66604559,chrX_66604559_A_G,0.511
23,67021550,rs5919432,23,66605212,rs2473876,0.511
23,67021550,rs5919432,23,66605693,chrX_66605693_A_G,0.511
23,67021550,rs5919432,23,66606874,rs73633109,0.279
23,67021550,rs5919432,23,66607829,rs2497905,0.511
23,67021550,rs5919432,23,66607883,rs2473873,0.511
23,67021550,rs5919432,23,66609750,rs58638231,0.496
23,67021550,rs5919432,23,66609972,rs2497906,0.511
23,67021550,rs5919432,23,66610294,rs139773737,0.511
23,67021550,rs5919432,23,66611190,rs5965398,0.513
23,67021550,rs5919432,23,66612671,rs138092448,0.067
23,67021550,rs5919432,23,66613034,rs2473871,0.511
23,67021550,rs5919432,23,66613181,chrX_66613181_C_T,0.511
23,67021550,rs5919432,23,66616059,rs149676935,0.069
23,67021550,rs5919432,23,66616938,rs5965399,0.511
23,67021550,rs5919432,23,66616971,rs5965400,0.511
23,67021550,rs5919432,23,66617387,rs146174045,0.511
23,67021550,rs5919432,23,66617761,rs2473869,0.197
23,67021550,rs5919432,23,66617877,rs58078856,0.194
23,67021550,rs5919432,23,66617992,rs2497908,0.512
23,67021550,rs5919432,23,66622554,chrX_66622554_A_T,0.512
23,67021550,rs5919432,23,66623650,rs56280991,0.194
23,67021550,rs5919432,23,66624459,chrX_66624459_C_G,0.51
23,67021550,rs5919432,23,66625014,rs112662541,0.273
23,67021550,rs5919432,23,66625036,rs143380473,0.067
23,67021550,rs5919432,23,66627276,chrX_66627276_A_G,0.278
23,67021550,rs5919432,23,66627440,chrX_66627440_A_C,0.511
23,67021550,rs5919432,23,66628872,rs2497912,0.514
23,67021550,rs5919432,23,66628879,rs2497913,0.514
23,67021550,rs5919432,23,66629057,rs2103756,0.512
23,67021550,rs5919432,23,66629362,rs143465953,0.512
23,67021550,rs5919432,23,66629414,rs146551495,0.512
23,67021550,rs5919432,23,66630136,rs148953258,0.279
23,67021550,rs5919432,23,66632343,chrX_66632343_A_G,0.511
23,67021550,rs5919432,23,66633486,rs150006114,0.512
23,67021550,rs5919432,23,66633944,rs2497920,0.512
23,67021550,rs5919432,23,66634993,rs2473866,0.512
23,67021550,rs5919432,23,66635956,rs5964599,0.279
23,67021550,rs5919432,23,66636222,rs2497921,0.512
23,67021550,rs5919432,23,66638085,rs137929854,0.279
23,67021550,rs5919432,23,66639848,chrX_66639848_C_G,0.511
23,67021550,rs5919432,23,66640413,chrX_66640413_A_C,0.511
23,67021550,rs5919432,23,66641840,chrX:66641840:D,0.512
23,67021550,rs5919432,23,66642076,chrX:66642076:I,0.512
23,67021550,rs5919432,23,66647061,rs2497927,0.512
23,67021550,rs5919432,23,66648200,rs189739622,0.059
23,67021550,rs5919432,23,66648216,chrX_66648216_A_C,0.511
23,67021550,rs5919432,23,66648532,rs2497929,0.512
23,67021550,rs5919432,23,66650755,rs73227859,0.069
23,67021550,rs5919432,23,66652704,chrX_66652704_A_C,0.51
23,67021550,rs5919432,23,66654497,chrX_66654497_A_G,0.512
23,67021550,rs5919432,23,66656072,chrX_66656072_G_T,0.198
23,67021550,rs5919432,23,66656276,chrX_66656276_A_C,0.197
23,67021550,rs5919432,23,66656544,chrX_66656544_A_G,0.511
23,67021550,rs5919432,23,66661101,rs73227860,0.194
23,67021550,rs5919432,23,66661475,chrX_66661475_G_T,0.273
23,67021550,rs5919432,23,66662737,rs2473850,0.512
23,67021550,rs5919432,23,66664083,chrX_66664083_G_T,0.345
23,67021550,rs5919432,23,66664219,rs2497934,0.512
23,67021550,rs5919432,23,66664266,chrX_66664266_A_G,0.511
23,67021550,rs5919432,23,66667908,rs111515468,0.277
23,67021550,rs5919432,23,66670566,rs28833542,0.286
23,67021550,rs5919432,23,66672538,rs73633114,0.285
23,67021550,rs5919432,23,66672745,rs59361198,0.613
23,67021550,rs5919432,23,66672762,rs142350857,0.276
23,67021550,rs5919432,23,66672770,rs57135892,0.613
23,67021550,rs5919432,23,66673443,chrX_66673443_A_T,0.279
23,67021550,rs5919432,23,66673893,rs59546702,0.606
23,67021550,rs5919432,23,66676951,rs57749033,0.617
23,67021550,rs5919432,23,66678544,rs150304430,0.28
23,67021550,rs5919432,23,66678600,rs12012453,0.289
23,67021550,rs5919432,23,66681506,rs184242887,0.136
23,67021550,rs5919432,23,66681507,rs143914254,0.288
23,67021550,rs5919432,23,66683678,rs12115865,0.29
23,67021550,rs5919432,23,66687862,rs150067223,0.073
23,67021550,rs5919432,23,66691372,rs4045943,0.262
23,67021550,rs5919432,23,66691652,rs146114741,0.597
23,67021550,rs5919432,23,66693516,rs148632807,0.203
23,67021550,rs5919432,23,66694248,rs9969875,0.62
23,67021550,rs5919432,23,66695213,rs146997859,0.29
23,67021550,rs5919432,23,66695214,rs151253859,0.278
23,67021550,rs5919432,23,66698354,rs5965417,0.623
23,67021550,rs5919432,23,66699050,rs6624298,0.289
23,67021550,rs5919432,23,66699597,rs5965418,0.289
23,67021550,rs5919432,23,66700506,rs59030905,0.264
23,67021550,rs5919432,23,66701939,rs2207042,0.279
23,67021550,rs5919432,23,66703833,rs143787173,0.28
23,67021550,rs5919432,23,66704545,rs141099949,0.28
23,67021550,rs5919432,23,66707389,rs2207041,0.619
23,67021550,rs5919432,23,66709169,rs7886427,0.28
23,67021550,rs5919432,23,66710281,rs149305933,0.279
23,67021550,rs5919432,23,66710650,rs7878890,0.606
23,67021550,rs5919432,23,66712015,rs185748303,0.073
23,67021550,rs5919432,23,66714222,rs143016466,0.201
23,67021550,rs5919432,23,66715616,rs5964601,0.289
23,67021550,rs5919432,23,66716206,chrX_66716206_C_T,0.243
23,67021550,rs5919432,23,66717072,rs7881314,0.62
23,67021550,rs5919432,23,66719160,chrX_66719160_A_G,0.285
23,67021550,rs5919432,23,66719635,rs5965420,0.621
23,67021550,rs5919432,23,66720177,rs112576028,0.278
23,67021550,rs5919432,23,66721181,rs60451325,0.28
23,67021550,rs5919432,23,66721994,rs138676155,0.281
23,67021550,rs5919432,23,66723011,rs67711765,0.622
23,67021550,rs5919432,23,66724248,rs148800291,0.283
23,67021550,rs5919432,23,66724832,rs111609530,0.279
23,67021550,rs5919432,23,66726506,rs6525177,0.623
23,67021550,rs5919432,23,66729134,rs111961139,0.281
23,67021550,rs5919432,23,66732248,rs111639788,0.276
23,67021550,rs5919432,23,66734400,rs4294320,0.29
23,67021550,rs5919432,23,66734917,rs113130335,0.281
23,67021550,rs5919432,23,66737184,rs7067035,0.29
23,67021550,rs5919432,23,66739616,rs5965422,0.623
23,67021550,rs5919432,23,66744091,chrX:66744091:I,0.29
23,67021550,rs5919432,23,66744396,rs5964602,0.621
23,67021550,rs5919432,23,66745457,rs111880593,0.279
23,67021550,rs5919432,23,66745964,chrX_66745964_A_G,0.286
23,67021550,rs5919432,23,66748355,chrX_66748355_A_C,0.28
23,67021550,rs5919432,23,66748723,rs5965423,0.29
23,67021550,rs5919432,23,66749039,chrX_66749039_A_T,0.126
23,67021550,rs5919432,23,66749962,rs7883573,0.29
23,67021550,rs5919432,23,66751555,rs7888856,0.622
23,67021550,rs5919432,23,66755403,rs17302090,0.281
23,67021550,rs5919432,23,66765627,rs6152,0.626
23,67021550,rs5919432,23,66772693,rs149059561,0.295
23,67021550,rs5919432,23,66777066,rs12396249,0.627
23,67021550,rs5919432,23,66785748,rs1204040,0.627
23,67021550,rs5919432,23,66786016,rs1204039,0.629
23,67021550,rs5919432,23,66788225,rs1204038,0.629
23,67021550,rs5919432,23,66793745,chrX_66793745_A_C,0.139
23,67021550,rs5919432,23,66796087,rs2767564,0.631
23,67021550,rs5919432,23,66798111,rs2255702,0.631
23,67021550,rs5919432,23,66802586,rs147653989,0.07
23,67021550,rs5919432,23,66804969,rs2361629,0.629
23,67021550,rs5919432,23,66806030,rs5918757,0.627
23,67021550,rs5919432,23,66812459,rs2361630,0.633
23,67021550,rs5919432,23,66822163,rs7061037,0.633
23,67021550,rs5919432,23,66823106,chrX_66823106_A_G,0.297
23,67021550,rs5919432,23,66825357,rs5919393,0.635
23,67021550,rs5919432,23,66828385,rs4827545,0.632
23,67021550,rs5919432,23,66828653,rs5965429,0.208
23,67021550,rs5919432,23,66829060,rs4827546,0.635
23,67021550,rs5919432,23,66830509,rs5918758,0.635
23,67021550,rs5919432,23,66831223,rs4827547,0.632
23,67021550,rs5919432,23,66836700,rs5919394,0.639
23,67021550,rs5919432,23,66838080,rs5919395,0.637
23,67021550,rs5919432,23,66838751,rs5918760,0.641
23,67021550,rs5919432,23,66841382,rs5919396,0.643
23,67021550,rs5919432,23,66845749,rs5919397,0.53
23,67021550,rs5919432,23,66846382,rs5919398,0.636
23,67021550,rs5919432,23,66847390,rs150972173,0.287
23,67021550,rs5919432,23,66853776,rs112318058,0.288
23,67021550,rs5919432,23,66854931,chrX_66854931_A_C,0.292
23,67021550,rs5919432,23,66858321,rs4459010,0.649
23,67021550,rs5919432,23,66859225,rs4451455,0.301
23,67021550,rs5919432,23,66861334,rs112301335,0.293
23,67021550,rs5919432,23,66864549,rs112595843,0.293
23,67021550,rs5919432,23,66865496,rs5919402,0.651
23,67021550,rs5919432,23,66875756,rs6624304,0.653
23,67021550,rs5919432,23,66878919,rs1337080,0.304
23,67021550,rs5919432,23,66879592,rs141128751,0.294
23,67021550,rs5919432,23,66880292,rs4497110,0.308
23,67021550,rs5919432,23,66881583,rs4446868,0.61
23,67021550,rs5919432,23,66882245,rs4827402,0.301
23,67021550,rs5919432,23,66884362,rs141529844,0.293
23,67021550,rs5919432,23,66886142,rs35847971,0.295
23,67021550,rs5919432,23,66887157,rs5919403,0.303
23,67021550,rs5919432,23,66888246,rs149966799,0.073
23,67021550,rs5919432,23,66890435,rs6625199,0.655
23,67021550,rs5919432,23,66891487,rs4827549,0.303
23,67021550,rs5919432,23,66896852,chrX_66896852_A_G,0.296
23,67021550,rs5919432,23,66898195,rs112783354,0.295
23,67021550,rs5919432,23,66902792,rs112246840,0.293
23,67021550,rs5919432,23,66903360,chrX_66903360_A_C,0.142
23,67021550,rs5919432,23,66907459,rs5919408,0.654
23,67021550,rs5919432,23,66909171,chrX_66909171_C_G,0.304
23,67021550,rs5919432,23,66910604,chrX_66910604_A_T,0.303
23,67021550,rs5919432,23,66911754,rs113590093,0.295
23,67021550,rs5919432,23,66914801,rs5918762,0.654
23,67021550,rs5919432,23,66915607,rs7065530,0.297
23,67021550,rs5919432,23,66915656,rs112320270,0.295
23,67021550,rs5919432,23,66916151,rs150956476,0.303
23,67021550,rs5919432,23,66916654,chrX_66916654_C_T,0.297
23,67021550,rs5919432,23,66917619,rs112133186,0.295
23,67021550,rs5919432,23,66918091,chrX_66918091_C_T,0.297
23,67021550,rs5919432,23,66918453,chrX_66918453_C_T,0.297
23,67021550,rs5919432,23,66918713,rs5919411,0.303
23,67021550,rs5919432,23,66919520,chrX_66919520_A_G,0.297
23,67021550,rs5919432,23,66920872,rs113651505,0.295
23,67021550,rs5919432,23,66922794,rs58597866,0.298
23,67021550,rs5919432,23,66925877,rs62605198,0.655
23,67021550,rs5919432,23,66927168,rs148077974,0.298
23,67021550,rs5919432,23,66927342,rs146655601,0.295
23,67021550,rs5919432,23,66927418,rs5919412,0.547
23,67021550,rs5919432,23,66928499,rs149630787,0.295
23,67021550,rs5919432,23,66928586,rs144380584,0.295
23,67021550,rs5919432,23,66931037,rs61530657,0.295
23,67021550,rs5919432,23,66935150,chrX:66935150:I,0.298
23,67021550,rs5919432,23,66936344,chrX_66936344_C_G,0.304
23,67021550,rs5919432,23,66936419,chrX_66936419_A_G,0.297
23,67021550,rs5919432,23,66937707,chrX_66937707_A_G,0.302
23,67021550,rs5919432,23,66937749,chrX_66937749_A_G,0.297
23,67021550,rs5919432,23,66938466,chrX_66938466_G_T,0.297
23,67021550,rs5919432,23,66938551,rs12009160,0.298
23,67021550,rs5919432,23,66951089,chrX_66951089_C_T,0.974
23,67021550,rs5919432,23,66956431,chrX_66956431_C_T,0.977
23,67021550,rs5919432,23,66956886,chrX_66956886_C_T,0.977
23,67021550,rs5919432,23,66957768,chrX:66957768:I,0.963
23,67021550,rs5919432,23,66959642,rs1931542,0.977
23,67021550,rs5919432,23,66961395,chrX_66961395_C_T,0.31
23,67021550,rs5919432,23,66964485,chrX_66964485_A_G,0.977
23,67021550,rs5919432,23,66965118,chrX_66965118_C_T,0.977
23,67021550,rs5919432,23,66965158,chrX_66965158_A_G,0.951
23,67021550,rs5919432,23,66966289,chrX_66966289_C_G,0.976
23,67021550,rs5919432,23,66966388,chrX_66966388_A_G,0.976
23,67021550,rs5919432,23,66967089,chrX_66967089_A_G,0.975
23,67021550,rs5919432,23,66967451,rs111465685,0.976
23,67021550,rs5919432,23,66968233,chrX_66968233_A_C,0.978
23,67021550,rs5919432,23,66968391,chrX_66968391_A_G,0.975
23,67021550,rs5919432,23,66968601,chrX_66968601_A_G,0.978
23,67021550,rs5919432,23,66968828,chrX:66968828:I,0.978
23,67021550,rs5919432,23,66969648,rs61438420,0.976
23,67021550,rs5919432,23,66970047,chrX_66970047_G_T,0.976
23,67021550,rs5919432,23,66970530,chrX_66970530_C_T,0.975
23,67021550,rs5919432,23,66971020,chrX_66971020_A_G,0.976
23,67021550,rs5919432,23,66972478,chrX_66972478_C_T,0.975
23,67021550,rs5919432,23,66972665,rs4827551,0.888
23,67021550,rs5919432,23,66973206,chrX_66973206_A_G,0.975
23,67021550,rs5919432,23,66974681,chrX_66974681_A_T,0.976
23,67021550,rs5919432,23,66975072,chrX_66975072_G_T,0.975
23,67021550,rs5919432,23,66975423,chrX_66975423_A_G,0.976
23,67021550,rs5919432,23,66976880,chrX_66976880_G_T,0.976
23,67021550,rs5919432,23,66977355,chrX_66977355_C_T,0.976
23,67021550,rs5919432,23,66977552,rs11094029,0.978
23,67021550,rs5919432,23,66977554,chrX:66977554:I,0.976
23,67021550,rs5919432,23,66977564,chrX_66977564_AGAGA_INDEL,0.975
23,67021550,rs5919432,23,66977574,chrX_66977574_G_T,0.978
23,67021550,rs5919432,23,66978463,chrX_66978463_A_G,0.971
23,67021550,rs5919432,23,66978571,rs1931545,0.976
23,67021550,rs5919432,23,66979251,chrX_66979251_A_G,0.978
23,67021550,rs5919432,23,66979470,chrX_66979470_C_T,0.976
23,67021550,rs5919432,23,66980737,chrX_66980737_G_T,0.976
23,67021550,rs5919432,23,66981596,chrX_66981596_A_G,0.978
23,67021550,rs5919432,23,66983114,rs12008580,0.973
23,67021550,rs5919432,23,66983518,chrX_66983518_C_T,0.978
23,67021550,rs5919432,23,66984015,chrX_66984015_A_G,0.978
23,67021550,rs5919432,23,66986085,rs5965437,0.961
23,67021550,rs5919432,23,66986262,rs190546241,0.063
23,67021550,rs5919432,23,66986892,rs7051556,0.976
23,67021550,rs5919432,23,66987757,chrX_66987757_A_G,0.32
23,67021550,rs5919432,23,66989273,rs138614810,0.321
23,67021550,rs5919432,23,66989512,chrX_66989512_A_G,0.978
23,67021550,rs5919432,23,66989899,chrX_66989899_A_G,0.32
23,67021550,rs5919432,23,66990065,chrX_66990065_C_T,0.321
23,67021550,rs5919432,23,66991359,rs7057791,0.977
23,67021550,rs5919432,23,66991619,rs7058116,0.977
23,67021550,rs5919432,23,66991651,rs4352990,0.975
23,67021550,rs5919432,23,66991722,rs112241339,0.546
23,67021550,rs5919432,23,66991846,rs4827552,0.979
23,67021550,rs5919432,23,66993720,rs2095341,0.979
23,67021550,rs5919432,23,66994254,rs139678949,0.321
23,67021550,rs5919432,23,66994674,rs148919222,0.979
23,67021550,rs5919432,23,66995721,rs5918771,0.979
23,67021550,rs5919432,23,66997141,chrX_66997141_C_T,0.321
23,67021550,rs5919432,23,66997948,chrX_66997948_A_C,0.318
23,67021550,rs5919432,23,66999388,chrX_66999388_A_C,0.322
23,67021550,rs5919432,23,66999698,chrX_66999698_C_T,0.976
23,67021550,rs5919432,23,66999746,chrX_66999746_G_INDEL,0.076
23,67021550,rs5919432,23,66999765,chrX_66999765_A_G,0.322
23,67021550,rs5919432,23,67000566,chrX_67000566_C_T,0.976
23,67021550,rs5919432,23,67002986,rs5919426,0.313
23,67021550,rs5919432,23,67003584,chrX_67003584_A_C,0.988
23,67021550,rs5919432,23,67003599,chrX_67003599_A_G,0.324
23,67021550,rs5919432,23,67005508,chrX_67005508_A_G,0.32
23,67021550,rs5919432,23,67008668,chrX_67008668_A_G,0.881
23,67021550,rs5919432,23,67009976,chrX_67009976_A_G,0.998
23,67021550,rs5919432,23,67011343,chrX_67011343_A_T,0.992
23,67021550,rs5919432,23,67011527,chrX:67011527:D,0.992
23,67021550,rs5919432,23,67012908,chrX_67012908_C_T,0.993
23,67021550,rs5919432,23,67013605,chrX_67013605_C_T,0.998
23,67021550,rs5919432,23,67013783,chrX_67013783_A_C,0.995
23,67021550,rs5919432,23,67013824,chrX_67013824_G_T,0.998
23,67021550,rs5919432,23,67013859,chrX_67013859_A_T,1
23,67021550,rs5919432,23,67016812,rs6625226,0.93
23,67021550,rs5919432,23,67016860,rs12849561,0.987
23,67021550,rs5919432,23,67018026,chrX_67018026_A_C,0.999
23,67021550,rs5919432,23,67020060,rs138603138,0.312
23,67021550,rs5919432,23,67020684,rs5919431,0.998
23,67021550,rs5919432,23,67020793,chrX:67020793:I,0.992
23,67021550,rs5919432,23,67021550,rs5919432,1
23,67021550,rs5919432,23,67022508,rs7887732,0.994
23,67021550,rs5919432,23,67022851,chrX_67022851_A_G,0.223
23,67021550,rs5919432,23,67023582,rs183399545,0.992
23,67021550,rs5919432,23,67023784,rs113059522,0.994
23,67021550,rs5919432,23,67023926,rs5919435,0.995
23,67021550,rs5919432,23,67024778,chrX_67024778_A_G,0.997
23,67021550,rs5919432,23,67025123,chrX_67025123_A_G,0.995
23,67021550,rs5919432,23,67025153,chrX_67025153_C_T,0.999
23,67021550,rs5919432,23,67025346,chrX:67025346:D,0.987
23,67021550,rs5919432,23,67025347,chrX_67025347_AAAC_INDEL,0.991
23,67021550,rs5919432,23,67026876,chrX_67026876_A_G,0.075
23,67021550,rs5919432,23,67027584,rs111735126,0.994
23,67021550,rs5919432,23,67028222,chrX_67028222_A_C,0.997
23,67021550,rs5919432,23,67030483,chrX_67030483_A_G,0.999
23,67021550,rs5919432,23,67031248,rs5918776,0.97
23,67021550,rs5919432,23,67032326,rs5918777,0.996
23,67021550,rs5919432,23,67033937,chrX_67033937_G_T,0.999
23,67021550,rs5919432,23,67034377,rs112339850,0.566
23,67021550,rs5919432,23,67034987,chrX:67034987:D,0.982
23,67021550,rs5919432,23,67038225,chrX:67038225:D,0.996
23,67021550,rs5919432,23,67038270,rs146800754,0.223
23,67021550,rs5919432,23,67038688,rs5919446,0.996
23,67021550,rs5919432,23,67039188,rs1931538,0.995
23,67021550,rs5919432,23,67039722,chrX_67039722_C_T,0.993
23,67021550,rs5919432,23,67039881,rs148413939,0.566
23,67021550,rs5919432,23,67040943,rs78586530,0.995
23,67021550,rs5919432,23,67041105,rs5965458,0.977
23,67021550,rs5919432,23,67041249,rs5965459,0.984
23,67021550,rs5919432,23,67041424,rs4459012,0.994
23,67021550,rs5919432,23,67042136,rs4628401,0.979
23,67021550,rs5919432,23,67042431,rs151312218,0.921
23,67021550,rs5919432,23,67042677,rs145622714,0.895
23,67021550,rs5919432,23,67043656,rs148954066,0.988
23,67021550,rs5919432,23,67043707,rs7061120,0.992
23,67021550,rs5919432,23,67043709,rs7061121,0.992
23,67021550,rs5919432,23,67044036,rs74883812,0.872
23,67021550,rs5919432,23,67044561,rs80104859,0.939
23,67021550,rs5919432,23,67046985,rs7881605,0.992
23,67021550,rs5919432,23,67049396,rs150113326,0.321
23,67021550,rs5919432,23,67050110,rs3952188,0.994
23,67021550,rs5919432,23,67050633,rs112060832,0.564
23,67021550,rs5919432,23,67050677,rs113473452,0.992
23,67021550,rs5919432,23,67051158,rs143084320,0.075
23,67021550,rs5919432,23,67051167,rs148208038,0.992
23,67021550,rs5919432,23,67051356,chrX:67051356:I,0.966
23,67021550,rs5919432,23,67051564,rs146757621,0.994
23,67021550,rs5919432,23,67053128,rs141845472,0.993
23,67021550,rs5919432,23,67053257,rs149949499,0.995
23,67021550,rs5919432,23,67053287,rs141205936,0.993
23,67021550,rs5919432,23,67053673,rs6525192,0.994
23,67021550,rs5919432,23,67056584,rs12385043,0.953
23,67021550,rs5919432,23,67057183,rs186856944,0.955
23,67021550,rs5919432,23,67057187,rs192172463,0.952
23,67021550,rs5919432,23,67059756,rs5918782,0.987
23,67021550,rs5919432,23,67060779,rs5919456,0.985
23,67021550,rs5919432,23,67061745,rs5918783,0.978
23,67021550,rs5919432,23,67062111,rs5919457,0.983
23,67021550,rs5919432,23,67062490,chrX_67062490_C_T,0.981
23,67021550,rs5919432,23,67063285,chrX_67063285_A_T,0.984
23,67021550,rs5919432,23,67064136,rs111552394,0.556
23,67021550,rs5919432,23,67065261,chrX_67065261_G_T,0.979
23,67021550,rs5919432,23,67066141,rs1931541,0.981
23,67021550,rs5919432,23,67066620,rs113391423,0.976
23,67021550,rs5919432,23,67066825,rs5919460,0.981
23,67021550,rs5919432,23,67067065,rs12007323,0.978
23,67021550,rs5919432,23,67067986,rs138665513,0.977
23,67021550,rs5919432,23,67068075,rs115287067,0.977
23,67021550,rs5919432,23,67069291,chrX_67069291_A_T,0.897
23,67021550,rs5919432,23,67070550,chrX_67070550_A_T,0.898
23,67021550,rs5919432,23,67071013,rs2885523,0.9
23,67021550,rs5919432,23,67071794,rs114971619,0.898
23,67021550,rs5919432,23,67073294,rs6624323,0.902
23,67021550,rs5919432,23,67073892,rs143330918,0.32
23,67021550,rs5919432,23,67075530,rs150480115,0.075
23,67021550,rs5919432,23,67075559,chrX_67075559_A_G,0.894
23,67021550,rs5919432,23,67075789,chrX:67075789:D,0.881
23,67021550,rs5919432,23,67075878,rs5918785,0.902
23,67021550,rs5919432,23,67075923,rs114459839,0.898
23,67021550,rs5919432,23,67075983,rs1931540,0.902
23,67021550,rs5919432,23,67076820,rs12012439,0.898
23,67021550,rs5919432,23,67076841,rs12012440,0.898
23,67021550,rs5919432,23,67077158,rs5965465,0.902
23,67021550,rs5919432,23,67077911,chrX_67077911_A_G,0.897
23,67021550,rs5919432,23,67079534,rs144583454,0.32
23,67021550,rs5919432,23,67079579,rs5919462,0.902
23,67021550,rs5919432,23,67079734,rs141685197,0.075
23,67021550,rs5919432,23,67080842,rs5919463,0.897
23,67021550,rs5919432,23,67081598,rs116075976,0.896
23,67021550,rs5919432,23,67081729,rs189174492,0.896
23,67021550,rs5919432,23,67081926,rs114882448,0.896
23,67021550,rs5919432,23,67082104,rs150026389,0.894
23,67021550,rs5919432,23,67082152,rs5919466,0.9
23,67021550,rs5919432,23,67082590,rs55809560,0.896
23,67021550,rs5919432,23,67082672,rs5918787,0.9
23,67021550,rs5919432,23,67083294,rs5918788,0.9
23,67021550,rs5919432,23,67084098,rs5918789,0.902
23,67021550,rs5919432,23,67085251,chrX_67085251_C_T,0.899
23,67021550,rs5919432,23,67086561,rs1343497,0.902
23,67021550,rs5919432,23,67086931,rs112355926,0.051
23,67021550,rs5919432,23,67087133,chrX:67087133:D,0.896
23,67021550,rs5919432,23,67087138,chrX:67087138:D,0.896
23,67021550,rs5919432,23,67089063,rs7885198,0.899
23,67021550,rs5919432,23,67089746,chrX_67089746_A_T,0.898
23,67021550,rs5919432,23,67089900,rs7049804,0.902
23,67021550,rs5919432,23,67090015,rs182555813,0.898
23,67021550,rs5919432,23,67090927,chrX:67090927:D,0.898
23,67021550,rs5919432,23,67091109,chrX_67091109_A_G,0.897
23,67021550,rs5919432,23,67091368,rs5918792,0.898
23,67021550,rs5919432,23,67091512,rs5919468,0.84
23,67021550,rs5919432,23,67091782,rs5919469,0.874
23,67021550,rs5919432,23,67092478,rs149693102,0.485
23,67021550,rs5919432,23,67092771,rs141348080,0.195
23,67021550,rs5919432,23,67093661,rs115298064,0.892
23,67021550,rs5919432,23,67097002,chrX_67097002_C_T,0.892
23,67021550,rs5919432,23,67098074,chrX_67098074_G_T,0.901
23,67021550,rs5919432,23,67099377,chrX_67099377_C_T,0.893
23,67021550,rs5919432,23,67100906,rs2781515,0.901
23,67021550,rs5919432,23,67101362,chrX_67101362_A_G,0.896
23,67021550,rs5919432,23,67101851,chrX_67101851_C_T,0.319
23,67021550,rs5919432,23,67102031,chrX_67102031_A_G,0.9
23,67021550,rs5919432,23,67102515,rs115735898,0.897
23,67021550,rs5919432,23,67103764,chrX_67103764_A_G,0.441
23,67021550,rs5919432,23,67106083,rs146503889,0.148
23,67021550,rs5919432,23,67106084,rs112035793,0.074
23,67021550,rs5919432,23,67106621,rs12014598,0.592
23,67021550,rs5919432,23,67108671,rs146036681,0.148
23,67021550,rs5919432,23,67109678,rs2765949,0.441
23,67021550,rs5919432,23,67110724,rs2765954,0.239
23,67021550,rs5919432,23,67111565,rs2363802,0.464
23,67021550,rs5919432,23,67112554,rs1936316,0.239
23,67021550,rs5919432,23,67112638,rs114760610,0.589
23,67021550,rs5919432,23,67112854,rs151316921,0.235
23,67021550,rs5919432,23,67114143,chrX:67114143:D,0.59
23,67021550,rs5919432,23,67114556,rs5965468,0.454
23,67021550,rs5919432,23,67115127,rs191397980,0.075
23,67021550,rs5919432,23,67115472,rs114754879,0.589
23,67021550,rs5919432,23,67115803,rs2885913,0.441
23,67021550,rs5919432,23,67116826,rs144680673,0.226
23,67021550,rs5919432,23,67120472,chrX_67120472_C_T,0.591
23,67021550,rs5919432,23,67123663,chrX:67123663:I,0.441
23,67021550,rs5919432,23,67123665,chrX_67123665_C_INDEL,0.437
23,67021550,rs5919432,23,67124125,rs55978437,0.541
23,67021550,rs5919432,23,67124288,rs56363920,0.587
23,67021550,rs5919432,23,67126421,rs7057678,0.579
23,67021550,rs5919432,23,67127464,rs2363799,0.578
23,67021550,rs5919432,23,67128056,rs5919475,0.575
23,67021550,rs5919432,23,67128212,rs149907408,0.182
23,67021550,rs5919432,23,67128501,rs5919476,0.578
23,67021550,rs5919432,23,67130130,rs5918795,0.221
23,67021550,rs5919432,23,67130289,rs5919477,0.573
23,67021550,rs5919432,23,67132548,rs5919478,0.581
23,67021550,rs5919432,23,67132606,rs5919479,0.434
23,67021550,rs5919432,23,67132825,rs140435024,0.075
23,67021550,rs5919432,23,67133733,rs4827406,0.434
23,67021550,rs5919432,23,67134070,rs148303073,0.434
23,67021550,rs5919432,23,67135212,rs143899126,0.074
23,67021550,rs5919432,23,67136459,rs146548219,0.23
23,67021550,rs5919432,23,67139635,chrX:67139635:D,0.223
23,67021550,rs5919432,23,67139870,chrX_67139870_A_T,0.434
23,67021550,rs5919432,23,67141771,rs5919482,0.579
23,67021550,rs5919432,23,67146381,chrX_67146381_A_C,0.432
23,67021550,rs5919432,23,67147038,rs6418402,0.434
23,67021550,rs5919432,23,67147250,rs56129443,0.582
23,67021550,rs5919432,23,67151174,rs150625234,0.308
23,67021550,rs5919432,23,67151954,rs2885907,0.434
23,67021550,rs5919432,23,67152057,chrX_67152057_A_C,0.434
23,67021550,rs5919432,23,67152525,rs5919485,0.581
23,67021550,rs5919432,23,67155695,chrX:67155695:I,0.436
23,67021550,rs5919432,23,67156923,chrX_67156923_A_C,0.434
23,67021550,rs5919432,23,67156968,chrX_67156968_A_G,0.434
23,67021550,rs5919432,23,67160568,chrX_67160568_C_T,0.58
23,67021550,rs5919432,23,67161012,rs5918796,0.58
23,67021550,rs5919432,23,67161402,rs1115361,0.434
23,67021550,rs5919432,23,67161845,rs6625254,0.434
23,67021550,rs5919432,23,67162053,chrX_67162053_G_T,0.434
23,67021550,rs5919432,23,67162528,rs12396410,0.58
23,67021550,rs5919432,23,67162936,rs140413690,0.58
23,67021550,rs5919432,23,67162948,chrX:67162948:I,0.401
23,67021550,rs5919432,23,67163244,rs6525208,0.44
23,67021550,rs5919432,23,67163490,rs138349618,0.316
23,67021550,rs5919432,23,67163647,rs2363791,0.43
23,67021550,rs5919432,23,67163748,rs149477874,0.407
23,67021550,rs5919432,23,67166713,rs139960550,0.434
23,67021550,rs5919432,23,67167272,rs141322458,0.579
23,67021550,rs5919432,23,67167679,rs192309167,0.578
23,67021550,rs5919432,23,67168358,rs4021233,0.474
23,67021550,rs5919432,23,67168475,rs2363789,0.579
23,67021550,rs5919432,23,67168533,chrX_67168533_G_T,0.435
23,67021550,rs5919432,23,67169131,chrX_67169131_A_G,0.434
23,67021550,rs5919432,23,67169422,chrX_67169422_G_T,0.434
23,67021550,rs5919432,23,67169622,rs5919489,0.417
23,67021550,rs5919432,23,67170526,rs2363787,0.413
23,67021550,rs5919432,23,67170528,chrX:67170528:I,0.413
23,67021550,rs5919432,23,67171298,chrX_67171298_A_C,0.435
23,67021550,rs5919432,23,67172022,rs148016941,0.074
23,67021550,rs5919432,23,67173076,rs61184766,0.597
23,67021550,rs5919432,23,67173332,chrX_67173332_A_G,0.597
23,67021550,rs5919432,23,67173387,chrX_67173387_C_T,0.596
23,67021550,rs5919432,23,67173731,rs16989069,0.596
23,67021550,rs5919432,23,67173790,rs16990427,0.596
23,67021550,rs5919432,23,67174845,chrX_67174845_C_G,0.594
23,67021550,rs5919432,23,67175154,chrX_67175154_A_C,0.594
23,67021550,rs5919432,23,67175984,chrX_67175984_C_T,0.436
23,67021550,rs5919432,23,67176006,chrX_67176006_A_G,0.639
23,67021550,rs5919432,23,67176605,chrX_67176605_C_T,0.43
23,67021550,rs5919432,23,67176763,rs147927722,0.233
23,67021550,rs5919432,23,67177694,chrX_67177694_C_T,0.563
23,67021550,rs5919432,23,67177760,chrX_67177760_A_C,0.43
23,67021550,rs5919432,23,67177803,chrX_67177803_A_G,0.563
23,67021550,rs5919432,23,67177932,chrX_67177932_A_T,0.561
23,67021550,rs5919432,23,67179224,chrX_67179224_C_T,0.563
23,67021550,rs5919432,23,67179559,chrX_67179559_C_G,0.564
23,67021550,rs5919432,23,67180394,chrX_67180394_C_T,0.563
23,67021550,rs5919432,23,67181360,rs115351248,0.548
23,67021550,rs5919432,23,67182008,chrX_67182008_C_T,0.55
23,67021550,rs5919432,23,67183002,chrX_67183002_C_T,0.549
23,67021550,rs5919432,23,67183410,rs5919491,0.548
23,67021550,rs5919432,23,67183584,rs5919492,0.55
23,67021550,rs5919432,23,67184647,rs5919493,0.549
23,67021550,rs5919432,23,67184883,rs139053647,0.533
23,67021550,rs5919432,23,67184982,rs184858723,0.519
23,67021550,rs5919432,23,67185246,rs145473263,0.363
23,67021550,rs5919432,23,67185698,rs150397423,0.546
23,67021550,rs5919432,23,67185818,rs138238847,0.546
23,67021550,rs5919432,23,67186695,rs5918798,0.379
23,67021550,rs5919432,23,67186754,rs5919495,0.547
23,67021550,rs5919432,23,67186971,rs12388342,0.374
23,67021550,rs5919432,23,67187017,rs12389378,0.547
23,67021550,rs5919432,23,67187079,rs12390498,0.547
23,67021550,rs5919432,23,67188133,rs147649209,0.549
23,67021550,rs5919432,23,67188222,chrX_67188222_C_T,0.548
23,67021550,rs5919432,23,67188528,chrX_67188528_A_G,0.422
23,67021550,rs5919432,23,67188632,rs11094063,0.422
23,67021550,rs5919432,23,67188990,rs5919496,0.422
23,67021550,rs5919432,23,67189551,rs12012060,0.422
23,67021550,rs5919432,23,67190039,rs143907362,0.546
23,67021550,rs5919432,23,67190350,rs114572208,0.547
23,67021550,rs5919432,23,67190460,rs60450083,0.422
23,67021550,rs5919432,23,67190617,rs5919497,0.422
23,67021550,rs5919432,23,67191338,chrX_67191338_A_C,0.421
23,67021550,rs5919432,23,67191427,rs12008791,0.549
23,67021550,rs5919432,23,67191618,rs12013580,0.547
23,67021550,rs5919432,23,67191880,rs7884475,0.421
23,67021550,rs5919432,23,67191934,rs56021817,0.547
23,67021550,rs5919432,23,67192199,rs55661465,0.422
23,67021550,rs5919432,23,67192586,rs150262064,0.549
23,67021550,rs5919432,23,67192861,rs7059066,0.549
23,67021550,rs5919432,23,67193040,chrX_67193040_A_G,0.422
23,67021550,rs5919432,23,67193342,rs5919498,0.422
23,67021550,rs5919432,23,67193865,rs11094065,0.422
23,67021550,rs5919432,23,67197107,chrX_67197107_A_G,0.545
23,67021550,rs5919432,23,67198288,rs2885904,0.425
23,67021550,rs5919432,23,67199104,chrX_67199104_A_G,0.544
23,67021550,rs5919432,23,67199956,chrX_67199956_A_G,0.538
23,67021550,rs5919432,23,67200648,chrX_67200648_C_T,0.422
23,67021550,rs5919432,23,67201132,chrX_67201132_A_G,0.425
23,67021550,rs5919432,23,67201617,chrX_67201617_A_G,0.413
23,67021550,rs5919432,23,67201659,chrX:67201659:I,0.418
23,67021550,rs5919432,23,67202077,rs5919501,0.413
23,67021550,rs5919432,23,67202100,rs5919502,0.523
23,67021550,rs5919432,23,67202178,chrX_67202178_A_G,0.412
23,67021550,rs5919432,23,67202218,rs115528766,0.524
23,67021550,rs5919432,23,67202934,chrX_67202934_A_G,0.523
23,67021550,rs5919432,23,67203093,rs148851621,0.149
23,67021550,rs5919432,23,67203841,chrX:67203841:D,0.379
23,67021550,rs5919432,23,67203918,rs116387558,0.522
23,67021550,rs5919432,23,67205614,chrX:67205614:D,0.414
23,67021550,rs5919432,23,67206079,rs7052561,0.414
23,67021550,rs5919432,23,67206401,rs5965489,0.414
23,67021550,rs5919432,23,67206873,rs60282876,0.414
23,67021550,rs5919432,23,67207758,rs5919503,0.524
23,67021550,rs5919432,23,67207892,rs141431496,0.149
23,67021550,rs5919432,23,67208728,chrX:67208728:D,0.514
23,67021550,rs5919432,23,67208935,chrX_67208935_G_T,0.523
23,67021550,rs5919432,23,67210291,rs59355353,0.38
23,67021550,rs5919432,23,67210458,rs34172502,0.38
23,67021550,rs5919432,23,67211181,rs58995097,0.501
23,67021550,rs5919432,23,67211708,rs5918802,0.461
23,67021550,rs5919432,23,67212934,rs147049088,0.379
23,67021550,rs5919432,23,67214770,rs60480261,0.499
23,67021550,rs5919432,23,67216417,rs5919505,0.5
23,67021550,rs5919432,23,67217771,rs116644095,0.497
23,67021550,rs5919432,23,67219568,rs5919506,0.372
23,67021550,rs5919432,23,67221108,rs1361870,0.373
23,67021550,rs5919432,23,67223750,rs1626833,0.372
23,67021550,rs5919432,23,67223783,rs7877003,0.372
23,67021550,rs5919432,23,67225582,rs147823192,0.495
23,67021550,rs5919432,23,67226891,chrX_67226891_A_G,0.372
23,67021550,rs5919432,23,67228280,rs7062206,0.496
23,67021550,rs5919432,23,67229107,rs185909305,0.245
23,67021550,rs5919432,23,67230547,rs147406927,0.072
23,67021550,rs5919432,23,67230966,rs151017025,0.496
23,67021550,rs5919432,23,67231339,rs149993362,0.495
23,67021550,rs5919432,23,67231722,rs141301416,0.495
23,67021550,rs5919432,23,67231778,rs145034142,0.495
23,67021550,rs5919432,23,67232297,rs146853117,0.456
23,67021550,rs5919432,23,67232326,rs148973947,0.454
23,67021550,rs5919432,23,67232453,rs143752898,0.419
23,67021550,rs5919432,23,67232460,rs148176507,0.42
23,67021550,rs5919432,23,67234655,chrX_67234655_A_T,0.495
23,67021550,rs5919432,23,67234980,rs35021237,0.494
23,67021550,rs5919432,23,67235648,chrX_67235648_C_T,0.372
23,67021550,rs5919432,23,67236905,rs2148828,0.372
23,67021550,rs5919432,23,67236972,chrX:67236972:I,0.371
23,67021550,rs5919432,23,67238503,rs12012687,0.495
23,67021550,rs5919432,23,67238569,rs2768579,0.372
23,67021550,rs5919432,23,67239731,rs56314319,0.495
23,67021550,rs5919432,23,67240323,rs150563762,0.185
23,67021550,rs5919432,23,67240448,rs5964636,0.496
23,67021550,rs5919432,23,67241734,chrX_67241734_A_G,0.378
23,67021550,rs5919432,23,67243124,chrX_67243124_A_G,0.378
23,67021550,rs5919432,23,67246824,rs5919511,0.496
23,67021550,rs5919432,23,67251413,rs12008699,0.494
23,67021550,rs5919432,23,67254777,rs1576058,0.377
23,67021550,rs5919432,23,67256439,chrX_67256439_C_T,0.375
23,67021550,rs5919432,23,67256542,rs5919513,0.494
23,67021550,rs5919432,23,67258426,rs5918805,0.491
23,67021550,rs5919432,23,67258889,chrX_67258889_C_G,0.374
23,67021550,rs5919432,23,67259650,chrX_67259650_A_T,0.464
23,67021550,rs5919432,23,67259924,chrX_67259924_A_G,0.357
23,67021550,rs5919432,23,67260117,chrX_67260117_C_T,0.357
23,67021550,rs5919432,23,67261309,chrX_67261309_C_T,0.207
23,67021550,rs5919432,23,67261429,chrX_67261429_A_C,0.467
23,67021550,rs5919432,23,67261919,chrX_67261919_C_T,0.36
23,67021550,rs5919432,23,67263293,rs7888212,0.352
23,67021550,rs5919432,23,67263844,chrX_67263844_C_T,0.335
23,67021550,rs5919432,23,67265417,chrX_67265417_A_C,0.341
23,67021550,rs5919432,23,67265915,chrX:67265915:I,0.464
23,67021550,rs5919432,23,67265921,chrX_67265921_INDEL_T,0.47
23,67021550,rs5919432,23,67269128,rs5918806,0.468
23,67021550,rs5919432,23,67273065,chrX_67273065_A_T,0.34
23,67021550,rs5919432,23,67275938,rs2765958,0.331
23,67021550,rs5919432,23,67276423,chrX_67276423_G_T,0.337
23,67021550,rs5919432,23,67277647,chrX_67277647_A_C,0.339
23,67021550,rs5919432,23,67278159,chrX_67278159_A_G,0.26
23,67021550,rs5919432,23,67278225,chrX_67278225_C_T,0.335
23,67021550,rs5919432,23,67278840,rs5919514,0.466
23,67021550,rs5919432,23,67279830,rs141363676,0.074
23,67021550,rs5919432,23,67280381,chrX_67280381_C_T,0.334
23,67021550,rs5919432,23,67281217,chrX_67281217_C_T,0.458
23,67021550,rs5919432,23,67281468,rs3788855,0.336
23,67021550,rs5919432,23,67281597,chrX_67281597_A_G,0.459
23,67021550,rs5919432,23,67284113,rs41303731,0.349
23,67021550,rs5919432,23,67285971,chrX_67285971_C_T,0.334
23,67021550,rs5919432,23,67286067,chrX_67286067_A_C,0.457
23,67021550,rs5919432,23,67286841,chrX_67286841_A_G,0.421
23,67021550,rs5919432,23,67287159,chrX_67287159_A_C,0.423
23,67021550,rs5919432,23,67287853,rs5918809,0.423
23,67021550,rs5919432,23,67293333,rs17217221,0.146
23,67021550,rs5919432,23,67296128,rs12013576,0.4
23,67021550,rs5919432,23,67296854,chrX_67296854_A_G,0.312
23,67021550,rs5919432,23,67299314,chrX_67299314_C_T,0.313
23,67021550,rs5919432,23,67300619,rs115610446,0.416
23,67021550,rs5919432,23,67302272,rs114067148,0.415
23,67021550,rs5919432,23,67302823,rs11796456,0.309
23,67021550,rs5919432,23,67302834,rs11796564,0.308
23,67021550,rs5919432,23,67302835,rs11798426,0.306
23,67021550,rs5919432,23,67302963,rs3952309,0.309
23,67021550,rs5919432,23,67309315,chrX_67309315_C_G,0.378
23,67021550,rs5919432,23,67310673,chrX_67310673_C_T,0.295
23,67021550,rs5919432,23,67310800,rs5919518,0.381
23,67021550,rs5919432,23,67311082,chrX_67311082_A_G,0.295
23,67021550,rs5919432,23,67313269,rs55944020,0.115
23,67021550,rs5919432,23,67318954,rs34267108,0.224
23,67021550,rs5919432,23,67319094,rs5965496,0.224
23,67021550,rs5919432,23,67319294,rs5965497,0.223
23,67021550,rs5919432,23,67319805,rs5965498,0.285
23,67021550,rs5919432,23,67320678,rs5919519,0.223
23,67021550,rs5919432,23,67321741,rs1157321,0.284
23,67021550,rs5919432,23,67321920,rs6624341,0.223
23,67021550,rs5919432,23,67322996,rs149167952,0.222
23,67021550,rs5919432,23,67324960,rs5919520,0.222
23,67021550,rs5919432,23,67329443,rs188343703,0.213
23,67021550,rs5919432,23,67333414,rs5919522,0.279
23,67021550,rs5919432,23,67334225,rs73212844,0.28
23,67021550,rs5919432,23,67338660,rs5918813,0.221
23,67021550,rs5919432,23,67340427,rs5919524,0.221
23,67021550,rs5919432,23,67343137,rs139484686,0.065
23,67021550,rs5919432,23,67347391,rs6624345,0.221
23,67021550,rs5919432,23,67348353,chrX:67348353:D,0.22
23,67021550,rs5919432,23,67349179,rs1555995,0.222
23,67021550,rs5919432,23,67351208,rs7065442,0.227
23,67021550,rs5919432,23,67351777,rs56075207,0.282
23,67021550,rs5919432,23,67352006,rs140211600,0.138
23,67021550,rs5919432,23,67352698,rs185428445,0.231
23,67021550,rs5919432,23,67354938,rs5965502,0.221
23,67021550,rs5919432,23,67358208,rs5919529,0.221
23,67021550,rs5919432,23,67358758,rs5919530,0.221
23,67021550,rs5919432,23,67364062,rs5919531,0.281
23,67021550,rs5919432,23,67366518,rs5918817,0.083
23,67021550,rs5919432,23,67367871,rs12012112,0.282
23,67021550,rs5919432,23,67368369,rs5964642,0.221
23,67021550,rs5919432,23,67369042,rs5918818,0.221
23,67021550,rs5919432,23,67371477,rs12011480,0.282
23,67021550,rs5919432,23,67373696,chrX_67373696_A_G,0.282
23,67021550,rs5919432,23,67376320,rs12011068,0.057
23,67021550,rs5919432,23,67380522,rs73212855,0.286
23,67021550,rs5919432,23,67381589,rs73212857,0.284
23,67021550,rs5919432,23,67382312,rs5918819,0.057
23,67021550,rs5919432,23,67382335,rs5919532,0.057
23,67021550,rs5919432,23,67382891,rs1927232,0.056
23,67021550,rs5919432,23,67383162,rs1927231,0.056
23,67021550,rs5919432,23,67383900,chrX_67383900_A_G,0.215
23,67021550,rs5919432,23,67384215,rs5919533,0.056
23,67021550,rs5919432,23,67384972,rs4827413,0.216
23,67021550,rs5919432,23,67385337,rs7880614,0.056
23,67021550,rs5919432,23,67385808,chrX_67385808_C_T,0.057
23,67021550,rs5919432,23,67387370,rs146965139,0.201
23,67021550,rs5919432,23,67387383,rs11094068,0.056
23,67021550,rs5919432,23,67387736,rs12847332,0.056
23,67021550,rs5919432,23,67387853,rs11094070,0.056
23,67021550,rs5919432,23,67387989,rs5964644,0.056
23,67021550,rs5919432,23,67388065,rs12400400,0.087
23,67021550,rs5919432,23,67388108,rs5965506,0.056
23,67021550,rs5919432,23,67388543,rs142948110,0.062
23,67021550,rs5919432,23,67388813,rs150664600,0.074
23,67021550,rs5919432,23,67389069,rs143676549,0.087
23,67021550,rs5919432,23,67389520,rs144982836,0.066
23,67021550,rs5919432,23,67390722,rs187003525,0.201
23,67021550,rs5919432,23,67392665,rs12836444,0.056
23,67021550,rs5919432,23,67393086,rs73212862,0.087
23,67021550,rs5919432,23,67393141,chrX_67393141_C_T,0.057
23,67021550,rs5919432,23,67393611,rs2225139,0.056
23,67021550,rs5919432,23,67394213,rs73212865,0.087
23,67021550,rs5919432,23,67396063,rs150928089,0.2
23,67021550,rs5919432,23,67396422,rs12013298,0.056
23,67021550,rs5919432,23,67396525,rs7891230,0.088
23,67021550,rs5919432,23,67397034,chrX_67397034_A_G,0.197
23,67021550,rs5919432,23,67397225,chrX:67397225:D,0.088
23,67021550,rs5919432,23,67397285,chrX_67397285_G_T,0.2
23,67021550,rs5919432,23,67397412,rs1952296,0.056
23,67021550,rs5919432,23,67398357,rs112368809,0.201
23,67021550,rs5919432,23,67399051,chrX:67399051:D,0.215
23,67021550,rs5919432,23,67399052,chrX_67399052_CTT_INDEL,0.214
23,67021550,rs5919432,23,67399537,rs7050271,0.087
23,67021550,rs5919432,23,67400120,rs5919541,0.056
23,67021550,rs5919432,23,67400158,chrX_67400158_C_T,0.195
23,67021550,rs5919432,23,67401657,rs12391147,0.057
23,67021550,rs5919432,23,67402614,rs150868299,0.204
23,67021550,rs5919432,23,67403486,chrX_67403486_C_T,0.197
23,67021550,rs5919432,23,67403520,chrX:67403520:I,0.086
23,67021550,rs5919432,23,67403723,rs7052964,0.081
23,67021550,rs5919432,23,67404039,rs7065939,0.087
23,67021550,rs5919432,23,67404278,rs112690665,0.087
23,67021550,rs5919432,23,67407719,rs186881801,0.125
23,67021550,rs5919432,23,67415777,chrX_67415777_A_G,0.124
23,67021550,rs5919432,23,67443028,rs114972868,0.118
23,67021550,rs5919432,23,67443126,rs138183766,0.103
23,67021550,rs5919432,23,67461406,rs149183001,0.106
23,67021550,rs5919432,23,67474757,rs146648334,0.116
23,67021550,rs5919432,23,67483978,rs187905810,0.115
23,67021550,rs5919432,23,67490587,chrX:67490587:I,0.11
23,67021550,rs5919432,23,67496002,chrX_67496002_C_T,0.113
