CHR_A,BP_A,SNP_A,CHR_B,BP_B,SNP_B,R2
2,20878820,rs7255,2,20875033,rs5829753,0.062
2,20878820,rs7255,2,20875124,rs900551,0.062
2,20878820,rs7255,2,20875141,rs900552,0.062
2,20878820,rs7255,2,20875284,rs13414352,0.063
2,20878820,rs7255,2,20875494,rs10194529,0.064
2,20878820,rs7255,2,20875534,rs10194607,0.065
2,20878820,rs7255,2,20877266,rs62122117,0.1
2,20878820,rs7255,2,20877436,rs72784331,0.119
2,20878820,rs7255,2,20878105,rs9306894,0.655
2,20878820,rs7255,2,20878153,rs9306895,0.655
2,20878820,rs7255,2,20878406,rs3072,0.622
2,20878820,rs7255,2,20878719,rs9679195,0.128
2,20878820,rs7255,2,20878820,rs7255,1
2,20878820,rs7255,2,20879530,rs6750625,0.129
2,20878820,rs7255,2,20879543,rs6753777,0.129
2,20878820,rs7255,2,20879648,rs148114688,0.148
2,20878820,rs7255,2,20879657,rs79924195,0.173
2,20878820,rs7255,2,20879938,rs11901854,0.41
2,20878820,rs7255,2,20880345,rs11903198,0.424
2,20878820,rs7255,2,20880833,rs10193919,0.627
2,20878820,rs7255,2,20880837,rs58013527,0.226
2,20878820,rs7255,2,20880917,rs16987961,0.425
2,20878820,rs7255,2,20881019,rs16987962,0.425
2,20878820,rs7255,2,20881840,rs2289081,0.601
2,20878820,rs7255,2,20881954,rs138797913,0.176
2,20878820,rs7255,2,20882056,rs13394027,0.324
2,20878820,rs7255,2,20882449,rs13382862,0.058
2,20878820,rs7255,2,20882861,rs12988623,0.12
2,20878820,rs7255,2,20882949,rs11675383,0.119
2,20878820,rs7255,2,20883061,rs11675422,0.119
2,20878820,rs7255,2,20883216,rs10170771,0.313
2,20878820,rs7255,2,20883561,rs12622106,0.314
2,20878820,rs7255,2,20883618,rs35095088,0.313
2,20878820,rs7255,2,20883618,rs35095088,0.118
2,20878820,rs7255,2,20883652,rs67966413,0.118
2,20878820,rs7255,2,20883953,rs11693547,0.21
2,20878820,rs7255,2,20884135,rs59271655,0.317
2,20878820,rs7255,2,20884381,rs11693752,0.21
2,20878820,rs7255,2,20884546,rs10171934,0.317
2,20878820,rs7255,2,20884586,rs10182643,0.318
2,20878820,rs7255,2,20885321,rs17663874,0.142
2,20878820,rs7255,2,20887072,rs55681439,0.089
2,20878820,rs7255,2,20887369,rs7562230,0.066
2,20878820,rs7255,2,20887892,rs56365624,0.127
2,20878820,rs7255,2,20888021,rs6531253,0.155
2,20878820,rs7255,2,20888145,rs6721038,0.124
2,20878820,rs7255,2,20888265,rs13385191,0.312
2,20878820,rs7255,2,20889460,rs16987985,0.123
2,20878820,rs7255,2,20889754,rs340596,0.127
2,20878820,rs7255,2,20890386,rs340597,0.073
2,20878820,rs7255,2,20891108,rs5829754,0.051
2,20878820,rs7255,2,20891772,rs4971524,0.092
2,20878820,rs7255,2,20891799,rs340598,0.132
2,20878820,rs7255,2,20891887,rs340599,0.131
2,20878820,rs7255,2,20891935,rs78824368,0.074
2,20878820,rs7255,2,20893180,rs340592,0.166
2,20878820,rs7255,2,20894751,rs13010056,0.053
2,20878820,rs7255,2,20895663,rs76606020,0.074
2,20878820,rs7255,2,20896625,rs12616258,0.088
2,20878820,rs7255,2,20897082,rs76431642,0.074
2,20878820,rs7255,2,20897110,rs79807969,0.074
2,20878820,rs7255,2,20897536,rs4971548,0.084
2,20878820,rs7255,2,20898172,rs116628058,0.074
2,20878820,rs7255,2,20899848,rs7568103,0.074
2,20878820,rs7255,2,20900286,rs10655687,0.074
2,20878820,rs7255,2,20900383,rs7587755,0.075
2,20878820,rs7255,2,20900947,rs75498567,0.074
2,20878820,rs7255,2,20900979,rs28532204,0.171
2,20878820,rs7255,2,20905045,rs1872059,0.055
2,20878820,rs7255,2,20905969,rs2164723,0.098
2,20878820,rs7255,2,20906464,rs72339311,0.096
2,20878820,rs7255,2,20906599,rs11674108,0.098
2,20878820,rs7255,2,20907681,rs4971535,0.098
2,20878820,rs7255,2,20908767,rs1595328,0.098
2,20878820,rs7255,2,20909247,rs74408337,0.098
2,20878820,rs7255,2,20909665,rs62123969,0.098
2,20878820,rs7255,2,20910062,rs10445846,0.098
2,20878820,rs7255,2,20910504,rs59416999,0.098
2,20878820,rs7255,2,20910923,rs4971537,0.098
2,20878820,rs7255,2,20911653,rs11689006,0.098
2,20878820,rs7255,2,20911809,rs10445839,0.098
2,20878820,rs7255,2,20912287,rs4971522,0.098
2,20878820,rs7255,2,20912305,rs4971539,0.098
2,20878820,rs7255,2,20912330,rs147978188,0.075
2,20878820,rs7255,2,20912513,rs4971523,0.098
2,20878820,rs7255,2,20912850,rs145710043,0.098
2,20878820,rs7255,2,20912953,rs147319495,0.099
2,20878820,rs7255,2,20913214,rs7419831,0.051
2,20878820,rs7255,2,20914969,rs148725928,0.098
2,20878820,rs7255,2,20915474,rs4600602,0.098
2,20878820,rs7255,2,20916051,rs4971541,0.092
2,20878820,rs7255,2,20916622,2:20916622:C:CATACTGTATAGTATTCCATGGTGTAGATGTG,0.092
2,20878820,rs7255,2,20916717,rs78423822,0.074
2,20878820,rs7255,2,20917479,rs11683023,0.099
2,20878820,rs7255,2,20917553,rs11676128,0.098
2,20878820,rs7255,2,20917758,rs55961802,0.099
2,20878820,rs7255,2,20918623,rs4971542,0.099
2,20878820,rs7255,2,20918951,rs34323149,0.099
2,20878820,rs7255,2,20919281,rs12465414,0.099
2,20878820,rs7255,2,20920497,rs72784344,0.099
2,20878820,rs7255,2,20921906,rs113178254,0.075
2,20878820,rs7255,2,20923300,rs2028143,0.075
2,20878820,rs7255,2,20924110,rs340620,0.185
2,20878820,rs7255,2,20924244,rs71435583,0.056
2,20878820,rs7255,2,20924380,rs17664438,0.098
2,20878820,rs7255,2,20924425,rs62123975,0.098
2,20878820,rs7255,2,20925069,rs10469801,0.074
2,20878820,rs7255,2,20925110,rs4971543,0.099
2,20878820,rs7255,2,20925304,rs13410359,0.075
2,20878820,rs7255,2,20925663,rs7589105,0.099
2,20878820,rs7255,2,20925920,rs12468261,0.099
2,20878820,rs7255,2,20926316,chr2_20926316_A_C,0.099
2,20878820,rs7255,2,20926317,rs67890248,0.099
2,20878820,rs7255,2,20926558,rs6726025,0.098
2,20878820,rs7255,2,20926967,rs10199466,0.075
2,20878820,rs7255,2,20927590,rs4971544,0.098
2,20878820,rs7255,2,20927997,rs6729843,0.075
2,20878820,rs7255,2,20928042,rs10495709,0.099
2,20878820,rs7255,2,20928969,rs62123976,0.098
2,20878820,rs7255,2,20928972,rs11376945,0.098
2,20878820,rs7255,2,20929067,rs1437405,0.277
2,20878820,rs7255,2,20929124,rs4143117,0.098
2,20878820,rs7255,2,20930243,rs112778374,0.078
2,20878820,rs7255,2,20931886,rs72784348,0.091
2,20878820,rs7255,2,20932278,rs340623,0.08
2,20878820,rs7255,2,20932572,rs340624,0.08
2,20878820,rs7255,2,20932654,rs72510152,0.144
2,20878820,rs7255,2,20933011,rs13032619,0.055
2,20878820,rs7255,2,20933140,rs340625,0.08
2,20878820,rs7255,2,20934623,rs4971546,0.144
2,20878820,rs7255,2,20935078,rs72784349,0.145
2,20878820,rs7255,2,20935771,rs72784350,0.145
2,20878820,rs7255,2,20936516,rs564125,0.07
2,20878820,rs7255,2,20936640,rs562439,0.069
2,20878820,rs7255,2,20936875,rs56055516,0.144
2,20878820,rs7255,2,20937846,rs55838496,0.144
2,20878820,rs7255,2,20938518,rs76893106,0.072
2,20878820,rs7255,2,20939706,rs199600420,0.262
2,20878820,rs7255,2,20939708,rs653347,0.065
2,20878820,rs7255,2,20940506,rs553561,0.069
2,20878820,rs7255,2,20943052,rs9967685,0.054
2,20878820,rs7255,2,20943285,rs562260,0.051
2,20878820,rs7255,2,20943983,rs3047719,0.061
2,20878820,rs7255,2,20944625,rs508171,0.065
2,20878820,rs7255,2,20945762,rs4971547,0.142
2,20878820,rs7255,2,20947197,rs667529,0.067
2,20878820,rs7255,2,20949911,rs56395929,0.142
2,20878820,rs7255,2,20950980,rs2046324,0.142
2,20878820,rs7255,2,20951966,rs57796370,0.077
2,20878820,rs7255,2,20952562,rs11682554,0.142
2,20878820,rs7255,2,20953459,rs660069,0.064
2,20878820,rs7255,2,20956162,rs584996,0.062
2,20878820,rs7255,2,20957399,rs56123848,0.142
2,20878820,rs7255,2,20957592,rs633808,0.06
2,20878820,rs7255,2,20959911,rs17665060,0.051
2,20878820,rs7255,2,20961590,rs17721559,0.141
2,20878820,rs7255,2,20961900,rs72784361,0.063
2,20878820,rs7255,2,20962069,rs57376155,0.142
2,20878820,rs7255,2,20962670,rs17721572,0.141
2,20878820,rs7255,2,20963639,rs17665125,0.138
2,20878820,rs7255,2,20963725,rs146873006,0.066
2,20878820,rs7255,2,20963937,2:20963937:A:ATGT,0.142
2,20878820,rs7255,2,20964797,rs72784365,0.102
2,20878820,rs7255,2,20970053,rs661929,0.108
2,20878820,rs7255,2,20977533,rs564896,0.109
2,20878820,rs7255,2,20978682,rs58528359,0.164
2,20878820,rs7255,2,20979753,rs16988063,0.154
2,20878820,rs7255,2,20982995,rs61662529,0.155
2,20878820,rs7255,2,20983323,rs4971549,0.133
2,20878820,rs7255,2,20983660,rs1098155,0.109
2,20878820,rs7255,2,20983934,rs12468977,0.109
2,20878820,rs7255,2,20985528,rs514459,0.109
2,20878820,rs7255,2,20987102,rs74346259,0.109
2,20878820,rs7255,2,20987739,rs12472693,0.108
2,20878820,rs7255,2,20988399,rs535022,0.108
2,20878820,rs7255,2,21005576,rs16988078,0.151
2,20878820,rs7255,2,21038378,rs57649402,0.13
2,20878820,rs7255,2,21039958,rs113267781,0.13
2,20878820,rs7255,2,21047295,rs6709100,0.184
2,20878820,rs7255,2,21049129,rs12476956,0.174
2,20878820,rs7255,2,21150787,rs4075673,0.058
2,20880833,rs10193919,2,20875033,rs5829753,0.064
2,20880833,rs10193919,2,20875124,rs900551,0.064
2,20880833,rs10193919,2,20875141,rs900552,0.064
2,20880833,rs10193919,2,20875284,rs13414352,0.064
2,20880833,rs10193919,2,20875494,rs10194529,0.065
2,20880833,rs10193919,2,20875534,rs10194607,0.066
2,20880833,rs10193919,2,20877436,rs72784331,0.072
2,20880833,rs10193919,2,20878105,rs9306894,0.939
2,20880833,rs10193919,2,20878153,rs9306895,0.938
2,20880833,rs10193919,2,20878406,rs3072,0.903
2,20880833,rs10193919,2,20878719,rs9679195,0.059
2,20880833,rs10193919,2,20878820,rs7255,0.627
2,20880833,rs10193919,2,20879530,rs6750625,0.059
2,20880833,rs10193919,2,20879543,rs6753777,0.059
2,20880833,rs10193919,2,20879648,rs148114688,0.094
2,20880833,rs10193919,2,20879657,rs79924195,0.119
2,20880833,rs10193919,2,20879938,rs11901854,0.272
2,20880833,rs10193919,2,20880345,rs11903198,0.268
2,20880833,rs10193919,2,20880714,rs12710743,0.249
2,20880833,rs10193919,2,20880833,rs10193919,1
2,20880833,rs10193919,2,20880837,rs58013527,0.143
2,20880833,rs10193919,2,20880917,rs16987961,0.268
2,20880833,rs10193919,2,20881019,rs16987962,0.268
2,20880833,rs10193919,2,20881840,rs2289081,0.946
2,20880833,rs10193919,2,20881954,rs138797913,0.11
2,20880833,rs10193919,2,20881958,rs2289082,0.239
2,20880833,rs10193919,2,20882056,rs13394027,0.498
2,20880833,rs10193919,2,20882413,rs13385499,0.234
2,20880833,rs10193919,2,20882449,rs13382862,0.3
2,20880833,rs10193919,2,20883216,rs10170771,0.484
2,20880833,rs10193919,2,20883561,rs12622106,0.484
2,20880833,rs10193919,2,20883618,rs35095088,0.483
2,20880833,rs10193919,2,20883953,rs11693547,0.135
2,20880833,rs10193919,2,20884135,rs59271655,0.489
2,20880833,rs10193919,2,20884262,rs2419,0.142
2,20880833,rs10193919,2,20884381,rs11693752,0.135
2,20880833,rs10193919,2,20884546,rs10171934,0.488
2,20880833,rs10193919,2,20884586,rs10182643,0.489
2,20880833,rs10193919,2,20884973,rs9085,0.141
2,20880833,rs10193919,2,20885321,rs17663874,0.09
2,20880833,rs10193919,2,20887226,rs13027716,0.057
2,20880833,rs10193919,2,20887369,rs7562230,0.192
2,20880833,rs10193919,2,20887892,rs56365624,0.081
2,20880833,rs10193919,2,20888021,rs6531253,0.098
2,20880833,rs10193919,2,20888145,rs6721038,0.08
2,20880833,rs10193919,2,20888265,rs13385191,0.482
2,20880833,rs10193919,2,20888419,rs13423093,0.155
2,20880833,rs10193919,2,20888588,rs57543886,0.154
2,20880833,rs10193919,2,20889460,rs16987985,0.077
2,20880833,rs10193919,2,20889714,rs340595,0.233
2,20880833,rs10193919,2,20889754,rs340596,0.387
2,20880833,rs10193919,2,20891108,rs5829754,0.182
2,20880833,rs10193919,2,20891772,rs4971524,0.114
2,20880833,rs10193919,2,20891799,rs340598,0.114
2,20880833,rs10193919,2,20891887,rs340599,0.114
2,20880833,rs10193919,2,20893180,rs340592,0.139
2,20880833,rs10193919,2,20894751,rs13010056,0.088
2,20880833,rs10193919,2,20896625,rs12616258,0.054
2,20880833,rs10193919,2,20897345,rs4971525,0.187
2,20880833,rs10193919,2,20897536,rs4971548,0.056
2,20880833,rs10193919,2,20900979,rs28532204,0.1
2,20880833,rs10193919,2,20902273,rs13403407,0.186
2,20880833,rs10193919,2,20904018,rs7599471,0.133
2,20880833,rs10193919,2,20905045,rs1872059,0.186
2,20880833,rs10193919,2,20905969,rs2164723,0.119
2,20880833,rs10193919,2,20906464,rs72339311,0.113
2,20880833,rs10193919,2,20906599,rs11674108,0.119
2,20880833,rs10193919,2,20907681,rs4971535,0.119
2,20880833,rs10193919,2,20908767,rs1595328,0.119
2,20880833,rs10193919,2,20909247,rs74408337,0.119
2,20880833,rs10193919,2,20909665,rs62123969,0.119
2,20880833,rs10193919,2,20910062,rs10445846,0.119
2,20880833,rs10193919,2,20910504,rs59416999,0.119
2,20880833,rs10193919,2,20910923,rs4971537,0.12
2,20880833,rs10193919,2,20911653,rs11689006,0.119
2,20880833,rs10193919,2,20911659,rs6758847,0.17
2,20880833,rs10193919,2,20911809,rs10445839,0.119
2,20880833,rs10193919,2,20912287,rs4971522,0.119
2,20880833,rs10193919,2,20912305,rs4971539,0.119
2,20880833,rs10193919,2,20912513,rs4971523,0.119
2,20880833,rs10193919,2,20912850,rs145710043,0.119
2,20880833,rs10193919,2,20912953,rs147319495,0.12
2,20880833,rs10193919,2,20913214,rs7419831,0.177
2,20880833,rs10193919,2,20914876,rs139603283,0.171
2,20880833,rs10193919,2,20914969,rs148725928,0.119
2,20880833,rs10193919,2,20915063,rs4556939,0.15
2,20880833,rs10193919,2,20915474,rs4600602,0.119
2,20880833,rs10193919,2,20916051,rs4971541,0.114
2,20880833,rs10193919,2,20916622,2:20916622:C:CATACTGTATAGTATTCCATGGTGTAGATGTG,0.114
2,20880833,rs10193919,2,20917479,rs11683023,0.119
2,20880833,rs10193919,2,20917553,rs11676128,0.119
2,20880833,rs10193919,2,20917758,rs55961802,0.119
2,20880833,rs10193919,2,20918623,rs4971542,0.119
2,20880833,rs10193919,2,20918951,rs34323149,0.119
2,20880833,rs10193919,2,20919281,rs12465414,0.119
2,20880833,rs10193919,2,20920497,rs72784344,0.119
2,20880833,rs10193919,2,20921334,rs6720307,0.171
2,20880833,rs10193919,2,20921491,rs6723456,0.15
2,20880833,rs10193919,2,20924110,rs340620,0.356
2,20880833,rs10193919,2,20924244,rs71435583,0.093
2,20880833,rs10193919,2,20924380,rs17664438,0.119
2,20880833,rs10193919,2,20924425,rs62123975,0.119
2,20880833,rs10193919,2,20925110,rs4971543,0.119
2,20880833,rs10193919,2,20925663,rs7589105,0.119
2,20880833,rs10193919,2,20925920,rs12468261,0.119
2,20880833,rs10193919,2,20926316,chr2_20926316_A_C,0.119
2,20880833,rs10193919,2,20926317,rs67890248,0.119
2,20880833,rs10193919,2,20926558,rs6726025,0.119
2,20880833,rs10193919,2,20927590,rs4971544,0.119
2,20880833,rs10193919,2,20928042,rs10495709,0.119
2,20880833,rs10193919,2,20928051,rs722705,0.171
2,20880833,rs10193919,2,20928295,rs149809066,0.164
2,20880833,rs10193919,2,20928969,rs62123976,0.119
2,20880833,rs10193919,2,20928972,rs11376945,0.119
2,20880833,rs10193919,2,20929067,rs1437405,0.477
2,20880833,rs10193919,2,20929124,rs4143117,0.119
2,20880833,rs10193919,2,20931886,rs72784348,0.058
2,20880833,rs10193919,2,20932278,rs340623,0.222
2,20880833,rs10193919,2,20932572,rs340624,0.222
2,20880833,rs10193919,2,20932654,rs72510152,0.081
2,20880833,rs10193919,2,20933011,rs13032619,0.092
2,20880833,rs10193919,2,20933140,rs340625,0.222
2,20880833,rs10193919,2,20934623,rs4971546,0.082
2,20880833,rs10193919,2,20935078,rs72784349,0.082
2,20880833,rs10193919,2,20935771,rs72784350,0.082
2,20880833,rs10193919,2,20936516,rs564125,0.207
2,20880833,rs10193919,2,20936640,rs562439,0.207
2,20880833,rs10193919,2,20936875,rs56055516,0.081
2,20880833,rs10193919,2,20937846,rs55838496,0.081
2,20880833,rs10193919,2,20938518,rs76893106,0.213
2,20880833,rs10193919,2,20939706,rs199600420,0.452
2,20880833,rs10193919,2,20939708,rs653347,0.197
2,20880833,rs10193919,2,20940506,rs553561,0.205
2,20880833,rs10193919,2,20942167,rs516891,0.158
2,20880833,rs10193919,2,20942708,rs589842,0.158
2,20880833,rs10193919,2,20943052,rs9967685,0.09
2,20880833,rs10193919,2,20943133,rs591643,0.158
2,20880833,rs10193919,2,20943285,rs562260,0.165
2,20880833,rs10193919,2,20943983,rs3047719,0.179
2,20880833,rs10193919,2,20944625,rs508171,0.197
2,20880833,rs10193919,2,20944871,rs620359,0.051
2,20880833,rs10193919,2,20945762,rs4971547,0.08
2,20880833,rs10193919,2,20947197,rs667529,0.201
2,20880833,rs10193919,2,20949911,rs56395929,0.08
2,20880833,rs10193919,2,20950980,rs2046324,0.08
2,20880833,rs10193919,2,20951966,rs57796370,0.223
2,20880833,rs10193919,2,20952562,rs11682554,0.08
2,20880833,rs10193919,2,20953459,rs660069,0.194
2,20880833,rs10193919,2,20956162,rs584996,0.192
2,20880833,rs10193919,2,20957399,rs56123848,0.08
2,20880833,rs10193919,2,20957592,rs633808,0.189
2,20880833,rs10193919,2,20961590,rs17721559,0.08
2,20880833,rs10193919,2,20962069,rs57376155,0.08
2,20880833,rs10193919,2,20962670,rs17721572,0.079
2,20880833,rs10193919,2,20963639,rs17665125,0.077
2,20880833,rs10193919,2,20963725,rs146873006,0.2
2,20880833,rs10193919,2,20963937,2:20963937:A:ATGT,0.12
2,20880833,rs10193919,2,20964797,rs72784365,0.065
2,20880833,rs10193919,2,20968869,rs12465394,0.077
2,20880833,rs10193919,2,20970053,rs661929,0.192
2,20880833,rs10193919,2,20977533,rs564896,0.194
2,20880833,rs10193919,2,20978682,rs58528359,0.098
2,20880833,rs10193919,2,20979753,rs16988063,0.262
2,20880833,rs10193919,2,20982995,rs61662529,0.265
2,20880833,rs10193919,2,20983323,rs4971549,0.074
2,20880833,rs10193919,2,20983660,rs1098155,0.194
2,20880833,rs10193919,2,20983934,rs12468977,0.197
2,20880833,rs10193919,2,20985528,rs514459,0.195
2,20880833,rs10193919,2,20987102,rs74346259,0.195
2,20880833,rs10193919,2,20987739,rs12472693,0.196
2,20880833,rs10193919,2,20988399,rs535022,0.192
2,20880833,rs10193919,2,21005576,rs16988078,0.258
2,20880833,rs10193919,2,21038378,rs57649402,0.232
2,20880833,rs10193919,2,21039958,rs113267781,0.072
2,20880833,rs10193919,2,21047295,rs6709100,0.262
2,20880833,rs10193919,2,21049129,rs12476956,0.25
2,20888265,rs13385191,2,20856144,rs13023055,0.062
2,20888265,rs13385191,2,20872960,rs149562119,0.051
2,20888265,rs13385191,2,20872962,rs748383,0.051
2,20888265,rs13385191,2,20873449,rs1079171,0.051
2,20888265,rs13385191,2,20878105,rs9306894,0.468
2,20888265,rs13385191,2,20878153,rs9306895,0.467
2,20888265,rs13385191,2,20878406,rs3072,0.447
2,20888265,rs13385191,2,20878820,rs7255,0.312
2,20888265,rs13385191,2,20879648,rs148114688,0.052
2,20888265,rs13385191,2,20879657,rs79924195,0.055
2,20888265,rs13385191,2,20879938,rs11901854,0.139
2,20888265,rs13385191,2,20880345,rs11903198,0.151
2,20888265,rs13385191,2,20880714,rs12710743,0.111
2,20888265,rs13385191,2,20880833,rs10193919,0.482
2,20888265,rs13385191,2,20880837,rs58013527,0.058
2,20888265,rs13385191,2,20880917,rs16987961,0.152
2,20888265,rs13385191,2,20881019,rs16987962,0.153
2,20888265,rs13385191,2,20881840,rs2289081,0.544
2,20888265,rs13385191,2,20881954,rs138797913,0.065
2,20888265,rs13385191,2,20881958,rs2289082,0.137
2,20888265,rs13385191,2,20882056,rs13394027,0.905
2,20888265,rs13385191,2,20882226,chr2_20882226_A_G,0.108
2,20888265,rs13385191,2,20882413,rs13385499,0.141
2,20888265,rs13385191,2,20882434,rs56220106,0.104
2,20888265,rs13385191,2,20882449,rs13382862,0.181
2,20888265,rs13385191,2,20882861,rs12988623,0.258
2,20888265,rs13385191,2,20882949,rs11675383,0.258
2,20888265,rs13385191,2,20883061,rs11675422,0.257
2,20888265,rs13385191,2,20883216,rs10170771,0.994
2,20888265,rs13385191,2,20883561,rs12622106,0.991
2,20888265,rs13385191,2,20883618,rs35095088,0.99
2,20888265,rs13385191,2,20883618,rs35095088,0.257
2,20888265,rs13385191,2,20883652,rs67966413,0.256
2,20888265,rs13385191,2,20883953,rs11693547,0.08
2,20888265,rs13385191,2,20884135,rs59271655,0.988
2,20888265,rs13385191,2,20884262,rs2419,0.474
2,20888265,rs13385191,2,20884368,rs67562647,0.126
2,20888265,rs13385191,2,20884381,rs11693752,0.08
2,20888265,rs13385191,2,20884546,rs10171934,0.988
2,20888265,rs13385191,2,20884550,rs11693849,0.126
2,20888265,rs13385191,2,20884586,rs10182643,0.986
2,20888265,rs13385191,2,20884973,rs9085,0.474
2,20888265,rs13385191,2,20885321,rs17663874,0.057
2,20888265,rs13385191,2,20887369,rs7562230,0.525
2,20888265,rs13385191,2,20887892,rs56365624,0.052
2,20888265,rs13385191,2,20888021,rs6531253,0.062
2,20888265,rs13385191,2,20888145,rs6721038,0.051
2,20888265,rs13385191,2,20888246,rs340593,0.127
2,20888265,rs13385191,2,20888265,rs13385191,1
2,20888265,rs13385191,2,20888419,rs13423093,0.501
2,20888265,rs13385191,2,20888588,rs57543886,0.122
2,20888265,rs13385191,2,20889460,rs16987985,0.053
2,20888265,rs13385191,2,20889714,rs340595,0.141
2,20888265,rs13385191,2,20889754,rs340596,0.243
2,20888265,rs13385191,2,20891108,rs5829754,0.292
2,20888265,rs13385191,2,20891772,rs4971524,0.087
2,20888265,rs13385191,2,20891799,rs340598,0.221
2,20888265,rs13385191,2,20891887,rs340599,0.221
2,20888265,rs13385191,2,20892006,rs340600,0.07
2,20888265,rs13385191,2,20892483,rs6724513,0.069
2,20888265,rs13385191,2,20893180,rs340592,0.248
2,20888265,rs13385191,2,20897345,rs4971525,0.136
2,20888265,rs13385191,2,20899286,chr2_20899286_G_T,0.06
2,20888265,rs13385191,2,20900979,rs28532204,0.077
2,20888265,rs13385191,2,20902273,rs13403407,0.135
2,20888265,rs13385191,2,20904018,rs7599471,0.099
2,20888265,rs13385191,2,20905045,rs1872059,0.278
2,20888265,rs13385191,2,20905969,rs2164723,0.09
2,20888265,rs13385191,2,20906464,rs72339311,0.097
2,20888265,rs13385191,2,20906599,rs11674108,0.09
2,20888265,rs13385191,2,20907681,rs4971535,0.09
2,20888265,rs13385191,2,20908767,rs1595328,0.09
2,20888265,rs13385191,2,20909247,rs74408337,0.09
2,20888265,rs13385191,2,20909665,rs62123969,0.09
2,20888265,rs13385191,2,20910062,rs10445846,0.09
2,20888265,rs13385191,2,20910504,rs59416999,0.09
2,20888265,rs13385191,2,20910923,rs4971537,0.09
2,20888265,rs13385191,2,20911283,rs140624062,0.052
2,20888265,rs13385191,2,20911653,rs11689006,0.089
2,20888265,rs13385191,2,20911659,rs6758847,0.124
2,20888265,rs13385191,2,20911809,rs10445839,0.09
2,20888265,rs13385191,2,20912287,rs4971522,0.09
2,20888265,rs13385191,2,20912305,rs4971539,0.09
2,20888265,rs13385191,2,20912513,rs4971523,0.09
2,20888265,rs13385191,2,20912850,rs145710043,0.09
2,20888265,rs13385191,2,20912953,rs147319495,0.09
2,20888265,rs13385191,2,20913214,rs7419831,0.283
2,20888265,rs13385191,2,20914876,rs139603283,0.125
2,20888265,rs13385191,2,20914969,rs148725928,0.09
2,20888265,rs13385191,2,20915063,rs4556939,0.256
2,20888265,rs13385191,2,20915229,rs116729635,0.054
2,20888265,rs13385191,2,20915248,rs114379358,0.054
2,20888265,rs13385191,2,20915474,rs4600602,0.09
2,20888265,rs13385191,2,20916051,rs4971541,0.086
2,20888265,rs13385191,2,20916622,2:20916622:C:CATACTGTATAGTATTCCATGGTGTAGATGTG,0.086
2,20888265,rs13385191,2,20917479,rs11683023,0.09
2,20888265,rs13385191,2,20917553,rs11676128,0.09
2,20888265,rs13385191,2,20917758,rs55961802,0.09
2,20888265,rs13385191,2,20918623,rs4971542,0.09
2,20888265,rs13385191,2,20918951,rs34323149,0.09
2,20888265,rs13385191,2,20919281,rs12465414,0.09
2,20888265,rs13385191,2,20920497,rs72784344,0.09
2,20888265,rs13385191,2,20921334,rs6720307,0.125
2,20888265,rs13385191,2,20921491,rs6723456,0.256
2,20888265,rs13385191,2,20924110,rs340620,0.442
2,20888265,rs13385191,2,20924380,rs17664438,0.09
2,20888265,rs13385191,2,20924425,rs62123975,0.09
2,20888265,rs13385191,2,20925110,rs4971543,0.09
2,20888265,rs13385191,2,20925663,rs7589105,0.09
2,20888265,rs13385191,2,20925920,rs12468261,0.09
2,20888265,rs13385191,2,20926316,chr2_20926316_A_C,0.089
2,20888265,rs13385191,2,20926317,rs67890248,0.09
2,20888265,rs13385191,2,20926462,rs7576149,0.062
2,20888265,rs13385191,2,20926558,rs6726025,0.09
2,20888265,rs13385191,2,20927590,rs4971544,0.09
2,20888265,rs13385191,2,20928042,rs10495709,0.09
2,20888265,rs13385191,2,20928051,rs722705,0.125
2,20888265,rs13385191,2,20928295,rs149809066,0.12
2,20888265,rs13385191,2,20928969,rs62123976,0.09
2,20888265,rs13385191,2,20928972,rs11376945,0.089
2,20888265,rs13385191,2,20929067,rs1437405,0.509
2,20888265,rs13385191,2,20929124,rs4143117,0.09
2,20888265,rs13385191,2,20932278,rs340623,0.271
2,20888265,rs13385191,2,20932572,rs340624,0.271
2,20888265,rs13385191,2,20932654,rs72510152,0.067
2,20888265,rs13385191,2,20933140,rs340625,0.271
2,20888265,rs13385191,2,20934623,rs4971546,0.068
2,20888265,rs13385191,2,20935078,rs72784349,0.067
2,20888265,rs13385191,2,20935771,rs72784350,0.067
2,20888265,rs13385191,2,20936260,rs58548792,0.088
2,20888265,rs13385191,2,20936516,rs564125,0.256
2,20888265,rs13385191,2,20936640,rs562439,0.256
2,20888265,rs13385191,2,20936875,rs56055516,0.067
2,20888265,rs13385191,2,20937528,rs13386558,0.057
2,20888265,rs13385191,2,20937846,rs55838496,0.067
2,20888265,rs13385191,2,20938518,rs76893106,0.253
2,20888265,rs13385191,2,20939706,rs199600420,0.49
2,20888265,rs13385191,2,20939708,rs653347,0.252
2,20888265,rs13385191,2,20940506,rs553561,0.253
2,20888265,rs13385191,2,20941755,rs682961,0.087
2,20888265,rs13385191,2,20942167,rs516891,0.2
2,20888265,rs13385191,2,20942708,rs589842,0.2
2,20888265,rs13385191,2,20943133,rs591643,0.2
2,20888265,rs13385191,2,20943285,rs562260,0.194
2,20888265,rs13385191,2,20943983,rs3047719,0.261
2,20888265,rs13385191,2,20944625,rs508171,0.259
2,20888265,rs13385191,2,20945150,rs7567938,0.09
2,20888265,rs13385191,2,20945497,rs478658,0.087
2,20888265,rs13385191,2,20945762,rs4971547,0.067
2,20888265,rs13385191,2,20946226,rs1437406,0.054
2,20888265,rs13385191,2,20946806,rs665775,0.087
2,20888265,rs13385191,2,20947197,rs667529,0.248
2,20888265,rs13385191,2,20948326,rs682976,0.069
2,20888265,rs13385191,2,20948538,rs586277,0.069
2,20888265,rs13385191,2,20949911,rs56395929,0.066
2,20888265,rs13385191,2,20949939,rs603001,0.089
2,20888265,rs13385191,2,20950846,rs617266,0.069
2,20888265,rs13385191,2,20950980,rs2046324,0.066
2,20888265,rs13385191,2,20951332,rs619562,0.069
2,20888265,rs13385191,2,20951444,rs539918,0.069
2,20888265,rs13385191,2,20951966,rs57796370,0.246
2,20888265,rs13385191,2,20952562,rs11682554,0.066
2,20888265,rs13385191,2,20953090,rs558811,0.089
2,20888265,rs13385191,2,20953188,rs2625569,0.089
2,20888265,rs13385191,2,20953459,rs660069,0.255
2,20888265,rs13385191,2,20953973,rs839930,0.069
2,20888265,rs13385191,2,20954889,rs500295,0.087
2,20888265,rs13385191,2,20956162,rs584996,0.254
2,20888265,rs13385191,2,20957399,rs56123848,0.066
2,20888265,rs13385191,2,20957592,rs633808,0.252
2,20888265,rs13385191,2,20961590,rs17721559,0.066
2,20888265,rs13385191,2,20962069,rs57376155,0.066
2,20888265,rs13385191,2,20962670,rs17721572,0.066
2,20888265,rs13385191,2,20963639,rs17665125,0.065
2,20888265,rs13385191,2,20963725,rs146873006,0.249
2,20888265,rs13385191,2,20963937,2:20963937:A:ATGT,0.177
2,20888265,rs13385191,2,20970053,rs661929,0.46
2,20888265,rs13385191,2,20977533,rs564896,0.463
2,20888265,rs13385191,2,20978682,rs58528359,0.278
2,20888265,rs13385191,2,20979753,rs16988063,0.567
2,20888265,rs13385191,2,20982995,rs61662529,0.563
2,20888265,rs13385191,2,20983323,rs4971549,0.064
2,20888265,rs13385191,2,20983660,rs1098155,0.463
2,20888265,rs13385191,2,20983934,rs12468977,0.466
2,20888265,rs13385191,2,20985528,rs514459,0.464
2,20888265,rs13385191,2,20987102,rs74346259,0.463
2,20888265,rs13385191,2,20987739,rs12472693,0.465
2,20888265,rs13385191,2,20988399,rs535022,0.459
2,20888265,rs13385191,2,21005576,rs16988078,0.552
2,20888265,rs13385191,2,21038378,rs57649402,0.5
2,20888265,rs13385191,2,21039958,rs113267781,0.062
2,20888265,rs13385191,2,21047295,rs6709100,0.163
2,20888265,rs13385191,2,21049129,rs12476956,0.183
2,20888265,rs13385191,2,21068263,rs75028177,0.056
