CHR_A,BP_A,SNP_A,CHR_B,BP_B,SNP_B,R2
2,10117868,rs11902236,2,10089323,rs140652155,0.196
2,10117868,rs11902236,2,10090244,chr2_10090244_C_T,0.152
2,10117868,rs11902236,2,10090572,rs1864539,0.085
2,10117868,rs11902236,2,10090591,rs1864540,0.086
2,10117868,rs11902236,2,10090646,rs1864541,0.156
2,10117868,rs11902236,2,10090761,rs1864542,0.093
2,10117868,rs11902236,2,10090925,rs116444873,0.066
2,10117868,rs11902236,2,10091422,rs115898376,0.624
2,10117868,rs11902236,2,10091447,2:10091447:ACGGCGGGGACGGCGGGGG:A,0.105
2,10117868,rs11902236,2,10091585,rs183994067,0.634
2,10117868,rs11902236,2,10091952,rs111645870,0.195
2,10117868,rs11902236,2,10092019,rs187290376,0.196
2,10117868,rs11902236,2,10092236,rs149940396,0.644
2,10117868,rs11902236,2,10092373,rs73913927,0.644
2,10117868,rs11902236,2,10092933,rs375884825,0.315
2,10117868,rs11902236,2,10093003,rs73913928,0.195
2,10117868,rs11902236,2,10093773,rs75435701,0.066
2,10117868,rs11902236,2,10093845,rs112118012,0.066
2,10117868,rs11902236,2,10093908,chr2_10093908_C_T,0.455
2,10117868,rs11902236,2,10093950,rs7581717,0.079
2,10117868,rs11902236,2,10093985,chr2_10093985_C_T,0.382
2,10117868,rs11902236,2,10094318,rs3828262,0.238
2,10117868,rs11902236,2,10094526,rs73913932,0.206
2,10117868,rs11902236,2,10094992,chr2_10094992_A_G,0.259
2,10117868,rs11902236,2,10095020,rs150405807,0.196
2,10117868,rs11902236,2,10095185,chr2_10095185_C_T,0.383
2,10117868,rs11902236,2,10095374,rs13401891,0.238
2,10117868,rs11902236,2,10095974,chr2_10095974_A_G,0.383
2,10117868,rs11902236,2,10096358,chr2_10096358_A_G,0.383
2,10117868,rs11902236,2,10096654,rs141637245,0.38
2,10117868,rs11902236,2,10097131,rs6432046,0.087
2,10117868,rs11902236,2,10098227,rs6708858,0.423
2,10117868,rs11902236,2,10098483,rs59658303,0.384
2,10117868,rs11902236,2,10098604,chr2_10098604_G_T,0.384
2,10117868,rs11902236,2,10098619,rs60857888,0.387
2,10117868,rs11902236,2,10099635,rs3791765,0.064
2,10117868,rs11902236,2,10099691,chr2_10099691_A_G,0.384
2,10117868,rs11902236,2,10099998,rs114663437,0.067
2,10117868,rs11902236,2,10100305,rs148986647,0.385
2,10117868,rs11902236,2,10100385,rs143798837,0.385
2,10117868,rs11902236,2,10101128,rs77464454,0.06
2,10117868,rs11902236,2,10101468,rs16867256,0.385
2,10117868,rs11902236,2,10101669,chr2_10101669_C_T,0.384
2,10117868,rs11902236,2,10101686,rs138724700,0.378
2,10117868,rs11902236,2,10102394,rs115114856,0.07
2,10117868,rs11902236,2,10102735,rs41264179,0.197
2,10117868,rs11902236,2,10103010,chr2_10103010_C_T,0.384
2,10117868,rs11902236,2,10103041,rs13424292,0.312
2,10117868,rs11902236,2,10103414,rs11902457,0.06
2,10117868,rs11902236,2,10103973,rs41264183,0.066
2,10117868,rs11902236,2,10104504,rs41264185,0.052
2,10117868,rs11902236,2,10104747,rs16867260,0.197
2,10117868,rs11902236,2,10104917,rs72784430,0.235
2,10117868,rs11902236,2,10105176,chr2_10105176_C_T,0.384
2,10117868,rs11902236,2,10105535,chr2_10105535_C_T,0.384
2,10117868,rs11902236,2,10105644,rs11884250,0.385
2,10117868,rs11902236,2,10106071,chr2_10106071_A_C,0.278
2,10117868,rs11902236,2,10106539,rs141677285,0.412
2,10117868,rs11902236,2,10106554,rs73159956,0.238
2,10117868,rs11902236,2,10107490,chr2_10107490_C_G,0.238
2,10117868,rs11902236,2,10107538,rs115193091,0.064
2,10117868,rs11902236,2,10107754,rs34197846,0.733
2,10117868,rs11902236,2,10107759,chr2_10107759_INDEL_T,0.729
2,10117868,rs11902236,2,10107774,rs67223835,0.238
2,10117868,rs11902236,2,10108037,rs7575106,0.199
2,10117868,rs11902236,2,10108514,chr2_10108514_C_G,0.385
2,10117868,rs11902236,2,10108536,chr2_10108536_A_G,0.238
2,10117868,rs11902236,2,10109004,rs17455130,0.235
2,10117868,rs11902236,2,10109860,rs11886114,0.238
2,10117868,rs11902236,2,10109889,chr2_10109890_A_INDEL,0.05
2,10117868,rs11902236,2,10109994,rs6735737,0.734
2,10117868,rs11902236,2,10110003,rs4635506,0.734
2,10117868,rs11902236,2,10110019,rs4482455,0.734
2,10117868,rs11902236,2,10110159,rs4613247,0.064
2,10117868,rs11902236,2,10110159,rs4613247,0.308
2,10117868,rs11902236,2,10110224,rs4496316,0.254
2,10117868,rs11902236,2,10110357,chr2_10110357_C_T,0.734
2,10117868,rs11902236,2,10110439,chr2_10110439_C_T,0.735
2,10117868,rs11902236,2,10110470,chr2_10110471_AGA_INDEL,0.109
2,10117868,rs11902236,2,10110517,rs2163336,0.734
2,10117868,rs11902236,2,10110593,rs150953621,0.238
2,10117868,rs11902236,2,10110666,rs2116016,0.259
2,10117868,rs11902236,2,10111219,rs11883961,0.238
2,10117868,rs11902236,2,10111405,rs11889061,0.239
2,10117868,rs11902236,2,10111621,rs72784434,0.238
2,10117868,rs11902236,2,10111776,chr2_10111777_AAAC_INDEL,0.064
2,10117868,rs11902236,2,10111901,chr2_10111901_C_T,0.239
2,10117868,rs11902236,2,10111936,chr2_10111936_C_T,0.239
2,10117868,rs11902236,2,10111973,chr2_10111973_A_G,0.385
2,10117868,rs11902236,2,10112699,chr2_10112699_C_G,0.245
2,10117868,rs11902236,2,10112954,rs16867266,0.242
2,10117868,rs11902236,2,10113496,chr2_10113496_A_G,0.388
2,10117868,rs11902236,2,10113504,chr2_10113504_C_G,0.74
2,10117868,rs11902236,2,10113826,rs113396042,0.064
2,10117868,rs11902236,2,10114033,chr2_10114033_A_T,0.386
2,10117868,rs11902236,2,10114230,rs891499,0.742
2,10117868,rs11902236,2,10114354,chr2_10114354_A_G,0.386
2,10117868,rs11902236,2,10114413,chr2_10114413_G_T,0.386
2,10117868,rs11902236,2,10114523,chr2_10114523_A_G,0.386
2,10117868,rs11902236,2,10114619,chr2_10114619_G_T,0.386
2,10117868,rs11902236,2,10114630,chr2_10114630_C_G,0.386
2,10117868,rs11902236,2,10114662,chr2_10114662_C_T,0.387
2,10117868,rs11902236,2,10114677,rs112738082,0.387
2,10117868,rs11902236,2,10114772,chr2_10114772_C_G,0.384
2,10117868,rs11902236,2,10115258,rs3791763,0.243
2,10117868,rs11902236,2,10115607,rs112603079,0.064
2,10117868,rs11902236,2,10115749,rs143852232,0.064
2,10117868,rs11902236,2,10115849,rs111809546,0.261
2,10117868,rs11902236,2,10116084,chr2_10116084_A_G,0.206
2,10117868,rs11902236,2,10116566,chr2_10116566_A_G,0.063
2,10117868,rs11902236,2,10117122,rs6725087,0.248
2,10117868,rs11902236,2,10117422,rs75381116,0.257
2,10117868,rs11902236,2,10117574,rs112086190,0.12
2,10117868,rs11902236,2,10117868,rs11902236,1
2,10117868,rs11902236,2,10118190,rs3791761,0.213
2,10117868,rs11902236,2,10118300,rs112294332,0.074
2,10117868,rs11902236,2,10118424,rs3791760,0.061
2,10117868,rs11902236,2,10118841,rs12616347,0.057
2,10117868,rs11902236,2,10118909,rs12614084,0.058
2,10117868,rs11902236,2,10118977,rs12614762,0.369
2,10117868,rs11902236,2,10119051,rs143147244,0.074
2,10117868,rs11902236,2,10119126,rs13031635,0.07
2,10117868,rs11902236,2,10119375,2:10119375:T:C,0.209
2,10117868,rs11902236,2,10119578,rs112024311,0.242
2,10117868,rs11902236,2,10119616,rs59715119,0.368
2,10117868,rs11902236,2,10119777,rs148681588,0.075
2,10117868,rs11902236,2,10119879,chr2_10119879_A_G,0.357
2,10117868,rs11902236,2,10119910,rs3791758,0.058
2,10117868,rs11902236,2,10120292,rs35509780,0.06
2,10117868,rs11902236,2,10120605,rs2011516,0.058
2,10117868,rs11902236,2,10120786,rs1820964,0.058
2,10117868,rs11902236,2,10120841,rs1897165,0.059
2,10117868,rs11902236,2,10120985,rs2033326,0.059
2,10117868,rs11902236,2,10121902,chr2_10121902_A_G,0.108
2,10117868,rs11902236,2,10121956,rs72784441,0.245
2,10117868,rs11902236,2,10122470,rs146582485,0.243
2,10117868,rs11902236,2,10123041,rs79586747,0.075
2,10117868,rs11902236,2,10123120,rs6749296,0.246
2,10117868,rs11902236,2,10123376,rs76311880,0.073
2,10117868,rs11902236,2,10123950,rs2003911,0.245
2,10117868,rs11902236,2,10124050,rs2012320,0.247
2,10117868,rs11902236,2,10124141,rs111447267,0.073
2,10117868,rs11902236,2,10124280,rs1001215,0.057
2,10117868,rs11902236,2,10124459,rs744033,0.372
2,10117868,rs11902236,2,10125002,rs730922,0.345
2,10117868,rs11902236,2,10125404,rs2357392,0.083
2,10117868,rs11902236,2,10125653,rs139793806,0.051
2,10117868,rs11902236,2,10126416,rs16867274,0.386
2,10117868,rs11902236,2,10126700,rs140023697,0.244
2,10117868,rs11902236,2,10126751,rs6743540,0.386
2,10117868,rs11902236,2,10126805,rs112643879,0.244
2,10117868,rs11902236,2,10126942,rs35646916,0.057
2,10117868,rs11902236,2,10129252,rs59015435,0.2
2,10117868,rs11902236,2,10129306,rs11690988,0.245
2,10117868,rs11902236,2,10129330,rs80161328,0.073
2,10117868,rs11902236,2,10129395,rs67093290,0.245
2,10117868,rs11902236,2,10130006,chr2_10130006_G_T,0.246
2,10117868,rs11902236,2,10131061,rs35863027,0.245
2,10117868,rs11902236,2,10132917,rs72784463,0.244
2,10117868,rs11902236,2,10133728,rs6711126,0.246
2,10117868,rs11902236,2,10133820,rs6750565,0.244
2,10117868,rs11902236,2,10133973,chr2_10133973_A_G,0.247
2,10117868,rs11902236,2,10134116,rs6750946,0.246
2,10117868,rs11902236,2,10134198,chr2_10134198_C_INDEL,0.247
2,10117868,rs11902236,2,10134397,rs13031952,0.386
2,10117868,rs11902236,2,10134438,rs150350711,0.119
2,10117868,rs11902236,2,10134511,chr2_10134511_A_G,0.246
2,10117868,rs11902236,2,10134612,chr2_10134612_C_T,0.247
2,10117868,rs11902236,2,10134613,rs13001446,0.057
2,10117868,rs11902236,2,10134616,rs73913938,0.247
2,10117868,rs11902236,2,10134711,chr2_10134711_A_G,0.247
2,10117868,rs11902236,2,10134739,chr2_10134739_A_G,0.247
2,10117868,rs11902236,2,10135398,chr2_10135398_A_G,0.247
2,10117868,rs11902236,2,10135592,rs73162262,0.247
2,10117868,rs11902236,2,10135623,rs73162264,0.247
2,10117868,rs11902236,2,10135681,rs113577745,0.285
2,10117868,rs11902236,2,10135855,chr2_10135855_C_T,0.247
2,10117868,rs11902236,2,10135956,rs41264205,0.246
2,10117868,rs11902236,2,10136592,rs16867277,0.203
2,10117868,rs11902236,2,10136845,rs6720380,0.093
2,10117868,rs11902236,2,10136855,rs6720387,0.093
2,10117868,rs11902236,2,10136936,rs6705493,0.093
2,10117868,rs11902236,2,10137009,rs6733635,0.093
2,10117868,rs11902236,2,10137119,chr2_10137119_A_G,0.109
2,10117868,rs11902236,2,10137215,rs891500,0.057
2,10117868,rs11902236,2,10137946,rs150171875,0.237
2,10117868,rs11902236,2,10138238,rs2099204,0.093
2,10117868,rs11902236,2,10138552,chr2_10138552_A_G,0.385
2,10117868,rs11902236,2,10138578,rs28483203,0.268
2,10117868,rs11902236,2,10138582,2:10138582:A:T,0.091
2,10117868,rs11902236,2,10138585,rs572944347,0.285
2,10117868,rs11902236,2,10138607,rs539902477,0.284
2,10117868,rs11902236,2,10138649,rs531224721,0.287
2,10117868,rs11902236,2,10138673,rs558475231,0.281
2,10117868,rs11902236,2,10138684,2:10138684:G:A,0.085
2,10117868,rs11902236,2,10138779,2:10138779:C:T,0.257
2,10117868,rs11902236,2,10138825,2:10138825:C:T,0.115
2,10117868,rs11902236,2,10138851,rs145865395,0.087
2,10117868,rs11902236,2,10138860,rs200476397,0.299
2,10117868,rs11902236,2,10139407,rs16867280,0.093
2,10117868,rs11902236,2,10139742,rs3791750,0.094
2,10117868,rs11902236,2,10139764,rs3791749,0.374
2,10117868,rs11902236,2,10140651,rs2163338,0.094
2,10117868,rs11902236,2,10140981,rs934303,0.093
2,10117868,rs11902236,2,10141191,rs1465638,0.093
2,10117868,rs11902236,2,10142028,rs115223019,0.073
2,10117868,rs11902236,2,10142073,chr2_10142073_A_G,0.384
2,10117868,rs11902236,2,10142302,rs11246,0.093
2,10117868,rs11902236,2,10142331,rs1052838,0.093
2,10117868,rs11902236,2,10142819,rs17364519,0.198
2,10117868,rs11902236,2,10143901,rs930137,0.093
2,10117868,rs11902236,2,10144973,rs73913955,0.243
2,10117868,rs11902236,2,10145317,rs7596286,0.094
2,10117868,rs11902236,2,10145348,rs1469541,0.24
2,10117868,rs11902236,2,10145519,rs7570826,0.262
2,10117868,rs11902236,2,10145829,rs4669515,0.095
2,10117868,rs11902236,2,10146137,rs4668661,0.094
2,10117868,rs11902236,2,10146191,rs4669516,0.094
2,10117868,rs11902236,2,10146206,rs72784479,0.241
2,10117868,rs11902236,2,10146369,rs6751681,0.094
2,10117868,rs11902236,2,10146586,rs34521538,0.058
2,10117868,rs11902236,2,10146609,rs13385356,0.073
2,10117868,rs11902236,2,10146621,rs13394227,0.073
2,10117868,rs11902236,2,10146757,rs113967167,0.222
2,10117868,rs11902236,2,10147123,rs72784482,0.243
2,10117868,rs11902236,2,10147201,rs6724988,0.17
2,10117868,rs11902236,2,10147536,rs10203214,0.085
2,10117868,rs11902236,2,10147630,rs10179034,0.085
2,10117868,rs11902236,2,10147646,rs10203322,0.085
2,10117868,rs11902236,2,10147915,rs1864538,0.085
2,10117868,rs11902236,2,10147944,rs1864537,0.27
2,10117868,rs11902236,2,10148390,rs1594399,0.269
2,10117868,rs11902236,2,10148549,rs1594398,0.268
2,10117868,rs11902236,2,10149122,rs77535145,0.098
2,10117868,rs11902236,2,10149125,rs62127508,0.099
2,10117868,rs11902236,2,10149679,rs76599201,0.071
2,10117868,rs11902236,2,10149719,rs75284426,0.077
2,10117868,rs11902236,2,10149890,rs76053277,0.071
2,10117868,rs11902236,2,10149939,rs74855033,0.076
2,10117868,rs11902236,2,10150141,rs28683516,0.071
2,10117868,rs11902236,2,10150354,rs113383810,0.076
2,10117868,rs11902236,2,10150461,rs116107594,0.071
2,10117868,rs11902236,2,10150560,rs374243627,0.076
2,10117868,rs11902236,2,10150775,2:10150775:C:A,0.071
2,10117868,rs11902236,2,10151166,2:10151166:C:A,0.071
2,10117868,rs11902236,2,10151801,2:10151801:T:C,0.071
2,10117868,rs11902236,2,10151916,2:10151916:G:T,0.071
2,10117868,rs11902236,2,10151995,2:10151995:C:T,0.071
2,10117868,rs11902236,2,10152520,rs150208760,0.071
2,10117868,rs11902236,2,10152530,rs112737414,0.334
2,10117868,rs11902236,2,10152621,rs9751344,0.195
2,10117868,rs11902236,2,10153018,rs375419874,0.071
2,10117868,rs11902236,2,10153027,rs149715033,0.071
2,10117868,rs11902236,2,10153546,rs374036675,0.074
2,10117868,rs11902236,2,10154150,rs372597023,0.071
2,10117868,rs11902236,2,10154166,rs187483321,0.071
2,10117868,rs11902236,2,10154254,rs2008465,0.191
2,10117868,rs11902236,2,10154265,rs114402409,0.071
2,10117868,rs11902236,2,10154730,rs2013996,0.066
2,10117868,rs11902236,2,10154963,rs116262470,0.071
2,10117868,rs11902236,2,10155045,rs138320993,0.072
2,10117868,rs11902236,2,10155174,rs116792926,0.332
2,10117868,rs11902236,2,10155698,2:10155698:G:A,0.071
2,10117868,rs11902236,2,10156011,rs199692688,0.33
2,10117868,rs11902236,2,10156020,rs13019132,0.265
2,10117868,rs11902236,2,10156094,rs12992130,0.053
2,10117868,rs11902236,2,10156524,rs77769739,0.07
2,10117868,rs11902236,2,10158216,rs144604438,0.07
2,10117868,rs11902236,2,10159429,rs115923663,0.07
2,10117868,rs11902236,2,10159541,chr2_10159541_C_G,0.26
2,10117868,rs11902236,2,10159679,rs6716186,0.052
2,10117868,rs11902236,2,10160002,rs6713406,0.062
2,10117868,rs11902236,2,10160082,rs6756056,0.055
2,10117868,rs11902236,2,10160238,rs6713766,0.071
2,10117868,rs11902236,2,10160358,rs12998233,0.072
2,10117868,rs11902236,2,10160635,rs78522732,0.07
2,10117868,rs11902236,2,10161005,rs13027081,0.149
2,10117868,rs11902236,2,10161524,rs141252201,0.071
2,10117868,rs11902236,2,10161820,rs75295458,0.066
2,10117868,rs11902236,2,10161891,chr2_10161891_A_G,0.148
2,10117868,rs11902236,2,10162037,rs4073397,0.08
2,10117868,rs11902236,2,10162475,rs6737967,0.142
2,10117868,rs11902236,2,10163067,rs59713317,0.341
2,10117868,rs11902236,2,10163126,rs77875210,0.067
2,10117868,rs11902236,2,10163328,rs10803714,0.082
2,10117868,rs11902236,2,10163413,rs149929360,0.141
2,10117868,rs11902236,2,10163832,rs13427706,0.313
2,10117868,rs11902236,2,10163922,chr2_10163922_A_G,0.072
2,10117868,rs11902236,2,10164349,rs62127528,0.134
2,10117868,rs11902236,2,10164605,rs28670920,0.313
2,10117868,rs11902236,2,10164627,rs60669690,0.055
2,10117868,rs11902236,2,10165596,rs4669518,0.066
2,10117868,rs11902236,2,10177158,chr2_10177158_A_G,0.09
2,10117868,rs11902236,2,10178479,rs3885668,0.058
2,10117868,rs11902236,2,10178651,rs10177872,0.087
2,10117868,rs11902236,2,10179657,chr2_10179657_A_C,0.095
2,10117868,rs11902236,2,10182818,rs70948864,0.055
2,10117868,rs11902236,2,10183748,rs372827624,0.104
2,10117868,rs11902236,2,10183970,rs115226520,0.088
2,10117868,rs11902236,2,10184283,rs139638572,0.062
2,10117868,rs11902236,2,10189835,rs6432053,0.07
2,10117868,rs11902236,2,10190584,rs4614909,0.069
2,10117868,rs11902236,2,10190712,rs6432054,0.069
2,10117868,rs11902236,2,10192042,rs2487,0.052
2,10117868,rs11902236,2,10192851,rs34206941,0.067
2,10117868,rs11902236,2,10194487,rs7632,0.068
2,10117868,rs11902236,2,10195067,rs6432055,0.069
2,10117868,rs11902236,2,10195616,rs13021409,0.069
2,10117868,rs11902236,2,10196079,rs12990115,0.052
2,10117868,rs11902236,2,10196318,rs4669523,0.051
2,10117868,rs11902236,2,10196577,rs4669524,0.051
2,10117868,rs11902236,2,10198113,rs6717452,0.051
2,10117868,rs11902236,2,10198197,rs72786623,0.08
2,10117868,rs11902236,2,10198262,rs72786624,0.08
2,10117868,rs11902236,2,10201379,rs72786628,0.08
2,10138585,rs572944347,2,10007844,chr2_10007844_A_G,0.052
2,10138585,rs572944347,2,10089323,rs140652155,0.67
2,10138585,rs572944347,2,10089855,rs13009358,0.186
2,10138585,rs572944347,2,10090244,chr2_10090244_C_T,0.126
2,10138585,rs572944347,2,10090646,rs1864541,0.128
2,10138585,rs572944347,2,10090925,rs116444873,0.224
2,10138585,rs572944347,2,10091422,rs115898376,0.371
2,10138585,rs572944347,2,10091447,2:10091447:ACGGCGGGGACGGCGGGGG:A,0.127
2,10138585,rs572944347,2,10091585,rs183994067,0.362
2,10138585,rs572944347,2,10091952,rs111645870,0.67
2,10138585,rs572944347,2,10092019,rs187290376,0.67
2,10138585,rs572944347,2,10092236,rs149940396,0.357
2,10138585,rs572944347,2,10092373,rs73913927,0.356
2,10138585,rs572944347,2,10092933,rs375884825,0.765
2,10138585,rs572944347,2,10093003,rs73913928,0.671
2,10138585,rs572944347,2,10093773,rs75435701,0.224
2,10138585,rs572944347,2,10093845,rs112118012,0.224
2,10138585,rs572944347,2,10093908,chr2_10093908_C_T,0.125
2,10138585,rs572944347,2,10093985,chr2_10093985_C_T,0.652
2,10138585,rs572944347,2,10094526,rs73913932,0.653
2,10138585,rs572944347,2,10094992,chr2_10094992_A_G,0.077
2,10138585,rs572944347,2,10095020,rs150405807,0.673
2,10138585,rs572944347,2,10095185,chr2_10095185_C_T,0.65
2,10138585,rs572944347,2,10095974,chr2_10095974_A_G,0.651
2,10138585,rs572944347,2,10096358,chr2_10096358_A_G,0.649
2,10138585,rs572944347,2,10096654,rs141637245,0.652
2,10138585,rs572944347,2,10098227,rs6708858,0.115
2,10138585,rs572944347,2,10098483,rs59658303,0.652
2,10138585,rs572944347,2,10098604,chr2_10098604_G_T,0.65
2,10138585,rs572944347,2,10098619,rs60857888,0.638
2,10138585,rs572944347,2,10099691,chr2_10099691_A_G,0.65
2,10138585,rs572944347,2,10099998,rs114663437,0.235
2,10138585,rs572944347,2,10100305,rs148986647,0.652
2,10138585,rs572944347,2,10100385,rs143798837,0.652
2,10138585,rs572944347,2,10101468,rs16867256,0.651
2,10138585,rs572944347,2,10101669,chr2_10101669_C_T,0.651
2,10138585,rs572944347,2,10101686,rs138724700,0.648
2,10138585,rs572944347,2,10102394,rs115114856,0.235
2,10138585,rs572944347,2,10102735,rs41264179,0.675
2,10138585,rs572944347,2,10103010,chr2_10103010_C_T,0.651
2,10138585,rs572944347,2,10103973,rs41264183,0.224
2,10138585,rs572944347,2,10104747,rs16867260,0.675
2,10138585,rs572944347,2,10105176,chr2_10105176_C_T,0.651
2,10138585,rs572944347,2,10105535,chr2_10105535_C_T,0.651
2,10138585,rs572944347,2,10105644,rs11884250,0.653
2,10138585,rs572944347,2,10106071,chr2_10106071_A_C,0.523
2,10138585,rs572944347,2,10107538,rs115193091,0.224
2,10138585,rs572944347,2,10107754,rs34197846,0.204
2,10138585,rs572944347,2,10107759,chr2_10107759_INDEL_T,0.203
2,10138585,rs572944347,2,10108037,rs7575106,0.681
2,10138585,rs572944347,2,10108514,chr2_10108514_C_G,0.659
2,10138585,rs572944347,2,10109889,chr2_10109890_A_INDEL,0.169
2,10138585,rs572944347,2,10109900,chr2_10109900_C_T,0.077
2,10138585,rs572944347,2,10109994,rs6735737,0.205
2,10138585,rs572944347,2,10110003,rs4635506,0.205
2,10138585,rs572944347,2,10110019,rs4482455,0.205
2,10138585,rs572944347,2,10110159,rs4613247,0.224
2,10138585,rs572944347,2,10110159,rs4613247,0.431
2,10138585,rs572944347,2,10110224,rs4496316,0.522
2,10138585,rs572944347,2,10110357,chr2_10110357_C_T,0.204
2,10138585,rs572944347,2,10110439,chr2_10110439_C_T,0.205
2,10138585,rs572944347,2,10110470,chr2_10110471_AGA_INDEL,0.117
2,10138585,rs572944347,2,10110517,rs2163336,0.204
2,10138585,rs572944347,2,10110666,rs2116016,0.077
2,10138585,rs572944347,2,10111776,chr2_10111777_AAAC_INDEL,0.224
2,10138585,rs572944347,2,10111973,chr2_10111973_A_G,0.659
2,10138585,rs572944347,2,10112699,chr2_10112699_C_G,0.503
2,10138585,rs572944347,2,10113496,chr2_10113496_A_G,0.658
2,10138585,rs572944347,2,10113504,chr2_10113504_C_G,0.206
2,10138585,rs572944347,2,10113826,rs113396042,0.224
2,10138585,rs572944347,2,10114033,chr2_10114033_A_T,0.66
2,10138585,rs572944347,2,10114230,rs891499,0.207
2,10138585,rs572944347,2,10114354,chr2_10114354_A_G,0.66
2,10138585,rs572944347,2,10114413,chr2_10114413_G_T,0.659
2,10138585,rs572944347,2,10114523,chr2_10114523_A_G,0.66
2,10138585,rs572944347,2,10114619,chr2_10114619_G_T,0.66
2,10138585,rs572944347,2,10114630,chr2_10114630_C_G,0.66
2,10138585,rs572944347,2,10114662,chr2_10114662_C_T,0.66
2,10138585,rs572944347,2,10114677,rs112738082,0.661
2,10138585,rs572944347,2,10114772,chr2_10114772_C_G,0.669
2,10138585,rs572944347,2,10115607,rs112603079,0.224
2,10138585,rs572944347,2,10115749,rs143852232,0.224
2,10138585,rs572944347,2,10116084,chr2_10116084_A_G,0.45
2,10138585,rs572944347,2,10116566,chr2_10116566_A_G,0.222
2,10138585,rs572944347,2,10117422,rs75381116,0.533
2,10138585,rs572944347,2,10117574,rs112086190,0.142
2,10138585,rs572944347,2,10117868,rs11902236,0.285
2,10138585,rs572944347,2,10118300,rs112294332,0.255
2,10138585,rs572944347,2,10118424,rs3791760,0.304
2,10138585,rs572944347,2,10118684,rs12623004,0.159
2,10138585,rs572944347,2,10118909,rs12614084,0.304
2,10138585,rs572944347,2,10118977,rs12614762,0.133
2,10138585,rs572944347,2,10119051,rs143147244,0.255
2,10138585,rs572944347,2,10119126,rs13031635,0.324
2,10138585,rs572944347,2,10119375,2:10119375:T:C,0.464
2,10138585,rs572944347,2,10119616,rs59715119,0.133
2,10138585,rs572944347,2,10119777,rs148681588,0.254
2,10138585,rs572944347,2,10119879,chr2_10119879_A_G,0.135
2,10138585,rs572944347,2,10119910,rs3791758,0.305
2,10138585,rs572944347,2,10120292,rs35509780,0.303
2,10138585,rs572944347,2,10120605,rs2011516,0.304
2,10138585,rs572944347,2,10120786,rs1820964,0.305
2,10138585,rs572944347,2,10120795,rs2011523,0.145
2,10138585,rs572944347,2,10120841,rs1897165,0.304
2,10138585,rs572944347,2,10120985,rs2033326,0.304
2,10138585,rs572944347,2,10122491,rs6432047,0.159
2,10138585,rs572944347,2,10122585,rs6432048,0.159
2,10138585,rs572944347,2,10123041,rs79586747,0.255
2,10138585,rs572944347,2,10123100,rs36033432,0.159
2,10138585,rs572944347,2,10123333,rs5829241,0.159
2,10138585,rs572944347,2,10123376,rs76311880,0.255
2,10138585,rs572944347,2,10123436,rs5829242,0.179
2,10138585,rs572944347,2,10123620,rs1549752,0.159
2,10138585,rs572944347,2,10123751,rs4610026,0.159
2,10138585,rs572944347,2,10123918,rs4989185,0.159
2,10138585,rs572944347,2,10124141,rs111447267,0.255
2,10138585,rs572944347,2,10124459,rs744033,0.141
2,10138585,rs572944347,2,10124656,rs731453,0.159
2,10138585,rs572944347,2,10125404,rs2357392,0.227
2,10138585,rs572944347,2,10125653,rs139793806,0.171
2,10138585,rs572944347,2,10126123,rs1835424,0.159
2,10138585,rs572944347,2,10126330,rs2303920,0.159
2,10138585,rs572944347,2,10126416,rs16867274,0.14
2,10138585,rs572944347,2,10126751,rs6743540,0.14
2,10138585,rs572944347,2,10127013,rs6743918,0.159
2,10138585,rs572944347,2,10127063,rs6714600,0.159
2,10138585,rs572944347,2,10127283,rs11893362,0.159
2,10138585,rs572944347,2,10127530,rs1367383,0.159
2,10138585,rs572944347,2,10127774,rs7596288,0.159
2,10138585,rs572944347,2,10127862,rs1367384,0.159
2,10138585,rs572944347,2,10129252,rs59015435,0.701
2,10138585,rs572944347,2,10129330,rs80161328,0.255
2,10138585,rs572944347,2,10130067,rs1549753,0.159
2,10138585,rs572944347,2,10130111,rs1549754,0.16
2,10138585,rs572944347,2,10130973,rs12475243,0.159
2,10138585,rs572944347,2,10131061,rs35863027,0.16
2,10138585,rs572944347,2,10131078,rs1430621,0.16
2,10138585,rs572944347,2,10131094,rs1367388,0.159
2,10138585,rs572944347,2,10131122,rs1367389,0.16
2,10138585,rs572944347,2,10131657,rs3838541,0.159
2,10138585,rs572944347,2,10134397,rs13031952,0.14
2,10138585,rs572944347,2,10135681,rs113577745,1
2,10138585,rs572944347,2,10136592,rs16867277,0.701
2,10138585,rs572944347,2,10136845,rs6720380,0.054
2,10138585,rs572944347,2,10136855,rs6720387,0.054
2,10138585,rs572944347,2,10136936,rs6705493,0.054
2,10138585,rs572944347,2,10137009,rs6733635,0.054
2,10138585,rs572944347,2,10138238,rs2099204,0.055
2,10138585,rs572944347,2,10138552,chr2_10138552_A_G,0.141
2,10138585,rs572944347,2,10138578,rs28483203,0.084
2,10138585,rs572944347,2,10138582,2:10138582:A:T,0.054
2,10138585,rs572944347,2,10138585,rs572944347,1
2,10138585,rs572944347,2,10138607,rs539902477,0.999
2,10138585,rs572944347,2,10138649,rs531224721,0.997
2,10138585,rs572944347,2,10138673,rs558475231,0.993
2,10138585,rs572944347,2,10138684,2:10138684:G:A,0.052
2,10138585,rs572944347,2,10138851,rs145865395,0.051
2,10138585,rs572944347,2,10138860,rs200476397,0.956
2,10138585,rs572944347,2,10139407,rs16867280,0.055
2,10138585,rs572944347,2,10139742,rs3791750,0.055
2,10138585,rs572944347,2,10139764,rs3791749,0.141
2,10138585,rs572944347,2,10140651,rs2163338,0.055
2,10138585,rs572944347,2,10140981,rs934303,0.055
2,10138585,rs572944347,2,10141191,rs1465638,0.055
2,10138585,rs572944347,2,10142028,rs115223019,0.255
2,10138585,rs572944347,2,10142073,chr2_10142073_A_G,0.14
2,10138585,rs572944347,2,10142302,rs11246,0.055
2,10138585,rs572944347,2,10142331,rs1052838,0.055
2,10138585,rs572944347,2,10142819,rs17364519,0.699
2,10138585,rs572944347,2,10143901,rs930137,0.055
2,10138585,rs572944347,2,10144973,rs73913955,0.903
2,10138585,rs572944347,2,10145317,rs7596286,0.054
2,10138585,rs572944347,2,10145348,rs1469541,0.893
2,10138585,rs572944347,2,10145519,rs7570826,0.078
2,10138585,rs572944347,2,10145829,rs4669515,0.054
2,10138585,rs572944347,2,10146137,rs4668661,0.054
2,10138585,rs572944347,2,10146191,rs4669516,0.054
2,10138585,rs572944347,2,10146369,rs6751681,0.054
2,10138585,rs572944347,2,10146609,rs13385356,0.067
2,10138585,rs572944347,2,10146621,rs13394227,0.066
2,10138585,rs572944347,2,10146757,rs113967167,0.848
2,10138585,rs572944347,2,10147201,rs6724988,0.663
2,10138585,rs572944347,2,10147336,rs143819917,0.202
2,10138585,rs572944347,2,10147536,rs10203214,0.053
2,10138585,rs572944347,2,10147630,rs10179034,0.052
2,10138585,rs572944347,2,10147646,rs10203322,0.052
2,10138585,rs572944347,2,10147915,rs1864538,0.052
2,10138585,rs572944347,2,10147944,rs1864537,0.067
2,10138585,rs572944347,2,10148390,rs1594399,0.066
2,10138585,rs572944347,2,10148549,rs1594398,0.067
2,10138585,rs572944347,2,10149125,rs62127508,0.05
2,10138585,rs572944347,2,10149679,rs76599201,0.251
2,10138585,rs572944347,2,10149719,rs75284426,0.245
2,10138585,rs572944347,2,10149890,rs76053277,0.25
2,10138585,rs572944347,2,10149939,rs74855033,0.245
2,10138585,rs572944347,2,10150354,rs113383810,0.245
2,10138585,rs572944347,2,10150461,rs116107594,0.25
2,10138585,rs572944347,2,10150560,rs374243627,0.245
2,10138585,rs572944347,2,10150775,2:10150775:C:A,0.25
2,10138585,rs572944347,2,10151166,2:10151166:C:A,0.25
2,10138585,rs572944347,2,10151801,2:10151801:T:C,0.249
2,10138585,rs572944347,2,10151916,2:10151916:G:T,0.249
2,10138585,rs572944347,2,10151995,2:10151995:C:T,0.249
2,10138585,rs572944347,2,10152520,rs150208760,0.248
2,10138585,rs572944347,2,10153018,rs375419874,0.248
2,10138585,rs572944347,2,10153027,rs149715033,0.249
2,10138585,rs572944347,2,10153546,rs374036675,0.245
2,10138585,rs572944347,2,10154150,rs372597023,0.248
2,10138585,rs572944347,2,10154166,rs187483321,0.248
2,10138585,rs572944347,2,10154265,rs114402409,0.248
2,10138585,rs572944347,2,10154963,rs116262470,0.248
2,10138585,rs572944347,2,10155045,rs138320993,0.247
2,10138585,rs572944347,2,10155545,rs74171476,0.194
2,10138585,rs572944347,2,10155698,2:10155698:G:A,0.247
2,10138585,rs572944347,2,10156020,rs13019132,0.073
2,10138585,rs572944347,2,10156524,rs77769739,0.246
2,10138585,rs572944347,2,10158216,rs144604438,0.245
2,10138585,rs572944347,2,10159429,rs115923663,0.244
2,10138585,rs572944347,2,10159541,chr2_10159541_C_G,0.071
2,10138585,rs572944347,2,10159679,rs6716186,0.052
2,10138585,rs572944347,2,10160002,rs6713406,0.056
2,10138585,rs572944347,2,10160082,rs6756056,0.053
2,10138585,rs572944347,2,10160635,rs78522732,0.244
2,10138585,rs572944347,2,10161156,rs4347794,0.053
2,10138585,rs572944347,2,10161197,rs4464250,0.053
2,10138585,rs572944347,2,10161524,rs141252201,0.24
2,10138585,rs572944347,2,10161526,rs55873363,0.053
2,10138585,rs572944347,2,10161574,rs55846340,0.053
2,10138585,rs572944347,2,10161820,rs75295458,0.234
2,10138585,rs572944347,2,10163067,rs59713317,0.185
2,10138585,rs572944347,2,10163126,rs77875210,0.235
2,10138585,rs572944347,2,10164627,rs60669690,0.053
2,10138585,rs572944347,2,10167212,chr2_10167212_A_G,0.07
2,10138585,rs572944347,2,10169300,rs6741776,0.125
2,10138585,rs572944347,2,10169359,rs6744630,0.126
2,10138585,rs572944347,2,10169540,rs6717307,0.123
2,10138585,rs572944347,2,10170060,chr2_10170060_A_G,0.119
2,10138585,rs572944347,2,10170454,rs55797250,0.121
2,10138585,rs572944347,2,10174952,chr2_10174952_A_C,0.092
2,10138585,rs572944347,2,10177817,rs72786604,0.071
2,10138585,rs572944347,2,10178949,rs10182936,0.063
2,10138585,rs572944347,2,10182854,rs76054238,0.063
2,10138585,rs572944347,2,10184408,rs116412095,0.063
2,10138585,rs572944347,2,10187533,rs55848997,0.063
2,10138585,rs572944347,2,10191641,rs72786608,0.062
2,10138585,rs572944347,2,10191761,rs181878023,0.057
2,10138585,rs572944347,2,10191958,rs72786610,0.062
2,10138585,rs572944347,2,10193069,rs72786612,0.062
2,10138585,rs572944347,2,10193274,rs143993746,0.062
2,10138585,rs572944347,2,10207195,rs7598655,0.051
2,10138585,rs572944347,2,10207765,rs112507857,0.053
2,10138585,rs572944347,2,10208159,rs143456195,0.053
2,10138585,rs572944347,2,10208169,rs111717586,0.053
2,10138585,rs572944347,2,10208723,rs370744245,0.053
2,10138585,rs572944347,2,10209933,chr2_10209933_A_G,0.052
2,10138585,rs572944347,2,10210411,rs6708076,0.053
2,10138585,rs572944347,2,10210992,rs11685525,0.052
2,10138585,rs572944347,2,10213200,rs111765581,0.053
2,10138585,rs572944347,2,10213721,rs11692934,0.053
2,10138585,rs572944347,2,10213763,rs111401717,0.053
2,10138585,rs572944347,2,10214583,rs10929631,0.053
2,10138585,rs572944347,2,10216509,rs6721224,0.052
2,10138585,rs572944347,2,10217996,rs7576056,0.069
2,10138585,rs572944347,2,10218843,rs79282583,0.07
2,10138585,rs572944347,2,10219416,rs114586328,0.07
2,10138585,rs572944347,2,10223894,rs7569312,0.069
2,10138585,rs572944347,2,10224636,rs76586520,0.069
2,10138585,rs572944347,2,10229731,chr2_10229731_C_T,0.054
