CHR_A,BP_A,SNP_A,CHR_B,BP_B,SNP_B,R2
21,42878126,rs28360562,21,42868888,rs455045,0.123
21,42878126,rs28360562,21,42869063,rs415731,0.062
21,42878126,rs28360562,21,42871545,rs397707299,0.995
21,42878126,rs28360562,21,42876400,rs7277080,0.187
21,42878126,rs28360562,21,42877542,rs378616,0.05
21,42878126,rs28360562,21,42878126,rs28360562,1
21,42878126,rs28360562,21,42879403,rs112467088,0.05
21,42878126,rs28360562,21,42879909,rs75603675,0.157
21,42878126,rs28360562,21,42880306,rs4303794,0.156
21,42878126,rs28360562,21,42880316,rs11088551,0.156
21,42878126,rs28360562,21,42880333,rs61299115,0.156
21,42878126,rs28360562,21,42880485,rs4303795,0.157
21,42878126,rs28360562,21,42880894,rs12481984,0.158
21,42878126,rs28360562,21,42881166,rs28707508,0.148
21,42878126,rs28360562,21,42881195,rs34069169,0.158
21,42878126,rs28360562,21,42881937,rs56218846,0.162
21,42878126,rs28360562,21,42881939,rs11281229,0.158
21,42878126,rs28360562,21,42882003,rs8127674,0.162
21,42878126,rs28360562,21,42882315,rs8132655,0.162
21,42878126,rs28360562,21,42882380,rs8132786,0.162
21,42878126,rs28360562,21,42882462,rs9978557,0.992
21,42878126,rs28360562,21,42882531,rs9978803,0.111
21,42878126,rs28360562,21,42882677,rs9981099,0.111
21,42878126,rs28360562,21,42882752,rs9981177,0.162
21,42878126,rs28360562,21,42883063,rs9981463,0.111
21,42878126,rs28360562,21,42883138,rs9981563,0.111
21,42878126,rs28360562,21,42883171,rs9981570,0.111
21,42878126,rs28360562,21,42883451,rs9981973,0.111
21,42878126,rs28360562,21,42883981,rs8129192,0.162
21,42878126,rs28360562,21,42884031,rs9984523,0.991
21,42878126,rs28360562,21,42884309,rs8133719,0.111
21,42878126,rs28360562,21,42884875,rs13048893,0.111
21,42878126,rs28360562,21,42885233,rs13050241,0.111
21,42878126,rs28360562,21,42885559,rs8129232,0.111
21,42878126,rs28360562,21,42885737,rs4339034,0.111
21,42878126,rs28360562,21,42885786,rs6517670,0.162
21,42878126,rs28360562,21,42885815,rs4437046,0.111
21,42878126,rs28360562,21,42885874,rs4635604,0.056
21,42878126,rs28360562,21,42885974,rs4441561,0.11
21,42878126,rs28360562,21,42886232,rs9979885,0.99
21,42878126,rs28360562,21,42886249,rs6517671,0.11
21,42878126,rs28360562,21,42886270,rs8134056,0.111
21,42878126,rs28360562,21,42886279,rs8133813,0.111
21,42878126,rs28360562,21,42886288,rs8133685,0.111
21,42878126,rs28360562,21,42886295,rs8134861,0.111
21,42878126,rs28360562,21,42886751,rs9982757,0.11
21,42878126,rs28360562,21,42886762,rs9982761,0.11
21,42878126,rs28360562,21,42887024,rs2210282,0.11
21,42878126,rs28360562,21,42887324,rs2097001,0.11
21,42878126,rs28360562,21,42887422,rs2097002,0.11
21,42878126,rs28360562,21,42887456,rs2097003,0.11
21,42878126,rs28360562,21,42887554,rs2097004,0.055
21,42878126,rs28360562,21,42887890,rs8130911,0.11
21,42878126,rs28360562,21,42887967,rs11414078,0.11
21,42878126,rs28360562,21,42888252,rs6517672,0.051
21,42878126,rs28360562,21,42889097,rs66953820,0.109
21,42878126,rs28360562,21,42889206,rs73230101,0.109
21,42878126,rs28360562,21,42889457,rs10211909,0.109
21,42878126,rs28360562,21,42889790,rs10211872,0.161
21,42878126,rs28360562,21,42889849,rs10211876,0.161
21,42878126,rs28360562,21,42889938,rs200265359,0.056
21,42878126,rs28360562,21,42889980,rs7281137,0.161
21,42878126,rs28360562,21,42890104,rs35304539,0.161
21,42878126,rs28360562,21,42890162,rs7281696,0.161
21,42878126,rs28360562,21,42890432,rs3037876,0.162
21,42878126,rs28360562,21,42890437,rs2410431,0.162
21,42878126,rs28360562,21,42890544,rs2210283,0.161
21,42878126,rs28360562,21,42891458,rs12482673,0.152
21,42878126,rs28360562,21,42891715,rs7281987,0.052
21,42878126,rs28360562,21,42891810,rs34666868,0.142
21,42878126,rs28360562,21,42892056,rs6517673,0.978
21,42878126,rs28360562,21,42892348,rs73231906,0.051
21,42878126,rs28360562,21,42892925,rs11908828,0.051
21,42878126,rs28360562,21,42893758,rs8134378,0.975
21,42878126,rs28360562,21,42893808,rs56095453,0.05
21,42878126,rs28360562,21,42893908,rs8134657,0.974
21,42878126,rs28360562,21,42894744,rs11088552,0.184
21,42878126,rs28360562,21,42895267,rs58282962,0.183
21,42878126,rs28360562,21,42896098,rs149489375,0.051
21,42878126,rs28360562,21,42896100,rs143911765,0.051
21,42878126,rs28360562,21,42896389,chr21_42896389_C_G,0.051
21,42878126,rs28360562,21,42896828,chr21_42896828_C_T,0.061
21,42878126,rs28360562,21,42898217,rs7280868,0.106
21,42878126,rs28360562,21,42898366,rs2838046,0.107
21,42878126,rs28360562,21,42899230,rs9982091,0.107
21,42878126,rs28360562,21,42899243,rs9982095,0.107
21,42878126,rs28360562,21,42899252,rs9981925,0.105
21,42878126,rs28360562,21,42899318,rs9982014,0.104
21,42878126,rs28360562,21,42899369,rs9982037,0.104
21,42878126,rs28360562,21,42900634,rs59484614,0.169
21,42878126,rs28360562,21,42901421,rs1041449,0.083
21,42878126,rs28360562,21,42902779,rs4334565,0.614
21,42878126,rs28360562,21,42907168,rs9979125,0.081
21,42878126,rs28360562,21,42912517,rs56113505,0.069
21,42878126,rs28360562,21,42912973,rs2838053,0.068
21,42878126,rs28360562,21,42914001,rs12381222,0.068
21,42878126,rs28360562,21,42914272,rs11700414,0.069
21,42878126,rs28360562,21,42915934,rs59000515,0.085
21,42878126,rs28360562,21,42915988,rs9979417,0.085
21,42878126,rs28360562,21,42918384,rs2838055,0.055
21,42878126,rs28360562,21,42925337,rs140759944,0.054
21,42878126,rs28360562,21,42926153,rs9305751,0.053
21,42878126,rs28360562,21,42927520,rs9975883,0.053
21,42878126,rs28360562,21,42940214,rs915865,0.065
21,42879403,rs112467088,21,42868888,rs455045,0.329
21,42879403,rs112467088,21,42869063,rs415731,0.135
21,42879403,rs112467088,21,42869735,rs56695953,0.099
21,42879403,rs112467088,21,42871220,rs2838043,0.099
21,42879403,rs112467088,21,42871545,rs397707299,0.051
21,42879403,rs112467088,21,42872751,rs2187238,0.101
21,42879403,rs112467088,21,42873605,rs9980693,0.088
21,42879403,rs112467088,21,42875004,rs9984012,0.089
21,42879403,rs112467088,21,42876400,rs7277080,0.556
21,42879403,rs112467088,21,42876598,rs8129713,0.104
21,42879403,rs112467088,21,42877542,rs378616,0.196
21,42879403,rs112467088,21,42878126,rs28360562,0.05
21,42879403,rs112467088,21,42878611,rs55704664,0.106
21,42879403,rs112467088,21,42879236,chr21_42879236_A_C,0.051
21,42879403,rs112467088,21,42879403,rs112467088,1
21,42879403,rs112467088,21,42879604,rs73230088,0.095
21,42879403,rs112467088,21,42879724,rs8126497,0.106
21,42879403,rs112467088,21,42879909,rs75603675,0.634
21,42879403,rs112467088,21,42880306,rs4303794,0.624
21,42879403,rs112467088,21,42880316,rs11088551,0.624
21,42879403,rs112467088,21,42880333,rs61299115,0.624
21,42879403,rs112467088,21,42880485,rs4303795,0.622
21,42879403,rs112467088,21,42880506,rs5844077,0.189
21,42879403,rs112467088,21,42880894,rs12481984,0.626
21,42879403,rs112467088,21,42881166,rs28707508,0.605
21,42879403,rs112467088,21,42881195,rs34069169,0.588
21,42879403,rs112467088,21,42881937,rs56218846,0.54
21,42879403,rs112467088,21,42881939,rs11281229,0.542
21,42879403,rs112467088,21,42882003,rs8127674,0.537
21,42879403,rs112467088,21,42882315,rs8132655,0.539
21,42879403,rs112467088,21,42882380,rs8132786,0.539
21,42879403,rs112467088,21,42882432,rs73230090,0.08
21,42879403,rs112467088,21,42882531,rs9978803,0.356
21,42879403,rs112467088,21,42882671,chr21_42882671_C_T,0.609
21,42879403,rs112467088,21,42882677,rs9981099,0.356
21,42879403,rs112467088,21,42882752,rs9981177,0.538
21,42879403,rs112467088,21,42883063,rs9981463,0.356
21,42879403,rs112467088,21,42883138,rs9981563,0.356
21,42879403,rs112467088,21,42883171,rs9981570,0.356
21,42879403,rs112467088,21,42883451,rs9981973,0.356
21,42879403,rs112467088,21,42883981,rs8129192,0.538
21,42879403,rs112467088,21,42884309,rs8133719,0.356
21,42879403,rs112467088,21,42884586,rs13046567,0.088
21,42879403,rs112467088,21,42884875,rs13048893,0.355
21,42879403,rs112467088,21,42885233,rs13050241,0.355
21,42879403,rs112467088,21,42885559,rs8129232,0.355
21,42879403,rs112467088,21,42885737,rs4339034,0.355
21,42879403,rs112467088,21,42885786,rs6517670,0.538
21,42879403,rs112467088,21,42885815,rs4437046,0.355
21,42879403,rs112467088,21,42885874,rs4635604,0.169
21,42879403,rs112467088,21,42885959,rs28751065,0.08
21,42879403,rs112467088,21,42885974,rs4441561,0.355
21,42879403,rs112467088,21,42886249,rs6517671,0.355
21,42879403,rs112467088,21,42886270,rs8134056,0.356
21,42879403,rs112467088,21,42886279,rs8133813,0.356
21,42879403,rs112467088,21,42886288,rs8133685,0.356
21,42879403,rs112467088,21,42886295,rs8134861,0.356
21,42879403,rs112467088,21,42886717,rs9982595,0.08
21,42879403,rs112467088,21,42886751,rs9982757,0.354
21,42879403,rs112467088,21,42886762,rs9982761,0.354
21,42879403,rs112467088,21,42887024,rs2210282,0.354
21,42879403,rs112467088,21,42887220,rs9983001,0.081
21,42879403,rs112467088,21,42887324,rs2097001,0.353
21,42879403,rs112467088,21,42887422,rs2097002,0.353
21,42879403,rs112467088,21,42887456,rs2097003,0.353
21,42879403,rs112467088,21,42887554,rs2097004,0.168
21,42879403,rs112467088,21,42887890,rs8130911,0.353
21,42879403,rs112467088,21,42887967,rs11414078,0.353
21,42879403,rs112467088,21,42888252,rs6517672,0.155
21,42879403,rs112467088,21,42888331,rs62219272,0.075
21,42879403,rs112467088,21,42888792,rs7276907,0.085
21,42879403,rs112467088,21,42889097,rs66953820,0.349
21,42879403,rs112467088,21,42889206,rs73230101,0.349
21,42879403,rs112467088,21,42889410,rs112714648,0.846
21,42879403,rs112467088,21,42889457,rs10211909,0.349
21,42879403,rs112467088,21,42889790,rs10211872,0.534
21,42879403,rs112467088,21,42889849,rs10211876,0.533
21,42879403,rs112467088,21,42889938,rs200265359,0.679
21,42879403,rs112467088,21,42889980,rs7281137,0.534
21,42879403,rs112467088,21,42890104,rs35304539,0.533
21,42879403,rs112467088,21,42890162,rs7281696,0.534
21,42879403,rs112467088,21,42890432,rs3037876,0.525
21,42879403,rs112467088,21,42890437,rs2410431,0.525
21,42879403,rs112467088,21,42890443,rs71285081,0.74
21,42879403,rs112467088,21,42890544,rs2210283,0.534
21,42879403,rs112467088,21,42891458,rs12482673,0.502
21,42879403,rs112467088,21,42891715,rs7281987,0.156
21,42879403,rs112467088,21,42891724,rs7282236,0.14
21,42879403,rs112467088,21,42891810,rs34666868,0.078
21,42879403,rs112467088,21,42891810,rs34666868,0.47
21,42879403,rs112467088,21,42891817,rs73231904,0.075
21,42879403,rs112467088,21,42892348,rs73231906,0.785
21,42879403,rs112467088,21,42892744,rs35247320,0.077
21,42879403,rs112467088,21,42892925,rs11908828,0.155
21,42879403,rs112467088,21,42893808,rs56095453,0.781
21,42879403,rs112467088,21,42894185,rs62219275,0.075
21,42879403,rs112467088,21,42894453,rs35616234,0.141
21,42879403,rs112467088,21,42894520,rs35221358,0.077
21,42879403,rs112467088,21,42894744,rs11088552,0.185
21,42879403,rs112467088,21,42895154,rs11910588,0.718
21,42879403,rs112467088,21,42895267,rs58282962,0.184
21,42879403,rs112467088,21,42896098,rs149489375,0.151
21,42879403,rs112467088,21,42896100,rs143911765,0.15
21,42879403,rs112467088,21,42896258,rs113192256,0.074
21,42879403,rs112467088,21,42896305,rs11911661,0.686
21,42879403,rs112467088,21,42896333,rs62219277,0.151
21,42879403,rs112467088,21,42896389,chr21_42896389_C_G,0.151
21,42879403,rs112467088,21,42896603,rs11702754,0.082
21,42879403,rs112467088,21,42896753,rs73231912,0.683
21,42879403,rs112467088,21,42896779,rs73231913,0.683
21,42879403,rs112467088,21,42896828,chr21_42896828_C_T,0.463
21,42879403,rs112467088,21,42896927,rs12151964,0.076
21,42879403,rs112467088,21,42898217,rs7280868,0.336
21,42879403,rs112467088,21,42898366,rs2838046,0.332
21,42879403,rs112467088,21,42899230,rs9982091,0.336
21,42879403,rs112467088,21,42899243,rs9982095,0.336
21,42879403,rs112467088,21,42899252,rs9981925,0.337
21,42879403,rs112467088,21,42899318,rs9982014,0.32
21,42879403,rs112467088,21,42899369,rs9982037,0.32
21,42879403,rs112467088,21,42900167,rs73231921,0.076
21,42879403,rs112467088,21,42900599,rs884166,0.112
21,42879403,rs112467088,21,42900634,rs59484614,0.221
21,42879403,rs112467088,21,42901033,rs4327307,0.265
21,42879403,rs112467088,21,42901421,rs1041449,0.127
21,42879403,rs112467088,21,42902308,rs73903411,0.408
21,42879403,rs112467088,21,42902883,rs713399,0.067
21,42879403,rs112467088,21,42903564,rs537282337,0.402
21,42879403,rs112467088,21,42903564,rs34417351,0.071
21,42879403,rs112467088,21,42903752,rs56379149,0.069
21,42879403,rs112467088,21,42904130,rs7281825,0.069
21,42879403,rs112467088,21,42904315,rs34243672,0.069
21,42879403,rs112467088,21,42904683,rs34460787,0.068
21,42879403,rs112467088,21,42904814,rs4818246,0.405
21,42879403,rs112467088,21,42905094,rs7277088,0.069
21,42879403,rs112467088,21,42905352,rs2410432,0.114
21,42879403,rs112467088,21,42905374,rs1893657,0.068
21,42879403,rs112467088,21,42906668,rs9978632,0.078
21,42879403,rs112467088,21,42906758,rs12626797,0.405
21,42879403,rs112467088,21,42907168,rs9979125,0.122
21,42879403,rs112467088,21,42908367,rs55650061,0.289
21,42879403,rs112467088,21,42908380,rs55931937,0.291
21,42879403,rs112467088,21,42909862,rs9983011,0.075
21,42879403,rs112467088,21,42911032,rs9975074,0.074
21,42879403,rs112467088,21,42911033,rs9975075,0.076
21,42879403,rs112467088,21,42911084,chr21_42911084_A_G,0.148
21,42879403,rs112467088,21,42911231,rs56975983,0.069
21,42879403,rs112467088,21,42911334,rs61696992,0.068
21,42879403,rs112467088,21,42911521,rs73359732,0.063
21,42879403,rs112467088,21,42911619,rs73359734,0.063
21,42879403,rs112467088,21,42911942,21:42911942:C:CA,0.062
21,42879403,rs112467088,21,42911999,rs55788142,0.305
21,42879403,rs112467088,21,42912417,rs149220370,0.062
21,42879403,rs112467088,21,42912517,rs56113505,0.103
21,42879403,rs112467088,21,42912591,rs74576407,0.062
21,42879403,rs112467088,21,42912614,rs141639998,0.06
21,42879403,rs112467088,21,42912973,rs2838053,0.102
21,42879403,rs112467088,21,42913108,rs141825629,0.06
21,42879403,rs112467088,21,42913262,chr21_42913262_G_T,0.324
21,42879403,rs112467088,21,42913526,rs9305748,0.06
21,42879403,rs112467088,21,42913863,rs9636992,0.06
21,42879403,rs112467088,21,42913868,rs9636993,0.06
21,42879403,rs112467088,21,42913907,rs12381221,0.06
21,42879403,rs112467088,21,42914001,rs12381222,0.102
21,42879403,rs112467088,21,42914056,rs59023458,0.06
21,42879403,rs112467088,21,42914272,rs11700414,0.103
21,42879403,rs112467088,21,42914603,rs9647192,0.061
21,42879403,rs112467088,21,42915121,rs11701062,0.287
21,42879403,rs112467088,21,42915934,rs59000515,0.079
21,42879403,rs112467088,21,42915988,rs9979417,0.079
21,42879403,rs112467088,21,42920122,chr21_42920122_A_G,0.108
21,42889410,rs112714648,21,42868888,rs455045,0.268
21,42889410,rs112714648,21,42869063,rs415731,0.098
21,42889410,rs112714648,21,42869735,rs56695953,0.071
21,42889410,rs112714648,21,42871220,rs2838043,0.071
21,42889410,rs112714648,21,42872751,rs2187238,0.073
21,42889410,rs112714648,21,42873605,rs9980693,0.086
21,42889410,rs112714648,21,42875004,rs9984012,0.086
21,42889410,rs112714648,21,42876400,rs7277080,0.462
21,42889410,rs112714648,21,42876598,rs8129713,0.076
21,42889410,rs112714648,21,42877542,rs378616,0.179
21,42889410,rs112714648,21,42878611,rs55704664,0.077
21,42889410,rs112714648,21,42879403,rs112467088,0.846
21,42889410,rs112714648,21,42879604,rs73230088,0.093
21,42889410,rs112714648,21,42879724,rs8126497,0.078
21,42889410,rs112714648,21,42879909,rs75603675,0.57
21,42889410,rs112714648,21,42880306,rs4303794,0.565
21,42889410,rs112714648,21,42880316,rs11088551,0.565
21,42889410,rs112714648,21,42880333,rs61299115,0.565
21,42889410,rs112714648,21,42880485,rs4303795,0.565
21,42889410,rs112714648,21,42880506,rs5844077,0.194
21,42889410,rs112714648,21,42880894,rs12481984,0.576
21,42889410,rs112714648,21,42881166,rs28707508,0.539
21,42889410,rs112714648,21,42881195,rs34069169,0.554
21,42889410,rs112714648,21,42881937,rs56218846,0.644
21,42889410,rs112714648,21,42881939,rs11281229,0.648
21,42889410,rs112714648,21,42882003,rs8127674,0.643
21,42889410,rs112714648,21,42882315,rs8132655,0.645
21,42889410,rs112714648,21,42882380,rs8132786,0.645
21,42889410,rs112714648,21,42882432,rs73230090,0.091
21,42889410,rs112714648,21,42882531,rs9978803,0.448
21,42889410,rs112714648,21,42882671,chr21_42882671_C_T,0.743
21,42889410,rs112714648,21,42882677,rs9981099,0.448
21,42889410,rs112714648,21,42882752,rs9981177,0.645
21,42889410,rs112714648,21,42883063,rs9981463,0.448
21,42889410,rs112714648,21,42883138,rs9981563,0.448
21,42889410,rs112714648,21,42883171,rs9981570,0.448
21,42889410,rs112714648,21,42883451,rs9981973,0.448
21,42889410,rs112714648,21,42883981,rs8129192,0.646
21,42889410,rs112714648,21,42884309,rs8133719,0.448
21,42889410,rs112714648,21,42884586,rs13046567,0.1
21,42889410,rs112714648,21,42884875,rs13048893,0.448
21,42889410,rs112714648,21,42885233,rs13050241,0.448
21,42889410,rs112714648,21,42885559,rs8129232,0.448
21,42889410,rs112714648,21,42885737,rs4339034,0.448
21,42889410,rs112714648,21,42885786,rs6517670,0.646
21,42889410,rs112714648,21,42885815,rs4437046,0.448
21,42889410,rs112714648,21,42885874,rs4635604,0.224
21,42889410,rs112714648,21,42885959,rs28751065,0.091
21,42889410,rs112714648,21,42885974,rs4441561,0.447
21,42889410,rs112714648,21,42886249,rs6517671,0.448
21,42889410,rs112714648,21,42886270,rs8134056,0.449
21,42889410,rs112714648,21,42886279,rs8133813,0.449
21,42889410,rs112714648,21,42886288,rs8133685,0.449
21,42889410,rs112714648,21,42886295,rs8134861,0.449
21,42889410,rs112714648,21,42886717,rs9982595,0.091
21,42889410,rs112714648,21,42886751,rs9982757,0.447
21,42889410,rs112714648,21,42886762,rs9982761,0.447
21,42889410,rs112714648,21,42887024,rs2210282,0.447
21,42889410,rs112714648,21,42887220,rs9983001,0.092
21,42889410,rs112714648,21,42887324,rs2097001,0.447
21,42889410,rs112714648,21,42887422,rs2097002,0.447
21,42889410,rs112714648,21,42887456,rs2097003,0.447
21,42889410,rs112714648,21,42887554,rs2097004,0.224
21,42889410,rs112714648,21,42887890,rs8130911,0.447
21,42889410,rs112714648,21,42887967,rs11414078,0.447
21,42889410,rs112714648,21,42888252,rs6517672,0.21
21,42889410,rs112714648,21,42888331,rs62219272,0.115
21,42889410,rs112714648,21,42888792,rs7276907,0.097
21,42889410,rs112714648,21,42889097,rs66953820,0.444
21,42889410,rs112714648,21,42889206,rs73230101,0.444
21,42889410,rs112714648,21,42889410,rs112714648,1
21,42889410,rs112714648,21,42889457,rs10211909,0.444
21,42889410,rs112714648,21,42889790,rs10211872,0.648
21,42889410,rs112714648,21,42889849,rs10211876,0.646
21,42889410,rs112714648,21,42889938,rs200265359,0.826
21,42889410,rs112714648,21,42889980,rs7281137,0.648
21,42889410,rs112714648,21,42890104,rs35304539,0.647
21,42889410,rs112714648,21,42890162,rs7281696,0.647
21,42889410,rs112714648,21,42890432,rs3037876,0.639
21,42889410,rs112714648,21,42890437,rs2410431,0.64
21,42889410,rs112714648,21,42890443,rs71285081,0.883
21,42889410,rs112714648,21,42890544,rs2210283,0.647
21,42889410,rs112714648,21,42891458,rs12482673,0.618
21,42889410,rs112714648,21,42891715,rs7281987,0.21
21,42889410,rs112714648,21,42891724,rs7282236,0.154
21,42889410,rs112714648,21,42891810,rs34666868,0.584
21,42889410,rs112714648,21,42891810,rs34666868,0.09
21,42889410,rs112714648,21,42891817,rs73231904,0.115
21,42889410,rs112714648,21,42892348,rs73231906,0.942
21,42889410,rs112714648,21,42892744,rs35247320,0.09
21,42889410,rs112714648,21,42892925,rs11908828,0.209
21,42889410,rs112714648,21,42893808,rs56095453,0.94
21,42889410,rs112714648,21,42894185,rs62219275,0.114
21,42889410,rs112714648,21,42894453,rs35616234,0.157
21,42889410,rs112714648,21,42894520,rs35221358,0.09
21,42889410,rs112714648,21,42894744,rs11088552,0.206
21,42889410,rs112714648,21,42895154,rs11910588,0.878
21,42889410,rs112714648,21,42895267,rs58282962,0.205
21,42889410,rs112714648,21,42896098,rs149489375,0.205
21,42889410,rs112714648,21,42896100,rs143911765,0.203
21,42889410,rs112714648,21,42896258,rs113192256,0.113
21,42889410,rs112714648,21,42896305,rs11911661,0.846
21,42889410,rs112714648,21,42896333,rs62219277,0.204
21,42889410,rs112714648,21,42896389,chr21_42896389_C_G,0.204
21,42889410,rs112714648,21,42896603,rs11702754,0.096
21,42889410,rs112714648,21,42896753,rs73231912,0.844
21,42889410,rs112714648,21,42896779,rs73231913,0.844
21,42889410,rs112714648,21,42896828,chr21_42896828_C_T,0.586
21,42889410,rs112714648,21,42896927,rs12151964,0.089
21,42889410,rs112714648,21,42898217,rs7280868,0.431
21,42889410,rs112714648,21,42898366,rs2838046,0.425
21,42889410,rs112714648,21,42899230,rs9982091,0.43
21,42889410,rs112714648,21,42899243,rs9982095,0.43
21,42889410,rs112714648,21,42899252,rs9981925,0.432
21,42889410,rs112714648,21,42899318,rs9982014,0.41
21,42889410,rs112714648,21,42899369,rs9982037,0.41
21,42889410,rs112714648,21,42900167,rs73231921,0.089
21,42889410,rs112714648,21,42900599,rs884166,0.128
21,42889410,rs112714648,21,42900634,rs59484614,0.258
21,42889410,rs112714648,21,42901033,rs4327307,0.357
21,42889410,rs112714648,21,42901421,rs1041449,0.177
21,42889410,rs112714648,21,42902308,rs73903411,0.535
21,42889410,rs112714648,21,42902883,rs713399,0.101
21,42889410,rs112714648,21,42903564,rs537282337,0.527
21,42889410,rs112714648,21,42903564,rs34417351,0.103
21,42889410,rs112714648,21,42903752,rs56379149,0.101
21,42889410,rs112714648,21,42904130,rs7281825,0.099
21,42889410,rs112714648,21,42904315,rs34243672,0.1
21,42889410,rs112714648,21,42904683,rs34460787,0.099
21,42889410,rs112714648,21,42904814,rs4818246,0.53
21,42889410,rs112714648,21,42905094,rs7277088,0.099
21,42889410,rs112714648,21,42905352,rs2410432,0.137
21,42889410,rs112714648,21,42905374,rs1893657,0.098
21,42889410,rs112714648,21,42906668,rs9978632,0.091
21,42889410,rs112714648,21,42906758,rs12626797,0.532
21,42889410,rs112714648,21,42907168,rs9979125,0.171
21,42889410,rs112714648,21,42908367,rs55650061,0.4
21,42889410,rs112714648,21,42908380,rs55931937,0.402
21,42889410,rs112714648,21,42909862,rs9983011,0.088
21,42889410,rs112714648,21,42911032,rs9975074,0.087
21,42889410,rs112714648,21,42911033,rs9975075,0.089
21,42889410,rs112714648,21,42911084,chr21_42911084_A_G,0.208
21,42889410,rs112714648,21,42911231,rs56975983,0.082
21,42889410,rs112714648,21,42911334,rs61696992,0.081
21,42889410,rs112714648,21,42911521,rs73359732,0.076
21,42889410,rs112714648,21,42911619,rs73359734,0.075
21,42889410,rs112714648,21,42911942,21:42911942:C:CA,0.074
21,42889410,rs112714648,21,42911999,rs55788142,0.41
21,42889410,rs112714648,21,42912417,rs149220370,0.074
21,42889410,rs112714648,21,42912517,rs56113505,0.146
21,42889410,rs112714648,21,42912591,rs74576407,0.074
21,42889410,rs112714648,21,42912614,rs141639998,0.072
21,42889410,rs112714648,21,42912973,rs2838053,0.144
21,42889410,rs112714648,21,42913108,rs141825629,0.072
21,42889410,rs112714648,21,42913262,chr21_42913262_G_T,0.431
21,42889410,rs112714648,21,42913526,rs9305748,0.071
21,42889410,rs112714648,21,42913863,rs9636992,0.072
21,42889410,rs112714648,21,42913868,rs9636993,0.071
21,42889410,rs112714648,21,42913907,rs12381221,0.072
21,42889410,rs112714648,21,42914001,rs12381222,0.145
21,42889410,rs112714648,21,42914056,rs59023458,0.072
21,42889410,rs112714648,21,42914272,rs11700414,0.145
21,42889410,rs112714648,21,42914603,rs9647192,0.073
21,42889410,rs112714648,21,42915121,rs11701062,0.388
21,42889410,rs112714648,21,42915934,rs59000515,0.116
21,42889410,rs112714648,21,42915988,rs9979417,0.116
21,42889410,rs112714648,21,42920122,chr21_42920122_A_G,0.137
21,42896305,rs11911661,21,42868888,rs455045,0.261
21,42896305,rs11911661,21,42869063,rs415731,0.095
21,42896305,rs11911661,21,42869735,rs56695953,0.073
21,42896305,rs11911661,21,42871220,rs2838043,0.073
21,42896305,rs11911661,21,42872751,rs2187238,0.071
21,42896305,rs11911661,21,42873605,rs9980693,0.083
21,42896305,rs11911661,21,42875004,rs9984012,0.083
21,42896305,rs11911661,21,42876400,rs7277080,0.351
21,42896305,rs11911661,21,42876598,rs8129713,0.074
21,42896305,rs11911661,21,42877542,rs378616,0.17
21,42896305,rs11911661,21,42878611,rs55704664,0.075
21,42896305,rs11911661,21,42879403,rs112467088,0.686
21,42896305,rs11911661,21,42879604,rs73230088,0.09
21,42896305,rs11911661,21,42879724,rs8126497,0.076
21,42896305,rs11911661,21,42879909,rs75603675,0.448
21,42896305,rs11911661,21,42880306,rs4303794,0.444
21,42896305,rs11911661,21,42880316,rs11088551,0.444
21,42896305,rs11911661,21,42880333,rs61299115,0.444
21,42896305,rs11911661,21,42880485,rs4303795,0.443
21,42896305,rs11911661,21,42880506,rs5844077,0.188
21,42896305,rs11911661,21,42880894,rs12481984,0.453
21,42896305,rs11911661,21,42881166,rs28707508,0.418
21,42896305,rs11911661,21,42881195,rs34069169,0.431
21,42896305,rs11911661,21,42881937,rs56218846,0.516
21,42896305,rs11911661,21,42881939,rs11281229,0.519
21,42896305,rs11911661,21,42882003,rs8127674,0.515
21,42896305,rs11911661,21,42882315,rs8132655,0.517
21,42896305,rs11911661,21,42882380,rs8132786,0.517
21,42896305,rs11911661,21,42882432,rs73230090,0.089
21,42896305,rs11911661,21,42882531,rs9978803,0.434
21,42896305,rs11911661,21,42882671,chr21_42882671_C_T,0.599
21,42896305,rs11911661,21,42882677,rs9981099,0.435
21,42896305,rs11911661,21,42882752,rs9981177,0.517
21,42896305,rs11911661,21,42883063,rs9981463,0.435
21,42896305,rs11911661,21,42883138,rs9981563,0.435
21,42896305,rs11911661,21,42883171,rs9981570,0.435
21,42896305,rs11911661,21,42883451,rs9981973,0.435
21,42896305,rs11911661,21,42883981,rs8129192,0.518
21,42896305,rs11911661,21,42884309,rs8133719,0.435
21,42896305,rs11911661,21,42884586,rs13046567,0.097
21,42896305,rs11911661,21,42884875,rs13048893,0.435
21,42896305,rs11911661,21,42885233,rs13050241,0.435
21,42896305,rs11911661,21,42885559,rs8129232,0.435
21,42896305,rs11911661,21,42885737,rs4339034,0.435
21,42896305,rs11911661,21,42885786,rs6517670,0.52
21,42896305,rs11911661,21,42885815,rs4437046,0.435
21,42896305,rs11911661,21,42885874,rs4635604,0.218
21,42896305,rs11911661,21,42885959,rs28751065,0.089
21,42896305,rs11911661,21,42885974,rs4441561,0.435
21,42896305,rs11911661,21,42886249,rs6517671,0.436
21,42896305,rs11911661,21,42886270,rs8134056,0.437
21,42896305,rs11911661,21,42886279,rs8133813,0.437
21,42896305,rs11911661,21,42886288,rs8133685,0.437
21,42896305,rs11911661,21,42886295,rs8134861,0.437
21,42896305,rs11911661,21,42886717,rs9982595,0.089
21,42896305,rs11911661,21,42886751,rs9982757,0.435
21,42896305,rs11911661,21,42886762,rs9982761,0.435
21,42896305,rs11911661,21,42887024,rs2210282,0.435
21,42896305,rs11911661,21,42887220,rs9983001,0.09
21,42896305,rs11911661,21,42887324,rs2097001,0.435
21,42896305,rs11911661,21,42887422,rs2097002,0.436
21,42896305,rs11911661,21,42887456,rs2097003,0.435
21,42896305,rs11911661,21,42887554,rs2097004,0.218
21,42896305,rs11911661,21,42887890,rs8130911,0.436
21,42896305,rs11911661,21,42887967,rs11414078,0.436
21,42896305,rs11911661,21,42888252,rs6517672,0.205
21,42896305,rs11911661,21,42888331,rs62219272,0.113
21,42896305,rs11911661,21,42888792,rs7276907,0.095
21,42896305,rs11911661,21,42889097,rs66953820,0.435
21,42896305,rs11911661,21,42889206,rs73230101,0.435
21,42896305,rs11911661,21,42889410,rs112714648,0.846
21,42896305,rs11911661,21,42889457,rs10211909,0.436
21,42896305,rs11911661,21,42889790,rs10211872,0.53
21,42896305,rs11911661,21,42889849,rs10211876,0.528
21,42896305,rs11911661,21,42889938,rs200265359,0.739
21,42896305,rs11911661,21,42889980,rs7281137,0.53
21,42896305,rs11911661,21,42890104,rs35304539,0.53
21,42896305,rs11911661,21,42890162,rs7281696,0.53
21,42896305,rs11911661,21,42890432,rs3037876,0.525
21,42896305,rs11911661,21,42890437,rs2410431,0.526
21,42896305,rs11911661,21,42890443,rs71285081,0.734
21,42896305,rs11911661,21,42890544,rs2210283,0.531
21,42896305,rs11911661,21,42891458,rs12482673,0.589
21,42896305,rs11911661,21,42891715,rs7281987,0.209
21,42896305,rs11911661,21,42891724,rs7282236,0.14
21,42896305,rs11911661,21,42891810,rs34666868,0.561
21,42896305,rs11911661,21,42891810,rs34666868,0.089
21,42896305,rs11911661,21,42891817,rs73231904,0.115
21,42896305,rs11911661,21,42892348,rs73231906,0.916
21,42896305,rs11911661,21,42892744,rs35247320,0.089
21,42896305,rs11911661,21,42892925,rs11908828,0.209
21,42896305,rs11911661,21,42893808,rs56095453,0.921
21,42896305,rs11911661,21,42894185,rs62219275,0.117
21,42896305,rs11911661,21,42894453,rs35616234,0.143
21,42896305,rs11911661,21,42894520,rs35221358,0.09
21,42896305,rs11911661,21,42894744,rs11088552,0.248
21,42896305,rs11911661,21,42895154,rs11910588,0.975
21,42896305,rs11911661,21,42895267,rs58282962,0.247
21,42896305,rs11911661,21,42896098,rs149489375,0.209
21,42896305,rs11911661,21,42896100,rs143911765,0.208
21,42896305,rs11911661,21,42896258,rs113192256,0.117
21,42896305,rs11911661,21,42896305,rs11911661,1
21,42896305,rs11911661,21,42896333,rs62219277,0.209
21,42896305,rs11911661,21,42896389,chr21_42896389_C_G,0.209
21,42896305,rs11911661,21,42896603,rs11702754,0.096
21,42896305,rs11911661,21,42896753,rs73231912,0.999
21,42896305,rs11911661,21,42896779,rs73231913,0.999
21,42896305,rs11911661,21,42896828,chr21_42896828_C_T,0.691
21,42896305,rs11911661,21,42896927,rs12151964,0.09
21,42896305,rs11911661,21,42898217,rs7280868,0.438
21,42896305,rs11911661,21,42898366,rs2838046,0.433
21,42896305,rs11911661,21,42899230,rs9982091,0.437
21,42896305,rs11911661,21,42899243,rs9982095,0.437
21,42896305,rs11911661,21,42899252,rs9981925,0.439
21,42896305,rs11911661,21,42899318,rs9982014,0.417
21,42896305,rs11911661,21,42899369,rs9982037,0.417
21,42896305,rs11911661,21,42900167,rs73231921,0.089
21,42896305,rs11911661,21,42900599,rs884166,0.137
21,42896305,rs11911661,21,42900634,rs59484614,0.341
21,42896305,rs11911661,21,42901033,rs4327307,0.445
21,42896305,rs11911661,21,42901421,rs1041449,0.255
21,42896305,rs11911661,21,42902308,rs73903411,0.656
21,42896305,rs11911661,21,42902883,rs713399,0.147
21,42896305,rs11911661,21,42903564,rs537282337,0.648
21,42896305,rs11911661,21,42903564,rs34417351,0.148
21,42896305,rs11911661,21,42903752,rs56379149,0.146
21,42896305,rs11911661,21,42904130,rs7281825,0.144
21,42896305,rs11911661,21,42904315,rs34243672,0.145
21,42896305,rs11911661,21,42904683,rs34460787,0.144
21,42896305,rs11911661,21,42904814,rs4818246,0.649
21,42896305,rs11911661,21,42905094,rs7277088,0.143
21,42896305,rs11911661,21,42905352,rs2410432,0.14
21,42896305,rs11911661,21,42905374,rs1893657,0.143
21,42896305,rs11911661,21,42906668,rs9978632,0.077
21,42896305,rs11911661,21,42906758,rs12626797,0.651
21,42896305,rs11911661,21,42907168,rs9979125,0.251
21,42896305,rs11911661,21,42908010,rs2838048,0.069
21,42896305,rs11911661,21,42908213,rs7278065,0.07
21,42896305,rs11911661,21,42908367,rs55650061,0.506
21,42896305,rs11911661,21,42908380,rs55931937,0.508
21,42896305,rs11911661,21,42909862,rs9983011,0.074
21,42896305,rs11911661,21,42911032,rs9975074,0.073
21,42896305,rs11911661,21,42911033,rs9975075,0.075
21,42896305,rs11911661,21,42911084,chr21_42911084_A_G,0.25
21,42896305,rs11911661,21,42911231,rs56975983,0.067
21,42896305,rs11911661,21,42911334,rs61696992,0.068
21,42896305,rs11911661,21,42911377,rs11286505,0.067
21,42896305,rs11911661,21,42911521,rs73359732,0.062
21,42896305,rs11911661,21,42911619,rs73359734,0.062
21,42896305,rs11911661,21,42911942,21:42911942:C:CA,0.061
21,42896305,rs11911661,21,42911999,rs55788142,0.513
21,42896305,rs11911661,21,42912417,rs149220370,0.06
21,42896305,rs11911661,21,42912517,rs56113505,0.218
21,42896305,rs11911661,21,42912591,rs74576407,0.06
21,42896305,rs11911661,21,42912614,rs141639998,0.059
21,42896305,rs11911661,21,42912973,rs2838053,0.215
21,42896305,rs11911661,21,42913108,rs141825629,0.058
21,42896305,rs11911661,21,42913262,chr21_42913262_G_T,0.532
21,42896305,rs11911661,21,42913526,rs9305748,0.058
21,42896305,rs11911661,21,42913863,rs9636992,0.058
21,42896305,rs11911661,21,42913868,rs9636993,0.058
21,42896305,rs11911661,21,42913907,rs12381221,0.058
21,42896305,rs11911661,21,42914001,rs12381222,0.216
21,42896305,rs11911661,21,42914056,rs59023458,0.058
21,42896305,rs11911661,21,42914272,rs11700414,0.216
21,42896305,rs11911661,21,42914603,rs9647192,0.06
21,42896305,rs11911661,21,42915121,rs11701062,0.489
21,42896305,rs11911661,21,42915934,rs59000515,0.182
21,42896305,rs11911661,21,42915988,rs9979417,0.182
21,42896305,rs11911661,21,42920122,chr21_42920122_A_G,0.147
21,42897136,rs145013758,21,42812417,chr21_42812417_C_T,0.306
21,42897136,rs145013758,21,42879236,chr21_42879236_A_C,0.478
21,42897136,rs145013758,21,42897136,rs145013758,1
21,42901421,rs1041449,21,42869063,rs415731,0.209
21,42901421,rs1041449,21,42869735,rs56695953,0.135
21,42901421,rs1041449,21,42871220,rs2838043,0.135
21,42901421,rs1041449,21,42871545,rs397707299,0.084
21,42901421,rs1041449,21,42872751,rs2187238,0.133
21,42901421,rs1041449,21,42873605,rs9980693,0.226
21,42901421,rs1041449,21,42875004,rs9984012,0.226
21,42901421,rs1041449,21,42876598,rs8129713,0.138
21,42901421,rs1041449,21,42878126,rs28360562,0.083
21,42901421,rs1041449,21,42878611,rs55704664,0.14
21,42901421,rs1041449,21,42879403,rs112467088,0.127
21,42901421,rs1041449,21,42879604,rs73230088,0.233
21,42901421,rs1041449,21,42879724,rs8126497,0.141
21,42901421,rs1041449,21,42882432,rs73230090,0.256
21,42901421,rs1041449,21,42882462,rs9978557,0.083
21,42901421,rs1041449,21,42882671,chr21_42882671_C_T,0.306
21,42901421,rs1041449,21,42884031,rs9984523,0.084
21,42901421,rs1041449,21,42884586,rs13046567,0.271
21,42901421,rs1041449,21,42885874,rs4635604,0.315
21,42901421,rs1041449,21,42885959,rs28751065,0.257
21,42901421,rs1041449,21,42886232,rs9979885,0.084
21,42901421,rs1041449,21,42886717,rs9982595,0.257
21,42901421,rs1041449,21,42887220,rs9983001,0.255
21,42901421,rs1041449,21,42887554,rs2097004,0.315
21,42901421,rs1041449,21,42888252,rs6517672,0.343
21,42901421,rs1041449,21,42888331,rs62219272,0.194
21,42901421,rs1041449,21,42888792,rs7276907,0.277
21,42901421,rs1041449,21,42889410,rs112714648,0.177
21,42901421,rs1041449,21,42889938,rs200265359,0.202
21,42901421,rs1041449,21,42890443,rs71285081,0.113
21,42901421,rs1041449,21,42891458,rs12482673,0.062
21,42901421,rs1041449,21,42891715,rs7281987,0.351
21,42901421,rs1041449,21,42891724,rs7282236,0.13
21,42901421,rs1041449,21,42891810,rs34666868,0.257
21,42901421,rs1041449,21,42891810,rs34666868,0.075
21,42901421,rs1041449,21,42891817,rs73231904,0.198
21,42901421,rs1041449,21,42892056,rs6517673,0.086
21,42901421,rs1041449,21,42892348,rs73231906,0.207
21,42901421,rs1041449,21,42892744,rs35247320,0.26
21,42901421,rs1041449,21,42892925,rs11908828,0.352
21,42901421,rs1041449,21,42893758,rs8134378,0.088
21,42901421,rs1041449,21,42893808,rs56095453,0.209
21,42901421,rs1041449,21,42893908,rs8134657,0.088
21,42901421,rs1041449,21,42894185,rs62219275,0.2
21,42901421,rs1041449,21,42894453,rs35616234,0.128
21,42901421,rs1041449,21,42894520,rs35221358,0.26
21,42901421,rs1041449,21,42895154,rs11910588,0.237
21,42901421,rs1041449,21,42896098,rs149489375,0.358
21,42901421,rs1041449,21,42896100,rs143911765,0.357
21,42901421,rs1041449,21,42896258,rs113192256,0.2
21,42901421,rs1041449,21,42896305,rs11911661,0.255
21,42901421,rs1041449,21,42896333,rs62219277,0.357
21,42901421,rs1041449,21,42896389,chr21_42896389_C_G,0.358
21,42901421,rs1041449,21,42896603,rs11702754,0.281
21,42901421,rs1041449,21,42896753,rs73231912,0.256
21,42901421,rs1041449,21,42896779,rs73231913,0.256
21,42901421,rs1041449,21,42896828,chr21_42896828_C_T,0.131
21,42901421,rs1041449,21,42896927,rs12151964,0.26
21,42901421,rs1041449,21,42900167,rs73231921,0.261
21,42901421,rs1041449,21,42900599,rs884166,0.099
21,42901421,rs1041449,21,42901033,rs4327307,0.254
21,42901421,rs1041449,21,42901421,rs1041449,1
21,42901421,rs1041449,21,42902308,rs73903411,0.465
21,42901421,rs1041449,21,42902779,rs4334565,0.09
21,42901421,rs1041449,21,42902883,rs713399,0.688
21,42901421,rs1041449,21,42903564,rs537282337,0.458
21,42901421,rs1041449,21,42903564,rs34417351,0.685
21,42901421,rs1041449,21,42903622,rs2105733,0.073
21,42901421,rs1041449,21,42903752,rs56379149,0.683
21,42901421,rs1041449,21,42904067,rs7281798,0.075
21,42901421,rs1041449,21,42904130,rs7281825,0.683
21,42901421,rs1041449,21,42904315,rs34243672,0.682
21,42901421,rs1041449,21,42904683,rs34460787,0.677
21,42901421,rs1041449,21,42904814,rs4818246,0.461
21,42901421,rs1041449,21,42905094,rs7277088,0.681
21,42901421,rs1041449,21,42905352,rs2410432,0.066
21,42901421,rs1041449,21,42905374,rs1893657,0.677
21,42901421,rs1041449,21,42906668,rs9978632,0.265
21,42901421,rs1041449,21,42906758,rs12626797,0.421
21,42901421,rs1041449,21,42907168,rs9979125,0.933
21,42901421,rs1041449,21,42908010,rs2838048,0.537
21,42901421,rs1041449,21,42908213,rs7278065,0.54
21,42901421,rs1041449,21,42908367,rs55650061,0.336
21,42901421,rs1041449,21,42908380,rs55931937,0.336
21,42901421,rs1041449,21,42909168,rs76435468,0.055
21,42901421,rs1041449,21,42909862,rs9983011,0.255
21,42901421,rs1041449,21,42911032,rs9975074,0.253
21,42901421,rs1041449,21,42911033,rs9975075,0.245
21,42901421,rs1041449,21,42911084,chr21_42911084_A_G,0.136
21,42901421,rs1041449,21,42911231,rs56975983,0.236
21,42901421,rs1041449,21,42911334,rs61696992,0.235
21,42901421,rs1041449,21,42911377,rs11286505,0.489
21,42901421,rs1041449,21,42911521,rs73359732,0.239
21,42901421,rs1041449,21,42911619,rs73359734,0.239
21,42901421,rs1041449,21,42911942,21:42911942:C:CA,0.239
21,42901421,rs1041449,21,42911999,rs55788142,0.418
21,42901421,rs1041449,21,42912417,rs149220370,0.23
21,42901421,rs1041449,21,42912517,rs56113505,0.772
21,42901421,rs1041449,21,42912591,rs74576407,0.237
21,42901421,rs1041449,21,42912614,rs141639998,0.233
21,42901421,rs1041449,21,42912973,rs2838053,0.762
21,42901421,rs1041449,21,42913108,rs141825629,0.232
21,42901421,rs1041449,21,42913262,chr21_42913262_G_T,0.331
21,42901421,rs1041449,21,42913526,rs9305748,0.232
21,42901421,rs1041449,21,42913863,rs9636992,0.232
21,42901421,rs1041449,21,42913868,rs9636993,0.233
21,42901421,rs1041449,21,42913907,rs12381221,0.232
21,42901421,rs1041449,21,42914001,rs12381222,0.765
21,42901421,rs1041449,21,42914056,rs59023458,0.232
21,42901421,rs1041449,21,42914272,rs11700414,0.765
21,42901421,rs1041449,21,42914603,rs9647192,0.236
21,42901421,rs1041449,21,42915004,rs9305749,0.261
21,42901421,rs1041449,21,42915121,rs11701062,0.287
21,42901421,rs1041449,21,42915934,rs59000515,0.69
21,42901421,rs1041449,21,42915988,rs9979417,0.69
21,42901421,rs1041449,21,42918384,rs2838055,0.076
21,42901421,rs1041449,21,42919922,rs1557371,0.182
21,42901421,rs1041449,21,42920022,rs1041834,0.128
21,42901421,rs1041449,21,42920122,chr21_42920122_A_G,0.075
21,42901421,rs1041449,21,42920296,rs9975623,0.181
21,42901421,rs1041449,21,42921146,rs13052864,0.072
21,42901421,rs1041449,21,42921351,rs146038904,0.05
21,42901421,rs1041449,21,42921355,rs138757524,0.072
21,42901421,rs1041449,21,42921717,rs2838056,0.072
21,42901421,rs1041449,21,42922196,rs34498700,0.072
21,42901421,rs1041449,21,42922631,rs61614992,0.073
21,42901421,rs1041449,21,42923256,rs79037293,0.081
21,42901421,rs1041449,21,42925137,rs13046709,0.068
21,42901421,rs1041449,21,42925337,rs140759944,0.051
21,42901421,rs1041449,21,42925828,rs77381400,0.079
21,42901421,rs1041449,21,42926153,rs9305751,0.052
21,42901421,rs1041449,21,42927520,rs9975883,0.051
21,42901421,rs1041449,21,42932057,rs1475908,0.054
21,42901421,rs1041449,21,42936275,rs5844081,0.052
21,42901421,rs1041449,21,42938418,chr21_42938418_A_G,0.083
21,42901421,rs1041449,21,42938468,rs9983224,0.084
21,42901421,rs1041449,21,42940346,rs71318573,0.085
21,42902308,rs73903411,21,42868888,rs455045,0.175
21,42902308,rs73903411,21,42869063,rs415731,0.054
21,42902308,rs73903411,21,42869735,rs56695953,0.054
21,42902308,rs73903411,21,42871220,rs2838043,0.054
21,42902308,rs73903411,21,42872751,rs2187238,0.052
21,42902308,rs73903411,21,42873605,rs9980693,0.069
21,42902308,rs73903411,21,42875004,rs9984012,0.069
21,42902308,rs73903411,21,42876400,rs7277080,0.181
21,42902308,rs73903411,21,42876598,rs8129713,0.055
21,42902308,rs73903411,21,42877542,rs378616,0.108
21,42902308,rs73903411,21,42878611,rs55704664,0.055
21,42902308,rs73903411,21,42879403,rs112467088,0.408
21,42902308,rs73903411,21,42879604,rs73230088,0.067
21,42902308,rs73903411,21,42879724,rs8126497,0.056
21,42902308,rs73903411,21,42879909,rs75603675,0.255
21,42902308,rs73903411,21,42880306,rs4303794,0.253
21,42902308,rs73903411,21,42880316,rs11088551,0.253
21,42902308,rs73903411,21,42880333,rs61299115,0.253
21,42902308,rs73903411,21,42880485,rs4303795,0.251
21,42902308,rs73903411,21,42880506,rs5844077,0.134
21,42902308,rs73903411,21,42880894,rs12481984,0.259
21,42902308,rs73903411,21,42881166,rs28707508,0.221
21,42902308,rs73903411,21,42881195,rs34069169,0.237
21,42902308,rs73903411,21,42881937,rs56218846,0.306
21,42902308,rs73903411,21,42881939,rs11281229,0.308
21,42902308,rs73903411,21,42882003,rs8127674,0.306
21,42902308,rs73903411,21,42882315,rs8132655,0.307
21,42902308,rs73903411,21,42882380,rs8132786,0.307
21,42902308,rs73903411,21,42882432,rs73230090,0.065
21,42902308,rs73903411,21,42882531,rs9978803,0.277
21,42902308,rs73903411,21,42882671,chr21_42882671_C_T,0.708
21,42902308,rs73903411,21,42882677,rs9981099,0.277
21,42902308,rs73903411,21,42882752,rs9981177,0.307
21,42902308,rs73903411,21,42883063,rs9981463,0.277
21,42902308,rs73903411,21,42883138,rs9981563,0.277
21,42902308,rs73903411,21,42883171,rs9981570,0.277
21,42902308,rs73903411,21,42883451,rs9981973,0.277
21,42902308,rs73903411,21,42883981,rs8129192,0.308
21,42902308,rs73903411,21,42884309,rs8133719,0.278
21,42902308,rs73903411,21,42884875,rs13048893,0.277
21,42902308,rs73903411,21,42885233,rs13050241,0.277
21,42902308,rs73903411,21,42885559,rs8129232,0.277
21,42902308,rs73903411,21,42885737,rs4339034,0.278
21,42902308,rs73903411,21,42885786,rs6517670,0.31
21,42902308,rs73903411,21,42885815,rs4437046,0.278
21,42902308,rs73903411,21,42885874,rs4635604,0.129
21,42902308,rs73903411,21,42885959,rs28751065,0.065
21,42902308,rs73903411,21,42885974,rs4441561,0.278
21,42902308,rs73903411,21,42886249,rs6517671,0.28
21,42902308,rs73903411,21,42886270,rs8134056,0.281
21,42902308,rs73903411,21,42886279,rs8133813,0.281
21,42902308,rs73903411,21,42886288,rs8133685,0.281
21,42902308,rs73903411,21,42886295,rs8134861,0.281
21,42902308,rs73903411,21,42886717,rs9982595,0.065
21,42902308,rs73903411,21,42886751,rs9982757,0.278
21,42902308,rs73903411,21,42886762,rs9982761,0.278
21,42902308,rs73903411,21,42887024,rs2210282,0.278
21,42902308,rs73903411,21,42887220,rs9983001,0.066
21,42902308,rs73903411,21,42887324,rs2097001,0.278
21,42902308,rs73903411,21,42887422,rs2097002,0.278
21,42902308,rs73903411,21,42887456,rs2097003,0.278
21,42902308,rs73903411,21,42887554,rs2097004,0.129
21,42902308,rs73903411,21,42887890,rs8130911,0.278
21,42902308,rs73903411,21,42887967,rs11414078,0.278
21,42902308,rs73903411,21,42888252,rs6517672,0.154
21,42902308,rs73903411,21,42888331,rs62219272,0.089
21,42902308,rs73903411,21,42889097,rs66953820,0.277
21,42902308,rs73903411,21,42889206,rs73230101,0.277
21,42902308,rs73903411,21,42889410,rs112714648,0.535
21,42902308,rs73903411,21,42889457,rs10211909,0.278
21,42902308,rs73903411,21,42889790,rs10211872,0.318
21,42902308,rs73903411,21,42889849,rs10211876,0.316
21,42902308,rs73903411,21,42889938,rs200265359,0.589
21,42902308,rs73903411,21,42889980,rs7281137,0.319
21,42902308,rs73903411,21,42890104,rs35304539,0.319
21,42902308,rs73903411,21,42890162,rs7281696,0.319
21,42902308,rs73903411,21,42890432,rs3037876,0.317
21,42902308,rs73903411,21,42890437,rs2410431,0.315
21,42902308,rs73903411,21,42890443,rs71285081,0.451
21,42902308,rs73903411,21,42890544,rs2210283,0.319
21,42902308,rs73903411,21,42891458,rs12482673,0.359
21,42902308,rs73903411,21,42891715,rs7281987,0.158
21,42902308,rs73903411,21,42891724,rs7282236,0.061
21,42902308,rs73903411,21,42891810,rs34666868,0.065
21,42902308,rs73903411,21,42891810,rs34666868,0.399
21,42902308,rs73903411,21,42891817,rs73231904,0.091
21,42902308,rs73903411,21,42892348,rs73231906,0.585
21,42902308,rs73903411,21,42892744,rs35247320,0.065
21,42902308,rs73903411,21,42892925,rs11908828,0.158
21,42902308,rs73903411,21,42893808,rs56095453,0.59
21,42902308,rs73903411,21,42894185,rs62219275,0.092
21,42902308,rs73903411,21,42894453,rs35616234,0.061
21,42902308,rs73903411,21,42894520,rs35221358,0.066
21,42902308,rs73903411,21,42894744,rs11088552,0.133
21,42902308,rs73903411,21,42895154,rs11910588,0.628
21,42902308,rs73903411,21,42895267,rs58282962,0.133
21,42902308,rs73903411,21,42896098,rs149489375,0.162
21,42902308,rs73903411,21,42896100,rs143911765,0.161
21,42902308,rs73903411,21,42896258,rs113192256,0.092
21,42902308,rs73903411,21,42896305,rs11911661,0.656
21,42902308,rs73903411,21,42896333,rs62219277,0.162
21,42902308,rs73903411,21,42896389,chr21_42896389_C_G,0.162
21,42902308,rs73903411,21,42896753,rs73231912,0.657
21,42902308,rs73903411,21,42896779,rs73231913,0.657
21,42902308,rs73903411,21,42896828,chr21_42896828_C_T,0.46
21,42902308,rs73903411,21,42896927,rs12151964,0.066
21,42902308,rs73903411,21,42898217,rs7280868,0.279
21,42902308,rs73903411,21,42898366,rs2838046,0.275
21,42902308,rs73903411,21,42899230,rs9982091,0.28
21,42902308,rs73903411,21,42899243,rs9982095,0.28
21,42902308,rs73903411,21,42899252,rs9981925,0.282
21,42902308,rs73903411,21,42899318,rs9982014,0.265
21,42902308,rs73903411,21,42899369,rs9982037,0.265
21,42902308,rs73903411,21,42900167,rs73231921,0.067
21,42902308,rs73903411,21,42900599,rs884166,0.094
21,42902308,rs73903411,21,42900634,rs59484614,0.256
21,42902308,rs73903411,21,42901033,rs4327307,0.677
21,42902308,rs73903411,21,42901421,rs1041449,0.465
21,42902308,rs73903411,21,42902308,rs73903411,1
21,42902308,rs73903411,21,42902883,rs713399,0.313
21,42902308,rs73903411,21,42903564,rs34417351,0.312
21,42902308,rs73903411,21,42903564,rs537282337,0.99
21,42902308,rs73903411,21,42903752,rs56379149,0.311
21,42902308,rs73903411,21,42904130,rs7281825,0.311
21,42902308,rs73903411,21,42904315,rs34243672,0.31
21,42902308,rs73903411,21,42904683,rs34460787,0.308
21,42902308,rs73903411,21,42904814,rs4818246,0.989
21,42902308,rs73903411,21,42905094,rs7277088,0.309
21,42902308,rs73903411,21,42905352,rs2410432,0.126
21,42902308,rs73903411,21,42905374,rs1893657,0.307
21,42902308,rs73903411,21,42906668,rs9978632,0.071
21,42902308,rs73903411,21,42906758,rs12626797,0.917
21,42902308,rs73903411,21,42907168,rs9979125,0.41
21,42902308,rs73903411,21,42908010,rs2838048,0.18
21,42902308,rs73903411,21,42908213,rs7278065,0.181
21,42902308,rs73903411,21,42908367,rs55650061,0.734
21,42902308,rs73903411,21,42908380,rs55931937,0.734
21,42902308,rs73903411,21,42909862,rs9983011,0.069
21,42902308,rs73903411,21,42911032,rs9975074,0.068
21,42902308,rs73903411,21,42911033,rs9975075,0.069
21,42902308,rs73903411,21,42911084,chr21_42911084_A_G,0.448
21,42902308,rs73903411,21,42911231,rs56975983,0.063
21,42902308,rs73903411,21,42911334,rs61696992,0.064
21,42902308,rs73903411,21,42911377,rs11286505,0.178
21,42902308,rs73903411,21,42911521,rs73359732,0.058
21,42902308,rs73903411,21,42911619,rs73359734,0.058
21,42902308,rs73903411,21,42911942,21:42911942:C:CA,0.057
21,42902308,rs73903411,21,42911999,rs55788142,0.738
21,42902308,rs73903411,21,42912417,rs149220370,0.059
21,42902308,rs73903411,21,42912517,rs56113505,0.354
21,42902308,rs73903411,21,42912591,rs74576407,0.056
21,42902308,rs73903411,21,42912614,rs141639998,0.057
21,42902308,rs73903411,21,42912973,rs2838053,0.349
21,42902308,rs73903411,21,42913108,rs141825629,0.057
21,42902308,rs73903411,21,42913262,chr21_42913262_G_T,0.759
21,42902308,rs73903411,21,42913526,rs9305748,0.057
21,42902308,rs73903411,21,42913863,rs9636992,0.057
21,42902308,rs73903411,21,42913868,rs9636993,0.057
21,42902308,rs73903411,21,42913907,rs12381221,0.057
21,42902308,rs73903411,21,42914001,rs12381222,0.35
21,42902308,rs73903411,21,42914056,rs59023458,0.057
21,42902308,rs73903411,21,42914272,rs11700414,0.35
21,42902308,rs73903411,21,42914603,rs9647192,0.056
21,42902308,rs73903411,21,42915121,rs11701062,0.694
21,42902308,rs73903411,21,42915934,rs59000515,0.316
21,42902308,rs73903411,21,42915988,rs9979417,0.315
21,42902308,rs73903411,21,42919922,rs1557371,0.058
21,42902308,rs73903411,21,42920122,chr21_42920122_A_G,0.177
21,42902308,rs73903411,21,42920296,rs9975623,0.057
21,42902308,rs73903411,21,42922780,chr21_42922780_A_G,0.052
21,42914272,rs11700414,21,42869063,rs415731,0.151
21,42914272,rs11700414,21,42869735,rs56695953,0.095
21,42914272,rs11700414,21,42871220,rs2838043,0.095
21,42914272,rs11700414,21,42871545,rs397707299,0.069
21,42914272,rs11700414,21,42872751,rs2187238,0.093
21,42914272,rs11700414,21,42873605,rs9980693,0.165
21,42914272,rs11700414,21,42875004,rs9984012,0.165
21,42914272,rs11700414,21,42876598,rs8129713,0.097
21,42914272,rs11700414,21,42878126,rs28360562,0.069
21,42914272,rs11700414,21,42878611,rs55704664,0.099
21,42914272,rs11700414,21,42879403,rs112467088,0.103
21,42914272,rs11700414,21,42879604,rs73230088,0.17
21,42914272,rs11700414,21,42879724,rs8126497,0.099
21,42914272,rs11700414,21,42882432,rs73230090,0.19
21,42914272,rs11700414,21,42882462,rs9978557,0.069
21,42914272,rs11700414,21,42882671,chr21_42882671_C_T,0.25
21,42914272,rs11700414,21,42884031,rs9984523,0.069
21,42914272,rs11700414,21,42884586,rs13046567,0.187
21,42914272,rs11700414,21,42885874,rs4635604,0.256
21,42914272,rs11700414,21,42885959,rs28751065,0.19
21,42914272,rs11700414,21,42886232,rs9979885,0.07
21,42914272,rs11700414,21,42886717,rs9982595,0.191
21,42914272,rs11700414,21,42887220,rs9983001,0.189
21,42914272,rs11700414,21,42887554,rs2097004,0.256
21,42914272,rs11700414,21,42888252,rs6517672,0.263
21,42914272,rs11700414,21,42888331,rs62219272,0.143
21,42914272,rs11700414,21,42888792,rs7276907,0.19
21,42914272,rs11700414,21,42889410,rs112714648,0.145
21,42914272,rs11700414,21,42889938,rs200265359,0.168
21,42914272,rs11700414,21,42890443,rs71285081,0.092
21,42914272,rs11700414,21,42891458,rs12482673,0.052
21,42914272,rs11700414,21,42891715,rs7281987,0.27
21,42914272,rs11700414,21,42891724,rs7282236,0.092
21,42914272,rs11700414,21,42891810,rs34666868,0.188
21,42914272,rs11700414,21,42891810,rs34666868,0.055
21,42914272,rs11700414,21,42891817,rs73231904,0.145
21,42914272,rs11700414,21,42892056,rs6517673,0.071
21,42914272,rs11700414,21,42892348,rs73231906,0.173
21,42914272,rs11700414,21,42892744,rs35247320,0.193
21,42914272,rs11700414,21,42892925,rs11908828,0.27
21,42914272,rs11700414,21,42893758,rs8134378,0.073
21,42914272,rs11700414,21,42893808,rs56095453,0.176
21,42914272,rs11700414,21,42893908,rs8134657,0.073
21,42914272,rs11700414,21,42894185,rs62219275,0.147
21,42914272,rs11700414,21,42894453,rs35616234,0.088
21,42914272,rs11700414,21,42894520,rs35221358,0.193
21,42914272,rs11700414,21,42895154,rs11910588,0.199
21,42914272,rs11700414,21,42896098,rs149489375,0.27
21,42914272,rs11700414,21,42896100,rs143911765,0.27
21,42914272,rs11700414,21,42896258,rs113192256,0.147
21,42914272,rs11700414,21,42896305,rs11911661,0.216
21,42914272,rs11700414,21,42896333,rs62219277,0.27
21,42914272,rs11700414,21,42896389,chr21_42896389_C_G,0.27
21,42914272,rs11700414,21,42896603,rs11702754,0.186
21,42914272,rs11700414,21,42896753,rs73231912,0.216
21,42914272,rs11700414,21,42896779,rs73231913,0.216
21,42914272,rs11700414,21,42896828,chr21_42896828_C_T,0.12
21,42914272,rs11700414,21,42896927,rs12151964,0.193
21,42914272,rs11700414,21,42900167,rs73231921,0.196
21,42914272,rs11700414,21,42900599,rs884166,0.08
21,42914272,rs11700414,21,42901033,rs4327307,0.204
21,42914272,rs11700414,21,42901421,rs1041449,0.765
21,42914272,rs11700414,21,42902308,rs73903411,0.35
21,42914272,rs11700414,21,42902779,rs4334565,0.075
21,42914272,rs11700414,21,42902883,rs713399,0.538
21,42914272,rs11700414,21,42903564,rs537282337,0.348
21,42914272,rs11700414,21,42903564,rs34417351,0.537
21,42914272,rs11700414,21,42903622,rs2105733,0.053
21,42914272,rs11700414,21,42903752,rs56379149,0.54
21,42914272,rs11700414,21,42904067,rs7281798,0.055
21,42914272,rs11700414,21,42904130,rs7281825,0.537
21,42914272,rs11700414,21,42904315,rs34243672,0.54
21,42914272,rs11700414,21,42904683,rs34460787,0.542
21,42914272,rs11700414,21,42904814,rs4818246,0.354
21,42914272,rs11700414,21,42905094,rs7277088,0.538
21,42914272,rs11700414,21,42905352,rs2410432,0.055
21,42914272,rs11700414,21,42905374,rs1893657,0.535
21,42914272,rs11700414,21,42906668,rs9978632,0.219
21,42914272,rs11700414,21,42906758,rs12626797,0.382
21,42914272,rs11700414,21,42907168,rs9979125,0.826
21,42914272,rs11700414,21,42908010,rs2838048,0.446
21,42914272,rs11700414,21,42908213,rs7278065,0.454
21,42914272,rs11700414,21,42908367,rs55650061,0.312
21,42914272,rs11700414,21,42908380,rs55931937,0.313
21,42914272,rs11700414,21,42909168,rs76435468,0.075
21,42914272,rs11700414,21,42909862,rs9983011,0.224
21,42914272,rs11700414,21,42911032,rs9975074,0.23
21,42914272,rs11700414,21,42911033,rs9975075,0.236
21,42914272,rs11700414,21,42911084,chr21_42911084_A_G,0.105
21,42914272,rs11700414,21,42911231,rs56975983,0.264
21,42914272,rs11700414,21,42911334,rs61696992,0.263
21,42914272,rs11700414,21,42911377,rs11286505,0.47
21,42914272,rs11700414,21,42911521,rs73359732,0.267
21,42914272,rs11700414,21,42911619,rs73359734,0.269
21,42914272,rs11700414,21,42911706,chr21_42911706_A_G,0.076
21,42914272,rs11700414,21,42911942,21:42911942:C:CA,0.27
21,42914272,rs11700414,21,42911999,rs55788142,0.575
21,42914272,rs11700414,21,42912417,rs149220370,0.268
21,42914272,rs11700414,21,42912517,rs56113505,0.998
21,42914272,rs11700414,21,42912591,rs74576407,0.27
21,42914272,rs11700414,21,42912614,rs141639998,0.272
21,42914272,rs11700414,21,42912973,rs2838053,0.998
21,42914272,rs11700414,21,42913108,rs141825629,0.272
21,42914272,rs11700414,21,42913262,chr21_42913262_G_T,0.467
21,42914272,rs11700414,21,42913526,rs9305748,0.272
21,42914272,rs11700414,21,42913863,rs9636992,0.272
21,42914272,rs11700414,21,42913868,rs9636993,0.272
21,42914272,rs11700414,21,42913907,rs12381221,0.272
21,42914272,rs11700414,21,42914001,rs12381222,1
21,42914272,rs11700414,21,42914056,rs59023458,0.272
21,42914272,rs11700414,21,42914272,rs11700414,1
21,42914272,rs11700414,21,42914603,rs9647192,0.271
21,42914272,rs11700414,21,42915004,rs9305749,0.302
21,42914272,rs11700414,21,42915121,rs11701062,0.369
21,42914272,rs11700414,21,42915934,rs59000515,0.842
21,42914272,rs11700414,21,42915988,rs9979417,0.841
21,42914272,rs11700414,21,42918384,rs2838055,0.079
21,42914272,rs11700414,21,42919922,rs1557371,0.226
21,42914272,rs11700414,21,42920022,rs1041834,0.164
21,42914272,rs11700414,21,42920122,chr21_42920122_A_G,0.081
21,42914272,rs11700414,21,42920296,rs9975623,0.224
21,42914272,rs11700414,21,42921146,rs13052864,0.074
21,42914272,rs11700414,21,42921351,rs146038904,0.051
21,42914272,rs11700414,21,42921355,rs138757524,0.072
21,42914272,rs11700414,21,42921589,rs11701542,0.05
21,42914272,rs11700414,21,42921717,rs2838056,0.074
21,42914272,rs11700414,21,42922196,rs34498700,0.073
21,42914272,rs11700414,21,42922631,rs61614992,0.074
21,42914272,rs11700414,21,42923256,rs79037293,0.077
21,42914272,rs11700414,21,42925137,rs13046709,0.069
21,42914272,rs11700414,21,42925828,rs77381400,0.075
21,42914272,rs11700414,21,42929953,rs34033677,0.057
21,42914272,rs11700414,21,42932057,rs1475908,0.065
21,42914272,rs11700414,21,42936275,rs5844081,0.081
21,42914272,rs11700414,21,42938418,chr21_42938418_A_G,0.09
21,42914272,rs11700414,21,42938468,rs9983224,0.09
21,42914272,rs11700414,21,42940346,rs71318573,0.092
21,42914272,rs11700414,21,42948041,rs35083014,0.051
