CHR_A,BP_A,SNP_A,CHR_B,BP_B,SNP_B,R2
20,49509184,rs17790938,20,49487849,rs8116001,0.06
20,49509184,rs17790938,20,49488614,rs6013036,0.063
20,49509184,rs17790938,20,49489052,rs6020813,0.063
20,49509184,rs17790938,20,49489180,rs6020814,0.062
20,49509184,rs17790938,20,49489520,rs6096137,0.061
20,49509184,rs17790938,20,49490071,chr20_49490071_C_T,0.097
20,49509184,rs17790938,20,49490116,rs6020817,0.063
20,49509184,rs17790938,20,49490888,rs6096141,0.117
20,49509184,rs17790938,20,49493441,chr20_49493441_C_T,0.444
20,49509184,rs17790938,20,49494268,rs2208519,0.107
20,49509184,rs17790938,20,49494835,rs6126113,0.127
20,49509184,rs17790938,20,49495021,rs6096148,0.127
20,49509184,rs17790938,20,49495036,rs6096149,0.122
20,49509184,rs17790938,20,49495319,rs6096151,0.128
20,49509184,rs17790938,20,49495326,rs6122981,0.137
20,49509184,rs17790938,20,49495389,rs6096152,0.137
20,49509184,rs17790938,20,49495458,rs6096153,0.129
20,49509184,rs17790938,20,49496121,rs12480466,0.132
20,49509184,rs17790938,20,49496178,rs12480447,0.132
20,49509184,rs17790938,20,49496411,rs4811098,0.132
20,49509184,rs17790938,20,49497045,rs73909823,0.989
20,49509184,rs17790938,20,49497353,rs73909824,0.969
20,49509184,rs17790938,20,49498121,rs6020823,0.134
20,49509184,rs17790938,20,49498559,rs6126115,0.133
20,49509184,rs17790938,20,49500894,rs16995568,0.78
20,49509184,rs17790938,20,49501047,rs6122982,0.134
20,49509184,rs17790938,20,49502952,rs4811099,0.136
20,49509184,rs17790938,20,49506195,rs875068,0.137
20,49509184,rs17790938,20,49506501,rs3834656,0.139
20,49509184,rs17790938,20,49509184,rs17790938,1
20,49509184,rs17790938,20,49511352,rs6067584,0.994
20,49509184,rs17790938,20,49511907,rs6091233,0.99
20,49509184,rs17790938,20,49512317,rs6091234,0.993
20,49509184,rs17790938,20,49512803,rs12479950,0.145
20,49509184,rs17790938,20,49513290,rs76454304,0.999
20,49509184,rs17790938,20,49513304,rs61505239,0.999
20,49509184,rs17790938,20,49513347,rs58496674,0.999
20,49509184,rs17790938,20,49513966,rs147211510,0.142
20,49509184,rs17790938,20,49514013,rs4811100,0.144
20,49509184,rs17790938,20,49516100,rs12481137,0.093
20,49509184,rs17790938,20,49516995,rs6091236,0.996
20,49509184,rs17790938,20,49519043,rs11482312,0.996
20,49509184,rs17790938,20,49520193,rs6020837,0.142
20,49509184,rs17790938,20,49521655,rs4449196,0.998
20,49509184,rs17790938,20,49523629,rs144866409,0.999
20,49509184,rs17790938,20,49523665,rs149575736,0.999
20,49509184,rs17790938,20,49523807,rs151249796,0.14
20,49509184,rs17790938,20,49524290,rs3069795,0.138
20,49509184,rs17790938,20,49524451,rs16995592,0.999
20,49509184,rs17790938,20,49524601,rs16984523,0.999
20,49509184,rs17790938,20,49525089,rs150215935,0.998
20,49509184,rs17790938,20,49525434,rs1010944,0.144
20,49509184,rs17790938,20,49525987,rs6091237,0.999
20,49509184,rs17790938,20,49526297,rs73909829,0.999
20,49509184,rs17790938,20,49526485,rs73909831,0.999
20,49509184,rs17790938,20,49527371,rs78860779,0.998
20,49509184,rs17790938,20,49527494,rs16995600,0.998
20,49509184,rs17790938,20,49527922,rs12480328,0.998
20,49509184,rs17790938,20,49529390,rs143480121,0.998
20,49509184,rs17790938,20,49530928,rs41274692,0.997
20,49509184,rs17790938,20,49532451,rs72029440,0.998
20,49509184,rs17790938,20,49533949,rs6096186,0.998
20,49509184,rs17790938,20,49534959,rs2426205,0.141
20,49509184,rs17790938,20,49536680,rs72017800,0.995
20,49509184,rs17790938,20,49536969,rs2426208,0.137
20,49509184,rs17790938,20,49537488,rs2426210,0.14
20,49509184,rs17790938,20,49538243,rs2426211,0.139
20,49509184,rs17790938,20,49538799,rs2870023,0.14
20,49509184,rs17790938,20,49538921,rs2870024,0.993
20,49509184,rs17790938,20,49539058,rs2870025,0.993
20,49509184,rs17790938,20,49540925,rs16995626,0.988
20,49509184,rs17790938,20,49542079,rs6091238,0.138
20,49509184,rs17790938,20,49543293,rs6020856,0.14
20,49509184,rs17790938,20,49543474,rs11473330,0.141
20,49509184,rs17790938,20,49544097,rs10716858,0.139
20,49509184,rs17790938,20,49548807,rs73909841,0.986
20,49509184,rs17790938,20,49549738,rs374838303,0.99
20,49509184,rs17790938,20,49550814,rs73909842,0.991
20,49509184,rs17790938,20,49554352,rs6020858,0.125
20,49509184,rs17790938,20,49554764,rs73909843,0.673
20,49509184,rs17790938,20,49556191,rs77800093,0.672
20,49509184,rs17790938,20,49557881,20:49557881:T:TATATATATTC,0.584
20,49509184,rs17790938,20,49558245,chr20_49558245_C_T,0.665
20,49509184,rs17790938,20,49559426,rs56165102,0.671
20,49509184,rs17790938,20,49560277,20:49560277:AT:A,0.111
20,49509184,rs17790938,20,49561801,rs149801869,0.67
20,49509184,rs17790938,20,49563379,rs6096200,0.134
20,49509184,rs17790938,20,49564211,rs76685994,0.985
20,49509184,rs17790938,20,49569025,rs55987409,0.986
20,49509184,rs17790938,20,49570403,rs73909848,0.985
20,49509184,rs17790938,20,49573810,rs2426214,0.122
20,49509184,rs17790938,20,49575334,rs2281282,0.117
20,49509184,rs17790938,20,49577558,rs74274627,0.541
20,49509184,rs17790938,20,49577862,chr20_49577863_INDEL_TTA,0.538
20,49509184,rs17790938,20,49579744,rs2426215,0.121
20,49509184,rs17790938,20,49580970,rs6096205,0.133
20,49509184,rs17790938,20,49581710,rs6096207,0.745
20,49509184,rs17790938,20,49582436,rs6096208,0.744
20,49509184,rs17790938,20,49583367,rs6096210,0.74
20,49509184,rs17790938,20,49584936,rs60891371,0.751
20,49509184,rs17790938,20,49586239,rs6096212,0.73
20,49509184,rs17790938,20,49586965,rs2426220,0.102
20,49509184,rs17790938,20,49587726,rs2426221,0.105
20,49509184,rs17790938,20,49587963,rs2426222,0.106
20,49509184,rs17790938,20,49588672,rs6020871,0.104
20,49509184,rs17790938,20,49589170,rs2426224,0.121
20,49509184,rs17790938,20,49589689,rs73909853,0.732
20,49509184,rs17790938,20,49590950,rs80320028,0.732
20,49509184,rs17790938,20,49591657,rs2426226,0.103
20,49527922,rs12480328,20,49487849,rs8116001,0.061
20,49527922,rs12480328,20,49488614,rs6013036,0.063
20,49527922,rs12480328,20,49489052,rs6020813,0.063
20,49527922,rs12480328,20,49489180,rs6020814,0.062
20,49527922,rs12480328,20,49489520,rs6096137,0.062
20,49527922,rs12480328,20,49490071,chr20_49490071_C_T,0.098
20,49527922,rs12480328,20,49490116,rs6020817,0.064
20,49527922,rs12480328,20,49490888,rs6096141,0.117
20,49527922,rs12480328,20,49493441,chr20_49493441_C_T,0.443
20,49527922,rs12480328,20,49494268,rs2208519,0.108
20,49527922,rs12480328,20,49494835,rs6126113,0.127
20,49527922,rs12480328,20,49495021,rs6096148,0.128
20,49527922,rs12480328,20,49495036,rs6096149,0.122
20,49527922,rs12480328,20,49495319,rs6096151,0.128
20,49527922,rs12480328,20,49495326,rs6122981,0.137
20,49527922,rs12480328,20,49495389,rs6096152,0.137
20,49527922,rs12480328,20,49495458,rs6096153,0.129
20,49527922,rs12480328,20,49496121,rs12480466,0.132
20,49527922,rs12480328,20,49496178,rs12480447,0.132
20,49527922,rs12480328,20,49496411,rs4811098,0.132
20,49527922,rs12480328,20,49497045,rs73909823,0.989
20,49527922,rs12480328,20,49497353,rs73909824,0.968
20,49527922,rs12480328,20,49498121,rs6020823,0.134
20,49527922,rs12480328,20,49498559,rs6126115,0.133
20,49527922,rs12480328,20,49500894,rs16995568,0.78
20,49527922,rs12480328,20,49501047,rs6122982,0.134
20,49527922,rs12480328,20,49502952,rs4811099,0.136
20,49527922,rs12480328,20,49506195,rs875068,0.137
20,49527922,rs12480328,20,49506501,rs3834656,0.139
20,49527922,rs12480328,20,49509184,rs17790938,0.998
20,49527922,rs12480328,20,49511352,rs6067584,0.992
20,49527922,rs12480328,20,49511907,rs6091233,0.989
20,49527922,rs12480328,20,49512317,rs6091234,0.992
20,49527922,rs12480328,20,49512803,rs12479950,0.144
20,49527922,rs12480328,20,49513290,rs76454304,0.998
20,49527922,rs12480328,20,49513304,rs61505239,0.999
20,49527922,rs12480328,20,49513347,rs58496674,0.999
20,49527922,rs12480328,20,49513966,rs147211510,0.142
20,49527922,rs12480328,20,49514013,rs4811100,0.144
20,49527922,rs12480328,20,49516100,rs12481137,0.093
20,49527922,rs12480328,20,49516995,rs6091236,0.995
20,49527922,rs12480328,20,49519043,rs11482312,0.995
20,49527922,rs12480328,20,49520193,rs6020837,0.142
20,49527922,rs12480328,20,49521655,rs4449196,0.998
20,49527922,rs12480328,20,49523629,rs144866409,0.999
20,49527922,rs12480328,20,49523665,rs149575736,0.999
20,49527922,rs12480328,20,49523807,rs151249796,0.14
20,49527922,rs12480328,20,49524290,rs3069795,0.138
20,49527922,rs12480328,20,49524451,rs16995592,0.999
20,49527922,rs12480328,20,49524601,rs16984523,0.999
20,49527922,rs12480328,20,49525089,rs150215935,0.999
20,49527922,rs12480328,20,49525434,rs1010944,0.144
20,49527922,rs12480328,20,49525987,rs6091237,1
20,49527922,rs12480328,20,49526297,rs73909829,1
20,49527922,rs12480328,20,49526485,rs73909831,1
20,49527922,rs12480328,20,49527371,rs78860779,1
20,49527922,rs12480328,20,49527494,rs16995600,0.999
20,49527922,rs12480328,20,49527922,rs12480328,1
20,49527922,rs12480328,20,49529390,rs143480121,1
20,49527922,rs12480328,20,49530928,rs41274692,0.998
20,49527922,rs12480328,20,49532451,rs72029440,0.999
20,49527922,rs12480328,20,49533949,rs6096186,0.999
20,49527922,rs12480328,20,49534959,rs2426205,0.141
20,49527922,rs12480328,20,49536680,rs72017800,0.996
20,49527922,rs12480328,20,49536969,rs2426208,0.138
20,49527922,rs12480328,20,49537488,rs2426210,0.14
20,49527922,rs12480328,20,49538243,rs2426211,0.139
20,49527922,rs12480328,20,49538799,rs2870023,0.14
20,49527922,rs12480328,20,49538921,rs2870024,0.994
20,49527922,rs12480328,20,49539058,rs2870025,0.994
20,49527922,rs12480328,20,49540925,rs16995626,0.99
20,49527922,rs12480328,20,49542079,rs6091238,0.138
20,49527922,rs12480328,20,49543293,rs6020856,0.14
20,49527922,rs12480328,20,49543474,rs11473330,0.141
20,49527922,rs12480328,20,49544097,rs10716858,0.14
20,49527922,rs12480328,20,49548807,rs73909841,0.988
20,49527922,rs12480328,20,49549738,rs374838303,0.992
20,49527922,rs12480328,20,49550814,rs73909842,0.992
20,49527922,rs12480328,20,49554352,rs6020858,0.125
20,49527922,rs12480328,20,49554764,rs73909843,0.674
20,49527922,rs12480328,20,49556191,rs77800093,0.673
20,49527922,rs12480328,20,49557881,20:49557881:T:TATATATATTC,0.584
20,49527922,rs12480328,20,49558245,chr20_49558245_C_T,0.665
20,49527922,rs12480328,20,49559426,rs56165102,0.672
20,49527922,rs12480328,20,49560277,20:49560277:AT:A,0.111
20,49527922,rs12480328,20,49561801,rs149801869,0.67
20,49527922,rs12480328,20,49563379,rs6096200,0.134
20,49527922,rs12480328,20,49564211,rs76685994,0.986
20,49527922,rs12480328,20,49569025,rs55987409,0.987
20,49527922,rs12480328,20,49570403,rs73909848,0.987
20,49527922,rs12480328,20,49573810,rs2426214,0.122
20,49527922,rs12480328,20,49575334,rs2281282,0.117
20,49527922,rs12480328,20,49577558,rs74274627,0.542
20,49527922,rs12480328,20,49577862,chr20_49577863_INDEL_TTA,0.539
20,49527922,rs12480328,20,49579744,rs2426215,0.121
20,49527922,rs12480328,20,49580970,rs6096205,0.133
20,49527922,rs12480328,20,49581710,rs6096207,0.746
20,49527922,rs12480328,20,49582436,rs6096208,0.745
20,49527922,rs12480328,20,49583367,rs6096210,0.741
20,49527922,rs12480328,20,49584936,rs60891371,0.751
20,49527922,rs12480328,20,49586239,rs6096212,0.73
20,49527922,rs12480328,20,49586965,rs2426220,0.102
20,49527922,rs12480328,20,49587726,rs2426221,0.105
20,49527922,rs12480328,20,49587963,rs2426222,0.106
20,49527922,rs12480328,20,49588672,rs6020871,0.104
20,49527922,rs12480328,20,49589170,rs2426224,0.121
20,49527922,rs12480328,20,49589689,rs73909853,0.733
20,49527922,rs12480328,20,49590950,rs80320028,0.733
20,49527922,rs12480328,20,49591657,rs2426226,0.104
20,49583367,rs6096210,20,49490071,chr20_49490071_C_T,0.086
20,49583367,rs6096210,20,49490888,rs6096141,0.069
20,49583367,rs6096210,20,49493441,chr20_49493441_C_T,0.321
20,49583367,rs6096210,20,49494268,rs2208519,0.063
20,49583367,rs6096210,20,49494835,rs6126113,0.077
20,49583367,rs6096210,20,49495021,rs6096148,0.077
20,49583367,rs6096210,20,49495036,rs6096149,0.073
20,49583367,rs6096210,20,49495319,rs6096151,0.077
20,49583367,rs6096210,20,49495326,rs6122981,0.083
20,49583367,rs6096210,20,49495389,rs6096152,0.083
20,49583367,rs6096210,20,49495458,rs6096153,0.078
20,49583367,rs6096210,20,49496121,rs12480466,0.08
20,49583367,rs6096210,20,49496178,rs12480447,0.081
20,49583367,rs6096210,20,49496411,rs4811098,0.08
20,49583367,rs6096210,20,49497045,rs73909823,0.734
20,49583367,rs6096210,20,49497353,rs73909824,0.719
20,49583367,rs6096210,20,49498121,rs6020823,0.081
20,49583367,rs6096210,20,49498559,rs6126115,0.081
20,49583367,rs6096210,20,49500894,rs16995568,0.591
20,49583367,rs6096210,20,49501047,rs6122982,0.082
20,49583367,rs6096210,20,49502952,rs4811099,0.083
20,49583367,rs6096210,20,49506195,rs875068,0.084
20,49583367,rs6096210,20,49506501,rs3834656,0.085
20,49583367,rs6096210,20,49509184,rs17790938,0.74
20,49583367,rs6096210,20,49511352,rs6067584,0.736
20,49583367,rs6096210,20,49511907,rs6091233,0.733
20,49583367,rs6096210,20,49512317,rs6091234,0.736
20,49583367,rs6096210,20,49512803,rs12479950,0.089
20,49583367,rs6096210,20,49513290,rs76454304,0.74
20,49583367,rs6096210,20,49513304,rs61505239,0.741
20,49583367,rs6096210,20,49513347,rs58496674,0.741
20,49583367,rs6096210,20,49513966,rs147211510,0.087
20,49583367,rs6096210,20,49514013,rs4811100,0.089
20,49583367,rs6096210,20,49516100,rs12481137,0.053
20,49583367,rs6096210,20,49516995,rs6091236,0.739
20,49583367,rs6096210,20,49519043,rs11482312,0.745
20,49583367,rs6096210,20,49520193,rs6020837,0.087
20,49583367,rs6096210,20,49521655,rs4449196,0.74
20,49583367,rs6096210,20,49523629,rs144866409,0.741
20,49583367,rs6096210,20,49523665,rs149575736,0.741
20,49583367,rs6096210,20,49523807,rs151249796,0.087
20,49583367,rs6096210,20,49524290,rs3069795,0.084
20,49583367,rs6096210,20,49524451,rs16995592,0.741
20,49583367,rs6096210,20,49524601,rs16984523,0.741
20,49583367,rs6096210,20,49525089,rs150215935,0.74
20,49583367,rs6096210,20,49525434,rs1010944,0.088
20,49583367,rs6096210,20,49525987,rs6091237,0.741
20,49583367,rs6096210,20,49526297,rs73909829,0.741
20,49583367,rs6096210,20,49526485,rs73909831,0.741
20,49583367,rs6096210,20,49527371,rs78860779,0.741
20,49583367,rs6096210,20,49527494,rs16995600,0.741
20,49583367,rs6096210,20,49527922,rs12480328,0.741
20,49583367,rs6096210,20,49529390,rs143480121,0.741
20,49583367,rs6096210,20,49530928,rs41274692,0.74
20,49583367,rs6096210,20,49532451,rs72029440,0.741
20,49583367,rs6096210,20,49533949,rs6096186,0.741
20,49583367,rs6096210,20,49534959,rs2426205,0.093
20,49583367,rs6096210,20,49536680,rs72017800,0.739
20,49583367,rs6096210,20,49536969,rs2426208,0.084
20,49583367,rs6096210,20,49537488,rs2426210,0.086
20,49583367,rs6096210,20,49538243,rs2426211,0.086
20,49583367,rs6096210,20,49538799,rs2870023,0.086
20,49583367,rs6096210,20,49538921,rs2870024,0.737
20,49583367,rs6096210,20,49539058,rs2870025,0.737
20,49583367,rs6096210,20,49540925,rs16995626,0.734
20,49583367,rs6096210,20,49542079,rs6091238,0.084
20,49583367,rs6096210,20,49543293,rs6020856,0.086
20,49583367,rs6096210,20,49543474,rs11473330,0.087
20,49583367,rs6096210,20,49544097,rs10716858,0.084
20,49583367,rs6096210,20,49548807,rs73909841,0.733
20,49583367,rs6096210,20,49549738,rs374838303,0.737
20,49583367,rs6096210,20,49550814,rs73909842,0.737
20,49583367,rs6096210,20,49554352,rs6020858,0.073
20,49583367,rs6096210,20,49554764,rs73909843,0.488
20,49583367,rs6096210,20,49556191,rs77800093,0.488
20,49583367,rs6096210,20,49557881,20:49557881:T:TATATATATTC,0.42
20,49583367,rs6096210,20,49558245,chr20_49558245_C_T,0.482
20,49583367,rs6096210,20,49559426,rs56165102,0.489
20,49583367,rs6096210,20,49560277,20:49560277:AT:A,0.08
20,49583367,rs6096210,20,49561801,rs149801869,0.501
20,49583367,rs6096210,20,49563379,rs6096200,0.087
20,49583367,rs6096210,20,49564211,rs76685994,0.773
20,49583367,rs6096210,20,49569025,rs55987409,0.779
20,49583367,rs6096210,20,49570403,rs73909848,0.781
20,49583367,rs6096210,20,49573810,rs2426214,0.078
20,49583367,rs6096210,20,49575334,rs2281282,0.075
20,49583367,rs6096210,20,49577558,rs74274627,0.72
20,49583367,rs6096210,20,49577862,chr20_49577863_INDEL_TTA,0.719
20,49583367,rs6096210,20,49579744,rs2426215,0.163
20,49583367,rs6096210,20,49580970,rs6096205,0.181
20,49583367,rs6096210,20,49581710,rs6096207,0.998
20,49583367,rs6096210,20,49582436,rs6096208,0.998
20,49583367,rs6096210,20,49583367,rs6096210,1
20,49583367,rs6096210,20,49584936,rs60891371,0.994
20,49583367,rs6096210,20,49586239,rs6096212,0.958
20,49583367,rs6096210,20,49586965,rs2426220,0.135
20,49583367,rs6096210,20,49587726,rs2426221,0.138
20,49583367,rs6096210,20,49587963,rs2426222,0.137
20,49583367,rs6096210,20,49588672,rs6020871,0.133
20,49583367,rs6096210,20,49589170,rs2426224,0.154
20,49583367,rs6096210,20,49589689,rs73909853,0.944
20,49583367,rs6096210,20,49590950,rs80320028,0.944
20,49583367,rs6096210,20,49591657,rs2426226,0.134
