CHR_A,BP_A,SNP_A,CHR_B,BP_B,SNP_B,R2
20,60999737,rs35418657,20,60908892,rs71195444,0.083
20,60999737,rs35418657,20,60960876,rs73143407,0.119
20,60999737,rs35418657,20,60963055,rs911077,0.115
20,60999737,rs35418657,20,60963180,rs60801535,0.115
20,60999737,rs35418657,20,60968328,rs6089220,0.116
20,60999737,rs35418657,20,60971306,rs748036,0.116
20,60999737,rs35418657,20,60972074,rs6089358,0.116
20,60999737,rs35418657,20,60972433,rs11908394,0.116
20,60999737,rs35418657,20,60972881,rs11906036,0.116
20,60999737,rs35418657,20,60973327,rs113576910,0.105
20,60999737,rs35418657,20,60974356,rs11907913,0.116
20,60999737,rs35418657,20,60974604,rs142175373,0.114
20,60999737,rs35418657,20,60975481,rs73143441,0.116
20,60999737,rs35418657,20,60975510,rs73143443,0.116
20,60999737,rs35418657,20,60975754,rs6089222,0.116
20,60999737,rs35418657,20,60975839,rs4618131,0.116
20,60999737,rs35418657,20,60975899,rs6089360,0.116
20,60999737,rs35418657,20,60976032,rs1570026,0.116
20,60999737,rs35418657,20,60976510,rs73143450,0.116
20,60999737,rs35418657,20,60976524,rs6089361,0.116
20,60999737,rs35418657,20,60976638,rs73143451,0.116
20,60999737,rs35418657,20,60976768,rs73143455,0.116
20,60999737,rs35418657,20,60977095,rs6089223,0.116
20,60999737,rs35418657,20,60980470,rs6121573,0.148
20,60999737,rs35418657,20,60981348,rs8119392,0.117
20,60999737,rs35418657,20,60981483,rs11440841,0.116
20,60999737,rs35418657,20,60981492,rs10671674,0.117
20,60999737,rs35418657,20,60981622,rs8124324,0.117
20,60999737,rs35418657,20,60982024,rs146975578,0.118
20,60999737,rs35418657,20,60983266,rs11905234,0.123
20,60999737,rs35418657,20,60983651,rs6089363,0.123
20,60999737,rs35418657,20,60986249,chr20_60986249_A_G,0.2
20,60999737,rs35418657,20,60986958,rs6089364,0.097
20,60999737,rs35418657,20,60989365,rs3810553,0.076
20,60999737,rs35418657,20,60990075,rs911078,0.078
20,60999737,rs35418657,20,60990170,rs911079,0.077
20,60999737,rs35418657,20,60990606,rs3810554,0.078
20,60999737,rs35418657,20,60995266,rs2427326,0.209
20,60999737,rs35418657,20,60995588,rs2427327,0.211
20,60999737,rs35418657,20,60996110,rs11324173,0.215
20,60999737,rs35418657,20,60996484,rs6089226,0.214
20,60999737,rs35418657,20,60996967,rs6061524,0.216
20,60999737,rs35418657,20,60997330,rs12151878,0.216
20,60999737,rs35418657,20,60998473,rs2427329,0.2
20,60999737,rs35418657,20,60998495,rs13044047,0.367
20,60999737,rs35418657,20,60998681,rs13044431,0.175
20,60999737,rs35418657,20,60999737,rs35418657,1
20,60999737,rs35418657,20,60999763,rs2427331,0.172
20,60999737,rs35418657,20,60999816,rs2427332,0.193
20,60999737,rs35418657,20,60999841,rs2427333,0.192
20,60999737,rs35418657,20,60999872,chr20_60999873_G_INDEL,0.168
20,60999737,rs35418657,20,61000015,rs35974148,0.171
20,60999737,rs35418657,20,61000528,rs2427335,0.173
20,60999737,rs35418657,20,61000955,rs12480953,0.352
20,60999737,rs35418657,20,61001061,rs139135938,0.745
20,60999737,rs35418657,20,61001851,rs6121589,0.953
20,60999737,rs35418657,20,61002870,rs744534,0.128
20,60999737,rs35418657,20,61003031,rs744533,0.222
20,60999737,rs35418657,20,61003513,rs4925234,0.171
20,60999737,rs35418657,20,61003971,rs59731103,0.171
20,60999737,rs35418657,20,61004142,chr20_61004142_A_G,0.463
20,60999737,rs35418657,20,61004807,chr20_61004807_A_G,0.172
20,60999737,rs35418657,20,61005306,rs13044578,0.463
20,60999737,rs35418657,20,61005828,rs11908532,0.172
20,60999737,rs35418657,20,61005851,rs11908663,0.171
20,60999737,rs35418657,20,61006114,rs6089369,0.736
20,60999737,rs35418657,20,61006156,rs2427337,0.192
20,60999737,rs35418657,20,61006405,rs1109400,0.316
20,60999737,rs35418657,20,61007380,rs4925239,0.458
20,60999737,rs35418657,20,61007422,rs4925240,0.457
20,60999737,rs35418657,20,61008364,rs2427338,0.458
20,60999737,rs35418657,20,61008583,rs397745119,0.459
20,60999737,rs35418657,20,61008620,rs2427340,0.085
20,60999737,rs35418657,20,61008794,rs2427341,0.457
20,60999737,rs35418657,20,61009781,rs6089370,0.457
20,60999737,rs35418657,20,61009804,rs6142758,0.085
20,60999737,rs35418657,20,61010298,rs927136,0.457
20,60999737,rs35418657,20,61011303,rs6089371,0.457
20,60999737,rs35418657,20,61012280,rs911080,0.114
20,60999737,rs35418657,20,61012317,rs4404353,0.273
20,60999737,rs35418657,20,61013082,rs747338,0.168
20,60999737,rs35418657,20,61013686,rs56297319,0.324
20,60999737,rs35418657,20,61013746,rs55974965,0.324
20,60999737,rs35418657,20,61013789,rs2427343,0.412
20,60999737,rs35418657,20,61013955,rs2427344,0.455
20,60999737,rs35418657,20,61014066,rs58234346,0.324
20,60999737,rs35418657,20,61014202,rs8115536,0.324
20,60999737,rs35418657,20,61014364,rs8113921,0.324
20,60999737,rs35418657,20,61014436,chr20_61014436_C_T,0.323
20,60999737,rs35418657,20,61014490,rs6142760,0.323
20,60999737,rs35418657,20,61014681,rs1321353,0.168
20,60999737,rs35418657,20,61014767,rs11905355,0.323
20,60999737,rs35418657,20,61014853,rs11906647,0.322
20,60999737,rs35418657,20,61015135,rs58441612,0.321
20,60999737,rs35418657,20,61015240,rs34585497,0.453
20,60999737,rs35418657,20,61015611,rs2427345,0.564
20,60999737,rs35418657,20,61015819,rs6142761,0.322
20,60999737,rs35418657,20,61015976,rs6142762,0.322
20,60999737,rs35418657,20,61016279,rs6142763,0.32
20,60999737,rs35418657,20,61016476,rs6089227,0.454
20,60999737,rs35418657,20,61016822,rs73147307,0.322
20,60999737,rs35418657,20,61016965,rs6142764,0.322
20,60999737,rs35418657,20,61016998,rs6089374,0.914
20,60999737,rs35418657,20,61017081,rs2427347,0.453
20,60999737,rs35418657,20,61017262,rs10460672,0.122
20,60999737,rs35418657,20,61017288,rs6142765,0.322
20,60999737,rs35418657,20,61017654,rs6142648,0.122
20,60999737,rs35418657,20,61017815,rs6142649,0.123
20,60999737,rs35418657,20,61018265,rs6061531,0.058
20,60999737,rs35418657,20,61018416,rs6089375,0.271
20,60999737,rs35418657,20,61018417,rs2427349,0.137
20,60999737,rs35418657,20,61018522,rs4925182,0.059
20,60999737,rs35418657,20,61018541,rs6061532,0.059
20,60999737,rs35418657,20,61018970,rs6089376,0.229
20,60999737,rs35418657,20,61019137,rs2427350,0.115
20,60999737,rs35418657,20,61019219,rs7271053,0.229
20,60999737,rs35418657,20,61019224,rs7269516,0.229
20,60999737,rs35418657,20,61019372,rs7263141,0.23
20,60999737,rs35418657,20,61019386,rs6142766,0.23
20,60999737,rs35418657,20,61019392,rs2427351,0.058
20,60999737,rs35418657,20,61019771,rs6089377,0.227
20,60999737,rs35418657,20,61019981,rs6142767,0.228
20,60999737,rs35418657,20,61020076,rs6121594,0.227
20,60999737,rs35418657,20,61020145,rs4608599,0.228
20,60999737,rs35418657,20,61020194,rs4340607,0.227
20,60999737,rs35418657,20,61020232,rs4450699,0.227
20,60999737,rs35418657,20,61020348,rs2427352,0.115
20,60999737,rs35418657,20,61020408,rs4340608,0.227
20,60999737,rs35418657,20,61020456,rs4340609,0.227
20,60999737,rs35418657,20,61020458,rs4340610,0.227
20,60999737,rs35418657,20,61020548,rs4566438,0.227
20,60999737,rs35418657,20,61020863,rs2427353,0.117
20,60999737,rs35418657,20,61020942,rs6061533,0.227
20,60999737,rs35418657,20,61020954,rs6061534,0.227
20,60999737,rs35418657,20,61021139,rs6121595,0.226
20,60999737,rs35418657,20,61021397,rs76578974,0.058
20,60999737,rs35418657,20,61021425,rs77202174,0.058
20,60999737,rs35418657,20,61022082,rs13045237,0.417
20,60999737,rs35418657,20,61022329,rs76228488,0.058
20,60999737,rs35418657,20,61022337,rs55703464,0.057
20,60999737,rs35418657,20,61022351,rs6089229,0.114
20,60999737,rs35418657,20,61022377,rs56333948,0.058
20,60999737,rs35418657,20,61022398,rs6089378,0.113
20,60999737,rs35418657,20,61022636,rs4423679,0.116
20,60999737,rs35418657,20,61022814,rs2427354,0.116
20,60999737,rs35418657,20,61023620,rs6061535,0.115
20,60999737,rs35418657,20,61023662,rs57452309,0.056
20,60999737,rs35418657,20,61023736,rs8117570,0.115
20,60999737,rs35418657,20,61023855,rs1884827,0.115
20,60999737,rs35418657,20,61023986,rs6121598,0.087
20,60999737,rs35418657,20,61023988,rs6121599,0.087
20,60999737,rs35418657,20,61024062,chr20_61024062_C_T,0.115
20,60999737,rs35418657,20,61024277,rs6061536,0.055
20,60999737,rs35418657,20,61024498,rs6142769,0.222
20,60999737,rs35418657,20,61024609,rs6061538,0.115
20,60999737,rs35418657,20,61024676,rs6121601,0.115
20,60999737,rs35418657,20,61024744,rs6089379,0.115
20,60999737,rs35418657,20,61024752,rs6421435,0.115
20,60999737,rs35418657,20,61024753,rs6421436,0.115
20,60999737,rs35418657,20,61024780,rs8122582,0.055
20,60999737,rs35418657,20,61024823,rs6587235,0.116
20,60999737,rs35418657,20,61024851,rs4925241,0.054
20,60999737,rs35418657,20,61024901,rs6587236,0.223
20,60999737,rs35418657,20,61025159,rs2427357,0.115
20,60999737,rs35418657,20,61025704,rs73149227,0.109
20,60999737,rs35418657,20,61025954,rs6061540,0.173
20,60999737,rs35418657,20,61026074,rs4925243,0.115
20,60999737,rs35418657,20,61026090,rs4925183,0.114
20,60999737,rs35418657,20,61026106,rs4925244,0.114
20,60999737,rs35418657,20,61026751,rs56048559,0.091
20,60999737,rs35418657,20,61027180,rs145820684,0.118
20,60999737,rs35418657,20,61027854,rs4925245,0.118
20,60999737,rs35418657,20,61028348,rs34815246,0.117
20,60999737,rs35418657,20,61028447,rs35344568,0.114
20,60999737,rs35418657,20,61030580,rs2379120,0.129
20,61008583,rs397745119,20,60986249,chr20_60986249_A_G,0.08
20,61008583,rs397745119,20,60986958,rs6089364,0.103
20,61008583,rs397745119,20,60987390,rs6089365,0.064
20,61008583,rs397745119,20,60989365,rs3810553,0.18
20,61008583,rs397745119,20,60990075,rs911078,0.184
20,61008583,rs397745119,20,60990170,rs911079,0.183
20,61008583,rs397745119,20,60990606,rs3810554,0.183
20,61008583,rs397745119,20,60995266,rs2427326,0.237
20,61008583,rs397745119,20,60995588,rs2427327,0.238
20,61008583,rs397745119,20,60996110,rs11324173,0.24
20,61008583,rs397745119,20,60996484,rs6089226,0.243
20,61008583,rs397745119,20,60996967,rs6061524,0.245
20,61008583,rs397745119,20,60997330,rs12151878,0.232
20,61008583,rs397745119,20,60998473,rs2427329,0.3
20,61008583,rs397745119,20,60998495,rs13044047,0.265
20,61008583,rs397745119,20,60998681,rs13044431,0.255
20,61008583,rs397745119,20,60999562,rs2427330,0.129
20,61008583,rs397745119,20,60999737,rs35418657,0.459
20,61008583,rs397745119,20,60999816,rs2427332,0.408
20,61008583,rs397745119,20,60999841,rs2427333,0.405
20,61008583,rs397745119,20,61000955,rs12480953,0.164
20,61008583,rs397745119,20,61001061,rs139135938,0.62
20,61008583,rs397745119,20,61001851,rs6121589,0.474
20,61008583,rs397745119,20,61002870,rs744534,0.081
20,61008583,rs397745119,20,61003031,rs744533,0.211
20,61008583,rs397745119,20,61003453,rs6142754,0.099
20,61008583,rs397745119,20,61003513,rs4925234,0.372
20,61008583,rs397745119,20,61003592,rs4925235,0.073
20,61008583,rs397745119,20,61003725,rs4925236,0.073
20,61008583,rs397745119,20,61003971,rs59731103,0.372
20,61008583,rs397745119,20,61004142,chr20_61004142_A_G,0.244
20,61008583,rs397745119,20,61005306,rs13044578,0.245
20,61008583,rs397745119,20,61005711,rs74396943,0.074
20,61008583,rs397745119,20,61005802,rs34721158,0.073
20,61008583,rs397745119,20,61006114,rs6089369,0.626
20,61008583,rs397745119,20,61006155,rs75644120,0.074
20,61008583,rs397745119,20,61006405,rs1109400,0.145
20,61008583,rs397745119,20,61006564,rs4925238,0.074
20,61008583,rs397745119,20,61007380,rs4925239,0.999
20,61008583,rs397745119,20,61007422,rs4925240,0.999
20,61008583,rs397745119,20,61008364,rs2427338,1
20,61008583,rs397745119,20,61008537,rs2427339,0.157
20,61008583,rs397745119,20,61008583,rs397745119,1
20,61008583,rs397745119,20,61008620,rs2427340,0.37
20,61008583,rs397745119,20,61008794,rs2427341,1
20,61008583,rs397745119,20,61009518,rs74905758,0.075
20,61008583,rs397745119,20,61009521,rs139253501,0.157
20,61008583,rs397745119,20,61009781,rs6089370,0.999
20,61008583,rs397745119,20,61009804,rs6142758,0.371
20,61008583,rs397745119,20,61009829,rs74811773,0.075
20,61008583,rs397745119,20,61010298,rs927136,0.999
20,61008583,rs397745119,20,61010335,rs73145388,0.076
20,61008583,rs397745119,20,61011224,rs2379121,0.074
20,61008583,rs397745119,20,61011303,rs6089371,0.245
20,61008583,rs397745119,20,61011362,rs2890082,0.074
20,61008583,rs397745119,20,61011696,rs2427342,0.496
20,61008583,rs397745119,20,61012280,rs911080,0.237
20,61008583,rs397745119,20,61012317,rs4404353,0.349
20,61008583,rs397745119,20,61013082,rs747338,0.371
20,61008583,rs397745119,20,61013533,rs148423916,0.06
20,61008583,rs397745119,20,61013686,rs56297319,0.172
20,61008583,rs397745119,20,61013746,rs55974965,0.172
20,61008583,rs397745119,20,61013789,rs2427343,0.946
20,61008583,rs397745119,20,61013955,rs2427344,0.991
20,61008583,rs397745119,20,61014066,rs58234346,0.172
20,61008583,rs397745119,20,61014202,rs8115536,0.172
20,61008583,rs397745119,20,61014364,rs8113921,0.172
20,61008583,rs397745119,20,61014436,chr20_61014436_C_T,0.171
20,61008583,rs397745119,20,61014490,rs6142760,0.171
20,61008583,rs397745119,20,61014494,rs78359980,0.074
20,61008583,rs397745119,20,61014681,rs1321353,0.369
20,61008583,rs397745119,20,61014767,rs11905355,0.171
20,61008583,rs397745119,20,61014853,rs11906647,0.172
20,61008583,rs397745119,20,61015135,rs58441612,0.17
20,61008583,rs397745119,20,61015158,rs73145400,0.074
20,61008583,rs397745119,20,61015240,rs34585497,0.989
20,61008583,rs397745119,20,61015611,rs2427345,0.787
20,61008583,rs397745119,20,61015819,rs6142761,0.171
20,61008583,rs397745119,20,61015976,rs6142762,0.172
20,61008583,rs397745119,20,61016278,rs56013636,0.149
20,61008583,rs397745119,20,61016279,rs6142763,0.17
20,61008583,rs397745119,20,61016476,rs6089227,0.243
20,61008583,rs397745119,20,61016534,rs6061530,0.149
20,61008583,rs397745119,20,61016676,rs67203604,0.149
20,61008583,rs397745119,20,61016751,rs2427346,0.157
20,61008583,rs397745119,20,61016822,rs73147307,0.171
20,61008583,rs397745119,20,61016965,rs6142764,0.171
20,61008583,rs397745119,20,61016998,rs6089374,0.488
20,61008583,rs397745119,20,61017081,rs2427347,0.988
20,61008583,rs397745119,20,61017262,rs10460672,0.189
20,61008583,rs397745119,20,61017288,rs6142765,0.171
20,61008583,rs397745119,20,61017654,rs6142648,0.188
20,61008583,rs397745119,20,61017815,rs6142649,0.187
20,61008583,rs397745119,20,61018265,rs6061531,0.206
20,61008583,rs397745119,20,61018416,rs6089375,0.051
20,61008583,rs397745119,20,61018417,rs2427349,0.332
20,61008583,rs397745119,20,61018522,rs4925182,0.206
20,61008583,rs397745119,20,61018541,rs6061532,0.206
20,61008583,rs397745119,20,61019137,rs2427350,0.263
20,61008583,rs397745119,20,61019392,rs2427351,0.205
20,61008583,rs397745119,20,61020348,rs2427352,0.26
20,61008583,rs397745119,20,61020863,rs2427353,0.247
20,61008583,rs397745119,20,61021167,rs11697783,0.221
20,61008583,rs397745119,20,61021397,rs76578974,0.203
20,61008583,rs397745119,20,61021425,rs77202174,0.204
20,61008583,rs397745119,20,61022082,rs13045237,0.222
20,61008583,rs397745119,20,61022329,rs76228488,0.203
20,61008583,rs397745119,20,61022337,rs55703464,0.204
20,61008583,rs397745119,20,61022351,rs6089229,0.257
20,61008583,rs397745119,20,61022377,rs56333948,0.202
20,61008583,rs397745119,20,61022398,rs6089378,0.256
20,61008583,rs397745119,20,61022554,rs56329229,0.13
20,61008583,rs397745119,20,61022636,rs4423679,0.248
20,61008583,rs397745119,20,61022814,rs2427354,0.248
20,61008583,rs397745119,20,61023620,rs6061535,0.246
20,61008583,rs397745119,20,61023662,rs57452309,0.199
20,61008583,rs397745119,20,61023736,rs8117570,0.248
20,61008583,rs397745119,20,61023855,rs1884827,0.246
20,61008583,rs397745119,20,61023986,rs6121598,0.187
20,61008583,rs397745119,20,61023988,rs6121599,0.187
20,61008583,rs397745119,20,61024062,chr20_61024062_C_T,0.246
20,61008583,rs397745119,20,61024277,rs6061536,0.199
20,61008583,rs397745119,20,61024609,rs6061538,0.245
20,61008583,rs397745119,20,61024676,rs6121601,0.246
20,61008583,rs397745119,20,61024744,rs6089379,0.245
20,61008583,rs397745119,20,61024752,rs6421435,0.246
20,61008583,rs397745119,20,61024753,rs6421436,0.246
20,61008583,rs397745119,20,61024780,rs8122582,0.198
20,61008583,rs397745119,20,61024823,rs6587235,0.248
20,61008583,rs397745119,20,61024851,rs4925241,0.198
20,61008583,rs397745119,20,61025071,rs73303261,0.114
20,61008583,rs397745119,20,61025153,rs2427356,0.116
20,61008583,rs397745119,20,61025159,rs2427357,0.247
20,61008583,rs397745119,20,61025654,rs4925242,0.072
20,61008583,rs397745119,20,61025704,rs73149227,0.173
20,61008583,rs397745119,20,61025954,rs6061540,0.085
20,61008583,rs397745119,20,61026003,rs140076166,0.116
20,61008583,rs397745119,20,61026074,rs4925243,0.239
20,61008583,rs397745119,20,61026090,rs4925183,0.24
20,61008583,rs397745119,20,61026106,rs4925244,0.238
20,61008583,rs397745119,20,61026751,rs56048559,0.182
20,61008583,rs397745119,20,61027180,rs145820684,0.075
20,61008583,rs397745119,20,61027279,rs80043348,0.062
20,61008583,rs397745119,20,61027854,rs4925245,0.074
20,61008583,rs397745119,20,61028348,rs34815246,0.076
20,61008583,rs397745119,20,61028447,rs35344568,0.073
20,61008583,rs397745119,20,61028587,rs8118299,0.123
20,61008583,rs397745119,20,61028631,rs8122791,0.112
20,61008583,rs397745119,20,61028986,rs932570,0.088
20,61008583,rs397745119,20,61030580,rs2379120,0.207
20,61008583,rs397745119,20,61031708,rs6061545,0.054
20,61008583,rs397745119,20,61054977,rs6089391,0.077
20,61008583,rs397745119,20,61055369,chr20_61055369_A_INDEL,0.076
20,61008583,rs397745119,20,61055370,rs34309599,0.076
20,61008583,rs397745119,20,61056050,rs4925185,0.076
20,61008583,rs397745119,20,61059039,rs6089392,0.087
20,61008583,rs397745119,20,61059730,rs6061559,0.086
20,61008583,rs397745119,20,61060504,rs4074349,0.081
20,61008583,rs397745119,20,61060726,rs4428086,0.087
20,61008583,rs397745119,20,61060934,rs4514955,0.095
20,61008583,rs397745119,20,61060986,rs6121406,0.095
20,61008583,rs397745119,20,61064475,rs4925247,0.094
20,61008583,rs397745119,20,61065616,rs7264154,0.068
20,61015611,rs2427345,20,60960876,rs73143407,0.062
20,61015611,rs2427345,20,60963055,rs911077,0.059
20,61015611,rs2427345,20,60963180,rs60801535,0.059
20,61015611,rs2427345,20,60968328,rs6089220,0.059
20,61015611,rs2427345,20,60971306,rs748036,0.059
20,61015611,rs2427345,20,60972074,rs6089358,0.059
20,61015611,rs2427345,20,60972433,rs11908394,0.059
20,61015611,rs2427345,20,60972881,rs11906036,0.059
20,61015611,rs2427345,20,60974356,rs11907913,0.059
20,61015611,rs2427345,20,60974604,rs142175373,0.058
20,61015611,rs2427345,20,60975481,rs73143441,0.059
20,61015611,rs2427345,20,60975510,rs73143443,0.059
20,61015611,rs2427345,20,60975754,rs6089222,0.059
20,61015611,rs2427345,20,60975839,rs4618131,0.059
20,61015611,rs2427345,20,60975899,rs6089360,0.059
20,61015611,rs2427345,20,60976032,rs1570026,0.059
20,61015611,rs2427345,20,60976510,rs73143450,0.059
20,61015611,rs2427345,20,60976524,rs6089361,0.059
20,61015611,rs2427345,20,60976638,rs73143451,0.059
20,61015611,rs2427345,20,60976768,rs73143455,0.06
20,61015611,rs2427345,20,60977095,rs6089223,0.059
20,61015611,rs2427345,20,60980470,rs6121573,0.072
20,61015611,rs2427345,20,60981348,rs8119392,0.059
20,61015611,rs2427345,20,60981483,rs11440841,0.058
20,61015611,rs2427345,20,60981492,rs10671674,0.059
20,61015611,rs2427345,20,60981622,rs8124324,0.06
20,61015611,rs2427345,20,60982024,rs146975578,0.06
20,61015611,rs2427345,20,60983266,rs11905234,0.063
20,61015611,rs2427345,20,60983651,rs6089363,0.063
20,61015611,rs2427345,20,60985721,rs6061519,0.053
20,61015611,rs2427345,20,60986249,chr20_60986249_A_G,0.106
20,61015611,rs2427345,20,60986958,rs6089364,0.16
20,61015611,rs2427345,20,60989365,rs3810553,0.134
20,61015611,rs2427345,20,60990075,rs911078,0.136
20,61015611,rs2427345,20,60990170,rs911079,0.135
20,61015611,rs2427345,20,60990606,rs3810554,0.136
20,61015611,rs2427345,20,60995266,rs2427326,0.173
20,61015611,rs2427345,20,60995588,rs2427327,0.174
20,61015611,rs2427345,20,60996110,rs11324173,0.177
20,61015611,rs2427345,20,60996484,rs6089226,0.177
20,61015611,rs2427345,20,60996967,rs6061524,0.178
20,61015611,rs2427345,20,60997330,rs12151878,0.284
20,61015611,rs2427345,20,60998473,rs2427329,0.228
20,61015611,rs2427345,20,60998495,rs13044047,0.325
20,61015611,rs2427345,20,60998681,rs13044431,0.186
20,61015611,rs2427345,20,60999562,rs2427330,0.067
20,61015611,rs2427345,20,60999737,rs35418657,0.564
20,61015611,rs2427345,20,60999816,rs2427332,0.322
20,61015611,rs2427345,20,60999841,rs2427333,0.32
20,61015611,rs2427345,20,61000955,rs12480953,0.205
20,61015611,rs2427345,20,61001061,rs139135938,0.409
20,61015611,rs2427345,20,61001851,rs6121589,0.583
20,61015611,rs2427345,20,61003031,rs744533,0.143
20,61015611,rs2427345,20,61003513,rs4925234,0.294
20,61015611,rs2427345,20,61003971,rs59731103,0.294
20,61015611,rs2427345,20,61004142,chr20_61004142_A_G,0.297
20,61015611,rs2427345,20,61005306,rs13044578,0.298
20,61015611,rs2427345,20,61006114,rs6089369,0.414
20,61015611,rs2427345,20,61006405,rs1109400,0.184
20,61015611,rs2427345,20,61007380,rs4925239,0.787
20,61015611,rs2427345,20,61007422,rs4925240,0.787
20,61015611,rs2427345,20,61008364,rs2427338,0.788
20,61015611,rs2427345,20,61008537,rs2427339,0.194
20,61015611,rs2427345,20,61008583,rs397745119,0.787
20,61015611,rs2427345,20,61008620,rs2427340,0.462
20,61015611,rs2427345,20,61008794,rs2427341,0.788
20,61015611,rs2427345,20,61009521,rs139253501,0.195
20,61015611,rs2427345,20,61009781,rs6089370,0.789
20,61015611,rs2427345,20,61009804,rs6142758,0.464
20,61015611,rs2427345,20,61010298,rs927136,0.789
20,61015611,rs2427345,20,61010335,rs73145388,0.094
20,61015611,rs2427345,20,61011303,rs6089371,0.301
20,61015611,rs2427345,20,61011696,rs2427342,0.291
20,61015611,rs2427345,20,61012280,rs911080,0.186
20,61015611,rs2427345,20,61012317,rs4404353,0.149
20,61015611,rs2427345,20,61013082,rs747338,0.296
20,61015611,rs2427345,20,61013533,rs148423916,0.075
20,61015611,rs2427345,20,61013686,rs56297319,0.218
20,61015611,rs2427345,20,61013746,rs55974965,0.218
20,61015611,rs2427345,20,61013789,rs2427343,0.745
20,61015611,rs2427345,20,61013955,rs2427344,0.792
20,61015611,rs2427345,20,61014066,rs58234346,0.218
20,61015611,rs2427345,20,61014202,rs8115536,0.218
20,61015611,rs2427345,20,61014364,rs8113921,0.218
20,61015611,rs2427345,20,61014436,chr20_61014436_C_T,0.218
20,61015611,rs2427345,20,61014490,rs6142760,0.218
20,61015611,rs2427345,20,61014681,rs1321353,0.297
20,61015611,rs2427345,20,61014767,rs11905355,0.219
20,61015611,rs2427345,20,61014853,rs11906647,0.218
20,61015611,rs2427345,20,61015135,rs58441612,0.217
20,61015611,rs2427345,20,61015158,rs73145400,0.095
20,61015611,rs2427345,20,61015240,rs34585497,0.798
20,61015611,rs2427345,20,61015611,rs2427345,1
20,61015611,rs2427345,20,61015819,rs6142761,0.219
20,61015611,rs2427345,20,61015976,rs6142762,0.219
20,61015611,rs2427345,20,61016278,rs56013636,0.187
20,61015611,rs2427345,20,61016279,rs6142763,0.217
20,61015611,rs2427345,20,61016476,rs6089227,0.304
20,61015611,rs2427345,20,61016534,rs6061530,0.187
20,61015611,rs2427345,20,61016676,rs67203604,0.187
20,61015611,rs2427345,20,61016751,rs2427346,0.197
20,61015611,rs2427345,20,61016822,rs73147307,0.219
20,61015611,rs2427345,20,61016965,rs6142764,0.218
20,61015611,rs2427345,20,61016998,rs6089374,0.616
20,61015611,rs2427345,20,61017081,rs2427347,0.797
20,61015611,rs2427345,20,61017262,rs10460672,0.142
20,61015611,rs2427345,20,61017288,rs6142765,0.218
20,61015611,rs2427345,20,61017654,rs6142648,0.141
20,61015611,rs2427345,20,61017815,rs6142649,0.14
20,61015611,rs2427345,20,61018416,rs6089375,0.121
20,61015611,rs2427345,20,61018417,rs2427349,0.262
20,61015611,rs2427345,20,61018970,rs6089376,0.077
20,61015611,rs2427345,20,61019137,rs2427350,0.212
20,61015611,rs2427345,20,61019219,rs7271053,0.076
20,61015611,rs2427345,20,61019224,rs7269516,0.077
20,61015611,rs2427345,20,61019372,rs7263141,0.078
20,61015611,rs2427345,20,61019386,rs6142766,0.079
20,61015611,rs2427345,20,61019771,rs6089377,0.076
20,61015611,rs2427345,20,61019981,rs6142767,0.077
20,61015611,rs2427345,20,61020076,rs6121594,0.077
20,61015611,rs2427345,20,61020145,rs4608599,0.076
20,61015611,rs2427345,20,61020194,rs4340607,0.076
20,61015611,rs2427345,20,61020232,rs4450699,0.076
20,61015611,rs2427345,20,61020348,rs2427352,0.209
20,61015611,rs2427345,20,61020408,rs4340608,0.076
20,61015611,rs2427345,20,61020456,rs4340609,0.076
20,61015611,rs2427345,20,61020458,rs4340610,0.076
20,61015611,rs2427345,20,61020548,rs4566438,0.076
20,61015611,rs2427345,20,61020863,rs2427353,0.216
20,61015611,rs2427345,20,61020942,rs6061533,0.076
20,61015611,rs2427345,20,61020954,rs6061534,0.076
20,61015611,rs2427345,20,61021139,rs6121595,0.076
20,61015611,rs2427345,20,61022082,rs13045237,0.279
20,61015611,rs2427345,20,61022351,rs6089229,0.207
20,61015611,rs2427345,20,61022398,rs6089378,0.206
20,61015611,rs2427345,20,61022636,rs4423679,0.199
20,61015611,rs2427345,20,61022814,rs2427354,0.199
20,61015611,rs2427345,20,61023620,rs6061535,0.198
20,61015611,rs2427345,20,61023736,rs8117570,0.199
20,61015611,rs2427345,20,61023855,rs1884827,0.198
20,61015611,rs2427345,20,61023986,rs6121598,0.152
20,61015611,rs2427345,20,61023988,rs6121599,0.152
20,61015611,rs2427345,20,61024062,chr20_61024062_C_T,0.198
20,61015611,rs2427345,20,61024498,rs6142769,0.075
20,61015611,rs2427345,20,61024609,rs6061538,0.198
20,61015611,rs2427345,20,61024676,rs6121601,0.198
20,61015611,rs2427345,20,61024744,rs6089379,0.197
20,61015611,rs2427345,20,61024752,rs6421435,0.198
20,61015611,rs2427345,20,61024753,rs6421436,0.198
20,61015611,rs2427345,20,61024823,rs6587235,0.199
20,61015611,rs2427345,20,61024901,rs6587236,0.075
20,61015611,rs2427345,20,61025071,rs73303261,0.142
20,61015611,rs2427345,20,61025153,rs2427356,0.14
20,61015611,rs2427345,20,61025159,rs2427357,0.198
20,61015611,rs2427345,20,61025704,rs73149227,0.125
20,61015611,rs2427345,20,61025954,rs6061540,0.203
20,61015611,rs2427345,20,61026003,rs140076166,0.142
20,61015611,rs2427345,20,61026074,rs4925243,0.193
20,61015611,rs2427345,20,61026090,rs4925183,0.193
20,61015611,rs2427345,20,61026106,rs4925244,0.192
20,61015611,rs2427345,20,61026751,rs56048559,0.145
20,61015611,rs2427345,20,61027180,rs145820684,0.182
20,61015611,rs2427345,20,61027854,rs4925245,0.178
20,61015611,rs2427345,20,61028348,rs34815246,0.182
20,61015611,rs2427345,20,61028447,rs35344568,0.178
20,61015611,rs2427345,20,61028587,rs8118299,0.149
20,61015611,rs2427345,20,61028631,rs8122791,0.137
20,61015611,rs2427345,20,61030580,rs2379120,0.198
20,61015611,rs2427345,20,61039068,rs41284976,0.053
20,61015611,rs2427345,20,61054977,rs6089391,0.05
20,61015611,rs2427345,20,61059039,rs6089392,0.052
20,61015611,rs2427345,20,61059730,rs6061559,0.057
20,61015611,rs2427345,20,61060504,rs4074349,0.054
20,61015611,rs2427345,20,61060726,rs4428086,0.058
20,61015611,rs2427345,20,61060934,rs4514955,0.064
20,61015611,rs2427345,20,61060986,rs6121406,0.064
20,61015611,rs2427345,20,61064475,rs4925247,0.072
