CHR_A,BP_A,SNP_A,CHR_B,BP_B,SNP_B,R2
22,43500212,rs5759167,22,43186763,chr22_43186764_GTG_INDEL,0.062
22,43500212,rs5759167,22,43187900,rs5758943,0.079
22,43500212,rs5759167,22,43188180,rs4820483,0.062
22,43500212,rs5759167,22,43188611,rs5751371,0.062
22,43500212,rs5759167,22,43189080,rs9607948,0.063
22,43500212,rs5759167,22,43189445,rs9611902,0.063
22,43500212,rs5759167,22,43189832,rs9607949,0.063
22,43500212,rs5759167,22,43190649,rs1984476,0.064
22,43500212,rs5759167,22,43190817,chr22_43190817_C_T,0.083
22,43500212,rs5759167,22,43191319,rs5758944,0.083
22,43500212,rs5759167,22,43191368,rs9611904,0.063
22,43500212,rs5759167,22,43192480,rs9607952,0.083
22,43500212,rs5759167,22,43193323,chr22_43193323_C_T,0.063
22,43500212,rs5759167,22,43193915,rs1811846,0.083
22,43500212,rs5759167,22,43194273,rs1807591,0.062
22,43500212,rs5759167,22,43195147,chr22_43195147_C_T,0.063
22,43500212,rs5759167,22,43195296,rs5758948,0.082
22,43500212,rs5759167,22,43195671,chr22_43195671_A_T,0.063
22,43500212,rs5759167,22,43195697,chr22_43195697_A_G,0.083
22,43500212,rs5759167,22,43197034,chr22_43197034_A_G,0.064
22,43500212,rs5759167,22,43197859,rs3788596,0.081
22,43500212,rs5759167,22,43197897,rs3788597,0.078
22,43500212,rs5759167,22,43198259,chr22_43198259_G_T,0.082
22,43500212,rs5759167,22,43198295,rs2006040,0.062
22,43500212,rs5759167,22,43198836,rs2413721,0.062
22,43500212,rs5759167,22,43198934,rs2413722,0.062
22,43500212,rs5759167,22,43200220,rs2413723,0.063
22,43500212,rs5759167,22,43200448,rs2899363,0.063
22,43500212,rs5759167,22,43200456,rs2413724,0.062
22,43500212,rs5759167,22,43201210,rs4822200,0.064
22,43500212,rs5759167,22,43202337,rs5845562,0.062
22,43500212,rs5759167,22,43202339,rs2413725,0.062
22,43500212,rs5759167,22,43202340,rs2413726,0.063
22,43500212,rs5759167,22,43203137,rs738535,0.062
22,43500212,rs5759167,22,43206009,rs143503540,0.058
22,43500212,rs5759167,22,43206228,rs6002956,0.062
22,43500212,rs5759167,22,43206346,rs5751375,0.082
22,43500212,rs5759167,22,43206587,rs9611914,0.062
22,43500212,rs5759167,22,43206950,exm1614609,0.082
22,43500212,rs5759167,22,43211880,rs8139278,0.062
22,43500212,rs5759167,22,43212432,rs4820485,0.062
22,43500212,rs5759167,22,43212781,rs2024645,0.062
22,43500212,rs5759167,22,43213631,rs147339109,0.058
22,43500212,rs5759167,22,43214258,rs67071291,0.062
22,43500212,rs5759167,22,43214400,rs17409550,0.062
22,43500212,rs5759167,22,43215470,chr22_43215470_C_T,0.062
22,43500212,rs5759167,22,43215692,rs8141176,0.062
22,43500212,rs5759167,22,43216375,rs10585135,0.062
22,43500212,rs5759167,22,43216377,chr22_43216377_AT_INDEL,0.062
22,43500212,rs5759167,22,43216733,chr22_43216733_A_G,0.063
22,43500212,rs5759167,22,43217149,rs5758955,0.083
22,43500212,rs5759167,22,43217955,rs5758956,0.062
22,43500212,rs5759167,22,43218463,rs5758957,0.083
22,43500212,rs5759167,22,43219493,rs11272578,0.062
22,43500212,rs5759167,22,43219836,rs5751378,0.062
22,43500212,rs5759167,22,43219941,rs35192684,0.056
22,43500212,rs5759167,22,43220017,rs75606876,0.082
22,43500212,rs5759167,22,43222242,rs8140272,0.083
22,43500212,rs5759167,22,43223095,rs58711348,0.082
22,43500212,rs5759167,22,43225552,chr22_43225553_G_INDEL,0.063
22,43500212,rs5759167,22,43226278,rs34297921,0.083
22,43500212,rs5759167,22,43226599,rs5758965,0.054
22,43500212,rs5759167,22,43226912,rs1807592,0.062
22,43500212,rs5759167,22,43227272,rs4822201,0.083
22,43500212,rs5759167,22,43227867,rs5751380,0.063
22,43500212,rs5759167,22,43228345,rs5751381,0.063
22,43500212,rs5759167,22,43228789,rs5758968,0.063
22,43500212,rs5759167,22,43228969,rs5758969,0.063
22,43500212,rs5759167,22,43229848,rs5758970,0.062
22,43500212,rs5759167,22,43230140,chr22_43230140_C_G,0.063
22,43500212,rs5759167,22,43230627,rs5996242,0.084
22,43500212,rs5759167,22,43231986,22:43231986:CTTT:C,0.074
22,43500212,rs5759167,22,43232818,rs9607961,0.062
22,43500212,rs5759167,22,43232973,rs5758972,0.063
22,43500212,rs5759167,22,43233265,rs5758975,0.083
22,43500212,rs5759167,22,43233626,22:43233626:CAA:C,0.063
22,43500212,rs5759167,22,43235156,rs4822202,0.063
22,43500212,rs5759167,22,43235978,rs9611930,0.062
22,43500212,rs5759167,22,43236128,rs5758977,0.083
22,43500212,rs5759167,22,43236571,rs5751383,0.063
22,43500212,rs5759167,22,43237276,rs8136252,0.063
22,43500212,rs5759167,22,43237639,chr22_43237639_A_G,0.063
22,43500212,rs5759167,22,43238017,rs55825441,0.082
22,43500212,rs5759167,22,43238055,rs4820487,0.062
22,43500212,rs5759167,22,43240610,rs113706451,0.079
22,43500212,rs5759167,22,43240806,rs4822203,0.062
22,43500212,rs5759167,22,43241003,rs4820489,0.062
22,43500212,rs5759167,22,43241787,rs5751385,0.063
22,43500212,rs5759167,22,43241913,rs5758979,0.062
22,43500212,rs5759167,22,43242044,rs139642336,0.062
22,43500212,rs5759167,22,43243204,rs4820490,0.062
22,43500212,rs5759167,22,43243820,rs10636727,0.062
22,43500212,rs5759167,22,43243956,rs5758980,0.083
22,43500212,rs5759167,22,43244238,rs4822204,0.062
22,43500212,rs5759167,22,43244723,chr22_43244723_A_T,0.062
22,43500212,rs5759167,22,43245345,rs5751386,0.083
22,43500212,rs5759167,22,43245486,rs57340922,0.063
22,43500212,rs5759167,22,43245566,rs58141557,0.082
22,43500212,rs5759167,22,43246146,rs6002963,0.083
22,43500212,rs5759167,22,43246248,rs6002964,0.084
22,43500212,rs5759167,22,43246818,rs4822205,0.062
22,43500212,rs5759167,22,43248000,rs5758985,0.062
22,43500212,rs5759167,22,43248233,rs58166507,0.083
22,43500212,rs5759167,22,43248411,rs2899364,0.062
22,43500212,rs5759167,22,43249035,rs5758987,0.083
22,43500212,rs5759167,22,43249093,chr22_43249093_C_T,0.062
22,43500212,rs5759167,22,43250569,rs5758989,0.084
22,43500212,rs5759167,22,43250614,rs5751388,0.063
22,43500212,rs5759167,22,43250963,rs11397572,0.062
22,43500212,rs5759167,22,43252280,chr22_43252280_A_G,0.063
22,43500212,rs5759167,22,43253986,rs3046483,0.072
22,43500212,rs5759167,22,43255182,rs1983647,0.083
22,43500212,rs5759167,22,43255397,rs1983648,0.063
22,43500212,rs5759167,22,43255609,rs9607968,0.063
22,43500212,rs5759167,22,43256165,rs9607969,0.062
22,43500212,rs5759167,22,43256166,rs9607970,0.063
22,43500212,rs5759167,22,43257261,chr22_43257261_A_G,0.063
22,43500212,rs5759167,22,43257945,rs5758994,0.063
22,43500212,rs5759167,22,43259172,rs5758995,0.063
22,43500212,rs5759167,22,43259541,rs5751390,0.083
22,43500212,rs5759167,22,43259855,rs6002966,0.083
22,43500212,rs5759167,22,43260427,rs738536,0.063
22,43500212,rs5759167,22,43261065,rs4820491,0.062
22,43500212,rs5759167,22,43261223,rs4822208,0.062
22,43500212,rs5759167,22,43261499,chr22_43261499_A_G,0.062
22,43500212,rs5759167,22,43261694,rs5751392,0.063
22,43500212,rs5759167,22,43261816,22:43261816:TACCCTA:TACCCTAACCCTA,0.061
22,43500212,rs5759167,22,43262513,rs7287107,0.062
22,43500212,rs5759167,22,43262740,rs5758999,0.062
22,43500212,rs5759167,22,43262745,rs5759000,0.062
22,43500212,rs5759167,22,43264252,rs5751393,0.062
22,43500212,rs5759167,22,43264344,rs4822209,0.083
22,43500212,rs5759167,22,43264770,rs4822210,0.062
22,43500212,rs5759167,22,43264851,rs5759003,0.063
22,43500212,rs5759167,22,43265827,chr22_43265827_A_C,0.062
22,43500212,rs5759167,22,43266363,chr22_43266363_C_T,0.062
22,43500212,rs5759167,22,43266774,rs8569,0.062
22,43500212,rs5759167,22,43267336,rs3842298,0.063
22,43500212,rs5759167,22,43267831,rs4822211,0.062
22,43500212,rs5759167,22,43267873,rs4822212,0.083
22,43500212,rs5759167,22,43267941,rs147459930,0.085
22,43500212,rs5759167,22,43268009,rs13433641,0.062
22,43500212,rs5759167,22,43268502,chr22_43268502_A_G,0.062
22,43500212,rs5759167,22,43269547,rs2267461,0.062
22,43500212,rs5759167,22,43270440,chr22_43270440_A_C,0.062
22,43500212,rs5759167,22,43270819,chr22_43270819_A_G,0.062
22,43500212,rs5759167,22,43270877,rs2092665,0.051
22,43500212,rs5759167,22,43270879,rs2092666,0.051
22,43500212,rs5759167,22,43271078,rs2006042,0.082
22,43500212,rs5759167,22,43271158,rs34029113,0.062
22,43500212,rs5759167,22,43271171,rs2007395,0.062
22,43500212,rs5759167,22,43271504,rs2284091,0.083
22,43500212,rs5759167,22,43271547,rs35155364,0.058
22,43500212,rs5759167,22,43271804,rs11316887,0.062
22,43500212,rs5759167,22,43272085,chr22_43272085_C_G,0.062
22,43500212,rs5759167,22,43272792,rs5751397,0.062
22,43500212,rs5759167,22,43272830,rs35041824,0.062
22,43500212,rs5759167,22,43273740,rs5759006,0.062
22,43500212,rs5759167,22,43273891,rs4822215,0.062
22,43500212,rs5759167,22,43274283,rs5759007,0.062
22,43500212,rs5759167,22,43274367,chr22_43274367_A_T,0.083
22,43500212,rs5759167,22,43274722,rs9611950,0.062
22,43500212,rs5759167,22,43274772,rs9611951,0.062
22,43500212,rs5759167,22,43274889,rs9611952,0.063
22,43500212,rs5759167,22,43275250,chr22_43275250_A_G,0.082
22,43500212,rs5759167,22,43275968,rs8141676,0.061
22,43500212,rs5759167,22,43276030,chr22_43276030_A_C,0.063
22,43500212,rs5759167,22,43276829,chr22_43276829_G_INDEL,0.062
22,43500212,rs5759167,22,43277147,chr22_43277147_A_G,0.062
22,43500212,rs5759167,22,43277922,rs738537,0.062
22,43500212,rs5759167,22,43278162,chr22_43278162_C_T,0.063
22,43500212,rs5759167,22,43278220,rs2899365,0.062
22,43500212,rs5759167,22,43279282,chr22_43279282_A_G,0.061
22,43500212,rs5759167,22,43279807,rs4822219,0.075
22,43500212,rs5759167,22,43280650,rs2273143,0.084
22,43500212,rs5759167,22,43281581,rs4820493,0.062
22,43500212,rs5759167,22,43281879,rs738538,0.063
22,43500212,rs5759167,22,43282457,rs138304512,0.06
22,43500212,rs5759167,22,43282801,chr22_43282801_A_C,0.087
22,43500212,rs5759167,22,43283255,chr22_43283255_A_C,0.063
22,43500212,rs5759167,22,43283262,rs4374465,0.061
22,43500212,rs5759167,22,43283989,rs9611954,0.062
22,43500212,rs5759167,22,43284334,rs9607978,0.062
22,43500212,rs5759167,22,43285309,chr22_43285309_C_T,0.062
22,43500212,rs5759167,22,43285378,chr22_43285378_INDEL_TACACACACACA,0.062
22,43500212,rs5759167,22,43285922,chr22_43285922_C_T,0.062
22,43500212,rs5759167,22,43286876,chr22_43286876_A_G,0.062
22,43500212,rs5759167,22,43287290,chr22_43287290_A_G,0.062
22,43500212,rs5759167,22,43289473,rs5759013,0.062
22,43500212,rs5759167,22,43290256,rs59685568,0.051
22,43500212,rs5759167,22,43290583,chr22_43290583_C_T,0.062
22,43500212,rs5759167,22,43291095,chr22_43291095_C_T,0.062
22,43500212,rs5759167,22,43291529,rs5759015,0.062
22,43500212,rs5759167,22,43292114,chr22_43292114_A_G,0.082
22,43500212,rs5759167,22,43292380,rs2413728,0.06
22,43500212,rs5759167,22,43292388,rs2413729,0.06
22,43500212,rs5759167,22,43292392,rs2413730,0.06
22,43500212,rs5759167,22,43292632,rs4588289,0.062
22,43500212,rs5759167,22,43294744,chr22_43294744_C_T,0.062
22,43500212,rs5759167,22,43295268,rs875629,0.062
22,43500212,rs5759167,22,43295271,rs738397,0.082
22,43500212,rs5759167,22,43296051,chr22_43296051_G_T,0.061
22,43500212,rs5759167,22,43296317,chr22_43296317_C_T,0.062
22,43500212,rs5759167,22,43296324,chr22_43296324_A_C,0.08
22,43500212,rs5759167,22,43296474,chr22_43296474_A_T,0.062
22,43500212,rs5759167,22,43297397,chr22_43297397_A_G,0.062
22,43500212,rs5759167,22,43297421,rs5996246,0.081
22,43500212,rs5759167,22,43297680,chr22_43297680_C_T,0.061
22,43500212,rs5759167,22,43298646,rs2267464,0.081
22,43500212,rs5759167,22,43298697,rs4822224,0.062
22,43500212,rs5759167,22,43298810,rs5759019,0.061
22,43500212,rs5759167,22,43299294,chr22_43299294_A_T,0.062
22,43500212,rs5759167,22,43299710,chr22_43299710_C_T,0.082
22,43500212,rs5759167,22,43300723,rs5845570,0.062
22,43500212,rs5759167,22,43301900,chr22_43301900_A_C,0.081
22,43500212,rs5759167,22,43303417,chr22_43303417_G_T,0.062
22,43500212,rs5759167,22,43303687,chr22_43303687_A_G,0.061
22,43500212,rs5759167,22,43304375,rs34799087,0.055
22,43500212,rs5759167,22,43305861,rs4820494,0.062
22,43500212,rs5759167,22,43308526,chr22_43308526_G_T,0.061
22,43500212,rs5759167,22,43309509,chr22_43309509_A_G,0.061
22,43500212,rs5759167,22,43310652,rs4822225,0.082
22,43500212,rs5759167,22,43311010,rs2267473,0.062
22,43500212,rs5759167,22,43311523,chr22_43311523_A_G,0.061
22,43500212,rs5759167,22,43312615,chr22_43312615_C_T,0.061
22,43500212,rs5759167,22,43312925,rs5759032,0.06
22,43500212,rs5759167,22,43315393,chr22_43315393_C_T,0.062
22,43500212,rs5759167,22,43315628,rs1807567,0.061
22,43500212,rs5759167,22,43315771,rs1807568,0.082
22,43500212,rs5759167,22,43315802,22:43315802:AAG:A,0.059
22,43500212,rs5759167,22,43316145,rs8135794,0.062
22,43500212,rs5759167,22,43316232,chr22_43316232_A_G,0.061
22,43500212,rs5759167,22,43316667,rs7364152,0.082
22,43500212,rs5759167,22,43317129,rs2413735,0.061
22,43500212,rs5759167,22,43317568,chr22_43317568_A_C,0.061
22,43500212,rs5759167,22,43317899,rs4822227,0.061
22,43500212,rs5759167,22,43318418,rs67887881,0.061
22,43500212,rs5759167,22,43318648,rs2092209,0.061
22,43500212,rs5759167,22,43318700,chr22_43318700_A_G,0.061
22,43500212,rs5759167,22,43318765,rs2092211,0.082
22,43500212,rs5759167,22,43318948,rs2092212,0.06
22,43500212,rs5759167,22,43319158,chr22_43319158_C_T,0.061
22,43500212,rs5759167,22,43319320,rs738385,0.061
22,43500212,rs5759167,22,43319527,rs1807569,0.062
22,43500212,rs5759167,22,43319558,rs1807570,0.061
22,43500212,rs5759167,22,43319703,rs8141945,0.061
22,43500212,rs5759167,22,43320216,rs4822228,0.082
22,43500212,rs5759167,22,43320301,chr22_43320301_A_G,0.081
22,43500212,rs5759167,22,43323582,rs8136052,0.06
22,43500212,rs5759167,22,43324183,rs5759042,0.061
22,43500212,rs5759167,22,43324565,chr22_43324565_A_G,0.061
22,43500212,rs5759167,22,43324762,rs9611968,0.061
22,43500212,rs5759167,22,43325269,rs2284092,0.055
22,43500212,rs5759167,22,43325774,rs4820497,0.081
22,43500212,rs5759167,22,43326110,chr22_43326110_C_T,0.061
22,43500212,rs5759167,22,43326807,rs4822232,0.081
22,43500212,rs5759167,22,43327316,chr22_43327316_C_T,0.081
22,43500212,rs5759167,22,43327526,chr22_43327526_C_T,0.082
22,43500212,rs5759167,22,43327579,rs3827362,0.081
22,43500212,rs5759167,22,43327581,chr22_43327581_G_T,0.061
22,43500212,rs5759167,22,43327587,chr22_43327587_A_G,0.081
22,43500212,rs5759167,22,43328419,chr22_43328419_A_G,0.081
22,43500212,rs5759167,22,43329819,chr22_43329819_A_G,0.08
22,43500212,rs5759167,22,43330905,rs5845571,0.062
22,43500212,rs5759167,22,43332221,rs5845572,0.054
22,43500212,rs5759167,22,43332516,chr22_43332516_C_T,0.094
22,43500212,rs5759167,22,43333427,chr22_43333427_C_T,0.093
22,43500212,rs5759167,22,43334295,rs2038058,0.094
22,43500212,rs5759167,22,43334398,rs2038059,0.095
22,43500212,rs5759167,22,43334574,rs2267477,0.094
22,43500212,rs5759167,22,43336728,rs8138930,0.094
22,43500212,rs5759167,22,43337225,rs146523785,0.094
22,43500212,rs5759167,22,43338090,rs4822235,0.094
22,43500212,rs5759167,22,43338839,rs2413736,0.094
22,43500212,rs5759167,22,43339878,rs738391,0.095
22,43500212,rs5759167,22,43340279,rs738392,0.095
22,43500212,rs5759167,22,43340280,rs738393,0.095
22,43500212,rs5759167,22,43340912,rs2038060,0.094
22,43500212,rs5759167,22,43341102,rs77351629,0.081
22,43500212,rs5759167,22,43348699,rs5759055,0.095
22,43500212,rs5759167,22,43349699,rs1071961,0.094
22,43500212,rs5759167,22,43355167,chr22_43355167_A_G,0.094
22,43500212,rs5759167,22,43355256,chr22_43355256_C_T,0.094
22,43500212,rs5759167,22,43356130,chr22_43356130_A_C,0.094
22,43500212,rs5759167,22,43356311,chr22_43356311_C_T,0.094
22,43500212,rs5759167,22,43356442,chr22_43356442_G_T,0.095
22,43500212,rs5759167,22,43356499,rs7291153,0.094
22,43500212,rs5759167,22,43356699,chr22_43356699_A_G,0.094
22,43500212,rs5759167,22,43357379,rs5759058,0.094
22,43500212,rs5759167,22,43358088,chr22_43358088_A_G,0.094
22,43500212,rs5759167,22,43358189,rs3046541,0.099
22,43500212,rs5759167,22,43358492,chr22_43358492_A_G,0.094
22,43500212,rs5759167,22,43358737,rs5751404,0.094
22,43500212,rs5759167,22,43358784,rs71186552,0.058
22,43500212,rs5759167,22,43359130,chr22_43359130_C_T,0.094
22,43500212,rs5759167,22,43359261,chr22_43359261_A_G,0.094
22,43500212,rs5759167,22,43359448,rs1569510,0.095
22,43500212,rs5759167,22,43359852,rs5845574,0.095
22,43500212,rs5759167,22,43359942,rs3046542,0.095
22,43500212,rs5759167,22,43360424,rs34545773,0.074
22,43500212,rs5759167,22,43361079,chr22_43361079_A_G,0.094
22,43500212,rs5759167,22,43361143,rs2413737,0.094
22,43500212,rs5759167,22,43361804,chr22_43361804_C_T,0.094
22,43500212,rs5759167,22,43361928,rs55682747,0.094
22,43500212,rs5759167,22,43361946,rs141925739,0.094
22,43500212,rs5759167,22,43362976,chr22_43362976_C_T,0.094
22,43500212,rs5759167,22,43363119,rs11350719,0.094
22,43500212,rs5759167,22,43363122,rs56026835,0.094
22,43500212,rs5759167,22,43363195,chr22_43363195_C_G,0.094
22,43500212,rs5759167,22,43363889,rs2267481,0.094
22,43500212,rs5759167,22,43363923,chr22_43363923_A_G,0.094
22,43500212,rs5759167,22,43364634,rs11913527,0.094
22,43500212,rs5759167,22,43364655,rs4822237,0.094
22,43500212,rs5759167,22,43364795,rs4822238,0.096
22,43500212,rs5759167,22,43365928,rs11336459,0.095
22,43500212,rs5759167,22,43366296,chr22_43366296_A_G,0.094
22,43500212,rs5759167,22,43366896,rs738394,0.094
22,43500212,rs5759167,22,43367220,rs1807571,0.094
22,43500212,rs5759167,22,43367316,rs1807572,0.094
22,43500212,rs5759167,22,43367698,rs6002990,0.094
22,43500212,rs5759167,22,43367872,rs190506352,0.083
22,43500212,rs5759167,22,43368050,rs5751406,0.094
22,43500212,rs5759167,22,43368270,rs1807573,0.094
22,43500212,rs5759167,22,43369349,chr22_43369349_A_T,0.094
22,43500212,rs5759167,22,43369433,22:43369433:GTTTT:GTTT,0.094
22,43500212,rs5759167,22,43369766,chr22_43369766_C_T,0.094
22,43500212,rs5759167,22,43370260,chr22_43370260_C_G,0.093
22,43500212,rs5759167,22,43370549,chr22_43370549_A_G,0.093
22,43500212,rs5759167,22,43370791,rs738396,0.093
22,43500212,rs5759167,22,43371176,chr22_43371176_C_T,0.093
22,43500212,rs5759167,22,43371507,rs926353,0.093
22,43500212,rs5759167,22,43371628,rs60752002,0.093
22,43500212,rs5759167,22,43372799,rs5759067,0.093
22,43500212,rs5759167,22,43373570,chr22_43373570_A_C,0.092
22,43500212,rs5759167,22,43374807,chr22_43374807_C_G,0.094
22,43500212,rs5759167,22,43375439,rs4822242,0.094
22,43500212,rs5759167,22,43375700,rs5759069,0.095
22,43500212,rs5759167,22,43375701,rs5759070,0.094
22,43500212,rs5759167,22,43375950,rs5759071,0.094
22,43500212,rs5759167,22,43379373,rs4820500,0.095
22,43500212,rs5759167,22,43379970,rs57435157,0.09
22,43500212,rs5759167,22,43380548,chr22_43380548_C_G,0.094
22,43500212,rs5759167,22,43381288,rs2010366,0.074
22,43500212,rs5759167,22,43383503,rs4822243,0.095
22,43500212,rs5759167,22,43384017,rs2267486,0.096
22,43500212,rs5759167,22,43384892,rs58156104,0.097
22,43500212,rs5759167,22,43385508,rs11340150,0.094
22,43500212,rs5759167,22,43385873,rs72245261,0.072
22,43500212,rs5759167,22,43385996,rs8137128,0.094
22,43500212,rs5759167,22,43386003,rs8138151,0.094
22,43500212,rs5759167,22,43386021,rs146560838,0.096
22,43500212,rs5759167,22,43386147,rs5845577,0.096
22,43500212,rs5759167,22,43386691,chr22_43386691_C_G,0.096
22,43500212,rs5759167,22,43387645,chr22_43387645_C_T,0.096
22,43500212,rs5759167,22,43387695,chr22_43387695_G_T,0.096
22,43500212,rs5759167,22,43387711,rs972579,0.096
22,43500212,rs5759167,22,43387818,rs58208243,0.096
22,43500212,rs5759167,22,43387915,rs4820502,0.096
22,43500212,rs5759167,22,43389028,rs4822244,0.096
22,43500212,rs5759167,22,43389090,rs5759075,0.096
22,43500212,rs5759167,22,43389570,chr22_43389570_C_T,0.096
22,43500212,rs5759167,22,43390083,chr22_43390083_A_T,0.096
22,43500212,rs5759167,22,43391953,rs2284095,0.096
22,43500212,rs5759167,22,43392180,rs2284096,0.096
22,43500212,rs5759167,22,43392264,rs6002997,0.096
22,43500212,rs5759167,22,43392277,rs2899366,0.096
22,43500212,rs5759167,22,43392537,rs140591355,0.098
22,43500212,rs5759167,22,43393042,chr22_43393042_C_G,0.096
22,43500212,rs5759167,22,43393940,chr22_43393940_C_T,0.095
22,43500212,rs5759167,22,43393985,chr22_43393985_A_T,0.096
22,43500212,rs5759167,22,43397036,rs2413739,0.057
22,43500212,rs5759167,22,43397861,rs2038061,0.082
22,43500212,rs5759167,22,43397966,chr22_43397966_A_G,0.096
22,43500212,rs5759167,22,43398049,rs2256040,0.096
22,43500212,rs5759167,22,43398962,rs738378,0.096
22,43500212,rs5759167,22,43400006,rs2284097,0.096
22,43500212,rs5759167,22,43400329,chr22_43400329_C_T,0.095
22,43500212,rs5759167,22,43400764,chr22_43400764_A_C,0.096
22,43500212,rs5759167,22,43401079,chr22_43401079_A_G,0.096
22,43500212,rs5759167,22,43401772,rs2284098,0.096
22,43500212,rs5759167,22,43403290,rs4822247,0.096
22,43500212,rs5759167,22,43403379,rs4822248,0.096
22,43500212,rs5759167,22,43403506,rs4822249,0.096
22,43500212,rs5759167,22,43404107,chr22_43404107_C_T,0.095
22,43500212,rs5759167,22,43404429,rs5759084,0.096
22,43500212,rs5759167,22,43404537,rs5759085,0.096
22,43500212,rs5759167,22,43404929,chr22_43404929_C_G,0.096
22,43500212,rs5759167,22,43405016,chr22_43405017_A_INDEL,0.096
22,43500212,rs5759167,22,43405871,rs5759088,0.08
22,43500212,rs5759167,22,43406673,rs9623736,0.096
22,43500212,rs5759167,22,43406680,rs9623737,0.096
22,43500212,rs5759167,22,43407464,chr22_43407464_C_T,0.096
22,43500212,rs5759167,22,43407957,rs5996255,0.096
22,43500212,rs5759167,22,43408257,rs5751412,0.096
22,43500212,rs5759167,22,43408562,rs9611984,0.096
22,43500212,rs5759167,22,43409058,rs4822250,0.096
22,43500212,rs5759167,22,43409989,chr22_43409989_A_G,0.095
22,43500212,rs5759167,22,43410235,rs5759094,0.097
22,43500212,rs5759167,22,43410328,rs76947229,0.065
22,43500212,rs5759167,22,43410330,rs369679702,0.065
22,43500212,rs5759167,22,43410333,rs140488927,0.065
22,43500212,rs5759167,22,43410447,chr22_43410447_C_T,0.096
22,43500212,rs5759167,22,43411389,chr22_43411389_C_T,0.066
22,43500212,rs5759167,22,43411887,rs5759095,0.065
22,43500212,rs5759167,22,43412376,chr22_43412376_C_T,0.096
22,43500212,rs5759167,22,43412527,rs5751413,0.095
22,43500212,rs5759167,22,43414330,rs3091364,0.162
22,43500212,rs5759167,22,43415060,chr22_43415060_A_G,0.186
22,43500212,rs5759167,22,43415116,rs5759097,0.074
22,43500212,rs5759167,22,43415148,rs5759098,0.085
22,43500212,rs5759167,22,43415247,22:43415247:CAAAAAAAAA:C,0.178
22,43500212,rs5759167,22,43416866,rs2056948,0.089
22,43500212,rs5759167,22,43417799,rs7290324,0.189
22,43500212,rs5759167,22,43419325,chr22_43419325_A_C,0.224
22,43500212,rs5759167,22,43420666,rs6002998,0.224
22,43500212,rs5759167,22,43425824,rs6003000,0.116
22,43500212,rs5759167,22,43426188,rs5996257,0.116
22,43500212,rs5759167,22,43428373,rs5996260,0.227
22,43500212,rs5759167,22,43429150,rs6003003,0.054
22,43500212,rs5759167,22,43429540,rs34456283,0.227
22,43500212,rs5759167,22,43429725,rs6003005,0.054
22,43500212,rs5759167,22,43430792,rs5759106,0.229
22,43500212,rs5759167,22,43431970,rs28522522,0.178
22,43500212,rs5759167,22,43432031,rs28478477,0.065
22,43500212,rs5759167,22,43432205,rs5759107,0.091
22,43500212,rs5759167,22,43432319,rs2005983,0.229
22,43500212,rs5759167,22,43432826,chr22_43432826_A_G,0.184
22,43500212,rs5759167,22,43432865,rs5751417,0.091
22,43500212,rs5759167,22,43433100,rs9611990,0.067
22,43500212,rs5759167,22,43433873,rs60682269,0.208
22,43500212,rs5759167,22,43434028,rs1807717,0.23
22,43500212,rs5759167,22,43434284,rs1807724,0.209
22,43500212,rs5759167,22,43434300,22:43434300:CAAA:C,0.166
22,43500212,rs5759167,22,43434623,rs738382,0.092
22,43500212,rs5759167,22,43434943,rs148789007,0.067
22,43500212,rs5759167,22,43435668,rs2072883,0.23
22,43500212,rs5759167,22,43436055,rs9611991,0.067
22,43500212,rs5759167,22,43436594,rs4822254,0.093
22,43500212,rs5759167,22,43439074,rs3761468,0.051
22,43500212,rs5759167,22,43440761,rs149107910,0.067
22,43500212,rs5759167,22,43441628,rs58801561,0.051
22,43500212,rs5759167,22,43442599,rs5759111,0.09
22,43500212,rs5759167,22,43443952,chr22_43443952_C_G,0.224
22,43500212,rs5759167,22,43445572,rs5759116,0.05
22,43500212,rs5759167,22,43445797,rs60752792,0.079
22,43500212,rs5759167,22,43445826,rs5759117,0.051
22,43500212,rs5759167,22,43449508,chr22_43449508_C_T,0.092
22,43500212,rs5759167,22,43453650,rs5751422,0.05
22,43500212,rs5759167,22,43454455,rs5759124,0.051
22,43500212,rs5759167,22,43454707,rs9611992,0.071
22,43500212,rs5759167,22,43454753,rs2056949,0.11
22,43500212,rs5759167,22,43455592,rs17415203,0.071
22,43500212,rs5759167,22,43455665,rs5759126,0.256
22,43500212,rs5759167,22,43456512,chr22_43456512_G_INDEL,0.11
22,43500212,rs5759167,22,43456683,rs1040431,0.111
22,43500212,rs5759167,22,43457245,rs10641882,0.051
22,43500212,rs5759167,22,43458448,rs9623746,0.05
22,43500212,rs5759167,22,43458497,rs35579475,0.052
22,43500212,rs5759167,22,43459026,rs5759129,0.111
22,43500212,rs5759167,22,43459540,rs12169204,0.05
22,43500212,rs5759167,22,43461694,rs9611994,0.072
22,43500212,rs5759167,22,43462122,rs6003027,0.273
22,43500212,rs5759167,22,43462451,rs2235379,0.05
22,43500212,rs5759167,22,43466931,rs6003033,0.119
22,43500212,rs5759167,22,43467997,chr22_43467998_AT_INDEL,0.054
22,43500212,rs5759167,22,43468376,rs5996267,0.121
22,43500212,rs5759167,22,43468411,rs6003034,0.121
22,43500212,rs5759167,22,43468665,rs28599928,0.087
22,43500212,rs5759167,22,43468995,rs5759133,0.054
22,43500212,rs5759167,22,43469083,rs6003035,0.122
22,43500212,rs5759167,22,43469331,rs112733208,0.063
22,43500212,rs5759167,22,43469333,rs9611995,0.088
22,43500212,rs5759167,22,43469839,rs5759136,0.305
22,43500212,rs5759167,22,43469957,rs6003036,0.16
22,43500212,rs5759167,22,43470919,rs5996269,0.298
22,43500212,rs5759167,22,43471386,chr22_43471386_C_G,0.161
22,43500212,rs5759167,22,43471948,chr22_43471948_C_T,0.119
22,43500212,rs5759167,22,43472319,rs5759137,0.121
22,43500212,rs5759167,22,43472446,rs5759138,0.057
22,43500212,rs5759167,22,43472496,rs9608000,0.09
22,43500212,rs5759167,22,43472514,rs9611998,0.09
22,43500212,rs5759167,22,43472999,rs5759140,0.192
22,43500212,rs5759167,22,43473061,rs34180097,0.205
22,43500212,rs5759167,22,43473434,chr22_43473434_C_T,0.069
22,43500212,rs5759167,22,43473662,rs5759143,0.076
22,43500212,rs5759167,22,43474346,rs9306371,0.181
22,43500212,rs5759167,22,43474522,rs56050372,0.246
22,43500212,rs5759167,22,43475208,rs9623750,0.073
22,43500212,rs5759167,22,43475471,chr22_43475471_A_G,0.243
22,43500212,rs5759167,22,43475563,chr22_43475563_A_G,0.244
22,43500212,rs5759167,22,43476758,rs71284738,0.07
22,43500212,rs5759167,22,43477077,rs7287713,0.195
22,43500212,rs5759167,22,43477204,rs5759148,0.081
22,43500212,rs5759167,22,43477594,rs5751428,0.081
22,43500212,rs5759167,22,43477852,rs58743481,0.207
22,43500212,rs5759167,22,43478165,rs112916743,0.07
22,43500212,rs5759167,22,43478448,rs5759149,0.077
22,43500212,rs5759167,22,43478712,rs35857845,0.077
22,43500212,rs5759167,22,43479505,rs35106288,0.051
22,43500212,rs5759167,22,43479724,rs34455987,0.07
22,43500212,rs5759167,22,43480266,rs5759150,0.077
22,43500212,rs5759167,22,43480513,rs5759151,0.078
22,43500212,rs5759167,22,43480926,rs7286595,0.071
22,43500212,rs5759167,22,43482135,rs35869872,0.078
22,43500212,rs5759167,22,43482620,rs5751430,0.083
22,43500212,rs5759167,22,43483242,rs8141749,0.082
22,43500212,rs5759167,22,43484509,rs11310162,0.079
22,43500212,rs5759167,22,43485385,rs6003048,0.076
22,43500212,rs5759167,22,43485853,rs134989,0.076
22,43500212,rs5759167,22,43485898,rs5845580,0.085
22,43500212,rs5759167,22,43487260,rs5759157,0.086
22,43500212,rs5759167,22,43487687,rs66462153,0.05
22,43500212,rs5759167,22,43487965,rs134995,0.072
22,43500212,rs5759167,22,43488080,rs2179216,0.085
22,43500212,rs5759167,22,43488748,rs9612002,0.09
22,43500212,rs5759167,22,43489497,rs6003051,0.068
22,43500212,rs5759167,22,43489629,rs134997,0.085
22,43500212,rs5759167,22,43490634,chr22_43490634_A_G,0.067
22,43500212,rs5759167,22,43490840,rs134998,0.11
22,43500212,rs5759167,22,43490875,rs8142541,0.067
22,43500212,rs5759167,22,43491269,rs9612003,0.411
22,43500212,rs5759167,22,43491718,rs67346988,0.242
22,43500212,rs5759167,22,43492639,rs135001,0.202
22,43500212,rs5759167,22,43492962,rs135002,0.202
22,43500212,rs5759167,22,43493350,chr22_43493350_A_G,0.203
22,43500212,rs5759167,22,43493430,rs84434,0.203
22,43500212,rs5759167,22,43493649,rs135003,0.243
22,43500212,rs5759167,22,43493729,rs5759163,0.068
22,43500212,rs5759167,22,43493830,rs135004,0.089
22,43500212,rs5759167,22,43493956,rs135005,0.199
22,43500212,rs5759167,22,43494004,rs135006,0.244
22,43500212,rs5759167,22,43494072,rs5759165,0.068
22,43500212,rs5759167,22,43494731,chr22_43494731_A_G,0.077
22,43500212,rs5759167,22,43495739,rs135009,0.503
22,43500212,rs5759167,22,43495934,rs135010,0.217
22,43500212,rs5759167,22,43495989,rs9680838,0.238
22,43500212,rs5759167,22,43496495,rs5759166,0.095
22,43500212,rs5759167,22,43496836,chr22_43496837_A_INDEL,0.46
22,43500212,rs5759167,22,43496923,rs135013,0.459
22,43500212,rs5759167,22,43497898,chr22_43497898_A_G,0.438
22,43500212,rs5759167,22,43498114,chr22_43498114_A_G,0.065
22,43500212,rs5759167,22,43498161,rs135015,0.415
22,43500212,rs5759167,22,43498196,rs67856494,0.443
22,43500212,rs5759167,22,43498282,rs135017,0.571
22,43500212,rs5759167,22,43498826,rs61307529,0.88
22,43500212,rs5759167,22,43499032,rs9612006,0.653
22,43500212,rs5759167,22,43499144,rs9612008,0.649
22,43500212,rs5759167,22,43499263,rs113511744,0.072
22,43500212,rs5759167,22,43499451,chr22_43499451_C_T,0.072
22,43500212,rs5759167,22,43499703,rs6003061,0.072
22,43500212,rs5759167,22,43499741,chr22_43499741_A_G,0.072
22,43500212,rs5759167,22,43499899,chr22_43499899_C_T,0.072
22,43500212,rs5759167,22,43499972,chr22_43499972_G_T,0.072
22,43500212,rs5759167,22,43500212,rs5759167,1
22,43500212,rs5759167,22,43500435,chr22_43500435_A_G,0.175
22,43500212,rs5759167,22,43501620,chr22_43501620_C_T,0.056
22,43500212,rs5759167,22,43501819,rs738272,0.056
22,43500212,rs5759167,22,43503212,rs2413744,0.246
22,43500212,rs5759167,22,43503357,rs2008150,0.243
22,43500212,rs5759167,22,43503547,chr22_43503547_A_G,0.346
22,43500212,rs5759167,22,43503827,rs34369690,0.059
22,43500212,rs5759167,22,43503973,rs5759171,0.299
22,43500212,rs5759167,22,43504244,rs34118963,0.189
22,43500212,rs5759167,22,43504326,rs2413747,0.297
22,43500212,rs5759167,22,43504327,rs2899368,0.297
22,43500212,rs5759167,22,43504328,rs2899369,0.297
22,43500212,rs5759167,22,43504588,rs2013863,0.296
22,43500212,rs5759167,22,43505157,chr22_43505157_A_G,0.271
22,43500212,rs5759167,22,43506753,rs4988374,0.088
22,43500212,rs5759167,22,43508222,rs5751433,0.051
22,43500212,rs5759167,22,43509617,chr22_43509617_A_C,0.232
22,43500212,rs5759167,22,43510219,chr22_43510219_A_G,0.155
22,43500212,rs5759167,22,43513541,rs34026513,0.217
22,43500212,rs5759167,22,43517905,rs2003666,0.184
22,43500212,rs5759167,22,43519082,chr22_43519082_A_G,0.176
22,43500212,rs5759167,22,43522035,22:43522035:CTTT:C,0.176
22,43500212,rs5759167,22,43530700,chr22_43530700_C_G,0.175
22,43500212,rs5759167,22,43532104,rs13056312,0.175
22,43500212,rs5759167,22,43533360,rs2072852,0.053
22,43500212,rs5759167,22,43533427,rs2072854,0.065
22,43500212,rs5759167,22,43534794,chr22_43534794_C_T,0.051
22,43500212,rs5759167,22,43539431,rs13056026,0.164
22,43500212,rs5759167,22,43543954,chr22_43543954_C_G,0.115
22,43500212,rs5759167,22,43544282,rs138904,0.114
22,43500212,rs5759167,22,43545866,rs138906,0.159
22,43500212,rs5759167,22,43546013,rs138907,0.115
22,43500212,rs5759167,22,43548155,chr22_43548155_G_T,0.115
22,43500212,rs5759167,22,43549115,rs138177673,0.096
22,43500212,rs5759167,22,43549637,rs6003078,0.105
22,43500212,rs5759167,22,43549646,rs62234274,0.105
22,43500212,rs5759167,22,43549648,rs62232061,0.105
22,43500212,rs5759167,22,43549649,rs62232062,0.105
22,43500212,rs5759167,22,43549652,chr22_43549652_C_T,0.115
22,43500212,rs5759167,22,43549739,rs138909,0.114
22,43500212,rs5759167,22,43550055,chr22_43550055_C_T,0.092
22,43500212,rs5759167,22,43553417,rs138911,0.09
22,43500212,rs5759167,22,43555026,rs138913,0.074
22,43500212,rs5759167,22,43555194,rs3937387,0.11
22,43500212,rs5759167,22,43555921,rs138914,0.11
22,43500212,rs5759167,22,43556316,rs138915,0.09
22,43500212,rs5759167,22,43556922,chr22_43556922_C_G,0.109
22,43500212,rs5759167,22,43557492,rs105585,0.106
22,43500212,rs5759167,22,43557516,rs138916,0.108
22,43500212,rs5759167,22,43557748,rs138917,0.109
22,43500212,rs5759167,22,43558926,chr22_43558926_C_T,0.121
22,43500212,rs5759167,22,43559451,rs138918,0.106
22,43500212,rs5759167,22,43560112,chr22_43560112_G_T,0.121
22,43500212,rs5759167,22,43560309,rs10522794,0.124
22,43500212,rs5759167,22,43560430,rs80408,0.12
22,43500212,rs5759167,22,43560763,rs47341,0.104
22,43500212,rs5759167,22,43560966,chr22_43560966_C_T,0.119
22,43500212,rs5759167,22,43561385,rs25245,0.118
22,43500212,rs5759167,22,43561675,rs80411,0.093
22,43500212,rs5759167,22,43561803,rs138922,0.093
22,43500212,rs5759167,22,43561982,rs138923,0.094
22,43500212,rs5759167,22,43562115,rs67884203,0.094
22,43500212,rs5759167,22,43562195,rs138925,0.083
22,43500212,rs5759167,22,43562306,rs138926,0.092
22,43500212,rs5759167,22,43562381,rs138927,0.091
22,43500212,rs5759167,22,43562407,rs138928,0.093
22,43500212,rs5759167,22,43562439,rs138929,0.092
22,43500212,rs5759167,22,43562705,rs9463,0.078
22,43500212,rs5759167,22,43562829,rs47340,0.104
22,43500212,rs5759167,22,43563711,chr22_43563711_A_G,0.136
22,43500212,rs5759167,22,43564434,rs138930,0.114
22,43500212,rs5759167,22,43564963,rs138931,0.113
22,43500212,rs5759167,22,43565443,rs138932,0.07
22,43500212,rs5759167,22,43565855,chr22_43565855_C_T,0.068
22,43500212,rs5759167,22,43566924,rs138934,0.075
22,43500212,rs5759167,22,43567459,rs138935,0.069
22,43500212,rs5759167,22,43568060,rs138937,0.07
22,43500212,rs5759167,22,43569608,rs138938,0.071
22,43505695,rs4988366,22,43170109,rs11090118,0.071
22,43505695,rs4988366,22,43173922,rs9611895,0.051
22,43505695,rs4988366,22,43175057,rs9607946,0.051
22,43505695,rs4988366,22,43175286,rs9623696,0.071
22,43505695,rs4988366,22,43176357,rs11913658,0.072
22,43505695,rs4988366,22,43176623,rs9620095,0.073
22,43505695,rs4988366,22,43415581,chr22_43415581_C_T,0.069
22,43505695,rs4988366,22,43419773,rs4820504,0.07
22,43505695,rs4988366,22,43420500,rs11358026,0.073
22,43505695,rs4988366,22,43421869,rs35789713,0.075
22,43505695,rs4988366,22,43425718,rs13054282,0.074
22,43505695,rs4988366,22,43427776,chr22_43427776_A_G,0.074
22,43505695,rs4988366,22,43431936,rs35966396,0.074
22,43505695,rs4988366,22,43435575,rs60944727,0.069
22,43505695,rs4988366,22,43437067,rs4822255,0.067
22,43505695,rs4988366,22,43438972,rs34433001,0.068
22,43505695,rs4988366,22,43439262,rs17003459,0.068
22,43505695,rs4988366,22,43439544,rs68136203,0.068
22,43505695,rs4988366,22,43440253,rs34131658,0.063
22,43505695,rs4988366,22,43440260,chr22_43440260_AC_INDEL,0.062
22,43505695,rs4988366,22,43445607,rs34707208,0.064
22,43505695,rs4988366,22,43452960,rs35793811,0.067
22,43505695,rs4988366,22,43453003,rs62231641,0.067
22,43505695,rs4988366,22,43453412,rs4820505,0.076
22,43505695,rs4988366,22,43453958,rs117412408,0.065
22,43505695,rs4988366,22,43454722,rs3047282,0.076
22,43505695,rs4988366,22,43455531,rs1132079,0.076
22,43505695,rs4988366,22,43457453,rs36110290,0.076
22,43505695,rs4988366,22,43458806,rs13056252,0.076
22,43505695,rs4988366,22,43459123,rs2413743,0.076
22,43505695,rs4988366,22,43459846,rs1052160,0.076
22,43505695,rs4988366,22,43460459,rs4820506,0.076
22,43505695,rs4988366,22,43461275,rs13053142,0.076
22,43505695,rs4988366,22,43463110,chr22_43463110_A_C,0.075
22,43505695,rs4988366,22,43466916,rs35666922,0.093
22,43505695,rs4988366,22,43467434,rs13056847,0.094
22,43505695,rs4988366,22,43469331,rs112733208,0.057
22,43505695,rs4988366,22,43474125,chr22_43474125_A_C,0.081
22,43505695,rs4988366,22,43474678,chr22_43474678_C_T,0.091
22,43505695,rs4988366,22,43475208,rs9623750,0.062
22,43505695,rs4988366,22,43476352,chr22_43476352_C_T,0.089
22,43505695,rs4988366,22,43476758,rs71284738,0.07
22,43505695,rs4988366,22,43478165,rs112916743,0.07
22,43505695,rs4988366,22,43479505,rs35106288,0.081
22,43505695,rs4988366,22,43479724,rs34455987,0.069
22,43505695,rs4988366,22,43480926,rs7286595,0.069
22,43505695,rs4988366,22,43484509,rs11310162,0.082
22,43505695,rs4988366,22,43485385,rs6003048,0.08
22,43505695,rs4988366,22,43485853,rs134989,0.08
22,43505695,rs4988366,22,43487965,rs134995,0.072
22,43505695,rs4988366,22,43488080,rs2179216,0.073
22,43505695,rs4988366,22,43489629,rs134997,0.073
22,43505695,rs4988366,22,43490840,rs134998,0.064
22,43505695,rs4988366,22,43493830,rs135004,0.074
22,43505695,rs4988366,22,43494731,chr22_43494731_A_G,0.079
22,43505695,rs4988366,22,43497970,chr22_43497970_A_C,0.124
22,43505695,rs4988366,22,43499263,rs113511744,0.366
22,43505695,rs4988366,22,43499451,chr22_43499451_C_T,0.363
22,43505695,rs4988366,22,43499703,rs6003061,0.365
22,43505695,rs4988366,22,43499741,chr22_43499741_A_G,0.365
22,43505695,rs4988366,22,43499899,chr22_43499899_C_T,0.364
22,43505695,rs4988366,22,43499972,chr22_43499972_G_T,0.364
22,43505695,rs4988366,22,43500003,rs6003065,0.079
22,43505695,rs4988366,22,43501620,chr22_43501620_C_T,0.404
22,43505695,rs4988366,22,43501819,rs738272,0.422
22,43505695,rs4988366,22,43503547,chr22_43503547_A_G,0.167
22,43505695,rs4988366,22,43503827,rs34369690,0.07
22,43505695,rs4988366,22,43503973,rs5759171,0.169
22,43505695,rs4988366,22,43504244,rs34118963,0.055
22,43505695,rs4988366,22,43504326,rs2413747,0.169
22,43505695,rs4988366,22,43504327,rs2899368,0.169
22,43505695,rs4988366,22,43504328,rs2899369,0.17
22,43505695,rs4988366,22,43504556,rs12168319,0.973
22,43505695,rs4988366,22,43504588,rs2013863,0.17
22,43505695,rs4988366,22,43505157,chr22_43505157_A_G,0.064
22,43505695,rs4988366,22,43505444,rs4988364,0.992
22,43505695,rs4988366,22,43505695,rs4988366,1
22,43505695,rs4988366,22,43506265,chr22_43506265_A_T,0.241
22,43505695,rs4988366,22,43506635,rs4988372,0.978
22,43505695,rs4988366,22,43506753,rs4988374,0.41
22,43505695,rs4988366,22,43508222,rs5751433,0.103
22,43505695,rs4988366,22,43509617,chr22_43509617_A_C,0.056
22,43505695,rs4988366,22,43510219,chr22_43510219_A_G,0.205
22,43505695,rs4988366,22,43511825,rs5759173,0.057
22,43505695,rs4988366,22,43513156,rs5751435,0.955
22,43505695,rs4988366,22,43513541,rs34026513,0.071
22,43505695,rs4988366,22,43517905,rs2003666,0.067
22,43505695,rs4988366,22,43518275,rs742134,0.811
22,43505695,rs4988366,22,43518822,rs742136,0.815
22,43505695,rs4988366,22,43519082,chr22_43519082_A_G,0.063
22,43505695,rs4988366,22,43520258,rs4988417,0.822
22,43505695,rs4988366,22,43520263,chr22_43520263_A_G,0.266
22,43505695,rs4988366,22,43521950,rs9612011,0.713
22,43505695,rs4988366,22,43522035,22:43522035:CTTT:C,0.064
22,43505695,rs4988366,22,43522427,rs6003067,0.267
22,43505695,rs4988366,22,43523188,rs760699,0.818
22,43505695,rs4988366,22,43523921,rs4988434,0.825
22,43505695,rs4988366,22,43523991,rs2235316,0.262
22,43505695,rs4988366,22,43524000,rs2235317,0.262
22,43505695,rs4988366,22,43524487,chr22_43524488_CT_INDEL,0.26
22,43505695,rs4988366,22,43525176,rs909666,0.706
22,43505695,rs4988366,22,43526423,22:43526423:CTTTTTTTTTTTTTT:C,0.05
22,43505695,rs4988366,22,43526496,rs5759176,0.268
22,43505695,rs4988366,22,43526704,rs5759177,0.263
22,43505695,rs4988366,22,43528240,rs2245946,0.268
22,43505695,rs4988366,22,43528251,chr22_43528251_G_T,0.267
22,43505695,rs4988366,22,43528793,chr22_43528793_C_T,0.269
22,43505695,rs4988366,22,43528858,chr22_43528858_A_G,0.068
22,43505695,rs4988366,22,43529029,chr22_43529029_C_T,0.269
22,43505695,rs4988366,22,43529314,chr22_43529314_C_G,0.269
22,43505695,rs4988366,22,43529517,chr22_43529517_C_T,0.269
22,43505695,rs4988366,22,43530631,rs872842,0.825
22,43505695,rs4988366,22,43530700,chr22_43530700_C_G,0.063
22,43505695,rs4988366,22,43530982,rs2413748,0.826
22,43505695,rs4988366,22,43532104,rs13056312,0.064
22,43505695,rs4988366,22,43532156,rs909667,0.826
22,43505695,rs4988366,22,43533360,rs2072852,0.061
22,43505695,rs4988366,22,43533427,rs2072854,0.067
22,43505695,rs4988366,22,43533515,rs2072855,0.264
22,43505695,rs4988366,22,43534794,chr22_43534794_C_T,0.148
22,43505695,rs4988366,22,43538806,rs5759181,0.074
22,43505695,rs4988366,22,43539431,rs13056026,0.069
22,43505695,rs4988366,22,43539651,rs5759182,0.805
22,43505695,rs4988366,22,43540125,chr22_43540126_ATA_INDEL,0.238
22,43505695,rs4988366,22,43541173,rs926329,0.139
22,43505695,rs4988366,22,43544823,chr22_43544823_C_T,0.091
22,43505695,rs4988366,22,43545229,rs11395632,0.102
22,43505695,rs4988366,22,43548619,rs5759195,0.092
22,43505695,rs4988366,22,43549260,rs62234272,0.072
22,43505695,rs4988366,22,43550149,rs5759197,0.073
22,43505695,rs4988366,22,43550552,rs9333319,0.072
22,43505695,rs4988366,22,43551007,rs762959,0.073
22,43505695,rs4988366,22,43551052,chr22_43551052_C_T,0.072
22,43505695,rs4988366,22,43551513,rs5759199,0.073
22,43505695,rs4988366,22,43551836,rs2284099,0.073
22,43505695,rs4988366,22,43553830,rs2016151,0.056
22,43505695,rs4988366,22,43555590,rs8141880,0.065
22,43505695,rs4988366,22,43557859,rs2157248,0.053
22,43505695,rs4988366,22,43558972,rs6972,0.066
22,43505695,rs4988366,22,43559137,rs6973,0.067
22,43505695,rs4988366,22,43559737,rs1005658,0.054
22,43505695,rs4988366,22,43560962,rs1076922,0.053
22,43505695,rs4988366,22,43561919,rs2005138,0.066
22,43505695,rs4988366,22,43562247,chr22_43562247_C_T,0.196
22,43505695,rs4988366,22,43562382,rs5751443,0.074
22,43505695,rs4988366,22,43562434,rs5751444,0.075
22,43505695,rs4988366,22,43567158,chr22_43567159_AG_INDEL,0.067
22,43505695,rs4988366,22,43567279,rs62232065,0.067
22,43505695,rs4988366,22,43567545,chr22_43567545_A_T,0.067
22,43505695,rs4988366,22,43568512,chr22_43568512_C_T,0.056
22,43505695,rs4988366,22,43569302,rs8140960,0.062
22,43505695,rs4988366,22,43570068,rs762953,0.062
22,43505695,rs4988366,22,43570463,rs2269525,0.061
22,43505695,rs4988366,22,43570659,rs2269526,0.058
22,43518275,rs742134,22,43170109,rs11090118,0.069
22,43518275,rs742134,22,43175057,rs9607946,0.05
22,43518275,rs742134,22,43175286,rs9623696,0.069
22,43518275,rs742134,22,43176357,rs11913658,0.07
22,43518275,rs742134,22,43176623,rs9620095,0.071
22,43518275,rs742134,22,43415581,chr22_43415581_C_T,0.061
22,43518275,rs742134,22,43419773,rs4820504,0.062
22,43518275,rs742134,22,43420500,rs11358026,0.065
22,43518275,rs742134,22,43421869,rs35789713,0.067
22,43518275,rs742134,22,43425718,rs13054282,0.066
22,43518275,rs742134,22,43427776,chr22_43427776_A_G,0.066
22,43518275,rs742134,22,43431936,rs35966396,0.066
22,43518275,rs742134,22,43435575,rs60944727,0.061
22,43518275,rs742134,22,43437067,rs4822255,0.06
22,43518275,rs742134,22,43438972,rs34433001,0.06
22,43518275,rs742134,22,43439262,rs17003459,0.06
22,43518275,rs742134,22,43439544,rs68136203,0.06
22,43518275,rs742134,22,43440253,rs34131658,0.056
22,43518275,rs742134,22,43440260,chr22_43440260_AC_INDEL,0.055
22,43518275,rs742134,22,43445607,rs34707208,0.061
22,43518275,rs742134,22,43452960,rs35793811,0.06
22,43518275,rs742134,22,43453003,rs62231641,0.06
22,43518275,rs742134,22,43453412,rs4820505,0.068
22,43518275,rs742134,22,43453958,rs117412408,0.059
22,43518275,rs742134,22,43454722,rs3047282,0.068
22,43518275,rs742134,22,43455531,rs1132079,0.068
22,43518275,rs742134,22,43457453,rs36110290,0.068
22,43518275,rs742134,22,43458806,rs13056252,0.069
22,43518275,rs742134,22,43459123,rs2413743,0.068
22,43518275,rs742134,22,43459846,rs1052160,0.068
22,43518275,rs742134,22,43460459,rs4820506,0.069
22,43518275,rs742134,22,43461275,rs13053142,0.069
22,43518275,rs742134,22,43463110,chr22_43463110_A_C,0.068
22,43518275,rs742134,22,43466916,rs35666922,0.084
22,43518275,rs742134,22,43467434,rs13056847,0.085
22,43518275,rs742134,22,43469331,rs112733208,0.054
22,43518275,rs742134,22,43474125,chr22_43474125_A_C,0.076
22,43518275,rs742134,22,43474678,chr22_43474678_C_T,0.084
22,43518275,rs742134,22,43475208,rs9623750,0.058
22,43518275,rs742134,22,43476352,chr22_43476352_C_T,0.079
22,43518275,rs742134,22,43476758,rs71284738,0.065
22,43518275,rs742134,22,43478165,rs112916743,0.065
22,43518275,rs742134,22,43479505,rs35106288,0.076
22,43518275,rs742134,22,43479724,rs34455987,0.064
22,43518275,rs742134,22,43480926,rs7286595,0.065
22,43518275,rs742134,22,43484509,rs11310162,0.076
22,43518275,rs742134,22,43485385,rs6003048,0.075
22,43518275,rs742134,22,43485853,rs134989,0.075
22,43518275,rs742134,22,43487965,rs134995,0.067
22,43518275,rs742134,22,43488080,rs2179216,0.064
22,43518275,rs742134,22,43489629,rs134997,0.062
22,43518275,rs742134,22,43490840,rs134998,0.054
22,43518275,rs742134,22,43493830,rs135004,0.062
22,43518275,rs742134,22,43494731,chr22_43494731_A_G,0.067
22,43518275,rs742134,22,43497970,chr22_43497970_A_C,0.09
22,43518275,rs742134,22,43499263,rs113511744,0.307
22,43518275,rs742134,22,43499451,chr22_43499451_C_T,0.304
22,43518275,rs742134,22,43499703,rs6003061,0.306
22,43518275,rs742134,22,43499741,chr22_43499741_A_G,0.305
22,43518275,rs742134,22,43499899,chr22_43499899_C_T,0.305
22,43518275,rs742134,22,43499972,chr22_43499972_G_T,0.305
22,43518275,rs742134,22,43500003,rs6003065,0.061
22,43518275,rs742134,22,43501620,chr22_43501620_C_T,0.328
22,43518275,rs742134,22,43501819,rs738272,0.344
22,43518275,rs742134,22,43503547,chr22_43503547_A_G,0.123
22,43518275,rs742134,22,43503827,rs34369690,0.072
22,43518275,rs742134,22,43503973,rs5759171,0.125
22,43518275,rs742134,22,43504244,rs34118963,0.054
22,43518275,rs742134,22,43504326,rs2413747,0.125
22,43518275,rs742134,22,43504327,rs2899368,0.125
22,43518275,rs742134,22,43504328,rs2899369,0.125
22,43518275,rs742134,22,43504556,rs12168319,0.802
22,43518275,rs742134,22,43504588,rs2013863,0.125
22,43518275,rs742134,22,43505444,rs4988364,0.815
22,43518275,rs742134,22,43505695,rs4988366,0.811
22,43518275,rs742134,22,43506265,chr22_43506265_A_T,0.205
22,43518275,rs742134,22,43506635,rs4988372,0.822
22,43518275,rs742134,22,43506753,rs4988374,0.353
22,43518275,rs742134,22,43508222,rs5751433,0.104
22,43518275,rs742134,22,43510219,chr22_43510219_A_G,0.17
22,43518275,rs742134,22,43511825,rs5759173,0.056
22,43518275,rs742134,22,43513156,rs5751435,0.871
22,43518275,rs742134,22,43513541,rs34026513,0.053
22,43518275,rs742134,22,43517905,rs2003666,0.073
22,43518275,rs742134,22,43518275,rs742134,1
22,43518275,rs742134,22,43518822,rs742136,0.992
22,43518275,rs742134,22,43519082,chr22_43519082_A_G,0.07
22,43518275,rs742134,22,43520258,rs4988417,0.99
22,43518275,rs742134,22,43520263,chr22_43520263_A_G,0.301
22,43518275,rs742134,22,43521950,rs9612011,0.844
22,43518275,rs742134,22,43522035,22:43522035:CTTT:C,0.07
22,43518275,rs742134,22,43522427,rs6003067,0.301
22,43518275,rs742134,22,43523188,rs760699,0.977
22,43518275,rs742134,22,43523921,rs4988434,0.984
22,43518275,rs742134,22,43523991,rs2235316,0.294
22,43518275,rs742134,22,43524000,rs2235317,0.294
22,43518275,rs742134,22,43524487,chr22_43524488_CT_INDEL,0.292
22,43518275,rs742134,22,43525176,rs909666,0.831
22,43518275,rs742134,22,43526423,22:43526423:CTTTTTTTTTTTTTT:C,0.061
22,43518275,rs742134,22,43526496,rs5759176,0.3
22,43518275,rs742134,22,43526704,rs5759177,0.295
22,43518275,rs742134,22,43528240,rs2245946,0.301
22,43518275,rs742134,22,43528251,chr22_43528251_G_T,0.299
22,43518275,rs742134,22,43528793,chr22_43528793_C_T,0.302
22,43518275,rs742134,22,43528858,chr22_43528858_A_G,0.133
22,43518275,rs742134,22,43529029,chr22_43529029_C_T,0.302
22,43518275,rs742134,22,43529314,chr22_43529314_C_G,0.302
22,43518275,rs742134,22,43529517,chr22_43529517_C_T,0.302
22,43518275,rs742134,22,43530631,rs872842,0.968
22,43518275,rs742134,22,43530700,chr22_43530700_C_G,0.069
22,43518275,rs742134,22,43530982,rs2413748,0.969
22,43518275,rs742134,22,43532104,rs13056312,0.07
22,43518275,rs742134,22,43532156,rs909667,0.971
22,43518275,rs742134,22,43533360,rs2072852,0.079
22,43518275,rs742134,22,43533427,rs2072854,0.085
22,43518275,rs742134,22,43533515,rs2072855,0.313
22,43518275,rs742134,22,43534794,chr22_43534794_C_T,0.169
22,43518275,rs742134,22,43538806,rs5759181,0.093
22,43518275,rs742134,22,43539431,rs13056026,0.076
22,43518275,rs742134,22,43539651,rs5759182,0.946
22,43518275,rs742134,22,43540125,chr22_43540126_ATA_INDEL,0.268
22,43518275,rs742134,22,43541173,rs926329,0.158
22,43518275,rs742134,22,43544823,chr22_43544823_C_T,0.106
22,43518275,rs742134,22,43545229,rs11395632,0.12
22,43518275,rs742134,22,43548619,rs5759195,0.107
22,43518275,rs742134,22,43549260,rs62234272,0.085
22,43518275,rs742134,22,43550149,rs5759197,0.086
22,43518275,rs742134,22,43550552,rs9333319,0.085
22,43518275,rs742134,22,43551007,rs762959,0.086
22,43518275,rs742134,22,43551052,chr22_43551052_C_T,0.085
22,43518275,rs742134,22,43551513,rs5759199,0.086
22,43518275,rs742134,22,43551836,rs2284099,0.086
22,43518275,rs742134,22,43553830,rs2016151,0.06
22,43518275,rs742134,22,43555590,rs8141880,0.077
22,43518275,rs742134,22,43557859,rs2157248,0.066
22,43518275,rs742134,22,43558972,rs6972,0.083
22,43518275,rs742134,22,43559137,rs6973,0.084
22,43518275,rs742134,22,43559737,rs1005658,0.067
22,43518275,rs742134,22,43560962,rs1076922,0.066
22,43518275,rs742134,22,43561919,rs2005138,0.084
22,43518275,rs742134,22,43562247,chr22_43562247_C_T,0.208
22,43518275,rs742134,22,43562382,rs5751443,0.093
22,43518275,rs742134,22,43562434,rs5751444,0.093
22,43518275,rs742134,22,43567158,chr22_43567159_AG_INDEL,0.085
22,43518275,rs742134,22,43567279,rs62232065,0.085
22,43518275,rs742134,22,43567545,chr22_43567545_A_T,0.084
22,43518275,rs742134,22,43568512,chr22_43568512_C_T,0.07
22,43518275,rs742134,22,43569302,rs8140960,0.077
22,43518275,rs742134,22,43570068,rs762953,0.078
22,43518275,rs742134,22,43570463,rs2269525,0.076
22,43518275,rs742134,22,43570659,rs2269526,0.073
22,43525176,rs909666,22,43170109,rs11090118,0.076
22,43525176,rs909666,22,43173922,rs9611895,0.054
22,43525176,rs909666,22,43175057,rs9607946,0.054
22,43525176,rs909666,22,43175286,rs9623696,0.077
22,43525176,rs909666,22,43176357,rs11913658,0.078
22,43525176,rs909666,22,43176623,rs9620095,0.079
22,43525176,rs909666,22,43415424,rs3047271,0.054
22,43525176,rs909666,22,43420500,rs11358026,0.052
22,43525176,rs909666,22,43421869,rs35789713,0.052
22,43525176,rs909666,22,43425718,rs13054282,0.052
22,43525176,rs909666,22,43427776,chr22_43427776_A_G,0.052
22,43525176,rs909666,22,43431936,rs35966396,0.053
22,43525176,rs909666,22,43440253,rs34131658,0.054
22,43525176,rs909666,22,43440260,chr22_43440260_AC_INDEL,0.054
22,43525176,rs909666,22,43453412,rs4820505,0.056
22,43525176,rs909666,22,43454722,rs3047282,0.055
22,43525176,rs909666,22,43455531,rs1132079,0.056
22,43525176,rs909666,22,43457453,rs36110290,0.056
22,43525176,rs909666,22,43458806,rs13056252,0.056
22,43525176,rs909666,22,43459123,rs2413743,0.056
22,43525176,rs909666,22,43459846,rs1052160,0.056
22,43525176,rs909666,22,43460459,rs4820506,0.056
22,43525176,rs909666,22,43461275,rs13053142,0.056
22,43525176,rs909666,22,43463110,chr22_43463110_A_C,0.055
22,43525176,rs909666,22,43466916,rs35666922,0.069
22,43525176,rs909666,22,43467434,rs13056847,0.069
22,43525176,rs909666,22,43469331,rs112733208,0.071
22,43525176,rs909666,22,43474125,chr22_43474125_A_C,0.056
22,43525176,rs909666,22,43474678,chr22_43474678_C_T,0.07
22,43525176,rs909666,22,43476352,chr22_43476352_C_T,0.069
22,43525176,rs909666,22,43478165,rs112916743,0.05
22,43525176,rs909666,22,43479505,rs35106288,0.056
22,43525176,rs909666,22,43484509,rs11310162,0.056
22,43525176,rs909666,22,43485385,rs6003048,0.054
22,43525176,rs909666,22,43485853,rs134989,0.054
22,43525176,rs909666,22,43488080,rs2179216,0.055
22,43525176,rs909666,22,43497970,chr22_43497970_A_C,0.077
22,43525176,rs909666,22,43499263,rs113511744,0.261
22,43525176,rs909666,22,43499451,chr22_43499451_C_T,0.259
22,43525176,rs909666,22,43499703,rs6003061,0.26
22,43525176,rs909666,22,43499741,chr22_43499741_A_G,0.26
22,43525176,rs909666,22,43499899,chr22_43499899_C_T,0.259
22,43525176,rs909666,22,43499972,chr22_43499972_G_T,0.259
22,43525176,rs909666,22,43500003,rs6003065,0.104
22,43525176,rs909666,22,43501620,chr22_43501620_C_T,0.291
22,43525176,rs909666,22,43501819,rs738272,0.305
22,43525176,rs909666,22,43503547,chr22_43503547_A_G,0.084
22,43525176,rs909666,22,43503827,rs34369690,0.09
22,43525176,rs909666,22,43503973,rs5759171,0.083
22,43525176,rs909666,22,43504244,rs34118963,0.067
22,43525176,rs909666,22,43504326,rs2413747,0.083
22,43525176,rs909666,22,43504327,rs2899368,0.083
22,43525176,rs909666,22,43504328,rs2899369,0.084
22,43525176,rs909666,22,43504556,rs12168319,0.699
22,43525176,rs909666,22,43504588,rs2013863,0.084
22,43525176,rs909666,22,43505157,chr22_43505157_A_G,0.055
22,43525176,rs909666,22,43505444,rs4988364,0.71
22,43525176,rs909666,22,43505695,rs4988366,0.706
22,43525176,rs909666,22,43506265,chr22_43506265_A_T,0.246
22,43525176,rs909666,22,43506635,rs4988372,0.712
22,43525176,rs909666,22,43506753,rs4988374,0.286
22,43525176,rs909666,22,43508222,rs5751433,0.063
22,43525176,rs909666,22,43509617,chr22_43509617_A_C,0.054
22,43525176,rs909666,22,43510219,chr22_43510219_A_G,0.148
22,43525176,rs909666,22,43513156,rs5751435,0.748
22,43525176,rs909666,22,43513541,rs34026513,0.063
22,43525176,rs909666,22,43517905,rs2003666,0.085
22,43525176,rs909666,22,43518275,rs742134,0.831
22,43525176,rs909666,22,43518822,rs742136,0.836
22,43525176,rs909666,22,43519082,chr22_43519082_A_G,0.08
22,43525176,rs909666,22,43520258,rs4988417,0.843
22,43525176,rs909666,22,43520263,chr22_43520263_A_G,0.361
22,43525176,rs909666,22,43521950,rs9612011,0.991
22,43525176,rs909666,22,43522035,22:43522035:CTTT:C,0.083
22,43525176,rs909666,22,43522427,rs6003067,0.366
22,43525176,rs909666,22,43523188,rs760699,0.842
22,43525176,rs909666,22,43523921,rs4988434,0.85
22,43525176,rs909666,22,43523991,rs2235316,0.359
22,43525176,rs909666,22,43524000,rs2235317,0.359
22,43525176,rs909666,22,43524487,chr22_43524488_CT_INDEL,0.357
22,43525176,rs909666,22,43525176,rs909666,1
22,43525176,rs909666,22,43526423,22:43526423:CTTTTTTTTTTTTTT:C,0.074
22,43525176,rs909666,22,43526496,rs5759176,0.367
22,43525176,rs909666,22,43526704,rs5759177,0.361
22,43525176,rs909666,22,43528240,rs2245946,0.366
22,43525176,rs909666,22,43528251,chr22_43528251_G_T,0.365
22,43525176,rs909666,22,43528793,chr22_43528793_C_T,0.361
22,43525176,rs909666,22,43528858,chr22_43528858_A_G,0.115
22,43525176,rs909666,22,43529029,chr22_43529029_C_T,0.362
22,43525176,rs909666,22,43529314,chr22_43529314_C_G,0.361
22,43525176,rs909666,22,43529517,chr22_43529517_C_T,0.362
22,43525176,rs909666,22,43530631,rs872842,0.85
22,43525176,rs909666,22,43530700,chr22_43530700_C_G,0.081
22,43525176,rs909666,22,43530982,rs2413748,0.85
22,43525176,rs909666,22,43532104,rs13056312,0.082
22,43525176,rs909666,22,43532156,rs909667,0.849
22,43525176,rs909666,22,43533360,rs2072852,0.095
22,43525176,rs909666,22,43533427,rs2072854,0.103
22,43525176,rs909666,22,43533515,rs2072855,0.372
22,43525176,rs909666,22,43534794,chr22_43534794_C_T,0.119
22,43525176,rs909666,22,43538806,rs5759181,0.055
22,43525176,rs909666,22,43539431,rs13056026,0.09
22,43525176,rs909666,22,43539651,rs5759182,0.828
22,43525176,rs909666,22,43540125,chr22_43540126_ATA_INDEL,0.325
22,43525176,rs909666,22,43541173,rs926329,0.187
22,43525176,rs909666,22,43541220,chr22_43541220_G_T,0.1
22,43525176,rs909666,22,43543954,chr22_43543954_C_G,0.051
22,43525176,rs909666,22,43544282,rs138904,0.051
22,43525176,rs909666,22,43544823,chr22_43544823_C_T,0.145
22,43525176,rs909666,22,43545229,rs11395632,0.155
22,43525176,rs909666,22,43546013,rs138907,0.052
22,43525176,rs909666,22,43548619,rs5759195,0.145
22,43525176,rs909666,22,43549260,rs62234272,0.116
22,43525176,rs909666,22,43550149,rs5759197,0.118
22,43525176,rs909666,22,43550552,rs9333319,0.116
22,43525176,rs909666,22,43551007,rs762959,0.118
22,43525176,rs909666,22,43551052,chr22_43551052_C_T,0.116
22,43525176,rs909666,22,43551513,rs5759199,0.118
22,43525176,rs909666,22,43551836,rs2284099,0.118
22,43525176,rs909666,22,43553830,rs2016151,0.084
22,43525176,rs909666,22,43555590,rs8141880,0.105
22,43525176,rs909666,22,43557859,rs2157248,0.093
22,43525176,rs909666,22,43558132,rs111879936,0.06
22,43525176,rs909666,22,43558972,rs6972,0.069
22,43525176,rs909666,22,43559137,rs6973,0.07
22,43525176,rs909666,22,43559737,rs1005658,0.094
22,43525176,rs909666,22,43560962,rs1076922,0.093
22,43525176,rs909666,22,43561919,rs2005138,0.069
22,43525176,rs909666,22,43562247,chr22_43562247_C_T,0.174
22,43525176,rs909666,22,43562382,rs5751443,0.077
22,43525176,rs909666,22,43562434,rs5751444,0.078
22,43525176,rs909666,22,43567158,chr22_43567159_AG_INDEL,0.073
22,43525176,rs909666,22,43567279,rs62232065,0.073
22,43525176,rs909666,22,43567545,chr22_43567545_A_T,0.073
22,43525176,rs909666,22,43568512,chr22_43568512_C_T,0.058
22,43525176,rs909666,22,43569302,rs8140960,0.064
22,43525176,rs909666,22,43570068,rs762953,0.065
22,43525176,rs909666,22,43570463,rs2269525,0.064
22,43525176,rs909666,22,43570659,rs2269526,0.061
