CHR_A,BP_A,SNP_A,CHR_B,BP_B,SNP_B,R2
3,141093285,rs7624084,3,141033481,rs9871963,0.4
3,141093285,rs7624084,3,141034217,rs4306833,0.295
3,141093285,rs7624084,3,141035122,rs6771916,0.275
3,141093285,rs7624084,3,141036666,chr3_141036666_A_G,0.052
3,141093285,rs7624084,3,141037030,rs13324219,0.275
3,141093285,rs7624084,3,141038088,rs59539710,0.214
3,141093285,rs7624084,3,141039349,rs1511380,0.287
3,141093285,rs7624084,3,141040304,rs9843461,0.215
3,141093285,rs7624084,3,141040654,chr3_141040654_A_G,0.352
3,141093285,rs7624084,3,141041091,rs11457777,0.209
3,141093285,rs7624084,3,141041273,rs35816044,0.216
3,141093285,rs7624084,3,141041789,rs4325905,0.291
3,141093285,rs7624084,3,141042222,rs6777886,0.214
3,141093285,rs7624084,3,141042363,chr3_141042363_A_C,0.327
3,141093285,rs7624084,3,141045917,rs7636469,0.217
3,141093285,rs7624084,3,141046507,rs7616781,0.292
3,141093285,rs7624084,3,141046859,rs4683600,0.328
3,141093285,rs7624084,3,141047072,rs6795197,0.217
3,141093285,rs7624084,3,141047088,rs6795377,0.217
3,141093285,rs7624084,3,141049321,chr3_141049321_G_T,0.347
3,141093285,rs7624084,3,141049527,rs55805291,0.054
3,141093285,rs7624084,3,141049964,chr3_141049964_C_T,0.224
3,141093285,rs7624084,3,141050805,chr3_141050805_A_G,0.226
3,141093285,rs7624084,3,141053690,rs9829470,0.305
3,141093285,rs7624084,3,141054579,chr3_141054579_C_T,0.352
3,141093285,rs7624084,3,141055841,chr3_141055841_A_G,0.302
3,141093285,rs7624084,3,141055901,chr3_141055901_A_G,0.057
3,141093285,rs7624084,3,141056113,chr3_141056113_A_G,0.059
3,141093285,rs7624084,3,141056646,chr3_141056646_C_G,0.358
3,141093285,rs7624084,3,141056797,rs72986545,0.061
3,141093285,rs7624084,3,141057572,rs13094525,0.36
3,141093285,rs7624084,3,141058687,rs4683602,0.054
3,141093285,rs7624084,3,141059511,rs76438269,0.069
3,141093285,rs7624084,3,141059515,rs13063736,0.326
3,141093285,rs7624084,3,141061415,rs9823774,0.328
3,141093285,rs7624084,3,141061438,rs9823785,0.328
3,141093285,rs7624084,3,141062070,chr3_141062070_C_T,0.077
3,141093285,rs7624084,3,141063164,chr3_141063164_G_T,0.401
3,141093285,rs7624084,3,141063716,rs4536797,0.406
3,141093285,rs7624084,3,141063953,chr3_141063953_C_T,0.524
3,141093285,rs7624084,3,141066886,rs7624559,0.077
3,141093285,rs7624084,3,141067088,chr3_141067088_A_G,0.096
3,141093285,rs7624084,3,141067584,chr3_141067584_A_C,0.536
3,141093285,rs7624084,3,141067776,rs34497407,0.456
3,141093285,rs7624084,3,141070563,rs11367112,0.442
3,141093285,rs7624084,3,141071293,rs34169305,0.455
3,141093285,rs7624084,3,141072289,chr3_141072289_A_G,0.712
3,141093285,rs7624084,3,141072666,chr3_141072666_A_T,0.454
3,141093285,rs7624084,3,141073675,rs6784404,0.709
3,141093285,rs7624084,3,141074870,rs10624353,0.72
3,141093285,rs7624084,3,141074962,rs13095453,0.455
3,141093285,rs7624084,3,141076084,chr3_141076084_C_T,0.641
3,141093285,rs7624084,3,141077615,rs13065569,0.458
3,141093285,rs7624084,3,141078188,rs9857275,0.46
3,141093285,rs7624084,3,141079309,chr3_141079309_G_T,0.728
3,141093285,rs7624084,3,141081497,chr3_141081498_A_INDEL,0.728
3,141093285,rs7624084,3,141082990,rs13100711,0.473
3,141093285,rs7624084,3,141085972,rs6440001,0.726
3,141093285,rs7624084,3,141086083,chr3_141086083_C_T,0.072
3,141093285,rs7624084,3,141087623,rs1863868,0.764
3,141093285,rs7624084,3,141091595,rs13098180,0.664
3,141093285,rs7624084,3,141092050,rs4683603,0.746
3,141093285,rs7624084,3,141093285,rs7624084,1
3,141093285,rs7624084,3,141094209,rs6440003,0.907
3,141093285,rs7624084,3,141094338,rs75098673,0.064
3,141093285,rs7624084,3,141094769,rs4683605,0.908
3,141093285,rs7624084,3,141095372,rs13067032,0.582
3,141093285,rs7624084,3,141095724,rs13068065,0.581
3,141093285,rs7624084,3,141095949,rs9858603,0.581
3,141093285,rs7624084,3,141096185,rs9821337,0.581
3,141093285,rs7624084,3,141096216,rs74734425,0.063
3,141093285,rs7624084,3,141096736,rs9822195,0.581
3,141093285,rs7624084,3,141096755,rs9822327,0.58
3,141093285,rs7624084,3,141097203,rs71151424,0.579
3,141093285,rs7624084,3,141100280,rs6764769,0.906
3,141093285,rs7624084,3,141100640,rs146251624,0.063
3,141093285,rs7624084,3,141101839,chr3_141101839_A_C,0.062
3,141093285,rs7624084,3,141101961,rs9853018,0.902
3,141093285,rs7624084,3,141102560,chr3_141102560_A_G,0.062
3,141093285,rs7624084,3,141102833,rs6763931,0.907
3,141093285,rs7624084,3,141104180,rs6767786,0.584
3,141093285,rs7624084,3,141105570,rs724016,0.905
3,141093285,rs7624084,3,141106063,rs7632381,0.907
3,141093285,rs7624084,3,141106954,rs13077048,0.861
3,141093285,rs7624084,3,141106955,chr3_141106955_A_T,0.099
3,141093285,rs7624084,3,141108338,rs55715288,0.063
3,141093285,rs7624084,3,141109321,rs6808936,0.902
3,141093285,rs7624084,3,141109348,rs6785012,0.901
3,141093285,rs7624084,3,141110074,rs4683606,0.905
3,141093285,rs7624084,3,141112859,rs376397524,0.854
3,141093285,rs7624084,3,141114293,rs6807935,0.574
3,141093285,rs7624084,3,141115219,rs1582874,0.903
3,141093285,rs7624084,3,141117969,rs545694574,0.858
3,141093285,rs7624084,3,141118028,rs13068733,0.904
3,141093285,rs7624084,3,141120218,chr3_141120219_CTTC_INDEL,0.102
3,141093285,rs7624084,3,141121814,rs2871960,0.897
3,141093285,rs7624084,3,141123638,chr3_141123638_A_T,0.136
3,141093285,rs7624084,3,141124534,chr3_141124534_A_G,0.061
3,141093285,rs7624084,3,141124607,rs2011092,0.57
3,141093285,rs7624084,3,141125186,rs1344674,0.897
3,141093285,rs7624084,3,141125234,rs1344673,0.061
3,141093285,rs7624084,3,141125439,rs6767899,0.572
3,141093285,rs7624084,3,141125705,rs1344672,0.896
3,141093285,rs7624084,3,141126825,rs57345461,0.136
3,141093285,rs7624084,3,141127710,rs58473751,0.137
3,141093285,rs7624084,3,141128250,chr3_141128250_A_G,0.056
3,141093285,rs7624084,3,141128524,chr3_141128524_A_G,0.061
3,141093285,rs7624084,3,141128677,chr3_141128677_A_G,0.058
3,141093285,rs7624084,3,141128804,rs13099193,0.57
3,141093285,rs7624084,3,141129999,rs13066993,0.57
3,141093285,rs7624084,3,141130835,rs35225290,0.569
3,141093285,rs7624084,3,141132948,rs6763780,0.061
3,141093285,rs7624084,3,141133450,rs1991431,0.874
3,141093285,rs7624084,3,141133960,rs13091182,0.568
3,141093285,rs7624084,3,141134568,rs73872716,0.061
3,141093285,rs7624084,3,141134569,rs73872717,0.061
3,141093285,rs7624084,3,141134818,rs16851397,0.061
3,141093285,rs7624084,3,141134975,chr3_141134975_C_T,0.061
3,141093285,rs7624084,3,141135004,chr3_141135004_C_T,0.053
3,141093285,rs7624084,3,141135126,chr3_141135126_C_T,0.077
3,141093285,rs7624084,3,141136727,rs9858405,0.113
3,141093285,rs7624084,3,141136915,rs73872720,0.073
3,141093285,rs7624084,3,141137035,rs9825379,0.073
3,141093285,rs7624084,3,141138833,rs9869102,0.115
3,141093285,rs7624084,3,141139330,rs6785073,0.563
3,141093285,rs7624084,3,141139819,chr3_141139819_C_T,0.072
3,141093285,rs7624084,3,141140272,rs74557261,0.073
3,141093285,rs7624084,3,141140366,rs6763927,0.871
3,141093285,rs7624084,3,141140534,rs111518062,0.073
3,141093285,rs7624084,3,141140861,chr3_141140861_A_G,0.072
3,141093285,rs7624084,3,141140968,rs9846396,0.868
3,141093285,rs7624084,3,141141310,rs16851416,0.073
3,141093285,rs7624084,3,141141904,rs79474768,0.073
3,141093285,rs7624084,3,141142391,rs6776991,0.115
3,141093285,rs7624084,3,141142691,rs6440006,0.887
3,141093285,rs7624084,3,141143430,rs10513137,0.115
3,141093285,rs7624084,3,141143728,rs75351160,0.061
3,141093285,rs7624084,3,141145315,rs6762826,0.11
3,141093285,rs7624084,3,141145402,chr3_141145402_C_T,0.129
3,141093285,rs7624084,3,141145473,chr3_141145473_C_T,0.071
3,141093285,rs7624084,3,141146944,rs78960151,0.111
3,141093285,rs7624084,3,141147414,rs7650602,0.865
3,141093285,rs7624084,3,141148143,rs6440007,0.111
3,141093285,rs7624084,3,141148158,rs115037602,0.071
3,141093285,rs7624084,3,141148231,rs6810158,0.112
3,141093285,rs7624084,3,141148419,rs13069734,0.547
3,141093285,rs7624084,3,141148698,chr3_141148698_A_C,0.13
3,141093285,rs7624084,3,141148930,rs9822817,0.111
3,141093285,rs7624084,3,141149287,chr3_141149287_C_T,0.055
3,141093285,rs7624084,3,141150026,rs7625643,0.859
3,141093285,rs7624084,3,141150161,rs143772616,0.11
3,141093285,rs7624084,3,141150183,rs35921581,0.398
3,141093285,rs7624084,3,141150990,rs6789653,0.54
3,141093285,rs7624084,3,141151456,rs56339671,0.111
3,141093285,rs7624084,3,141152017,chr3_141152017_C_T,0.07
3,141093285,rs7624084,3,141152168,rs61237374,0.067
3,141093285,rs7624084,3,141152220,rs59075313,0.112
3,141093285,rs7624084,3,141153545,rs75206890,0.059
3,141093285,rs7624084,3,141154542,rs6440008,0.652
3,141093285,rs7624084,3,141158212,rs7612543,0.256
3,141093285,rs7624084,3,141158614,chr3_141158614_A_G,0.388
3,141093285,rs7624084,3,141169982,chr3_141169982_A_C,0.216
3,141093285,rs7624084,3,141170661,chr3_141170661_A_G,0.216
3,141093285,rs7624084,3,141171190,rs13059128,0.35
3,141093285,rs7624084,3,141174956,rs1077181,0.336
3,141093285,rs7624084,3,141175620,chr3_141175620_G_T,0.213
3,141093285,rs7624084,3,141177845,chr3_141177845_C_T,0.232
3,141093285,rs7624084,3,141178347,chr3_141178347_A_G,0.339
3,141093285,rs7624084,3,141178670,rs9289630,0.221
3,141093285,rs7624084,3,141178786,rs9289631,0.236
3,141093285,rs7624084,3,141178979,chr3_141178979_A_G,0.233
3,141093285,rs7624084,3,141179516,rs13098300,0.316
3,141093285,rs7624084,3,141180097,chr3_141180097_AGAGGCTGCTGGCCTC_INDEL,0.233
3,141093285,rs7624084,3,141180511,rs11709875,0.313
3,141093285,rs7624084,3,141181790,rs13088429,0.289
3,141093285,rs7624084,3,141182781,rs34378068,0.304
3,141093285,rs7624084,3,141183258,chr3_141183258_A_G,0.29
3,141093285,rs7624084,3,141183944,chr3_141183944_C_T,0.216
3,141093285,rs7624084,3,141185754,chr3_141185754_A_T,0.289
3,141093285,rs7624084,3,141187097,rs9837202,0.29
3,141093285,rs7624084,3,141188045,chr3_141188045_C_T,0.108
3,141093285,rs7624084,3,141188399,chr3_141188399_C_T,0.201
3,141093285,rs7624084,3,141190538,rs1863870,0.289
3,141093285,rs7624084,3,141191090,rs11708253,0.288
3,141093285,rs7624084,3,141192125,rs1582875,0.218
3,141093285,rs7624084,3,141196260,chr3_141196260_C_T,0.216
3,141093285,rs7624084,3,141196647,chr3_141196647_A_G,0.288
3,141093285,rs7624084,3,141198568,rs13083593,0.291
3,141093285,rs7624084,3,141201940,rs36008530,0.292
3,141093285,rs7624084,3,141202982,rs9856976,0.418
3,141093285,rs7624084,3,141203390,rs67465461,0.291
3,141093285,rs7624084,3,141203980,rs11716776,0.291
3,141093285,rs7624084,3,141204391,chr3_141204391_C_T,0.183
3,141093285,rs7624084,3,141204844,chr3_141204844_C_G,0.217
3,141093285,rs7624084,3,141205185,chr3_141205185_C_T,0.217
3,141093285,rs7624084,3,141205465,chr3_141205465_C_T,0.289
3,141093285,rs7624084,3,141205563,rs3806647,0.306
3,141093285,rs7624084,3,141206990,rs9823528,0.306
3,141093285,rs7624084,3,141207575,chr3_141207575_A_G,0.279
3,141093285,rs7624084,3,141208684,rs11717842,0.288
3,141093285,rs7624084,3,141209101,rs34342794,0.307
3,141093285,rs7624084,3,141209177,rs34664689,0.257
3,141093285,rs7624084,3,141209867,chr3_141209867_C_T,0.217
3,141093285,rs7624084,3,141210420,chr3_141210420_G_T,0.305
3,141093285,rs7624084,3,141210749,chr3_141210749_C_G,0.305
3,141093285,rs7624084,3,141212518,chr3_141212518_A_G,0.216
3,141093285,rs7624084,3,141213581,chr3_141213581_A_T,0.217
3,141093285,rs7624084,3,141215116,rs9837959,0.307
3,141093285,rs7624084,3,141215273,rs9838230,0.305
3,141093285,rs7624084,3,141215409,rs9838419,0.307
3,141093285,rs7624084,3,141215498,rs137908832,0.306
3,141093285,rs7624084,3,141216134,rs71619392,0.308
3,141093285,rs7624084,3,141216163,rs71151492,0.275
3,141093285,rs7624084,3,141217954,chr3_141217954_C_T,0.216
3,141093285,rs7624084,3,141218057,rs10513140,0.193
3,141093285,rs7624084,3,141218568,rs6763498,0.219
3,141093285,rs7624084,3,141225558,rs55947573,0.306
3,141093285,rs7624084,3,141227451,rs34317570,0.307
3,141093285,rs7624084,3,141228874,chr3_141228874_C_T,0.217
3,141093285,rs7624084,3,141231920,rs7629035,0.305
3,141093285,rs7624084,3,141231932,rs7651511,0.307
3,141093285,rs7624084,3,141232039,rs35492761,0.299
3,141093285,rs7624084,3,141232186,rs13099945,0.307
3,141093285,rs7624084,3,141233105,chr3_141233105_C_T,0.305
3,141093285,rs7624084,3,141233836,rs9868956,0.305
3,141093285,rs7624084,3,141234523,rs13069717,0.217
3,141093285,rs7624084,3,141234717,rs9836818,0.307
3,141093285,rs7624084,3,141236524,rs35711802,0.219
3,141093285,rs7624084,3,141237859,chr3_141237859_A_G,0.305
3,141093285,rs7624084,3,141239384,rs143913142,0.293
3,141093285,rs7624084,3,141239489,3:141239489:CAT:CATAT,0.426
3,141093285,rs7624084,3,141240783,rs35418649,0.307
3,141093285,rs7624084,3,141244816,chr3_141244816_A_G,0.217
3,141093285,rs7624084,3,141246337,rs9843866,0.306
3,141093285,rs7624084,3,141249398,chr3_141249398_C_T,0.217
3,141093285,rs7624084,3,141249864,rs9808953,0.306
3,141093285,rs7624084,3,141249961,rs13078872,0.289
3,141093285,rs7624084,3,141251655,rs9289634,0.307
3,141093285,rs7624084,3,141253434,rs34888832,0.325
3,141093285,rs7624084,3,141254835,rs9849180,0.291
3,141093285,rs7624084,3,141257285,chr3_141257285_A_G,0.305
3,141093285,rs7624084,3,141257904,chr3_141257904_C_G,0.305
3,141093285,rs7624084,3,141263990,rs9835593,0.219
3,141093285,rs7624084,3,141264369,rs11711318,0.306
3,141093285,rs7624084,3,141266493,rs6776003,0.281
3,141093285,rs7624084,3,141268799,rs9849775,0.196
3,141093285,rs7624084,3,141268822,rs9830055,0.306
3,141093285,rs7624084,3,141272216,rs9850416,0.306
3,141093285,rs7624084,3,141272269,rs35938493,0.303
3,141093285,rs7624084,3,141277532,rs34856565,0.305
3,141093285,rs7624084,3,141277651,rs13084444,0.289
3,141093285,rs7624084,3,141281496,3:141281496:C:CA,0.304
3,141093285,rs7624084,3,141283891,rs11713714,0.307
3,141093285,rs7624084,3,141284383,rs12695740,0.307
3,141093285,rs7624084,3,141285783,rs12695741,0.306
3,141093285,rs7624084,3,141287210,rs11707656,0.288
3,141093285,rs7624084,3,141287539,chr3_141287539_A_G,0.216
3,141093285,rs7624084,3,141289059,rs372963294,0.306
3,141093285,rs7624084,3,141292618,rs1493209,0.215
3,141093285,rs7624084,3,141293755,chr3_141293755_C_T,0.076
3,141093285,rs7624084,3,141294871,rs13062809,0.216
3,141093285,rs7624084,3,141295050,rs11714208,0.364
3,141093285,rs7624084,3,141298640,rs9829588,0.307
3,141093285,rs7624084,3,141299397,rs71151500,0.303
3,141093285,rs7624084,3,141300621,rs9840159,0.307
3,141093285,rs7624084,3,141300901,rs11717144,0.306
3,141093285,rs7624084,3,141301451,rs3821710,0.215
3,141093285,rs7624084,3,141304571,rs6440013,0.217
3,141093285,rs7624084,3,141308454,rs4334619,0.305
3,141093285,rs7624084,3,141309304,rs9833121,0.307
3,141093285,rs7624084,3,141309510,rs9870749,0.307
3,141093285,rs7624084,3,141313715,rs35106155,0.301
3,141093285,rs7624084,3,141314133,chr3_141314133_A_T,0.216
3,141093285,rs7624084,3,141314819,rs9822575,0.305
3,141093285,rs7624084,3,141320284,3:141320284:CAAAAAAAAAGAA:CA,0.215
3,141093285,rs7624084,3,141320349,rs149880387,0.302
3,141093285,rs7624084,3,141320351,rs77603484,0.302
3,141093285,rs7624084,3,141321836,rs10663129,0.307
3,141093285,rs7624084,3,141323805,rs13076660,0.3
3,141093285,rs7624084,3,141324095,rs12695743,0.299
3,141093285,rs7624084,3,141324556,chr3_141324556_A_G,0.215
3,141093285,rs7624084,3,141327474,chr3_141327474_A_G,0.211
3,141093285,rs7624084,3,141327593,rs2312266,0.285
3,141093285,rs7624084,3,141327704,rs9873042,0.301
3,141093285,rs7624084,3,141331222,chr3_141331222_A_G,0.211
3,141093285,rs7624084,3,141331565,rs1709,0.196
3,141093285,rs7624084,3,141333835,rs11557453,0.3
3,141093285,rs7624084,3,141336305,rs13067519,0.299
3,141093285,rs7624084,3,141336351,rs6440015,0.21
3,141093285,rs7624084,3,141336557,rs13068454,0.293
3,141093285,rs7624084,3,141336708,rs2639998,0.211
3,141093285,rs7624084,3,141336832,rs10589233,0.21
3,141093285,rs7624084,3,141336835,rs55813385,0.21
3,141093285,rs7624084,3,141338529,chr3_141338529_C_T,0.144
3,141093285,rs7624084,3,141338641,chr3_141338641_A_G,0.115
3,141102833,rs6763931,3,141033481,rs9871963,0.38
3,141102833,rs6763931,3,141034217,rs4306833,0.287
3,141102833,rs6763931,3,141035122,rs6771916,0.267
3,141102833,rs6763931,3,141037030,rs13324219,0.265
3,141102833,rs6763931,3,141038088,rs59539710,0.213
3,141102833,rs6763931,3,141039349,rs1511380,0.277
3,141102833,rs6763931,3,141040304,rs9843461,0.214
3,141102833,rs6763931,3,141040654,chr3_141040654_A_G,0.327
3,141102833,rs6763931,3,141041091,rs11457777,0.208
3,141102833,rs6763931,3,141041273,rs35816044,0.215
3,141102833,rs6763931,3,141041789,rs4325905,0.281
3,141102833,rs6763931,3,141042222,rs6777886,0.213
3,141102833,rs6763931,3,141042363,chr3_141042363_A_C,0.305
3,141102833,rs6763931,3,141045917,rs7636469,0.215
3,141102833,rs6763931,3,141046507,rs7616781,0.282
3,141102833,rs6763931,3,141046859,rs4683600,0.306
3,141102833,rs6763931,3,141047072,rs6795197,0.216
3,141102833,rs6763931,3,141047088,rs6795377,0.216
3,141102833,rs6763931,3,141049321,chr3_141049321_G_T,0.323
3,141102833,rs6763931,3,141049964,chr3_141049964_C_T,0.222
3,141102833,rs6763931,3,141050805,chr3_141050805_A_G,0.224
3,141102833,rs6763931,3,141053690,rs9829470,0.295
3,141102833,rs6763931,3,141054579,chr3_141054579_C_T,0.329
3,141102833,rs6763931,3,141055841,chr3_141055841_A_G,0.293
3,141102833,rs6763931,3,141056646,chr3_141056646_C_G,0.333
3,141102833,rs6763931,3,141057572,rs13094525,0.335
3,141102833,rs6763931,3,141059511,rs76438269,0.06
3,141102833,rs6763931,3,141059515,rs13063736,0.317
3,141102833,rs6763931,3,141061415,rs9823774,0.318
3,141102833,rs6763931,3,141061438,rs9823785,0.318
3,141102833,rs6763931,3,141062070,chr3_141062070_C_T,0.074
3,141102833,rs6763931,3,141063164,chr3_141063164_G_T,0.375
3,141102833,rs6763931,3,141063716,rs4536797,0.382
3,141102833,rs6763931,3,141063953,chr3_141063953_C_T,0.484
3,141102833,rs6763931,3,141066886,rs7624559,0.068
3,141102833,rs6763931,3,141067088,chr3_141067088_A_G,0.094
3,141102833,rs6763931,3,141067584,chr3_141067584_A_C,0.495
3,141102833,rs6763931,3,141067776,rs34497407,0.444
3,141102833,rs6763931,3,141070563,rs11367112,0.41
3,141102833,rs6763931,3,141071293,rs34169305,0.443
3,141102833,rs6763931,3,141072289,chr3_141072289_A_G,0.658
3,141102833,rs6763931,3,141072666,chr3_141072666_A_T,0.44
3,141102833,rs6763931,3,141073675,rs6784404,0.655
3,141102833,rs6763931,3,141074870,rs10624353,0.663
3,141102833,rs6763931,3,141074962,rs13095453,0.444
3,141102833,rs6763931,3,141076084,chr3_141076084_C_T,0.582
3,141102833,rs6763931,3,141077615,rs13065569,0.447
3,141102833,rs6763931,3,141078188,rs9857275,0.449
3,141102833,rs6763931,3,141079309,chr3_141079309_G_T,0.665
3,141102833,rs6763931,3,141081497,chr3_141081498_A_INDEL,0.665
3,141102833,rs6763931,3,141082990,rs13100711,0.461
3,141102833,rs6763931,3,141085972,rs6440001,0.663
3,141102833,rs6763931,3,141086083,chr3_141086083_C_T,0.063
3,141102833,rs6763931,3,141087623,rs1863868,0.697
3,141102833,rs6763931,3,141091595,rs13098180,0.604
3,141102833,rs6763931,3,141092050,rs4683603,0.685
3,141102833,rs6763931,3,141093285,rs7624084,0.907
3,141102833,rs6763931,3,141094209,rs6440003,0.993
3,141102833,rs6763931,3,141094338,rs75098673,0.063
3,141102833,rs6763931,3,141094769,rs4683605,0.995
3,141102833,rs6763931,3,141095372,rs13067032,0.649
3,141102833,rs6763931,3,141095724,rs13068065,0.649
3,141102833,rs6763931,3,141095949,rs9858603,0.649
3,141102833,rs6763931,3,141096185,rs9821337,0.649
3,141102833,rs6763931,3,141096216,rs74734425,0.063
3,141102833,rs6763931,3,141096736,rs9822195,0.648
3,141102833,rs6763931,3,141096755,rs9822327,0.648
3,141102833,rs6763931,3,141097203,rs71151424,0.647
3,141102833,rs6763931,3,141100280,rs6764769,0.997
3,141102833,rs6763931,3,141100640,rs146251624,0.064
3,141102833,rs6763931,3,141101839,chr3_141101839_A_C,0.062
3,141102833,rs6763931,3,141101961,rs9853018,0.994
3,141102833,rs6763931,3,141102560,chr3_141102560_A_G,0.063
3,141102833,rs6763931,3,141102833,rs6763931,1
3,141102833,rs6763931,3,141104180,rs6767786,0.654
3,141102833,rs6763931,3,141105570,rs724016,0.994
3,141102833,rs6763931,3,141106063,rs7632381,0.996
3,141102833,rs6763931,3,141106954,rs13077048,0.95
3,141102833,rs6763931,3,141106955,chr3_141106955_A_T,0.104
3,141102833,rs6763931,3,141108338,rs55715288,0.064
3,141102833,rs6763931,3,141109321,rs6808936,0.992
3,141102833,rs6763931,3,141109348,rs6785012,0.993
3,141102833,rs6763931,3,141110074,rs4683606,0.995
3,141102833,rs6763931,3,141112859,rs376397524,0.937
3,141102833,rs6763931,3,141114293,rs6807935,0.643
3,141102833,rs6763931,3,141115219,rs1582874,0.993
3,141102833,rs6763931,3,141117969,rs545694574,0.948
3,141102833,rs6763931,3,141118028,rs13068733,0.993
3,141102833,rs6763931,3,141120218,chr3_141120219_CTTC_INDEL,0.104
3,141102833,rs6763931,3,141121814,rs2871960,0.986
3,141102833,rs6763931,3,141123638,chr3_141123638_A_T,0.141
3,141102833,rs6763931,3,141124534,chr3_141124534_A_G,0.062
3,141102833,rs6763931,3,141124607,rs2011092,0.638
3,141102833,rs6763931,3,141125186,rs1344674,0.987
3,141102833,rs6763931,3,141125234,rs1344673,0.062
3,141102833,rs6763931,3,141125439,rs6767899,0.64
3,141102833,rs6763931,3,141125705,rs1344672,0.986
3,141102833,rs6763931,3,141126825,rs57345461,0.141
3,141102833,rs6763931,3,141127710,rs58473751,0.142
3,141102833,rs6763931,3,141128250,chr3_141128250_A_G,0.057
3,141102833,rs6763931,3,141128524,chr3_141128524_A_G,0.062
3,141102833,rs6763931,3,141128677,chr3_141128677_A_G,0.059
3,141102833,rs6763931,3,141128804,rs13099193,0.639
3,141102833,rs6763931,3,141129999,rs13066993,0.639
3,141102833,rs6763931,3,141130835,rs35225290,0.637
3,141102833,rs6763931,3,141132948,rs6763780,0.062
3,141102833,rs6763931,3,141133450,rs1991431,0.965
3,141102833,rs6763931,3,141133960,rs13091182,0.637
3,141102833,rs6763931,3,141134568,rs73872716,0.062
3,141102833,rs6763931,3,141134569,rs73872717,0.062
3,141102833,rs6763931,3,141134818,rs16851397,0.062
3,141102833,rs6763931,3,141134975,chr3_141134975_C_T,0.062
3,141102833,rs6763931,3,141135004,chr3_141135004_C_T,0.054
3,141102833,rs6763931,3,141135126,chr3_141135126_C_T,0.078
3,141102833,rs6763931,3,141136727,rs9858405,0.119
3,141102833,rs6763931,3,141136915,rs73872720,0.078
3,141102833,rs6763931,3,141137035,rs9825379,0.078
3,141102833,rs6763931,3,141138833,rs9869102,0.12
3,141102833,rs6763931,3,141139330,rs6785073,0.631
3,141102833,rs6763931,3,141139819,chr3_141139819_C_T,0.076
3,141102833,rs6763931,3,141140272,rs74557261,0.078
3,141102833,rs6763931,3,141140366,rs6763927,0.962
3,141102833,rs6763931,3,141140534,rs111518062,0.078
3,141102833,rs6763931,3,141140861,chr3_141140861_A_G,0.077
3,141102833,rs6763931,3,141140968,rs9846396,0.958
3,141102833,rs6763931,3,141141310,rs16851416,0.078
3,141102833,rs6763931,3,141141904,rs79474768,0.078
3,141102833,rs6763931,3,141142391,rs6776991,0.12
3,141102833,rs6763931,3,141142691,rs6440006,0.95
3,141102833,rs6763931,3,141143430,rs10513137,0.12
3,141102833,rs6763931,3,141143728,rs75351160,0.062
3,141102833,rs6763931,3,141145315,rs6762826,0.116
3,141102833,rs6763931,3,141145402,chr3_141145402_C_T,0.122
3,141102833,rs6763931,3,141145473,chr3_141145473_C_T,0.076
3,141102833,rs6763931,3,141146944,rs78960151,0.116
3,141102833,rs6763931,3,141147414,rs7650602,0.934
3,141102833,rs6763931,3,141148143,rs6440007,0.117
3,141102833,rs6763931,3,141148158,rs115037602,0.075
3,141102833,rs6763931,3,141148231,rs6810158,0.117
3,141102833,rs6763931,3,141148419,rs13069734,0.615
3,141102833,rs6763931,3,141148698,chr3_141148698_A_C,0.122
3,141102833,rs6763931,3,141148930,rs9822817,0.117
3,141102833,rs6763931,3,141149287,chr3_141149287_C_T,0.056
3,141102833,rs6763931,3,141150026,rs7625643,0.927
3,141102833,rs6763931,3,141150161,rs143772616,0.116
3,141102833,rs6763931,3,141150183,rs35921581,0.445
3,141102833,rs6763931,3,141150990,rs6789653,0.607
3,141102833,rs6763931,3,141151456,rs56339671,0.116
3,141102833,rs6763931,3,141152017,chr3_141152017_C_T,0.074
3,141102833,rs6763931,3,141152168,rs61237374,0.071
3,141102833,rs6763931,3,141152220,rs59075313,0.117
3,141102833,rs6763931,3,141153545,rs75206890,0.06
3,141102833,rs6763931,3,141154542,rs6440008,0.73
3,141102833,rs6763931,3,141158212,rs7612543,0.287
3,141102833,rs6763931,3,141158614,chr3_141158614_A_G,0.442
3,141102833,rs6763931,3,141169982,chr3_141169982_A_C,0.245
3,141102833,rs6763931,3,141170661,chr3_141170661_A_G,0.246
3,141102833,rs6763931,3,141171190,rs13059128,0.403
3,141102833,rs6763931,3,141174956,rs1077181,0.388
3,141102833,rs6763931,3,141175620,chr3_141175620_G_T,0.242
3,141102833,rs6763931,3,141177845,chr3_141177845_C_T,0.258
3,141102833,rs6763931,3,141178347,chr3_141178347_A_G,0.376
3,141102833,rs6763931,3,141178670,rs9289630,0.261
3,141102833,rs6763931,3,141178786,rs9289631,0.267
3,141102833,rs6763931,3,141178979,chr3_141178979_A_G,0.264
3,141102833,rs6763931,3,141179516,rs13098300,0.366
3,141102833,rs6763931,3,141180097,chr3_141180097_AGAGGCTGCTGGCCTC_INDEL,0.264
3,141102833,rs6763931,3,141180511,rs11709875,0.363
3,141102833,rs6763931,3,141181790,rs13088429,0.336
3,141102833,rs6763931,3,141182781,rs34378068,0.347
3,141102833,rs6763931,3,141183258,chr3_141183258_A_G,0.337
3,141102833,rs6763931,3,141183944,chr3_141183944_C_T,0.246
3,141102833,rs6763931,3,141185754,chr3_141185754_A_T,0.337
3,141102833,rs6763931,3,141187097,rs9837202,0.338
3,141102833,rs6763931,3,141188045,chr3_141188045_C_T,0.113
3,141102833,rs6763931,3,141188399,chr3_141188399_C_T,0.239
3,141102833,rs6763931,3,141190538,rs1863870,0.336
3,141102833,rs6763931,3,141191090,rs11708253,0.335
3,141102833,rs6763931,3,141192125,rs1582875,0.248
3,141102833,rs6763931,3,141196260,chr3_141196260_C_T,0.246
3,141102833,rs6763931,3,141196647,chr3_141196647_A_G,0.335
3,141102833,rs6763931,3,141198568,rs13083593,0.338
3,141102833,rs6763931,3,141201940,rs36008530,0.339
3,141102833,rs6763931,3,141202982,rs9856976,0.435
3,141102833,rs6763931,3,141203390,rs67465461,0.338
3,141102833,rs6763931,3,141203980,rs11716776,0.338
3,141102833,rs6763931,3,141204391,chr3_141204391_C_T,0.19
3,141102833,rs6763931,3,141204844,chr3_141204844_C_G,0.246
3,141102833,rs6763931,3,141205185,chr3_141205185_C_T,0.247
3,141102833,rs6763931,3,141205465,chr3_141205465_C_T,0.335
3,141102833,rs6763931,3,141205563,rs3806647,0.343
3,141102833,rs6763931,3,141206990,rs9823528,0.342
3,141102833,rs6763931,3,141207575,chr3_141207575_A_G,0.294
3,141102833,rs6763931,3,141208684,rs11717842,0.335
3,141102833,rs6763931,3,141209101,rs34342794,0.343
3,141102833,rs6763931,3,141209177,rs34664689,0.288
3,141102833,rs6763931,3,141209867,chr3_141209867_C_T,0.247
3,141102833,rs6763931,3,141210420,chr3_141210420_G_T,0.341
3,141102833,rs6763931,3,141210749,chr3_141210749_C_G,0.34
3,141102833,rs6763931,3,141212518,chr3_141212518_A_G,0.246
3,141102833,rs6763931,3,141213581,chr3_141213581_A_T,0.246
3,141102833,rs6763931,3,141215116,rs9837959,0.343
3,141102833,rs6763931,3,141215273,rs9838230,0.341
3,141102833,rs6763931,3,141215409,rs9838419,0.343
3,141102833,rs6763931,3,141215498,rs137908832,0.342
3,141102833,rs6763931,3,141216134,rs71619392,0.343
3,141102833,rs6763931,3,141216163,rs71151492,0.32
3,141102833,rs6763931,3,141217954,chr3_141217954_C_T,0.246
3,141102833,rs6763931,3,141218057,rs10513140,0.202
3,141102833,rs6763931,3,141218568,rs6763498,0.249
3,141102833,rs6763931,3,141225558,rs55947573,0.342
3,141102833,rs6763931,3,141227451,rs34317570,0.343
3,141102833,rs6763931,3,141228874,chr3_141228874_C_T,0.246
3,141102833,rs6763931,3,141231920,rs7629035,0.34
3,141102833,rs6763931,3,141231932,rs7651511,0.343
3,141102833,rs6763931,3,141232039,rs35492761,0.333
3,141102833,rs6763931,3,141232186,rs13099945,0.342
3,141102833,rs6763931,3,141233105,chr3_141233105_C_T,0.34
3,141102833,rs6763931,3,141233836,rs9868956,0.341
3,141102833,rs6763931,3,141233904,chr3_141233904_A_G,0.051
3,141102833,rs6763931,3,141234523,rs13069717,0.247
3,141102833,rs6763931,3,141234717,rs9836818,0.342
3,141102833,rs6763931,3,141236524,rs35711802,0.248
3,141102833,rs6763931,3,141237859,chr3_141237859_A_G,0.34
3,141102833,rs6763931,3,141239384,rs143913142,0.341
3,141102833,rs6763931,3,141239489,3:141239489:CAT:CATAT,0.446
3,141102833,rs6763931,3,141240783,rs35418649,0.343
3,141102833,rs6763931,3,141244816,chr3_141244816_A_G,0.246
3,141102833,rs6763931,3,141246337,rs9843866,0.342
3,141102833,rs6763931,3,141249398,chr3_141249398_C_T,0.246
3,141102833,rs6763931,3,141249864,rs9808953,0.342
3,141102833,rs6763931,3,141249961,rs13078872,0.335
3,141102833,rs6763931,3,141251655,rs9289634,0.342
3,141102833,rs6763931,3,141253434,rs34888832,0.362
3,141102833,rs6763931,3,141254835,rs9849180,0.337
3,141102833,rs6763931,3,141257285,chr3_141257285_A_G,0.34
3,141102833,rs6763931,3,141257904,chr3_141257904_C_G,0.34
3,141102833,rs6763931,3,141263990,rs9835593,0.248
3,141102833,rs6763931,3,141264369,rs11711318,0.341
3,141102833,rs6763931,3,141266493,rs6776003,0.298
3,141102833,rs6763931,3,141268799,rs9849775,0.205
3,141102833,rs6763931,3,141268822,rs9830055,0.341
3,141102833,rs6763931,3,141272216,rs9850416,0.342
3,141102833,rs6763931,3,141272269,rs35938493,0.338
3,141102833,rs6763931,3,141277532,rs34856565,0.34
3,141102833,rs6763931,3,141277651,rs13084444,0.335
3,141102833,rs6763931,3,141281496,3:141281496:C:CA,0.339
3,141102833,rs6763931,3,141283891,rs11713714,0.342
3,141102833,rs6763931,3,141284383,rs12695740,0.342
3,141102833,rs6763931,3,141285783,rs12695741,0.342
3,141102833,rs6763931,3,141287210,rs11707656,0.334
3,141102833,rs6763931,3,141287539,chr3_141287539_A_G,0.246
3,141102833,rs6763931,3,141289059,rs372963294,0.342
3,141102833,rs6763931,3,141292618,rs1493209,0.245
3,141102833,rs6763931,3,141293755,chr3_141293755_C_T,0.077
3,141102833,rs6763931,3,141294871,rs13062809,0.243
3,141102833,rs6763931,3,141295050,rs11714208,0.401
3,141102833,rs6763931,3,141298640,rs9829588,0.342
3,141102833,rs6763931,3,141299397,rs71151500,0.338
3,141102833,rs6763931,3,141300621,rs9840159,0.342
3,141102833,rs6763931,3,141300901,rs11717144,0.342
3,141102833,rs6763931,3,141301451,rs3821710,0.245
3,141102833,rs6763931,3,141304571,rs6440013,0.246
3,141102833,rs6763931,3,141308454,rs4334619,0.34
3,141102833,rs6763931,3,141309304,rs9833121,0.343
3,141102833,rs6763931,3,141309510,rs9870749,0.343
3,141102833,rs6763931,3,141313715,rs35106155,0.336
3,141102833,rs6763931,3,141314133,chr3_141314133_A_T,0.245
3,141102833,rs6763931,3,141314819,rs9822575,0.341
3,141102833,rs6763931,3,141320284,3:141320284:CAAAAAAAAAGAA:CA,0.244
3,141102833,rs6763931,3,141320349,rs149880387,0.338
3,141102833,rs6763931,3,141320351,rs77603484,0.338
3,141102833,rs6763931,3,141321836,rs10663129,0.343
3,141102833,rs6763931,3,141323805,rs13076660,0.335
3,141102833,rs6763931,3,141324095,rs12695743,0.334
3,141102833,rs6763931,3,141324556,chr3_141324556_A_G,0.245
3,141102833,rs6763931,3,141327474,chr3_141327474_A_G,0.24
3,141102833,rs6763931,3,141327593,rs2312266,0.331
3,141102833,rs6763931,3,141327704,rs9873042,0.337
3,141102833,rs6763931,3,141331222,chr3_141331222_A_G,0.24
3,141102833,rs6763931,3,141331565,rs1709,0.205
3,141102833,rs6763931,3,141333835,rs11557453,0.336
3,141102833,rs6763931,3,141336305,rs13067519,0.335
3,141102833,rs6763931,3,141336351,rs6440015,0.239
3,141102833,rs6763931,3,141336557,rs13068454,0.339
3,141102833,rs6763931,3,141336708,rs2639998,0.24
3,141102833,rs6763931,3,141336832,rs10589233,0.239
3,141102833,rs6763931,3,141336835,rs55813385,0.24
3,141102833,rs6763931,3,141338529,chr3_141338529_C_T,0.152
3,141102833,rs6763931,3,141338641,chr3_141338641_A_G,0.136
3,141124607,rs2011092,3,141033481,rs9871963,0.324
3,141124607,rs2011092,3,141034217,rs4306833,0.207
3,141124607,rs2011092,3,141035122,rs6771916,0.158
3,141124607,rs2011092,3,141037030,rs13324219,0.404
3,141124607,rs2011092,3,141038088,rs59539710,0.253
3,141124607,rs2011092,3,141039349,rs1511380,0.412
3,141124607,rs2011092,3,141040304,rs9843461,0.255
3,141124607,rs2011092,3,141040654,chr3_141040654_A_G,0.169
3,141124607,rs2011092,3,141041091,rs11457777,0.246
3,141124607,rs2011092,3,141041273,rs35816044,0.255
3,141124607,rs2011092,3,141041789,rs4325905,0.416
3,141124607,rs2011092,3,141042222,rs6777886,0.254
3,141124607,rs2011092,3,141042363,chr3_141042363_A_C,0.179
3,141124607,rs2011092,3,141045917,rs7636469,0.256
3,141124607,rs2011092,3,141046507,rs7616781,0.418
3,141124607,rs2011092,3,141046859,rs4683600,0.18
3,141124607,rs2011092,3,141047072,rs6795197,0.256
3,141124607,rs2011092,3,141047088,rs6795377,0.256
3,141124607,rs2011092,3,141049321,chr3_141049321_G_T,0.165
3,141124607,rs2011092,3,141049964,chr3_141049964_C_T,0.265
3,141124607,rs2011092,3,141050805,chr3_141050805_A_G,0.268
3,141124607,rs2011092,3,141053690,rs9829470,0.436
3,141124607,rs2011092,3,141054579,chr3_141054579_C_T,0.169
3,141124607,rs2011092,3,141055841,chr3_141055841_A_G,0.433
3,141124607,rs2011092,3,141056646,chr3_141056646_C_G,0.173
3,141124607,rs2011092,3,141057572,rs13094525,0.175
3,141124607,rs2011092,3,141059515,rs13063736,0.479
3,141124607,rs2011092,3,141061415,rs9823774,0.481
3,141124607,rs2011092,3,141061438,rs9823785,0.479
3,141124607,rs2011092,3,141062070,chr3_141062070_C_T,0.117
3,141124607,rs2011092,3,141063164,chr3_141063164_G_T,0.363
3,141124607,rs2011092,3,141063716,rs4536797,0.369
3,141124607,rs2011092,3,141063953,chr3_141063953_C_T,0.271
3,141124607,rs2011092,3,141067088,chr3_141067088_A_G,0.141
3,141124607,rs2011092,3,141067584,chr3_141067584_A_C,0.561
3,141124607,rs2011092,3,141067776,rs34497407,0.682
3,141124607,rs2011092,3,141070563,rs11367112,0.48
3,141124607,rs2011092,3,141071293,rs34169305,0.682
3,141124607,rs2011092,3,141072289,chr3_141072289_A_G,0.413
3,141124607,rs2011092,3,141072666,chr3_141072666_A_T,0.679
3,141124607,rs2011092,3,141073675,rs6784404,0.422
3,141124607,rs2011092,3,141074870,rs10624353,0.413
3,141124607,rs2011092,3,141074962,rs13095453,0.683
3,141124607,rs2011092,3,141076084,chr3_141076084_C_T,0.488
3,141124607,rs2011092,3,141077615,rs13065569,0.693
3,141124607,rs2011092,3,141078188,rs9857275,0.688
3,141124607,rs2011092,3,141079309,chr3_141079309_G_T,0.414
3,141124607,rs2011092,3,141081497,chr3_141081498_A_INDEL,0.428
3,141124607,rs2011092,3,141082990,rs13100711,0.705
3,141124607,rs2011092,3,141085972,rs6440001,0.428
3,141124607,rs2011092,3,141087623,rs1863868,0.428
3,141124607,rs2011092,3,141091595,rs13098180,0.53
3,141124607,rs2011092,3,141092050,rs4683603,0.443
3,141124607,rs2011092,3,141093285,rs7624084,0.57
3,141124607,rs2011092,3,141094209,rs6440003,0.634
3,141124607,rs2011092,3,141094769,rs4683605,0.637
3,141124607,rs2011092,3,141095372,rs13067032,0.984
3,141124607,rs2011092,3,141095724,rs13068065,0.984
3,141124607,rs2011092,3,141095949,rs9858603,0.984
3,141124607,rs2011092,3,141096185,rs9821337,0.984
3,141124607,rs2011092,3,141096736,rs9822195,0.982
3,141124607,rs2011092,3,141096755,rs9822327,0.984
3,141124607,rs2011092,3,141097203,rs71151424,0.984
3,141124607,rs2011092,3,141100280,rs6764769,0.638
3,141124607,rs2011092,3,141101961,rs9853018,0.638
3,141124607,rs2011092,3,141102833,rs6763931,0.638
3,141124607,rs2011092,3,141104180,rs6767786,0.987
3,141124607,rs2011092,3,141105570,rs724016,0.638
3,141124607,rs2011092,3,141106063,rs7632381,0.639
3,141124607,rs2011092,3,141106954,rs13077048,0.582
3,141124607,rs2011092,3,141109321,rs6808936,0.638
3,141124607,rs2011092,3,141109348,rs6785012,0.639
3,141124607,rs2011092,3,141110074,rs4683606,0.637
3,141124607,rs2011092,3,141112859,rs376397524,0.691
3,141124607,rs2011092,3,141114293,rs6807935,0.981
3,141124607,rs2011092,3,141115219,rs1582874,0.644
3,141124607,rs2011092,3,141117969,rs545694574,0.7
3,141124607,rs2011092,3,141118028,rs13068733,0.638
3,141124607,rs2011092,3,141121814,rs2871960,0.643
3,141124607,rs2011092,3,141123638,chr3_141123638_A_T,0.058
3,141124607,rs2011092,3,141124607,rs2011092,1
3,141124607,rs2011092,3,141125186,rs1344674,0.642
3,141124607,rs2011092,3,141125439,rs6767899,0.996
3,141124607,rs2011092,3,141125705,rs1344672,0.638
3,141124607,rs2011092,3,141126825,rs57345461,0.059
3,141124607,rs2011092,3,141127710,rs58473751,0.058
3,141124607,rs2011092,3,141128677,chr3_141128677_A_G,0.087
3,141124607,rs2011092,3,141128804,rs13099193,0.992
3,141124607,rs2011092,3,141129999,rs13066993,0.992
3,141124607,rs2011092,3,141130835,rs35225290,0.988
3,141124607,rs2011092,3,141133450,rs1991431,0.646
3,141124607,rs2011092,3,141133960,rs13091182,0.988
3,141124607,rs2011092,3,141139330,rs6785073,0.981
3,141124607,rs2011092,3,141140366,rs6763927,0.639
3,141124607,rs2011092,3,141140968,rs9846396,0.64
3,141124607,rs2011092,3,141142691,rs6440006,0.625
3,141124607,rs2011092,3,141145402,chr3_141145402_C_T,0.057
3,141124607,rs2011092,3,141147414,rs7650602,0.623
3,141124607,rs2011092,3,141148419,rs13069734,0.962
3,141124607,rs2011092,3,141148698,chr3_141148698_A_C,0.057
3,141124607,rs2011092,3,141150026,rs7625643,0.621
3,141124607,rs2011092,3,141150183,rs35921581,0.754
3,141124607,rs2011092,3,141150990,rs6789653,0.949
3,141124607,rs2011092,3,141154542,rs6440008,0.792
3,141124607,rs2011092,3,141158212,rs7612543,0.295
3,141124607,rs2011092,3,141158614,chr3_141158614_A_G,0.507
3,141124607,rs2011092,3,141169982,chr3_141169982_A_C,0.233
3,141124607,rs2011092,3,141170661,chr3_141170661_A_G,0.233
3,141124607,rs2011092,3,141171190,rs13059128,0.443
3,141124607,rs2011092,3,141174956,rs1077181,0.423
3,141124607,rs2011092,3,141175620,chr3_141175620_G_T,0.231
3,141124607,rs2011092,3,141177845,chr3_141177845_C_T,0.266
3,141124607,rs2011092,3,141178347,chr3_141178347_A_G,0.372
3,141124607,rs2011092,3,141178670,rs9289630,0.292
3,141124607,rs2011092,3,141178786,rs9289631,0.269
3,141124607,rs2011092,3,141178979,chr3_141178979_A_G,0.268
3,141124607,rs2011092,3,141179516,rs13098300,0.401
3,141124607,rs2011092,3,141180097,chr3_141180097_AGAGGCTGCTGGCCTC_INDEL,0.267
3,141124607,rs2011092,3,141180511,rs11709875,0.397
3,141124607,rs2011092,3,141181790,rs13088429,0.374
3,141124607,rs2011092,3,141182781,rs34378068,0.363
3,141124607,rs2011092,3,141183258,chr3_141183258_A_G,0.372
3,141124607,rs2011092,3,141183944,chr3_141183944_C_T,0.251
3,141124607,rs2011092,3,141185754,chr3_141185754_A_T,0.373
3,141124607,rs2011092,3,141187097,rs9837202,0.374
3,141124607,rs2011092,3,141188045,chr3_141188045_C_T,0.082
3,141124607,rs2011092,3,141188399,chr3_141188399_C_T,0.271
3,141124607,rs2011092,3,141190538,rs1863870,0.371
3,141124607,rs2011092,3,141191090,rs11708253,0.372
3,141124607,rs2011092,3,141192125,rs1582875,0.253
3,141124607,rs2011092,3,141196260,chr3_141196260_C_T,0.249
3,141124607,rs2011092,3,141196647,chr3_141196647_A_G,0.37
3,141124607,rs2011092,3,141198568,rs13083593,0.372
3,141124607,rs2011092,3,141201940,rs36008530,0.374
3,141124607,rs2011092,3,141202982,rs9856976,0.322
3,141124607,rs2011092,3,141203390,rs67465461,0.373
3,141124607,rs2011092,3,141203980,rs11716776,0.373
3,141124607,rs2011092,3,141204391,chr3_141204391_C_T,0.154
3,141124607,rs2011092,3,141204844,chr3_141204844_C_G,0.248
3,141124607,rs2011092,3,141205185,chr3_141205185_C_T,0.247
3,141124607,rs2011092,3,141205465,chr3_141205465_C_T,0.37
3,141124607,rs2011092,3,141205563,rs3806647,0.345
3,141124607,rs2011092,3,141206990,rs9823528,0.343
3,141124607,rs2011092,3,141207575,chr3_141207575_A_G,0.307
3,141124607,rs2011092,3,141208684,rs11717842,0.37
3,141124607,rs2011092,3,141209101,rs34342794,0.344
3,141124607,rs2011092,3,141209177,rs34664689,0.316
3,141124607,rs2011092,3,141209867,chr3_141209867_C_T,0.246
3,141124607,rs2011092,3,141210420,chr3_141210420_G_T,0.339
3,141124607,rs2011092,3,141210749,chr3_141210749_C_G,0.338
3,141124607,rs2011092,3,141212518,chr3_141212518_A_G,0.246
3,141124607,rs2011092,3,141213581,chr3_141213581_A_T,0.246
3,141124607,rs2011092,3,141215116,rs9837959,0.341
3,141124607,rs2011092,3,141215273,rs9838230,0.344
3,141124607,rs2011092,3,141215409,rs9838419,0.343
3,141124607,rs2011092,3,141215498,rs137908832,0.342
3,141124607,rs2011092,3,141216134,rs71619392,0.341
3,141124607,rs2011092,3,141216163,rs71151492,0.358
3,141124607,rs2011092,3,141217954,chr3_141217954_C_T,0.247
3,141124607,rs2011092,3,141218057,rs10513140,0.163
3,141124607,rs2011092,3,141218568,rs6763498,0.249
3,141124607,rs2011092,3,141225558,rs55947573,0.341
3,141124607,rs2011092,3,141227451,rs34317570,0.34
3,141124607,rs2011092,3,141228874,chr3_141228874_C_T,0.246
3,141124607,rs2011092,3,141231920,rs7629035,0.343
3,141124607,rs2011092,3,141231932,rs7651511,0.34
3,141124607,rs2011092,3,141232039,rs35492761,0.333
3,141124607,rs2011092,3,141232186,rs13099945,0.341
3,141124607,rs2011092,3,141233105,chr3_141233105_C_T,0.339
3,141124607,rs2011092,3,141233836,rs9868956,0.343
3,141124607,rs2011092,3,141234523,rs13069717,0.247
3,141124607,rs2011092,3,141234717,rs9836818,0.341
3,141124607,rs2011092,3,141236524,rs35711802,0.248
3,141124607,rs2011092,3,141237859,chr3_141237859_A_G,0.339
3,141124607,rs2011092,3,141239384,rs143913142,0.375
3,141124607,rs2011092,3,141239489,3:141239489:CAT:CATAT,0.365
3,141124607,rs2011092,3,141240783,rs35418649,0.342
3,141124607,rs2011092,3,141244816,chr3_141244816_A_G,0.247
3,141124607,rs2011092,3,141246337,rs9843866,0.342
3,141124607,rs2011092,3,141249398,chr3_141249398_C_T,0.247
3,141124607,rs2011092,3,141249864,rs9808953,0.342
3,141124607,rs2011092,3,141249961,rs13078872,0.37
3,141124607,rs2011092,3,141251655,rs9289634,0.341
3,141124607,rs2011092,3,141253434,rs34888832,0.347
3,141124607,rs2011092,3,141254835,rs9849180,0.371
3,141124607,rs2011092,3,141257285,chr3_141257285_A_G,0.34
3,141124607,rs2011092,3,141257904,chr3_141257904_C_G,0.339
3,141124607,rs2011092,3,141263990,rs9835593,0.248
3,141124607,rs2011092,3,141264369,rs11711318,0.341
3,141124607,rs2011092,3,141266493,rs6776003,0.311
3,141124607,rs2011092,3,141268799,rs9849775,0.164
3,141124607,rs2011092,3,141268822,rs9830055,0.343
3,141124607,rs2011092,3,141272216,rs9850416,0.34
3,141124607,rs2011092,3,141272269,rs35938493,0.336
3,141124607,rs2011092,3,141277532,rs34856565,0.338
3,141124607,rs2011092,3,141277651,rs13084444,0.371
3,141124607,rs2011092,3,141281496,3:141281496:C:CA,0.339
3,141124607,rs2011092,3,141283891,rs11713714,0.34
3,141124607,rs2011092,3,141284383,rs12695740,0.342
3,141124607,rs2011092,3,141285783,rs12695741,0.342
3,141124607,rs2011092,3,141287210,rs11707656,0.368
3,141124607,rs2011092,3,141287539,chr3_141287539_A_G,0.247
3,141124607,rs2011092,3,141289059,rs372963294,0.344
3,141124607,rs2011092,3,141292618,rs1493209,0.246
3,141124607,rs2011092,3,141294871,rs13062809,0.262
3,141124607,rs2011092,3,141295050,rs11714208,0.417
3,141124607,rs2011092,3,141298640,rs9829588,0.342
3,141124607,rs2011092,3,141299397,rs71151500,0.35
3,141124607,rs2011092,3,141300621,rs9840159,0.342
3,141124607,rs2011092,3,141300901,rs11717144,0.342
3,141124607,rs2011092,3,141301451,rs3821710,0.246
3,141124607,rs2011092,3,141304571,rs6440013,0.247
3,141124607,rs2011092,3,141308454,rs4334619,0.341
3,141124607,rs2011092,3,141309304,rs9833121,0.342
3,141124607,rs2011092,3,141309510,rs9870749,0.342
3,141124607,rs2011092,3,141313715,rs35106155,0.339
3,141124607,rs2011092,3,141314133,chr3_141314133_A_T,0.246
3,141124607,rs2011092,3,141314819,rs9822575,0.339
3,141124607,rs2011092,3,141320284,3:141320284:CAAAAAAAAAGAA:CA,0.247
3,141124607,rs2011092,3,141320349,rs149880387,0.344
3,141124607,rs2011092,3,141320351,rs77603484,0.344
3,141124607,rs2011092,3,141321836,rs10663129,0.341
3,141124607,rs2011092,3,141323805,rs13076660,0.333
3,141124607,rs2011092,3,141324095,rs12695743,0.335
3,141124607,rs2011092,3,141324556,chr3_141324556_A_G,0.246
3,141124607,rs2011092,3,141327474,chr3_141327474_A_G,0.24
3,141124607,rs2011092,3,141327593,rs2312266,0.365
3,141124607,rs2011092,3,141327704,rs9873042,0.337
3,141124607,rs2011092,3,141331222,chr3_141331222_A_G,0.239
3,141124607,rs2011092,3,141331565,rs1709,0.164
3,141124607,rs2011092,3,141333835,rs11557453,0.337
3,141124607,rs2011092,3,141336305,rs13067519,0.337
3,141124607,rs2011092,3,141336351,rs6440015,0.242
3,141124607,rs2011092,3,141336557,rs13068454,0.372
3,141124607,rs2011092,3,141336708,rs2639998,0.242
3,141124607,rs2011092,3,141336832,rs10589233,0.241
3,141124607,rs2011092,3,141336835,rs55813385,0.243
3,141124607,rs2011092,3,141338529,chr3_141338529_C_T,0.115
3,141124607,rs2011092,3,141338641,chr3_141338641_A_G,0.221
3,141124607,rs2011092,3,141338997,chr3_141338997_A_C,0.055
