CHR_A,BP_A,SNP_A,CHR_B,BP_B,SNP_B,R2
5,1252245,rs62331331,5,1222499,rs34896724,0.05
5,1252245,rs62331331,5,1228953,rs4075300,0.051
5,1252245,rs62331331,5,1229707,rs12187821,0.051
5,1252245,rs62331331,5,1243699,rs35661976,0.734
5,1252245,rs62331331,5,1252245,rs62331331,1
5,1252245,rs62331331,5,1267202,rs3891054,0.088
5,1252245,rs62331331,5,1280477,rs13167280,0.076
5,1252245,rs62331331,5,1286037,rs62332583,0.479
5,1252245,rs62331331,5,1288883,rs34677523,0.058
5,1252245,rs62331331,5,1326034,rs13156683,0.075
5,1252245,rs62331331,5,1353077,chr5_1353077_C_T,0.438
5,1253918,rs35033501,5,1084670,chr5_1084670_C_T,0.086
5,1253918,rs35033501,5,1196021,rs72491337,0.052
5,1253918,rs35033501,5,1196395,rs56035223,0.054
5,1253918,rs35033501,5,1196833,rs139523069,0.055
5,1253918,rs35033501,5,1197525,rs150552323,0.055
5,1253918,rs35033501,5,1198319,rs80103033,0.056
5,1253918,rs35033501,5,1223062,rs10060827,0.051
5,1253918,rs35033501,5,1224083,rs7733146,0.051
5,1253918,rs35033501,5,1224174,rs7718900,0.051
5,1253918,rs35033501,5,1224285,rs7736057,0.051
5,1253918,rs35033501,5,1226105,rs12514171,0.052
5,1253918,rs35033501,5,1226229,rs12519229,0.052
5,1253918,rs35033501,5,1226691,rs10054420,0.052
5,1253918,rs35033501,5,1228323,rs58933348,0.059
5,1253918,rs35033501,5,1229725,rs62331325,0.06
5,1253918,rs35033501,5,1236690,rs6554679,0.084
5,1253918,rs35033501,5,1238676,rs74991989,0.068
5,1253918,rs35033501,5,1240848,chr5_1240848_A_C,0.085
5,1253918,rs35033501,5,1241908,chr5_1241908_C_T,0.088
5,1253918,rs35033501,5,1243009,rs7721679,0.164
5,1253918,rs35033501,5,1244286,rs7448994,0.086
5,1253918,rs35033501,5,1244425,rs4073918,0.086
5,1253918,rs35033501,5,1248354,rs12513872,0.079
5,1253918,rs35033501,5,1248873,rs6554691,0.08
5,1253918,rs35033501,5,1253918,rs35033501,1
5,1253918,rs35033501,5,1266310,rs2075786,0.052
5,1253918,rs35033501,5,1267356,rs4246742,0.134
5,1253918,rs35033501,5,1280477,rs13167280,0.147
5,1253918,rs35033501,5,1292118,rs71595003,0.681
5,1253918,rs35033501,5,1298733,rs13190087,0.537
5,1253918,rs35033501,5,1307629,rs200878815,0.053
5,1253918,rs35033501,5,1311198,rs12332579,0.088
5,1253918,rs35033501,5,1317102,rs6554759,0.088
5,1253918,rs35033501,5,1317949,rs1801075,0.087
5,1253918,rs35033501,5,1321873,rs10073340,0.089
5,1253918,rs35033501,5,1323726,rs75630086,0.284
5,1253918,rs35033501,5,1340252,rs35595862,0.086
5,1253918,rs35033501,5,1349130,rs71575565,0.076
5,1253918,rs35033501,5,1355859,rs9312825,0.1
5,1253918,rs35033501,5,1359260,rs35195551,0.066
5,1253918,rs35033501,5,1362205,rs35659713,0.055
5,1253918,rs35033501,5,1363048,rs3733798,0.057
5,1253918,rs35033501,5,1365018,rs113838085,0.057
5,1253918,rs35033501,5,1365064,rs113762475,0.057
5,1253918,rs35033501,5,1365982,rs13163340,0.057
5,1253918,rs35033501,5,1366962,rs13185938,0.064
5,1253918,rs35033501,5,1382417,rs71595036,0.071
5,1253918,rs35033501,5,1383169,rs13177347,0.069
5,1253918,rs35033501,5,1383363,chr5_1383363_A_C,0.098
5,1253918,rs35033501,5,1478395,rs62331141,0.088
5,1253918,rs35033501,5,1543918,rs13174377,0.142
5,1276769,rs372756401,5,1216215,rs75815531,0.061
5,1276769,rs372756401,5,1217074,rs76207842,0.062
5,1276769,rs372756401,5,1218122,rs183349305,0.061
5,1276769,rs372756401,5,1218489,rs75754222,0.061
5,1276769,rs372756401,5,1219611,rs80151745,0.062
5,1276769,rs372756401,5,1220737,rs116576729,0.062
5,1276769,rs372756401,5,1222245,rs57858472,0.062
5,1276769,rs372756401,5,1222480,rs4975542,0.062
5,1276769,rs372756401,5,1222667,rs115055421,0.062
5,1276769,rs372756401,5,1223874,chr5_1223874_A_G,0.061
5,1276769,rs372756401,5,1224795,rs11133695,0.103
5,1276769,rs372756401,5,1225449,rs72544115,0.061
5,1276769,rs372756401,5,1226477,rs114365822,0.062
5,1276769,rs372756401,5,1227449,rs115302277,0.062
5,1276769,rs372756401,5,1228881,rs4392671,0.062
5,1276769,rs372756401,5,1229330,rs78104696,0.062
5,1276769,rs372756401,5,1229363,rs140617923,0.062
5,1276769,rs372756401,5,1229863,rs139911309,0.062
5,1276769,rs372756401,5,1230090,rs74972490,0.062
5,1276769,rs372756401,5,1230945,rs76247443,0.062
5,1276769,rs372756401,5,1232408,chr5_1232408_A_G,0.062
5,1276769,rs372756401,5,1236291,rs6554677,0.08
5,1276769,rs372756401,5,1236530,rs6554678,0.08
5,1276769,rs372756401,5,1236791,rs116800353,0.07
5,1276769,rs372756401,5,1237131,rs4498293,0.08
5,1276769,rs372756401,5,1237205,rs4532396,0.08
5,1276769,rs372756401,5,1238676,rs74991989,0.093
5,1276769,rs372756401,5,1238753,rs10706768,0.099
5,1276769,rs372756401,5,1238967,rs4487533,0.07
5,1276769,rs372756401,5,1239159,rs201007258,0.07
5,1276769,rs372756401,5,1240204,rs78368589,0.071
5,1276769,rs372756401,5,1240998,rs77776598,0.071
5,1276769,rs372756401,5,1241992,rs78844046,0.071
5,1276769,rs372756401,5,1243245,rs34156553,0.071
5,1276769,rs372756401,5,1243475,rs4075202,0.071
5,1276769,rs372756401,5,1248275,rs146704064,0.072
5,1276769,rs372756401,5,1248354,rs12513872,0.06
5,1276769,rs372756401,5,1248873,rs6554691,0.062
5,1276769,rs372756401,5,1249047,rs4583925,0.071
5,1276769,rs372756401,5,1249353,rs4507531,0.071
5,1276769,rs372756401,5,1250292,rs6875445,0.072
5,1276769,rs372756401,5,1250493,rs79323805,0.071
5,1276769,rs372756401,5,1251901,rs4975539,0.074
5,1276769,rs372756401,5,1252463,rs4975618,0.058
5,1276769,rs372756401,5,1252475,rs4975617,0.059
5,1276769,rs372756401,5,1253744,rs2853690,0.07
5,1276769,rs372756401,5,1256585,rs2853687,0.148
5,1276769,rs372756401,5,1257621,rs2736122,0.147
5,1276769,rs372756401,5,1260195,rs2736118,0.151
5,1276769,rs372756401,5,1264068,rs2736115,0.15
5,1276769,rs372756401,5,1264152,rs2853685,0.146
5,1276769,rs372756401,5,1265204,rs2736114,0.148
5,1276769,rs372756401,5,1265373,rs2736113,0.151
5,1276769,rs372756401,5,1265935,rs2736111,0.156
5,1276769,rs372756401,5,1266226,rs2853684,0.158
5,1276769,rs372756401,5,1266310,rs2075786,0.288
5,1276769,rs372756401,5,1267202,rs3891054,0.101
5,1276769,rs372756401,5,1267356,rs4246742,0.226
5,1276769,rs372756401,5,1271524,rs11133719,0.16
5,1276769,rs372756401,5,1275528,rs4975605,0.129
5,1276769,rs372756401,5,1276769,rs372756401,1
5,1276769,rs372756401,5,1276873,rs56345976,0.989
5,1276769,rs372756401,5,1277577,rs33961405,0.114
5,1276769,rs372756401,5,1278584,OncoSet2075785,0.198
5,1276769,rs372756401,5,1279790,rs10069690,0.061
5,1276769,rs372756401,5,1280028,rs2242652,0.127
5,1276769,rs372756401,5,1280477,rs13167280,0.125
5,1276769,rs372756401,5,1283755,rs72709458,0.122
5,1276769,rs372756401,5,1284976,rs35029535,0.052
5,1276769,rs372756401,5,1294086,rs2736098,0.095
5,1276769,rs372756401,5,1295349,rs2853669,0.14
5,1276769,rs372756401,5,1296255,rs3215401,0.139
5,1276769,rs372756401,5,1296759,rs2736109,0.223
5,1276769,rs372756401,5,1297077,rs10548207,0.121
5,1276769,rs372756401,5,1297488,rs2736108,0.119
5,1276769,rs372756401,5,1297854,rs2736107,0.102
5,1276769,rs372756401,5,1298645,rs3888705,0.066
5,1276769,rs372756401,5,1298805,rs34736137,0.051
5,1276769,rs372756401,5,1299213,rs2735948,0.105
5,1276769,rs372756401,5,1299379,rs2735846,0.068
5,1276769,rs372756401,5,1300025,rs2853668,0.061
5,1276769,rs372756401,5,1302113,rs34218850,0.071
5,1276769,rs372756401,5,1302144,rs2736102,0.072
5,1276769,rs372756401,5,1302914,rs2853666,0.072
5,1276769,rs372756401,5,1303901,rs2735945,0.072
5,1276769,rs372756401,5,1304432,rs2735944,0.062
5,1276769,rs372756401,5,1306521,rs7446461,0.089
5,1276769,rs372756401,5,1307434,rs201770763,0.05
5,1276769,rs372756401,5,1307647,rs186156459,0.063
5,1276769,rs372756401,5,1307648,rs13189073,0.062
5,1276769,rs372756401,5,1307910,rs186730568,0.076
5,1276769,rs372756401,5,1308552,rs4635969,0.053
5,1276769,rs372756401,5,1311105,rs56335551,0.063
5,1276769,rs372756401,5,1311693,rs6866294,0.065
5,1276769,rs372756401,5,1312020,rs6866783,0.063
5,1276769,rs372756401,5,1312329,rs35953391,0.104
5,1276769,rs372756401,5,1312457,rs13356727,0.065
5,1276769,rs372756401,5,1312935,rs13355267,0.066
5,1276769,rs372756401,5,1312987,rs34258510,0.065
5,1276769,rs372756401,5,1313242,rs36115365,0.104
5,1276769,rs372756401,5,1313701,rs28379291,0.063
5,1276769,rs372756401,5,1314009,rs10078017,0.062
5,1276769,rs372756401,5,1315343,rs4975615,0.061
5,1276769,rs372756401,5,1315660,rs4975616,0.06
5,1276769,rs372756401,5,1317481,rs13170453,0.119
5,1276769,rs372756401,5,1317820,rs3816659,0.072
5,1276769,rs372756401,5,1319680,rs451360,0.118
5,1276769,rs372756401,5,1320136,rs421629,0.078
5,1276769,rs372756401,5,1320247,rs380286,0.078
5,1276769,rs372756401,5,1322087,rs401681,0.074
5,1276769,rs372756401,5,1322468,rs381949,0.074
5,1276769,rs372756401,5,1322663,rs428499,0.064
5,1276769,rs372756401,5,1323212,rs13178866,0.078
5,1276769,rs372756401,5,1324121,rs414965,0.073
5,1276769,rs372756401,5,1325590,rs421284,0.075
5,1276769,rs372756401,5,1325767,rs466502,0.079
5,1276769,rs372756401,5,1325803,rs465498,0.08
5,1276769,rs372756401,5,1327101,rs11133729,0.08
5,1276769,rs372756401,5,1327851,rs383009,0.076
5,1276769,rs372756401,5,1328897,rs380145,0.116
5,1276769,rs372756401,5,1330253,rs452932,0.08
5,1276769,rs372756401,5,1330840,rs452384,0.08
5,1276769,rs372756401,5,1331219,rs370348,0.08
5,1276769,rs372756401,5,1331673,5:1331673:CAGGCCCTGAGCTGTGCAGCCGCTGG:C,0.051
5,1276769,rs372756401,5,1331685,rs62329699,0.051
5,1276769,rs372756401,5,1333077,rs2447853,0.079
5,1276769,rs372756401,5,1334507,rs5865369,0.08
5,1276769,rs372756401,5,1335385,rs3030832,0.119
5,1276769,rs372756401,5,1336178,rs457130,0.076
5,1276769,rs372756401,5,1336221,rs467095,0.08
5,1276769,rs372756401,5,1336243,rs455433,0.08
5,1276769,rs372756401,5,1336459,rs460073,0.08
5,1276769,rs372756401,5,1336626,rs462608,0.076
5,1276769,rs372756401,5,1337070,rs456366,0.079
5,1276769,rs372756401,5,1337106,rs459961,0.08
5,1276769,rs372756401,5,1337906,rs31484,0.08
5,1276769,rs372756401,5,1338523,rs34620990,0.075
5,1276769,rs372756401,5,1338532,rs34620990,0.072
5,1276769,rs372756401,5,1339797,rs71575564,0.087
5,1276769,rs372756401,5,1339890,rs36019446,0.067
5,1276769,rs372756401,5,1339985,rs42269,0.096
5,1276769,rs372756401,5,1341101,rs31487,0.08
5,1276769,rs372756401,5,1342157,rs31488,0.075
5,1276769,rs372756401,5,1342714,rs31489,0.082
5,1276769,rs372756401,5,1343794,rs10462706,0.05
5,1276769,rs372756401,5,1344458,rs31490,0.086
5,1276769,rs372756401,5,1345474,rs27996,0.077
5,1276769,rs372756401,5,1346081,rs27071,0.085
5,1276769,rs372756401,5,1346303,rs27070,0.08
5,1276769,rs372756401,5,1347128,rs27069,0.089
5,1276769,rs372756401,5,1347239,chr5_1347239_C_T,0.086
5,1276769,rs372756401,5,1348798,rs37011,0.086
5,1276769,rs372756401,5,1349535,rs37010,0.083
5,1276769,rs372756401,5,1350339,rs37009,0.085
5,1276769,rs372756401,5,1350397,rs40182,0.085
5,1276769,rs372756401,5,1351538,rs37008,0.082
5,1276769,rs372756401,5,1352372,rs37007,0.083
5,1276769,rs372756401,5,1354022,rs57516180,0.076
5,1276769,rs372756401,5,1354462,rs40181,0.077
5,1276769,rs372756401,5,1355058,rs37006,0.077
5,1276769,rs372756401,5,1356450,rs37005,0.076
5,1276769,rs372756401,5,1356684,rs37004,0.123
5,1276769,rs372756401,5,1356771,rs37003,0.077
5,1276769,rs372756401,5,1356944,rs37002,0.078
5,1276769,rs372756401,5,1358822,rs6889886,0.073
5,1276769,rs372756401,5,1359098,rs6890396,0.072
5,1276769,rs372756401,5,1360487,rs10050865,0.064
5,1276769,rs372756401,5,1361888,rs27919,0.052
5,1276769,rs372756401,5,1364439,rs11745877,0.063
5,1276769,rs372756401,5,1366098,rs183126,0.067
5,1276769,rs372756401,5,1368678,rs506156,0.058
5,1276769,rs372756401,5,1370832,rs2963265,0.058
5,1276769,rs372756401,5,1374233,rs55931458,0.052
5,1276769,rs372756401,5,1394522,rs27072,0.051
5,1279790,rs10069690,5,1228458,rs4975624,0.051
5,1279790,rs10069690,5,1228719,rs7730878,0.051
5,1279790,rs10069690,5,1237435,rs7731934,0.068
5,1279790,rs10069690,5,1237683,chr5_1237683_A_G,0.068
5,1279790,rs10069690,5,1238375,rs13189855,0.058
5,1279790,rs10069690,5,1238381,rs59285803,0.058
5,1279790,rs10069690,5,1238384,rs58270569,0.058
5,1279790,rs10069690,5,1238753,rs10706768,0.063
5,1279790,rs10069690,5,1238757,rs56361499,0.052
5,1279790,rs10069690,5,1239043,chr5_1239043_C_T,0.067
5,1279790,rs10069690,5,1240103,rs60021514,0.068
5,1279790,rs10069690,5,1245363,chr5_1245363_C_T,0.052
5,1279790,rs10069690,5,1247873,rs4975620,0.06
5,1279790,rs10069690,5,1249594,rs10078761,0.058
5,1279790,rs10069690,5,1252463,rs4975618,0.083
5,1279790,rs10069690,5,1252475,rs4975617,0.083
5,1279790,rs10069690,5,1266310,rs2075786,0.052
5,1279790,rs10069690,5,1276769,rs372756401,0.061
5,1279790,rs10069690,5,1276873,rs56345976,0.064
5,1279790,rs10069690,5,1277577,rs33961405,0.187
5,1279790,rs10069690,5,1278584,OncoSet2075785,0.051
5,1279790,rs10069690,5,1279790,rs10069690,1
5,1279790,rs10069690,5,1279964,rs10054203,0.517
5,1279790,rs10069690,5,1280028,rs2242652,0.72
5,1279790,rs10069690,5,1280128,rs7734992,0.493
5,1279790,rs10069690,5,1280477,rs13167280,0.055
5,1279790,rs10069690,5,1280830,rs4975538,0.478
5,1279790,rs10069690,5,1280938,rs6897196,0.534
5,1279790,rs10069690,5,1280940,rs34002450,0.468
5,1279790,rs10069690,5,1282319,rs7726159,0.483
5,1279790,rs10069690,5,1282414,rs7725218,0.545
5,1279790,rs10069690,5,1283312,rs7713218,0.326
5,1279790,rs10069690,5,1283486,rs7717443,0.331
5,1279790,rs10069690,5,1283755,rs72709458,0.711
5,1279790,rs10069690,5,1284135,rs4449583,0.474
5,1279790,rs10069690,5,1284976,rs35029535,0.23
5,1279790,rs10069690,5,1285162,rs10866498,0.309
5,1279790,rs10069690,5,1285974,rs7705526,0.314
5,1279790,rs10069690,5,1286477,chr5_1286477_G_T,0.052
5,1279790,rs10069690,5,1286516,rs2736100,0.256
5,1279790,rs10069690,5,1287194,rs2853677,0.054
5,1279790,rs10069690,5,1287340,rs2736099,0.06
5,1279790,rs10069690,5,1288547,rs2853676,0.132
5,1279790,rs10069690,5,1289975,rs74682426,0.255
5,1279790,rs10069690,5,1290319,rs62332591,0.082
5,1279790,rs10069690,5,1291331,rs11414507,0.252
5,1279790,rs10069690,5,1292643,rs33951612,0.123
5,1279790,rs10069690,5,1292983,rs2853672,0.123
5,1279790,rs10069690,5,1296072,rs7712562,0.246
5,1279790,rs10069690,5,1296486,rs2735940,0.122
5,1279790,rs10069690,5,1297258,rs6554754,0.218
5,1279790,rs10069690,5,1297918,rs7449190,0.248
5,1279790,rs10069690,5,1311198,rs12332579,0.077
5,1279790,rs10069690,5,1317102,rs6554759,0.071
5,1279790,rs10069690,5,1317949,rs1801075,0.069
5,1279790,rs10069690,5,1321873,rs10073340,0.07
5,1279790,rs10069690,5,1332030,chr5_1332031_CTC_INDEL,0.055
5,1279790,rs10069690,5,1340252,rs35595862,0.067
5,1279790,rs10069690,5,1349130,rs71575565,0.051
5,1279964,rs10054203,5,1238714,rs56026791,0.053
5,1279964,rs10054203,5,1238757,rs56361499,0.066
5,1279964,rs10054203,5,1273905,rs56081816,0.065
5,1279964,rs10054203,5,1275528,rs4975605,0.132
5,1279964,rs10054203,5,1277577,rs33961405,0.399
5,1279964,rs10054203,5,1278584,OncoSet2075785,0.095
5,1279964,rs10054203,5,1279790,rs10069690,0.517
5,1279964,rs10054203,5,1279964,rs10054203,1
5,1279964,rs10054203,5,1280028,rs2242652,0.395
5,1279964,rs10054203,5,1280128,rs7734992,0.867
5,1279964,rs10054203,5,1280477,rs13167280,0.21
5,1279964,rs10054203,5,1280830,rs4975538,0.8
5,1279964,rs10054203,5,1280938,rs6897196,0.939
5,1279964,rs10054203,5,1280940,rs34002450,0.875
5,1279964,rs10054203,5,1282319,rs7726159,0.673
5,1279964,rs10054203,5,1282414,rs7725218,0.721
5,1279964,rs10054203,5,1283312,rs7713218,0.401
5,1279964,rs10054203,5,1283486,rs7717443,0.399
5,1279964,rs10054203,5,1283755,rs72709458,0.394
5,1279964,rs10054203,5,1284135,rs4449583,0.655
5,1279964,rs10054203,5,1284976,rs35029535,0.223
5,1279964,rs10054203,5,1285162,rs10866498,0.362
5,1279964,rs10054203,5,1285974,rs7705526,0.48
5,1279964,rs10054203,5,1286516,rs2736100,0.295
5,1279964,rs10054203,5,1287194,rs2853677,0.062
5,1279964,rs10054203,5,1287340,rs2736099,0.081
5,1279964,rs10054203,5,1289975,rs74682426,0.131
5,1279964,rs10054203,5,1290319,rs62332591,0.095
5,1279964,rs10054203,5,1291331,rs11414507,0.129
5,1279964,rs10054203,5,1292643,rs33951612,0.114
5,1279964,rs10054203,5,1292983,rs2853672,0.114
5,1279964,rs10054203,5,1296072,rs7712562,0.126
5,1279964,rs10054203,5,1296486,rs2735940,0.113
5,1279964,rs10054203,5,1297258,rs6554754,0.113
5,1279964,rs10054203,5,1297918,rs7449190,0.126
5,1279964,rs10054203,5,1311198,rs12332579,0.094
5,1279964,rs10054203,5,1317102,rs6554759,0.09
5,1279964,rs10054203,5,1317949,rs1801075,0.088
5,1279964,rs10054203,5,1321873,rs10073340,0.09
5,1279964,rs10054203,5,1340252,rs35595862,0.084
5,1279964,rs10054203,5,1349130,rs71575565,0.07
5,1279964,rs10054203,5,1355859,rs9312825,0.062
5,1280028,rs2242652,5,1220010,rs11746437,0.067
5,1280028,rs2242652,5,1222499,rs34896724,0.066
5,1280028,rs2242652,5,1228953,rs4075300,0.068
5,1280028,rs2242652,5,1229707,rs12187821,0.068
5,1280028,rs2242652,5,1237435,rs7731934,0.098
5,1280028,rs2242652,5,1237683,chr5_1237683_A_G,0.098
5,1280028,rs2242652,5,1238375,rs13189855,0.066
5,1280028,rs2242652,5,1238381,rs59285803,0.066
5,1280028,rs2242652,5,1238384,rs58270569,0.066
5,1280028,rs2242652,5,1238753,rs10706768,0.058
5,1280028,rs2242652,5,1238757,rs56361499,0.059
5,1280028,rs2242652,5,1239043,chr5_1239043_C_T,0.097
5,1280028,rs2242652,5,1240103,rs60021514,0.098
5,1280028,rs2242652,5,1245363,chr5_1245363_C_T,0.08
5,1280028,rs2242652,5,1247873,rs4975620,0.08
5,1280028,rs2242652,5,1249594,rs10078761,0.077
5,1280028,rs2242652,5,1252463,rs4975618,0.108
5,1280028,rs2242652,5,1252475,rs4975617,0.109
5,1280028,rs2242652,5,1261052,rs11133715,0.059
5,1280028,rs2242652,5,1263408,rs34529095,0.053
5,1280028,rs2242652,5,1266310,rs2075786,0.053
5,1280028,rs2242652,5,1273905,rs56081816,0.072
5,1280028,rs2242652,5,1275528,rs4975605,0.057
5,1280028,rs2242652,5,1276769,rs372756401,0.127
5,1280028,rs2242652,5,1276873,rs56345976,0.131
5,1280028,rs2242652,5,1277577,rs33961405,0.164
5,1280028,rs2242652,5,1279790,rs10069690,0.72
5,1280028,rs2242652,5,1279964,rs10054203,0.395
5,1280028,rs2242652,5,1280028,rs2242652,1
5,1280028,rs2242652,5,1280128,rs7734992,0.375
5,1280028,rs2242652,5,1280830,rs4975538,0.454
5,1280028,rs2242652,5,1280938,rs6897196,0.409
5,1280028,rs2242652,5,1280940,rs34002450,0.428
5,1280028,rs2242652,5,1282319,rs7726159,0.44
5,1280028,rs2242652,5,1282414,rs7725218,0.41
5,1280028,rs2242652,5,1283312,rs7713218,0.245
5,1280028,rs2242652,5,1283486,rs7717443,0.248
5,1280028,rs2242652,5,1283755,rs72709458,0.78
5,1280028,rs2242652,5,1284135,rs4449583,0.429
5,1280028,rs2242652,5,1284976,rs35029535,0.172
5,1280028,rs2242652,5,1285162,rs10866498,0.221
5,1280028,rs2242652,5,1285974,rs7705526,0.262
5,1280028,rs2242652,5,1286477,chr5_1286477_G_T,0.076
5,1280028,rs2242652,5,1286516,rs2736100,0.178
5,1280028,rs2242652,5,1287194,rs2853677,0.078
5,1280028,rs2242652,5,1288547,rs2853676,0.148
5,1280028,rs2242652,5,1289975,rs74682426,0.339
5,1280028,rs2242652,5,1290319,rs62332591,0.061
5,1280028,rs2242652,5,1291331,rs11414507,0.338
5,1280028,rs2242652,5,1292643,rs33951612,0.066
5,1280028,rs2242652,5,1292983,rs2853672,0.066
5,1280028,rs2242652,5,1294086,rs2736098,0.051
5,1280028,rs2242652,5,1295349,rs2853669,0.06
5,1280028,rs2242652,5,1296072,rs7712562,0.33
5,1280028,rs2242652,5,1296255,rs3215401,0.06
5,1280028,rs2242652,5,1296486,rs2735940,0.065
5,1280028,rs2242652,5,1296759,rs2736109,0.067
5,1280028,rs2242652,5,1297077,rs10548207,0.055
5,1280028,rs2242652,5,1297258,rs6554754,0.282
5,1280028,rs2242652,5,1297488,rs2736108,0.053
5,1280028,rs2242652,5,1297854,rs2736107,0.052
5,1280028,rs2242652,5,1297918,rs7449190,0.326
5,1280028,rs2242652,5,1299213,rs2735948,0.08
5,1280028,rs2242652,5,1300429,rs2735946,0.094
5,1280028,rs2242652,5,1302113,rs34218850,0.067
5,1280028,rs2242652,5,1302144,rs2736102,0.067
5,1280028,rs2242652,5,1302914,rs2853666,0.067
5,1280028,rs2242652,5,1303901,rs2735945,0.067
5,1280028,rs2242652,5,1306165,rs4404721,0.057
5,1280028,rs2242652,5,1306331,rs4530805,0.056
5,1280028,rs2242652,5,1307434,rs201770763,0.063
5,1280028,rs2242652,5,1309168,rs61574973,0.057
5,1280028,rs2242652,5,1309904,rs60622800,0.082
5,1280028,rs2242652,5,1310152,rs6554758,0.082
5,1280028,rs2242652,5,1311105,rs56335551,0.068
5,1280028,rs2242652,5,1311198,rs12332579,0.118
5,1280028,rs2242652,5,1311693,rs6866294,0.068
5,1280028,rs2242652,5,1312457,rs13356727,0.068
5,1280028,rs2242652,5,1312935,rs13355267,0.068
5,1280028,rs2242652,5,1312987,rs34258510,0.062
5,1280028,rs2242652,5,1315660,rs4975616,0.066
5,1280028,rs2242652,5,1317102,rs6554759,0.104
5,1280028,rs2242652,5,1317949,rs1801075,0.102
5,1280028,rs2242652,5,1320136,rs421629,0.055
5,1280028,rs2242652,5,1320247,rs380286,0.055
5,1280028,rs2242652,5,1321873,rs10073340,0.103
5,1280028,rs2242652,5,1322087,rs401681,0.054
5,1280028,rs2242652,5,1323212,rs13178866,0.055
5,1280028,rs2242652,5,1325590,rs421284,0.054
5,1280028,rs2242652,5,1325767,rs466502,0.055
5,1280028,rs2242652,5,1325803,rs465498,0.056
5,1280028,rs2242652,5,1327101,rs11133729,0.056
5,1280028,rs2242652,5,1330253,rs452932,0.056
5,1280028,rs2242652,5,1330840,rs452384,0.056
5,1280028,rs2242652,5,1331219,rs370348,0.056
5,1280028,rs2242652,5,1332030,chr5_1332031_CTC_INDEL,0.081
5,1280028,rs2242652,5,1333077,rs2447853,0.057
5,1280028,rs2242652,5,1334507,rs5865369,0.056
5,1280028,rs2242652,5,1334869,rs3030834,0.079
5,1280028,rs2242652,5,1336221,rs467095,0.056
5,1280028,rs2242652,5,1336243,rs455433,0.056
5,1280028,rs2242652,5,1336459,rs460073,0.056
5,1280028,rs2242652,5,1337070,rs456366,0.056
5,1280028,rs2242652,5,1337106,rs459961,0.056
5,1280028,rs2242652,5,1337906,rs31484,0.056
5,1280028,rs2242652,5,1339797,rs71575564,0.059
5,1280028,rs2242652,5,1339890,rs36019446,0.071
5,1280028,rs2242652,5,1340252,rs35595862,0.099
5,1280028,rs2242652,5,1341101,rs31487,0.056
5,1280028,rs2242652,5,1344458,rs31490,0.057
5,1280028,rs2242652,5,1349130,rs71575565,0.079
5,1280028,rs2242652,5,1355859,rs9312825,0.058
5,1280940,rs34002450,5,1238757,rs56361499,0.064
5,1280940,rs34002450,5,1273905,rs56081816,0.084
5,1280940,rs34002450,5,1275528,rs4975605,0.166
5,1280940,rs34002450,5,1277577,rs33961405,0.387
5,1280940,rs34002450,5,1278584,OncoSet2075785,0.087
5,1280940,rs34002450,5,1279790,rs10069690,0.468
5,1280940,rs34002450,5,1279964,rs10054203,0.875
5,1280940,rs34002450,5,1280028,rs2242652,0.428
5,1280940,rs34002450,5,1280128,rs7734992,0.833
5,1280940,rs34002450,5,1280477,rs13167280,0.228
5,1280940,rs34002450,5,1280830,rs4975538,0.924
5,1280940,rs34002450,5,1280938,rs6897196,0.932
5,1280940,rs34002450,5,1280940,rs34002450,1
5,1280940,rs34002450,5,1282319,rs7726159,0.771
5,1280940,rs34002450,5,1282414,rs7725218,0.716
5,1280940,rs34002450,5,1283312,rs7713218,0.41
5,1280940,rs34002450,5,1283486,rs7717443,0.406
5,1280940,rs34002450,5,1283755,rs72709458,0.457
5,1280940,rs34002450,5,1284135,rs4449583,0.75
5,1280940,rs34002450,5,1284976,rs35029535,0.227
5,1280940,rs34002450,5,1285162,rs10866498,0.365
5,1280940,rs34002450,5,1285974,rs7705526,0.557
5,1280940,rs34002450,5,1286516,rs2736100,0.298
5,1280940,rs34002450,5,1287194,rs2853677,0.084
5,1280940,rs34002450,5,1287340,rs2736099,0.11
5,1280940,rs34002450,5,1288547,rs2853676,0.055
5,1280940,rs34002450,5,1289975,rs74682426,0.153
5,1280940,rs34002450,5,1290319,rs62332591,0.117
5,1280940,rs34002450,5,1291331,rs11414507,0.151
5,1280940,rs34002450,5,1292643,rs33951612,0.112
5,1280940,rs34002450,5,1292983,rs2853672,0.112
5,1280940,rs34002450,5,1296072,rs7712562,0.147
5,1280940,rs34002450,5,1296486,rs2735940,0.111
5,1280940,rs34002450,5,1297258,rs6554754,0.13
5,1280940,rs34002450,5,1297918,rs7449190,0.146
5,1280940,rs34002450,5,1298733,rs13190087,0.05
5,1280940,rs34002450,5,1311198,rs12332579,0.109
5,1280940,rs34002450,5,1317102,rs6554759,0.1
5,1280940,rs34002450,5,1317949,rs1801075,0.097
5,1280940,rs34002450,5,1321873,rs10073340,0.099
5,1280940,rs34002450,5,1340252,rs35595862,0.094
5,1280940,rs34002450,5,1349130,rs71575565,0.078
5,1280940,rs34002450,5,1355859,rs9312825,0.068
5,1283755,rs72709458,5,1237435,rs7731934,0.06
5,1283755,rs72709458,5,1237683,chr5_1237683_A_G,0.06
5,1283755,rs72709458,5,1238753,rs10706768,0.05
5,1283755,rs72709458,5,1239043,chr5_1239043_C_T,0.059
5,1283755,rs72709458,5,1240103,rs60021514,0.06
5,1283755,rs72709458,5,1247873,rs4975620,0.054
5,1283755,rs72709458,5,1249594,rs10078761,0.052
5,1283755,rs72709458,5,1252463,rs4975618,0.075
5,1283755,rs72709458,5,1252475,rs4975617,0.075
5,1283755,rs72709458,5,1266310,rs2075786,0.055
5,1283755,rs72709458,5,1273905,rs56081816,0.058
5,1283755,rs72709458,5,1276769,rs372756401,0.122
5,1283755,rs72709458,5,1276873,rs56345976,0.126
5,1283755,rs72709458,5,1277577,rs33961405,0.119
5,1283755,rs72709458,5,1279790,rs10069690,0.711
5,1283755,rs72709458,5,1279964,rs10054203,0.394
5,1283755,rs72709458,5,1280028,rs2242652,0.78
5,1283755,rs72709458,5,1280128,rs7734992,0.377
5,1283755,rs72709458,5,1280830,rs4975538,0.488
5,1283755,rs72709458,5,1280938,rs6897196,0.427
5,1283755,rs72709458,5,1280940,rs34002450,0.457
5,1283755,rs72709458,5,1282319,rs7726159,0.581
5,1283755,rs72709458,5,1282414,rs7725218,0.542
5,1283755,rs72709458,5,1283312,rs7713218,0.347
5,1283755,rs72709458,5,1283486,rs7717443,0.35
5,1283755,rs72709458,5,1283755,rs72709458,1
5,1283755,rs72709458,5,1284135,rs4449583,0.582
5,1283755,rs72709458,5,1284976,rs35029535,0.202
5,1283755,rs72709458,5,1285162,rs10866498,0.322
5,1283755,rs72709458,5,1285974,rs7705526,0.403
5,1283755,rs72709458,5,1286477,chr5_1286477_G_T,0.073
5,1283755,rs72709458,5,1286516,rs2736100,0.276
5,1283755,rs72709458,5,1287194,rs2853677,0.092
5,1283755,rs72709458,5,1287340,rs2736099,0.102
5,1283755,rs72709458,5,1288547,rs2853676,0.174
5,1283755,rs72709458,5,1289975,rs74682426,0.384
5,1283755,rs72709458,5,1290319,rs62332591,0.117
5,1283755,rs72709458,5,1291331,rs11414507,0.382
5,1283755,rs72709458,5,1292643,rs33951612,0.123
5,1283755,rs72709458,5,1292983,rs2853672,0.123
5,1283755,rs72709458,5,1296072,rs7712562,0.374
5,1283755,rs72709458,5,1296486,rs2735940,0.122
5,1283755,rs72709458,5,1296759,rs2736109,0.065
5,1283755,rs72709458,5,1297258,rs6554754,0.334
5,1283755,rs72709458,5,1297918,rs7449190,0.376
5,1283755,rs72709458,5,1299213,rs2735948,0.082
5,1283755,rs72709458,5,1300429,rs2735946,0.091
5,1283755,rs72709458,5,1302113,rs34218850,0.062
5,1283755,rs72709458,5,1302144,rs2736102,0.062
5,1283755,rs72709458,5,1302914,rs2853666,0.062
5,1283755,rs72709458,5,1303901,rs2735945,0.062
5,1283755,rs72709458,5,1306165,rs4404721,0.052
5,1283755,rs72709458,5,1306331,rs4530805,0.051
5,1283755,rs72709458,5,1307434,rs201770763,0.058
5,1283755,rs72709458,5,1309168,rs61574973,0.052
5,1283755,rs72709458,5,1309904,rs60622800,0.078
5,1283755,rs72709458,5,1310152,rs6554758,0.078
5,1283755,rs72709458,5,1311105,rs56335551,0.063
5,1283755,rs72709458,5,1311198,rs12332579,0.126
5,1283755,rs72709458,5,1311693,rs6866294,0.064
5,1283755,rs72709458,5,1312457,rs13356727,0.064
5,1283755,rs72709458,5,1312935,rs13355267,0.063
5,1283755,rs72709458,5,1312987,rs34258510,0.058
5,1283755,rs72709458,5,1315660,rs4975616,0.062
5,1283755,rs72709458,5,1317102,rs6554759,0.11
5,1283755,rs72709458,5,1317949,rs1801075,0.108
5,1283755,rs72709458,5,1320136,rs421629,0.05
5,1283755,rs72709458,5,1320247,rs380286,0.05
5,1283755,rs72709458,5,1321873,rs10073340,0.109
5,1283755,rs72709458,5,1322087,rs401681,0.05
5,1283755,rs72709458,5,1323212,rs13178866,0.051
5,1283755,rs72709458,5,1325803,rs465498,0.05
5,1283755,rs72709458,5,1327101,rs11133729,0.05
5,1283755,rs72709458,5,1328747,rs116555409,0.054
5,1283755,rs72709458,5,1330253,rs452932,0.05
5,1283755,rs72709458,5,1330840,rs452384,0.051
5,1283755,rs72709458,5,1331219,rs370348,0.051
5,1283755,rs72709458,5,1332030,chr5_1332031_CTC_INDEL,0.08
5,1283755,rs72709458,5,1333077,rs2447853,0.052
5,1283755,rs72709458,5,1334507,rs5865369,0.051
5,1283755,rs72709458,5,1334869,rs3030834,0.08
5,1283755,rs72709458,5,1336221,rs467095,0.051
5,1283755,rs72709458,5,1336243,rs455433,0.051
5,1283755,rs72709458,5,1336459,rs460073,0.051
5,1283755,rs72709458,5,1337070,rs456366,0.051
5,1283755,rs72709458,5,1337106,rs459961,0.051
5,1283755,rs72709458,5,1337906,rs31484,0.051
5,1283755,rs72709458,5,1338078,Chr5:1338078:C:T,0.053
5,1283755,rs72709458,5,1339797,rs71575564,0.053
5,1283755,rs72709458,5,1339890,rs36019446,0.065
5,1283755,rs72709458,5,1340252,rs35595862,0.106
5,1283755,rs72709458,5,1341101,rs31487,0.051
5,1283755,rs72709458,5,1344458,rs31490,0.052
5,1283755,rs72709458,5,1349130,rs71575565,0.083
5,1283755,rs72709458,5,1355859,rs9312825,0.061
5,1284135,rs4449583,5,1275528,rs4975605,0.094
5,1284135,rs4449583,5,1277577,rs33961405,0.268
5,1284135,rs4449583,5,1278584,OncoSet2075785,0.073
5,1284135,rs4449583,5,1279790,rs10069690,0.474
5,1284135,rs4449583,5,1279964,rs10054203,0.655
5,1284135,rs4449583,5,1280028,rs2242652,0.429
5,1284135,rs4449583,5,1280128,rs7734992,0.631
5,1284135,rs4449583,5,1280477,rs13167280,0.078
5,1284135,rs4449583,5,1280830,rs4975538,0.694
5,1284135,rs4449583,5,1280938,rs6897196,0.702
5,1284135,rs4449583,5,1280940,rs34002450,0.75
5,1284135,rs4449583,5,1282319,rs7726159,0.993
5,1284135,rs4449583,5,1282414,rs7725218,0.93
5,1284135,rs4449583,5,1283312,rs7713218,0.588
5,1284135,rs4449583,5,1283486,rs7717443,0.596
5,1284135,rs4449583,5,1283755,rs72709458,0.582
5,1284135,rs4449583,5,1284135,rs4449583,1
5,1284135,rs4449583,5,1284976,rs35029535,0.34
5,1284135,rs4449583,5,1285162,rs10866498,0.544
5,1284135,rs4449583,5,1285974,rs7705526,0.804
5,1284135,rs4449583,5,1286516,rs2736100,0.483
5,1284135,rs4449583,5,1287194,rs2853677,0.164
5,1284135,rs4449583,5,1287340,rs2736099,0.196
5,1284135,rs4449583,5,1288547,rs2853676,0.1
5,1284135,rs4449583,5,1289975,rs74682426,0.228
5,1284135,rs4449583,5,1290319,rs62332591,0.216
5,1284135,rs4449583,5,1291331,rs11414507,0.227
5,1284135,rs4449583,5,1292643,rs33951612,0.212
5,1284135,rs4449583,5,1292983,rs2853672,0.213
5,1284135,rs4449583,5,1296072,rs7712562,0.221
5,1284135,rs4449583,5,1296486,rs2735940,0.211
5,1284135,rs4449583,5,1297258,rs6554754,0.201
5,1284135,rs4449583,5,1297918,rs7449190,0.224
5,1284135,rs4449583,5,1298782,rs2736106,0.054
5,1284135,rs4449583,5,1298805,rs34736137,0.06
5,1284135,rs4449583,5,1300310,rs4975612,0.053
5,1284135,rs4449583,5,1311198,rs12332579,0.055
5,1284135,rs4449583,5,1322663,rs428499,0.05
5,1284135,rs4449583,5,1323196,rs410805,0.065
5,1284135,rs4449583,5,1358901,rs27067,0.061
5,1284135,rs4449583,5,1359255,rs27065,0.062
5,1284135,rs4449583,5,1361400,rs27062,0.057
5,1284135,rs4449583,5,1362793,OncoSet27061,0.056
5,1284135,rs4449583,5,1362849,rs1610867,0.061
5,1284135,rs4449583,5,1366962,rs13185938,0.056
5,1284976,rs35029535,5,1267202,rs3891054,0.063
5,1284976,rs35029535,5,1273905,rs56081816,0.065
5,1284976,rs35029535,5,1275528,rs4975605,0.223
5,1284976,rs35029535,5,1276769,rs372756401,0.052
5,1284976,rs35029535,5,1276873,rs56345976,0.051
5,1284976,rs35029535,5,1277577,rs33961405,0.141
5,1284976,rs35029535,5,1278584,OncoSet2075785,0.088
5,1284976,rs35029535,5,1279790,rs10069690,0.23
5,1284976,rs35029535,5,1279964,rs10054203,0.223
5,1284976,rs35029535,5,1280028,rs2242652,0.172
5,1284976,rs35029535,5,1280128,rs7734992,0.193
5,1284976,rs35029535,5,1280830,rs4975538,0.202
5,1284976,rs35029535,5,1280938,rs6897196,0.25
5,1284976,rs35029535,5,1280940,rs34002450,0.227
5,1284976,rs35029535,5,1282319,rs7726159,0.341
5,1284976,rs35029535,5,1282414,rs7725218,0.366
5,1284976,rs35029535,5,1283312,rs7713218,0.577
5,1284976,rs35029535,5,1283486,rs7717443,0.568
5,1284976,rs35029535,5,1283755,rs72709458,0.202
5,1284976,rs35029535,5,1284135,rs4449583,0.34
5,1284976,rs35029535,5,1284976,rs35029535,1
5,1284976,rs35029535,5,1285162,rs10866498,0.606
5,1284976,rs35029535,5,1285974,rs7705526,0.232
5,1284976,rs35029535,5,1286516,rs2736100,0.206
5,1284976,rs35029535,5,1287194,rs2853677,0.05
5,1284976,rs35029535,5,1289975,rs74682426,0.081
5,1284976,rs35029535,5,1290319,rs62332591,0.077
5,1284976,rs35029535,5,1291331,rs11414507,0.08
5,1284976,rs35029535,5,1292643,rs33951612,0.089
5,1284976,rs35029535,5,1292983,rs2853672,0.089
5,1284976,rs35029535,5,1296072,rs7712562,0.078
5,1284976,rs35029535,5,1296486,rs2735940,0.088
5,1284976,rs35029535,5,1297258,rs6554754,0.076
5,1284976,rs35029535,5,1297918,rs7449190,0.082
5,1284976,rs35029535,5,1298645,rs3888705,0.066
5,1284976,rs35029535,5,1298733,rs13190087,0.051
5,1284976,rs35029535,5,1298782,rs2736106,0.067
5,1284976,rs35029535,5,1298805,rs34736137,0.083
5,1284976,rs35029535,5,1299087,rs62329683,0.075
5,1284976,rs35029535,5,1299392,rs2735947,0.083
5,1284976,rs35029535,5,1299756,rs2736105,0.051
5,1284976,rs35029535,5,1299859,rs13174814,0.061
5,1284976,rs35029535,5,1299862,rs13174919,0.06
5,1284976,rs35029535,5,1300439,rs11749061,0.115
5,1284976,rs35029535,5,1302702,rs78340245,0.077
5,1284976,rs35029535,5,1304432,rs2735944,0.066
5,1284976,rs35029535,5,1307647,rs186156459,0.062
5,1284976,rs35029535,5,1307648,rs13189073,0.063
5,1284976,rs35029535,5,1308005,5:1308005:T:TTATATATG,0.053
5,1284976,rs35029535,5,1311442,rs74608764,0.053
5,1284976,rs35029535,5,1314694,rs115494926,0.052
5,1284976,rs35029535,5,1337174,rs74739441,0.118
5,1284976,rs35029535,5,1359260,rs35195551,0.174
5,1284976,rs35029535,5,1362205,rs35659713,0.137
5,1284976,rs35029535,5,1363048,rs3733798,0.144
5,1284976,rs35029535,5,1365018,rs113838085,0.142
5,1284976,rs35029535,5,1365064,rs113762475,0.145
5,1284976,rs35029535,5,1365982,rs13163340,0.144
5,1284976,rs35029535,5,1366962,rs13185938,0.158
5,1285974,rs7705526,5,1228235,rs59438556,0.052
5,1285974,rs7705526,5,1277577,rs33961405,0.241
5,1285974,rs7705526,5,1278584,OncoSet2075785,0.067
5,1285974,rs7705526,5,1279790,rs10069690,0.314
5,1285974,rs7705526,5,1279964,rs10054203,0.48
5,1285974,rs7705526,5,1280028,rs2242652,0.262
5,1285974,rs7705526,5,1280128,rs7734992,0.573
5,1285974,rs7705526,5,1280477,rs13167280,0.079
5,1285974,rs7705526,5,1280830,rs4975538,0.507
5,1285974,rs7705526,5,1280938,rs6897196,0.518
5,1285974,rs7705526,5,1280940,rs34002450,0.557
5,1285974,rs7705526,5,1282319,rs7726159,0.785
5,1285974,rs7705526,5,1282414,rs7725218,0.732
5,1285974,rs7705526,5,1283312,rs7713218,0.439
5,1285974,rs7705526,5,1283486,rs7717443,0.447
5,1285974,rs7705526,5,1283755,rs72709458,0.403
5,1285974,rs7705526,5,1284135,rs4449583,0.804
5,1285974,rs7705526,5,1284976,rs35029535,0.232
5,1285974,rs7705526,5,1285162,rs10866498,0.408
5,1285974,rs7705526,5,1285974,rs7705526,1
5,1285974,rs7705526,5,1286516,rs2736100,0.477
5,1285974,rs7705526,5,1287194,rs2853677,0.165
5,1285974,rs7705526,5,1287340,rs2736099,0.191
5,1285974,rs7705526,5,1288547,rs2853676,0.098
5,1285974,rs7705526,5,1289975,rs74682426,0.141
5,1285974,rs7705526,5,1290319,rs62332591,0.189
5,1285974,rs7705526,5,1291331,rs11414507,0.141
5,1285974,rs7705526,5,1292643,rs33951612,0.211
5,1285974,rs7705526,5,1292983,rs2853672,0.212
5,1285974,rs7705526,5,1296072,rs7712562,0.138
5,1285974,rs7705526,5,1296486,rs2735940,0.21
5,1285974,rs7705526,5,1297258,rs6554754,0.184
5,1285974,rs7705526,5,1297918,rs7449190,0.14
5,1285974,rs7705526,5,1298782,rs2736106,0.051
5,1285974,rs7705526,5,1298805,rs34736137,0.056
5,1285974,rs7705526,5,1300310,rs4975612,0.057
5,1285974,rs7705526,5,1300584,rs2735845,0.052
5,1285974,rs7705526,5,1322663,rs428499,0.054
5,1285974,rs7705526,5,1323196,rs410805,0.069
5,1285974,rs7705526,5,1358901,rs27067,0.059
5,1285974,rs7705526,5,1359255,rs27065,0.06
5,1285974,rs7705526,5,1361400,rs27062,0.052
5,1285974,rs7705526,5,1362793,OncoSet27061,0.051
5,1285974,rs7705526,5,1362849,rs1610867,0.056
5,1287194,rs2853677,5,1257621,rs2736122,0.053
5,1287194,rs2853677,5,1264068,rs2736115,0.051
5,1287194,rs2853677,5,1265204,rs2736114,0.05
5,1287194,rs2853677,5,1265373,rs2736113,0.051
5,1287194,rs2853677,5,1265935,rs2736111,0.051
5,1287194,rs2853677,5,1266226,rs2853684,0.052
5,1287194,rs2853677,5,1271524,rs11133719,0.068
5,1287194,rs2853677,5,1277577,rs33961405,0.191
5,1287194,rs2853677,5,1279790,rs10069690,0.054
5,1287194,rs2853677,5,1279964,rs10054203,0.062
5,1287194,rs2853677,5,1280028,rs2242652,0.078
5,1287194,rs2853677,5,1280128,rs7734992,0.093
5,1287194,rs2853677,5,1280830,rs4975538,0.067
5,1287194,rs2853677,5,1280938,rs6897196,0.074
5,1287194,rs2853677,5,1280940,rs34002450,0.084
5,1287194,rs2853677,5,1282319,rs7726159,0.163
5,1287194,rs2853677,5,1282414,rs7725218,0.147
5,1287194,rs2853677,5,1283312,rs7713218,0.16
5,1287194,rs2853677,5,1283486,rs7717443,0.169
5,1287194,rs2853677,5,1283755,rs72709458,0.092
5,1287194,rs2853677,5,1284135,rs4449583,0.164
5,1287194,rs2853677,5,1284976,rs35029535,0.05
5,1287194,rs2853677,5,1285162,rs10866498,0.139
5,1287194,rs2853677,5,1285974,rs7705526,0.165
5,1287194,rs2853677,5,1286516,rs2736100,0.461
5,1287194,rs2853677,5,1287194,rs2853677,1
5,1287194,rs2853677,5,1287340,rs2736099,0.46
5,1287194,rs2853677,5,1288547,rs2853676,0.297
5,1287194,rs2853677,5,1289975,rs74682426,0.15
5,1287194,rs2853677,5,1290319,rs62332591,0.559
5,1287194,rs2853677,5,1291331,rs11414507,0.15
5,1287194,rs2853677,5,1292643,rs33951612,0.645
5,1287194,rs2853677,5,1292983,rs2853672,0.645
5,1287194,rs2853677,5,1294086,rs2736098,0.203
5,1287194,rs2853677,5,1295349,rs2853669,0.258
5,1287194,rs2853677,5,1296072,rs7712562,0.146
5,1287194,rs2853677,5,1296255,rs3215401,0.258
5,1287194,rs2853677,5,1296486,rs2735940,0.645
5,1287194,rs2853677,5,1296759,rs2736109,0.08
5,1287194,rs2853677,5,1297077,rs10548207,0.249
5,1287194,rs2853677,5,1297258,rs6554754,0.129
5,1287194,rs2853677,5,1297488,rs2736108,0.249
5,1287194,rs2853677,5,1297854,rs2736107,0.219
5,1287194,rs2853677,5,1297918,rs7449190,0.145
5,1287194,rs2853677,5,1298782,rs2736106,0.154
5,1287194,rs2853677,5,1298805,rs34736137,0.143
5,1287194,rs2853677,5,1299087,rs62329683,0.061
5,1287194,rs2853677,5,1299379,rs2735846,0.052
5,1287194,rs2853677,5,1299859,rs13174814,0.091
5,1287194,rs2853677,5,1299862,rs13174919,0.079
5,1287194,rs2853677,5,1300025,rs2853668,0.122
5,1287194,rs2853677,5,1300310,rs4975612,0.099
5,1287194,rs2853677,5,1300401,rs2736103,0.062
5,1287194,rs2853677,5,1304432,rs2735944,0.086
5,1287194,rs2853677,5,1306521,rs7446461,0.128
5,1287194,rs2853677,5,1307632,rs201857317,0.064
5,1287194,rs2853677,5,1307642,rs183257831,0.069
5,1287194,rs2853677,5,1307647,rs186156459,0.082
5,1287194,rs2853677,5,1307648,rs13189073,0.085
5,1287194,rs2853677,5,1308552,rs4635969,0.091
5,1287194,rs2853677,5,1312329,rs35953391,0.152
5,1287194,rs2853677,5,1313242,rs36115365,0.152
5,1287194,rs2853677,5,1317481,rs13170453,0.171
5,1287194,rs2853677,5,1319680,rs451360,0.165
5,1287194,rs2853677,5,1322663,rs428499,0.081
5,1287194,rs2853677,5,1323196,rs410805,0.067
5,1287194,rs2853677,5,1328897,rs380145,0.166
5,1287194,rs2853677,5,1334729,rs397640,0.067
5,1287194,rs2853677,5,1335385,rs3030832,0.17
5,1287194,rs2853677,5,1339985,rs42269,0.055
5,1287194,rs2853677,5,1346081,rs27071,0.103
5,1287194,rs2853677,5,1347239,chr5_1347239_C_T,0.104
5,1287194,rs2853677,5,1348352,rs40183,0.066
5,1287194,rs2853677,5,1356684,rs37004,0.149
5,1287194,rs2853677,5,1359133,rs27066,0.05
5,1287194,rs2853677,5,1372517,rs2086132,0.056
5,1287194,rs2853677,5,1374712,rs246995,0.053
5,1287194,rs2853677,5,1376161,OncoSet246994,0.053
5,1287194,rs2853677,5,1377563,rs246992,0.05
5,1291331,rs11414507,5,1279790,rs10069690,0.252
5,1291331,rs11414507,5,1279964,rs10054203,0.129
5,1291331,rs11414507,5,1280028,rs2242652,0.338
5,1291331,rs11414507,5,1280128,rs7734992,0.129
5,1291331,rs11414507,5,1280830,rs4975538,0.156
5,1291331,rs11414507,5,1280938,rs6897196,0.138
5,1291331,rs11414507,5,1280940,rs34002450,0.151
5,1291331,rs11414507,5,1282319,rs7726159,0.22
5,1291331,rs11414507,5,1282414,rs7725218,0.203
5,1291331,rs11414507,5,1283312,rs7713218,0.126
5,1291331,rs11414507,5,1283486,rs7717443,0.128
5,1291331,rs11414507,5,1283755,rs72709458,0.382
5,1291331,rs11414507,5,1284135,rs4449583,0.227
5,1291331,rs11414507,5,1284976,rs35029535,0.08
5,1291331,rs11414507,5,1285162,rs10866498,0.124
5,1291331,rs11414507,5,1285974,rs7705526,0.141
5,1291331,rs11414507,5,1286516,rs2736100,0.118
5,1291331,rs11414507,5,1287194,rs2853677,0.15
5,1291331,rs11414507,5,1287340,rs2736099,0.095
5,1291331,rs11414507,5,1288547,rs2853676,0.505
5,1291331,rs11414507,5,1289975,rs74682426,0.993
5,1291331,rs11414507,5,1290319,rs62332591,0.252
5,1291331,rs11414507,5,1291331,rs11414507,1
5,1291331,rs11414507,5,1292643,rs33951612,0.178
5,1291331,rs11414507,5,1292983,rs2853672,0.179
5,1291331,rs11414507,5,1294086,rs2736098,0.065
5,1291331,rs11414507,5,1295349,rs2853669,0.076
5,1291331,rs11414507,5,1296072,rs7712562,0.995
5,1291331,rs11414507,5,1296255,rs3215401,0.076
5,1291331,rs11414507,5,1296486,rs2735940,0.179
5,1291331,rs11414507,5,1296759,rs2736109,0.12
5,1291331,rs11414507,5,1297077,rs10548207,0.072
5,1291331,rs11414507,5,1297258,rs6554754,0.852
5,1291331,rs11414507,5,1297488,rs2736108,0.07
5,1291331,rs11414507,5,1297854,rs2736107,0.066
5,1291331,rs11414507,5,1297918,rs7449190,0.956
5,1291331,rs11414507,5,1298782,rs2736106,0.086
5,1291331,rs11414507,5,1298805,rs34736137,0.062
5,1291331,rs11414507,5,1299213,rs2735948,0.212
5,1291331,rs11414507,5,1299379,rs2735846,0.164
5,1291331,rs11414507,5,1299756,rs2736105,0.142
5,1291331,rs11414507,5,1300070,rs2853667,0.088
5,1291331,rs11414507,5,1300357,rs72451347,0.08
5,1291331,rs11414507,5,1300429,rs2735946,0.192
5,1291331,rs11414507,5,1302113,rs34218850,0.147
5,1291331,rs11414507,5,1302144,rs2736102,0.147
5,1291331,rs11414507,5,1302914,rs2853666,0.147
5,1291331,rs11414507,5,1303901,rs2735945,0.147
5,1291331,rs11414507,5,1306165,rs4404721,0.132
5,1291331,rs11414507,5,1306331,rs4530805,0.131
5,1291331,rs11414507,5,1307434,rs201770763,0.13
5,1291331,rs11414507,5,1307555,rs180725355,0.22
5,1291331,rs11414507,5,1307558,rs185381850,0.22
5,1291331,rs11414507,5,1307629,rs200878815,0.203
5,1291331,rs11414507,5,1307910,rs186730568,0.086
5,1291331,rs11414507,5,1309168,rs61574973,0.131
5,1291331,rs11414507,5,1309904,rs60622800,0.127
5,1291331,rs11414507,5,1310152,rs6554758,0.127
5,1291331,rs11414507,5,1311105,rs56335551,0.109
5,1291331,rs11414507,5,1311198,rs12332579,0.411
5,1291331,rs11414507,5,1311693,rs6866294,0.109
5,1291331,rs11414507,5,1312020,rs6866783,0.112
5,1291331,rs11414507,5,1312457,rs13356727,0.109
5,1291331,rs11414507,5,1312935,rs13355267,0.109
5,1291331,rs11414507,5,1312987,rs34258510,0.113
5,1291331,rs11414507,5,1313701,rs28379291,0.111
5,1291331,rs11414507,5,1314009,rs10078017,0.109
5,1291331,rs11414507,5,1315343,rs4975615,0.107
5,1291331,rs11414507,5,1315660,rs4975616,0.106
5,1291331,rs11414507,5,1317102,rs6554759,0.372
5,1291331,rs11414507,5,1317820,rs3816659,0.083
5,1291331,rs11414507,5,1317949,rs1801075,0.364
5,1291331,rs11414507,5,1320136,rs421629,0.094
5,1291331,rs11414507,5,1320247,rs380286,0.094
5,1291331,rs11414507,5,1320722,rs402710,0.113
5,1291331,rs11414507,5,1321873,rs10073340,0.368
5,1291331,rs11414507,5,1322087,rs401681,0.094
5,1291331,rs11414507,5,1322468,rs381949,0.087
5,1291331,rs11414507,5,1323212,rs13178866,0.095
5,1291331,rs11414507,5,1324121,rs414965,0.087
5,1291331,rs11414507,5,1325590,rs421284,0.092
5,1291331,rs11414507,5,1325767,rs466502,0.093
5,1291331,rs11414507,5,1325803,rs465498,0.094
5,1291331,rs11414507,5,1327101,rs11133729,0.094
5,1291331,rs11414507,5,1327851,rs383009,0.085
5,1291331,rs11414507,5,1330253,rs452932,0.094
5,1291331,rs11414507,5,1330840,rs452384,0.094
5,1291331,rs11414507,5,1331219,rs370348,0.094
5,1291331,rs11414507,5,1333077,rs2447853,0.096
5,1291331,rs11414507,5,1334507,rs5865369,0.094
5,1291331,rs11414507,5,1334869,rs3030834,0.223
5,1291331,rs11414507,5,1336178,rs457130,0.086
5,1291331,rs11414507,5,1336221,rs467095,0.094
5,1291331,rs11414507,5,1336243,rs455433,0.094
5,1291331,rs11414507,5,1336459,rs460073,0.094
5,1291331,rs11414507,5,1336626,rs462608,0.085
5,1291331,rs11414507,5,1337070,rs456366,0.094
5,1291331,rs11414507,5,1337106,rs459961,0.094
5,1291331,rs11414507,5,1337906,rs31484,0.094
5,1291331,rs11414507,5,1338523,rs34620990,0.086
5,1291331,rs11414507,5,1338532,rs34620990,0.082
5,1291331,rs11414507,5,1339797,rs71575564,0.09
5,1291331,rs11414507,5,1339890,rs36019446,0.101
5,1291331,rs11414507,5,1339985,rs42269,0.07
5,1291331,rs11414507,5,1340252,rs35595862,0.355
5,1291331,rs11414507,5,1341101,rs31487,0.094
5,1291331,rs11414507,5,1342157,rs31488,0.085
5,1291331,rs11414507,5,1342714,rs31489,0.073
5,1291331,rs11414507,5,1344458,rs31490,0.079
5,1291331,rs11414507,5,1345474,rs27996,0.09
5,1291331,rs11414507,5,1346303,rs27070,0.072
5,1291331,rs11414507,5,1347128,rs27069,0.075
5,1291331,rs11414507,5,1348798,rs37011,0.074
5,1291331,rs11414507,5,1349130,rs71575565,0.27
5,1291331,rs11414507,5,1349535,rs37010,0.075
5,1291331,rs11414507,5,1350339,rs37009,0.073
5,1291331,rs11414507,5,1350397,rs40182,0.073
5,1291331,rs11414507,5,1351538,rs37008,0.063
5,1291331,rs11414507,5,1352372,rs37007,0.064
5,1291331,rs11414507,5,1354022,rs57516180,0.075
5,1291331,rs11414507,5,1354462,rs40181,0.075
5,1291331,rs11414507,5,1355058,rs37006,0.075
5,1291331,rs11414507,5,1355859,rs9312825,0.246
5,1291331,rs11414507,5,1356450,rs37005,0.075
5,1291331,rs11414507,5,1356771,rs37003,0.075
5,1291331,rs11414507,5,1356944,rs37002,0.081
5,1292118,rs71595003,5,1084670,chr5_1084670_C_T,0.057
5,1292118,rs71595003,5,1236690,rs6554679,0.061
5,1292118,rs71595003,5,1240848,chr5_1240848_A_C,0.062
5,1292118,rs71595003,5,1241908,chr5_1241908_C_T,0.063
5,1292118,rs71595003,5,1243009,rs7721679,0.123
5,1292118,rs71595003,5,1244286,rs7448994,0.063
5,1292118,rs71595003,5,1244425,rs4073918,0.062
5,1292118,rs71595003,5,1248354,rs12513872,0.057
5,1292118,rs71595003,5,1248873,rs6554691,0.058
5,1292118,rs71595003,5,1253918,rs35033501,0.681
5,1292118,rs71595003,5,1267356,rs4246742,0.118
5,1292118,rs71595003,5,1280477,rs13167280,0.175
5,1292118,rs71595003,5,1292118,rs71595003,1
5,1292118,rs71595003,5,1298733,rs13190087,0.79
5,1292118,rs71595003,5,1300429,rs2735946,0.066
5,1292118,rs71595003,5,1302113,rs34218850,0.051
5,1292118,rs71595003,5,1302144,rs2736102,0.051
5,1292118,rs71595003,5,1302914,rs2853666,0.051
5,1292118,rs71595003,5,1303901,rs2735945,0.051
5,1292118,rs71595003,5,1307555,rs180725355,0.07
5,1292118,rs71595003,5,1307558,rs185381850,0.07
5,1292118,rs71595003,5,1307629,rs200878815,0.074
5,1292118,rs71595003,5,1311198,rs12332579,0.126
5,1292118,rs71595003,5,1317102,rs6554759,0.125
5,1292118,rs71595003,5,1317949,rs1801075,0.124
5,1292118,rs71595003,5,1320722,rs402710,0.052
5,1292118,rs71595003,5,1321873,rs10073340,0.126
5,1292118,rs71595003,5,1323726,rs75630086,0.413
5,1292118,rs71595003,5,1340252,rs35595862,0.122
5,1292118,rs71595003,5,1349130,rs71575565,0.109
5,1292118,rs71595003,5,1355859,rs9312825,0.144
5,1292118,rs71595003,5,1359260,rs35195551,0.095
5,1292118,rs71595003,5,1362205,rs35659713,0.079
5,1292118,rs71595003,5,1363048,rs3733798,0.082
5,1292118,rs71595003,5,1365018,rs113838085,0.081
5,1292118,rs71595003,5,1365064,rs113762475,0.082
5,1292118,rs71595003,5,1365982,rs13163340,0.081
5,1292118,rs71595003,5,1366962,rs13185938,0.091
5,1292118,rs71595003,5,1368956,rs56397275,0.06
5,1292118,rs71595003,5,1369941,rs62329734,0.053
5,1292118,rs71595003,5,1369982,rs62329735,0.053
5,1292118,rs71595003,5,1370122,rs10068558,0.053
5,1292118,rs71595003,5,1370300,rs10075239,0.051
5,1292118,rs71595003,5,1370843,rs35344649,0.052
5,1292118,rs71595003,5,1370846,rs10041901,0.052
5,1292118,rs71595003,5,1371226,rs13180439,0.051
5,1292118,rs71595003,5,1371957,rs55779566,0.052
5,1292118,rs71595003,5,1374113,rs112519756,0.052
5,1292118,rs71595003,5,1374590,rs35559535,0.062
5,1292118,rs71595003,5,1374886,rs13162394,0.062
5,1292118,rs71595003,5,1376877,rs55659724,0.062
5,1292118,rs71595003,5,1377397,rs12189390,0.062
5,1292118,rs71595003,5,1378700,rs55989583,0.064
5,1292118,rs71595003,5,1378772,rs55754205,0.063
5,1292118,rs71595003,5,1379369,rs12188277,0.073
5,1292118,rs71595003,5,1379826,rs2113328,0.066
5,1292118,rs71595003,5,1380021,rs3030797,0.068
5,1292118,rs71595003,5,1382417,rs71595036,0.104
5,1292118,rs71595003,5,1383169,rs13177347,0.101
5,1292118,rs71595003,5,1383363,chr5_1383363_A_C,0.145
5,1292118,rs71595003,5,1478395,rs62331141,0.132
5,1292118,rs71595003,5,1506474,rs13170616,0.051
5,1292118,rs71595003,5,1543918,rs13174377,0.21
5,1292958,rs114616103,5,1279701,rs35247701,0.286
5,1292958,rs114616103,5,1280263,rs33948291,0.291
5,1292958,rs114616103,5,1281890,chr5_1281890_C_T,0.266
5,1292958,rs114616103,5,1281975,rs6554744,0.27
5,1292958,rs114616103,5,1282194,rs7722143,0.297
5,1292958,rs114616103,5,1292958,rs114616103,1
5,1292958,rs114616103,5,1294166,rs61748181,0.998
5,1292958,rs114616103,5,1295373,rs35226131,0.999
5,1292958,rs114616103,5,1295452,rs35161420,0.999
5,1292958,rs114616103,5,1295682,rs33958877,0.984
5,1292958,rs114616103,5,1300025,rs2853668,0.094
5,1292958,rs114616103,5,1307624,rs531693130,0.414
5,1292958,rs114616103,5,1318960,rs7727912,0.271
5,1292958,rs114616103,5,1320957,rs78766954,0.262
5,1292958,rs114616103,5,1324818,rs62329693,0.267
5,1292958,rs114616103,5,1325524,rs62329694,0.436
5,1292958,rs114616103,5,1373970,rs144412458,0.065
5,1292958,rs114616103,5,1377713,rs58829853,0.061
5,1292958,rs114616103,5,1390441,rs12513548,0.051
5,1292958,rs114616103,5,1404466,rs11564768,0.05
5,1298733,rs13190087,5,1084670,chr5_1084670_C_T,0.055
5,1298733,rs13190087,5,1236690,rs6554679,0.065
5,1298733,rs13190087,5,1238676,rs74991989,0.053
5,1298733,rs13190087,5,1240848,chr5_1240848_A_C,0.066
5,1298733,rs13190087,5,1241908,chr5_1241908_C_T,0.068
5,1298733,rs13190087,5,1243009,rs7721679,0.132
5,1298733,rs13190087,5,1244286,rs7448994,0.067
5,1298733,rs13190087,5,1244425,rs4073918,0.066
5,1298733,rs13190087,5,1248354,rs12513872,0.06
5,1298733,rs13190087,5,1248873,rs6554691,0.06
5,1298733,rs13190087,5,1253918,rs35033501,0.537
5,1298733,rs13190087,5,1267356,rs4246742,0.128
5,1298733,rs13190087,5,1280477,rs13167280,0.196
5,1298733,rs13190087,5,1280830,rs4975538,0.053
5,1298733,rs13190087,5,1280940,rs34002450,0.05
5,1298733,rs13190087,5,1284976,rs35029535,0.051
5,1298733,rs13190087,5,1292118,rs71595003,0.79
5,1298733,rs13190087,5,1298733,rs13190087,1
5,1298733,rs13190087,5,1300429,rs2735946,0.08
5,1298733,rs13190087,5,1302113,rs34218850,0.062
5,1298733,rs13190087,5,1302144,rs2736102,0.062
5,1298733,rs13190087,5,1302914,rs2853666,0.062
5,1298733,rs13190087,5,1303901,rs2735945,0.062
5,1298733,rs13190087,5,1306165,rs4404721,0.057
5,1298733,rs13190087,5,1306331,rs4530805,0.056
5,1298733,rs13190087,5,1307434,rs201770763,0.057
5,1298733,rs13190087,5,1307555,rs180725355,0.085
5,1298733,rs13190087,5,1307558,rs185381850,0.085
5,1298733,rs13190087,5,1307629,rs200878815,0.089
5,1298733,rs13190087,5,1309168,rs61574973,0.056
5,1298733,rs13190087,5,1309904,rs60622800,0.051
5,1298733,rs13190087,5,1310152,rs6554758,0.051
5,1298733,rs13190087,5,1311198,rs12332579,0.151
5,1298733,rs13190087,5,1312020,rs6866783,0.051
5,1298733,rs13190087,5,1313701,rs28379291,0.051
5,1298733,rs13190087,5,1314009,rs10078017,0.051
5,1298733,rs13190087,5,1315343,rs4975615,0.051
5,1298733,rs13190087,5,1317102,rs6554759,0.151
5,1298733,rs13190087,5,1317949,rs1801075,0.149
5,1298733,rs13190087,5,1320722,rs402710,0.063
5,1298733,rs13190087,5,1321873,rs10073340,0.151
5,1298733,rs13190087,5,1323726,rs75630086,0.479
5,1298733,rs13190087,5,1339985,rs42269,0.057
5,1298733,rs13190087,5,1340252,rs35595862,0.146
5,1298733,rs13190087,5,1349130,rs71575565,0.129
5,1298733,rs13190087,5,1355859,rs9312825,0.172
5,1298733,rs13190087,5,1359260,rs35195551,0.114
5,1298733,rs13190087,5,1362205,rs35659713,0.095
5,1298733,rs13190087,5,1363048,rs3733798,0.098
5,1298733,rs13190087,5,1365018,rs113838085,0.098
5,1298733,rs13190087,5,1365064,rs113762475,0.099
5,1298733,rs13190087,5,1365982,rs13163340,0.098
5,1298733,rs13190087,5,1366962,rs13185938,0.103
5,1298733,rs13190087,5,1368956,rs56397275,0.069
5,1298733,rs13190087,5,1369941,rs62329734,0.061
5,1298733,rs13190087,5,1369982,rs62329735,0.061
5,1298733,rs13190087,5,1370122,rs10068558,0.061
5,1298733,rs13190087,5,1370300,rs10075239,0.059
5,1298733,rs13190087,5,1370843,rs35344649,0.06
5,1298733,rs13190087,5,1370846,rs10041901,0.059
5,1298733,rs13190087,5,1371226,rs13180439,0.059
5,1298733,rs13190087,5,1371957,rs55779566,0.06
5,1298733,rs13190087,5,1374113,rs112519756,0.06
5,1298733,rs13190087,5,1374590,rs35559535,0.072
5,1298733,rs13190087,5,1374886,rs13162394,0.072
5,1298733,rs13190087,5,1376877,rs55659724,0.071
5,1298733,rs13190087,5,1377397,rs12189390,0.071
5,1298733,rs13190087,5,1378700,rs55989583,0.074
5,1298733,rs13190087,5,1378772,rs55754205,0.073
5,1298733,rs13190087,5,1379369,rs12188277,0.071
5,1298733,rs13190087,5,1379826,rs2113328,0.077
5,1298733,rs13190087,5,1380021,rs3030797,0.079
5,1298733,rs13190087,5,1382417,rs71595036,0.112
5,1298733,rs13190087,5,1383169,rs13177347,0.109
5,1298733,rs13190087,5,1383363,chr5_1383363_A_C,0.158
5,1298733,rs13190087,5,1478395,rs62331141,0.126
5,1298733,rs13190087,5,1543918,rs13174377,0.169
5,1307624,rs531693130,5,1261220,rs36077395,0.146
5,1307624,rs531693130,5,1279701,rs35247701,0.118
5,1307624,rs531693130,5,1280263,rs33948291,0.12
5,1307624,rs531693130,5,1281890,chr5_1281890_C_T,0.109
5,1307624,rs531693130,5,1281975,rs6554744,0.111
5,1307624,rs531693130,5,1282194,rs7722143,0.124
5,1307624,rs531693130,5,1292643,rs33951612,0.069
5,1307624,rs531693130,5,1292958,rs114616103,0.414
5,1307624,rs531693130,5,1292983,rs2853672,0.069
5,1307624,rs531693130,5,1294166,rs61748181,0.413
5,1307624,rs531693130,5,1295373,rs35226131,0.414
5,1307624,rs531693130,5,1295452,rs35161420,0.414
5,1307624,rs531693130,5,1295682,rs33958877,0.406
5,1307624,rs531693130,5,1296486,rs2735940,0.069
5,1307624,rs531693130,5,1299379,rs2735846,0.064
5,1307624,rs531693130,5,1299756,rs2736105,0.065
5,1307624,rs531693130,5,1300070,rs2853667,0.1
5,1307624,rs531693130,5,1300357,rs72451347,0.051
5,1307624,rs531693130,5,1300401,rs2736103,0.116
5,1307624,rs531693130,5,1307624,rs531693130,1
5,1307624,rs531693130,5,1307910,rs186730568,0.078
5,1307624,rs531693130,5,1309904,rs60622800,0.053
5,1307624,rs531693130,5,1310152,rs6554758,0.053
5,1307624,rs531693130,5,1311105,rs56335551,0.059
5,1307624,rs531693130,5,1311693,rs6866294,0.059
5,1307624,rs531693130,5,1312020,rs6866783,0.054
5,1307624,rs531693130,5,1312457,rs13356727,0.059
5,1307624,rs531693130,5,1312935,rs13355267,0.059
5,1307624,rs531693130,5,1312987,rs34258510,0.059
5,1307624,rs531693130,5,1313281,rs78679575,0.366
5,1307624,rs531693130,5,1313701,rs28379291,0.054
5,1307624,rs531693130,5,1314009,rs10078017,0.054
5,1307624,rs531693130,5,1315343,rs4975615,0.054
5,1307624,rs531693130,5,1315660,rs4975616,0.058
5,1307624,rs531693130,5,1317820,rs3816659,0.057
5,1307624,rs531693130,5,1318960,rs7727912,0.664
5,1307624,rs531693130,5,1320136,rs421629,0.062
5,1307624,rs531693130,5,1320247,rs380286,0.062
5,1307624,rs531693130,5,1320957,rs78766954,0.656
5,1307624,rs531693130,5,1322087,rs401681,0.063
5,1307624,rs531693130,5,1322468,rs381949,0.056
5,1307624,rs531693130,5,1323212,rs13178866,0.062
5,1307624,rs531693130,5,1324121,rs414965,0.057
5,1307624,rs531693130,5,1324818,rs62329693,0.659
5,1307624,rs531693130,5,1325524,rs62329694,0.248
5,1307624,rs531693130,5,1325590,rs421284,0.062
5,1307624,rs531693130,5,1325767,rs466502,0.062
5,1307624,rs531693130,5,1325803,rs465498,0.062
5,1307624,rs531693130,5,1327101,rs11133729,0.063
5,1307624,rs531693130,5,1327851,rs383009,0.057
5,1307624,rs531693130,5,1330253,rs452932,0.062
5,1307624,rs531693130,5,1330840,rs452384,0.062
5,1307624,rs531693130,5,1331219,rs370348,0.062
5,1307624,rs531693130,5,1333077,rs2447853,0.062
5,1307624,rs531693130,5,1334507,rs5865369,0.063
5,1307624,rs531693130,5,1336104,rs56224111,0.338
5,1307624,rs531693130,5,1336178,rs457130,0.057
5,1307624,rs531693130,5,1336221,rs467095,0.063
5,1307624,rs531693130,5,1336243,rs455433,0.063
5,1307624,rs531693130,5,1336459,rs460073,0.063
5,1307624,rs531693130,5,1336626,rs462608,0.057
5,1307624,rs531693130,5,1337070,rs456366,0.063
5,1307624,rs531693130,5,1337106,rs459961,0.063
5,1307624,rs531693130,5,1337906,rs31484,0.063
5,1307624,rs531693130,5,1338523,rs34620990,0.057
5,1307624,rs531693130,5,1338532,rs34620990,0.054
5,1307624,rs531693130,5,1339797,rs71575564,0.06
5,1307624,rs531693130,5,1341101,rs31487,0.063
5,1307624,rs531693130,5,1342157,rs31488,0.055
5,1307624,rs531693130,5,1342714,rs31489,0.056
5,1307624,rs531693130,5,1344458,rs31490,0.061
5,1307624,rs531693130,5,1345474,rs27996,0.059
5,1307624,rs531693130,5,1346303,rs27070,0.059
5,1307624,rs531693130,5,1346940,Chr5:1346940:A:G,0.186
5,1307624,rs531693130,5,1348798,rs37011,0.059
5,1307624,rs531693130,5,1349535,rs37010,0.058
5,1307624,rs531693130,5,1350339,rs37009,0.06
5,1307624,rs531693130,5,1350397,rs40182,0.059
5,1307624,rs531693130,5,1351538,rs37008,0.058
5,1307624,rs531693130,5,1352372,rs37007,0.059
5,1307624,rs531693130,5,1354022,rs57516180,0.059
5,1307624,rs531693130,5,1354462,rs40181,0.059
5,1307624,rs531693130,5,1355058,rs37006,0.059
5,1307624,rs531693130,5,1356450,rs37005,0.059
5,1307624,rs531693130,5,1356771,rs37003,0.058
5,1307624,rs531693130,5,1361669,rs31494,0.111
5,1307624,rs531693130,5,1361681,rs31493,0.11
5,1307624,rs531693130,5,1364617,rs27679,0.106
5,1307624,rs531693130,5,1366007,rs152133,0.092
5,1307624,rs531693130,5,1366098,rs183126,0.085
5,1307624,rs531693130,5,1367736,rs409932,0.086
5,1307624,rs531693130,5,1367954,rs11408925,0.085
5,1307624,rs531693130,5,1372517,rs2086132,0.055
5,1307624,rs531693130,5,1373970,rs144412458,0.091
5,1307624,rs531693130,5,1374712,rs246995,0.054
5,1307624,rs531693130,5,1376161,OncoSet246994,0.054
5,1307624,rs531693130,5,1377563,rs246992,0.052
5,1307624,rs531693130,5,1377713,rs58829853,0.086
5,1307624,rs531693130,5,1390441,rs12513548,0.052
5,1543918,rs13174377,5,1253918,rs35033501,0.142
5,1543918,rs13174377,5,1292118,rs71595003,0.21
5,1543918,rs13174377,5,1298733,rs13190087,0.169
5,1543918,rs13174377,5,1323726,rs75630086,0.092
5,1543918,rs13174377,5,1383363,chr5_1383363_A_C,0.075
5,1543918,rs13174377,5,1478395,rs62331141,0.151
5,1543918,rs13174377,5,1498766,rs55732392,0.109
5,1543918,rs13174377,5,1499366,chr5_1499366_C_T,0.109
5,1543918,rs13174377,5,1499466,rs55848914,0.109
5,1543918,rs13174377,5,1499819,rs10058182,0.055
5,1543918,rs13174377,5,1499917,rs55838022,0.109
5,1543918,rs13174377,5,1500116,rs7706238,0.055
5,1543918,rs13174377,5,1500489,chr5_1500489_G_T,0.108
5,1543918,rs13174377,5,1501282,chr5_1501282_C_T,0.055
5,1543918,rs13174377,5,1501790,rs1979396,0.055
5,1543918,rs13174377,5,1502202,rs11746718,0.055
5,1543918,rs13174377,5,1502381,rs28419764,0.055
5,1543918,rs13174377,5,1506474,rs13170616,0.12
5,1543918,rs13174377,5,1508396,rs35837130,0.077
5,1543918,rs13174377,5,1508837,rs2962043,0.063
5,1543918,rs13174377,5,1509576,rs13183225,0.101
5,1543918,rs13174377,5,1509930,rs2963284,0.079
5,1543918,rs13174377,5,1513888,rs13180337,0.079
5,1543918,rs13174377,5,1513942,rs2962039,0.108
5,1543918,rs13174377,5,1515535,rs7737853,0.062
5,1543918,rs13174377,5,1516094,rs4975655,0.079
5,1543918,rs13174377,5,1516885,rs13159671,0.121
5,1543918,rs13174377,5,1517198,rs13160153,0.093
5,1543918,rs13174377,5,1517881,rs2962061,0.095
5,1543918,rs13174377,5,1517983,rs7733659,0.101
5,1543918,rs13174377,5,1518491,rs2962059,0.063
5,1543918,rs13174377,5,1518541,rs7700354,0.097
5,1543918,rs13174377,5,1527496,rs73033840,0.179
5,1543918,rs13174377,5,1543918,rs13174377,1
