CHR_A,BP_A,SNP_A,CHR_B,BP_B,SNP_B,R2
5,1889321,rs530543670,5,1772033,rs904758,0.054
5,1889321,rs530543670,5,1777840,rs750532,0.056
5,1889321,rs530543670,5,1779843,rs10040940,0.057
5,1889321,rs530543670,5,1781521,rs7449137,0.055
5,1889321,rs530543670,5,1782899,rs3046402,0.059
5,1889321,rs530543670,5,1783237,rs10866525,0.056
5,1889321,rs530543670,5,1792474,chr5_1792474_A_G,0.057
5,1889321,rs530543670,5,1841603,rs6864809,0.05
5,1889321,rs530543670,5,1841613,rs6884190,0.05
5,1889321,rs530543670,5,1842259,chr5_1842259_G_T,0.052
5,1889321,rs530543670,5,1842260,rs746704,0.051
5,1889321,rs530543670,5,1843393,rs80067982,0.05
5,1889321,rs530543670,5,1843401,rs72704484,0.05
5,1889321,rs530543670,5,1843854,rs56237605,0.051
5,1889321,rs530543670,5,1844290,rs59995036,0.06
5,1889321,rs530543670,5,1844545,rs59921001,0.06
5,1889321,rs530543670,5,1844799,rs11744831,0.07
5,1889321,rs530543670,5,1844963,rs57618277,0.06
5,1889321,rs530543670,5,1845092,chr5_1845092_C_T,0.06
5,1889321,rs530543670,5,1845981,rs111314113,0.062
5,1889321,rs530543670,5,1847047,rs58926667,0.06
5,1889321,rs530543670,5,1850220,chr5_1850220_C_T,0.061
5,1889321,rs530543670,5,1850456,rs72704490,0.061
5,1889321,rs530543670,5,1850563,rs10512644,0.061
5,1889321,rs530543670,5,1851183,rs903082,0.063
5,1889321,rs530543670,5,1851278,chr5_1851278_A_T,0.062
5,1889321,rs530543670,5,1851334,rs77107775,0.062
5,1889321,rs530543670,5,1852123,rs1624018,0.056
5,1889321,rs530543670,5,1852124,rs1689738,0.057
5,1889321,rs530543670,5,1852152,rs56330528,0.052
5,1889321,rs530543670,5,1852284,chr5_1852284_A_C,0.054
5,1889321,rs530543670,5,1854650,rs4975741,0.145
5,1889321,rs530543670,5,1855301,rs91315,0.078
5,1889321,rs530543670,5,1855917,rs260395,0.101
5,1889321,rs530543670,5,1856837,rs10475116,0.09
5,1889321,rs530543670,5,1859721,rs1532272,0.107
5,1889321,rs530543670,5,1861092,rs111934746,0.059
5,1889321,rs530543670,5,1863242,rs58238752,0.067
5,1889321,rs530543670,5,1865575,rs62335764,0.067
5,1889321,rs530543670,5,1865721,rs62335765,0.067
5,1889321,rs530543670,5,1866427,rs62335766,0.067
5,1889321,rs530543670,5,1866519,rs62335767,0.066
5,1889321,rs530543670,5,1866636,rs62335768,0.067
5,1889321,rs530543670,5,1866858,rs62335769,0.067
5,1889321,rs530543670,5,1867693,rs62335773,0.067
5,1889321,rs530543670,5,1867923,rs62335775,0.067
5,1889321,rs530543670,5,1868059,rs62335776,0.067
5,1889321,rs530543670,5,1870131,rs201192437,0.067
5,1889321,rs530543670,5,1870167,rs201647780,0.067
5,1889321,rs530543670,5,1870388,rs369366694,0.063
5,1889321,rs530543670,5,1870850,5:1870850:CTG:C,0.068
5,1889321,rs530543670,5,1871192,rs201479564,0.067
5,1889321,rs530543670,5,1871355,rs62335777,0.067
5,1889321,rs530543670,5,1871369,rs62335778,0.067
5,1889321,rs530543670,5,1872390,rs62335779,0.067
5,1889321,rs530543670,5,1873207,rs62335780,0.067
5,1889321,rs530543670,5,1874030,rs263204,0.053
5,1889321,rs530543670,5,1874624,rs114888350,0.108
5,1889321,rs530543670,5,1874852,rs67028706,0.06
5,1889321,rs530543670,5,1875577,chr5_1875577_A_INDEL,0.053
5,1889321,rs530543670,5,1877209,5:1877209:G:GC,0.118
5,1889321,rs530543670,5,1877638,rs3830370,0.055
5,1889321,rs530543670,5,1878212,rs2279589,0.056
5,1889321,rs530543670,5,1878440,rs1689717,0.147
5,1889321,rs530543670,5,1879322,rs1689718,0.112
5,1889321,rs530543670,5,1881828,rs2232375,0.108
5,1889321,rs530543670,5,1882386,rs260401,0.06
5,1889321,rs530543670,5,1882788,rs2232372,0.117
5,1889321,rs530543670,5,1882900,rs6876836,0.224
5,1889321,rs530543670,5,1883291,rs76955183,0.056
5,1889321,rs530543670,5,1885350,rs111515803,0.086
5,1889321,rs530543670,5,1885775,rs111476974,0.088
5,1889321,rs530543670,5,1886471,chr5_1886471_C_T,0.059
5,1889321,rs530543670,5,1887200,rs260399,0.057
5,1889321,rs530543670,5,1887982,chr5_1887982_C_G,0.09
5,1889321,rs530543670,5,1888065,rs34414799,0.062
5,1889321,rs530543670,5,1888283,rs260408,0.051
5,1889321,rs530543670,5,1888596,rs28544135,0.141
5,1889321,rs530543670,5,1889321,rs530543670,1
5,1889321,rs530543670,5,1889346,rs199577062,0.81
5,1889321,rs530543670,5,1889540,chr5_1889540_C_G,0.077
5,1889321,rs530543670,5,1889840,chr5_1889840_C_G,0.054
5,1889321,rs530543670,5,1890233,chr5_1890233_A_G,0.091
5,1889321,rs530543670,5,1890394,rs6871785,0.096
5,1889321,rs530543670,5,1890476,rs11133913,0.054
5,1889321,rs530543670,5,1890577,rs6890484,0.152
5,1889321,rs530543670,5,1890877,rs12655062,0.601
5,1889321,rs530543670,5,1891174,rs4975758,0.551
5,1889321,rs530543670,5,1891800,rs10866527,0.543
5,1889321,rs530543670,5,1891821,rs10866528,0.543
5,1889321,rs530543670,5,1892455,rs4975759,0.446
5,1889321,rs530543670,5,1892680,rs6863044,0.237
5,1889321,rs530543670,5,1892759,rs6861778,0.238
5,1889321,rs530543670,5,1892876,rs34695572,0.442
5,1889321,rs530543670,5,1892995,chr5_1892995_C_T,0.086
5,1889321,rs530543670,5,1894420,chr5_1894420_ATC_INDEL,0.44
5,1889321,rs530543670,5,1894957,rs2101405,0.135
5,1889321,rs530543670,5,1895050,rs2353014,0.121
5,1889321,rs530543670,5,1895486,rs12656007,0.409
5,1889321,rs530543670,5,1895829,rs12653946,0.552
5,1889321,rs530543670,5,1896007,rs13171870,0.122
5,1889321,rs530543670,5,1896263,rs13177232,0.401
5,1889321,rs530543670,5,1896959,rs114894060,0.051
5,1889321,rs530543670,5,1896978,rs10060496,0.06
5,1889321,rs530543670,5,1897179,rs13177600,0.392
5,1889321,rs530543670,5,1897244,rs35375589,0.389
5,1889321,rs530543670,5,1897338,rs35010507,0.39
5,1889321,rs530543670,5,1897423,rs35326077,0.205
5,1889321,rs530543670,5,1897896,rs72706729,0.069
5,1889321,rs530543670,5,1897929,rs13155286,0.128
5,1889321,rs530543670,5,1898614,rs10428542,0.06
5,1889321,rs530543670,5,1899523,chr5_1899523_A_G,0.123
5,1889321,rs530543670,5,1900631,rs187759,0.052
5,1889321,rs530543670,5,1903456,rs73030212,0.052
5,1889321,rs530543670,5,1903673,rs2353012,0.051
5,1889321,rs530543670,5,1904925,chr5_1904925_A_G,0.051
5,1889321,rs530543670,5,1907972,rs62335827,0.066
5,1889321,rs530543670,5,1909022,chr5_1909022_C_T,0.065
5,1889321,rs530543670,5,1909611,rs6555018,0.063
5,1889321,rs530543670,5,1909837,rs1486943,0.053
5,1889321,rs530543670,5,1912185,rs1075628,0.059
5,1889321,rs530543670,5,1914484,chr5_1914484_C_T,0.056
5,1889346,rs199577062,5,1772033,rs904758,0.052
5,1889346,rs199577062,5,1783237,rs10866525,0.051
5,1889346,rs199577062,5,1854650,rs4975741,0.085
5,1889346,rs199577062,5,1855917,rs260395,0.066
5,1889346,rs199577062,5,1856837,rs10475116,0.054
5,1889346,rs199577062,5,1859721,rs1532272,0.069
5,1889346,rs199577062,5,1861092,rs111934746,0.057
5,1889346,rs199577062,5,1865960,chr5_1865960_C_G,0.051
5,1889346,rs199577062,5,1867168,chr5_1867168_C_T,0.053
5,1889346,rs199577062,5,1868298,rs1689712,0.053
5,1889346,rs199577062,5,1868743,rs6887855,0.054
5,1889346,rs199577062,5,1869609,rs2450479,0.054
5,1889346,rs199577062,5,1871880,rs2353580,0.055
5,1889346,rs199577062,5,1872455,rs111543165,0.064
5,1889346,rs199577062,5,1872460,rs58202789,0.064
5,1889346,rs199577062,5,1872699,rs6874717,0.057
5,1889346,rs199577062,5,1872808,rs903079,0.056
5,1889346,rs199577062,5,1873029,rs263203,0.056
5,1889346,rs199577062,5,1874030,rs263204,0.063
5,1889346,rs199577062,5,1874288,rs1684963,0.061
5,1889346,rs199577062,5,1874624,rs114888350,0.081
5,1889346,rs199577062,5,1875577,chr5_1875577_A_INDEL,0.064
5,1889346,rs199577062,5,1876056,rs62335782,0.069
5,1889346,rs199577062,5,1877209,5:1877209:G:GC,0.084
5,1889346,rs199577062,5,1877218,rs62801760,0.057
5,1889346,rs199577062,5,1877638,rs3830370,0.065
5,1889346,rs199577062,5,1878212,rs2279589,0.066
5,1889346,rs199577062,5,1878440,rs1689717,0.105
5,1889346,rs199577062,5,1879322,rs1689718,0.056
5,1889346,rs199577062,5,1881828,rs2232375,0.077
5,1889346,rs199577062,5,1882386,rs260401,0.1
5,1889346,rs199577062,5,1882788,rs2232372,0.088
5,1889346,rs199577062,5,1882900,rs6876836,0.166
5,1889346,rs199577062,5,1883291,rs76955183,0.066
5,1889346,rs199577062,5,1885350,rs111515803,0.065
5,1889346,rs199577062,5,1885775,rs111476974,0.067
5,1889346,rs199577062,5,1886471,chr5_1886471_C_T,0.07
5,1889346,rs199577062,5,1887982,chr5_1887982_C_G,0.067
5,1889346,rs199577062,5,1888065,rs34414799,0.061
5,1889346,rs199577062,5,1888283,rs260408,0.059
5,1889346,rs199577062,5,1888596,rs28544135,0.166
5,1889346,rs199577062,5,1889321,rs530543670,0.81
5,1889346,rs199577062,5,1889346,rs199577062,1
5,1889346,rs199577062,5,1889540,chr5_1889540_C_G,0.056
5,1889346,rs199577062,5,1889840,chr5_1889840_C_G,0.088
5,1889346,rs199577062,5,1890109,rs145563509,0.051
5,1889346,rs199577062,5,1890233,chr5_1890233_A_G,0.064
5,1889346,rs199577062,5,1890394,rs6871785,0.068
5,1889346,rs199577062,5,1890476,rs11133913,0.088
5,1889346,rs199577062,5,1890577,rs6890484,0.189
5,1889346,rs199577062,5,1890877,rs12655062,0.803
5,1889346,rs199577062,5,1891174,rs4975758,0.677
5,1889346,rs199577062,5,1891800,rs10866527,0.669
5,1889346,rs199577062,5,1891821,rs10866528,0.666
5,1889346,rs199577062,5,1892455,rs4975759,0.588
5,1889346,rs199577062,5,1892680,rs6863044,0.279
5,1889346,rs199577062,5,1892759,rs6861778,0.282
5,1889346,rs199577062,5,1892876,rs34695572,0.584
5,1889346,rs199577062,5,1892995,chr5_1892995_C_T,0.059
5,1889346,rs199577062,5,1893960,rs12186763,0.078
5,1889346,rs199577062,5,1894420,chr5_1894420_ATC_INDEL,0.581
5,1889346,rs199577062,5,1894957,rs2101405,0.169
5,1889346,rs199577062,5,1895050,rs2353014,0.168
5,1889346,rs199577062,5,1895486,rs12656007,0.542
5,1889346,rs199577062,5,1895829,rs12653946,0.669
5,1889346,rs199577062,5,1896007,rs13171870,0.17
5,1889346,rs199577062,5,1896263,rs13177232,0.532
5,1889346,rs199577062,5,1896908,rs66969391,0.051
5,1889346,rs199577062,5,1896978,rs10060496,0.074
5,1889346,rs199577062,5,1897179,rs13177600,0.522
5,1889346,rs199577062,5,1897244,rs35375589,0.518
5,1889346,rs199577062,5,1897338,rs35010507,0.52
5,1889346,rs199577062,5,1897423,rs35326077,0.279
5,1889346,rs199577062,5,1897640,rs6861105,0.051
5,1889346,rs199577062,5,1897725,rs260411,0.051
5,1889346,rs199577062,5,1897896,rs72706729,0.086
5,1889346,rs199577062,5,1897929,rs13155286,0.175
5,1889346,rs199577062,5,1898614,rs10428542,0.053
5,1889346,rs199577062,5,1899523,chr5_1899523_A_G,0.154
5,1889346,rs199577062,5,1899650,rs62335825,0.088
5,1889346,rs199577062,5,1900631,rs187759,0.069
5,1889346,rs199577062,5,1903456,rs73030212,0.068
5,1889346,rs199577062,5,1903673,rs2353012,0.068
5,1889346,rs199577062,5,1904925,chr5_1904925_A_G,0.067
5,1889346,rs199577062,5,1906609,rs2171316,0.064
5,1889346,rs199577062,5,1906741,rs2129473,0.063
5,1889346,rs199577062,5,1907239,rs923251,0.076
5,1889346,rs199577062,5,1907931,rs34904049,0.063
5,1889346,rs199577062,5,1907972,rs62335827,0.089
5,1889346,rs199577062,5,1908525,chr5_1908525_C_G,0.063
5,1889346,rs199577062,5,1909022,chr5_1909022_C_T,0.088
5,1889346,rs199577062,5,1909611,rs6555018,0.086
5,1889346,rs199577062,5,1909837,rs1486943,0.1
5,1889346,rs199577062,5,1911035,rs4975760,0.062
5,1889346,rs199577062,5,1911344,rs4975711,0.062
5,1889346,rs199577062,5,1912185,rs1075628,0.079
5,1889346,rs199577062,5,1912921,chr5_1912921_A_G,0.055
5,1889346,rs199577062,5,1913514,rs35330412,0.068
5,1889346,rs199577062,5,1913923,rs12521512,0.084
5,1889346,rs199577062,5,1914484,chr5_1914484_C_T,0.076
5,1889346,rs199577062,5,1916530,rs6879297,0.065
5,1889346,rs199577062,5,1936008,rs10072345,0.052
5,1889346,rs199577062,5,1936116,rs10065645,0.059
5,1889346,rs199577062,5,1936595,rs72067813,0.056
5,1889346,rs199577062,5,1937053,rs6883630,0.06
5,1889346,rs199577062,5,1939958,chr5_1939958_A_G,0.055
5,1889346,rs199577062,5,1942834,rs6868970,0.056
5,1889346,rs199577062,5,1943264,rs6892153,0.056
5,1895829,rs12653946,5,1844187,chr5_1844187_C_T,0.062
5,1895829,rs12653946,5,1844498,rs16901305,0.061
5,1895829,rs12653946,5,1854257,rs260397,0.05
5,1895829,rs12653946,5,1854650,rs4975741,0.106
5,1895829,rs12653946,5,1855917,rs260395,0.078
5,1895829,rs12653946,5,1861092,rs111934746,0.059
5,1895829,rs12653946,5,1861094,rs36113860,0.083
5,1895829,rs12653946,5,1861706,chr5_1861706_G_T,0.054
5,1895829,rs12653946,5,1864386,rs1684966,0.054
5,1895829,rs12653946,5,1864446,rs35471187,0.083
5,1895829,rs12653946,5,1864538,chr5_1864538_A_G,0.051
5,1895829,rs12653946,5,1865960,chr5_1865960_C_G,0.055
5,1895829,rs12653946,5,1867168,chr5_1867168_C_T,0.057
5,1895829,rs12653946,5,1868011,rs61371454,0.085
5,1895829,rs12653946,5,1868298,rs1689712,0.057
5,1895829,rs12653946,5,1868743,rs6887855,0.058
5,1895829,rs12653946,5,1869452,chr5_1869452_C_G,0.053
5,1895829,rs12653946,5,1869609,rs2450479,0.058
5,1895829,rs12653946,5,1870509,5:1870509:A:AGT,0.071
5,1895829,rs12653946,5,1871083,rs368474636,0.051
5,1895829,rs12653946,5,1871880,rs2353580,0.06
5,1895829,rs12653946,5,1872699,rs6874717,0.061
5,1895829,rs12653946,5,1872808,rs903079,0.06
5,1895829,rs12653946,5,1873029,rs263203,0.06
5,1895829,rs12653946,5,1873991,rs73028178,0.062
5,1895829,rs12653946,5,1874030,rs263204,0.07
5,1895829,rs12653946,5,1874288,rs1684963,0.067
5,1895829,rs12653946,5,1874556,rs4975708,0.053
5,1895829,rs12653946,5,1874557,rs112469465,0.05
5,1895829,rs12653946,5,1874624,rs114888350,0.065
5,1895829,rs12653946,5,1875577,chr5_1875577_A_INDEL,0.071
5,1895829,rs12653946,5,1877209,5:1877209:G:GC,0.066
5,1895829,rs12653946,5,1877638,rs3830370,0.072
5,1895829,rs12653946,5,1878212,rs2279589,0.073
5,1895829,rs12653946,5,1878440,rs1689717,0.083
5,1895829,rs12653946,5,1881828,rs2232375,0.069
5,1895829,rs12653946,5,1882788,rs2232372,0.07
5,1895829,rs12653946,5,1882900,rs6876836,0.085
5,1895829,rs12653946,5,1883291,rs76955183,0.073
5,1895829,rs12653946,5,1884177,rs62335813,0.051
5,1895829,rs12653946,5,1885350,rs111515803,0.053
5,1895829,rs12653946,5,1885775,rs111476974,0.054
5,1895829,rs12653946,5,1886471,chr5_1886471_C_T,0.078
5,1895829,rs12653946,5,1888283,rs260408,0.072
5,1895829,rs12653946,5,1888596,rs28544135,0.174
5,1895829,rs12653946,5,1889321,rs530543670,0.552
5,1895829,rs12653946,5,1889346,rs199577062,0.669
5,1895829,rs12653946,5,1890109,rs145563509,0.057
5,1895829,rs12653946,5,1890233,chr5_1890233_A_G,0.053
5,1895829,rs12653946,5,1890394,rs6871785,0.056
5,1895829,rs12653946,5,1890577,rs6890484,0.054
5,1895829,rs12653946,5,1890877,rs12655062,0.576
5,1895829,rs12653946,5,1891174,rs4975758,0.754
5,1895829,rs12653946,5,1891800,rs10866527,0.75
5,1895829,rs12653946,5,1891821,rs10866528,0.751
5,1895829,rs12653946,5,1892455,rs4975759,0.764
5,1895829,rs12653946,5,1892680,rs6863044,0.343
5,1895829,rs12653946,5,1892759,rs6861778,0.346
5,1895829,rs12653946,5,1892876,rs34695572,0.765
5,1895829,rs12653946,5,1893960,rs12186763,0.066
5,1895829,rs12653946,5,1894420,chr5_1894420_ATC_INDEL,0.781
5,1895829,rs12653946,5,1894957,rs2101405,0.22
5,1895829,rs12653946,5,1895050,rs2353014,0.234
5,1895829,rs12653946,5,1895486,rs12656007,0.831
5,1895829,rs12653946,5,1895829,rs12653946,1
5,1895829,rs12653946,5,1896007,rs13171870,0.322
5,1895829,rs12653946,5,1896263,rs13177232,0.838
5,1895829,rs12653946,5,1896908,rs66969391,0.063
5,1895829,rs12653946,5,1896978,rs10060496,0.091
5,1895829,rs12653946,5,1897179,rs13177600,0.821
5,1895829,rs12653946,5,1897244,rs35375589,0.818
5,1895829,rs12653946,5,1897338,rs35010507,0.818
5,1895829,rs12653946,5,1897423,rs35326077,0.474
5,1895829,rs12653946,5,1897640,rs6861105,0.063
5,1895829,rs12653946,5,1897725,rs260411,0.063
5,1895829,rs12653946,5,1897896,rs72706729,0.107
5,1895829,rs12653946,5,1897929,rs13155286,0.323
5,1895829,rs12653946,5,1898614,rs10428542,0.107
5,1895829,rs12653946,5,1899523,chr5_1899523_A_G,0.16
5,1895829,rs12653946,5,1899650,rs62335825,0.101
5,1895829,rs12653946,5,1900631,rs187759,0.069
5,1895829,rs12653946,5,1901205,rs17537048,0.053
5,1895829,rs12653946,5,1903456,rs73030212,0.069
5,1895829,rs12653946,5,1903673,rs2353012,0.068
5,1895829,rs12653946,5,1904925,chr5_1904925_A_G,0.068
5,1895829,rs12653946,5,1905155,rs1486944,0.051
5,1895829,rs12653946,5,1906609,rs2171316,0.064
5,1895829,rs12653946,5,1906741,rs2129473,0.064
5,1895829,rs12653946,5,1907239,rs923251,0.086
5,1895829,rs12653946,5,1907931,rs34904049,0.064
5,1895829,rs12653946,5,1907972,rs62335827,0.092
5,1895829,rs12653946,5,1908525,chr5_1908525_C_G,0.064
5,1895829,rs12653946,5,1909022,chr5_1909022_C_T,0.091
5,1895829,rs12653946,5,1909611,rs6555018,0.088
5,1895829,rs12653946,5,1909837,rs1486943,0.109
5,1895829,rs12653946,5,1911035,rs4975760,0.063
5,1895829,rs12653946,5,1911344,rs4975711,0.063
5,1895829,rs12653946,5,1912185,rs1075628,0.081
5,1895829,rs12653946,5,1912921,chr5_1912921_A_G,0.055
5,1895829,rs12653946,5,1913514,rs35330412,0.082
5,1895829,rs12653946,5,1913923,rs12521512,0.096
5,1895829,rs12653946,5,1914484,chr5_1914484_C_T,0.078
5,1895829,rs12653946,5,1916530,rs6879297,0.055
5,1895829,rs12653946,5,1936008,rs10072345,0.056
5,1895829,rs12653946,5,1936116,rs10065645,0.063
5,1895829,rs12653946,5,1936595,rs72067813,0.06
5,1895829,rs12653946,5,1937053,rs6883630,0.063
5,1895829,rs12653946,5,1939958,chr5_1939958_A_G,0.06
5,1895829,rs12653946,5,1942834,rs6868970,0.06
5,1895829,rs12653946,5,1943264,rs6892153,0.06
5,1895829,rs12653946,5,1945766,rs10067719,0.051
5,1895829,rs12653946,5,1958907,rs56287698,0.063
5,1895829,rs12653946,5,1959286,rs35973145,0.06
5,1895829,rs12653946,5,1959810,chr5_1959810_A_G,0.06
5,1895829,rs12653946,5,1962802,chr5_1962802_G_T,0.051
5,1895829,rs12653946,5,1963644,rs4975774,0.062
5,1895829,rs12653946,5,1963835,rs4975775,0.062
5,1895829,rs12653946,5,1964957,rs55873923,0.062
5,1895829,rs12653946,5,1980101,rs73031919,0.075
5,1895829,rs12653946,5,1983619,rs4975779,0.063
5,1895829,rs12653946,5,2005333,rs112445167,0.055
