CHR_A,BP_A,SNP_A,CHR_B,BP_B,SNP_B,R2
5,172939426,rs6869841,5,172870964,rs6887996,0.07
5,172939426,rs6869841,5,172872410,rs58475919,0.298
5,172939426,rs6869841,5,172872881,chr5_172872881_A_G,0.321
5,172939426,rs6869841,5,172872959,rs34674270,0.07
5,172939426,rs6869841,5,172873920,chr5_172873920_C_T,0.07
5,172939426,rs6869841,5,172874241,rs7706300,0.07
5,172939426,rs6869841,5,172874286,rs55737849,0.055
5,172939426,rs6869841,5,172874624,rs4868276,0.07
5,172939426,rs6869841,5,172875435,rs11134800,0.07
5,172939426,rs6869841,5,172875769,rs11747282,0.07
5,172939426,rs6869841,5,172876006,rs4868277,0.07
5,172939426,rs6869841,5,172876851,rs10058978,0.07
5,172939426,rs6869841,5,172878936,rs34625859,0.055
5,172939426,rs6869841,5,172879282,rs11134801,0.07
5,172939426,rs6869841,5,172880042,rs34487759,0.296
5,172939426,rs6869841,5,172880971,rs12187007,0.07
5,172939426,rs6869841,5,172881269,rs34340045,0.07
5,172939426,rs6869841,5,172881712,rs11744776,0.295
5,172939426,rs6869841,5,172882207,chr5_172882207_A_G,0.079
5,172939426,rs6869841,5,172882963,rs11134802,0.07
5,172939426,rs6869841,5,172884244,rs13184101,0.298
5,172939426,rs6869841,5,172885372,rs6879328,0.07
5,172939426,rs6869841,5,172885493,rs6862338,0.07
5,172939426,rs6869841,5,172886268,rs10041246,0.058
5,172939426,rs6869841,5,172886305,rs10041281,0.07
5,172939426,rs6869841,5,172886527,rs750824,0.069
5,172939426,rs6869841,5,172886986,rs6868915,0.301
5,172939426,rs6869841,5,172888611,rs10043412,0.059
5,172939426,rs6869841,5,172889495,rs10074912,0.059
5,172939426,rs6869841,5,172889528,rs10059954,0.06
5,172939426,rs6869841,5,172889582,rs10052937,0.072
5,172939426,rs6869841,5,172889591,rs10074969,0.06
5,172939426,rs6869841,5,172889729,rs368677043,0.072
5,172939426,rs6869841,5,172889730,5:172889730:G:C,0.072
5,172939426,rs6869841,5,172889731,5:172889731:C:A,0.072
5,172939426,rs6869841,5,172889732,5:172889732:C:T,0.072
5,172939426,rs6869841,5,172892026,rs17075979,0.216
5,172939426,rs6869841,5,172892328,rs17075980,0.217
5,172939426,rs6869841,5,172892874,rs34702974,0.216
5,172939426,rs6869841,5,172893123,rs9284985,0.088
5,172939426,rs6869841,5,172893129,chr5_172893129_A_G,0.141
5,172939426,rs6869841,5,172893463,rs1422654,0.097
5,172939426,rs6869841,5,172893583,rs1422655,0.097
5,172939426,rs6869841,5,172893826,rs1422656,0.213
5,172939426,rs6869841,5,172894496,rs2034234,0.098
5,172939426,rs6869841,5,172895105,rs4144662,0.097
5,172939426,rs6869841,5,172895302,rs7717730,0.098
5,172939426,rs6869841,5,172895415,rs2339879,0.099
5,172939426,rs6869841,5,172895432,rs2032845,0.098
5,172939426,rs6869841,5,172895674,rs2014994,0.098
5,172939426,rs6869841,5,172896130,rs17075987,0.213
5,172939426,rs6869841,5,172896796,rs1422658,0.097
5,172939426,rs6869841,5,172897381,rs9918116,0.098
5,172939426,rs6869841,5,172897595,rs17076002,0.213
5,172939426,rs6869841,5,172897836,rs7713431,0.098
5,172939426,rs6869841,5,172898100,rs375184350,0.099
5,172939426,rs6869841,5,172898430,rs17735751,0.097
5,172939426,rs6869841,5,172899502,chr5_172899502_C_T,0.095
5,172939426,rs6869841,5,172900949,rs34366552,0.157
5,172939426,rs6869841,5,172905083,rs13175115,0.255
5,172939426,rs6869841,5,172905221,rs33916052,0.255
5,172939426,rs6869841,5,172905503,rs35966459,0.255
5,172939426,rs6869841,5,172908243,rs873725,0.103
5,172939426,rs6869841,5,172908863,rs811013,0.249
5,172939426,rs6869841,5,172909619,chr5_172909619_C_T,0.26
5,172939426,rs6869841,5,172909930,rs2067339,0.26
5,172939426,rs6869841,5,172910159,rs34884832,0.511
5,172939426,rs6869841,5,172910246,rs34464925,0.511
5,172939426,rs6869841,5,172910856,rs35698431,0.508
5,172939426,rs6869841,5,172910955,rs254786,0.104
5,172939426,rs6869841,5,172910988,rs181901,0.104
5,172939426,rs6869841,5,172911690,rs254787,0.104
5,172939426,rs6869841,5,172911777,rs254788,0.104
5,172939426,rs6869841,5,172911988,chr5_172911988_C_T,0.505
5,172939426,rs6869841,5,172912517,rs6897372,0.51
5,172939426,rs6869841,5,172913071,rs13190005,0.51
5,172939426,rs6869841,5,172913918,rs791792,0.102
5,172939426,rs6869841,5,172918274,rs703753,0.106
5,172939426,rs6869841,5,172919765,rs254790,0.107
5,172939426,rs6869841,5,172919842,rs254791,0.107
5,172939426,rs6869841,5,172921295,rs183722,0.108
5,172939426,rs6869841,5,172922978,chr5_172922978_A_C,0.533
5,172939426,rs6869841,5,172923032,rs254793,0.071
5,172939426,rs6869841,5,172923058,chr5_172923058_C_G,0.426
5,172939426,rs6869841,5,172923075,chr5_172923075_G_T,0.117
5,172939426,rs6869841,5,172923657,rs17736130,0.125
5,172939426,rs6869841,5,172924123,chr5_172924123_A_G,0.118
5,172939426,rs6869841,5,172924425,rs34829726,0.478
5,172939426,rs6869841,5,172924644,rs254799,0.153
5,172939426,rs6869841,5,172925715,chr5_172925715_A_G,0.093
5,172939426,rs6869841,5,172926863,chr5_172926863_C_T,0.478
5,172939426,rs6869841,5,172927107,chr5_172927107_C_T,0.477
5,172939426,rs6869841,5,172928841,rs72820094,0.511
5,172939426,rs6869841,5,172929710,rs56020227,0.531
5,172939426,rs6869841,5,172930329,rs7724785,0.183
5,172939426,rs6869841,5,172930680,chr5_172930680_G_T,0.996
5,172939426,rs6869841,5,172933842,rs7716959,0.169
5,172939426,rs6869841,5,172934154,rs6877068,0.166
5,172939426,rs6869841,5,172934387,rs6898930,0.164
5,172939426,rs6869841,5,172934432,rs6556076,0.17
5,172939426,rs6869841,5,172934433,rs6556077,0.18
5,172939426,rs6869841,5,172934898,rs7722022,0.164
5,172939426,rs6869841,5,172934970,rs7722165,0.169
5,172939426,rs6869841,5,172935179,rs11738751,0.169
5,172939426,rs6869841,5,172935514,rs62378513,0.164
5,172939426,rs6869841,5,172936690,rs79231087,0.166
5,172939426,rs6869841,5,172936927,chr5_172936927_G_T,0.189
5,172939426,rs6869841,5,172936993,rs34326526,0.167
5,172939426,rs6869841,5,172939411,rs2080972,0.165
5,172939426,rs6869841,5,172939413,rs2080971,0.165
5,172939426,rs6869841,5,172939426,rs6869841,1
5,172939426,rs6869841,5,172939755,rs6891752,0.998
5,172939426,rs6869841,5,172941189,rs2032847,0.169
5,172939426,rs6869841,5,172941190,rs2032846,0.169
5,172939426,rs6869841,5,172941318,rs202199121,0.182
5,172939426,rs6869841,5,172941689,rs17679877,0.164
5,172939426,rs6869841,5,172941830,rs6873129,0.164
5,172939426,rs6869841,5,172941952,rs996374,0.164
5,172939426,rs6869841,5,172942261,rs996373,0.165
5,172939426,rs6869841,5,172942459,rs1422772,0.164
5,172939426,rs6869841,5,172942597,rs1422770,0.165
5,172939426,rs6869841,5,172942636,rs4454066,0.165
5,172939426,rs6869841,5,172942879,chr5_172942879_C_G,0.88
5,172939426,rs6869841,5,172943339,rs9800424,0.165
5,172939426,rs6869841,5,172943369,rs9800425,0.165
5,172939426,rs6869841,5,172943735,rs17680071,0.165
5,172939426,rs6869841,5,172943835,rs35588938,0.165
5,172939426,rs6869841,5,172944187,rs5018768,0.165
5,172939426,rs6869841,5,172944215,rs5018769,0.165
5,172939426,rs6869841,5,172944400,chr5_172944400_A_G,0.995
5,172939426,rs6869841,5,172944495,rs1559142,0.165
5,172939426,rs6869841,5,172944704,rs1974796,0.165
5,172939426,rs6869841,5,172944741,rs2077996,0.165
5,172939426,rs6869841,5,172945918,chr5_172945918_G_T,0.989
5,172939426,rs6869841,5,172946248,rs2052508,0.165
5,172939426,rs6869841,5,172946296,rs2052507,0.165
5,172939426,rs6869841,5,172946735,rs1363604,0.165
5,172939426,rs6869841,5,172948021,rs11748850,0.164
5,172939426,rs6869841,5,172948063,rs34574781,0.163
5,172939426,rs6869841,5,172948354,chr5_172948354_G_T,0.993
5,172939426,rs6869841,5,172948415,rs142754849,0.165
5,172939426,rs6869841,5,172948513,chr5_172948513_A_G,0.879
5,172939426,rs6869841,5,172948532,rs58870274,0.165
5,172939426,rs6869841,5,172948736,rs4868281,0.165
5,172939426,rs6869841,5,172948987,rs4868282,0.165
5,172939426,rs6869841,5,172949066,rs4868283,0.165
5,172939426,rs6869841,5,172949118,rs4868284,0.165
5,172939426,rs6869841,5,172949239,rs56683278,0.165
5,172939426,rs6869841,5,172949350,rs59273986,0.165
5,172939426,rs6869841,5,172949354,rs57729160,0.165
5,172939426,rs6869841,5,172949441,rs6896636,0.166
5,172939426,rs6869841,5,172949577,rs6877950,0.165
5,172939426,rs6869841,5,172949635,rs6897396,0.165
5,172939426,rs6869841,5,172949688,rs1363609,0.18
5,172939426,rs6869841,5,172949745,rs6878296,0.165
5,172939426,rs6869841,5,172949828,rs1363608,0.167
5,172939426,rs6869841,5,172949883,rs6878489,0.165
5,172939426,rs6869841,5,172950444,rs11746603,0.165
5,172939426,rs6869841,5,172950616,rs10042463,0.184
5,172939426,rs6869841,5,172950626,rs11746660,0.165
5,172939426,rs6869841,5,172950691,rs11746666,0.165
5,172939426,rs6869841,5,172951517,rs754312,0.165
5,172939426,rs6869841,5,172951703,rs36228313,0.075
5,172939426,rs6869841,5,172951854,rs889016,0.165
5,172939426,rs6869841,5,172952381,rs11747823,0.164
5,172939426,rs6869841,5,172952869,rs6865384,0.165
5,172939426,rs6869841,5,172952927,rs6884670,0.165
5,172939426,rs6869841,5,172952946,rs11317730,0.165
5,172939426,rs6869841,5,172952952,rs116836682,0.165
5,172939426,rs6869841,5,172953095,rs6884593,0.165
5,172939426,rs6869841,5,172953180,rs6865880,0.165
5,172939426,rs6869841,5,172953538,rs1465414,0.165
5,172939426,rs6869841,5,172953680,rs1465412,0.165
5,172939426,rs6869841,5,172954060,rs147779802,0.165
5,172939426,rs6869841,5,172954169,rs60539383,0.165
5,172939426,rs6869841,5,172954211,rs60899884,0.165
5,172939426,rs6869841,5,172954230,rs62378558,0.165
5,172939426,rs6869841,5,172954231,rs62378559,0.165
5,172939426,rs6869841,5,172954428,rs34275566,0.165
5,172939426,rs6869841,5,172954632,chr5_172954632_A_G,0.877
5,172939426,rs6869841,5,172954932,rs6876915,0.165
5,172939426,rs6869841,5,172955145,rs2879650,0.179
5,172939426,rs6869841,5,172955183,rs2339959,0.183
5,172939426,rs6869841,5,172955206,rs4302609,0.165
5,172939426,rs6869841,5,172955214,rs2339960,0.166
5,172939426,rs6869841,5,172955238,rs71611183,0.53
5,172939426,rs6869841,5,172955292,rs2879651,0.165
5,172939426,rs6869841,5,172955336,rs2879652,0.164
5,172939426,rs6869841,5,172955662,chr5_172955662_A_G,0.078
5,172939426,rs6869841,5,172955791,rs1477326,0.127
5,172939426,rs6869841,5,172955849,rs1477325,0.173
5,172939426,rs6869841,5,172955855,rs6860868,0.322
5,172939426,rs6869841,5,172955882,chr5_172955882_C_T,0.519
5,172939426,rs6869841,5,172955942,rs13154902,0.531
5,172939426,rs6869841,5,172955991,rs147571453,0.531
5,172939426,rs6869841,5,172956268,rs10066464,0.068
5,172939426,rs6869841,5,172956423,rs35662405,0.498
5,172939426,rs6869841,5,172956499,rs35874629,0.5
5,172939426,rs6869841,5,172956679,rs10068178,0.07
5,172939426,rs6869841,5,172956807,rs10076027,0.069
5,172939426,rs6869841,5,172956864,rs34855985,0.53
5,172939426,rs6869841,5,172956921,rs397775481,0.069
5,172939426,rs6869841,5,172956970,rs10053202,0.069
5,172939426,rs6869841,5,172957186,rs1862380,0.172
5,172939426,rs6869841,5,172957916,rs2339961,0.07
5,172939426,rs6869841,5,172958028,rs2161352,0.069
5,172939426,rs6869841,5,172958165,rs2112620,0.077
5,172939426,rs6869841,5,172958348,rs2112619,0.07
5,172939426,rs6869841,5,172958430,rs2161351,0.171
5,172939426,rs6869841,5,172958943,rs17076061,0.07
5,172939426,rs6869841,5,172959030,rs9686557,0.319
5,172939426,rs6869841,5,172959083,rs17076062,0.076
5,172939426,rs6869841,5,172959327,rs17076064,0.068
5,172939426,rs6869841,5,172959378,rs113519215,0.076
5,172939426,rs6869841,5,172960083,chr5_172960083_C_T,0.291
5,172939426,rs6869841,5,172960176,chr5_172960176_A_G,0.291
5,172939426,rs6869841,5,172960284,chr5_172960284_A_G,0.291
5,172939426,rs6869841,5,172960412,rs4867714,0.172
5,172939426,rs6869841,5,172960425,rs11954373,0.29
5,172939426,rs6869841,5,172960611,chr5_172960611_G_T,0.291
5,172939426,rs6869841,5,172960956,rs67919143,0.522
5,172939426,rs6869841,5,172961249,rs13153805,0.171
5,172939426,rs6869841,5,172961811,chr5_172961811_G_T,0.455
5,172939426,rs6869841,5,172961826,rs9687347,0.29
5,172939426,rs6869841,5,172962046,rs7706487,0.128
5,172939426,rs6869841,5,172962139,rs9313635,0.128
5,172939426,rs6869841,5,172962435,rs55897185,0.29
5,172939426,rs6869841,5,172962507,rs7711011,0.094
5,172939426,rs6869841,5,172962814,rs6870707,0.094
5,172939426,rs6869841,5,172963655,rs11134807,0.128
5,172939426,rs6869841,5,172963702,rs10516098,0.128
5,172939426,rs6869841,5,172964008,rs34946270,0.094
5,172939426,rs6869841,5,172964500,rs7721535,0.128
5,172939426,rs6869841,5,172965051,chr5_172965051_C_T,0.288
5,172939426,rs6869841,5,172965076,rs4867715,0.128
5,172939426,rs6869841,5,172965383,rs4867716,0.094
5,172939426,rs6869841,5,172966051,rs11742607,0.075
5,172939426,rs6869841,5,172966152,chr5_172966152_G_T,0.288
5,172939426,rs6869841,5,172966691,chr5_172966691_C_G,0.21
5,172939426,rs6869841,5,172966812,rs11750059,0.095
5,172939426,rs6869841,5,172966854,rs12522928,0.075
5,172939426,rs6869841,5,172968523,rs10038750,0.066
5,172939426,rs6869841,5,172969013,rs76422109,0.075
5,172939426,rs6869841,5,172969086,rs199692203,0.075
5,172939426,rs6869841,5,172969109,rs17052031,0.385
5,172939426,rs6869841,5,172969495,chr5_172969495_G_T,0.383
5,172939426,rs6869841,5,172970009,rs6870523,0.378
5,172939426,rs6869841,5,172971156,rs59013528,0.065
5,172939426,rs6869841,5,172971261,rs59358668,0.066
5,172939426,rs6869841,5,172971593,rs4867717,0.114
5,172939426,rs6869841,5,172972049,rs10062678,0.254
5,172939426,rs6869841,5,172972296,rs6892743,0.113
5,172939426,rs6869841,5,172972320,rs6873783,0.113
5,172939426,rs6869841,5,172972436,rs6878007,0.074
5,172939426,rs6869841,5,172972756,rs144765326,0.093
5,172939426,rs6869841,5,172972756,rs144765326,0.252
5,172939426,rs6869841,5,172972817,rs6897691,0.074
5,172939426,rs6869841,5,172972905,5:172972905:A:AGATGCTGCCCACACTG,0.072
5,172939426,rs6869841,5,172972932,rs11355107,0.073
5,172939426,rs6869841,5,172973014,5:172973014:G:<CN0>:0,0.073
5,172939426,rs6869841,5,172973780,rs4867718,0.187
5,172939426,rs6869841,5,172973821,rs13156364,0.187
5,172939426,rs6869841,5,172974191,rs13157266,0.187
5,172939426,rs6869841,5,172975176,rs7710147,0.069
5,172939426,rs6869841,5,172975691,rs10866665,0.069
5,172939426,rs6869841,5,172975749,chr5_172975749_A_G,0.257
5,172939426,rs6869841,5,172976984,rs2080970,0.069
5,172939426,rs6869841,5,172977250,rs17686814,0.073
5,172939426,rs6869841,5,172977353,rs11134808,0.069
5,172939426,rs6869841,5,172977560,rs17686870,0.073
5,172939426,rs6869841,5,172977711,rs11742164,0.251
5,172939426,rs6869841,5,172978104,rs11745770,0.251
5,172939426,rs6869841,5,172978276,rs6867566,0.07
5,172939426,rs6869841,5,172978284,rs11742377,0.251
5,172939426,rs6869841,5,172978355,rs11742399,0.252
5,172939426,rs6869841,5,172978466,rs55914085,0.068
5,172939426,rs6869841,5,172978535,rs7730178,0.068
5,172939426,rs6869841,5,172978628,rs60531830,0.073
5,172939426,rs6869841,5,172978666,rs7712664,0.251
5,172939426,rs6869841,5,172978784,rs35326278,0.068
5,172939426,rs6869841,5,172978859,chr5_172978859_C_T,0.068
5,172939426,rs6869841,5,172978861,rs6891807,0.25
5,172939426,rs6869841,5,172978871,rs34151159,0.25
5,172939426,rs6869841,5,172978905,rs6891528,0.25
5,172939426,rs6869841,5,172979183,rs6891923,0.25
5,172939426,rs6869841,5,172979260,rs4868286,0.251
5,172939426,rs6869841,5,172979324,rs6892270,0.251
5,172939426,rs6869841,5,172979427,rs6896612,0.38
5,172939426,rs6869841,5,172979494,rs4867719,0.251
5,172939426,rs6869841,5,172979563,rs4867720,0.251
5,172939426,rs6869841,5,172979627,rs4868287,0.251
5,172939426,rs6869841,5,172979888,rs7736086,0.073
5,172939426,rs6869841,5,172980258,rs7718816,0.073
5,172939426,rs6869841,5,172980372,rs36007715,0.068
5,172939426,rs6869841,5,172980410,rs144705123,0.066
5,172939426,rs6869841,5,172980660,rs61653086,0.077
5,172939426,rs6869841,5,172980714,rs12520258,0.25
5,172939426,rs6869841,5,172981423,rs7717957,0.068
5,172939426,rs6869841,5,172983279,rs6885032,0.218
5,172939426,rs6869841,5,172983457,rs4867721,0.087
5,172939426,rs6869841,5,172984114,rs889014,0.217
5,172939426,rs6869841,5,172985103,rs2081002,0.216
5,172939426,rs6869841,5,172985599,rs11958131,0.087
5,172939426,rs6869841,5,172985611,rs4473785,0.087
5,172939426,rs6869841,5,172986446,rs11451845,0.207
5,172939426,rs6869841,5,172987159,chr5_172987159_A_G,0.087
5,172939426,rs6869841,5,172987283,rs10068629,0.065
5,172939426,rs6869841,5,172988795,rs4868288,0.087
5,172939426,rs6869841,5,172989869,rs7705630,0.087
5,172939426,rs6869841,5,172990492,rs13183901,0.216
5,172939426,rs6869841,5,172991193,rs76757460,0.065
5,172939426,rs6869841,5,172991752,rs5873373,0.216
5,172939426,rs6869841,5,172992821,rs56917624,0.065
5,172939426,rs6869841,5,172993684,chr5_172993684_C_G,0.071
5,172939426,rs6869841,5,172993853,rs17076100,0.065
5,172939426,rs6869841,5,172994458,rs4868289,0.087
5,172939426,rs6869841,5,172994543,rs7732646,0.087
5,172939426,rs6869841,5,172994624,chr5_172994624_A_G,0.214
5,172939426,rs6869841,5,172995037,rs12523036,0.087
5,172939426,rs6869841,5,172995160,rs12517986,0.214
5,172939426,rs6869841,5,172996643,rs7705787,0.087
5,172939426,rs6869841,5,172996803,rs7705853,0.087
5,172939426,rs6869841,5,172997064,rs6556078,0.087
5,172939426,rs6869841,5,172997078,rs6556079,0.087
5,172939426,rs6869841,5,172997192,rs6556080,0.087
5,172939426,rs6869841,5,172997978,rs17738166,0.155
5,172939426,rs6869841,5,172998191,rs7732038,0.087
5,172939426,rs6869841,5,172998334,rs958138,0.087
5,172939426,rs6869841,5,172998600,5:172998600:G:GAGTT,0.088
5,172939426,rs6869841,5,172998601,5:172998601:C:T,0.088
5,172939426,rs6869841,5,172998603,rs57545473,0.088
5,172939426,rs6869841,5,172998750,rs960192,0.085
5,172939426,rs6869841,5,172998778,rs6876416,0.087
5,172939426,rs6869841,5,172999225,chr5_172999225_A_G,0.055
5,172939426,rs6869841,5,172999405,rs7717406,0.087
5,172939426,rs6869841,5,172999481,rs7721287,0.087
5,172939426,rs6869841,5,172999527,rs7703857,0.087
5,172939426,rs6869841,5,172999874,rs10718574,0.087
5,172939426,rs6869841,5,172999880,chr5_172999880_INDEL_T,0.087
5,172939426,rs6869841,5,173000002,rs7704555,0.214
5,172939426,rs6869841,5,173000336,rs9313638,0.264
5,172939426,rs6869841,5,173000579,rs10223182,0.129
5,172939426,rs6869841,5,173000771,rs10223183,0.129
5,172939426,rs6869841,5,173000834,rs35774141,0.086
5,172939426,rs6869841,5,173001226,rs4868290,0.13
5,172939426,rs6869841,5,173001227,rs4868291,0.13
5,172939426,rs6869841,5,173001304,rs4868292,0.127
5,172939426,rs6869841,5,173001358,rs144460284,0.127
5,172939426,rs6869841,5,173001375,rs55734022,0.127
5,172939426,rs6869841,5,173001748,rs7704242,0.127
5,172939426,rs6869841,5,173001784,rs11310412,0.127
5,172939426,rs6869841,5,173003766,rs11385449,0.059
5,172939426,rs6869841,5,173008852,chr5_173008852_A_G,0.1
5,172939426,rs6869841,5,173032173,chr5_173032173_A_T,0.088
5,172955855,rs6860868,5,172870964,rs6887996,0.215
5,172955855,rs6860868,5,172872410,rs58475919,0.064
5,172955855,rs6860868,5,172872881,chr5_172872881_A_G,0.07
5,172955855,rs6860868,5,172872959,rs34674270,0.216
5,172955855,rs6860868,5,172873920,chr5_172873920_C_T,0.215
5,172955855,rs6860868,5,172874241,rs7706300,0.215
5,172955855,rs6860868,5,172874624,rs4868276,0.215
5,172955855,rs6860868,5,172875435,rs11134800,0.216
5,172955855,rs6860868,5,172875769,rs11747282,0.216
5,172955855,rs6860868,5,172876006,rs4868277,0.216
5,172955855,rs6860868,5,172876851,rs10058978,0.215
5,172955855,rs6860868,5,172878936,rs34625859,0.158
5,172955855,rs6860868,5,172879282,rs11134801,0.216
5,172955855,rs6860868,5,172880042,rs34487759,0.063
5,172955855,rs6860868,5,172880971,rs12187007,0.216
5,172955855,rs6860868,5,172881269,rs34340045,0.216
5,172955855,rs6860868,5,172881712,rs11744776,0.063
5,172955855,rs6860868,5,172882207,chr5_172882207_A_G,0.145
5,172955855,rs6860868,5,172882963,rs11134802,0.216
5,172955855,rs6860868,5,172884244,rs13184101,0.064
5,172955855,rs6860868,5,172885372,rs6879328,0.216
5,172955855,rs6860868,5,172885493,rs6862338,0.215
5,172955855,rs6860868,5,172886305,rs10041281,0.216
5,172955855,rs6860868,5,172886527,rs750824,0.215
5,172955855,rs6860868,5,172886986,rs6868915,0.064
5,172955855,rs6860868,5,172889582,rs10052937,0.221
5,172955855,rs6860868,5,172889729,rs368677043,0.221
5,172955855,rs6860868,5,172889730,5:172889730:G:C,0.221
5,172955855,rs6860868,5,172889731,5:172889731:C:A,0.221
5,172955855,rs6860868,5,172889732,5:172889732:C:T,0.221
5,172955855,rs6860868,5,172891017,rs11302283,0.109
5,172955855,rs6860868,5,172891158,rs6873590,0.117
5,172955855,rs6860868,5,172893123,rs9284985,0.267
5,172955855,rs6860868,5,172893463,rs1422654,0.275
5,172955855,rs6860868,5,172893583,rs1422655,0.275
5,172955855,rs6860868,5,172893826,rs1422656,0.132
5,172955855,rs6860868,5,172893833,rs1422657,0.132
5,172955855,rs6860868,5,172894496,rs2034234,0.275
5,172955855,rs6860868,5,172895105,rs4144662,0.275
5,172955855,rs6860868,5,172895302,rs7717730,0.276
5,172955855,rs6860868,5,172895415,rs2339879,0.276
5,172955855,rs6860868,5,172895432,rs2032845,0.274
5,172955855,rs6860868,5,172895674,rs2014994,0.274
5,172955855,rs6860868,5,172896796,rs1422658,0.274
5,172955855,rs6860868,5,172897381,rs9918116,0.275
5,172955855,rs6860868,5,172897836,rs7713431,0.275
5,172955855,rs6860868,5,172898169,rs7713671,0.156
5,172955855,rs6860868,5,172899153,rs7718910,0.198
5,172955855,rs6860868,5,172901400,rs10043809,0.133
5,172955855,rs6860868,5,172901533,rs6864977,0.125
5,172955855,rs6860868,5,172902130,rs750167,0.121
5,172955855,rs6860868,5,172902359,rs750168,0.125
5,172955855,rs6860868,5,172904012,rs13362484,0.154
5,172955855,rs6860868,5,172904158,rs13362522,0.125
5,172955855,rs6860868,5,172904469,rs1363558,0.124
5,172955855,rs6860868,5,172908243,rs873725,0.285
5,172955855,rs6860868,5,172909216,rs1079213,0.146
5,172955855,rs6860868,5,172910159,rs34884832,0.162
5,172955855,rs6860868,5,172910246,rs34464925,0.162
5,172955855,rs6860868,5,172910856,rs35698431,0.161
5,172955855,rs6860868,5,172910955,rs254786,0.288
5,172955855,rs6860868,5,172910988,rs181901,0.287
5,172955855,rs6860868,5,172911690,rs254787,0.287
5,172955855,rs6860868,5,172911777,rs254788,0.287
5,172955855,rs6860868,5,172911988,chr5_172911988_C_T,0.16
5,172955855,rs6860868,5,172912517,rs6897372,0.162
5,172955855,rs6860868,5,172913071,rs13190005,0.162
5,172955855,rs6860868,5,172913918,rs791792,0.304
5,172955855,rs6860868,5,172914939,rs806600,0.051
5,172955855,rs6860868,5,172918274,rs703753,0.291
5,172955855,rs6860868,5,172918467,rs791791,0.053
5,172955855,rs6860868,5,172919765,rs254790,0.294
5,172955855,rs6860868,5,172919842,rs254791,0.294
5,172955855,rs6860868,5,172921031,rs254792,0.054
5,172955855,rs6860868,5,172921295,rs183722,0.295
5,172955855,rs6860868,5,172922978,chr5_172922978_A_C,0.17
5,172955855,rs6860868,5,172923032,rs254793,0.248
5,172955855,rs6860868,5,172923058,chr5_172923058_C_G,0.124
5,172955855,rs6860868,5,172923075,chr5_172923075_G_T,0.295
5,172955855,rs6860868,5,172924123,chr5_172924123_A_G,0.307
5,172955855,rs6860868,5,172924324,rs254796,0.068
5,172955855,rs6860868,5,172924384,rs254797,0.069
5,172955855,rs6860868,5,172924425,rs34829726,0.151
5,172955855,rs6860868,5,172924491,rs254798,0.069
5,172955855,rs6860868,5,172924962,rs2546672,0.069
5,172955855,rs6860868,5,172924967,rs2546671,0.069
5,172955855,rs6860868,5,172925120,5:172925120:GT:GTT,0.069
5,172955855,rs6860868,5,172925196,rs71935229,0.065
5,172955855,rs6860868,5,172925209,rs192269,0.069
5,172955855,rs6860868,5,172925342,rs5873371,0.065
5,172955855,rs6860868,5,172925686,rs194226,0.069
5,172955855,rs6860868,5,172926002,rs2546668,0.069
5,172955855,rs6860868,5,172926003,rs2546667,0.069
5,172955855,rs6860868,5,172926329,rs791787,0.07
5,172955855,rs6860868,5,172926863,chr5_172926863_C_T,0.151
5,172955855,rs6860868,5,172927107,chr5_172927107_C_T,0.151
5,172955855,rs6860868,5,172927592,rs40796,0.07
5,172955855,rs6860868,5,172927862,rs29656,0.07
5,172955855,rs6860868,5,172928841,rs72820094,0.163
5,172955855,rs6860868,5,172929710,rs56020227,0.176
5,172955855,rs6860868,5,172930329,rs7724785,0.496
5,172955855,rs6860868,5,172930680,chr5_172930680_G_T,0.322
5,172955855,rs6860868,5,172933842,rs7716959,0.062
5,172955855,rs6860868,5,172934154,rs6877068,0.053
5,172955855,rs6860868,5,172934387,rs6898930,0.064
5,172955855,rs6860868,5,172934432,rs6556076,0.062
5,172955855,rs6860868,5,172934433,rs6556077,0.519
5,172955855,rs6860868,5,172934898,rs7722022,0.064
5,172955855,rs6860868,5,172934970,rs7722165,0.062
5,172955855,rs6860868,5,172935179,rs11738751,0.061
5,172955855,rs6860868,5,172935514,rs62378513,0.064
5,172955855,rs6860868,5,172936690,rs79231087,0.056
5,172955855,rs6860868,5,172936927,chr5_172936927_G_T,0.057
5,172955855,rs6860868,5,172936993,rs34326526,0.06
5,172955855,rs6860868,5,172939411,rs2080972,0.056
5,172955855,rs6860868,5,172939413,rs2080971,0.056
5,172955855,rs6860868,5,172939426,rs6869841,0.322
5,172955855,rs6860868,5,172939755,rs6891752,0.322
5,172955855,rs6860868,5,172941189,rs2032847,0.054
5,172955855,rs6860868,5,172941190,rs2032846,0.054
5,172955855,rs6860868,5,172941318,rs202199121,0.494
5,172955855,rs6860868,5,172941689,rs17679877,0.056
5,172955855,rs6860868,5,172941830,rs6873129,0.056
5,172955855,rs6860868,5,172941952,rs996374,0.056
5,172955855,rs6860868,5,172942261,rs996373,0.055
5,172955855,rs6860868,5,172942459,rs1422772,0.056
5,172955855,rs6860868,5,172942597,rs1422770,0.055
5,172955855,rs6860868,5,172942636,rs4454066,0.055
5,172955855,rs6860868,5,172942879,chr5_172942879_C_G,0.285
5,172955855,rs6860868,5,172943339,rs9800424,0.055
5,172955855,rs6860868,5,172943369,rs9800425,0.056
5,172955855,rs6860868,5,172943735,rs17680071,0.055
5,172955855,rs6860868,5,172943835,rs35588938,0.055
5,172955855,rs6860868,5,172944187,rs5018768,0.055
5,172955855,rs6860868,5,172944215,rs5018769,0.055
5,172955855,rs6860868,5,172944400,chr5_172944400_A_G,0.324
5,172955855,rs6860868,5,172944495,rs1559142,0.055
5,172955855,rs6860868,5,172944704,rs1974796,0.055
5,172955855,rs6860868,5,172944741,rs2077996,0.055
5,172955855,rs6860868,5,172945918,chr5_172945918_G_T,0.325
5,172955855,rs6860868,5,172946248,rs2052508,0.055
5,172955855,rs6860868,5,172946296,rs2052507,0.055
5,172955855,rs6860868,5,172946735,rs1363604,0.055
5,172955855,rs6860868,5,172948021,rs11748850,0.056
5,172955855,rs6860868,5,172948063,rs34574781,0.056
5,172955855,rs6860868,5,172948354,chr5_172948354_G_T,0.324
5,172955855,rs6860868,5,172948415,rs142754849,0.055
5,172955855,rs6860868,5,172948513,chr5_172948513_A_G,0.286
5,172955855,rs6860868,5,172948532,rs58870274,0.056
5,172955855,rs6860868,5,172948736,rs4868281,0.055
5,172955855,rs6860868,5,172948987,rs4868282,0.055
5,172955855,rs6860868,5,172949066,rs4868283,0.055
5,172955855,rs6860868,5,172949118,rs4868284,0.055
5,172955855,rs6860868,5,172949239,rs56683278,0.055
5,172955855,rs6860868,5,172949350,rs59273986,0.056
5,172955855,rs6860868,5,172949354,rs57729160,0.056
5,172955855,rs6860868,5,172949441,rs6896636,0.055
5,172955855,rs6860868,5,172949577,rs6877950,0.056
5,172955855,rs6860868,5,172949635,rs6897396,0.055
5,172955855,rs6860868,5,172949688,rs1363609,0.522
5,172955855,rs6860868,5,172949745,rs6878296,0.055
5,172955855,rs6860868,5,172949828,rs1363608,0.486
5,172955855,rs6860868,5,172949883,rs6878489,0.055
5,172955855,rs6860868,5,172950444,rs11746603,0.056
5,172955855,rs6860868,5,172950616,rs10042463,0.503
5,172955855,rs6860868,5,172950626,rs11746660,0.055
5,172955855,rs6860868,5,172950691,rs11746666,0.056
5,172955855,rs6860868,5,172951517,rs754312,0.056
5,172955855,rs6860868,5,172951703,rs36228313,0.103
5,172955855,rs6860868,5,172951854,rs889016,0.055
5,172955855,rs6860868,5,172952381,rs11747823,0.056
5,172955855,rs6860868,5,172952869,rs6865384,0.055
5,172955855,rs6860868,5,172952927,rs6884670,0.055
5,172955855,rs6860868,5,172952946,rs11317730,0.055
5,172955855,rs6860868,5,172952952,rs116836682,0.055
5,172955855,rs6860868,5,172953095,rs6884593,0.055
5,172955855,rs6860868,5,172953180,rs6865880,0.055
5,172955855,rs6860868,5,172953538,rs1465414,0.055
5,172955855,rs6860868,5,172953680,rs1465412,0.055
5,172955855,rs6860868,5,172954060,rs147779802,0.055
5,172955855,rs6860868,5,172954169,rs60539383,0.055
5,172955855,rs6860868,5,172954211,rs60899884,0.055
5,172955855,rs6860868,5,172954230,rs62378558,0.056
5,172955855,rs6860868,5,172954231,rs62378559,0.055
5,172955855,rs6860868,5,172954428,rs34275566,0.055
5,172955855,rs6860868,5,172954632,chr5_172954632_A_G,0.287
5,172955855,rs6860868,5,172954932,rs6876915,0.055
5,172955855,rs6860868,5,172955145,rs2879650,0.525
5,172955855,rs6860868,5,172955183,rs2339959,0.504
5,172955855,rs6860868,5,172955206,rs4302609,0.055
5,172955855,rs6860868,5,172955214,rs2339960,0.054
5,172955855,rs6860868,5,172955238,rs71611183,0.178
5,172955855,rs6860868,5,172955292,rs2879651,0.055
5,172955855,rs6860868,5,172955336,rs2879652,0.056
5,172955855,rs6860868,5,172955595,rs5021173,0.148
5,172955855,rs6860868,5,172955662,chr5_172955662_A_G,0.405
5,172955855,rs6860868,5,172955849,rs1477325,0.534
5,172955855,rs6860868,5,172955855,rs6860868,1
5,172955855,rs6860868,5,172955882,chr5_172955882_C_T,0.18
5,172955855,rs6860868,5,172955942,rs13154902,0.186
5,172955855,rs6860868,5,172955991,rs147571453,0.186
5,172955855,rs6860868,5,172956123,rs6861392,0.564
5,172955855,rs6860868,5,172956423,rs35662405,0.2
5,172955855,rs6860868,5,172956499,rs35874629,0.196
5,172955855,rs6860868,5,172956679,rs10068178,0.683
5,172955855,rs6860868,5,172956807,rs10076027,0.682
5,172955855,rs6860868,5,172956864,rs34855985,0.184
5,172955855,rs6860868,5,172956921,rs397775481,0.681
5,172955855,rs6860868,5,172956970,rs10053202,0.683
5,172955855,rs6860868,5,172957186,rs1862380,0.53
5,172955855,rs6860868,5,172957916,rs2339961,0.683
5,172955855,rs6860868,5,172958028,rs2161352,0.682
5,172955855,rs6860868,5,172958116,rs75420043,0.15
5,172955855,rs6860868,5,172958165,rs2112620,0.367
5,172955855,rs6860868,5,172958348,rs2112619,0.683
5,172955855,rs6860868,5,172958430,rs2161351,0.528
5,172955855,rs6860868,5,172958943,rs17076061,0.682
5,172955855,rs6860868,5,172959030,rs9686557,0.991
5,172955855,rs6860868,5,172959083,rs17076062,0.366
5,172955855,rs6860868,5,172959378,rs113519215,0.366
5,172955855,rs6860868,5,172960083,chr5_172960083_C_T,0.119
5,172955855,rs6860868,5,172960176,chr5_172960176_A_G,0.119
5,172955855,rs6860868,5,172960284,chr5_172960284_A_G,0.119
5,172955855,rs6860868,5,172960412,rs4867714,0.528
5,172955855,rs6860868,5,172960425,rs11954373,0.119
5,172955855,rs6860868,5,172960611,chr5_172960611_G_T,0.119
5,172955855,rs6860868,5,172960825,rs17686195,0.262
5,172955855,rs6860868,5,172960956,rs67919143,0.186
5,172955855,rs6860868,5,172961249,rs13153805,0.526
5,172955855,rs6860868,5,172961811,chr5_172961811_G_T,0.164
5,172955855,rs6860868,5,172961826,rs9687347,0.118
5,172955855,rs6860868,5,172962046,rs7706487,0.472
5,172955855,rs6860868,5,172962139,rs9313635,0.472
5,172955855,rs6860868,5,172962435,rs55897185,0.118
5,172955855,rs6860868,5,172963655,rs11134807,0.471
5,172955855,rs6860868,5,172963702,rs10516098,0.47
5,172955855,rs6860868,5,172964500,rs7721535,0.471
5,172955855,rs6860868,5,172965051,chr5_172965051_C_T,0.117
5,172955855,rs6860868,5,172965076,rs4867715,0.471
5,172955855,rs6860868,5,172965904,rs11739565,0.563
5,172955855,rs6860868,5,172966051,rs11742607,0.359
5,172955855,rs6860868,5,172966152,chr5_172966152_G_T,0.117
5,172955855,rs6860868,5,172966511,rs57801728,0.563
5,172955855,rs6860868,5,172966628,rs10045329,0.563
5,172955855,rs6860868,5,172966691,chr5_172966691_C_G,0.089
5,172955855,rs6860868,5,172966778,chr5_172966778_C_G,0.562
5,172955855,rs6860868,5,172966854,rs12522928,0.358
5,172955855,rs6860868,5,172967460,rs11744306,0.563
5,172955855,rs6860868,5,172968120,rs7700692,0.623
5,172955855,rs6860868,5,172968491,rs17052028,0.622
5,172955855,rs6860868,5,172968602,rs36014831,0.622
5,172955855,rs6860868,5,172969013,rs76422109,0.358
5,172955855,rs6860868,5,172969085,rs56383779,0.622
5,172955855,rs6860868,5,172969086,rs199692203,0.358
5,172955855,rs6860868,5,172969109,rs17052031,0.152
5,172955855,rs6860868,5,172969385,rs72088023,0.621
5,172955855,rs6860868,5,172969495,chr5_172969495_G_T,0.151
5,172955855,rs6860868,5,172970009,rs6870523,0.145
5,172955855,rs6860868,5,172971593,rs4867717,0.421
5,172955855,rs6860868,5,172972296,rs6892743,0.416
5,172955855,rs6860868,5,172972320,rs6873783,0.415
5,172955855,rs6860868,5,172972436,rs6878007,0.352
5,172955855,rs6860868,5,172972756,rs144765326,0.296
5,172955855,rs6860868,5,172972817,rs6897691,0.351
5,172955855,rs6860868,5,172972905,5:172972905:A:AGATGCTGCCCACACTG,0.344
5,172955855,rs6860868,5,172972932,rs11355107,0.351
5,172955855,rs6860868,5,172973014,5:172973014:G:<CN0>:0,0.351
5,172955855,rs6860868,5,172973780,rs4867718,0.09
5,172955855,rs6860868,5,172973821,rs13156364,0.09
5,172955855,rs6860868,5,172974191,rs13157266,0.09
5,172955855,rs6860868,5,172975176,rs7710147,0.355
5,172955855,rs6860868,5,172975691,rs10866665,0.355
5,172955855,rs6860868,5,172975749,chr5_172975749_A_G,0.086
5,172955855,rs6860868,5,172976984,rs2080970,0.355
5,172955855,rs6860868,5,172977250,rs17686814,0.349
5,172955855,rs6860868,5,172977353,rs11134808,0.354
5,172955855,rs6860868,5,172977560,rs17686870,0.348
5,172955855,rs6860868,5,172978276,rs6867566,0.348
5,172955855,rs6860868,5,172978466,rs55914085,0.354
5,172955855,rs6860868,5,172978535,rs7730178,0.353
5,172955855,rs6860868,5,172978628,rs60531830,0.347
5,172955855,rs6860868,5,172978784,rs35326278,0.352
5,172955855,rs6860868,5,172978859,chr5_172978859_C_T,0.352
5,172955855,rs6860868,5,172979427,rs6896612,0.148
5,172955855,rs6860868,5,172979888,rs7736086,0.347
5,172955855,rs6860868,5,172980258,rs7718816,0.347
5,172955855,rs6860868,5,172980372,rs36007715,0.353
5,172955855,rs6860868,5,172980660,rs61653086,0.337
5,172955855,rs6860868,5,172981423,rs7717957,0.352
5,172955855,rs6860868,5,172981817,chr5_172981817_A_G,0.161
5,172955855,rs6860868,5,172983353,rs9313636,0.379
5,172955855,rs6860868,5,172983457,rs4867721,0.382
5,172955855,rs6860868,5,172985599,rs11958131,0.38
5,172955855,rs6860868,5,172985611,rs4473785,0.38
5,172955855,rs6860868,5,172987159,chr5_172987159_A_G,0.378
5,172955855,rs6860868,5,172988569,rs12332588,0.376
5,172955855,rs6860868,5,172988795,rs4868288,0.38
5,172955855,rs6860868,5,172989605,rs11748446,0.377
5,172955855,rs6860868,5,172989869,rs7705630,0.379
5,172955855,rs6860868,5,172993019,rs10074223,0.372
5,172955855,rs6860868,5,172993383,rs112233028,0.372
5,172955855,rs6860868,5,172993623,rs28741680,0.372
5,172955855,rs6860868,5,172993684,chr5_172993684_C_G,0.321
5,172955855,rs6860868,5,172994458,rs4868289,0.379
5,172955855,rs6860868,5,172994543,rs7732646,0.379
5,172955855,rs6860868,5,172994912,rs12520643,0.373
5,172955855,rs6860868,5,172995003,rs12517954,0.373
5,172955855,rs6860868,5,172995037,rs12523036,0.379
5,172955855,rs6860868,5,172995241,rs10063807,0.373
5,172955855,rs6860868,5,172996643,rs7705787,0.379
5,172955855,rs6860868,5,172996803,rs7705853,0.379
5,172955855,rs6860868,5,172997064,rs6556078,0.379
5,172955855,rs6860868,5,172997078,rs6556079,0.379
5,172955855,rs6860868,5,172997192,rs6556080,0.379
5,172955855,rs6860868,5,172997421,rs9313637,0.373
5,172955855,rs6860868,5,172998191,rs7732038,0.379
5,172955855,rs6860868,5,172998334,rs958138,0.379
5,172955855,rs6860868,5,172998600,5:172998600:G:GAGTT,0.38
5,172955855,rs6860868,5,172998601,5:172998601:C:T,0.38
5,172955855,rs6860868,5,172998603,rs57545473,0.38
5,172955855,rs6860868,5,172998750,rs960192,0.377
5,172955855,rs6860868,5,172998778,rs6876416,0.379
5,172955855,rs6860868,5,172999225,chr5_172999225_A_G,0.184
5,172955855,rs6860868,5,172999405,rs7717406,0.379
5,172955855,rs6860868,5,172999481,rs7721287,0.379
5,172955855,rs6860868,5,172999527,rs7703857,0.379
5,172955855,rs6860868,5,172999874,rs10718574,0.379
5,172955855,rs6860868,5,172999880,chr5_172999880_INDEL_T,0.378
5,172955855,rs6860868,5,173000777,rs889015,0.445
5,172955855,rs6860868,5,173000834,rs35774141,0.376
5,172955855,rs6860868,5,173001517,rs11748576,0.444
5,172955855,rs6860868,5,173002315,rs7705612,0.414
5,172955855,rs6860868,5,173002317,rs7725357,0.414
5,172955855,rs6860868,5,173003224,rs2339962,0.054
5,172955855,rs6860868,5,173003451,rs1077613,0.055
5,172955855,rs6860868,5,173003641,rs1077611,0.059
5,172955855,rs6860868,5,173003991,rs4868294,0.059
5,172955855,rs6860868,5,173004121,rs7715498,0.057
5,172955855,rs6860868,5,173004206,rs7715674,0.052
