CHR_A,BP_A,SNP_A,CHR_B,BP_B,SNP_B,R2
6,76495882,rs9443189,6,76033742,rs6915428,0.105
6,76495882,rs9443189,6,76040423,rs12191454,0.082
6,76495882,rs9443189,6,76041415,chr6_76041415_A_G,0.077
6,76495882,rs9443189,6,76129197,rs2998382,0.061
6,76495882,rs9443189,6,76129540,rs9447476,0.308
6,76495882,rs9443189,6,76130173,rs2808206,0.062
6,76495882,rs9443189,6,76130215,rs2808207,0.061
6,76495882,rs9443189,6,76131475,rs2951925,0.061
6,76495882,rs9443189,6,76132868,rs2951926,0.061
6,76495882,rs9443189,6,76133376,rs2998384,0.061
6,76495882,rs9443189,6,76137559,chr6_76137559_C_G,0.253
6,76495882,rs9443189,6,76138146,rs5877455,0.061
6,76495882,rs9443189,6,76138560,rs2951929,0.061
6,76495882,rs9443189,6,76139808,rs56796169,0.318
6,76495882,rs9443189,6,76141833,rs2951932,0.061
6,76495882,rs9443189,6,76142263,rs4496761,0.307
6,76495882,rs9443189,6,76142602,rs9443172,0.308
6,76495882,rs9443189,6,76142970,rs2464435,0.061
6,76495882,rs9443189,6,76142982,rs2464434,0.061
6,76495882,rs9443189,6,76143217,rs200324978,0.318
6,76495882,rs9443189,6,76144427,rs2998389,0.061
6,76495882,rs9443189,6,76144483,rs2998390,0.061
6,76495882,rs9443189,6,76145070,rs2998391,0.06
6,76495882,rs9443189,6,76145239,rs2703665,0.061
6,76495882,rs9443189,6,76147294,rs2703702,0.061
6,76495882,rs9443189,6,76147615,rs2998392,0.061
6,76495882,rs9443189,6,76149081,rs11321756,0.067
6,76495882,rs9443189,6,76150373,rs59049683,0.246
6,76495882,rs9443189,6,76150589,rs9341520,0.061
6,76495882,rs9443189,6,76152989,rs2998393,0.061
6,76495882,rs9443189,6,76153854,rs2951924,0.061
6,76495882,rs9443189,6,76154270,rs112304204,0.061
6,76495882,rs9443189,6,76157366,rs2998394,0.061
6,76495882,rs9443189,6,76159945,rs111917064,0.318
6,76495882,rs9443189,6,76160101,rs2703714,0.059
6,76495882,rs9443189,6,76160318,rs6937196,0.061
6,76495882,rs9443189,6,76161267,rs6900339,0.249
6,76495882,rs9443189,6,76161816,rs35845880,0.071
6,76495882,rs9443189,6,76162142,rs60574753,0.312
6,76495882,rs9443189,6,76162850,rs2951922,0.063
6,76495882,rs9443189,6,76164495,rs9447486,0.352
6,76495882,rs9443189,6,76164729,rs9359123,0.493
6,76495882,rs9443189,6,76165071,rs35583047,0.054
6,76495882,rs9443189,6,76165675,rs2951920,0.075
6,76495882,rs9443189,6,76166164,rs12212816,0.057
6,76495882,rs9443189,6,76166262,rs2998364,0.474
6,76495882,rs9443189,6,76166262,rs2998364,0.057
6,76495882,rs9443189,6,76166301,rs2951919,0.076
6,76495882,rs9443189,6,76167359,rs10455311,0.057
6,76495882,rs9443189,6,76167498,rs2808182,0.075
6,76495882,rs9443189,6,76167998,rs2808183,0.075
6,76495882,rs9443189,6,76169414,rs2951918,0.076
6,76495882,rs9443189,6,76169472,rs2998365,0.076
6,76495882,rs9443189,6,76169491,rs2998366,0.076
6,76495882,rs9443189,6,76171513,rs2998367,0.076
6,76495882,rs9443189,6,76172094,rs2951917,0.076
6,76495882,rs9443189,6,76172625,rs9341522,0.496
6,76495882,rs9443189,6,76172658,rs4594918,0.076
6,76495882,rs9443189,6,76173832,rs6903448,0.497
6,76495882,rs9443189,6,76174682,rs11754006,0.057
6,76495882,rs9443189,6,76174857,rs2951916,0.057
6,76495882,rs9443189,6,76175287,rs36072505,0.08
6,76495882,rs9443189,6,76176367,rs11755281,0.498
6,76495882,rs9443189,6,76176541,rs12202178,0.077
6,76495882,rs9443189,6,76179197,rs56228311,0.081
6,76495882,rs9443189,6,76179595,rs2703662,0.078
6,76495882,rs9443189,6,76183202,rs2808186,0.078
6,76495882,rs9443189,6,76183599,rs2808187,0.077
6,76495882,rs9443189,6,76184268,chr6_76184268_C_G,0.056
6,76495882,rs9443189,6,76186658,rs9360910,0.49
6,76495882,rs9443189,6,76187816,rs9343290,0.078
6,76495882,rs9443189,6,76189168,rs10943248,0.057
6,76495882,rs9443189,6,76189979,rs146764082,0.058
6,76495882,rs9443189,6,76192044,rs10806039,0.078
6,76495882,rs9443189,6,76192746,rs5877456,0.079
6,76495882,rs9443189,6,76192903,rs1336044,0.078
6,76495882,rs9443189,6,76192998,rs1336043,0.078
6,76495882,rs9443189,6,76194895,rs1932523,0.078
6,76495882,rs9443189,6,76195635,rs12176377,0.079
6,76495882,rs9443189,6,76199880,rs11752498,0.112
6,76495882,rs9443189,6,76200514,rs9359124,0.584
6,76495882,rs9443189,6,76200799,rs9360911,0.111
6,76495882,rs9443189,6,76201856,rs6902898,0.603
6,76495882,rs9443189,6,76205619,rs2312931,0.112
6,76495882,rs9443189,6,76207923,rs9350589,0.112
6,76495882,rs9443189,6,76208445,rs10943250,0.602
6,76495882,rs9443189,6,76208550,rs10943251,0.112
6,76495882,rs9443189,6,76209142,rs10689354,0.073
6,76495882,rs9443189,6,76210360,rs12196018,0.112
6,76495882,rs9443189,6,76210587,rs9447490,0.088
6,76495882,rs9443189,6,76212117,rs10943253,0.088
6,76495882,rs9443189,6,76212424,rs9447493,0.088
6,76495882,rs9443189,6,76215759,rs9447494,0.112
6,76495882,rs9443189,6,76215967,rs6912907,0.112
6,76495882,rs9443189,6,76216647,rs141472936,0.072
6,76495882,rs9443189,6,76217861,rs10806041,0.112
6,76495882,rs9443189,6,76218758,rs10943254,0.073
6,76495882,rs9443189,6,76219717,rs9447497,0.089
6,76495882,rs9443189,6,76220401,rs9447498,0.112
6,76495882,rs9443189,6,76220814,rs9447499,0.088
6,76495882,rs9443189,6,76222009,rs10806042,0.111
6,76495882,rs9443189,6,76223854,rs6928852,0.111
6,76495882,rs9443189,6,76224163,rs35855234,0.088
6,76495882,rs9443189,6,76224792,rs9447500,0.088
6,76495882,rs9443189,6,76225928,rs10943255,0.604
6,76495882,rs9443189,6,76227113,rs1591511,0.112
6,76495882,rs9443189,6,76228423,rs4708187,0.112
6,76495882,rs9443189,6,76229954,rs1591514,0.087
6,76495882,rs9443189,6,76231982,rs58534189,0.112
6,76495882,rs9443189,6,76233015,rs9352214,0.112
6,76495882,rs9443189,6,76233703,rs7747947,0.112
6,76495882,rs9443189,6,76235530,rs9447501,0.112
6,76495882,rs9443189,6,76236061,rs9343298,0.111
6,76495882,rs9443189,6,76236951,rs11345341,0.089
6,76495882,rs9443189,6,76237215,rs7768713,0.088
6,76495882,rs9443189,6,76237424,rs35402776,0.088
6,76495882,rs9443189,6,76239964,rs9447503,0.088
6,76495882,rs9443189,6,76241181,rs4708189,0.089
6,76495882,rs9443189,6,76242840,rs36008280,0.112
6,76495882,rs9443189,6,76243772,rs59613501,0.09
6,76495882,rs9443189,6,76244728,rs11755902,0.112
6,76495882,rs9443189,6,76245234,rs10943258,0.088
6,76495882,rs9443189,6,76245252,rs10943259,0.088
6,76495882,rs9443189,6,76246058,rs12207229,0.088
6,76495882,rs9443189,6,76248792,rs4708190,0.112
6,76495882,rs9443189,6,76249698,rs1414592,0.112
6,76495882,rs9443189,6,76249884,rs9447505,0.112
6,76495882,rs9443189,6,76252805,rs9443177,0.088
6,76495882,rs9443189,6,76252896,rs9341527,0.112
6,76495882,rs9443189,6,76253402,rs9447506,0.112
6,76495882,rs9443189,6,76253892,rs9791349,0.112
6,76495882,rs9443189,6,76256228,rs35903577,0.081
6,76495882,rs9443189,6,76257066,rs1932521,0.082
6,76495882,rs9443189,6,76261529,rs12196108,0.082
6,76495882,rs9443189,6,76266208,rs72884926,0.593
6,76495882,rs9443189,6,76266950,rs1414595,0.085
6,76495882,rs9443189,6,76267791,rs140593619,0.07
6,76495882,rs9443189,6,76268509,rs6453829,0.593
6,76495882,rs9443189,6,76268603,rs58682945,0.087
6,76495882,rs9443189,6,76269402,rs10806043,0.082
6,76495882,rs9443189,6,76270542,rs9447508,0.133
6,76495882,rs9443189,6,76271141,rs1414596,0.085
6,76495882,rs9443189,6,76272274,rs12213119,0.273
6,76495882,rs9443189,6,76272310,rs6931578,0.594
6,76495882,rs9443189,6,76272833,rs9447510,0.081
6,76495882,rs9443189,6,76272989,rs6937154,0.273
6,76495882,rs9443189,6,76274079,rs1582100,0.133
6,76495882,rs9443189,6,76274487,rs2313544,0.133
6,76495882,rs9443189,6,76274497,rs1414597,0.082
6,76495882,rs9443189,6,76274686,rs10943264,0.273
6,76495882,rs9443189,6,76274825,rs62414240,0.067
6,76495882,rs9443189,6,76275587,rs9352219,0.273
6,76495882,rs9443189,6,76275852,rs1989367,0.085
6,76495882,rs9443189,6,76276123,rs1577587,0.133
6,76495882,rs9443189,6,76276956,rs6918285,0.085
6,76495882,rs9443189,6,76277296,rs6918870,0.272
6,76495882,rs9443189,6,76277560,rs1414589,0.133
6,76495882,rs9443189,6,76277979,rs4708192,0.133
6,76495882,rs9443189,6,76278663,rs118061331,0.13
6,76495882,rs9443189,6,76279155,rs1855882,0.082
6,76495882,rs9443189,6,76279189,rs1855883,0.082
6,76495882,rs9443189,6,76279524,rs7766794,0.087
6,76495882,rs9443189,6,76280350,rs62414241,0.086
6,76495882,rs9443189,6,76280701,rs2872311,0.273
6,76495882,rs9443189,6,76281787,rs9447513,0.082
6,76495882,rs9443189,6,76282483,rs12199441,0.065
6,76495882,rs9443189,6,76282806,rs140584628,0.594
6,76495882,rs9443189,6,76282982,rs201772124,0.262
6,76495882,rs9443189,6,76283594,rs9447514,0.082
6,76495882,rs9443189,6,76283617,rs7771393,0.273
6,76495882,rs9443189,6,76284222,rs62414242,0.086
6,76495882,rs9443189,6,76285537,rs7744029,0.087
6,76495882,rs9443189,6,76285656,rs80147213,0.13
6,76495882,rs9443189,6,76285827,rs7744412,0.086
6,76495882,rs9443189,6,76288847,rs72884964,0.086
6,76495882,rs9443189,6,76288904,rs2027188,0.133
6,76495882,rs9443189,6,76289459,rs62414244,0.086
6,76495882,rs9443189,6,76289553,rs9359132,0.595
6,76495882,rs9443189,6,76289680,rs59377486,0.133
6,76495882,rs9443189,6,76290079,rs6903124,0.595
6,76495882,rs9443189,6,76290253,rs34533670,0.084
6,76495882,rs9443189,6,76290303,rs1280235,0.273
6,76495882,rs9443189,6,76291431,rs35749127,0.278
6,76495882,rs9443189,6,76292473,rs569318,0.133
6,76495882,rs9443189,6,76293435,rs659807,0.595
6,76495882,rs9443189,6,76293518,rs9443180,0.082
6,76495882,rs9443189,6,76293793,rs661229,0.595
6,76495882,rs9443189,6,76293864,rs661612,0.133
6,76495882,rs9443189,6,76294593,rs55749651,0.09
6,76495882,rs9443189,6,76294965,rs504323,0.606
6,76495882,rs9443189,6,76295054,rs1953364,0.082
6,76495882,rs9443189,6,76295085,rs1145707,0.133
6,76495882,rs9443189,6,76295293,rs62414254,0.086
6,76495882,rs9443189,6,76295344,rs112773396,0.086
6,76495882,rs9443189,6,76295914,rs583781,0.273
6,76495882,rs9443189,6,76296115,rs584677,0.273
6,76495882,rs9443189,6,76296598,rs62414255,0.087
6,76495882,rs9443189,6,76296772,rs476981,0.133
6,76495882,rs9443189,6,76296932,rs71686755,0.082
6,76495882,rs9443189,6,76296999,rs141345224,0.133
6,76495882,rs9443189,6,76297788,rs9447522,0.082
6,76495882,rs9443189,6,76297847,rs529383,0.607
6,76495882,rs9443189,6,76298221,rs12524436,0.082
6,76495882,rs9443189,6,76299684,rs55973299,0.086
6,76495882,rs9443189,6,76300550,rs485906,0.595
6,76495882,rs9443189,6,76300590,rs11754561,0.086
6,76495882,rs9443189,6,76302184,rs621530,0.133
6,76495882,rs9443189,6,76302404,rs490948,0.133
6,76495882,rs9443189,6,76302441,rs11755872,0.086
6,76495882,rs9443189,6,76303236,rs9447523,0.082
6,76495882,rs9443189,6,76304062,rs6453833,0.087
6,76495882,rs9443189,6,76306495,rs11296373,0.13
6,76495882,rs9443189,6,76306495,rs11296373,0.275
6,76495882,rs9443189,6,76306750,rs6453835,0.086
6,76495882,rs9443189,6,76307407,rs12213227,0.065
6,76495882,rs9443189,6,76308489,rs9885866,0.082
6,76495882,rs9443189,6,76310845,rs11756013,0.086
6,76495882,rs9443189,6,76311478,rs111525008,0.087
6,76495882,rs9443189,6,76312315,chr6_76312315_C_T,0.129
6,76495882,rs9443189,6,76312802,rs12199457,0.082
6,76495882,rs9443189,6,76313978,rs1091353,0.133
6,76495882,rs9443189,6,76314341,rs140926989,0.085
6,76495882,rs9443189,6,76314682,rs7738852,0.087
6,76495882,rs9443189,6,76314842,rs62415560,0.087
6,76495882,rs9443189,6,76315633,rs614065,0.603
6,76495882,rs9443189,6,76316507,rs11280128,0.087
6,76495882,rs9443189,6,76317628,rs112814499,0.087
6,76495882,rs9443189,6,76318266,rs678985,0.133
6,76495882,rs9443189,6,76318395,rs372098916,0.602
6,76495882,rs9443189,6,76318553,rs2313589,0.087
6,76495882,rs9443189,6,76318842,rs111954202,0.087
6,76495882,rs9443189,6,76318922,chr6_76318922_C_G,0.256
6,76495882,rs9443189,6,76319334,rs664019,0.133
6,76495882,rs9443189,6,76319532,rs6930338,0.087
6,76495882,rs9443189,6,76320846,rs646967,0.277
6,76495882,rs9443189,6,76322300,rs619920,0.277
6,76495882,rs9443189,6,76323725,rs603301,0.133
6,76495882,rs9443189,6,76323818,rs602873,0.602
6,76495882,rs9443189,6,76323988,rs112536008,0.086
6,76495882,rs9443189,6,76323992,rs7745024,0.087
6,76495882,rs9443189,6,76324069,rs518622,0.277
6,76495882,rs9443189,6,76325044,rs9447524,0.083
6,76495882,rs9443189,6,76325244,rs6913513,0.087
6,76495882,rs9443189,6,76325690,rs572118,0.134
6,76495882,rs9443189,6,76326256,rs511900,0.134
6,76495882,rs9443189,6,76326939,rs504446,0.603
6,76495882,rs9443189,6,76327851,rs567903,0.602
6,76495882,rs9443189,6,76328093,rs34239015,0.083
6,76495882,rs9443189,6,76328595,rs56343691,0.087
6,76495882,rs9443189,6,76328734,rs66846019,0.276
6,76495882,rs9443189,6,76328734,rs66846019,0.088
6,76495882,rs9443189,6,76328955,rs619786,0.277
6,76495882,rs9443189,6,76330434,rs523465,0.603
6,76495882,rs9443189,6,76331457,rs3831261,0.604
6,76495882,rs9443189,6,76332045,rs13191639,0.083
6,76495882,rs9443189,6,76332145,rs671806,0.134
6,76495882,rs9443189,6,76332199,rs6901064,0.087
6,76495882,rs9443189,6,76333943,rs10943273,0.083
6,76495882,rs9443189,6,76334852,rs12525161,0.083
6,76495882,rs9443189,6,76335409,rs10943274,0.083
6,76495882,rs9443189,6,76335841,rs146047951,0.087
6,76495882,rs9443189,6,76337575,rs471638,0.279
6,76495882,rs9443189,6,76338870,rs9294001,0.083
6,76495882,rs9443189,6,76339610,rs657638,0.134
6,76495882,rs9443189,6,76339827,rs7356806,0.083
6,76495882,rs9443189,6,76340066,rs525178,0.135
6,76495882,rs9443189,6,76340564,rs34235206,0.079
6,76495882,rs9443189,6,76340662,rs11753082,0.087
6,76495882,rs9443189,6,76340922,rs10485375,0.087
6,76495882,rs9443189,6,76344267,rs17529743,0.131
6,76495882,rs9443189,6,76344431,rs17414086,0.087
6,76495882,rs9443189,6,76346094,rs499527,0.135
6,76495882,rs9443189,6,76346146,rs498753,0.135
6,76495882,rs9443189,6,76347020,rs7753896,0.087
6,76495882,rs9443189,6,76349105,rs2756039,0.083
6,76495882,rs9443189,6,76349106,rs518969,0.277
6,76495882,rs9443189,6,76349449,rs62415572,0.088
6,76495882,rs9443189,6,76350038,rs618239,0.605
6,76495882,rs9443189,6,76350718,rs45497991,0.088
6,76495882,rs9443189,6,76351999,rs2647400,0.392
6,76495882,rs9443189,6,76352510,rs2784730,0.083
6,76495882,rs9443189,6,76353052,rs2647401,0.083
6,76495882,rs9443189,6,76355097,rs494940,0.605
6,76495882,rs9443189,6,76355289,rs13214795,0.083
6,76495882,rs9443189,6,76355729,rs2647402,0.083
6,76495882,rs9443189,6,76355758,rs72886846,0.088
6,76495882,rs9443189,6,76356213,rs77246982,0.131
6,76495882,rs9443189,6,76356335,rs55839204,0.087
6,76495882,rs9443189,6,76356424,rs56105244,0.087
6,76495882,rs9443189,6,76356846,rs6902058,0.089
6,76495882,rs9443189,6,76356861,rs775057,0.135
6,76495882,rs9443189,6,76357593,rs569731,0.605
6,76495882,rs9443189,6,76357657,rs613562,0.277
6,76495882,rs9443189,6,76358373,rs11754482,0.087
6,76495882,rs9443189,6,76358853,rs2842539,0.083
6,76495882,rs9443189,6,76361163,rs715090,0.087
6,76495882,rs9443189,6,76361166,rs696645,0.135
6,76495882,rs9443189,6,76362046,rs2647403,0.083
6,76495882,rs9443189,6,76362316,rs675681,0.605
6,76495882,rs9443189,6,76362855,rs688398,0.605
6,76495882,rs9443189,6,76363376,rs72556249,0.066
6,76495882,rs9443189,6,76363538,rs62415578,0.087
6,76495882,rs9443189,6,76363754,rs594804,0.277
6,76495882,rs9443189,6,76363769,rs2784732,0.083
6,76495882,rs9443189,6,76363864,rs2784733,0.083
6,76495882,rs9443189,6,76367201,rs766244,0.087
6,76495882,rs9443189,6,76368437,rs775058,0.135
6,76495882,rs9443189,6,76368686,rs200687808,0.275
6,76495882,rs9443189,6,76369054,rs507662,0.135
6,76495882,rs9443189,6,76370130,rs775059,0.605
6,76495882,rs9443189,6,76370220,rs73753520,0.133
6,76495882,rs9443189,6,76370467,rs2647409,0.083
6,76495882,rs9443189,6,76370586,rs472458,0.277
6,76495882,rs9443189,6,76370626,rs62415581,0.087
6,76495882,rs9443189,6,76372780,rs956653,0.087
6,76495882,rs9443189,6,76373274,rs2783351,0.083
6,76495882,rs9443189,6,76373443,rs113164953,0.135
6,76495882,rs9443189,6,76373521,rs67836527,0.605
6,76495882,rs9443189,6,76373524,chr6_76373524_GT_INDEL,0.602
6,76495882,rs9443189,6,76373567,rs775060,0.603
6,76495882,rs9443189,6,76373600,rs17499394,0.087
6,76495882,rs9443189,6,76373931,rs62415582,0.087
6,76495882,rs9443189,6,76373976,rs201451056,0.131
6,76495882,rs9443189,6,76374521,rs775061,0.135
6,76495882,rs9443189,6,76376552,rs17414687,0.087
6,76495882,rs9443189,6,76377033,rs17414729,0.087
6,76495882,rs9443189,6,76377056,rs17414757,0.087
6,76495882,rs9443189,6,76377226,rs17499531,0.087
6,76495882,rs9443189,6,76377998,rs775072,0.605
6,76495882,rs9443189,6,76378061,rs775073,0.135
6,76495882,rs9443189,6,76378165,rs7741113,0.087
6,76495882,rs9443189,6,76379654,rs59309658,0.599
6,76495882,rs9443189,6,76379705,rs775074,0.135
6,76495882,rs9443189,6,76380003,rs75072188,0.133
6,76495882,rs9443189,6,76380035,rs775075,0.606
6,76495882,rs9443189,6,76382568,rs775076,0.135
6,76495882,rs9443189,6,76382862,rs16886806,0.131
6,76495882,rs9443189,6,76382863,rs2647418,0.083
6,76495882,rs9443189,6,76383176,rs111507284,0.087
6,76495882,rs9443189,6,76383823,rs72886878,0.087
6,76495882,rs9443189,6,76383824,rs72886879,0.087
6,76495882,rs9443189,6,76383884,rs35462268,0.07
6,76495882,rs9443189,6,76383885,rs35902538,0.07
6,76495882,rs9443189,6,76383886,rs34882981,0.07
6,76495882,rs9443189,6,76383924,rs2647419,0.083
6,76495882,rs9443189,6,76384792,rs7775832,0.088
6,76495882,rs9443189,6,76385330,rs17792195,0.087
6,76495882,rs9443189,6,76385511,rs2842535,0.083
6,76495882,rs9443189,6,76386474,rs17792285,0.087
6,76495882,rs9443189,6,76387037,rs1391559,0.135
6,76495882,rs9443189,6,76387102,rs11752694,0.087
6,76495882,rs9443189,6,76387610,rs6453837,0.278
6,76495882,rs9443189,6,76389032,rs7762917,0.083
6,76495882,rs9443189,6,76389898,rs2842534,0.135
6,76495882,rs9443189,6,76390077,rs2647399,0.082
6,76495882,rs9443189,6,76392121,rs57414064,0.606
6,76495882,rs9443189,6,76392342,rs9447534,0.066
6,76495882,rs9443189,6,76392573,rs75311162,0.087
6,76495882,rs9443189,6,76393285,rs9352236,0.606
6,76495882,rs9443189,6,76393859,rs141736727,0.087
6,76495882,rs9443189,6,76394154,rs139266453,0.087
6,76495882,rs9443189,6,76394342,rs78609413,0.087
6,76495882,rs9443189,6,76394719,rs148783843,0.087
6,76495882,rs9443189,6,76396952,rs113311113,0.088
6,76495882,rs9443189,6,76397676,rs71544059,0.278
6,76495882,rs9443189,6,76397841,rs62415593,0.087
6,76495882,rs9443189,6,76398143,rs7765254,0.619
6,76495882,rs9443189,6,76399139,rs12175393,0.278
6,76495882,rs9443189,6,76399164,rs6912963,0.087
6,76495882,rs9443189,6,76400399,rs11759036,0.087
6,76495882,rs9443189,6,76400445,6:76400445:T:TGT,0.135
6,76495882,rs9443189,6,76401210,rs6936085,0.087
6,76495882,rs9443189,6,76401323,rs11344996,0.078
6,76495882,rs9443189,6,76401512,rs9360933,0.606
6,76495882,rs9443189,6,76402101,rs66846373,0.087
6,76495882,rs9443189,6,76402183,rs35719479,0.277
6,76495882,rs9443189,6,76402433,rs72886897,0.087
6,76495882,rs9443189,6,76402462,rs67573572,0.087
6,76495882,rs9443189,6,76402596,rs66926998,0.087
6,76495882,rs9443189,6,76402905,rs11756209,0.087
6,76495882,rs9443189,6,76403114,rs72888705,0.606
6,76495882,rs9443189,6,76403554,rs62415595,0.088
6,76495882,rs9443189,6,76403674,rs9341532,0.606
6,76495882,rs9443189,6,76403710,rs9352239,0.606
6,76495882,rs9443189,6,76404030,rs3969287,0.278
6,76495882,rs9443189,6,76404703,rs2173402,0.278
6,76495882,rs9443189,6,76404748,rs2647413,0.083
6,76495882,rs9443189,6,76404811,rs9360934,0.278
6,76495882,rs9443189,6,76405700,rs7755068,0.606
6,76495882,rs9443189,6,76406000,rs2133193,0.088
6,76495882,rs9443189,6,76407620,rs11758976,0.087
6,76495882,rs9443189,6,76408189,rs7770824,0.604
6,76495882,rs9443189,6,76408245,rs78738902,0.132
6,76495882,rs9443189,6,76408297,rs9360935,0.273
6,76495882,rs9443189,6,76408950,rs9343314,0.278
6,76495882,rs9443189,6,76408985,rs16886827,0.132
6,76495882,rs9443189,6,76409887,rs35075947,0.278
6,76495882,rs9443189,6,76411481,rs34489326,0.278
6,76495882,rs9443189,6,76411780,rs67313187,0.278
6,76495882,rs9443189,6,76411800,rs9343316,0.606
6,76495882,rs9443189,6,76411843,rs9343317,0.278
6,76495882,rs9443189,6,76412992,rs11754663,0.086
6,76495882,rs9443189,6,76413078,rs11759335,0.346
6,76495882,rs9443189,6,76413709,rs17792478,0.088
6,76495882,rs9443189,6,76413831,rs2842572,0.084
6,76495882,rs9443189,6,76414150,rs9343318,0.278
6,76495882,rs9443189,6,76414259,rs56173875,0.088
6,76495882,rs9443189,6,76415208,rs2842571,0.084
6,76495882,rs9443189,6,76415274,rs2842570,0.777
6,76495882,rs9443189,6,76415278,rs7761935,0.091
6,76495882,rs9443189,6,76415673,rs9343319,0.608
6,76495882,rs9443189,6,76415677,rs2842568,0.136
6,76495882,rs9443189,6,76416655,rs3798461,0.277
6,76495882,rs9443189,6,76418049,rs2842567,0.136
6,76495882,rs9443189,6,76418588,rs6921970,0.278
6,76495882,rs9443189,6,76418777,rs2842566,0.136
6,76495882,rs9443189,6,76418961,rs2842565,0.136
6,76495882,rs9443189,6,76419912,rs11443413,0.136
6,76495882,rs9443189,6,76421003,rs3765140,0.088
6,76495882,rs9443189,6,76422668,rs72888734,0.084
6,76495882,rs9443189,6,76424374,rs2748953,0.085
6,76495882,rs9443189,6,76424518,rs57018518,0.133
6,76495882,rs9443189,6,76425288,rs9250,0.089
6,76495882,rs9443189,6,76425594,rs7385,0.281
6,76495882,rs9443189,6,76426402,rs276683,0.281
6,76495882,rs9443189,6,76427065,rs276684,0.614
6,76495882,rs9443189,6,76427823,rs66563139,0.085
6,76495882,rs9443189,6,76428317,rs2647412,0.085
6,76495882,rs9443189,6,76429164,rs276685,0.616
6,76495882,rs9443189,6,76429384,rs61525337,0.089
6,76495882,rs9443189,6,76429426,rs2842563,0.085
6,76495882,rs9443189,6,76429795,rs276686,0.62
6,76495882,rs9443189,6,76429925,rs2842562,0.069
6,76495882,rs9443189,6,76429995,rs276687,0.622
6,76495882,rs9443189,6,76430055,rs62415599,0.09
6,76495882,rs9443189,6,76431089,rs143491650,0.09
6,76495882,rs9443189,6,76431189,rs2748965,0.086
6,76495882,rs9443189,6,76431863,rs111477662,0.09
6,76495882,rs9443189,6,76432116,rs62415601,0.09
6,76495882,rs9443189,6,76432947,rs276688,0.062
6,76495882,rs9443189,6,76432957,rs276689,0.141
6,76495882,rs9443189,6,76433638,rs72888748,0.092
6,76495882,rs9443189,6,76433692,rs2647411,0.795
6,76495882,rs9443189,6,76433825,rs2647410,0.795
6,76495882,rs9443189,6,76434027,rs2748940,0.796
6,76495882,rs9443189,6,76434273,rs2842561,0.796
6,76495882,rs9443189,6,76434358,rs2748941,0.274
6,76495882,rs9443189,6,76434799,rs2842560,0.798
6,76495882,rs9443189,6,76434879,rs2748942,0.371
6,76495882,rs9443189,6,76435421,rs202166752,0.098
6,76495882,rs9443189,6,76435543,rs2748943,0.824
6,76495882,rs9443189,6,76435943,rs2647417,0.821
6,76495882,rs9443189,6,76436106,rs2748944,0.824
6,76495882,rs9443189,6,76437598,rs28619506,0.174
6,76495882,rs9443189,6,76437701,rs276691,0.41
6,76495882,rs9443189,6,76437894,rs2748946,0.824
6,76495882,rs9443189,6,76437921,rs2748947,0.824
6,76495882,rs9443189,6,76437994,rs2748948,0.799
6,76495882,rs9443189,6,76438254,rs2647408,0.799
6,76495882,rs9443189,6,76438677,rs11345480,0.795
6,76495882,rs9443189,6,76440662,6:76440662:A:AC,0.689
6,76495882,rs9443189,6,76440761,rs2133191,0.799
6,76495882,rs9443189,6,76442262,rs2748949,0.335
6,76495882,rs9443189,6,76442591,rs2842559,0.825
6,76495882,rs9443189,6,76442985,rs2748950,0.799
6,76495882,rs9443189,6,76443493,rs2133190,0.799
6,76495882,rs9443189,6,76444360,rs2748952,0.799
6,76495882,rs9443189,6,76444853,rs2842558,0.825
6,76495882,rs9443189,6,76445075,rs2842557,0.072
6,76495882,rs9443189,6,76446416,rs55931849,0.795
6,76495882,rs9443189,6,76447204,rs2842556,0.799
6,76495882,rs9443189,6,76447882,rs9447538,0.824
6,76495882,rs9443189,6,76448731,rs2647406,0.824
6,76495882,rs9443189,6,76448836,rs36099619,0.749
6,76495882,rs9443189,6,76449917,rs62414763,0.092
6,76495882,rs9443189,6,76450023,rs2647405,0.798
6,76495882,rs9443189,6,76450284,rs138967575,0.825
6,76495882,rs9443189,6,76451290,rs2748954,0.825
6,76495882,rs9443189,6,76451377,rs2842555,0.827
6,76495882,rs9443189,6,76452837,rs9447539,0.846
6,76495882,rs9443189,6,76454182,rs1321161,0.847
6,76495882,rs9443189,6,76455557,rs2842554,0.822
6,76495882,rs9443189,6,76456347,rs1321162,0.847
6,76495882,rs9443189,6,76456632,rs2842553,0.843
6,76495882,rs9443189,6,76456717,rs2842551,0.821
6,76495882,rs9443189,6,76456978,rs2842550,0.349
6,76495882,rs9443189,6,76458378,rs2842549,0.078
6,76495882,rs9443189,6,76459506,rs2647404,0.349
6,76495882,rs9443189,6,76464302,rs2748955,0.854
6,76495882,rs9443189,6,76465003,rs2748956,0.828
6,76495882,rs9443189,6,76466627,rs149207010,0.338
6,76495882,rs9443189,6,76469115,rs276695,0.082
6,76495882,rs9443189,6,76470448,chr6_76470448_C_T,0.393
6,76495882,rs9443189,6,76471709,rs276697,0.995
6,76495882,rs9443189,6,76472795,rs62414769,0.071
6,76495882,rs9443189,6,76473071,chr6_76473071_C_T,0.996
6,76495882,rs9443189,6,76475333,rs2748957,0.084
6,76495882,rs9443189,6,76479489,rs6907476,0.942
6,76495882,rs9443189,6,76483958,rs72888782,0.52
6,76495882,rs9443189,6,76484280,chr6_76484280_A_T,0.997
6,76495882,rs9443189,6,76484839,rs72888788,0.52
6,76495882,rs9443189,6,76486224,rs17189990,0.072
6,76495882,rs9443189,6,76486584,rs2748959,0.101
6,76495882,rs9443189,6,76486585,rs6453838,0.52
6,76495882,rs9443189,6,76487269,rs9359139,0.998
6,76495882,rs9443189,6,76488502,rs2748960,0.084
6,76495882,rs9443189,6,76488642,rs2842547,0.084
6,76495882,rs9443189,6,76489080,rs2842546,0.102
6,76495882,rs9443189,6,76489115,rs2842545,0.083
6,76495882,rs9443189,6,76489774,rs6906615,0.997
6,76495882,rs9443189,6,76491613,rs2842544,0.101
6,76495882,rs9443189,6,76495807,rs2842538,0.101
6,76495882,rs9443189,6,76495882,rs9443189,1
6,76495882,rs9443189,6,76498109,rs6905047,0.974
6,76495882,rs9443189,6,76498930,rs2842540,0.095
6,76495882,rs9443189,6,76502313,rs2748963,0.083
6,76495882,rs9443189,6,76502328,rs6920348,0.92
6,76495882,rs9443189,6,76503045,rs6903077,0.919
6,76495882,rs9443189,6,76503131,rs146569033,0.401
6,76495882,rs9443189,6,76504466,rs11295457,0.955
6,76495882,rs9443189,6,76506346,rs143090177,0.054
6,76495882,rs9443189,6,76506806,rs2312940,0.075
6,76495882,rs9443189,6,76507102,rs2748964,0.093
6,76495882,rs9443189,6,76508352,rs2842541,0.082
6,76495882,rs9443189,6,76509106,rs11358717,0.364
6,76495882,rs9443189,6,76510018,rs78837814,0.516
6,76495882,rs9443189,6,76512089,rs9360940,0.918
6,76495882,rs9443189,6,76512262,rs9360941,0.379
6,76495882,rs9443189,6,76513415,rs1280038,0.083
6,76495882,rs9443189,6,76514940,rs1280039,0.972
6,76495882,rs9443189,6,76516176,rs1280040,0.082
6,76495882,rs9443189,6,76517349,rs11757208,0.4
6,76495882,rs9443189,6,76517896,rs721264,0.917
6,76495882,rs9443189,6,76517918,rs1280042,0.514
6,76495882,rs9443189,6,76518439,rs1280043,0.514
6,76495882,rs9443189,6,76519202,rs2842542,0.093
6,76495882,rs9443189,6,76519365,rs2748966,0.082
6,76495882,rs9443189,6,76519369,rs2842543,0.082
6,76495882,rs9443189,6,76522377,rs34395763,0.095
6,76495882,rs9443189,6,76522602,rs1280044,0.97
6,76495882,rs9443189,6,76525903,rs999209,0.082
6,76495882,rs9443189,6,76527791,chr6_76527791_A_G,0.967
6,76495882,rs9443189,6,76529583,rs1280048,0.97
6,76495882,rs9443189,6,76531266,rs6934542,0.094
6,76495882,rs9443189,6,76531312,rs3798448,0.094
6,76495882,rs9443189,6,76531341,rs3839376,0.091
6,76495882,rs9443189,6,76532049,rs11970551,0.094
6,76495882,rs9443189,6,76532234,rs144524315,0.094
6,76495882,rs9443189,6,76532719,rs2273859,0.093
6,76495882,rs9443189,6,76533410,rs10806048,0.094
6,76495882,rs9443189,6,76533481,rs10943292,0.094
6,76495882,rs9443189,6,76534676,rs72890648,0.091
6,76495882,rs9443189,6,76535202,rs12662659,0.094
6,76495882,rs9443189,6,76536080,chr6_76536080_C_T,0.091
6,76495882,rs9443189,6,76536333,rs1280049,0.155
6,76495882,rs9443189,6,76536805,rs1280050,0.151
6,76495882,rs9443189,6,76537322,rs1280051,0.156
6,76495882,rs9443189,6,76538403,rs1280052,0.156
6,76495882,rs9443189,6,76539195,rs1280053,0.151
6,76495882,rs9443189,6,76539354,rs3839375,0.151
6,76495882,rs9443189,6,76539593,rs910679,0.151
6,76495882,rs9443189,6,76540988,rs1280054,0.151
6,76495882,rs9443189,6,76541357,rs1280055,0.156
6,76495882,rs9443189,6,76541562,rs1280056,0.156
6,76495882,rs9443189,6,76541987,rs1280057,0.151
6,76495882,rs9443189,6,76542164,rs1280058,0.151
6,76495882,rs9443189,6,76543318,rs2181246,0.074
6,76495882,rs9443189,6,76543378,rs2181245,0.084
6,76495882,rs9443189,6,76544121,rs72890660,0.082
6,76495882,rs9443189,6,76544465,rs75212918,0.082
6,76495882,rs9443189,6,76547771,rs35550064,0.153
6,76495882,rs9443189,6,76548895,rs6924528,0.154
6,76495882,rs9443189,6,76549838,rs12209903,0.091
6,76495882,rs9443189,6,76550839,6:76550839:G:GT,0.155
6,76495882,rs9443189,6,76555804,rs7748145,0.085
6,76495882,rs9443189,6,76557221,rs34090650,0.155
6,76495882,rs9443189,6,76557829,rs62414787,0.082
6,76495882,rs9443189,6,76558260,rs144408691,0.412
6,76495882,rs9443189,6,76558380,rs9359141,0.155
6,76495882,rs9443189,6,76558485,rs6453843,0.509
6,76495882,rs9443189,6,76558989,rs62414789,0.082
6,76495882,rs9443189,6,76559117,rs17191306,0.082
6,76495882,rs9443189,6,76559185,rs17794529,0.082
6,76495882,rs9443189,6,76560613,rs72501519,0.061
6,76495882,rs9443189,6,76560707,rs2038624,0.966
6,76495882,rs9443189,6,76560968,rs2038625,0.966
6,76495882,rs9443189,6,76563631,rs7742567,0.155
6,76495882,rs9443189,6,76563877,rs12526227,0.075
6,76495882,rs9443189,6,76566734,rs3798439,0.965
6,76495882,rs9443189,6,76567812,rs138686791,0.085
6,76495882,rs9443189,6,76568860,rs3818309,0.412
6,76495882,rs9443189,6,76569177,rs7773977,0.085
6,76495882,rs9443189,6,76569564,rs2004170,0.091
6,76495882,rs9443189,6,76570415,rs61237402,0.082
6,76495882,rs9443189,6,76572668,rs11758543,0.082
6,76495882,rs9443189,6,76572739,rs1322551,0.091
6,76495882,rs9443189,6,76572823,rs62414791,0.082
6,76495882,rs9443189,6,76573743,rs6932992,0.155
6,76495882,rs9443189,6,76574145,rs3778007,0.155
6,76495882,rs9443189,6,76574231,rs3778006,0.412
6,76495882,rs9443189,6,76575439,rs56798029,0.085
6,76495882,rs9443189,6,76576290,chr6_76576290_C_T,0.397
6,76495882,rs9443189,6,76576527,rs6453845,0.96
6,76495882,rs9443189,6,76577017,rs9343325,0.155
6,76495882,rs9443189,6,76577665,rs2312933,0.505
6,76495882,rs9443189,6,76578666,rs3798435,0.082
6,76495882,rs9443189,6,76582502,rs11431118,0.082
6,76495882,rs9443189,6,76582520,rs7761004,0.082
6,76495882,rs9443189,6,76583113,rs9443195,0.09
6,76495882,rs9443189,6,76583304,rs1407510,0.09
6,76495882,rs9443189,6,76584271,rs13202519,0.154
6,76495882,rs9443189,6,76584792,rs4476795,0.154
6,76495882,rs9443189,6,76585168,rs1358954,0.09
6,76495882,rs9443189,6,76585403,rs11755704,0.082
6,76495882,rs9443189,6,76586058,rs62414798,0.082
6,76495882,rs9443189,6,76586197,rs10498904,0.082
6,76495882,rs9443189,6,76587925,rs1335043,0.154
6,76495882,rs9443189,6,76587962,rs367606781,0.082
6,76495882,rs9443189,6,76588190,rs9359145,0.487
6,76495882,rs9443189,6,76588562,rs3798434,0.082
6,76495882,rs9443189,6,76588784,rs3798433,0.085
6,76495882,rs9443189,6,76590771,rs62414800,0.082
6,76495882,rs9443189,6,76592432,rs144043630,0.154
6,76495882,rs9443189,6,76592530,rs9341539,0.15
6,76495882,rs9443189,6,76593050,rs34301292,0.154
6,76495882,rs9443189,6,76593204,rs12664049,0.085
6,76495882,rs9443189,6,76596167,rs3839372,0.152
6,76495882,rs9443189,6,76596220,rs3798431,0.491
6,76495882,rs9443189,6,76596367,rs17800625,0.081
6,76495882,rs9443189,6,76596728,rs2295936,0.081
6,76495882,rs9443189,6,76597082,rs56006932,0.081
6,76495882,rs9443189,6,76598162,rs11753849,0.081
6,76495882,rs9443189,6,76598635,rs62414802,0.081
6,76495882,rs9443189,6,76598904,rs1535501,0.091
6,76495882,rs9443189,6,76599409,rs7767675,0.152
6,76495882,rs9443189,6,76599582,rs17192223,0.081
6,76495882,rs9443189,6,76601992,rs2295938,0.498
6,76495882,rs9443189,6,76602995,rs17192279,0.081
6,76495882,rs9443189,6,76603465,rs62414803,0.081
6,76495882,rs9443189,6,76604573,rs3798429,0.152
6,76495882,rs9443189,6,76604797,rs3798427,0.152
6,76495882,rs9443189,6,76605340,rs3857468,0.963
6,76495882,rs9443189,6,76605528,rs62414804,0.081
6,76495882,rs9443189,6,76605736,rs16886942,0.408
6,76495882,rs9443189,6,76606056,rs9294004,0.491
6,76495882,rs9443189,6,76606246,rs9294005,0.09
6,76495882,rs9443189,6,76606296,rs9343327,0.152
6,76495882,rs9443189,6,76607216,rs3798426,0.152
6,76495882,rs9443189,6,76607280,rs3822957,0.961
6,76495882,rs9443189,6,76607550,rs3798425,0.083
6,76495882,rs9443189,6,76607654,rs720863,0.089
6,76495882,rs9443189,6,76607983,rs720862,0.09
6,76495882,rs9443189,6,76609392,rs9360954,0.152
6,76495882,rs9443189,6,76609419,rs58361001,0.911
6,76495882,rs9443189,6,76609698,rs10806050,0.152
6,76495882,rs9443189,6,76609947,rs10806052,0.152
6,76495882,rs9443189,6,76610653,rs376166209,0.081
6,76495882,rs9443189,6,76610670,rs9360955,0.152
6,76495882,rs9443189,6,76610992,rs377266446,0.081
6,76495882,rs9443189,6,76611243,rs9350603,0.409
6,76495882,rs9443189,6,76611281,rs370869366,0.081
6,76495882,rs9443189,6,76611488,rs144100676,0.09
6,76495882,rs9443189,6,76611618,rs148795059,0.081
6,76495882,rs9443189,6,76611854,rs142429267,0.081
6,76495882,rs9443189,6,76611951,rs151294761,0.152
6,76495882,rs9443189,6,76612228,rs139883819,0.081
6,76495882,rs9443189,6,76612885,rs201005483,0.074
6,76495882,rs9443189,6,76613169,rs201744592,0.083
6,76495882,rs9443189,6,76613399,rs140208613,0.089
6,76495882,rs9443189,6,76614008,rs9359146,0.152
6,76495882,rs9443189,6,76614098,rs150378390,0.081
6,76495882,rs9443189,6,76614131,rs4441925,0.956
6,76495882,rs9443189,6,76614238,rs145132761,0.081
6,76495882,rs9443189,6,76614479,rs9350604,0.152
6,76495882,rs9443189,6,76614552,rs147050713,0.081
6,76495882,rs9443189,6,76614904,rs9359147,0.152
6,76495882,rs9443189,6,76614997,rs6921523,0.499
6,76495882,rs9443189,6,76615183,rs6453847,0.491
6,76495882,rs9443189,6,76615298,rs6942367,0.963
6,76495882,rs9443189,6,76617691,rs9447579,0.09
6,76495882,rs9443189,6,76618582,rs62414824,0.081
6,76495882,rs9443189,6,76621761,rs3818310,0.081
6,76495882,rs9443189,6,76622157,rs2104203,0.081
6,76495882,rs9443189,6,76622964,rs1322549,0.152
6,76495882,rs9443189,6,76624741,rs12606,0.081
6,76495882,rs9443189,6,76625079,rs699186,0.092
6,76495882,rs9443189,6,76626756,rs6914716,0.145
6,76495882,rs9443189,6,76628564,rs7742137,0.051
6,76495882,rs9443189,6,76665034,rs117808735,0.062
6,76495882,rs9443189,6,76665863,rs145462969,0.062
6,76495882,rs9443189,6,76666227,rs117218530,0.062
6,76495882,rs9443189,6,76667265,rs76654591,0.062
6,76495882,rs9443189,6,76677991,rs74909018,0.066
6,76495882,rs9443189,6,76682840,rs60135146,0.07
6,76495882,rs9443189,6,76683832,rs7768845,0.065
6,76495882,rs9443189,6,76692010,rs114561788,0.065
6,76495882,rs9443189,6,76697734,rs150247247,0.059
6,76495882,rs9443189,6,76703015,rs77364439,0.058
6,76495882,rs9443189,6,76704314,rs116145414,0.058
6,76495882,rs9443189,6,76705203,rs77179618,0.058
6,76495882,rs9443189,6,76708460,rs17802365,0.058
6,76495882,rs9443189,6,76710341,rs17802413,0.057
6,76495882,rs9443189,6,76710476,rs76445500,0.058
6,76495882,rs9443189,6,76710477,rs79103317,0.058
