CHR_A,BP_A,SNP_A,CHR_B,BP_B,SNP_B,R2
6,41510863,rs113642022,6,41480183,chr6_41480183_A_C,0.051
6,41510863,rs113642022,6,41509901,chr6_41509901_G_T,0.798
6,41510863,rs113642022,6,41510038,rs72858924,0.09
6,41510863,rs113642022,6,41510291,rs12203518,0.992
6,41510863,rs113642022,6,41510863,rs113642022,1
6,41510863,rs113642022,6,41511950,rs2395779,0.994
6,41510863,rs113642022,6,41512462,rs1326322,0.988
6,41510863,rs113642022,6,41512497,chr6_41512497_G_T,0.352
6,41510863,rs113642022,6,41512681,rs72858927,0.27
6,41510863,rs113642022,6,41513740,rs4714476,0.975
6,41510863,rs113642022,6,41513934,chr6_41513934_C_G,0.165
6,41510863,rs113642022,6,41514372,rs6935446,0.975
6,41510863,rs113642022,6,41514411,rs6935737,0.975
6,41510863,rs113642022,6,41515179,rs199563653,0.113
6,41510863,rs113642022,6,41515224,rs9381075,0.889
6,41510863,rs113642022,6,41515522,rs201913018,0.113
6,41510863,rs113642022,6,41516285,rs143698740,0.113
6,41510863,rs113642022,6,41516351,rs3747744,0.976
6,41510863,rs113642022,6,41517448,chr6_41517448_A_G,0.05
6,41510863,rs113642022,6,41517457,chr6_41517457_C_G,0.36
6,41510863,rs113642022,6,41517564,rs9381076,0.948
6,41510863,rs113642022,6,41518664,rs56143487,0.3
6,41510863,rs113642022,6,41518676,rs58953006,0.299
6,41510863,rs113642022,6,41518807,rs4714479,0.947
6,41510863,rs113642022,6,41519038,rs11758149,0.113
6,41510863,rs113642022,6,41519430,chr6_41519430_A_G,0.116
6,41510863,rs113642022,6,41519522,rs2148342,0.947
6,41510863,rs113642022,6,41519590,chr6_41519590_A_G,0.332
6,41510863,rs113642022,6,41519654,rs2025645,0.947
6,41510863,rs113642022,6,41520417,rs7764874,0.303
6,41510863,rs113642022,6,41520453,rs7764894,0.304
6,41510863,rs113642022,6,41520590,rs67470086,0.247
6,41510863,rs113642022,6,41520891,rs4714480,0.906
6,41510863,rs113642022,6,41521062,rs113345212,0.308
6,41510863,rs113642022,6,41521075,rs113521153,0.247
6,41510863,rs113642022,6,41521110,rs4714481,0.908
6,41510863,rs113642022,6,41522095,rs72858935,0.247
6,41510863,rs113642022,6,41522937,rs112942930,0.246
6,41510863,rs113642022,6,41524013,rs11757960,0.134
6,41510863,rs113642022,6,41524352,rs115734894,0.267
6,41510863,rs113642022,6,41525407,rs73733278,0.434
6,41510863,rs113642022,6,41525739,rs10947980,0.844
6,41510863,rs113642022,6,41525959,rs72858936,0.087
6,41510863,rs113642022,6,41526002,rs12199996,0.267
6,41510863,rs113642022,6,41526469,rs55744376,0.433
6,41510863,rs113642022,6,41527698,rs9381080,0.891
6,41510863,rs113642022,6,41527895,rs9369289,0.303
6,41510863,rs113642022,6,41527901,rs72858938,0.243
6,41510863,rs113642022,6,41528059,rs77303116,0.132
6,41510863,rs113642022,6,41528199,rs4714482,0.887
6,41510863,rs113642022,6,41528214,rs4714483,0.887
6,41510863,rs113642022,6,41528953,rs11751913,0.132
6,41510863,rs113642022,6,41529060,rs398084883,0.887
6,41510863,rs113642022,6,41530678,rs186816008,0.242
6,41510863,rs113642022,6,41531167,rs116101553,0.132
6,41510863,rs113642022,6,41531223,chr6_41531223_A_G,0.459
6,41510863,rs113642022,6,41532389,rs9471603,0.268
6,41510863,rs113642022,6,41532904,rs58853189,0.319
6,41510863,rs113642022,6,41533046,rs9369290,0.887
6,41510863,rs113642022,6,41533573,rs34730847,0.132
6,41510863,rs113642022,6,41533579,rs2104506,0.887
6,41510863,rs113642022,6,41535379,rs9296365,0.891
6,41510863,rs113642022,6,41536108,rs72858942,0.087
6,41510863,rs113642022,6,41536368,rs75767832,0.132
6,41510863,rs113642022,6,41536427,rs1983891,0.889
6,41510863,rs113642022,6,41536587,rs4714485,0.889
6,41510863,rs113642022,6,41537344,rs7761231,0.297
6,41510863,rs113642022,6,41538545,rs913074,0.883
6,41510863,rs113642022,6,41539892,rs73733283,0.114
6,41510863,rs113642022,6,41540875,rs11756325,0.111
6,41510863,rs113642022,6,41540969,rs7743632,0.295
6,41510863,rs113642022,6,41541510,rs76622749,0.131
6,41510863,rs113642022,6,41542214,rs9381082,0.883
6,41510863,rs113642022,6,41542417,rs4714486,0.883
6,41510863,rs113642022,6,41543618,rs75369840,0.131
6,41510863,rs113642022,6,41543784,rs144650583,0.131
6,41510863,rs113642022,6,41543793,rs6458228,0.883
6,41510863,rs113642022,6,41544395,rs79487098,0.142
6,41510863,rs113642022,6,41544494,rs1886816,0.883
6,41510863,rs113642022,6,41545454,rs78913546,0.131
6,41510863,rs113642022,6,41545474,rs60352284,0.133
6,41510863,rs113642022,6,41545807,rs72858984,0.087
6,41510863,rs113642022,6,41547312,rs4714487,0.871
6,41510863,rs113642022,6,41548060,rs115544593,0.086
6,41510863,rs113642022,6,41548301,rs72858987,0.086
6,41510863,rs113642022,6,41548412,rs79204551,0.131
6,41510863,rs113642022,6,41548430,rs7753653,0.873
6,41510863,rs113642022,6,41548540,rs6917029,0.872
6,41510863,rs113642022,6,41548671,rs9394809,0.297
6,41510863,rs113642022,6,41548755,rs6917270,0.871
6,41510863,rs113642022,6,41548793,rs9394810,0.051
6,41510863,rs113642022,6,41549108,rs72858989,0.237
6,41510863,rs113642022,6,41550172,chr6_41550172_A_C,0.528
6,41510863,rs113642022,6,41550466,rs5875762,0.686
6,41510863,rs113642022,6,41551065,rs144124320,0.085
6,41510863,rs113642022,6,41552005,chr6_41552005_C_T,0.136
6,41510863,rs113642022,6,41552040,rs912883,0.579
6,41510863,rs113642022,6,41552101,chr6_41552101_A_G,0.647
6,41510863,rs113642022,6,41552275,chr6_41552275_A_G,0.228
6,41510863,rs113642022,6,41552429,rs4714489,0.578
6,41510863,rs113642022,6,41554182,chr6_41554182_A_G,0.649
6,41510863,rs113642022,6,41554993,rs11758591,0.296
6,41510863,rs113642022,6,41555862,rs4711677,0.651
6,41510863,rs113642022,6,41555948,rs9462723,0.26
6,41510863,rs113642022,6,41556046,rs138704405,0.085
6,41510863,rs113642022,6,41556095,rs72858997,0.085
6,41510863,rs113642022,6,41556216,rs55977799,0.069
6,41510863,rs113642022,6,41557117,rs745548,0.59
6,41510863,rs113642022,6,41558358,chr6_41558358_A_G,0.589
6,41510863,rs113642022,6,41558365,rs3800284,0.589
6,41510863,rs113642022,6,41558443,chr6_41558443_A_G,0.589
6,41510863,rs113642022,6,41558952,rs9471605,0.262
6,41510863,rs113642022,6,41559408,rs61592356,0.242
6,41510863,rs113642022,6,41559861,rs78554297,0.128
6,41510863,rs113642022,6,41560287,rs11752651,0.128
6,41510863,rs113642022,6,41561354,rs6920720,0.096
6,41510863,rs113642022,6,41561678,rs144696970,0.095
6,41510863,rs113642022,6,41562309,chr6_41562309_C_T,0.068
6,41510863,rs113642022,6,41562446,rs41273786,0.259
6,41510863,rs113642022,6,41562514,rs41273788,0.09
6,41510863,rs113642022,6,41562530,chr6_41562530_A_G,0.617
6,41510863,rs113642022,6,41563157,rs13362583,0.259
6,41510863,rs113642022,6,41563352,rs13362647,0.257
6,41510863,rs113642022,6,41563781,rs9369294,0.086
6,41510863,rs113642022,6,41563824,rs114279754,0.259
6,41510863,rs113642022,6,41564026,chr6_41564026_C_G,0.617
6,41510863,rs113642022,6,41565408,rs72863012,0.085
6,41510863,rs113642022,6,41565472,rs1887079,0.085
6,41510863,rs113642022,6,41567128,rs9471607,0.257
6,41510863,rs113642022,6,41568064,chr6_41568064_A_G,0.531
6,41510863,rs113642022,6,41568906,chr6_41568906_A_G,0.537
6,41510863,rs113642022,6,41569118,rs913076,0.258
6,41510863,rs113642022,6,41569157,rs913077,0.563
6,41510863,rs113642022,6,41569377,rs138216539,0.128
6,41510863,rs113642022,6,41570250,rs9381083,0.563
6,41510863,rs113642022,6,41570251,rs9369296,0.563
6,41510863,rs113642022,6,41570350,rs9381084,0.618
6,41510863,rs113642022,6,41570815,chr6_41570815_A_G,0.255
6,41510863,rs113642022,6,41571314,rs71710925,0.353
6,41510863,rs113642022,6,41572522,rs9394814,0.576
6,41510863,rs113642022,6,41573158,rs12198760,0.217
6,41510863,rs113642022,6,41573172,rs4714495,0.48
6,41510863,rs113642022,6,41573293,rs4711678,0.529
6,41510863,rs113642022,6,41573342,rs4711679,0.555
6,41510863,rs113642022,6,41573988,rs12207736,0.191
6,41510863,rs113642022,6,41574900,rs1960585,0.195
6,41510863,rs113642022,6,41575676,rs4714497,0.116
6,41510863,rs113642022,6,41576036,rs9367110,0.193
6,41510863,rs113642022,6,41576250,rs16894840,0.052
6,41510863,rs113642022,6,41576415,rs61457563,0.052
6,41510863,rs113642022,6,41576640,rs9369298,0.191
6,41510863,rs113642022,6,41576866,rs4714498,0.114
6,41510863,rs113642022,6,41578203,rs4714499,0.122
6,41510863,rs113642022,6,41578366,rs2395780,0.122
6,41510863,rs113642022,6,41578475,rs11300104,0.118
6,41510863,rs113642022,6,41578661,chr6_41578661_A_G,0.122
6,41510863,rs113642022,6,41578836,rs6917423,0.113
6,41510863,rs113642022,6,41579811,rs112074540,0.116
6,41510863,rs113642022,6,41579875,rs4711680,0.114
6,41510863,rs113642022,6,41579950,rs142355744,0.114
6,41510863,rs113642022,6,41580073,rs9381086,0.411
6,41510863,rs113642022,6,41580131,rs59956514,0.114
6,41510863,rs113642022,6,41580132,rs2395783,0.199
6,41510863,rs113642022,6,41580738,rs10807264,0.112
6,41510863,rs113642022,6,41580742,rs10807265,0.112
6,41510863,rs113642022,6,41580864,rs9381087,0.113
6,41510863,rs113642022,6,41580924,rs9381088,0.114
6,41510863,rs113642022,6,41583313,6:41583313:C:CAGAGAG,0.2
6,41510863,rs113642022,6,41583319,chr6_41583319_AG_INDEL,0.19
6,41510863,rs113642022,6,41583576,chr6_41583576_G_T,0.369
6,41510863,rs113642022,6,41586580,rs1028818,0.109
6,41510863,rs113642022,6,41590918,rs2842637,0.159
6,41510863,rs113642022,6,41591125,rs2746176,0.376
6,41510863,rs113642022,6,41592403,rs147331737,0.106
6,41510863,rs113642022,6,41593404,chr6_41593404_A_G,0.078
6,41510863,rs113642022,6,41593945,chr6_41593945_A_G,0.148
6,41510863,rs113642022,6,41593996,rs6928533,0.151
6,41510863,rs113642022,6,41594374,rs10223651,0.146
6,41510863,rs113642022,6,41594613,chr6_41594613_C_T,0.144
6,41510863,rs113642022,6,41603194,chr6_41603194_A_G,0.099
6,41510863,rs113642022,6,41604077,rs2842660,0.143
6,41510863,rs113642022,6,41605830,chr6_41605830_C_T,0.138
6,41510863,rs113642022,6,41610212,chr6_41610212_A_T,0.054
6,41510863,rs113642022,6,41610719,chr6_41610719_A_G,0.055
6,41510863,rs113642022,6,41611270,chr6_41611270_A_G,0.085
6,41510863,rs113642022,6,41612008,chr6_41612008_A_G,0.052
6,41510863,rs113642022,6,41613559,chr6_41613560_INDEL_TG,0.065
6,41510863,rs113642022,6,41614915,chr6_41614915_C_T,0.051
6,41510863,rs113642022,6,41614929,rs3789209,0.051
6,41510863,rs113642022,6,41617308,rs2073160,0.063
6,41510863,rs113642022,6,41617626,rs2073159,0.061
6,41510863,rs113642022,6,41617658,rs2281326,0.061
6,41510863,rs113642022,6,41618591,rs2268407,0.059
6,41510863,rs113642022,6,41618655,rs72863088,0.062
6,41510863,rs113642022,6,41619363,rs4714501,0.06
6,41510863,rs113642022,6,41619689,chr6_41619689_C_T,0.062
6,41510863,rs113642022,6,41619877,rs9394819,0.055
6,41525739,rs10947980,6,41509901,chr6_41509901_G_T,0.646
6,41525739,rs10947980,6,41510038,rs72858924,0.1
6,41525739,rs10947980,6,41510291,rs12203518,0.844
6,41525739,rs10947980,6,41510863,rs113642022,0.844
6,41525739,rs10947980,6,41511950,rs2395779,0.852
6,41525739,rs10947980,6,41512462,rs1326322,0.857
6,41525739,rs10947980,6,41512497,chr6_41512497_G_T,0.253
6,41525739,rs10947980,6,41512681,rs72858927,0.248
6,41525739,rs10947980,6,41513740,rs4714476,0.862
6,41525739,rs10947980,6,41513934,chr6_41513934_C_G,0.187
6,41525739,rs10947980,6,41514372,rs6935446,0.863
6,41525739,rs10947980,6,41514411,rs6935737,0.862
6,41525739,rs10947980,6,41515179,rs199563653,0.132
6,41525739,rs10947980,6,41515224,rs9381075,0.779
6,41525739,rs10947980,6,41515522,rs201913018,0.132
6,41525739,rs10947980,6,41516285,rs143698740,0.132
6,41525739,rs10947980,6,41516351,rs3747744,0.869
6,41525739,rs10947980,6,41517448,chr6_41517448_A_G,0.057
6,41525739,rs10947980,6,41517457,chr6_41517457_C_G,0.318
6,41525739,rs10947980,6,41517564,rs9381076,0.888
6,41525739,rs10947980,6,41518664,rs56143487,0.329
6,41525739,rs10947980,6,41518676,rs58953006,0.329
6,41525739,rs10947980,6,41518807,rs4714479,0.888
6,41525739,rs10947980,6,41519038,rs11758149,0.132
6,41525739,rs10947980,6,41519430,chr6_41519430_A_G,0.104
6,41525739,rs10947980,6,41519522,rs2148342,0.889
6,41525739,rs10947980,6,41519590,chr6_41519590_A_G,0.279
6,41525739,rs10947980,6,41519654,rs2025645,0.889
6,41525739,rs10947980,6,41520417,rs7764874,0.252
6,41525739,rs10947980,6,41520453,rs7764894,0.254
6,41525739,rs10947980,6,41520590,rs67470086,0.28
6,41525739,rs10947980,6,41520891,rs4714480,0.922
6,41525739,rs10947980,6,41521062,rs113345212,0.349
6,41525739,rs10947980,6,41521075,rs113521153,0.28
6,41525739,rs10947980,6,41521110,rs4714481,0.924
6,41525739,rs10947980,6,41522095,rs72858935,0.281
6,41525739,rs10947980,6,41522937,rs112942930,0.282
6,41525739,rs10947980,6,41524013,rs11757960,0.163
6,41525739,rs10947980,6,41524352,rs115734894,0.307
6,41525739,rs10947980,6,41525407,rs73733278,0.517
6,41525739,rs10947980,6,41525739,rs10947980,1
6,41525739,rs10947980,6,41525959,rs72858936,0.102
6,41525739,rs10947980,6,41526002,rs12199996,0.314
6,41525739,rs10947980,6,41526469,rs55744376,0.517
6,41525739,rs10947980,6,41527698,rs9381080,0.944
6,41525739,rs10947980,6,41527895,rs9369289,0.353
6,41525739,rs10947980,6,41527901,rs72858938,0.283
6,41525739,rs10947980,6,41528059,rs77303116,0.162
6,41525739,rs10947980,6,41528199,rs4714482,0.949
6,41525739,rs10947980,6,41528214,rs4714483,0.949
6,41525739,rs10947980,6,41528953,rs11751913,0.162
6,41525739,rs10947980,6,41529060,rs398084883,0.948
6,41525739,rs10947980,6,41530678,rs186816008,0.282
6,41525739,rs10947980,6,41531167,rs116101553,0.162
6,41525739,rs10947980,6,41531223,chr6_41531223_A_G,0.545
6,41525739,rs10947980,6,41532389,rs9471603,0.314
6,41525739,rs10947980,6,41532904,rs58853189,0.293
6,41525739,rs10947980,6,41533046,rs9369290,0.948
6,41525739,rs10947980,6,41533573,rs34730847,0.162
6,41525739,rs10947980,6,41533579,rs2104506,0.948
6,41525739,rs10947980,6,41535379,rs9296365,0.943
6,41525739,rs10947980,6,41536108,rs72858942,0.101
6,41525739,rs10947980,6,41536368,rs75767832,0.161
6,41525739,rs10947980,6,41536427,rs1983891,0.941
6,41525739,rs10947980,6,41536587,rs4714485,0.941
6,41525739,rs10947980,6,41537344,rs7761231,0.264
6,41525739,rs10947980,6,41537568,chr6_41537568_A_C,0.057
6,41525739,rs10947980,6,41538545,rs913074,0.935
6,41525739,rs10947980,6,41539892,rs73733283,0.141
6,41525739,rs10947980,6,41540875,rs11756325,0.137
6,41525739,rs10947980,6,41540969,rs7743632,0.262
6,41525739,rs10947980,6,41541510,rs76622749,0.161
6,41525739,rs10947980,6,41542214,rs9381082,0.936
6,41525739,rs10947980,6,41542417,rs4714486,0.935
6,41525739,rs10947980,6,41543618,rs75369840,0.161
6,41525739,rs10947980,6,41543784,rs144650583,0.161
6,41525739,rs10947980,6,41543793,rs6458228,0.936
6,41525739,rs10947980,6,41544395,rs79487098,0.167
6,41525739,rs10947980,6,41544494,rs1886816,0.936
6,41525739,rs10947980,6,41545454,rs78913546,0.161
6,41525739,rs10947980,6,41545474,rs60352284,0.165
6,41525739,rs10947980,6,41545807,rs72858984,0.1
6,41525739,rs10947980,6,41547312,rs4714487,0.924
6,41525739,rs10947980,6,41548060,rs115544593,0.1
6,41525739,rs10947980,6,41548301,rs72858987,0.1
6,41525739,rs10947980,6,41548412,rs79204551,0.16
6,41525739,rs10947980,6,41548430,rs7753653,0.926
6,41525739,rs10947980,6,41548540,rs6917029,0.925
6,41525739,rs10947980,6,41548671,rs9394809,0.345
6,41525739,rs10947980,6,41548755,rs6917270,0.924
6,41525739,rs10947980,6,41548793,rs9394810,0.058
6,41525739,rs10947980,6,41549108,rs72858989,0.276
6,41525739,rs10947980,6,41550172,chr6_41550172_A_C,0.638
6,41525739,rs10947980,6,41550466,rs5875762,0.73
6,41525739,rs10947980,6,41551065,rs144124320,0.099
6,41525739,rs10947980,6,41552005,chr6_41552005_C_T,0.133
6,41525739,rs10947980,6,41552040,rs912883,0.62
6,41525739,rs10947980,6,41552101,chr6_41552101_A_G,0.689
6,41525739,rs10947980,6,41552275,chr6_41552275_A_G,0.279
6,41525739,rs10947980,6,41552429,rs4714489,0.611
6,41525739,rs10947980,6,41554182,chr6_41554182_A_G,0.687
6,41525739,rs10947980,6,41554993,rs11758591,0.275
6,41525739,rs10947980,6,41555862,rs4711677,0.69
6,41525739,rs10947980,6,41555948,rs9462723,0.3
6,41525739,rs10947980,6,41556046,rs138704405,0.099
6,41525739,rs10947980,6,41556095,rs72858997,0.099
6,41525739,rs10947980,6,41556216,rs55977799,0.063
6,41525739,rs10947980,6,41557117,rs745548,0.628
6,41525739,rs10947980,6,41558358,chr6_41558358_A_G,0.626
6,41525739,rs10947980,6,41558365,rs3800284,0.627
6,41525739,rs10947980,6,41558443,chr6_41558443_A_G,0.626
6,41525739,rs10947980,6,41558952,rs9471605,0.303
6,41525739,rs10947980,6,41559408,rs61592356,0.235
6,41525739,rs10947980,6,41559861,rs78554297,0.156
6,41525739,rs10947980,6,41560287,rs11752651,0.156
6,41525739,rs10947980,6,41561354,rs6920720,0.118
6,41525739,rs10947980,6,41561678,rs144696970,0.117
6,41525739,rs10947980,6,41562309,chr6_41562309_C_T,0.061
6,41525739,rs10947980,6,41562446,rs41273786,0.3
6,41525739,rs10947980,6,41562514,rs41273788,0.111
6,41525739,rs10947980,6,41562530,chr6_41562530_A_G,0.654
6,41525739,rs10947980,6,41563157,rs13362583,0.3
6,41525739,rs10947980,6,41563352,rs13362647,0.299
6,41525739,rs10947980,6,41563824,rs114279754,0.3
6,41525739,rs10947980,6,41564026,chr6_41564026_C_G,0.654
6,41525739,rs10947980,6,41565408,rs72863012,0.098
6,41525739,rs10947980,6,41567128,rs9471607,0.298
6,41525739,rs10947980,6,41568064,chr6_41568064_A_G,0.539
6,41525739,rs10947980,6,41568906,chr6_41568906_A_G,0.546
6,41525739,rs10947980,6,41569118,rs913076,0.299
6,41525739,rs10947980,6,41569157,rs913077,0.598
6,41525739,rs10947980,6,41569377,rs138216539,0.156
6,41525739,rs10947980,6,41570250,rs9381083,0.599
6,41525739,rs10947980,6,41570251,rs9369296,0.599
6,41525739,rs10947980,6,41570350,rs9381084,0.655
6,41525739,rs10947980,6,41570815,chr6_41570815_A_G,0.296
6,41525739,rs10947980,6,41571314,rs71710925,0.336
6,41525739,rs10947980,6,41572522,rs9394814,0.593
6,41525739,rs10947980,6,41573158,rs12198760,0.253
6,41525739,rs10947980,6,41573172,rs4714495,0.544
6,41525739,rs10947980,6,41573293,rs4711678,0.562
6,41525739,rs10947980,6,41573342,rs4711679,0.59
6,41525739,rs10947980,6,41573988,rs12207736,0.231
6,41525739,rs10947980,6,41574900,rs1960585,0.202
6,41525739,rs10947980,6,41575676,rs4714497,0.092
6,41525739,rs10947980,6,41576036,rs9367110,0.199
6,41525739,rs10947980,6,41576250,rs16894840,0.065
6,41525739,rs10947980,6,41576415,rs61457563,0.065
6,41525739,rs10947980,6,41576640,rs9369298,0.197
6,41525739,rs10947980,6,41576866,rs4714498,0.09
6,41525739,rs10947980,6,41578203,rs4714499,0.111
6,41525739,rs10947980,6,41578366,rs2395780,0.111
6,41525739,rs10947980,6,41578475,rs11300104,0.093
6,41525739,rs10947980,6,41578661,chr6_41578661_A_G,0.111
6,41525739,rs10947980,6,41578836,rs6917423,0.089
6,41525739,rs10947980,6,41579811,rs112074540,0.106
6,41525739,rs10947980,6,41579875,rs4711680,0.104
6,41525739,rs10947980,6,41579950,rs142355744,0.105
6,41525739,rs10947980,6,41580073,rs9381086,0.442
6,41525739,rs10947980,6,41580131,rs59956514,0.104
6,41525739,rs10947980,6,41580132,rs2395783,0.237
6,41525739,rs10947980,6,41580738,rs10807264,0.101
6,41525739,rs10947980,6,41580742,rs10807265,0.101
6,41525739,rs10947980,6,41580864,rs9381087,0.089
6,41525739,rs10947980,6,41580924,rs9381088,0.104
6,41525739,rs10947980,6,41583313,6:41583313:C:CAGAGAG,0.207
6,41525739,rs10947980,6,41583319,chr6_41583319_AG_INDEL,0.198
6,41525739,rs10947980,6,41583576,chr6_41583576_G_T,0.401
6,41525739,rs10947980,6,41586580,rs1028818,0.086
6,41525739,rs10947980,6,41590918,rs2842637,0.19
6,41525739,rs10947980,6,41591125,rs2746176,0.411
6,41525739,rs10947980,6,41592403,rs147331737,0.088
6,41525739,rs10947980,6,41593404,chr6_41593404_A_G,0.091
6,41525739,rs10947980,6,41593945,chr6_41593945_A_G,0.155
6,41525739,rs10947980,6,41593996,rs6928533,0.179
6,41525739,rs10947980,6,41594374,rs10223651,0.175
6,41525739,rs10947980,6,41594613,chr6_41594613_C_T,0.172
6,41525739,rs10947980,6,41603194,chr6_41603194_A_G,0.084
6,41525739,rs10947980,6,41604077,rs2842660,0.173
6,41525739,rs10947980,6,41605830,chr6_41605830_C_T,0.166
6,41525739,rs10947980,6,41610212,chr6_41610212_A_T,0.058
6,41525739,rs10947980,6,41610719,chr6_41610719_A_G,0.058
6,41525739,rs10947980,6,41611270,chr6_41611270_A_G,0.091
6,41525739,rs10947980,6,41612008,chr6_41612008_A_G,0.056
6,41525739,rs10947980,6,41613559,chr6_41613560_INDEL_TG,0.061
6,41525739,rs10947980,6,41617308,rs2073160,0.057
6,41525739,rs10947980,6,41617626,rs2073159,0.055
6,41525739,rs10947980,6,41617658,rs2281326,0.054
6,41525739,rs10947980,6,41618591,rs2268407,0.052
6,41525739,rs10947980,6,41618655,rs72863088,0.056
6,41525739,rs10947980,6,41619363,rs4714501,0.054
6,41525739,rs10947980,6,41619689,chr6_41619689_C_T,0.056
6,41525739,rs10947980,6,41619877,rs9394819,0.05
6,41536427,rs1983891,6,41509901,chr6_41509901_G_T,0.695
6,41536427,rs1983891,6,41510038,rs72858924,0.095
6,41536427,rs1983891,6,41510291,rs12203518,0.889
6,41536427,rs1983891,6,41510863,rs113642022,0.889
6,41536427,rs1983891,6,41511950,rs2395779,0.9
6,41536427,rs1983891,6,41512462,rs1326322,0.898
6,41536427,rs1983891,6,41512497,chr6_41512497_G_T,0.313
6,41536427,rs1983891,6,41512681,rs72858927,0.233
6,41536427,rs1983891,6,41513740,rs4714476,0.901
6,41536427,rs1983891,6,41513934,chr6_41513934_C_G,0.176
6,41536427,rs1983891,6,41514372,rs6935446,0.902
6,41536427,rs1983891,6,41514411,rs6935737,0.901
6,41536427,rs1983891,6,41515179,rs199563653,0.125
6,41536427,rs1983891,6,41515224,rs9381075,0.821
6,41536427,rs1983891,6,41515522,rs201913018,0.125
6,41536427,rs1983891,6,41516285,rs143698740,0.125
6,41536427,rs1983891,6,41516351,rs3747744,0.916
6,41536427,rs1983891,6,41517448,chr6_41517448_A_G,0.054
6,41536427,rs1983891,6,41517457,chr6_41517457_C_G,0.337
6,41536427,rs1983891,6,41517564,rs9381076,0.928
6,41536427,rs1983891,6,41518664,rs56143487,0.314
6,41536427,rs1983891,6,41518676,rs58953006,0.314
6,41536427,rs1983891,6,41518807,rs4714479,0.926
6,41536427,rs1983891,6,41519038,rs11758149,0.125
6,41536427,rs1983891,6,41519430,chr6_41519430_A_G,0.111
6,41536427,rs1983891,6,41519522,rs2148342,0.927
6,41536427,rs1983891,6,41519590,chr6_41519590_A_G,0.336
6,41536427,rs1983891,6,41519654,rs2025645,0.927
6,41536427,rs1983891,6,41520417,rs7764874,0.31
6,41536427,rs1983891,6,41520453,rs7764894,0.311
6,41536427,rs1983891,6,41520590,rs67470086,0.264
6,41536427,rs1983891,6,41520891,rs4714480,0.963
6,41536427,rs1983891,6,41521062,rs113345212,0.329
6,41536427,rs1983891,6,41521075,rs113521153,0.264
6,41536427,rs1983891,6,41521110,rs4714481,0.965
6,41536427,rs1983891,6,41522095,rs72858935,0.265
6,41536427,rs1983891,6,41522937,rs112942930,0.265
6,41536427,rs1983891,6,41524013,rs11757960,0.153
6,41536427,rs1983891,6,41524352,rs115734894,0.291
6,41536427,rs1983891,6,41525407,rs73733278,0.488
6,41536427,rs1983891,6,41525739,rs10947980,0.941
6,41536427,rs1983891,6,41525959,rs72858936,0.096
6,41536427,rs1983891,6,41526002,rs12199996,0.297
6,41536427,rs1983891,6,41526469,rs55744376,0.488
6,41536427,rs1983891,6,41527698,rs9381080,0.996
6,41536427,rs1983891,6,41527895,rs9369289,0.332
6,41536427,rs1983891,6,41527901,rs72858938,0.267
6,41536427,rs1983891,6,41528059,rs77303116,0.153
6,41536427,rs1983891,6,41528199,rs4714482,0.991
6,41536427,rs1983891,6,41528214,rs4714483,0.991
6,41536427,rs1983891,6,41528953,rs11751913,0.153
6,41536427,rs1983891,6,41529060,rs398084883,0.991
6,41536427,rs1983891,6,41530678,rs186816008,0.267
6,41536427,rs1983891,6,41531167,rs116101553,0.153
6,41536427,rs1983891,6,41531223,chr6_41531223_A_G,0.514
6,41536427,rs1983891,6,41532389,rs9471603,0.298
6,41536427,rs1983891,6,41532904,rs58853189,0.355
6,41536427,rs1983891,6,41533046,rs9369290,0.992
6,41536427,rs1983891,6,41533573,rs34730847,0.153
6,41536427,rs1983891,6,41533579,rs2104506,0.991
6,41536427,rs1983891,6,41535379,rs9296365,0.999
6,41536427,rs1983891,6,41536108,rs72858942,0.096
6,41536427,rs1983891,6,41536368,rs75767832,0.153
6,41536427,rs1983891,6,41536427,rs1983891,1
6,41536427,rs1983891,6,41536587,rs4714485,1
6,41536427,rs1983891,6,41537344,rs7761231,0.333
6,41536427,rs1983891,6,41537568,chr6_41537568_A_C,0.054
6,41536427,rs1983891,6,41538545,rs913074,0.992
6,41536427,rs1983891,6,41539892,rs73733283,0.134
6,41536427,rs1983891,6,41540875,rs11756325,0.13
6,41536427,rs1983891,6,41540969,rs7743632,0.331
6,41536427,rs1983891,6,41541510,rs76622749,0.153
6,41536427,rs1983891,6,41542214,rs9381082,0.992
6,41536427,rs1983891,6,41542417,rs4714486,0.993
6,41536427,rs1983891,6,41543618,rs75369840,0.152
6,41536427,rs1983891,6,41543784,rs144650583,0.152
6,41536427,rs1983891,6,41543793,rs6458228,0.993
6,41536427,rs1983891,6,41544395,rs79487098,0.158
6,41536427,rs1983891,6,41544494,rs1886816,0.993
6,41536427,rs1983891,6,41545454,rs78913546,0.152
6,41536427,rs1983891,6,41545474,rs60352284,0.156
6,41536427,rs1983891,6,41545807,rs72858984,0.096
6,41536427,rs1983891,6,41547312,rs4714487,0.98
6,41536427,rs1983891,6,41548060,rs115544593,0.096
6,41536427,rs1983891,6,41548301,rs72858987,0.096
6,41536427,rs1983891,6,41548412,rs79204551,0.152
6,41536427,rs1983891,6,41548430,rs7753653,0.982
6,41536427,rs1983891,6,41548540,rs6917029,0.982
6,41536427,rs1983891,6,41548671,rs9394809,0.328
6,41536427,rs1983891,6,41548755,rs6917270,0.981
6,41536427,rs1983891,6,41548793,rs9394810,0.055
6,41536427,rs1983891,6,41549108,rs72858989,0.263
6,41536427,rs1983891,6,41550172,chr6_41550172_A_C,0.6
6,41536427,rs1983891,6,41550466,rs5875762,0.776
6,41536427,rs1983891,6,41551065,rs144124320,0.095
6,41536427,rs1983891,6,41552005,chr6_41552005_C_T,0.142
6,41536427,rs1983891,6,41552040,rs912883,0.661
6,41536427,rs1983891,6,41552101,chr6_41552101_A_G,0.734
6,41536427,rs1983891,6,41552275,chr6_41552275_A_G,0.262
6,41536427,rs1983891,6,41552429,rs4714489,0.658
6,41536427,rs1983891,6,41554182,chr6_41554182_A_G,0.732
6,41536427,rs1983891,6,41554993,rs11758591,0.295
6,41536427,rs1983891,6,41555862,rs4711677,0.735
6,41536427,rs1983891,6,41555948,rs9462723,0.287
6,41536427,rs1983891,6,41556046,rs138704405,0.095
6,41536427,rs1983891,6,41556095,rs72858997,0.095
6,41536427,rs1983891,6,41556216,rs55977799,0.066
6,41536427,rs1983891,6,41557117,rs745548,0.67
6,41536427,rs1983891,6,41558358,chr6_41558358_A_G,0.668
6,41536427,rs1983891,6,41558365,rs3800284,0.669
6,41536427,rs1983891,6,41558443,chr6_41558443_A_G,0.668
6,41536427,rs1983891,6,41558952,rs9471605,0.289
6,41536427,rs1983891,6,41559408,rs61592356,0.28
6,41536427,rs1983891,6,41559861,rs78554297,0.149
6,41536427,rs1983891,6,41560287,rs11752651,0.149
6,41536427,rs1983891,6,41561354,rs6920720,0.11
6,41536427,rs1983891,6,41561678,rs144696970,0.109
6,41536427,rs1983891,6,41562309,chr6_41562309_C_T,0.065
6,41536427,rs1983891,6,41562446,rs41273786,0.285
6,41536427,rs1983891,6,41562514,rs41273788,0.104
6,41536427,rs1983891,6,41562530,chr6_41562530_A_G,0.698
6,41536427,rs1983891,6,41563157,rs13362583,0.285
6,41536427,rs1983891,6,41563352,rs13362647,0.284
6,41536427,rs1983891,6,41563781,rs9369294,0.098
6,41536427,rs1983891,6,41563824,rs114279754,0.285
6,41536427,rs1983891,6,41564026,chr6_41564026_C_G,0.698
6,41536427,rs1983891,6,41565408,rs72863012,0.095
6,41536427,rs1983891,6,41565472,rs1887079,0.097
6,41536427,rs1983891,6,41567128,rs9471607,0.283
6,41536427,rs1983891,6,41568064,chr6_41568064_A_G,0.599
6,41536427,rs1983891,6,41568906,chr6_41568906_A_G,0.605
6,41536427,rs1983891,6,41569118,rs913076,0.284
6,41536427,rs1983891,6,41569157,rs913077,0.639
6,41536427,rs1983891,6,41569377,rs138216539,0.149
6,41536427,rs1983891,6,41570250,rs9381083,0.64
6,41536427,rs1983891,6,41570251,rs9369296,0.64
6,41536427,rs1983891,6,41570350,rs9381084,0.699
6,41536427,rs1983891,6,41570815,chr6_41570815_A_G,0.281
6,41536427,rs1983891,6,41571314,rs71710925,0.392
6,41536427,rs1983891,6,41572522,rs9394814,0.646
6,41536427,rs1983891,6,41573158,rs12198760,0.241
6,41536427,rs1983891,6,41573172,rs4714495,0.547
6,41536427,rs1983891,6,41573293,rs4711678,0.602
6,41536427,rs1983891,6,41573342,rs4711679,0.63
6,41536427,rs1983891,6,41573988,rs12207736,0.217
6,41536427,rs1983891,6,41574900,rs1960585,0.23
6,41536427,rs1983891,6,41575676,rs4714497,0.133
6,41536427,rs1983891,6,41576036,rs9367110,0.226
6,41536427,rs1983891,6,41576250,rs16894840,0.06
6,41536427,rs1983891,6,41576415,rs61457563,0.061
6,41536427,rs1983891,6,41576640,rs9369298,0.224
6,41536427,rs1983891,6,41576866,rs4714498,0.131
6,41536427,rs1983891,6,41578203,rs4714499,0.14
6,41536427,rs1983891,6,41578366,rs2395780,0.14
6,41536427,rs1983891,6,41578475,rs11300104,0.135
6,41536427,rs1983891,6,41578661,chr6_41578661_A_G,0.139
6,41536427,rs1983891,6,41578836,rs6917423,0.13
6,41536427,rs1983891,6,41579811,rs112074540,0.137
6,41536427,rs1983891,6,41579875,rs4711680,0.134
6,41536427,rs1983891,6,41579950,rs142355744,0.134
6,41536427,rs1983891,6,41580073,rs9381086,0.471
6,41536427,rs1983891,6,41580131,rs59956514,0.134
6,41536427,rs1983891,6,41580132,rs2395783,0.224
6,41536427,rs1983891,6,41580738,rs10807264,0.132
6,41536427,rs1983891,6,41580742,rs10807265,0.132
6,41536427,rs1983891,6,41580864,rs9381087,0.129
6,41536427,rs1983891,6,41580924,rs9381088,0.134
6,41536427,rs1983891,6,41583313,6:41583313:C:CAGAGAG,0.232
6,41536427,rs1983891,6,41583319,chr6_41583319_AG_INDEL,0.222
6,41536427,rs1983891,6,41583576,chr6_41583576_G_T,0.426
6,41536427,rs1983891,6,41586580,rs1028818,0.125
6,41536427,rs1983891,6,41590918,rs2842637,0.179
6,41536427,rs1983891,6,41591125,rs2746176,0.433
6,41536427,rs1983891,6,41592403,rs147331737,0.122
6,41536427,rs1983891,6,41593404,chr6_41593404_A_G,0.092
6,41536427,rs1983891,6,41593945,chr6_41593945_A_G,0.173
6,41536427,rs1983891,6,41593996,rs6928533,0.17
6,41536427,rs1983891,6,41594374,rs10223651,0.166
6,41536427,rs1983891,6,41594613,chr6_41594613_C_T,0.164
6,41536427,rs1983891,6,41603194,chr6_41603194_A_G,0.113
6,41536427,rs1983891,6,41604077,rs2842660,0.161
6,41536427,rs1983891,6,41605830,chr6_41605830_C_T,0.155
6,41536427,rs1983891,6,41610212,chr6_41610212_A_T,0.051
6,41536427,rs1983891,6,41610719,chr6_41610719_A_G,0.052
6,41536427,rs1983891,6,41611270,chr6_41611270_A_G,0.081
6,41536427,rs1983891,6,41613559,chr6_41613560_INDEL_TG,0.062
6,41536427,rs1983891,6,41617308,rs2073160,0.06
6,41536427,rs1983891,6,41617626,rs2073159,0.059
6,41536427,rs1983891,6,41617658,rs2281326,0.058
6,41536427,rs1983891,6,41618591,rs2268407,0.056
6,41536427,rs1983891,6,41618655,rs72863088,0.06
6,41536427,rs1983891,6,41619363,rs4714501,0.058
6,41536427,rs1983891,6,41619689,chr6_41619689_C_T,0.06
6,41536427,rs1983891,6,41619877,rs9394819,0.053
