CHR_A,BP_A,SNP_A,CHR_B,BP_B,SNP_B,R2
6,109279211,rs12209480,6,109244792,chr6_109244792_A_T,0.176
6,109279211,rs12209480,6,109258336,rs2768557,0.091
6,109279211,rs12209480,6,109273698,rs2768549,0.11
6,109279211,rs12209480,6,109273909,chr6_109273909_A_G,0.133
6,109279211,rs12209480,6,109275038,rs2806357,0.112
6,109279211,rs12209480,6,109277908,rs12193858,0.669
6,109279211,rs12209480,6,109278425,rs58161620,0.66
6,109279211,rs12209480,6,109278873,rs12195728,0.663
6,109279211,rs12209480,6,109279105,rs12195848,0.664
6,109279211,rs12209480,6,109279211,rs12209480,1
6,109279211,rs12209480,6,109279381,rs11153139,0.666
6,109279211,rs12209480,6,109280932,rs114481082,0.662
6,109279211,rs12209480,6,109280933,rs115643887,0.662
6,109279211,rs12209480,6,109281411,rs6651000,0.66
6,109279211,rs12209480,6,109281413,6:109281413:CG:GG,0.165
6,109279211,rs12209480,6,109284223,rs12195372,0.658
6,109279211,rs12209480,6,109284255,rs12195378,0.658
6,109279211,rs12209480,6,109285189,rs2273669,0.55
6,109279211,rs12209480,6,109287209,rs6941125,0.551
6,109279211,rs12209480,6,109287459,rs11754955,0.658
6,109279211,rs12209480,6,109288036,rs76094073,0.655
6,109279211,rs12209480,6,109289203,rs12191613,0.546
6,109279211,rs12209480,6,109289540,rs10872027,0.546
6,109279211,rs12209480,6,109289881,rs6935782,0.547
6,109279211,rs12209480,6,109290319,rs6568554,0.547
6,109279211,rs12209480,6,109290606,rs138986180,0.547
6,109279211,rs12209480,6,109291782,rs12194006,0.547
6,109279211,rs12209480,6,109291824,rs12213775,0.547
6,109279211,rs12209480,6,109292058,rs67708237,0.547
6,109279211,rs12209480,6,109292133,rs7753554,0.546
6,109279211,rs12209480,6,109292736,rs1887414,0.546
6,109279211,rs12209480,6,109292806,rs4992384,0.546
6,109279211,rs12209480,6,109292816,rs4992383,0.546
6,109279211,rs12209480,6,109292826,rs4992382,0.548
6,109279211,rs12209480,6,109293898,rs6907937,0.548
6,109279211,rs12209480,6,109293973,rs6908104,0.548
6,109279211,rs12209480,6,109294164,rs6928200,0.548
6,109279211,rs12209480,6,109294322,rs6929070,0.549
6,109279211,rs12209480,6,109294336,rs6908714,0.548
6,109279211,rs12209480,6,109294752,rs3734649,0.655
6,109279211,rs12209480,6,109295017,rs3734650,0.546
6,109279211,rs12209480,6,109295040,rs3734651,0.546
6,109279211,rs12209480,6,109295120,chr6_109295120_A_G,0.501
6,109279211,rs12209480,6,109295293,rs2038542,0.546
6,109279211,rs12209480,6,109296185,rs2145767,0.656
6,109279211,rs12209480,6,109296261,rs2145766,0.55
6,109279211,rs12209480,6,109296362,rs2145765,0.656
6,109279211,rs12209480,6,109296586,rs141683383,0.656
6,109279211,rs12209480,6,109296736,rs10457184,0.656
6,109279211,rs12209480,6,109297516,rs12196819,0.655
6,109279211,rs12209480,6,109297676,rs12198152,0.549
6,109279211,rs12209480,6,109297857,rs11153140,0.55
6,109279211,rs12209480,6,109298135,rs112483590,0.655
6,109279211,rs12209480,6,109298413,rs140202025,0.548
6,109279211,rs12209480,6,109298654,rs113130272,0.547
6,109279211,rs12209480,6,109299089,rs10456862,0.655
6,109279211,rs12209480,6,109299092,rs10456863,0.655
6,109279211,rs12209480,6,109299507,rs10456864,0.656
6,109279211,rs12209480,6,109300025,rs375168964,0.62
6,109279211,rs12209480,6,109300554,rs12202463,0.653
6,109279211,rs12209480,6,109300564,rs11153142,0.653
6,109279211,rs12209480,6,109300577,rs12207202,0.653
6,109279211,rs12209480,6,109300607,rs12200902,0.653
6,109279211,rs12209480,6,109300661,rs11153143,0.641
6,109279211,rs12209480,6,109300709,rs11153144,0.655
6,109279211,rs12209480,6,109300799,rs11153145,0.655
6,109279211,rs12209480,6,109300826,rs11153146,0.655
6,109279211,rs12209480,6,109301091,rs11757168,0.655
6,109279211,rs12209480,6,109301664,rs111523655,0.655
6,109279211,rs12209480,6,109302173,rs12196010,0.655
6,109279211,rs12209480,6,109302258,rs12196024,0.655
6,109279211,rs12209480,6,109302372,rs12196143,0.655
6,109279211,rs12209480,6,109302861,rs368740664,0.655
6,109279211,rs12209480,6,109302894,rs116189763,0.655
6,109279211,rs12209480,6,109303726,rs111303770,0.655
6,109279211,rs12209480,6,109303967,rs12206834,0.655
6,109279211,rs12209480,6,109304058,rs11153147,0.665
6,109279211,rs12209480,6,109304084,rs11153148,0.665
6,109279211,rs12209480,6,109304272,rs11153149,0.655
6,109279211,rs12209480,6,109304694,rs1080945,0.547
6,109279211,rs12209480,6,109305299,rs78276890,0.655
6,109279211,rs12209480,6,109305318,rs112319185,0.655
6,109279211,rs12209480,6,109305456,rs76747161,0.655
6,109279211,rs12209480,6,109305743,rs12210444,0.655
6,109279211,rs12209480,6,109306480,rs111773102,0.655
6,109279211,rs12209480,6,109306489,rs114414265,0.655
6,109279211,rs12209480,6,109306493,rs111353760,0.655
6,109279211,rs12209480,6,109306494,rs71641614,0.655
6,109279211,rs12209480,6,109306681,rs12212402,0.655
6,109279211,rs12209480,6,109306963,rs2145763,0.655
6,109279211,rs12209480,6,109307281,rs5879006,0.655
6,109279211,rs12209480,6,109307710,rs16822,0.655
6,109279211,rs12209480,6,109308952,rs4509156,0.655
6,109279211,rs12209480,6,109309150,rs4527738,0.655
6,109279211,rs12209480,6,109309287,rs4470881,0.545
6,109279211,rs12209480,6,109310268,rs113477421,0.654
6,109279211,rs12209480,6,109310596,rs2798646,0.652
6,109279211,rs12209480,6,109310627,rs113692625,0.655
6,109279211,rs12209480,6,109310649,rs7759680,0.549
6,109279211,rs12209480,6,109310719,rs2798647,0.528
6,109279211,rs12209480,6,109310762,rs563018202,0.546
6,109279211,rs12209480,6,109311560,rs6904998,0.548
6,109279211,rs12209480,6,109312239,rs78550764,0.655
6,109279211,rs12209480,6,109312276,rs409261,0.131
6,109279211,rs12209480,6,109312279,rs555995250,0.61
6,109279211,rs12209480,6,109312282,rs112482131,0.61
6,109279211,rs12209480,6,109312498,rs78383792,0.655
6,109279211,rs12209480,6,109312689,rs74582170,0.655
6,109279211,rs12209480,6,109313303,rs12154092,0.655
6,109279211,rs12209480,6,109313629,rs12215614,0.654
6,109279211,rs12209480,6,109313728,rs10872028,0.545
6,109279211,rs12209480,6,109314350,rs11970599,0.544
6,109279211,rs12209480,6,109315115,rs12153822,0.655
6,109279211,rs12209480,6,109315999,rs9486985,0.152
6,109279211,rs12209480,6,109316652,rs11153150,0.655
6,109279211,rs12209480,6,109316754,rs11153151,0.655
6,109279211,rs12209480,6,109317041,rs111802830,0.655
6,109279211,rs12209480,6,109317330,rs12214567,0.655
6,109279211,rs12209480,6,109317388,rs12201102,0.655
6,109279211,rs12209480,6,109317394,rs6918331,0.654
6,109279211,rs12209480,6,109317635,rs12216104,0.655
6,109279211,rs12209480,6,109318279,rs79285264,0.644
6,109279211,rs12209480,6,109318280,rs76732622,0.644
6,109279211,rs12209480,6,109318335,rs111413983,0.655
6,109279211,rs12209480,6,109318516,rs6651002,0.546
6,109279211,rs12209480,6,109318704,rs12198182,0.655
6,109279211,rs12209480,6,109318843,rs12204576,0.655
6,109279211,rs12209480,6,109320441,rs12200531,0.655
6,109279211,rs12209480,6,109321497,rs77002235,0.655
6,109279211,rs12209480,6,109322477,rs10457185,0.655
6,109279211,rs12209480,6,109322554,rs12214121,0.655
6,109279211,rs12209480,6,109322705,chr6_109322705_G_INDEL,0.654
6,109279211,rs12209480,6,109323219,rs397841490,0.654
6,109279211,rs12209480,6,109323519,rs2273668,0.655
6,109279211,rs12209480,6,109324353,rs75675305,0.654
6,109279211,rs12209480,6,109325624,rs75995854,0.651
6,109279211,rs12209480,6,109325962,rs113614274,0.656
6,109279211,rs12209480,6,109326183,rs76267985,0.657
6,109279211,rs12209480,6,109326621,rs7761290,0.654
6,109279211,rs12209480,6,109328432,rs1407241,0.638
6,109279211,rs12209480,6,109328988,rs573341295,0.626
6,109279211,rs12209480,6,109329473,rs12200578,0.639
6,109279211,rs12209480,6,109329641,rs12215344,0.638
6,109279211,rs12209480,6,109329653,rs151285329,0.641
6,109279211,rs12209480,6,109330367,rs12215736,0.64
6,109279211,rs12209480,6,109330417,rs28504359,0.64
6,109279211,rs12209480,6,109330859,rs6908184,0.538
6,109279211,rs12209480,6,109331777,rs6568555,0.638
6,109279211,rs12209480,6,109334162,rs35581740,0.64
6,109279211,rs12209480,6,109334300,rs72131680,0.64
6,109279211,rs12209480,6,109334458,rs11751295,0.638
6,109279211,rs12209480,6,109334971,rs7767882,0.638
6,109279211,rs12209480,6,109335969,rs11752532,0.64
6,109279211,rs12209480,6,109336051,rs10457187,0.638
6,109279211,rs12209480,6,109336617,rs117412830,0.638
6,109279211,rs12209480,6,109338110,rs12205053,0.638
6,109279211,rs12209480,6,109338147,rs12197912,0.639
6,109279211,rs12209480,6,109338161,rs12205061,0.639
6,109279211,rs12209480,6,109338433,rs12198088,0.637
6,109279211,rs12209480,6,109339772,rs34135428,0.64
6,109279211,rs12209480,6,109340291,rs12201821,0.637
6,109279211,rs12209480,6,109341298,rs75671532,0.638
6,109279211,rs12209480,6,109341834,rs7738483,0.534
6,109279211,rs12209480,6,109341841,rs141674146,0.64
6,109279211,rs12209480,6,109342169,rs11755471,0.638
6,109279211,rs12209480,6,109342693,rs80099385,0.64
6,109279211,rs12209480,6,109343252,rs544552358,0.632
6,109279211,rs12209480,6,109343340,rs11153152,0.534
6,109279211,rs12209480,6,109343648,rs7769313,0.64
6,109279211,rs12209480,6,109344975,rs76201299,0.638
6,109279211,rs12209480,6,109345041,rs141852184,0.638
6,109279211,rs12209480,6,109345930,rs12374658,0.638
6,109279211,rs12209480,6,109346184,rs12374597,0.638
6,109279211,rs12209480,6,109347057,rs7765732,0.638
6,109279211,rs12209480,6,109347262,rs7766248,0.638
6,109279211,rs12209480,6,109347731,rs113393759,0.64
6,109279211,rs12209480,6,109347980,rs113948720,0.639
6,109279211,rs12209480,6,109349355,rs35853071,0.639
6,109279211,rs12209480,6,109349359,chr6_109349359_C_INDEL,0.618
6,109279211,rs12209480,6,109350128,rs76430494,0.637
6,109279211,rs12209480,6,109350290,rs79465564,0.638
6,109279211,rs12209480,6,109350351,rs78714994,0.638
6,109279211,rs12209480,6,109350489,rs75263286,0.637
6,109279211,rs12209480,6,109350550,rs17070136,0.638
6,109279211,rs12209480,6,109350616,rs77936298,0.638
6,109279211,rs12209480,6,109351125,rs7759014,0.638
6,109279211,rs12209480,6,109352545,rs75942063,0.638
6,109279211,rs12209480,6,109353216,rs12206423,0.639
6,109279211,rs12209480,6,109353407,rs12206634,0.639
6,109279211,rs12209480,6,109353413,rs12213664,0.639
6,109279211,rs12209480,6,109353429,rs12193075,0.533
6,109279211,rs12209480,6,109353519,rs12206606,0.61
6,109279211,rs12209480,6,109355790,rs1424479,0.638
6,109279211,rs12209480,6,109356104,rs11153153,0.638
6,109279211,rs12209480,6,109356589,rs76367548,0.638
6,109279211,rs12209480,6,109357324,rs11153154,0.638
6,109279211,rs12209480,6,109357701,rs12195836,0.638
6,109279211,rs12209480,6,109357829,rs12202145,0.64
6,109279211,rs12209480,6,109358345,rs17070139,0.638
6,109279211,rs12209480,6,109359117,rs112276698,0.638
6,109279211,rs12209480,6,109359687,rs397887654,0.537
6,109279211,rs12209480,6,109359963,rs11153155,0.638
6,109279211,rs12209480,6,109361186,rs6908999,0.24
6,109279211,rs12209480,6,109361532,rs34921936,0.639
6,109279211,rs12209480,6,109362245,rs112871784,0.638
6,109279211,rs12209480,6,109362749,rs6899723,0.634
6,109279211,rs12209480,6,109363217,rs12215381,0.637
6,109279211,rs12209480,6,109364698,rs9688896,0.64
6,109279211,rs12209480,6,109364825,rs9688496,0.64
6,109279211,rs12209480,6,109365911,rs11153156,0.637
6,109279211,rs12209480,6,109366087,rs11752581,0.639
6,109279211,rs12209480,6,109366494,rs112942730,0.638
6,109279211,rs12209480,6,109366740,rs76249006,0.637
6,109279211,rs12209480,6,109367169,rs2003315,0.637
6,109279211,rs12209480,6,109367255,rs2356575,0.637
6,109279211,rs12209480,6,109369169,rs12213228,0.652
6,109279211,rs12209480,6,109369246,rs12213274,0.647
6,109279211,rs12209480,6,109369307,rs552101435,0.606
6,109279211,rs12209480,6,109369745,rs12208578,0.638
6,109279211,rs12209480,6,109370003,rs11757590,0.64
6,109279211,rs12209480,6,109370006,rs11759732,0.537
6,109279211,rs12209480,6,109371129,rs6916819,0.637
6,109279211,rs12209480,6,109372120,rs6900472,0.637
6,109279211,rs12209480,6,109372366,rs199848413,0.622
6,109279211,rs12209480,6,109372528,rs138225942,0.64
6,109279211,rs12209480,6,109374465,rs78596296,0.405
6,109279211,rs12209480,6,109375972,rs397887181,0.533
6,109279211,rs12209480,6,109376118,rs11153158,0.57
6,109279211,rs12209480,6,109376647,rs11153159,0.576
6,109279211,rs12209480,6,109377033,rs59883302,0.321
6,109279211,rs12209480,6,109388086,rs34421549,0.525
6,109279211,rs12209480,6,109388415,rs58453314,0.319
6,109279211,rs12209480,6,109389508,rs1364450,0.524
6,109279211,rs12209480,6,109394214,rs146487988,0.391
6,109279211,rs12209480,6,109395509,rs113775019,0.32
6,109279211,rs12209480,6,109396926,rs66543278,0.317
6,109279211,rs12209480,6,109398257,rs79374607,0.39
6,109279211,rs12209480,6,109399373,rs729566,0.318
6,109279211,rs12209480,6,109400279,rs17070144,0.308
6,109279211,rs12209480,6,109402278,rs1019587,0.317
6,109279211,rs12209480,6,109403325,rs55885457,0.316
6,109279211,rs12209480,6,109405273,rs66606621,0.317
6,109279211,rs12209480,6,109406223,rs17070147,0.317
6,109279211,rs12209480,6,109406253,rs57841808,0.318
6,109279211,rs12209480,6,109406513,rs56054577,0.318
6,109279211,rs12209480,6,109406718,rs563754954,0.387
6,109279211,rs12209480,6,109407958,rs112954311,0.317
6,109279211,rs12209480,6,109408428,rs1539596,0.384
6,109279211,rs12209480,6,109408549,rs57422962,0.328
6,109279211,rs12209480,6,109409274,rs74421833,0.388
6,109279211,rs12209480,6,109416369,rs75772189,0.386
6,109279211,rs12209480,6,109416586,rs1106853,0.314
6,109279211,rs12209480,6,109418075,rs77373614,0.387
6,109279211,rs12209480,6,109419070,rs10046283,0.058
6,109279211,rs12209480,6,109420225,rs1260658,0.057
6,109279211,rs12209480,6,109426982,rs1073557,0.312
6,109279211,rs12209480,6,109428184,rs17070181,0.383
6,109279211,rs12209480,6,109428467,rs370023257,0.384
6,109279211,rs12209480,6,109432996,rs117298489,0.385
6,109279211,rs12209480,6,109433510,rs146039505,0.383
6,109279211,rs12209480,6,109434847,rs78123955,0.384
6,109279211,rs12209480,6,109436345,rs77107907,0.385
6,109279211,rs12209480,6,109436740,chr6_109436740_C_T,0.225
6,109279211,rs12209480,6,109437287,rs576956856,0.377
6,109279211,rs12209480,6,109439138,rs78885459,0.382
6,109279211,rs12209480,6,109442108,rs572628430,0.383
6,109279211,rs12209480,6,109442110,rs200007691,0.381
6,109279211,rs12209480,6,109442112,rs201574335,0.381
6,109279211,rs12209480,6,109442160,rs67570523,0.312
6,109279211,rs12209480,6,109442440,rs56935458,0.382
6,109279211,rs12209480,6,109442854,rs77608624,0.386
6,109279211,rs12209480,6,109443844,rs7450826,0.386
6,109279211,rs12209480,6,109445587,rs79116221,0.382
6,109279211,rs12209480,6,109446695,rs397888800,0.38
6,109279211,rs12209480,6,109449109,rs9486996,0.058
6,109279211,rs12209480,6,109449690,rs78662936,0.386
6,109279211,rs12209480,6,109450464,rs117426315,0.386
6,109279211,rs12209480,6,109451025,rs373308225,0.384
6,109279211,rs12209480,6,109451600,rs113279173,0.385
6,109279211,rs12209480,6,109456774,rs150979821,0.384
6,109279211,rs12209480,6,109456987,rs200666346,0.385
6,109279211,rs12209480,6,109457358,rs141504476,0.384
6,109279211,rs12209480,6,109457362,rs147037731,0.384
6,109279211,rs12209480,6,109457989,rs112211350,0.384
6,109279211,rs12209480,6,109459287,rs11966104,0.382
6,109279211,rs12209480,6,109461506,rs1547325,0.38
6,109279211,rs12209480,6,109463186,chr6_109463186_A_G,0.491
6,109279211,rs12209480,6,109463989,rs74448917,0.379
6,109279211,rs12209480,6,109464284,rs75307211,0.38
6,109279211,rs12209480,6,109464624,rs78066682,0.38
6,109279211,rs12209480,6,109466396,rs140932283,0.058
6,109279211,rs12209480,6,109468570,rs78242270,0.383
6,109279211,rs12209480,6,109469800,rs145701451,0.382
6,109279211,rs12209480,6,109470779,rs566399950,0.385
6,109279211,rs12209480,6,109471679,rs141329558,0.385
6,109279211,rs12209480,6,109474646,rs76698413,0.382
6,109279211,rs12209480,6,109478385,rs75555274,0.385
6,109279211,rs12209480,6,109480562,rs61743581,0.38
6,109279211,rs12209480,6,109481678,rs57212784,0.382
6,109279211,rs12209480,6,109482270,rs74991574,0.38
6,109279211,rs12209480,6,109482647,rs7767494,0.31
6,109279211,rs12209480,6,109483826,rs1998172,0.311
6,109279211,rs12209480,6,109488532,rs537082327,0.379
6,109279211,rs12209480,6,109488896,rs77043922,0.382
6,109279211,rs12209480,6,109489927,rs4549653,0.383
6,109279211,rs12209480,6,109492070,rs60148261,0.382
6,109279211,rs12209480,6,109492072,chr6_109492072_C_INDEL,0.377
6,109279211,rs12209480,6,109492303,rs151027819,0.382
6,109279211,rs12209480,6,109492305,chr6_109492305_G_INDEL,0.378
6,109279211,rs12209480,6,109492314,rs57172936,0.382
6,109279211,rs12209480,6,109492606,rs368577330,0.383
6,109279211,rs12209480,6,109492740,rs11970018,0.379
6,109279211,rs12209480,6,109492837,rs58362207,0.38
6,109279211,rs12209480,6,109493379,rs555080844,0.381
6,109279211,rs12209480,6,109493812,rs76268442,0.379
6,109279211,rs12209480,6,109494473,rs79971938,0.38
6,109279211,rs12209480,6,109494689,rs76110214,0.381
6,109279211,rs12209480,6,109494833,rs74934949,0.381
6,109279211,rs12209480,6,109494951,rs76328768,0.38
6,109279211,rs12209480,6,109495028,rs112774011,0.38
6,109279211,rs12209480,6,109495072,rs112373754,0.381
6,109279211,rs12209480,6,109495137,rs113721386,0.377
6,109279211,rs12209480,6,109495218,rs111763754,0.381
6,109279211,rs12209480,6,109495333,rs79564261,0.38
6,109279211,rs12209480,6,109495729,rs7771058,0.31
6,109279211,rs12209480,6,109495761,rs78500387,0.379
6,109279211,rs12209480,6,109496081,rs11962337,0.381
6,109279211,rs12209480,6,109496192,rs11962354,0.38
6,109279211,rs12209480,6,109497085,rs3813499,0.38
6,109279211,rs12209480,6,109497475,rs11963145,0.379
6,109279211,rs12209480,6,109497671,rs11963631,0.382
6,109279211,rs12209480,6,109498294,rs58411385,0.38
6,109279211,rs12209480,6,109498878,rs182360452,0.361
6,109279211,rs12209480,6,109499130,rs75423558,0.379
6,109279211,rs12209480,6,109499259,rs79498470,0.385
6,109279211,rs12209480,6,109499953,rs9791265,0.103
6,109279211,rs12209480,6,109500192,rs59358669,0.392
6,109279211,rs12209480,6,109500213,rs351741,0.104
6,109279211,rs12209480,6,109500805,chr6_109500805_C_G,0.104
6,109279211,rs12209480,6,109500954,rs58215756,0.106
6,109285189,rs2273669,6,109202532,chr6_109202532_C_T,0.059
6,109285189,rs2273669,6,109244792,chr6_109244792_A_T,0.098
6,109285189,rs2273669,6,109258336,rs2768557,0.08
6,109285189,rs2273669,6,109273698,rs2768549,0.097
6,109285189,rs2273669,6,109273909,chr6_109273909_A_G,0.077
6,109285189,rs2273669,6,109275038,rs2806357,0.098
6,109285189,rs2273669,6,109277908,rs12193858,0.808
6,109285189,rs2273669,6,109278425,rs58161620,0.812
6,109285189,rs2273669,6,109278873,rs12195728,0.805
6,109285189,rs2273669,6,109279105,rs12195848,0.806
6,109285189,rs2273669,6,109279211,rs12209480,0.55
6,109285189,rs2273669,6,109279381,rs11153139,0.809
6,109285189,rs2273669,6,109280932,rs114481082,0.819
6,109285189,rs2273669,6,109280933,rs115643887,0.819
6,109285189,rs2273669,6,109281411,rs6651000,0.826
6,109285189,rs2273669,6,109281413,6:109281413:CG:GG,0.183
6,109285189,rs2273669,6,109284223,rs12195372,0.832
6,109285189,rs2273669,6,109284255,rs12195378,0.83
6,109285189,rs2273669,6,109285189,rs2273669,1
6,109285189,rs2273669,6,109287026,rs12194690,0.074
6,109285189,rs2273669,6,109287209,rs6941125,0.994
6,109285189,rs2273669,6,109287459,rs11754955,0.83
6,109285189,rs2273669,6,109288036,rs76094073,0.825
6,109285189,rs2273669,6,109289203,rs12191613,0.989
6,109285189,rs2273669,6,109289540,rs10872027,0.989
6,109285189,rs2273669,6,109289881,rs6935782,0.987
6,109285189,rs2273669,6,109290319,rs6568554,0.987
6,109285189,rs2273669,6,109290357,chr6_109290357_A_G,0.124
6,109285189,rs2273669,6,109290606,rs138986180,0.987
6,109285189,rs2273669,6,109291782,rs12194006,0.988
6,109285189,rs2273669,6,109291824,rs12213775,0.988
6,109285189,rs2273669,6,109292058,rs67708237,0.987
6,109285189,rs2273669,6,109292133,rs7753554,0.988
6,109285189,rs2273669,6,109292736,rs1887414,0.987
6,109285189,rs2273669,6,109292806,rs4992384,0.987
6,109285189,rs2273669,6,109292816,rs4992383,0.987
6,109285189,rs2273669,6,109292826,rs4992382,0.987
6,109285189,rs2273669,6,109293898,rs6907937,0.988
6,109285189,rs2273669,6,109293927,rs6927930,0.13
6,109285189,rs2273669,6,109293973,rs6908104,0.988
6,109285189,rs2273669,6,109294164,rs6928200,0.988
6,109285189,rs2273669,6,109294322,rs6929070,0.987
6,109285189,rs2273669,6,109294336,rs6908714,0.988
6,109285189,rs2273669,6,109294752,rs3734649,0.824
6,109285189,rs2273669,6,109295017,rs3734650,0.987
6,109285189,rs2273669,6,109295040,rs3734651,0.988
6,109285189,rs2273669,6,109295120,chr6_109295120_A_G,0.287
6,109285189,rs2273669,6,109295293,rs2038542,0.988
6,109285189,rs2273669,6,109296185,rs2145767,0.825
6,109285189,rs2273669,6,109296261,rs2145766,0.988
6,109285189,rs2273669,6,109296362,rs2145765,0.825
6,109285189,rs2273669,6,109296586,rs141683383,0.826
6,109285189,rs2273669,6,109296736,rs10457184,0.825
6,109285189,rs2273669,6,109297516,rs12196819,0.825
6,109285189,rs2273669,6,109297568,rs146787684,0.13
6,109285189,rs2273669,6,109297676,rs12198152,0.989
6,109285189,rs2273669,6,109297857,rs11153140,0.987
6,109285189,rs2273669,6,109298135,rs112483590,0.825
6,109285189,rs2273669,6,109298413,rs140202025,0.987
6,109285189,rs2273669,6,109298654,rs113130272,0.988
6,109285189,rs2273669,6,109299089,rs10456862,0.825
6,109285189,rs2273669,6,109299092,rs10456863,0.825
6,109285189,rs2273669,6,109299507,rs10456864,0.825
6,109285189,rs2273669,6,109300025,rs375168964,0.776
6,109285189,rs2273669,6,109300554,rs12202463,0.824
6,109285189,rs2273669,6,109300564,rs11153142,0.824
6,109285189,rs2273669,6,109300577,rs12207202,0.824
6,109285189,rs2273669,6,109300607,rs12200902,0.823
6,109285189,rs2273669,6,109300661,rs11153143,0.805
6,109285189,rs2273669,6,109300709,rs11153144,0.825
6,109285189,rs2273669,6,109300799,rs11153145,0.825
6,109285189,rs2273669,6,109300826,rs11153146,0.825
6,109285189,rs2273669,6,109301091,rs11757168,0.825
6,109285189,rs2273669,6,109301664,rs111523655,0.825
6,109285189,rs2273669,6,109302173,rs12196010,0.825
6,109285189,rs2273669,6,109302258,rs12196024,0.825
6,109285189,rs2273669,6,109302372,rs12196143,0.825
6,109285189,rs2273669,6,109302649,chr6_109302649_C_T,0.123
6,109285189,rs2273669,6,109302861,rs368740664,0.824
6,109285189,rs2273669,6,109302894,rs116189763,0.825
6,109285189,rs2273669,6,109303726,rs111303770,0.825
6,109285189,rs2273669,6,109303967,rs12206834,0.825
6,109285189,rs2273669,6,109304058,rs11153147,0.821
6,109285189,rs2273669,6,109304084,rs11153148,0.821
6,109285189,rs2273669,6,109304272,rs11153149,0.825
6,109285189,rs2273669,6,109304694,rs1080945,0.99
6,109285189,rs2273669,6,109305299,rs78276890,0.825
6,109285189,rs2273669,6,109305318,rs112319185,0.825
6,109285189,rs2273669,6,109305456,rs76747161,0.825
6,109285189,rs2273669,6,109305743,rs12210444,0.824
6,109285189,rs2273669,6,109306480,rs111773102,0.824
6,109285189,rs2273669,6,109306489,rs114414265,0.824
6,109285189,rs2273669,6,109306493,rs111353760,0.824
6,109285189,rs2273669,6,109306494,rs71641614,0.825
6,109285189,rs2273669,6,109306681,rs12212402,0.825
6,109285189,rs2273669,6,109306963,rs2145763,0.824
6,109285189,rs2273669,6,109307281,rs5879006,0.825
6,109285189,rs2273669,6,109307710,rs16822,0.825
6,109285189,rs2273669,6,109308952,rs4509156,0.825
6,109285189,rs2273669,6,109309150,rs4527738,0.825
6,109285189,rs2273669,6,109309287,rs4470881,0.988
6,109285189,rs2273669,6,109310268,rs113477421,0.824
6,109285189,rs2273669,6,109310596,rs2798646,0.821
6,109285189,rs2273669,6,109310627,rs113692625,0.824
6,109285189,rs2273669,6,109310649,rs7759680,0.987
6,109285189,rs2273669,6,109310719,rs2798647,0.954
6,109285189,rs2273669,6,109310762,rs563018202,0.987
6,109285189,rs2273669,6,109311560,rs6904998,0.989
6,109285189,rs2273669,6,109312239,rs78550764,0.824
6,109285189,rs2273669,6,109312276,rs409261,0.26
6,109285189,rs2273669,6,109312279,rs555995250,0.802
6,109285189,rs2273669,6,109312282,rs112482131,0.802
6,109285189,rs2273669,6,109312498,rs78383792,0.825
6,109285189,rs2273669,6,109312689,rs74582170,0.825
6,109285189,rs2273669,6,109313303,rs12154092,0.824
6,109285189,rs2273669,6,109313629,rs12215614,0.825
6,109285189,rs2273669,6,109313728,rs10872028,0.986
6,109285189,rs2273669,6,109314350,rs11970599,0.985
6,109285189,rs2273669,6,109315115,rs12153822,0.825
6,109285189,rs2273669,6,109315956,rs113277194,0.129
6,109285189,rs2273669,6,109315999,rs9486985,0.28
6,109285189,rs2273669,6,109316652,rs11153150,0.825
6,109285189,rs2273669,6,109316754,rs11153151,0.825
6,109285189,rs2273669,6,109317041,rs111802830,0.824
6,109285189,rs2273669,6,109317330,rs12214567,0.824
6,109285189,rs2273669,6,109317388,rs12201102,0.825
6,109285189,rs2273669,6,109317394,rs6918331,0.825
6,109285189,rs2273669,6,109317635,rs12216104,0.825
6,109285189,rs2273669,6,109318279,rs79285264,0.819
6,109285189,rs2273669,6,109318280,rs76732622,0.819
6,109285189,rs2273669,6,109318335,rs111413983,0.825
6,109285189,rs2273669,6,109318516,rs6651002,0.987
6,109285189,rs2273669,6,109318704,rs12198182,0.825
6,109285189,rs2273669,6,109318843,rs12204576,0.825
6,109285189,rs2273669,6,109320441,rs12200531,0.825
6,109285189,rs2273669,6,109321058,rs68061618,0.126
6,109285189,rs2273669,6,109321497,rs77002235,0.825
6,109285189,rs2273669,6,109321581,chr6_109321582_A_INDEL,0.123
6,109285189,rs2273669,6,109322366,chr6_109322366_C_G,0.125
6,109285189,rs2273669,6,109322477,rs10457185,0.824
6,109285189,rs2273669,6,109322554,rs12214121,0.825
6,109285189,rs2273669,6,109322705,chr6_109322705_G_INDEL,0.824
6,109285189,rs2273669,6,109323219,rs397841490,0.825
6,109285189,rs2273669,6,109323519,rs2273668,0.825
6,109285189,rs2273669,6,109324353,rs75675305,0.825
6,109285189,rs2273669,6,109325624,rs75995854,0.82
6,109285189,rs2273669,6,109325885,rs111345199,0.123
6,109285189,rs2273669,6,109325962,rs113614274,0.827
6,109285189,rs2273669,6,109326183,rs76267985,0.827
6,109285189,rs2273669,6,109326621,rs7761290,0.824
6,109285189,rs2273669,6,109328432,rs1407241,0.803
6,109285189,rs2273669,6,109328988,rs573341295,0.847
6,109285189,rs2273669,6,109329473,rs12200578,0.804
6,109285189,rs2273669,6,109329641,rs12215344,0.804
6,109285189,rs2273669,6,109329653,rs151285329,0.806
6,109285189,rs2273669,6,109330367,rs12215736,0.806
6,109285189,rs2273669,6,109330417,rs28504359,0.806
6,109285189,rs2273669,6,109330859,rs6908184,0.968
6,109285189,rs2273669,6,109331509,rs67804469,0.126
6,109285189,rs2273669,6,109331777,rs6568555,0.804
6,109285189,rs2273669,6,109333826,rs67869141,0.123
6,109285189,rs2273669,6,109334162,rs35581740,0.805
6,109285189,rs2273669,6,109334300,rs72131680,0.807
6,109285189,rs2273669,6,109334458,rs11751295,0.804
6,109285189,rs2273669,6,109334971,rs7767882,0.804
6,109285189,rs2273669,6,109335969,rs11752532,0.806
6,109285189,rs2273669,6,109336051,rs10457187,0.803
6,109285189,rs2273669,6,109336617,rs117412830,0.804
6,109285189,rs2273669,6,109338110,rs12205053,0.803
6,109285189,rs2273669,6,109338147,rs12197912,0.805
6,109285189,rs2273669,6,109338161,rs12205061,0.805
6,109285189,rs2273669,6,109338433,rs12198088,0.802
6,109285189,rs2273669,6,109339772,rs34135428,0.806
6,109285189,rs2273669,6,109340291,rs12201821,0.803
6,109285189,rs2273669,6,109340558,rs7757845,0.124
6,109285189,rs2273669,6,109341298,rs75671532,0.804
6,109285189,rs2273669,6,109341834,rs7738483,0.965
6,109285189,rs2273669,6,109341841,rs141674146,0.805
6,109285189,rs2273669,6,109342169,rs11755471,0.804
6,109285189,rs2273669,6,109342693,rs80099385,0.805
6,109285189,rs2273669,6,109343252,rs544552358,0.802
6,109285189,rs2273669,6,109343340,rs11153152,0.965
6,109285189,rs2273669,6,109343648,rs7769313,0.806
6,109285189,rs2273669,6,109344975,rs76201299,0.803
6,109285189,rs2273669,6,109345041,rs141852184,0.804
6,109285189,rs2273669,6,109345930,rs12374658,0.804
6,109285189,rs2273669,6,109346184,rs12374597,0.804
6,109285189,rs2273669,6,109347057,rs7765732,0.803
6,109285189,rs2273669,6,109347262,rs7766248,0.803
6,109285189,rs2273669,6,109347731,rs113393759,0.805
6,109285189,rs2273669,6,109347980,rs113948720,0.805
6,109285189,rs2273669,6,109349355,rs35853071,0.805
6,109285189,rs2273669,6,109349359,chr6_109349359_C_INDEL,0.778
6,109285189,rs2273669,6,109350128,rs76430494,0.803
6,109285189,rs2273669,6,109350290,rs79465564,0.803
6,109285189,rs2273669,6,109350351,rs78714994,0.803
6,109285189,rs2273669,6,109350489,rs75263286,0.802
6,109285189,rs2273669,6,109350550,rs17070136,0.803
6,109285189,rs2273669,6,109350616,rs77936298,0.804
6,109285189,rs2273669,6,109351125,rs7759014,0.803
6,109285189,rs2273669,6,109352545,rs75942063,0.803
6,109285189,rs2273669,6,109353216,rs12206423,0.805
6,109285189,rs2273669,6,109353407,rs12206634,0.804
6,109285189,rs2273669,6,109353413,rs12213664,0.805
6,109285189,rs2273669,6,109353429,rs12193075,0.966
6,109285189,rs2273669,6,109353519,rs12206606,0.761
6,109285189,rs2273669,6,109354860,chr6_109354860_G_T,0.122
6,109285189,rs2273669,6,109355361,chr6_109355361_C_T,0.124
6,109285189,rs2273669,6,109355790,rs1424479,0.803
6,109285189,rs2273669,6,109355886,chr6_109355886_A_G,0.124
6,109285189,rs2273669,6,109356011,chr6_109356011_C_G,0.122
6,109285189,rs2273669,6,109356104,rs11153153,0.803
6,109285189,rs2273669,6,109356589,rs76367548,0.803
6,109285189,rs2273669,6,109357324,rs11153154,0.804
6,109285189,rs2273669,6,109357701,rs12195836,0.803
6,109285189,rs2273669,6,109357829,rs12202145,0.806
6,109285189,rs2273669,6,109358345,rs17070139,0.803
6,109285189,rs2273669,6,109359117,rs112276698,0.803
6,109285189,rs2273669,6,109359687,rs397887654,0.966
6,109285189,rs2273669,6,109359963,rs11153155,0.803
6,109285189,rs2273669,6,109361186,rs6908999,0.14
6,109285189,rs2273669,6,109361532,rs34921936,0.805
6,109285189,rs2273669,6,109362245,rs112871784,0.805
6,109285189,rs2273669,6,109362727,rs147583431,0.053
6,109285189,rs2273669,6,109362749,rs6899723,0.799
6,109285189,rs2273669,6,109363217,rs12215381,0.803
6,109285189,rs2273669,6,109364698,rs9688896,0.805
6,109285189,rs2273669,6,109364825,rs9688496,0.805
6,109285189,rs2273669,6,109365911,rs11153156,0.803
6,109285189,rs2273669,6,109366087,rs11752581,0.804
6,109285189,rs2273669,6,109366494,rs112942730,0.803
6,109285189,rs2273669,6,109366740,rs76249006,0.803
6,109285189,rs2273669,6,109366831,rs66502861,0.123
6,109285189,rs2273669,6,109367169,rs2003315,0.802
6,109285189,rs2273669,6,109367255,rs2356575,0.803
6,109285189,rs2273669,6,109367360,rs111437091,0.127
6,109285189,rs2273669,6,109369169,rs12213228,0.79
6,109285189,rs2273669,6,109369246,rs12213274,0.804
6,109285189,rs2273669,6,109369307,rs552101435,0.759
6,109285189,rs2273669,6,109369745,rs12208578,0.803
6,109285189,rs2273669,6,109370003,rs11757590,0.806
6,109285189,rs2273669,6,109370006,rs11759732,0.968
6,109285189,rs2273669,6,109371129,rs6916819,0.802
6,109285189,rs2273669,6,109372120,rs6900472,0.801
6,109285189,rs2273669,6,109372366,rs199848413,0.786
6,109285189,rs2273669,6,109372528,rs138225942,0.806
6,109285189,rs2273669,6,109374465,rs78596296,0.639
6,109285189,rs2273669,6,109375287,rs67568078,0.124
6,109285189,rs2273669,6,109375972,rs397887181,0.963
6,109285189,rs2273669,6,109376118,rs11153158,0.755
6,109285189,rs2273669,6,109376647,rs11153159,0.759
6,109285189,rs2273669,6,109377033,rs59883302,0.79
6,109285189,rs2273669,6,109378609,rs72937043,0.052
6,109285189,rs2273669,6,109383400,chr6_109383400_C_T,0.12
6,109285189,rs2273669,6,109385279,chr6_109385279_C_T,0.16
6,109285189,rs2273669,6,109386157,rs60027254,0.055
6,109285189,rs2273669,6,109386309,rs57240677,0.055
6,109285189,rs2273669,6,109386459,rs60833946,0.127
6,109285189,rs2273669,6,109388086,rs34421549,0.952
6,109285189,rs2273669,6,109388415,rs58453314,0.782
6,109285189,rs2273669,6,109389508,rs1364450,0.949
6,109285189,rs2273669,6,109390770,rs72937055,0.051
6,109285189,rs2273669,6,109392991,rs17070142,0.109
6,109285189,rs2273669,6,109394214,rs146487988,0.646
6,109285189,rs2273669,6,109395509,rs113775019,0.784
6,109285189,rs2273669,6,109396343,chr6_109396343_A_G,0.11
6,109285189,rs2273669,6,109396926,rs66543278,0.776
6,109285189,rs2273669,6,109398257,rs79374607,0.645
6,109285189,rs2273669,6,109399373,rs729566,0.78
6,109285189,rs2273669,6,109400279,rs17070144,0.759
6,109285189,rs2273669,6,109402278,rs1019587,0.779
6,109285189,rs2273669,6,109403325,rs55885457,0.777
6,109285189,rs2273669,6,109405273,rs66606621,0.776
6,109285189,rs2273669,6,109406223,rs17070147,0.773
6,109285189,rs2273669,6,109406253,rs57841808,0.774
6,109285189,rs2273669,6,109406513,rs56054577,0.776
6,109285189,rs2273669,6,109406718,rs563754954,0.635
6,109285189,rs2273669,6,109407958,rs112954311,0.776
6,109285189,rs2273669,6,109408428,rs1539596,0.632
6,109285189,rs2273669,6,109408549,rs57422962,0.755
6,109285189,rs2273669,6,109409274,rs74421833,0.637
6,109285189,rs2273669,6,109410459,rs6906547,0.114
6,109285189,rs2273669,6,109416369,rs75772189,0.635
6,109285189,rs2273669,6,109416586,rs1106853,0.768
6,109285189,rs2273669,6,109418075,rs77373614,0.636
6,109285189,rs2273669,6,109419070,rs10046283,0.171
6,109285189,rs2273669,6,109420225,rs1260658,0.177
6,109285189,rs2273669,6,109426982,rs1073557,0.771
6,109285189,rs2273669,6,109427852,rs6907197,0.114
6,109285189,rs2273669,6,109428184,rs17070181,0.637
6,109285189,rs2273669,6,109428467,rs370023257,0.63
6,109285189,rs2273669,6,109431975,rs143674717,0.115
6,109285189,rs2273669,6,109432996,rs117298489,0.636
6,109285189,rs2273669,6,109433510,rs146039505,0.637
6,109285189,rs2273669,6,109434847,rs78123955,0.637
6,109285189,rs2273669,6,109436345,rs77107907,0.636
6,109285189,rs2273669,6,109436740,chr6_109436740_C_T,0.127
6,109285189,rs2273669,6,109437287,rs576956856,0.629
6,109285189,rs2273669,6,109438217,rs67549086,0.115
6,109285189,rs2273669,6,109439138,rs78885459,0.636
6,109285189,rs2273669,6,109442108,rs572628430,0.637
6,109285189,rs2273669,6,109442110,rs200007691,0.633
6,109285189,rs2273669,6,109442112,rs201574335,0.633
6,109285189,rs2273669,6,109442160,rs67570523,0.769
6,109285189,rs2273669,6,109442440,rs56935458,0.635
6,109285189,rs2273669,6,109442854,rs77608624,0.637
6,109285189,rs2273669,6,109443844,rs7450826,0.637
6,109285189,rs2273669,6,109445587,rs79116221,0.635
6,109285189,rs2273669,6,109446695,rs397888800,0.639
6,109285189,rs2273669,6,109449109,rs9486996,0.177
6,109285189,rs2273669,6,109449690,rs78662936,0.637
6,109285189,rs2273669,6,109450464,rs117426315,0.637
6,109285189,rs2273669,6,109451025,rs373308225,0.636
6,109285189,rs2273669,6,109451600,rs113279173,0.637
6,109285189,rs2273669,6,109455366,rs149424314,0.054
6,109285189,rs2273669,6,109456774,rs150979821,0.636
6,109285189,rs2273669,6,109456987,rs200666346,0.637
6,109285189,rs2273669,6,109457358,rs141504476,0.636
6,109285189,rs2273669,6,109457362,rs147037731,0.636
6,109285189,rs2273669,6,109457989,rs112211350,0.637
6,109285189,rs2273669,6,109459287,rs11966104,0.635
6,109285189,rs2273669,6,109461506,rs1547325,0.633
6,109285189,rs2273669,6,109463186,chr6_109463186_A_G,0.281
6,109285189,rs2273669,6,109463989,rs74448917,0.632
6,109285189,rs2273669,6,109464284,rs75307211,0.633
6,109285189,rs2273669,6,109464624,rs78066682,0.633
6,109285189,rs2273669,6,109466396,rs140932283,0.178
6,109285189,rs2273669,6,109468570,rs78242270,0.635
6,109285189,rs2273669,6,109469800,rs145701451,0.635
6,109285189,rs2273669,6,109470779,rs566399950,0.636
6,109285189,rs2273669,6,109471679,rs141329558,0.636
6,109285189,rs2273669,6,109474646,rs76698413,0.635
6,109285189,rs2273669,6,109478385,rs75555274,0.636
6,109285189,rs2273669,6,109480562,rs61743581,0.632
6,109285189,rs2273669,6,109481678,rs57212784,0.634
6,109285189,rs2273669,6,109482270,rs74991574,0.632
6,109285189,rs2273669,6,109482647,rs7767494,0.767
6,109285189,rs2273669,6,109483826,rs1998172,0.766
6,109285189,rs2273669,6,109488532,rs537082327,0.631
6,109285189,rs2273669,6,109488896,rs77043922,0.634
6,109285189,rs2273669,6,109489927,rs4549653,0.635
6,109285189,rs2273669,6,109492070,rs60148261,0.635
6,109285189,rs2273669,6,109492072,chr6_109492072_C_INDEL,0.628
6,109285189,rs2273669,6,109492303,rs151027819,0.635
6,109285189,rs2273669,6,109492305,chr6_109492305_G_INDEL,0.629
6,109285189,rs2273669,6,109492314,rs57172936,0.635
6,109285189,rs2273669,6,109492606,rs368577330,0.636
6,109285189,rs2273669,6,109492740,rs11970018,0.631
6,109285189,rs2273669,6,109492837,rs58362207,0.632
6,109285189,rs2273669,6,109493379,rs555080844,0.634
6,109285189,rs2273669,6,109493812,rs76268442,0.632
6,109285189,rs2273669,6,109494473,rs79971938,0.632
6,109285189,rs2273669,6,109494689,rs76110214,0.634
6,109285189,rs2273669,6,109494833,rs74934949,0.634
6,109285189,rs2273669,6,109494951,rs76328768,0.632
6,109285189,rs2273669,6,109495028,rs112774011,0.632
6,109285189,rs2273669,6,109495072,rs112373754,0.635
6,109285189,rs2273669,6,109495137,rs113721386,0.625
6,109285189,rs2273669,6,109495218,rs111763754,0.634
6,109285189,rs2273669,6,109495333,rs79564261,0.632
6,109285189,rs2273669,6,109495729,rs7771058,0.766
6,109285189,rs2273669,6,109495761,rs78500387,0.632
6,109285189,rs2273669,6,109496081,rs11962337,0.634
6,109285189,rs2273669,6,109496192,rs11962354,0.632
6,109285189,rs2273669,6,109497085,rs3813499,0.632
6,109285189,rs2273669,6,109497475,rs11963145,0.631
6,109285189,rs2273669,6,109497671,rs11963631,0.635
6,109285189,rs2273669,6,109498294,rs58411385,0.632
6,109285189,rs2273669,6,109498878,rs182360452,0.601
6,109285189,rs2273669,6,109499130,rs75423558,0.632
6,109285189,rs2273669,6,109499259,rs79498470,0.637
6,109285189,rs2273669,6,109499953,rs9791265,0.15
6,109285189,rs2273669,6,109500192,rs59358669,0.612
6,109285189,rs2273669,6,109500213,rs351741,0.157
6,109285189,rs2273669,6,109500805,chr6_109500805_C_G,0.152
6,109285189,rs2273669,6,109500954,rs58215756,0.155
6,109285189,rs2273669,6,109572299,rs4946949,0.051
6,109285189,rs2273669,6,109572411,rs3941888,0.053
6,109285189,rs2273669,6,109574095,rs884366,0.053
6,109285189,rs2273669,6,109575070,rs4945826,0.053
6,109285189,rs2273669,6,109583631,rs4946953,0.051
6,109285189,rs2273669,6,109596309,rs11153164,0.053
6,109285189,rs2273669,6,109625550,rs1006081,0.051
6,109285189,rs2273669,6,109631315,rs6903519,0.051
6,109285189,rs2273669,6,109638828,rs4945829,0.051
6,109285189,rs2273669,6,109639656,rs4946954,0.051
6,109285189,rs2273669,6,109639710,rs4946955,0.05
6,109285189,rs2273669,6,109639876,rs9400274,0.051
6,109285189,rs2273669,6,109639971,rs9386798,0.051
6,109285189,rs2273669,6,109640321,rs11759230,0.051
6,109285189,rs2273669,6,109640488,rs11759269,0.051
6,109285189,rs2273669,6,109640667,rs57749539,0.051
6,109285189,rs2273669,6,109640690,rs60248809,0.051
6,109285189,rs2273669,6,109640864,rs77243579,0.052
6,109285189,rs2273669,6,109640865,rs75169065,0.052
6,109285189,rs2273669,6,109640878,rs57695104,0.052
6,109285189,rs2273669,6,109640901,rs77795767,0.053
6,109285189,rs2273669,6,109641115,rs4946956,0.05
6,109285189,rs2273669,6,109641411,rs4946957,0.05
6,109285189,rs2273669,6,109641563,rs4946959,0.051
6,109285189,rs2273669,6,109641581,rs10622260,0.051
6,109285189,rs2273669,6,109641677,rs4946960,0.051
6,109285189,rs2273669,6,109642957,rs9374083,0.051
6,109285189,rs2273669,6,109643521,rs11153169,0.051
6,109285189,rs2273669,6,109644125,rs77497373,0.051
6,109285189,rs2273669,6,109646840,rs4946962,0.051
6,109285189,rs2273669,6,109648353,rs12191774,0.052
6,109302861,rs368740664,6,109202532,chr6_109202532_C_T,0.073
6,109302861,rs368740664,6,109244792,chr6_109244792_A_T,0.119
6,109302861,rs368740664,6,109273698,rs2768549,0.055
6,109302861,rs368740664,6,109273909,chr6_109273909_A_G,0.092
6,109302861,rs368740664,6,109275038,rs2806357,0.056
6,109302861,rs368740664,6,109277908,rs12193858,0.964
6,109302861,rs368740664,6,109278425,rs58161620,0.974
6,109302861,rs368740664,6,109278873,rs12195728,0.957
6,109302861,rs368740664,6,109279105,rs12195848,0.959
6,109302861,rs368740664,6,109279211,rs12209480,0.655
6,109302861,rs368740664,6,109279381,rs11153139,0.963
6,109302861,rs368740664,6,109280932,rs114481082,0.977
6,109302861,rs368740664,6,109280933,rs115643887,0.977
6,109302861,rs368740664,6,109281411,rs6651000,0.984
6,109302861,rs368740664,6,109281413,6:109281413:CG:GG,0.25
6,109302861,rs368740664,6,109284223,rs12195372,0.989
6,109302861,rs368740664,6,109284255,rs12195378,0.994
6,109302861,rs368740664,6,109285189,rs2273669,0.824
6,109302861,rs368740664,6,109287026,rs12194690,0.061
6,109302861,rs368740664,6,109287209,rs6941125,0.825
6,109302861,rs368740664,6,109287459,rs11754955,0.99
6,109302861,rs368740664,6,109288036,rs76094073,0.991
6,109302861,rs368740664,6,109289203,rs12191613,0.824
6,109302861,rs368740664,6,109289540,rs10872027,0.824
6,109302861,rs368740664,6,109289881,rs6935782,0.828
6,109302861,rs368740664,6,109290319,rs6568554,0.829
6,109302861,rs368740664,6,109290606,rs138986180,0.825
6,109302861,rs368740664,6,109291782,rs12194006,0.829
6,109302861,rs368740664,6,109291824,rs12213775,0.829
6,109302861,rs368740664,6,109292058,rs67708237,0.829
6,109302861,rs368740664,6,109292133,rs7753554,0.826
6,109302861,rs368740664,6,109292736,rs1887414,0.826
6,109302861,rs368740664,6,109292806,rs4992384,0.826
6,109302861,rs368740664,6,109292816,rs4992383,0.826
6,109302861,rs368740664,6,109292826,rs4992382,0.829
6,109302861,rs368740664,6,109293898,rs6907937,0.829
6,109302861,rs368740664,6,109293973,rs6908104,0.829
6,109302861,rs368740664,6,109294164,rs6928200,0.83
6,109302861,rs368740664,6,109294322,rs6929070,0.831
6,109302861,rs368740664,6,109294336,rs6908714,0.83
6,109302861,rs368740664,6,109294752,rs3734649,0.995
6,109302861,rs368740664,6,109295017,rs3734650,0.827
6,109302861,rs368740664,6,109295040,rs3734651,0.826
6,109302861,rs368740664,6,109295120,chr6_109295120_A_G,0.352
6,109302861,rs368740664,6,109295293,rs2038542,0.827
6,109302861,rs368740664,6,109296185,rs2145767,0.999
6,109302861,rs368740664,6,109296261,rs2145766,0.833
6,109302861,rs368740664,6,109296362,rs2145765,0.999
6,109302861,rs368740664,6,109296586,rs141683383,0.998
6,109302861,rs368740664,6,109296736,rs10457184,0.999
6,109302861,rs368740664,6,109297516,rs12196819,0.998
6,109302861,rs368740664,6,109297676,rs12198152,0.833
6,109302861,rs368740664,6,109297857,rs11153140,0.836
6,109302861,rs368740664,6,109298135,rs112483590,0.999
6,109302861,rs368740664,6,109298413,rs140202025,0.833
6,109302861,rs368740664,6,109298654,rs113130272,0.83
6,109302861,rs368740664,6,109299089,rs10456862,0.998
6,109302861,rs368740664,6,109299092,rs10456863,0.998
6,109302861,rs368740664,6,109299507,rs10456864,0.999
6,109302861,rs368740664,6,109300025,rs375168964,0.945
6,109302861,rs368740664,6,109300554,rs12202463,0.997
6,109302861,rs368740664,6,109300564,rs11153142,0.997
6,109302861,rs368740664,6,109300577,rs12207202,0.997
6,109302861,rs368740664,6,109300607,rs12200902,0.998
6,109302861,rs368740664,6,109300661,rs11153143,0.977
6,109302861,rs368740664,6,109300709,rs11153144,0.999
6,109302861,rs368740664,6,109300799,rs11153145,0.999
6,109302861,rs368740664,6,109300826,rs11153146,0.999
6,109302861,rs368740664,6,109301091,rs11757168,0.999
6,109302861,rs368740664,6,109301664,rs111523655,0.999
6,109302861,rs368740664,6,109302173,rs12196010,0.997
6,109302861,rs368740664,6,109302258,rs12196024,0.996
6,109302861,rs368740664,6,109302372,rs12196143,0.999
6,109302861,rs368740664,6,109302861,rs368740664,1
6,109302861,rs368740664,6,109302894,rs116189763,0.999
6,109302861,rs368740664,6,109303726,rs111303770,0.999
6,109302861,rs368740664,6,109303967,rs12206834,0.997
6,109302861,rs368740664,6,109304058,rs11153147,0.995
6,109302861,rs368740664,6,109304084,rs11153148,0.995
6,109302861,rs368740664,6,109304272,rs11153149,0.999
6,109302861,rs368740664,6,109304694,rs1080945,0.83
6,109302861,rs368740664,6,109305299,rs78276890,0.999
6,109302861,rs368740664,6,109305318,rs112319185,0.999
6,109302861,rs368740664,6,109305456,rs76747161,0.999
6,109302861,rs368740664,6,109305743,rs12210444,0.997
6,109302861,rs368740664,6,109306480,rs111773102,0.997
6,109302861,rs368740664,6,109306489,rs114414265,0.998
6,109302861,rs368740664,6,109306493,rs111353760,0.998
6,109302861,rs368740664,6,109306494,rs71641614,0.999
6,109302861,rs368740664,6,109306681,rs12212402,0.998
6,109302861,rs368740664,6,109306963,rs2145763,0.998
6,109302861,rs368740664,6,109307281,rs5879006,0.998
6,109302861,rs368740664,6,109307710,rs16822,0.997
6,109302861,rs368740664,6,109308952,rs4509156,0.997
6,109302861,rs368740664,6,109309150,rs4527738,0.999
6,109302861,rs368740664,6,109309287,rs4470881,0.827
6,109302861,rs368740664,6,109310268,rs113477421,0.999
6,109302861,rs368740664,6,109310596,rs2798646,0.995
6,109302861,rs368740664,6,109310627,rs113692625,0.999
6,109302861,rs368740664,6,109310649,rs7759680,0.834
6,109302861,rs368740664,6,109310719,rs2798647,0.804
6,109302861,rs368740664,6,109310762,rs563018202,0.832
6,109302861,rs368740664,6,109311560,rs6904998,0.83
6,109302861,rs368740664,6,109312239,rs78550764,0.998
6,109302861,rs368740664,6,109312276,rs409261,0.216
6,109302861,rs368740664,6,109312279,rs555995250,0.971
6,109302861,rs368740664,6,109312282,rs112482131,0.971
6,109302861,rs368740664,6,109312498,rs78383792,0.999
6,109302861,rs368740664,6,109312689,rs74582170,0.998
6,109302861,rs368740664,6,109313303,rs12154092,0.997
6,109302861,rs368740664,6,109313629,rs12215614,0.997
6,109302861,rs368740664,6,109313728,rs10872028,0.827
6,109302861,rs368740664,6,109314350,rs11970599,0.825
6,109302861,rs368740664,6,109315115,rs12153822,0.997
6,109302861,rs368740664,6,109315999,rs9486985,0.236
6,109302861,rs368740664,6,109316652,rs11153150,0.997
6,109302861,rs368740664,6,109316754,rs11153151,0.997
6,109302861,rs368740664,6,109317041,rs111802830,0.997
6,109302861,rs368740664,6,109317330,rs12214567,0.997
6,109302861,rs368740664,6,109317388,rs12201102,0.997
6,109302861,rs368740664,6,109317394,rs6918331,0.996
6,109302861,rs368740664,6,109317635,rs12216104,0.997
6,109302861,rs368740664,6,109318279,rs79285264,0.992
6,109302861,rs368740664,6,109318280,rs76732622,0.992
6,109302861,rs368740664,6,109318335,rs111413983,0.999
6,109302861,rs368740664,6,109318516,rs6651002,0.827
6,109302861,rs368740664,6,109318704,rs12198182,0.998
6,109302861,rs368740664,6,109318843,rs12204576,0.997
6,109302861,rs368740664,6,109320441,rs12200531,0.997
6,109302861,rs368740664,6,109321497,rs77002235,0.998
6,109302861,rs368740664,6,109322477,rs10457185,0.997
6,109302861,rs368740664,6,109322554,rs12214121,0.998
6,109302861,rs368740664,6,109322705,chr6_109322705_G_INDEL,0.997
6,109302861,rs368740664,6,109323219,rs397841490,0.998
6,109302861,rs368740664,6,109323519,rs2273668,0.998
6,109302861,rs368740664,6,109324353,rs75675305,0.998
6,109302861,rs368740664,6,109325624,rs75995854,0.992
6,109302861,rs368740664,6,109325962,rs113614274,0.996
6,109302861,rs368740664,6,109326183,rs76267985,0.994
6,109302861,rs368740664,6,109326621,rs7761290,0.997
6,109302861,rs368740664,6,109328432,rs1407241,0.974
6,109302861,rs368740664,6,109328988,rs573341295,0.955
6,109302861,rs368740664,6,109329473,rs12200578,0.975
6,109302861,rs368740664,6,109329641,rs12215344,0.975
6,109302861,rs368740664,6,109329653,rs151285329,0.978
6,109302861,rs368740664,6,109330367,rs12215736,0.978
6,109302861,rs368740664,6,109330417,rs28504359,0.978
6,109302861,rs368740664,6,109330859,rs6908184,0.82
6,109302861,rs368740664,6,109331777,rs6568555,0.975
6,109302861,rs368740664,6,109334162,rs35581740,0.978
6,109302861,rs368740664,6,109334300,rs72131680,0.977
6,109302861,rs368740664,6,109334458,rs11751295,0.974
6,109302861,rs368740664,6,109334971,rs7767882,0.975
6,109302861,rs368740664,6,109335969,rs11752532,0.978
6,109302861,rs368740664,6,109336051,rs10457187,0.974
6,109302861,rs368740664,6,109336617,rs117412830,0.975
6,109302861,rs368740664,6,109338110,rs12205053,0.974
6,109302861,rs368740664,6,109338147,rs12197912,0.977
6,109302861,rs368740664,6,109338161,rs12205061,0.977
6,109302861,rs368740664,6,109338433,rs12198088,0.973
6,109302861,rs368740664,6,109339772,rs34135428,0.978
6,109302861,rs368740664,6,109340291,rs12201821,0.973
6,109302861,rs368740664,6,109341298,rs75671532,0.975
6,109302861,rs368740664,6,109341834,rs7738483,0.812
6,109302861,rs368740664,6,109341841,rs141674146,0.977
6,109302861,rs368740664,6,109342169,rs11755471,0.975
6,109302861,rs368740664,6,109342693,rs80099385,0.977
6,109302861,rs368740664,6,109343252,rs544552358,0.973
6,109302861,rs368740664,6,109343340,rs11153152,0.812
6,109302861,rs368740664,6,109343648,rs7769313,0.977
6,109302861,rs368740664,6,109344975,rs76201299,0.975
6,109302861,rs368740664,6,109345041,rs141852184,0.975
6,109302861,rs368740664,6,109345930,rs12374658,0.975
6,109302861,rs368740664,6,109346184,rs12374597,0.975
6,109302861,rs368740664,6,109347057,rs7765732,0.974
6,109302861,rs368740664,6,109347262,rs7766248,0.975
6,109302861,rs368740664,6,109347731,rs113393759,0.977
6,109302861,rs368740664,6,109347980,rs113948720,0.976
6,109302861,rs368740664,6,109349355,rs35853071,0.976
6,109302861,rs368740664,6,109349359,chr6_109349359_C_INDEL,0.943
6,109302861,rs368740664,6,109350128,rs76430494,0.973
6,109302861,rs368740664,6,109350290,rs79465564,0.975
6,109302861,rs368740664,6,109350351,rs78714994,0.975
6,109302861,rs368740664,6,109350489,rs75263286,0.973
6,109302861,rs368740664,6,109350550,rs17070136,0.975
6,109302861,rs368740664,6,109350616,rs77936298,0.975
6,109302861,rs368740664,6,109351125,rs7759014,0.974
6,109302861,rs368740664,6,109352545,rs75942063,0.974
6,109302861,rs368740664,6,109353216,rs12206423,0.977
6,109302861,rs368740664,6,109353407,rs12206634,0.977
6,109302861,rs368740664,6,109353413,rs12213664,0.977
6,109302861,rs368740664,6,109353429,rs12193075,0.813
6,109302861,rs368740664,6,109353519,rs12206606,0.922
6,109302861,rs368740664,6,109355790,rs1424479,0.974
6,109302861,rs368740664,6,109356104,rs11153153,0.974
6,109302861,rs368740664,6,109356589,rs76367548,0.974
6,109302861,rs368740664,6,109357324,rs11153154,0.974
6,109302861,rs368740664,6,109357701,rs12195836,0.974
6,109302861,rs368740664,6,109357829,rs12202145,0.977
6,109302861,rs368740664,6,109358345,rs17070139,0.974
6,109302861,rs368740664,6,109359117,rs112276698,0.974
6,109302861,rs368740664,6,109359687,rs397887654,0.818
6,109302861,rs368740664,6,109359963,rs11153155,0.974
6,109302861,rs368740664,6,109361186,rs6908999,0.168
6,109302861,rs368740664,6,109361532,rs34921936,0.977
6,109302861,rs368740664,6,109362245,rs112871784,0.975
6,109302861,rs368740664,6,109362749,rs6899723,0.969
6,109302861,rs368740664,6,109363217,rs12215381,0.974
6,109302861,rs368740664,6,109364698,rs9688896,0.977
6,109302861,rs368740664,6,109364825,rs9688496,0.977
6,109302861,rs368740664,6,109365911,rs11153156,0.974
6,109302861,rs368740664,6,109366087,rs11752581,0.977
6,109302861,rs368740664,6,109366494,rs112942730,0.974
6,109302861,rs368740664,6,109366740,rs76249006,0.974
6,109302861,rs368740664,6,109367169,rs2003315,0.973
6,109302861,rs368740664,6,109367255,rs2356575,0.974
6,109302861,rs368740664,6,109369169,rs12213228,0.958
6,109302861,rs368740664,6,109369246,rs12213274,0.976
6,109302861,rs368740664,6,109369307,rs552101435,0.926
6,109302861,rs368740664,6,109369745,rs12208578,0.974
6,109302861,rs368740664,6,109370003,rs11757590,0.978
6,109302861,rs368740664,6,109370006,rs11759732,0.817
6,109302861,rs368740664,6,109371129,rs6916819,0.971
6,109302861,rs368740664,6,109372120,rs6900472,0.973
6,109302861,rs368740664,6,109372366,rs199848413,0.956
6,109302861,rs368740664,6,109372528,rs138225942,0.979
6,109302861,rs368740664,6,109374465,rs78596296,0.772
6,109302861,rs368740664,6,109375972,rs397887181,0.81
6,109302861,rs368740664,6,109376118,rs11153158,0.915
6,109302861,rs368740664,6,109376647,rs11153159,0.923
6,109302861,rs368740664,6,109377033,rs59883302,0.619
6,109302861,rs368740664,6,109388086,rs34421549,0.802
6,109302861,rs368740664,6,109388415,rs58453314,0.615
6,109302861,rs368740664,6,109389508,rs1364450,0.798
6,109302861,rs368740664,6,109394214,rs146487988,0.749
6,109302861,rs368740664,6,109395509,rs113775019,0.616
6,109302861,rs368740664,6,109396926,rs66543278,0.609
6,109302861,rs368740664,6,109398257,rs79374607,0.748
6,109302861,rs368740664,6,109399373,rs729566,0.612
6,109302861,rs368740664,6,109400279,rs17070144,0.595
6,109302861,rs368740664,6,109402278,rs1019587,0.611
6,109302861,rs368740664,6,109403325,rs55885457,0.61
6,109302861,rs368740664,6,109405273,rs66606621,0.608
6,109302861,rs368740664,6,109406223,rs17070147,0.607
6,109302861,rs368740664,6,109406253,rs57841808,0.609
6,109302861,rs368740664,6,109406513,rs56054577,0.609
6,109302861,rs368740664,6,109406718,rs563754954,0.738
6,109302861,rs368740664,6,109407958,rs112954311,0.608
6,109302861,rs368740664,6,109408428,rs1539596,0.732
6,109302861,rs368740664,6,109408549,rs57422962,0.583
6,109302861,rs368740664,6,109409274,rs74421833,0.739
6,109302861,rs368740664,6,109416369,rs75772189,0.731
6,109302861,rs368740664,6,109416586,rs1106853,0.601
6,109302861,rs368740664,6,109418075,rs77373614,0.739
6,109302861,rs368740664,6,109419070,rs10046283,0.129
6,109302861,rs368740664,6,109420225,rs1260658,0.134
6,109302861,rs368740664,6,109426982,rs1073557,0.603
6,109302861,rs368740664,6,109428184,rs17070181,0.731
6,109302861,rs368740664,6,109428467,rs370023257,0.724
6,109302861,rs368740664,6,109432996,rs117298489,0.739
6,109302861,rs368740664,6,109433510,rs146039505,0.731
6,109302861,rs368740664,6,109434847,rs78123955,0.733
6,109302861,rs368740664,6,109436345,rs77107907,0.74
6,109302861,rs368740664,6,109436740,chr6_109436740_C_T,0.152
6,109302861,rs368740664,6,109437287,rs576956856,0.726
6,109302861,rs368740664,6,109439138,rs78885459,0.729
6,109302861,rs368740664,6,109442108,rs572628430,0.732
6,109302861,rs368740664,6,109442110,rs200007691,0.727
6,109302861,rs368740664,6,109442112,rs201574335,0.726
6,109302861,rs368740664,6,109442160,rs67570523,0.603
6,109302861,rs368740664,6,109442440,rs56935458,0.729
6,109302861,rs368740664,6,109442854,rs77608624,0.74
6,109302861,rs368740664,6,109443844,rs7450826,0.74
6,109302861,rs368740664,6,109445587,rs79116221,0.729
6,109302861,rs368740664,6,109446695,rs397888800,0.727
6,109302861,rs368740664,6,109449109,rs9486996,0.134
6,109302861,rs368740664,6,109449690,rs78662936,0.74
6,109302861,rs368740664,6,109450464,rs117426315,0.74
6,109302861,rs368740664,6,109451025,rs373308225,0.732
6,109302861,rs368740664,6,109451600,rs113279173,0.733
6,109302861,rs368740664,6,109456774,rs150979821,0.732
6,109302861,rs368740664,6,109456987,rs200666346,0.733
6,109302861,rs368740664,6,109457358,rs141504476,0.732
6,109302861,rs368740664,6,109457362,rs147037731,0.732
6,109302861,rs368740664,6,109457989,rs112211350,0.731
6,109302861,rs368740664,6,109459287,rs11966104,0.728
6,109302861,rs368740664,6,109461506,rs1547325,0.726
6,109302861,rs368740664,6,109463186,chr6_109463186_A_G,0.347
6,109302861,rs368740664,6,109463989,rs74448917,0.725
6,109302861,rs368740664,6,109464284,rs75307211,0.726
6,109302861,rs368740664,6,109464624,rs78066682,0.726
6,109302861,rs368740664,6,109466396,rs140932283,0.135
6,109302861,rs368740664,6,109468570,rs78242270,0.73
6,109302861,rs368740664,6,109469800,rs145701451,0.73
6,109302861,rs368740664,6,109470779,rs566399950,0.739
6,109302861,rs368740664,6,109471679,rs141329558,0.739
6,109302861,rs368740664,6,109474646,rs76698413,0.729
6,109302861,rs368740664,6,109478385,rs75555274,0.739
6,109302861,rs368740664,6,109480562,rs61743581,0.726
6,109302861,rs368740664,6,109481678,rs57212784,0.73
6,109302861,rs368740664,6,109482270,rs74991574,0.727
6,109302861,rs368740664,6,109482647,rs7767494,0.601
6,109302861,rs368740664,6,109483826,rs1998172,0.602
6,109302861,rs368740664,6,109488532,rs537082327,0.729
6,109302861,rs368740664,6,109488896,rs77043922,0.729
6,109302861,rs368740664,6,109489927,rs4549653,0.732
6,109302861,rs368740664,6,109492070,rs60148261,0.729
6,109302861,rs368740664,6,109492072,chr6_109492072_C_INDEL,0.721
6,109302861,rs368740664,6,109492303,rs151027819,0.729
6,109302861,rs368740664,6,109492305,chr6_109492305_G_INDEL,0.722
6,109302861,rs368740664,6,109492314,rs57172936,0.729
6,109302861,rs368740664,6,109492606,rs368577330,0.736
6,109302861,rs368740664,6,109492740,rs11970018,0.725
6,109302861,rs368740664,6,109492837,rs58362207,0.726
6,109302861,rs368740664,6,109493379,rs555080844,0.729
6,109302861,rs368740664,6,109493812,rs76268442,0.725
6,109302861,rs368740664,6,109494473,rs79971938,0.726
6,109302861,rs368740664,6,109494689,rs76110214,0.729
6,109302861,rs368740664,6,109494833,rs74934949,0.729
6,109302861,rs368740664,6,109494951,rs76328768,0.726
6,109302861,rs368740664,6,109495028,rs112774011,0.726
6,109302861,rs368740664,6,109495072,rs112373754,0.729
6,109302861,rs368740664,6,109495137,rs113721386,0.72
6,109302861,rs368740664,6,109495218,rs111763754,0.729
6,109302861,rs368740664,6,109495333,rs79564261,0.726
6,109302861,rs368740664,6,109495729,rs7771058,0.601
6,109302861,rs368740664,6,109495761,rs78500387,0.726
6,109302861,rs368740664,6,109496081,rs11962337,0.729
6,109302861,rs368740664,6,109496192,rs11962354,0.726
6,109302861,rs368740664,6,109497085,rs3813499,0.726
6,109302861,rs368740664,6,109497475,rs11963145,0.725
6,109302861,rs368740664,6,109497671,rs11963631,0.73
6,109302861,rs368740664,6,109498294,rs58411385,0.726
6,109302861,rs368740664,6,109498878,rs182360452,0.691
6,109302861,rs368740664,6,109499130,rs75423558,0.725
6,109302861,rs368740664,6,109499259,rs79498470,0.734
6,109302861,rs368740664,6,109499953,rs9791265,0.204
6,109302861,rs368740664,6,109500192,rs59358669,0.74
6,109302861,rs368740664,6,109500213,rs351741,0.212
6,109302861,rs368740664,6,109500805,chr6_109500805_C_G,0.207
6,109302861,rs368740664,6,109500954,rs58215756,0.21
6,109302861,rs368740664,6,109510972,rs7757193,0.052
6,109302861,rs368740664,6,109524795,rs12660449,0.052
6,109302861,rs368740664,6,109572299,rs4946949,0.066
6,109302861,rs368740664,6,109572411,rs3941888,0.068
6,109302861,rs368740664,6,109574095,rs884366,0.067
6,109302861,rs368740664,6,109575070,rs4945826,0.068
6,109302861,rs368740664,6,109583631,rs4946953,0.066
6,109302861,rs368740664,6,109596309,rs11153164,0.068
6,109302861,rs368740664,6,109625550,rs1006081,0.065
6,109302861,rs368740664,6,109631315,rs6903519,0.065
6,109302861,rs368740664,6,109638828,rs4945829,0.059
6,109302861,rs368740664,6,109639656,rs4946954,0.059
6,109302861,rs368740664,6,109639710,rs4946955,0.065
6,109302861,rs368740664,6,109639876,rs9400274,0.059
6,109302861,rs368740664,6,109639971,rs9386798,0.059
6,109302861,rs368740664,6,109640321,rs11759230,0.059
6,109302861,rs368740664,6,109640488,rs11759269,0.059
6,109302861,rs368740664,6,109640667,rs57749539,0.059
6,109302861,rs368740664,6,109640690,rs60248809,0.059
6,109302861,rs368740664,6,109640864,rs77243579,0.06
6,109302861,rs368740664,6,109640865,rs75169065,0.06
6,109302861,rs368740664,6,109640878,rs57695104,0.06
6,109302861,rs368740664,6,109640900,rs75278348,0.064
6,109302861,rs368740664,6,109640901,rs77795767,0.068
6,109302861,rs368740664,6,109641115,rs4946956,0.065
6,109302861,rs368740664,6,109641411,rs4946957,0.064
6,109302861,rs368740664,6,109641563,rs4946959,0.059
6,109302861,rs368740664,6,109641581,rs10622260,0.059
6,109302861,rs368740664,6,109641677,rs4946960,0.059
6,109302861,rs368740664,6,109642957,rs9374083,0.059
6,109302861,rs368740664,6,109643521,rs11153169,0.059
6,109302861,rs368740664,6,109644125,rs77497373,0.059
6,109302861,rs368740664,6,109646840,rs4946962,0.066
6,109302861,rs368740664,6,109648353,rs12191774,0.067
6,109377033,rs59883302,6,109159648,rs2848600,0.055
6,109377033,rs59883302,6,109202532,chr6_109202532_C_T,0.072
6,109377033,rs59883302,6,109244792,chr6_109244792_A_T,0.114
6,109377033,rs59883302,6,109273698,rs2768549,0.053
6,109377033,rs59883302,6,109273909,chr6_109273909_A_G,0.091
6,109377033,rs59883302,6,109275038,rs2806357,0.053
6,109377033,rs59883302,6,109277908,rs12193858,0.6
6,109377033,rs59883302,6,109278425,rs58161620,0.607
6,109377033,rs59883302,6,109278873,rs12195728,0.595
6,109377033,rs59883302,6,109279105,rs12195848,0.597
6,109377033,rs59883302,6,109279211,rs12209480,0.321
6,109377033,rs59883302,6,109279381,rs11153139,0.6
6,109377033,rs59883302,6,109280932,rs114481082,0.611
6,109377033,rs59883302,6,109280933,rs115643887,0.611
6,109377033,rs59883302,6,109281411,rs6651000,0.611
6,109377033,rs59883302,6,109281413,6:109281413:CG:GG,0.13
6,109377033,rs59883302,6,109284223,rs12195372,0.614
6,109377033,rs59883302,6,109284255,rs12195378,0.621
6,109377033,rs59883302,6,109285189,rs2273669,0.79
6,109377033,rs59883302,6,109287026,rs12194690,0.062
6,109377033,rs59883302,6,109287209,rs6941125,0.789
6,109377033,rs59883302,6,109287459,rs11754955,0.612
6,109377033,rs59883302,6,109288036,rs76094073,0.612
6,109377033,rs59883302,6,109289203,rs12191613,0.794
6,109377033,rs59883302,6,109289540,rs10872027,0.795
6,109377033,rs59883302,6,109289881,rs6935782,0.795
6,109377033,rs59883302,6,109290319,rs6568554,0.797
6,109377033,rs59883302,6,109290357,chr6_109290357_A_G,0.143
6,109377033,rs59883302,6,109290606,rs138986180,0.795
6,109377033,rs59883302,6,109291782,rs12194006,0.799
6,109377033,rs59883302,6,109291824,rs12213775,0.799
6,109377033,rs59883302,6,109292058,rs67708237,0.799
6,109377033,rs59883302,6,109292133,rs7753554,0.797
6,109377033,rs59883302,6,109292736,rs1887414,0.796
6,109377033,rs59883302,6,109292806,rs4992384,0.796
6,109377033,rs59883302,6,109292816,rs4992383,0.797
6,109377033,rs59883302,6,109292826,rs4992382,0.798
6,109377033,rs59883302,6,109293898,rs6907937,0.798
6,109377033,rs59883302,6,109293927,rs6927930,0.147
6,109377033,rs59883302,6,109293973,rs6908104,0.798
6,109377033,rs59883302,6,109294164,rs6928200,0.799
6,109377033,rs59883302,6,109294322,rs6929070,0.799
6,109377033,rs59883302,6,109294336,rs6908714,0.799
6,109377033,rs59883302,6,109294752,rs3734649,0.616
6,109377033,rs59883302,6,109295017,rs3734650,0.797
6,109377033,rs59883302,6,109295040,rs3734651,0.797
6,109377033,rs59883302,6,109295120,chr6_109295120_A_G,0.339
6,109377033,rs59883302,6,109295293,rs2038542,0.798
6,109377033,rs59883302,6,109296185,rs2145767,0.621
6,109377033,rs59883302,6,109296261,rs2145766,0.8
6,109377033,rs59883302,6,109296362,rs2145765,0.621
6,109377033,rs59883302,6,109296586,rs141683383,0.621
6,109377033,rs59883302,6,109296736,rs10457184,0.621
6,109377033,rs59883302,6,109297516,rs12196819,0.621
6,109377033,rs59883302,6,109297568,rs146787684,0.151
6,109377033,rs59883302,6,109297676,rs12198152,0.8
6,109377033,rs59883302,6,109297857,rs11153140,0.802
6,109377033,rs59883302,6,109298135,rs112483590,0.621
6,109377033,rs59883302,6,109298413,rs140202025,0.802
6,109377033,rs59883302,6,109298654,rs113130272,0.802
6,109377033,rs59883302,6,109299089,rs10456862,0.621
6,109377033,rs59883302,6,109299092,rs10456863,0.621
6,109377033,rs59883302,6,109299507,rs10456864,0.62
6,109377033,rs59883302,6,109300025,rs375168964,0.581
6,109377033,rs59883302,6,109300554,rs12202463,0.618
6,109377033,rs59883302,6,109300564,rs11153142,0.618
6,109377033,rs59883302,6,109300577,rs12207202,0.618
6,109377033,rs59883302,6,109300607,rs12200902,0.618
6,109377033,rs59883302,6,109300661,rs11153143,0.604
6,109377033,rs59883302,6,109300709,rs11153144,0.62
6,109377033,rs59883302,6,109300799,rs11153145,0.62
6,109377033,rs59883302,6,109300826,rs11153146,0.62
6,109377033,rs59883302,6,109301091,rs11757168,0.62
6,109377033,rs59883302,6,109301664,rs111523655,0.62
6,109377033,rs59883302,6,109302173,rs12196010,0.617
6,109377033,rs59883302,6,109302258,rs12196024,0.618
6,109377033,rs59883302,6,109302372,rs12196143,0.62
6,109377033,rs59883302,6,109302649,chr6_109302649_C_T,0.143
6,109377033,rs59883302,6,109302861,rs368740664,0.619
6,109377033,rs59883302,6,109302894,rs116189763,0.619
6,109377033,rs59883302,6,109303726,rs111303770,0.619
6,109377033,rs59883302,6,109303967,rs12206834,0.617
6,109377033,rs59883302,6,109304058,rs11153147,0.614
6,109377033,rs59883302,6,109304084,rs11153148,0.614
6,109377033,rs59883302,6,109304272,rs11153149,0.619
6,109377033,rs59883302,6,109304694,rs1080945,0.796
6,109377033,rs59883302,6,109305299,rs78276890,0.619
6,109377033,rs59883302,6,109305318,rs112319185,0.619
6,109377033,rs59883302,6,109305456,rs76747161,0.619
6,109377033,rs59883302,6,109305743,rs12210444,0.617
6,109377033,rs59883302,6,109306480,rs111773102,0.617
6,109377033,rs59883302,6,109306489,rs114414265,0.616
6,109377033,rs59883302,6,109306493,rs111353760,0.616
6,109377033,rs59883302,6,109306494,rs71641614,0.62
6,109377033,rs59883302,6,109306681,rs12212402,0.618
6,109377033,rs59883302,6,109306963,rs2145763,0.617
6,109377033,rs59883302,6,109307281,rs5879006,0.617
6,109377033,rs59883302,6,109307710,rs16822,0.618
6,109377033,rs59883302,6,109308952,rs4509156,0.618
6,109377033,rs59883302,6,109309150,rs4527738,0.619
6,109377033,rs59883302,6,109309287,rs4470881,0.798
6,109377033,rs59883302,6,109310268,rs113477421,0.62
6,109377033,rs59883302,6,109310596,rs2798646,0.616
6,109377033,rs59883302,6,109310627,rs113692625,0.618
6,109377033,rs59883302,6,109310649,rs7759680,0.801
6,109377033,rs59883302,6,109310719,rs2798647,0.771
6,109377033,rs59883302,6,109310762,rs563018202,0.8
6,109377033,rs59883302,6,109311560,rs6904998,0.795
6,109377033,rs59883302,6,109312239,rs78550764,0.617
6,109377033,rs59883302,6,109312276,rs409261,0.227
6,109377033,rs59883302,6,109312279,rs555995250,0.65
6,109377033,rs59883302,6,109312282,rs112482131,0.649
6,109377033,rs59883302,6,109312498,rs78383792,0.619
6,109377033,rs59883302,6,109312689,rs74582170,0.618
6,109377033,rs59883302,6,109313303,rs12154092,0.617
6,109377033,rs59883302,6,109313629,rs12215614,0.618
6,109377033,rs59883302,6,109313728,rs10872028,0.799
6,109377033,rs59883302,6,109314350,rs11970599,0.797
6,109377033,rs59883302,6,109315115,rs12153822,0.618
6,109377033,rs59883302,6,109315956,rs113277194,0.149
6,109377033,rs59883302,6,109315999,rs9486985,0.223
6,109377033,rs59883302,6,109316652,rs11153150,0.618
6,109377033,rs59883302,6,109316754,rs11153151,0.618
6,109377033,rs59883302,6,109317041,rs111802830,0.617
6,109377033,rs59883302,6,109317330,rs12214567,0.618
6,109377033,rs59883302,6,109317388,rs12201102,0.618
6,109377033,rs59883302,6,109317394,rs6918331,0.618
6,109377033,rs59883302,6,109317635,rs12216104,0.618
6,109377033,rs59883302,6,109318279,rs79285264,0.612
6,109377033,rs59883302,6,109318280,rs76732622,0.612
6,109377033,rs59883302,6,109318335,rs111413983,0.619
6,109377033,rs59883302,6,109318516,rs6651002,0.8
6,109377033,rs59883302,6,109318704,rs12198182,0.618
6,109377033,rs59883302,6,109318843,rs12204576,0.618
6,109377033,rs59883302,6,109320441,rs12200531,0.618
6,109377033,rs59883302,6,109321058,rs68061618,0.148
6,109377033,rs59883302,6,109321497,rs77002235,0.618
6,109377033,rs59883302,6,109321581,chr6_109321582_A_INDEL,0.144
6,109377033,rs59883302,6,109322366,chr6_109322366_C_G,0.147
6,109377033,rs59883302,6,109322477,rs10457185,0.617
6,109377033,rs59883302,6,109322554,rs12214121,0.618
6,109377033,rs59883302,6,109322705,chr6_109322705_G_INDEL,0.618
6,109377033,rs59883302,6,109323219,rs397841490,0.619
6,109377033,rs59883302,6,109323519,rs2273668,0.618
6,109377033,rs59883302,6,109324353,rs75675305,0.619
6,109377033,rs59883302,6,109325624,rs75995854,0.614
6,109377033,rs59883302,6,109325885,rs111345199,0.145
6,109377033,rs59883302,6,109325962,rs113614274,0.622
6,109377033,rs59883302,6,109326183,rs76267985,0.621
6,109377033,rs59883302,6,109326621,rs7761290,0.618
6,109377033,rs59883302,6,109328432,rs1407241,0.637
6,109377033,rs59883302,6,109328988,rs573341295,0.678
6,109377033,rs59883302,6,109329473,rs12200578,0.638
6,109377033,rs59883302,6,109329641,rs12215344,0.638
6,109377033,rs59883302,6,109329653,rs151285329,0.638
6,109377033,rs59883302,6,109330367,rs12215736,0.638
6,109377033,rs59883302,6,109330417,rs28504359,0.638
6,109377033,rs59883302,6,109330859,rs6908184,0.822
6,109377033,rs59883302,6,109331509,rs67804469,0.149
6,109377033,rs59883302,6,109331777,rs6568555,0.639
6,109377033,rs59883302,6,109333826,rs67869141,0.146
6,109377033,rs59883302,6,109334162,rs35581740,0.638
6,109377033,rs59883302,6,109334300,rs72131680,0.639
6,109377033,rs59883302,6,109334458,rs11751295,0.639
6,109377033,rs59883302,6,109334971,rs7767882,0.639
6,109377033,rs59883302,6,109335969,rs11752532,0.639
6,109377033,rs59883302,6,109336051,rs10457187,0.638
6,109377033,rs59883302,6,109336617,rs117412830,0.638
6,109377033,rs59883302,6,109338110,rs12205053,0.638
6,109377033,rs59883302,6,109338147,rs12197912,0.639
6,109377033,rs59883302,6,109338161,rs12205061,0.639
6,109377033,rs59883302,6,109338433,rs12198088,0.637
6,109377033,rs59883302,6,109339772,rs34135428,0.639
6,109377033,rs59883302,6,109340291,rs12201821,0.638
6,109377033,rs59883302,6,109340558,rs7757845,0.147
6,109377033,rs59883302,6,109341298,rs75671532,0.638
6,109377033,rs59883302,6,109341834,rs7738483,0.823
6,109377033,rs59883302,6,109341841,rs141674146,0.638
6,109377033,rs59883302,6,109342169,rs11755471,0.639
6,109377033,rs59883302,6,109342693,rs80099385,0.637
6,109377033,rs59883302,6,109343252,rs544552358,0.633
6,109377033,rs59883302,6,109343340,rs11153152,0.824
6,109377033,rs59883302,6,109343648,rs7769313,0.638
6,109377033,rs59883302,6,109344975,rs76201299,0.639
6,109377033,rs59883302,6,109345041,rs141852184,0.639
6,109377033,rs59883302,6,109345930,rs12374658,0.639
6,109377033,rs59883302,6,109346184,rs12374597,0.639
6,109377033,rs59883302,6,109347057,rs7765732,0.638
6,109377033,rs59883302,6,109347262,rs7766248,0.638
6,109377033,rs59883302,6,109347731,rs113393759,0.639
6,109377033,rs59883302,6,109347980,rs113948720,0.64
6,109377033,rs59883302,6,109349355,rs35853071,0.64
6,109377033,rs59883302,6,109349359,chr6_109349359_C_INDEL,0.618
6,109377033,rs59883302,6,109350128,rs76430494,0.638
6,109377033,rs59883302,6,109350290,rs79465564,0.638
6,109377033,rs59883302,6,109350351,rs78714994,0.639
6,109377033,rs59883302,6,109350489,rs75263286,0.637
6,109377033,rs59883302,6,109350550,rs17070136,0.638
6,109377033,rs59883302,6,109350616,rs77936298,0.639
6,109377033,rs59883302,6,109351125,rs7759014,0.639
6,109377033,rs59883302,6,109352545,rs75942063,0.639
6,109377033,rs59883302,6,109353216,rs12206423,0.639
6,109377033,rs59883302,6,109353407,rs12206634,0.639
6,109377033,rs59883302,6,109353413,rs12213664,0.64
6,109377033,rs59883302,6,109353429,rs12193075,0.825
6,109377033,rs59883302,6,109353519,rs12206606,0.644
6,109377033,rs59883302,6,109354860,chr6_109354860_G_T,0.151
6,109377033,rs59883302,6,109355361,chr6_109355361_C_T,0.148
6,109377033,rs59883302,6,109355790,rs1424479,0.639
6,109377033,rs59883302,6,109355886,chr6_109355886_A_G,0.148
6,109377033,rs59883302,6,109356011,chr6_109356011_C_G,0.151
6,109377033,rs59883302,6,109356104,rs11153153,0.639
6,109377033,rs59883302,6,109356589,rs76367548,0.64
6,109377033,rs59883302,6,109357324,rs11153154,0.64
6,109377033,rs59883302,6,109357701,rs12195836,0.639
6,109377033,rs59883302,6,109357829,rs12202145,0.64
6,109377033,rs59883302,6,109358345,rs17070139,0.639
6,109377033,rs59883302,6,109359117,rs112276698,0.639
6,109377033,rs59883302,6,109359687,rs397887654,0.825
6,109377033,rs59883302,6,109359963,rs11153155,0.639
6,109377033,rs59883302,6,109361532,rs34921936,0.638
6,109377033,rs59883302,6,109362245,rs112871784,0.641
6,109377033,rs59883302,6,109362749,rs6899723,0.636
6,109377033,rs59883302,6,109363217,rs12215381,0.639
6,109377033,rs59883302,6,109364698,rs9688896,0.639
6,109377033,rs59883302,6,109364825,rs9688496,0.639
6,109377033,rs59883302,6,109365911,rs11153156,0.639
6,109377033,rs59883302,6,109366087,rs11752581,0.638
6,109377033,rs59883302,6,109366494,rs112942730,0.639
6,109377033,rs59883302,6,109366740,rs76249006,0.639
6,109377033,rs59883302,6,109366831,rs66502861,0.147
6,109377033,rs59883302,6,109367169,rs2003315,0.639
6,109377033,rs59883302,6,109367255,rs2356575,0.64
6,109377033,rs59883302,6,109367360,rs111437091,0.151
6,109377033,rs59883302,6,109369169,rs12213228,0.633
6,109377033,rs59883302,6,109369246,rs12213274,0.636
6,109377033,rs59883302,6,109369307,rs552101435,0.603
6,109377033,rs59883302,6,109369745,rs12208578,0.639
6,109377033,rs59883302,6,109370003,rs11757590,0.639
6,109377033,rs59883302,6,109370006,rs11759732,0.82
6,109377033,rs59883302,6,109371129,rs6916819,0.639
6,109377033,rs59883302,6,109372120,rs6900472,0.639
6,109377033,rs59883302,6,109372366,rs199848413,0.618
6,109377033,rs59883302,6,109372528,rs138225942,0.64
6,109377033,rs59883302,6,109374465,rs78596296,0.809
6,109377033,rs59883302,6,109375287,rs67568078,0.148
6,109377033,rs59883302,6,109375972,rs397887181,0.825
6,109377033,rs59883302,6,109376118,rs11153158,0.586
6,109377033,rs59883302,6,109376647,rs11153159,0.586
6,109377033,rs59883302,6,109377033,rs59883302,1
6,109377033,rs59883302,6,109383400,chr6_109383400_C_T,0.145
6,109377033,rs59883302,6,109385279,chr6_109385279_C_T,0.192
6,109377033,rs59883302,6,109386459,rs60833946,0.157
6,109377033,rs59883302,6,109388086,rs34421549,0.823
6,109377033,rs59883302,6,109388415,rs58453314,0.982
6,109377033,rs59883302,6,109389508,rs1364450,0.817
6,109377033,rs59883302,6,109392991,rs17070142,0.13
6,109377033,rs59883302,6,109394214,rs146487988,0.814
6,109377033,rs59883302,6,109395509,rs113775019,0.985
6,109377033,rs59883302,6,109396343,chr6_109396343_A_G,0.131
6,109377033,rs59883302,6,109396926,rs66543278,0.981
6,109377033,rs59883302,6,109398257,rs79374607,0.813
6,109377033,rs59883302,6,109399373,rs729566,0.983
6,109377033,rs59883302,6,109400279,rs17070144,0.96
6,109377033,rs59883302,6,109402278,rs1019587,0.982
6,109377033,rs59883302,6,109403325,rs55885457,0.975
6,109377033,rs59883302,6,109405273,rs66606621,0.979
6,109377033,rs59883302,6,109406223,rs17070147,0.97
6,109377033,rs59883302,6,109406253,rs57841808,0.971
6,109377033,rs59883302,6,109406513,rs56054577,0.978
6,109377033,rs59883302,6,109406718,rs563754954,0.803
6,109377033,rs59883302,6,109407958,rs112954311,0.973
6,109377033,rs59883302,6,109408428,rs1539596,0.799
6,109377033,rs59883302,6,109408549,rs57422962,0.955
6,109377033,rs59883302,6,109409274,rs74421833,0.804
6,109377033,rs59883302,6,109410459,rs6906547,0.137
6,109377033,rs59883302,6,109416369,rs75772189,0.804
6,109377033,rs59883302,6,109416586,rs1106853,0.972
6,109377033,rs59883302,6,109418075,rs77373614,0.803
6,109377033,rs59883302,6,109419070,rs10046283,0.254
6,109377033,rs59883302,6,109420225,rs1260658,0.262
6,109377033,rs59883302,6,109426982,rs1073557,0.975
6,109377033,rs59883302,6,109427852,rs6907197,0.138
6,109377033,rs59883302,6,109428184,rs17070181,0.813
6,109377033,rs59883302,6,109428467,rs370023257,0.806
6,109377033,rs59883302,6,109431975,rs143674717,0.139
6,109377033,rs59883302,6,109432996,rs117298489,0.805
6,109377033,rs59883302,6,109433510,rs146039505,0.812
6,109377033,rs59883302,6,109434847,rs78123955,0.811
6,109377033,rs59883302,6,109436345,rs77107907,0.805
6,109377033,rs59883302,6,109437287,rs576956856,0.802
6,109377033,rs59883302,6,109438217,rs67549086,0.139
6,109377033,rs59883302,6,109439138,rs78885459,0.812
6,109377033,rs59883302,6,109442108,rs572628430,0.812
6,109377033,rs59883302,6,109442110,rs200007691,0.809
6,109377033,rs59883302,6,109442112,rs201574335,0.808
6,109377033,rs59883302,6,109442160,rs67570523,0.973
6,109377033,rs59883302,6,109442440,rs56935458,0.811
6,109377033,rs59883302,6,109442854,rs77608624,0.804
6,109377033,rs59883302,6,109443844,rs7450826,0.804
6,109377033,rs59883302,6,109445587,rs79116221,0.811
6,109377033,rs59883302,6,109446695,rs397888800,0.816
6,109377033,rs59883302,6,109449109,rs9486996,0.262
6,109377033,rs59883302,6,109449690,rs78662936,0.804
6,109377033,rs59883302,6,109450464,rs117426315,0.805
6,109377033,rs59883302,6,109451025,rs373308225,0.811
6,109377033,rs59883302,6,109451600,rs113279173,0.811
6,109377033,rs59883302,6,109456774,rs150979821,0.811
6,109377033,rs59883302,6,109456987,rs200666346,0.811
6,109377033,rs59883302,6,109457358,rs141504476,0.811
6,109377033,rs59883302,6,109457362,rs147037731,0.811
6,109377033,rs59883302,6,109457989,rs112211350,0.812
6,109377033,rs59883302,6,109459287,rs11966104,0.811
6,109377033,rs59883302,6,109461506,rs1547325,0.808
6,109377033,rs59883302,6,109463186,chr6_109463186_A_G,0.337
6,109377033,rs59883302,6,109463989,rs74448917,0.807
6,109377033,rs59883302,6,109464284,rs75307211,0.808
6,109377033,rs59883302,6,109464624,rs78066682,0.808
6,109377033,rs59883302,6,109466396,rs140932283,0.263
6,109377033,rs59883302,6,109468570,rs78242270,0.81
6,109377033,rs59883302,6,109469800,rs145701451,0.811
6,109377033,rs59883302,6,109470779,rs566399950,0.803
6,109377033,rs59883302,6,109471679,rs141329558,0.803
6,109377033,rs59883302,6,109474646,rs76698413,0.811
6,109377033,rs59883302,6,109478385,rs75555274,0.803
6,109377033,rs59883302,6,109480562,rs61743581,0.807
6,109377033,rs59883302,6,109481678,rs57212784,0.803
6,109377033,rs59883302,6,109482270,rs74991574,0.808
6,109377033,rs59883302,6,109482647,rs7767494,0.97
6,109377033,rs59883302,6,109483826,rs1998172,0.97
6,109377033,rs59883302,6,109488532,rs537082327,0.806
6,109377033,rs59883302,6,109488896,rs77043922,0.81
6,109377033,rs59883302,6,109489927,rs4549653,0.809
6,109377033,rs59883302,6,109492070,rs60148261,0.81
6,109377033,rs59883302,6,109492072,chr6_109492072_C_INDEL,0.803
6,109377033,rs59883302,6,109492303,rs151027819,0.81
6,109377033,rs59883302,6,109492305,chr6_109492305_G_INDEL,0.804
6,109377033,rs59883302,6,109492314,rs57172936,0.81
6,109377033,rs59883302,6,109492606,rs368577330,0.807
6,109377033,rs59883302,6,109492740,rs11970018,0.806
6,109377033,rs59883302,6,109492837,rs58362207,0.807
6,109377033,rs59883302,6,109493379,rs555080844,0.809
6,109377033,rs59883302,6,109493812,rs76268442,0.807
6,109377033,rs59883302,6,109494473,rs79971938,0.807
6,109377033,rs59883302,6,109494689,rs76110214,0.809
6,109377033,rs59883302,6,109494833,rs74934949,0.809
6,109377033,rs59883302,6,109494951,rs76328768,0.807
6,109377033,rs59883302,6,109495028,rs112774011,0.807
6,109377033,rs59883302,6,109495072,rs112373754,0.81
6,109377033,rs59883302,6,109495137,rs113721386,0.798
6,109377033,rs59883302,6,109495218,rs111763754,0.809
6,109377033,rs59883302,6,109495333,rs79564261,0.807
6,109377033,rs59883302,6,109495729,rs7771058,0.969
6,109377033,rs59883302,6,109495761,rs78500387,0.807
6,109377033,rs59883302,6,109496081,rs11962337,0.81
6,109377033,rs59883302,6,109496192,rs11962354,0.807
6,109377033,rs59883302,6,109497085,rs3813499,0.807
6,109377033,rs59883302,6,109497475,rs11963145,0.806
6,109377033,rs59883302,6,109497671,rs11963631,0.81
6,109377033,rs59883302,6,109498294,rs58411385,0.808
6,109377033,rs59883302,6,109498878,rs182360452,0.769
6,109377033,rs59883302,6,109499130,rs75423558,0.807
6,109377033,rs59883302,6,109499259,rs79498470,0.811
6,109377033,rs59883302,6,109499953,rs9791265,0.218
6,109377033,rs59883302,6,109500192,rs59358669,0.783
6,109377033,rs59883302,6,109500213,rs351741,0.228
6,109377033,rs59883302,6,109500805,chr6_109500805_C_G,0.221
6,109377033,rs59883302,6,109500954,rs58215756,0.222
