CHR_A,BP_A,SNP_A,CHR_B,BP_B,SNP_B,R2
6,11217843,rs2018334,6,10908267,rs4713043,0.061
6,11217843,rs2018334,6,10908917,rs6928281,0.063
6,11217843,rs2018334,6,10911282,rs4713044,0.064
6,11217843,rs2018334,6,10914830,rs6932504,0.055
6,11217843,rs2018334,6,10914841,6:10914841:C:CACAAT,0.055
6,11217843,rs2018334,6,10915981,rs66602047,0.054
6,11217843,rs2018334,6,10917805,rs1225754,0.063
6,11217843,rs2018334,6,10918259,rs2761595,0.061
6,11217843,rs2018334,6,10922200,rs79938195,0.056
6,11217843,rs2018334,6,10922552,rs13192148,0.056
6,11217843,rs2018334,6,10922638,rs12190237,0.056
6,11217843,rs2018334,6,10923638,rs9467943,0.05
6,11217843,rs2018334,6,10924136,rs12207573,0.056
6,11217843,rs2018334,6,10934666,rs9467991,0.062
6,11217843,rs2018334,6,11044658,rs115367234,0.05
6,11217843,rs2018334,6,11057697,rs35761415,0.05
6,11217843,rs2018334,6,11083472,rs9348808,0.05
6,11217843,rs2018334,6,11084554,rs4713169,0.06
6,11217843,rs2018334,6,11085334,rs59411870,0.064
6,11217843,rs2018334,6,11085511,rs4713170,0.063
6,11217843,rs2018334,6,11086033,rs7770142,0.064
6,11217843,rs2018334,6,11088421,rs55914027,0.069
6,11217843,rs2018334,6,11088533,rs56190003,0.065
6,11217843,rs2018334,6,11089128,rs4711177,0.069
6,11217843,rs2018334,6,11093444,rs12190970,0.159
6,11217843,rs2018334,6,11094681,rs2273884,0.062
6,11217843,rs2018334,6,11095030,rs77912714,0.162
6,11217843,rs2018334,6,11095377,rs16870928,0.083
6,11217843,rs2018334,6,11096717,rs9368572,0.083
6,11217843,rs2018334,6,11096841,rs9468414,0.075
6,11217843,rs2018334,6,11097291,rs111473930,0.162
6,11217843,rs2018334,6,11098960,rs12215910,0.162
6,11217843,rs2018334,6,11099476,rs7775543,0.084
6,11217843,rs2018334,6,11102202,rs6456846,0.162
6,11217843,rs2018334,6,11102871,rs1099,0.07
6,11217843,rs2018334,6,11103038,rs1128291,0.073
6,11217843,rs2018334,6,11103888,rs9393931,0.083
6,11217843,rs2018334,6,11105763,rs76843344,0.07
6,11217843,rs2018334,6,11106835,rs12200932,0.162
6,11217843,rs2018334,6,11106999,rs11754914,0.083
6,11217843,rs2018334,6,11107215,rs10214511,0.073
6,11217843,rs2018334,6,11107774,rs76910538,0.07
6,11217843,rs2018334,6,11109831,rs12527972,0.071
6,11217843,rs2018334,6,11110656,rs7753998,0.073
6,11217843,rs2018334,6,11112438,rs12200717,0.162
6,11217843,rs2018334,6,11112977,rs4711179,0.073
6,11217843,rs2018334,6,11113793,rs77336846,0.161
6,11217843,rs2018334,6,11114209,6:11114209:G:GT,0.16
6,11217843,rs2018334,6,11114247,rs7760737,0.083
6,11217843,rs2018334,6,11114754,rs6909112,0.073
6,11217843,rs2018334,6,11114755,rs7746833,0.083
6,11217843,rs2018334,6,11116495,rs12529972,0.07
6,11217843,rs2018334,6,11117538,rs144703381,0.073
6,11217843,rs2018334,6,11121710,rs4711180,0.152
6,11217843,rs2018334,6,11123698,rs10946967,0.164
6,11217843,rs2018334,6,11126924,rs140774460,0.164
6,11217843,rs2018334,6,11128299,rs10946968,0.164
6,11217843,rs2018334,6,11130482,rs6926235,0.084
6,11217843,rs2018334,6,11131165,rs10484446,0.163
6,11217843,rs2018334,6,11136257,rs12205389,0.164
6,11217843,rs2018334,6,11137655,rs36113961,0.061
6,11217843,rs2018334,6,11138038,rs3734399,0.072
6,11217843,rs2018334,6,11139113,rs9348823,0.085
6,11217843,rs2018334,6,11139189,rs12527546,0.073
6,11217843,rs2018334,6,11141572,rs9393946,0.091
6,11217843,rs2018334,6,11143569,rs10484447,0.091
6,11217843,rs2018334,6,11145333,rs58052502,0.089
6,11217843,rs2018334,6,11145945,rs9393948,0.091
6,11217843,rs2018334,6,11146891,rs34698933,0.195
6,11217843,rs2018334,6,11148116,rs75162478,0.202
6,11217843,rs2018334,6,11148167,rs112728575,0.131
6,11217843,rs2018334,6,11148438,rs9393950,0.202
6,11217843,rs2018334,6,11148750,rs6922403,0.143
6,11217843,rs2018334,6,11148993,rs7744724,0.096
6,11217843,rs2018334,6,11149203,rs9368594,0.142
6,11217843,rs2018334,6,11150041,rs9393951,0.144
6,11217843,rs2018334,6,11150179,rs140702530,0.144
6,11217843,rs2018334,6,11150614,rs12212683,0.174
6,11217843,rs2018334,6,11150788,rs28497509,0.205
6,11217843,rs2018334,6,11151904,rs2146343,0.203
6,11217843,rs2018334,6,11152696,rs9380115,0.149
6,11217843,rs2018334,6,11152697,rs9366740,0.149
6,11217843,rs2018334,6,11152769,rs9366741,0.149
6,11217843,rs2018334,6,11153404,rs9380116,0.2
6,11217843,rs2018334,6,11153633,rs7752029,0.113
6,11217843,rs2018334,6,11153852,rs7452101,0.15
6,11217843,rs2018334,6,11156017,rs6912366,0.265
6,11217843,rs2018334,6,11156397,rs9295802,0.266
6,11217843,rs2018334,6,11157025,rs2327337,0.2
6,11217843,rs2018334,6,11157311,rs6938695,0.2
6,11217843,rs2018334,6,11158215,rs7764922,0.199
6,11217843,rs2018334,6,11158816,rs10946984,0.243
6,11217843,rs2018334,6,11160255,rs7752248,0.199
6,11217843,rs2018334,6,11160776,rs1540945,0.199
6,11217843,rs2018334,6,11160851,rs5874309,0.198
6,11217843,rs2018334,6,11161408,rs4713212,0.269
6,11217843,rs2018334,6,11161863,rs9468530,0.068
6,11217843,rs2018334,6,11163660,rs36077054,0.202
6,11217843,rs2018334,6,11164086,rs7743766,0.271
6,11217843,rs2018334,6,11164179,rs7768860,0.277
6,11217843,rs2018334,6,11164199,rs7745121,0.271
6,11217843,rs2018334,6,11164347,rs12192217,0.247
6,11217843,rs2018334,6,11165059,rs9366743,0.069
6,11217843,rs2018334,6,11165123,rs71550756,0.055
6,11217843,rs2018334,6,11166174,rs60615163,0.119
6,11217843,rs2018334,6,11166610,rs4406221,0.499
6,11217843,rs2018334,6,11166747,rs35640093,0.5
6,11217843,rs2018334,6,11166765,rs9366744,0.499
6,11217843,rs2018334,6,11166929,rs1160870,0.498
6,11217843,rs2018334,6,11167111,rs2146346,0.499
6,11217843,rs2018334,6,11167317,rs9393961,0.499
6,11217843,rs2018334,6,11167381,rs9393962,0.499
6,11217843,rs2018334,6,11167384,rs9380125,0.499
6,11217843,rs2018334,6,11167481,rs9393963,0.499
6,11217843,rs2018334,6,11167923,rs4713224,0.499
6,11217843,rs2018334,6,11167995,rs4711188,0.499
6,11217843,rs2018334,6,11168296,rs7766869,0.499
6,11217843,rs2018334,6,11168376,rs4711189,0.499
6,11217843,rs2018334,6,11168429,rs4713225,0.499
6,11217843,rs2018334,6,11168512,rs4711190,0.499
6,11217843,rs2018334,6,11168910,rs4363033,0.126
6,11217843,rs2018334,6,11168975,rs1007742,0.499
6,11217843,rs2018334,6,11169113,rs1570375,0.329
6,11217843,rs2018334,6,11169117,rs1570376,0.282
6,11217843,rs2018334,6,11169147,rs28408147,0.259
6,11217843,rs2018334,6,11169358,rs62395456,0.264
6,11217843,rs2018334,6,11170245,rs1570377,0.5
6,11217843,rs2018334,6,11170339,rs1570378,0.5
6,11217843,rs2018334,6,11170423,rs4596467,0.056
6,11217843,rs2018334,6,11170424,rs1467585,0.5
6,11217843,rs2018334,6,11170620,rs1007247,0.5
6,11217843,rs2018334,6,11171111,rs10946993,0.282
6,11217843,rs2018334,6,11171163,rs12663441,0.123
6,11217843,rs2018334,6,11171212,rs4711191,0.501
6,11217843,rs2018334,6,11171359,rs12213813,0.33
6,11217843,rs2018334,6,11171412,rs12212397,0.33
6,11217843,rs2018334,6,11171492,rs9380126,0.141
6,11217843,rs2018334,6,11171686,rs9393965,0.5
6,11217843,rs2018334,6,11171697,rs9368602,0.5
6,11217843,rs2018334,6,11171750,rs9393966,0.498
6,11217843,rs2018334,6,11171764,rs9380127,0.498
6,11217843,rs2018334,6,11171771,rs34067686,0.282
6,11217843,rs2018334,6,11171887,rs9461525,0.501
6,11217843,rs2018334,6,11171999,rs9461526,0.503
6,11217843,rs2018334,6,11172054,rs9766378,0.502
6,11217843,rs2018334,6,11172182,rs9348830,0.503
6,11217843,rs2018334,6,11172308,rs9366746,0.503
6,11217843,rs2018334,6,11172361,rs9357081,0.503
6,11217843,rs2018334,6,11172457,rs6907887,0.503
6,11217843,rs2018334,6,11172536,rs59242399,0.366
6,11217843,rs2018334,6,11172556,rs9468535,0.502
6,11217843,rs2018334,6,11172620,rs73435033,0.124
6,11217843,rs2018334,6,11172645,chr6_11172645_C_T,0.502
6,11217843,rs2018334,6,11172970,rs1467586,0.282
6,11217843,rs2018334,6,11172983,rs10946996,0.264
6,11217843,rs2018334,6,11173190,rs35725925,0.056
6,11217843,rs2018334,6,11173624,chr6_11173624_A_G,0.124
6,11217843,rs2018334,6,11173734,rs79153222,0.124
6,11217843,rs2018334,6,11173922,rs76664070,0.179
6,11217843,rs2018334,6,11174092,rs9461527,0.262
6,11217843,rs2018334,6,11174144,rs9461528,0.262
6,11217843,rs2018334,6,11174278,rs55865817,0.263
6,11217843,rs2018334,6,11174591,rs4552715,0.258
6,11217843,rs2018334,6,11175129,rs6941667,0.263
6,11217843,rs2018334,6,11175164,rs6925387,0.263
6,11217843,rs2018334,6,11175222,rs6941861,0.263
6,11217843,rs2018334,6,11175288,rs7775001,0.124
6,11217843,rs2018334,6,11175386,rs6942217,0.283
6,11217843,rs2018334,6,11175556,rs56181008,0.283
6,11217843,rs2018334,6,11176614,rs9368604,0.114
6,11217843,rs2018334,6,11176704,rs7743913,0.114
6,11217843,rs2018334,6,11177324,rs12213689,0.179
6,11217843,rs2018334,6,11178045,rs12194681,0.179
6,11217843,rs2018334,6,11178282,rs10484448,0.179
6,11217843,rs2018334,6,11178821,rs9380131,0.26
6,11217843,rs2018334,6,11179419,rs4526180,0.108
6,11217843,rs2018334,6,11179441,rs4620101,0.109
6,11217843,rs2018334,6,11179589,rs4526181,0.113
6,11217843,rs2018334,6,11179597,rs4590257,0.113
6,11217843,rs2018334,6,11179610,rs9368607,0.263
6,11217843,rs2018334,6,11179672,rs9295807,0.11
6,11217843,rs2018334,6,11179746,rs9283887,0.11
6,11217843,rs2018334,6,11180017,rs7764270,0.111
6,11217843,rs2018334,6,11181365,chr6_11181365_C_T,0.123
6,11217843,rs2018334,6,11181709,rs4711195,0.264
6,11217843,rs2018334,6,11182711,rs62398276,0.264
6,11217843,rs2018334,6,11183587,rs1044417,0.109
6,11217843,rs2018334,6,11183880,rs34467611,0.123
6,11217843,rs2018334,6,11183903,rs1044411,0.264
6,11217843,rs2018334,6,11183912,rs1044408,0.264
6,11217843,rs2018334,6,11184090,rs1570372,0.11
6,11217843,rs2018334,6,11184801,rs12211539,0.18
6,11217843,rs2018334,6,11185161,rs1908,0.18
6,11217843,rs2018334,6,11185184,rs1911,0.125
6,11217843,rs2018334,6,11185533,rs1050775,0.114
6,11217843,rs2018334,6,11186044,rs12193702,0.18
6,11217843,rs2018334,6,11186049,rs17495074,0.056
6,11217843,rs2018334,6,11186131,rs6917006,0.258
6,11217843,rs2018334,6,11186431,rs8180658,0.114
6,11217843,rs2018334,6,11186845,rs10484449,0.056
6,11217843,rs2018334,6,11186936,rs71548530,0.056
6,11217843,rs2018334,6,11186946,rs71548531,0.056
6,11217843,rs2018334,6,11186958,rs9366748,0.114
6,11217843,rs2018334,6,11187252,rs11759939,0.18
6,11217843,rs2018334,6,11187364,rs35399791,0.115
6,11217843,rs2018334,6,11187925,rs17561071,0.055
6,11217843,rs2018334,6,11188153,rs2236348,0.263
6,11217843,rs2018334,6,11188797,rs34220701,0.228
6,11217843,rs2018334,6,11188939,rs6906952,0.228
6,11217843,rs2018334,6,11189087,rs11751998,0.182
6,11217843,rs2018334,6,11189218,rs10947002,0.183
6,11217843,rs2018334,6,11189351,rs35999206,0.133
6,11217843,rs2018334,6,11189360,rs12199551,0.186
6,11217843,rs2018334,6,11192829,rs58511834,0.17
6,11217843,rs2018334,6,11193410,rs141854786,0.207
6,11217843,rs2018334,6,11193597,rs139170448,0.21
6,11217843,rs2018334,6,11194242,rs12205037,0.211
6,11217843,rs2018334,6,11198814,rs11759513,0.204
6,11217843,rs2018334,6,11199234,rs3798731,0.203
6,11217843,rs2018334,6,11200164,rs34719056,0.33
6,11217843,rs2018334,6,11200574,rs726230,0.214
6,11217843,rs2018334,6,11200856,rs2034,0.218
6,11217843,rs2018334,6,11201135,rs3798733,0.217
6,11217843,rs2018334,6,11201157,rs3798734,0.216
6,11217843,rs2018334,6,11201468,rs3798735,0.331
6,11217843,rs2018334,6,11201527,rs3798736,0.217
6,11217843,rs2018334,6,11201902,rs3778169,0.218
6,11217843,rs2018334,6,11202061,rs371332418,0.231
6,11217843,rs2018334,6,11202277,rs3834296,0.218
6,11217843,rs2018334,6,11202357,rs2146342,0.329
6,11217843,rs2018334,6,11202558,rs111868822,0.231
6,11217843,rs2018334,6,11202562,rs116264686,0.231
6,11217843,rs2018334,6,11202604,rs3756966,0.218
6,11217843,rs2018334,6,11203025,rs9295813,0.218
6,11217843,rs2018334,6,11203204,rs3798737,0.231
6,11217843,rs2018334,6,11203342,rs3798738,0.231
6,11217843,rs2018334,6,11204208,6:11204208:TAA:T,0.231
6,11217843,rs2018334,6,11204208,6:11204208:TAA:TAAAA,0.359
6,11217843,rs2018334,6,11204516,rs4713247,0.105
6,11217843,rs2018334,6,11204680,rs3778170,0.232
6,11217843,rs2018334,6,11204750,rs10947017,0.231
6,11217843,rs2018334,6,11204902,rs3778171,0.231
6,11217843,rs2018334,6,11204971,rs4713249,0.406
6,11217843,rs2018334,6,11205011,rs10947019,0.231
6,11217843,rs2018334,6,11205012,chr6_11205012_A_G,0.231
6,11217843,rs2018334,6,11205040,rs10947021,0.231
6,11217843,rs2018334,6,11206113,rs12190858,0.231
6,11217843,rs2018334,6,11207043,rs57111989,0.105
6,11217843,rs2018334,6,11208357,rs10807059,0.232
6,11217843,rs2018334,6,11208815,rs361521,0.375
6,11217843,rs2018334,6,11208880,rs3102,0.232
6,11217843,rs2018334,6,11210334,rs10947026,0.232
6,11217843,rs2018334,6,11210999,rs147934321,0.084
6,11217843,rs2018334,6,11211053,rs74222359,0.377
6,11217843,rs2018334,6,11211083,rs62395298,0.379
6,11217843,rs2018334,6,11211099,rs3823016,0.407
6,11217843,rs2018334,6,11211894,rs3798742,0.366
6,11217843,rs2018334,6,11212754,rs6912916,0.22
6,11217843,rs2018334,6,11212959,rs3798743,0.22
6,11217843,rs2018334,6,11213347,rs6937575,0.223
6,11217843,rs2018334,6,11213468,rs12215094,0.221
6,11217843,rs2018334,6,11214216,rs9295823,0.155
6,11217843,rs2018334,6,11216279,rs9468656,0.168
6,11217843,rs2018334,6,11216447,rs6917551,0.12
6,11217843,rs2018334,6,11216700,rs9357087,0.168
6,11217843,rs2018334,6,11216726,rs12200095,0.281
6,11217843,rs2018334,6,11216977,rs2182335,0.365
6,11217843,rs2018334,6,11217021,rs12215491,0.282
6,11217843,rs2018334,6,11217728,rs943007,0.121
6,11217843,rs2018334,6,11217843,rs2018334,1
6,11217843,rs2018334,6,11217876,rs729747,0.25
6,11217843,rs2018334,6,11217897,rs2018336,0.3
6,11217843,rs2018334,6,11218124,rs2327332,0.283
6,11217843,rs2018334,6,11218161,rs10947036,0.283
6,11217843,rs2018334,6,11218166,rs10947037,0.283
6,11217843,rs2018334,6,11218541,rs12190771,0.283
6,11217843,rs2018334,6,11219030,rs4713266,0.997
6,11217843,rs2018334,6,11219420,rs3734405,0.272
6,11217843,rs2018334,6,11220172,rs943008,0.056
6,11217843,rs2018334,6,11220417,rs6457107,0.118
6,11217843,rs2018334,6,11221615,rs35887409,0.122
6,11217843,rs2018334,6,11223730,rs7740156,0.061
6,11217843,rs2018334,6,11223760,rs7767871,0.056
6,11217843,rs2018334,6,11224111,rs2025677,0.118
6,11217843,rs2018334,6,11224677,chr6_11224677_C_G,0.105
6,11217843,rs2018334,6,11224713,rs7769369,0.157
6,11217843,rs2018334,6,11224748,rs7769173,0.102
6,11217843,rs2018334,6,11225013,rs2025678,0.117
6,11217843,rs2018334,6,11225795,rs7740424,0.193
6,11217843,rs2018334,6,11226029,rs7755280,0.285
6,11217843,rs2018334,6,11226033,rs5874311,0.051
6,11217843,rs2018334,6,11226300,rs7755778,0.268
6,11217843,rs2018334,6,11226848,rs61589208,0.275
6,11217843,rs2018334,6,11227246,rs6457130,0.271
6,11217843,rs2018334,6,11227328,rs6457131,0.269
6,11217843,rs2018334,6,11227987,rs9348836,0.068
6,11217843,rs2018334,6,11228037,rs70991100,0.068
6,11217843,rs2018334,6,11228108,rs9295828,0.069
6,11217843,rs2018334,6,11228185,rs9357093,0.069
6,11217843,rs2018334,6,11228299,rs4713284,0.079
6,11217843,rs2018334,6,11228302,rs4713285,0.098
6,11217843,rs2018334,6,11228339,rs4713286,0.089
6,11217843,rs2018334,6,11236410,rs35210001,0.11
6,11217897,rs2018336,6,10958443,rs150605628,0.064
6,11217897,rs2018336,6,10958472,rs9368506,0.063
6,11217897,rs2018336,6,10961649,rs9791208,0.066
6,11217897,rs2018336,6,10962875,rs140742954,0.068
6,11217897,rs2018336,6,10963440,rs72823376,0.066
6,11217897,rs2018336,6,10965654,rs2327325,0.067
6,11217897,rs2018336,6,10967133,rs72823382,0.067
6,11217897,rs2018336,6,10968582,rs9348766,0.067
6,11217897,rs2018336,6,10969519,rs17674802,0.067
6,11217897,rs2018336,6,10969795,rs77750357,0.067
6,11217897,rs2018336,6,10970156,rs80331013,0.067
6,11217897,rs2018336,6,10975958,rs9357040,0.063
6,11217897,rs2018336,6,10976383,rs6937422,0.063
6,11217897,rs2018336,6,10976424,rs6932739,0.063
6,11217897,rs2018336,6,10976532,rs6910806,0.063
6,11217897,rs2018336,6,10976924,rs9393821,0.068
6,11217897,rs2018336,6,10977049,rs9393822,0.065
6,11217897,rs2018336,6,10978756,rs9393824,0.06
6,11217897,rs2018336,6,10982359,rs17606561,0.09
6,11217897,rs2018336,6,10984964,rs28792430,0.089
6,11217897,rs2018336,6,10986228,rs146632589,0.09
6,11217897,rs2018336,6,10987518,rs200230849,0.089
6,11217897,rs2018336,6,10990493,rs2281591,0.089
6,11217897,rs2018336,6,10992650,rs142566314,0.09
6,11217897,rs2018336,6,10995595,rs138162676,0.091
6,11217897,rs2018336,6,11003731,rs4495264,0.091
6,11217897,rs2018336,6,11005686,rs2295601,0.091
6,11217897,rs2018336,6,11022154,rs3756963,0.085
6,11217897,rs2018336,6,11025420,rs2180725,0.091
6,11217897,rs2018336,6,11027742,rs9295754,0.091
6,11217897,rs2018336,6,11028654,rs2208338,0.091
6,11217897,rs2018336,6,11033028,rs4640881,0.091
6,11217897,rs2018336,6,11033625,rs9295757,0.091
6,11217897,rs2018336,6,11036316,rs3839412,0.094
6,11217897,rs2018336,6,11036447,rs3798718,0.1
6,11217897,rs2018336,6,11036825,rs3798719,0.091
6,11217897,rs2018336,6,11037144,rs3839413,0.088
6,11217897,rs2018336,6,11038292,rs7744073,0.084
6,11217897,rs2018336,6,11038511,rs7744440,0.084
6,11217897,rs2018336,6,11040183,rs3798721,0.093
6,11217897,rs2018336,6,11040423,rs3798722,0.084
6,11217897,rs2018336,6,11040667,6:11040667:TG:C,0.091
6,11217897,rs2018336,6,11040668,rs57082372,0.091
6,11217897,rs2018336,6,11040767,rs28444611,0.091
6,11217897,rs2018336,6,11041720,rs3798723,0.093
6,11217897,rs2018336,6,11042234,6:11042234:A:ATTTTC,0.091
6,11217897,rs2018336,6,11042418,rs9366716,0.091
6,11217897,rs2018336,6,11042909,rs9393903,0.091
6,11217897,rs2018336,6,11044068,rs9468308,0.084
6,11217897,rs2018336,6,11048825,rs147535679,0.092
6,11217897,rs2018336,6,11050803,rs4601123,0.092
6,11217897,rs2018336,6,11054745,rs146655629,0.093
6,11217897,rs2018336,6,11060283,rs9368564,0.092
6,11217897,rs2018336,6,11062150,rs9380073,0.093
6,11217897,rs2018336,6,11072322,rs9393915,0.093
6,11217897,rs2018336,6,11078237,rs17675361,0.093
6,11217897,rs2018336,6,11095377,rs16870928,0.251
6,11217897,rs2018336,6,11096717,rs9368572,0.251
6,11217897,rs2018336,6,11099476,rs7775543,0.251
6,11217897,rs2018336,6,11103888,rs9393931,0.248
6,11217897,rs2018336,6,11106999,rs11754914,0.251
6,11217897,rs2018336,6,11114247,rs7760737,0.251
6,11217897,rs2018336,6,11114755,rs7746833,0.251
6,11217897,rs2018336,6,11130482,rs6926235,0.254
6,11217897,rs2018336,6,11139113,rs9348823,0.258
6,11217897,rs2018336,6,11141572,rs9393946,0.282
6,11217897,rs2018336,6,11143072,rs35950387,0.196
6,11217897,rs2018336,6,11143569,rs10484447,0.288
6,11217897,rs2018336,6,11145333,rs58052502,0.285
6,11217897,rs2018336,6,11145688,rs11970707,0.206
6,11217897,rs2018336,6,11145945,rs9393948,0.289
6,11217897,rs2018336,6,11146875,rs4713206,0.074
6,11217897,rs2018336,6,11146891,rs34698933,0.059
6,11217897,rs2018336,6,11148993,rs7744724,0.301
6,11217897,rs2018336,6,11150614,rs12212683,0.051
6,11217897,rs2018336,6,11151904,rs2146343,0.057
6,11217897,rs2018336,6,11153633,rs7752029,0.32
6,11217897,rs2018336,6,11158816,rs10946984,0.071
6,11217897,rs2018336,6,11164347,rs12192217,0.072
6,11217897,rs2018336,6,11166174,rs60615163,0.342
6,11217897,rs2018336,6,11166610,rs4406221,0.127
6,11217897,rs2018336,6,11166747,rs35640093,0.128
6,11217897,rs2018336,6,11166765,rs9366744,0.127
6,11217897,rs2018336,6,11166929,rs1160870,0.126
6,11217897,rs2018336,6,11167111,rs2146346,0.127
6,11217897,rs2018336,6,11167317,rs9393961,0.127
6,11217897,rs2018336,6,11167381,rs9393962,0.127
6,11217897,rs2018336,6,11167384,rs9380125,0.127
6,11217897,rs2018336,6,11167481,rs9393963,0.127
6,11217897,rs2018336,6,11167923,rs4713224,0.127
6,11217897,rs2018336,6,11167995,rs4711188,0.127
6,11217897,rs2018336,6,11168296,rs7766869,0.128
6,11217897,rs2018336,6,11168376,rs4711189,0.127
6,11217897,rs2018336,6,11168429,rs4713225,0.128
6,11217897,rs2018336,6,11168512,rs4711190,0.128
6,11217897,rs2018336,6,11168910,rs4363033,0.344
6,11217897,rs2018336,6,11168975,rs1007742,0.128
6,11217897,rs2018336,6,11169113,rs1570375,0.118
6,11217897,rs2018336,6,11169117,rs1570376,0.105
6,11217897,rs2018336,6,11170245,rs1570377,0.128
6,11217897,rs2018336,6,11170339,rs1570378,0.127
6,11217897,rs2018336,6,11170424,rs1467585,0.128
6,11217897,rs2018336,6,11170620,rs1007247,0.128
6,11217897,rs2018336,6,11171111,rs10946993,0.105
6,11217897,rs2018336,6,11171163,rs12663441,0.351
6,11217897,rs2018336,6,11171212,rs4711191,0.128
6,11217897,rs2018336,6,11171359,rs12213813,0.118
6,11217897,rs2018336,6,11171412,rs12212397,0.118
6,11217897,rs2018336,6,11171686,rs9393965,0.128
6,11217897,rs2018336,6,11171697,rs9368602,0.128
6,11217897,rs2018336,6,11171750,rs9393966,0.128
6,11217897,rs2018336,6,11171764,rs9380127,0.128
6,11217897,rs2018336,6,11171771,rs34067686,0.105
6,11217897,rs2018336,6,11171887,rs9461525,0.129
6,11217897,rs2018336,6,11171999,rs9461526,0.131
6,11217897,rs2018336,6,11172054,rs9766378,0.131
6,11217897,rs2018336,6,11172182,rs9348830,0.131
6,11217897,rs2018336,6,11172308,rs9366746,0.131
6,11217897,rs2018336,6,11172361,rs9357081,0.131
6,11217897,rs2018336,6,11172457,rs6907887,0.131
6,11217897,rs2018336,6,11172536,rs59242399,0.093
6,11217897,rs2018336,6,11172556,rs9468535,0.131
6,11217897,rs2018336,6,11172620,rs73435033,0.355
6,11217897,rs2018336,6,11172645,chr6_11172645_C_T,0.131
6,11217897,rs2018336,6,11172970,rs1467586,0.105
6,11217897,rs2018336,6,11173624,chr6_11173624_A_G,0.355
6,11217897,rs2018336,6,11173734,rs79153222,0.355
6,11217897,rs2018336,6,11173922,rs76664070,0.052
6,11217897,rs2018336,6,11175288,rs7775001,0.355
6,11217897,rs2018336,6,11175386,rs6942217,0.105
6,11217897,rs2018336,6,11175556,rs56181008,0.105
6,11217897,rs2018336,6,11177324,rs12213689,0.052
6,11217897,rs2018336,6,11178045,rs12194681,0.052
6,11217897,rs2018336,6,11178282,rs10484448,0.052
6,11217897,rs2018336,6,11181365,chr6_11181365_C_T,0.354
6,11217897,rs2018336,6,11183880,rs34467611,0.354
6,11217897,rs2018336,6,11184801,rs12211539,0.052
6,11217897,rs2018336,6,11185161,rs1908,0.052
6,11217897,rs2018336,6,11185184,rs1911,0.355
6,11217897,rs2018336,6,11186044,rs12193702,0.052
6,11217897,rs2018336,6,11187252,rs11759939,0.052
6,11217897,rs2018336,6,11189087,rs11751998,0.053
6,11217897,rs2018336,6,11189218,rs10947002,0.053
6,11217897,rs2018336,6,11189360,rs12199551,0.055
6,11217897,rs2018336,6,11192829,rs58511834,0.159
6,11217897,rs2018336,6,11193410,rs141854786,0.06
6,11217897,rs2018336,6,11193597,rs139170448,0.063
6,11217897,rs2018336,6,11194242,rs12205037,0.063
6,11217897,rs2018336,6,11194511,rs3798727,0.257
6,11217897,rs2018336,6,11194628,rs3798728,0.108
6,11217897,rs2018336,6,11195691,rs58470402,0.153
6,11217897,rs2018336,6,11196086,rs10947005,0.136
6,11217897,rs2018336,6,11196425,rs9380135,0.262
6,11217897,rs2018336,6,11198498,rs10947009,0.157
6,11217897,rs2018336,6,11198763,rs9393968,0.26
6,11217897,rs2018336,6,11200574,rs726230,0.073
6,11217897,rs2018336,6,11200856,rs2034,0.074
6,11217897,rs2018336,6,11201135,rs3798733,0.073
6,11217897,rs2018336,6,11201157,rs3798734,0.073
6,11217897,rs2018336,6,11201527,rs3798736,0.073
6,11217897,rs2018336,6,11201902,rs3778169,0.074
6,11217897,rs2018336,6,11202061,rs371332418,0.071
6,11217897,rs2018336,6,11202277,rs3834296,0.074
6,11217897,rs2018336,6,11202558,rs111868822,0.071
6,11217897,rs2018336,6,11202559,rs1570373,0.168
6,11217897,rs2018336,6,11202562,rs116264686,0.071
6,11217897,rs2018336,6,11202604,rs3756966,0.074
6,11217897,rs2018336,6,11203025,rs9295813,0.074
6,11217897,rs2018336,6,11203204,rs3798737,0.071
6,11217897,rs2018336,6,11203342,rs3798738,0.071
6,11217897,rs2018336,6,11203906,rs1570374,0.297
6,11217897,rs2018336,6,11204208,6:11204208:TAA:T,0.071
6,11217897,rs2018336,6,11204680,rs3778170,0.071
6,11217897,rs2018336,6,11204750,rs10947017,0.071
6,11217897,rs2018336,6,11204902,rs3778171,0.071
6,11217897,rs2018336,6,11204971,rs4713249,0.12
6,11217897,rs2018336,6,11205011,rs10947019,0.071
6,11217897,rs2018336,6,11205012,chr6_11205012_A_G,0.071
6,11217897,rs2018336,6,11205040,rs10947021,0.071
6,11217897,rs2018336,6,11206113,rs12190858,0.071
6,11217897,rs2018336,6,11208357,rs10807059,0.071
6,11217897,rs2018336,6,11208880,rs3102,0.071
6,11217897,rs2018336,6,11210334,rs10947026,0.072
6,11217897,rs2018336,6,11210568,rs34801872,0.307
6,11217897,rs2018336,6,11210999,rs147934321,0.176
6,11217897,rs2018336,6,11211099,rs3823016,0.124
6,11217897,rs2018336,6,11212754,rs6912916,0.074
6,11217897,rs2018336,6,11212959,rs3798743,0.074
6,11217897,rs2018336,6,11213347,rs6937575,0.075
6,11217897,rs2018336,6,11213468,rs12215094,0.075
6,11217897,rs2018336,6,11213832,rs3734404,0.233
6,11217897,rs2018336,6,11214092,rs9368612,0.296
6,11217897,rs2018336,6,11214705,rs1009667,0.165
6,11217897,rs2018336,6,11216279,rs9468656,0.051
6,11217897,rs2018336,6,11216700,rs9357087,0.051
6,11217897,rs2018336,6,11216726,rs12200095,0.085
6,11217897,rs2018336,6,11216977,rs2182335,0.1
6,11217897,rs2018336,6,11217021,rs12215491,0.086
6,11217897,rs2018336,6,11217843,rs2018334,0.3
6,11217897,rs2018336,6,11217876,rs729747,0.076
6,11217897,rs2018336,6,11217897,rs2018336,1
6,11217897,rs2018336,6,11218124,rs2327332,0.086
6,11217897,rs2018336,6,11218161,rs10947036,0.086
6,11217897,rs2018336,6,11218166,rs10947037,0.086
6,11217897,rs2018336,6,11218541,rs12190771,0.086
6,11217897,rs2018336,6,11219030,rs4713266,0.304
6,11217897,rs2018336,6,11219420,rs3734405,0.085
6,11217897,rs2018336,6,11221615,rs35887409,0.353
6,11217897,rs2018336,6,11223383,rs4711205,0.203
6,11217897,rs2018336,6,11223730,rs7740156,0.317
6,11217897,rs2018336,6,11224082,rs2281874,0.199
6,11217897,rs2018336,6,11224677,chr6_11224677_C_G,0.359
6,11217897,rs2018336,6,11224713,rs7769369,0.405
6,11217897,rs2018336,6,11224748,rs7769173,0.342
6,11217897,rs2018336,6,11225795,rs7740424,0.726
6,11217897,rs2018336,6,11225955,rs2094175,0.065
6,11217897,rs2018336,6,11226029,rs7755280,0.874
6,11217897,rs2018336,6,11226033,rs5874311,0.271
6,11217897,rs2018336,6,11226300,rs7755778,0.845
6,11217897,rs2018336,6,11226848,rs61589208,0.846
6,11217897,rs2018336,6,11227164,rs6457129,0.063
6,11217897,rs2018336,6,11227246,rs6457130,0.835
6,11217897,rs2018336,6,11227328,rs6457131,0.824
6,11217897,rs2018336,6,11227385,rs2182336,0.063
6,11217897,rs2018336,6,11227969,rs4713282,0.079
6,11217897,rs2018336,6,11227987,rs9348836,0.274
6,11217897,rs2018336,6,11228037,rs70991100,0.273
6,11217897,rs2018336,6,11228108,rs9295828,0.279
6,11217897,rs2018336,6,11228163,rs9380149,0.078
6,11217897,rs2018336,6,11228185,rs9357093,0.276
6,11217897,rs2018336,6,11228299,rs4713284,0.293
6,11217897,rs2018336,6,11228302,rs4713285,0.329
6,11217897,rs2018336,6,11228339,rs4713286,0.319
6,11217897,rs2018336,6,11228656,rs1967812,0.063
6,11217897,rs2018336,6,11228663,rs6457134,0.379
6,11217897,rs2018336,6,11228855,rs5874312,0.062
6,11217897,rs2018336,6,11228993,rs1475344,0.167
6,11217897,rs2018336,6,11230402,rs1475345,0.098
6,11219030,rs4713266,6,10908267,rs4713043,0.061
6,11219030,rs4713266,6,10908917,rs6928281,0.063
6,11219030,rs4713266,6,10911282,rs4713044,0.064
6,11219030,rs4713266,6,10914830,rs6932504,0.055
6,11219030,rs4713266,6,10914841,6:10914841:C:CACAAT,0.056
6,11219030,rs4713266,6,10915981,rs66602047,0.054
6,11219030,rs4713266,6,10917805,rs1225754,0.063
6,11219030,rs4713266,6,10918259,rs2761595,0.062
6,11219030,rs4713266,6,10922200,rs79938195,0.056
6,11219030,rs4713266,6,10922552,rs13192148,0.056
6,11219030,rs4713266,6,10922638,rs12190237,0.056
6,11219030,rs4713266,6,10923638,rs9467943,0.051
6,11219030,rs4713266,6,10924136,rs12207573,0.056
6,11219030,rs4713266,6,10934666,rs9467991,0.062
6,11219030,rs4713266,6,10995015,rs2236212,0.05
6,11219030,rs4713266,6,10997166,rs9295741,0.05
6,11219030,rs4713266,6,11004561,rs1323739,0.05
6,11219030,rs4713266,6,11011405,rs3945981,0.05
6,11219030,rs4713266,6,11044658,rs115367234,0.051
6,11219030,rs4713266,6,11057697,rs35761415,0.051
6,11219030,rs4713266,6,11083472,rs9348808,0.05
6,11219030,rs4713266,6,11084554,rs4713169,0.06
6,11219030,rs4713266,6,11085334,rs59411870,0.065
6,11219030,rs4713266,6,11085511,rs4713170,0.063
6,11219030,rs4713266,6,11086033,rs7770142,0.065
6,11219030,rs4713266,6,11088421,rs55914027,0.07
6,11219030,rs4713266,6,11088533,rs56190003,0.066
6,11219030,rs4713266,6,11089128,rs4711177,0.07
6,11219030,rs4713266,6,11093444,rs12190970,0.16
6,11219030,rs4713266,6,11094681,rs2273884,0.062
6,11219030,rs4713266,6,11095030,rs77912714,0.163
6,11219030,rs4713266,6,11095377,rs16870928,0.084
6,11219030,rs4713266,6,11096717,rs9368572,0.084
6,11219030,rs4713266,6,11096841,rs9468414,0.075
6,11219030,rs4713266,6,11097291,rs111473930,0.163
6,11219030,rs4713266,6,11098960,rs12215910,0.163
6,11219030,rs4713266,6,11099476,rs7775543,0.085
6,11219030,rs4713266,6,11102202,rs6456846,0.163
6,11219030,rs4713266,6,11102871,rs1099,0.07
6,11219030,rs4713266,6,11103038,rs1128291,0.072
6,11219030,rs4713266,6,11103888,rs9393931,0.084
6,11219030,rs4713266,6,11105763,rs76843344,0.07
6,11219030,rs4713266,6,11106835,rs12200932,0.163
6,11219030,rs4713266,6,11106999,rs11754914,0.085
6,11219030,rs4713266,6,11107215,rs10214511,0.073
6,11219030,rs4713266,6,11107774,rs76910538,0.07
6,11219030,rs4713266,6,11109831,rs12527972,0.071
6,11219030,rs4713266,6,11110656,rs7753998,0.072
6,11219030,rs4713266,6,11112438,rs12200717,0.163
6,11219030,rs4713266,6,11112977,rs4711179,0.072
6,11219030,rs4713266,6,11113793,rs77336846,0.162
6,11219030,rs4713266,6,11114209,6:11114209:G:GT,0.161
6,11219030,rs4713266,6,11114247,rs7760737,0.085
6,11219030,rs4713266,6,11114754,rs6909112,0.072
6,11219030,rs4713266,6,11114755,rs7746833,0.085
6,11219030,rs4713266,6,11116495,rs12529972,0.07
6,11219030,rs4713266,6,11117538,rs144703381,0.072
6,11219030,rs4713266,6,11121710,rs4711180,0.153
6,11219030,rs4713266,6,11123698,rs10946967,0.165
6,11219030,rs4713266,6,11126924,rs140774460,0.165
6,11219030,rs4713266,6,11128299,rs10946968,0.165
6,11219030,rs4713266,6,11130482,rs6926235,0.085
6,11219030,rs4713266,6,11131165,rs10484446,0.164
6,11219030,rs4713266,6,11136257,rs12205389,0.165
6,11219030,rs4713266,6,11137655,rs36113961,0.061
6,11219030,rs4713266,6,11138038,rs3734399,0.072
6,11219030,rs4713266,6,11139113,rs9348823,0.086
6,11219030,rs4713266,6,11139189,rs12527546,0.073
6,11219030,rs4713266,6,11141572,rs9393946,0.092
6,11219030,rs4713266,6,11143569,rs10484447,0.092
6,11219030,rs4713266,6,11145333,rs58052502,0.09
6,11219030,rs4713266,6,11145945,rs9393948,0.092
6,11219030,rs4713266,6,11146891,rs34698933,0.196
6,11219030,rs4713266,6,11148116,rs75162478,0.203
6,11219030,rs4713266,6,11148167,rs112728575,0.132
6,11219030,rs4713266,6,11148438,rs9393950,0.203
6,11219030,rs4713266,6,11148750,rs6922403,0.143
6,11219030,rs4713266,6,11148993,rs7744724,0.097
6,11219030,rs4713266,6,11149203,rs9368594,0.142
6,11219030,rs4713266,6,11150041,rs9393951,0.144
6,11219030,rs4713266,6,11150179,rs140702530,0.144
6,11219030,rs4713266,6,11150614,rs12212683,0.175
6,11219030,rs4713266,6,11150788,rs28497509,0.206
6,11219030,rs4713266,6,11151904,rs2146343,0.205
6,11219030,rs4713266,6,11152696,rs9380115,0.149
6,11219030,rs4713266,6,11152697,rs9366740,0.149
6,11219030,rs4713266,6,11152769,rs9366741,0.15
6,11219030,rs4713266,6,11153404,rs9380116,0.201
6,11219030,rs4713266,6,11153633,rs7752029,0.114
6,11219030,rs4713266,6,11153852,rs7452101,0.15
6,11219030,rs4713266,6,11156017,rs6912366,0.266
6,11219030,rs4713266,6,11156397,rs9295802,0.267
6,11219030,rs4713266,6,11157025,rs2327337,0.2
6,11219030,rs4713266,6,11157311,rs6938695,0.2
6,11219030,rs4713266,6,11158215,rs7764922,0.199
6,11219030,rs4713266,6,11158816,rs10946984,0.244
6,11219030,rs4713266,6,11160255,rs7752248,0.199
6,11219030,rs4713266,6,11160776,rs1540945,0.2
6,11219030,rs4713266,6,11160851,rs5874309,0.199
6,11219030,rs4713266,6,11161408,rs4713212,0.27
6,11219030,rs4713266,6,11161863,rs9468530,0.068
6,11219030,rs4713266,6,11163660,rs36077054,0.203
6,11219030,rs4713266,6,11164086,rs7743766,0.271
6,11219030,rs4713266,6,11164179,rs7768860,0.277
6,11219030,rs4713266,6,11164199,rs7745121,0.271
6,11219030,rs4713266,6,11164347,rs12192217,0.248
6,11219030,rs4713266,6,11165059,rs9366743,0.07
6,11219030,rs4713266,6,11165123,rs71550756,0.056
6,11219030,rs4713266,6,11166174,rs60615163,0.12
6,11219030,rs4713266,6,11166610,rs4406221,0.501
6,11219030,rs4713266,6,11166747,rs35640093,0.502
6,11219030,rs4713266,6,11166765,rs9366744,0.501
6,11219030,rs4713266,6,11166929,rs1160870,0.5
6,11219030,rs4713266,6,11167111,rs2146346,0.501
6,11219030,rs4713266,6,11167317,rs9393961,0.501
6,11219030,rs4713266,6,11167381,rs9393962,0.501
6,11219030,rs4713266,6,11167384,rs9380125,0.501
6,11219030,rs4713266,6,11167481,rs9393963,0.501
6,11219030,rs4713266,6,11167923,rs4713224,0.501
6,11219030,rs4713266,6,11167995,rs4711188,0.501
6,11219030,rs4713266,6,11168296,rs7766869,0.501
6,11219030,rs4713266,6,11168376,rs4711189,0.501
6,11219030,rs4713266,6,11168429,rs4713225,0.501
6,11219030,rs4713266,6,11168512,rs4711190,0.501
6,11219030,rs4713266,6,11168910,rs4363033,0.127
6,11219030,rs4713266,6,11168975,rs1007742,0.502
6,11219030,rs4713266,6,11169113,rs1570375,0.332
6,11219030,rs4713266,6,11169117,rs1570376,0.283
6,11219030,rs4713266,6,11169147,rs28408147,0.26
6,11219030,rs4713266,6,11169358,rs62395456,0.265
6,11219030,rs4713266,6,11170245,rs1570377,0.502
6,11219030,rs4713266,6,11170339,rs1570378,0.502
6,11219030,rs4713266,6,11170423,rs4596467,0.057
6,11219030,rs4713266,6,11170424,rs1467585,0.502
6,11219030,rs4713266,6,11170620,rs1007247,0.503
6,11219030,rs4713266,6,11171111,rs10946993,0.283
6,11219030,rs4713266,6,11171163,rs12663441,0.124
6,11219030,rs4713266,6,11171212,rs4711191,0.503
6,11219030,rs4713266,6,11171359,rs12213813,0.332
6,11219030,rs4713266,6,11171412,rs12212397,0.332
6,11219030,rs4713266,6,11171492,rs9380126,0.141
6,11219030,rs4713266,6,11171686,rs9393965,0.502
6,11219030,rs4713266,6,11171697,rs9368602,0.502
6,11219030,rs4713266,6,11171750,rs9393966,0.501
6,11219030,rs4713266,6,11171764,rs9380127,0.501
6,11219030,rs4713266,6,11171771,rs34067686,0.283
6,11219030,rs4713266,6,11171887,rs9461525,0.503
6,11219030,rs4713266,6,11171999,rs9461526,0.505
6,11219030,rs4713266,6,11172054,rs9766378,0.504
6,11219030,rs4713266,6,11172182,rs9348830,0.505
6,11219030,rs4713266,6,11172308,rs9366746,0.505
6,11219030,rs4713266,6,11172361,rs9357081,0.505
6,11219030,rs4713266,6,11172457,rs6907887,0.505
6,11219030,rs4713266,6,11172536,rs59242399,0.367
6,11219030,rs4713266,6,11172556,rs9468535,0.505
6,11219030,rs4713266,6,11172620,rs73435033,0.125
6,11219030,rs4713266,6,11172645,chr6_11172645_C_T,0.504
6,11219030,rs4713266,6,11172970,rs1467586,0.283
6,11219030,rs4713266,6,11172983,rs10946996,0.265
6,11219030,rs4713266,6,11173190,rs35725925,0.057
6,11219030,rs4713266,6,11173624,chr6_11173624_A_G,0.125
6,11219030,rs4713266,6,11173734,rs79153222,0.125
6,11219030,rs4713266,6,11173922,rs76664070,0.18
6,11219030,rs4713266,6,11174092,rs9461527,0.262
6,11219030,rs4713266,6,11174144,rs9461528,0.262
6,11219030,rs4713266,6,11174278,rs55865817,0.264
6,11219030,rs4713266,6,11174591,rs4552715,0.259
6,11219030,rs4713266,6,11175129,rs6941667,0.264
6,11219030,rs4713266,6,11175164,rs6925387,0.264
6,11219030,rs4713266,6,11175222,rs6941861,0.264
6,11219030,rs4713266,6,11175288,rs7775001,0.125
6,11219030,rs4713266,6,11175386,rs6942217,0.285
6,11219030,rs4713266,6,11175556,rs56181008,0.285
6,11219030,rs4713266,6,11176614,rs9368604,0.115
6,11219030,rs4713266,6,11176704,rs7743913,0.115
6,11219030,rs4713266,6,11177324,rs12213689,0.18
6,11219030,rs4713266,6,11178045,rs12194681,0.18
6,11219030,rs4713266,6,11178282,rs10484448,0.18
6,11219030,rs4713266,6,11178821,rs9380131,0.261
6,11219030,rs4713266,6,11179419,rs4526180,0.108
6,11219030,rs4713266,6,11179441,rs4620101,0.11
6,11219030,rs4713266,6,11179589,rs4526181,0.113
6,11219030,rs4713266,6,11179597,rs4590257,0.113
6,11219030,rs4713266,6,11179610,rs9368607,0.264
6,11219030,rs4713266,6,11179672,rs9295807,0.111
6,11219030,rs4713266,6,11179746,rs9283887,0.111
6,11219030,rs4713266,6,11180017,rs7764270,0.111
6,11219030,rs4713266,6,11181365,chr6_11181365_C_T,0.124
6,11219030,rs4713266,6,11181709,rs4711195,0.264
6,11219030,rs4713266,6,11182711,rs62398276,0.264
6,11219030,rs4713266,6,11183587,rs1044417,0.11
6,11219030,rs4713266,6,11183880,rs34467611,0.124
6,11219030,rs4713266,6,11183903,rs1044411,0.264
6,11219030,rs4713266,6,11183912,rs1044408,0.264
6,11219030,rs4713266,6,11184090,rs1570372,0.11
6,11219030,rs4713266,6,11184801,rs12211539,0.18
6,11219030,rs4713266,6,11185161,rs1908,0.18
6,11219030,rs4713266,6,11185184,rs1911,0.126
6,11219030,rs4713266,6,11185533,rs1050775,0.115
6,11219030,rs4713266,6,11186044,rs12193702,0.18
6,11219030,rs4713266,6,11186049,rs17495074,0.056
6,11219030,rs4713266,6,11186131,rs6917006,0.259
6,11219030,rs4713266,6,11186431,rs8180658,0.115
6,11219030,rs4713266,6,11186845,rs10484449,0.057
6,11219030,rs4713266,6,11186936,rs71548530,0.056
6,11219030,rs4713266,6,11186946,rs71548531,0.056
6,11219030,rs4713266,6,11186958,rs9366748,0.115
6,11219030,rs4713266,6,11187252,rs11759939,0.18
6,11219030,rs4713266,6,11187364,rs35399791,0.116
6,11219030,rs4713266,6,11187925,rs17561071,0.056
6,11219030,rs4713266,6,11188153,rs2236348,0.264
6,11219030,rs4713266,6,11188797,rs34220701,0.228
6,11219030,rs4713266,6,11188939,rs6906952,0.228
6,11219030,rs4713266,6,11189087,rs11751998,0.182
6,11219030,rs4713266,6,11189218,rs10947002,0.183
6,11219030,rs4713266,6,11189351,rs35999206,0.134
6,11219030,rs4713266,6,11189360,rs12199551,0.186
6,11219030,rs4713266,6,11192829,rs58511834,0.171
6,11219030,rs4713266,6,11193410,rs141854786,0.207
6,11219030,rs4713266,6,11193597,rs139170448,0.211
6,11219030,rs4713266,6,11194242,rs12205037,0.211
6,11219030,rs4713266,6,11198814,rs11759513,0.204
6,11219030,rs4713266,6,11199234,rs3798731,0.204
6,11219030,rs4713266,6,11200164,rs34719056,0.331
6,11219030,rs4713266,6,11200574,rs726230,0.214
6,11219030,rs4713266,6,11200856,rs2034,0.218
6,11219030,rs4713266,6,11201135,rs3798733,0.217
6,11219030,rs4713266,6,11201157,rs3798734,0.216
6,11219030,rs4713266,6,11201468,rs3798735,0.332
6,11219030,rs4713266,6,11201527,rs3798736,0.217
6,11219030,rs4713266,6,11201902,rs3778169,0.218
6,11219030,rs4713266,6,11202061,rs371332418,0.232
6,11219030,rs4713266,6,11202277,rs3834296,0.218
6,11219030,rs4713266,6,11202357,rs2146342,0.33
6,11219030,rs4713266,6,11202558,rs111868822,0.231
6,11219030,rs4713266,6,11202562,rs116264686,0.231
6,11219030,rs4713266,6,11202604,rs3756966,0.218
6,11219030,rs4713266,6,11203025,rs9295813,0.218
6,11219030,rs4713266,6,11203204,rs3798737,0.231
6,11219030,rs4713266,6,11203342,rs3798738,0.231
6,11219030,rs4713266,6,11204208,6:11204208:TAA:T,0.231
6,11219030,rs4713266,6,11204208,6:11204208:TAA:TAAAA,0.36
6,11219030,rs4713266,6,11204516,rs4713247,0.105
6,11219030,rs4713266,6,11204680,rs3778170,0.232
6,11219030,rs4713266,6,11204750,rs10947017,0.231
6,11219030,rs4713266,6,11204902,rs3778171,0.231
6,11219030,rs4713266,6,11204971,rs4713249,0.407
6,11219030,rs4713266,6,11205011,rs10947019,0.231
6,11219030,rs4713266,6,11205012,chr6_11205012_A_G,0.231
6,11219030,rs4713266,6,11205040,rs10947021,0.231
6,11219030,rs4713266,6,11206113,rs12190858,0.231
6,11219030,rs4713266,6,11207043,rs57111989,0.105
6,11219030,rs4713266,6,11208357,rs10807059,0.232
6,11219030,rs4713266,6,11208815,rs361521,0.375
6,11219030,rs4713266,6,11208880,rs3102,0.232
6,11219030,rs4713266,6,11210334,rs10947026,0.232
6,11219030,rs4713266,6,11210999,rs147934321,0.084
6,11219030,rs4713266,6,11211053,rs74222359,0.378
6,11219030,rs4713266,6,11211083,rs62395298,0.379
6,11219030,rs4713266,6,11211099,rs3823016,0.407
6,11219030,rs4713266,6,11211894,rs3798742,0.367
6,11219030,rs4713266,6,11212754,rs6912916,0.22
6,11219030,rs4713266,6,11212959,rs3798743,0.22
6,11219030,rs4713266,6,11213347,rs6937575,0.223
6,11219030,rs4713266,6,11213468,rs12215094,0.222
6,11219030,rs4713266,6,11214216,rs9295823,0.155
6,11219030,rs4713266,6,11216279,rs9468656,0.167
6,11219030,rs4713266,6,11216447,rs6917551,0.12
6,11219030,rs4713266,6,11216700,rs9357087,0.168
6,11219030,rs4713266,6,11216726,rs12200095,0.281
6,11219030,rs4713266,6,11216977,rs2182335,0.363
6,11219030,rs4713266,6,11217021,rs12215491,0.282
6,11219030,rs4713266,6,11217728,rs943007,0.121
6,11219030,rs4713266,6,11217843,rs2018334,0.997
6,11219030,rs4713266,6,11217876,rs729747,0.25
6,11219030,rs4713266,6,11217897,rs2018336,0.304
6,11219030,rs4713266,6,11218124,rs2327332,0.282
6,11219030,rs4713266,6,11218161,rs10947036,0.282
6,11219030,rs4713266,6,11218166,rs10947037,0.282
6,11219030,rs4713266,6,11218541,rs12190771,0.282
6,11219030,rs4713266,6,11219030,rs4713266,1
6,11219030,rs4713266,6,11219420,rs3734405,0.272
6,11219030,rs4713266,6,11220172,rs943008,0.057
6,11219030,rs4713266,6,11220417,rs6457107,0.118
6,11219030,rs4713266,6,11221615,rs35887409,0.123
6,11219030,rs4713266,6,11223730,rs7740156,0.062
6,11219030,rs4713266,6,11223760,rs7767871,0.056
6,11219030,rs4713266,6,11224111,rs2025677,0.118
6,11219030,rs4713266,6,11224677,chr6_11224677_C_G,0.107
6,11219030,rs4713266,6,11224713,rs7769369,0.16
6,11219030,rs4713266,6,11224748,rs7769173,0.104
6,11219030,rs4713266,6,11225013,rs2025678,0.117
6,11219030,rs4713266,6,11225795,rs7740424,0.194
6,11219030,rs4713266,6,11226029,rs7755280,0.289
6,11219030,rs4713266,6,11226033,rs5874311,0.051
6,11219030,rs4713266,6,11226300,rs7755778,0.272
6,11219030,rs4713266,6,11226848,rs61589208,0.279
6,11219030,rs4713266,6,11227246,rs6457130,0.275
6,11219030,rs4713266,6,11227328,rs6457131,0.273
6,11219030,rs4713266,6,11227987,rs9348836,0.068
6,11219030,rs4713266,6,11228037,rs70991100,0.069
6,11219030,rs4713266,6,11228108,rs9295828,0.07
6,11219030,rs4713266,6,11228185,rs9357093,0.07
6,11219030,rs4713266,6,11228299,rs4713284,0.08
6,11219030,rs4713266,6,11228302,rs4713285,0.1
6,11219030,rs4713266,6,11228339,rs4713286,0.09
6,11219030,rs4713266,6,11236410,rs35210001,0.112
6,11227246,rs6457130,6,10975958,rs9357040,0.053
6,11227246,rs6457130,6,10976383,rs6937422,0.053
6,11227246,rs6457130,6,10976424,rs6932739,0.053
6,11227246,rs6457130,6,10976532,rs6910806,0.053
6,11227246,rs6457130,6,10978756,rs9393824,0.051
6,11227246,rs6457130,6,10982359,rs17606561,0.069
6,11227246,rs6457130,6,10984964,rs28792430,0.068
6,11227246,rs6457130,6,10986228,rs146632589,0.069
6,11227246,rs6457130,6,10987518,rs200230849,0.068
6,11227246,rs6457130,6,10990493,rs2281591,0.068
6,11227246,rs6457130,6,10992650,rs142566314,0.069
6,11227246,rs6457130,6,10995595,rs138162676,0.069
6,11227246,rs6457130,6,11003731,rs4495264,0.069
6,11227246,rs6457130,6,11005686,rs2295601,0.069
6,11227246,rs6457130,6,11022154,rs3756963,0.064
6,11227246,rs6457130,6,11025420,rs2180725,0.069
6,11227246,rs6457130,6,11027742,rs9295754,0.07
6,11227246,rs6457130,6,11028654,rs2208338,0.07
6,11227246,rs6457130,6,11033028,rs4640881,0.07
6,11227246,rs6457130,6,11033625,rs9295757,0.07
6,11227246,rs6457130,6,11036316,rs3839412,0.072
6,11227246,rs6457130,6,11036447,rs3798718,0.078
6,11227246,rs6457130,6,11036825,rs3798719,0.069
6,11227246,rs6457130,6,11037144,rs3839413,0.067
6,11227246,rs6457130,6,11038292,rs7744073,0.065
6,11227246,rs6457130,6,11038511,rs7744440,0.065
6,11227246,rs6457130,6,11040183,rs3798721,0.072
6,11227246,rs6457130,6,11040423,rs3798722,0.065
6,11227246,rs6457130,6,11040667,6:11040667:TG:C,0.07
6,11227246,rs6457130,6,11040668,rs57082372,0.07
6,11227246,rs6457130,6,11040767,rs28444611,0.07
6,11227246,rs6457130,6,11041720,rs3798723,0.072
6,11227246,rs6457130,6,11042234,6:11042234:A:ATTTTC,0.07
6,11227246,rs6457130,6,11042418,rs9366716,0.07
6,11227246,rs6457130,6,11042909,rs9393903,0.069
6,11227246,rs6457130,6,11044068,rs9468308,0.065
6,11227246,rs6457130,6,11048825,rs147535679,0.071
6,11227246,rs6457130,6,11050803,rs4601123,0.071
6,11227246,rs6457130,6,11054745,rs146655629,0.071
6,11227246,rs6457130,6,11060283,rs9368564,0.071
6,11227246,rs6457130,6,11062150,rs9380073,0.072
6,11227246,rs6457130,6,11072322,rs9393915,0.072
6,11227246,rs6457130,6,11078237,rs17675361,0.072
6,11227246,rs6457130,6,11095377,rs16870928,0.203
6,11227246,rs6457130,6,11096717,rs9368572,0.203
6,11227246,rs6457130,6,11099476,rs7775543,0.203
6,11227246,rs6457130,6,11103888,rs9393931,0.201
6,11227246,rs6457130,6,11106999,rs11754914,0.203
6,11227246,rs6457130,6,11114247,rs7760737,0.203
6,11227246,rs6457130,6,11114755,rs7746833,0.203
6,11227246,rs6457130,6,11130482,rs6926235,0.206
6,11227246,rs6457130,6,11139113,rs9348823,0.208
6,11227246,rs6457130,6,11141572,rs9393946,0.227
6,11227246,rs6457130,6,11143072,rs35950387,0.155
6,11227246,rs6457130,6,11143569,rs10484447,0.231
6,11227246,rs6457130,6,11145333,rs58052502,0.229
6,11227246,rs6457130,6,11145688,rs11970707,0.163
6,11227246,rs6457130,6,11145945,rs9393948,0.23
6,11227246,rs6457130,6,11146875,rs4713206,0.054
6,11227246,rs6457130,6,11146891,rs34698933,0.057
6,11227246,rs6457130,6,11148993,rs7744724,0.241
6,11227246,rs6457130,6,11150614,rs12212683,0.051
6,11227246,rs6457130,6,11151904,rs2146343,0.055
6,11227246,rs6457130,6,11153633,rs7752029,0.256
6,11227246,rs6457130,6,11158816,rs10946984,0.068
6,11227246,rs6457130,6,11164347,rs12192217,0.07
6,11227246,rs6457130,6,11166174,rs60615163,0.273
6,11227246,rs6457130,6,11166610,rs4406221,0.121
6,11227246,rs6457130,6,11166747,rs35640093,0.121
6,11227246,rs6457130,6,11166765,rs9366744,0.121
6,11227246,rs6457130,6,11166929,rs1160870,0.119
6,11227246,rs6457130,6,11167111,rs2146346,0.121
6,11227246,rs6457130,6,11167317,rs9393961,0.121
6,11227246,rs6457130,6,11167381,rs9393962,0.121
6,11227246,rs6457130,6,11167384,rs9380125,0.121
6,11227246,rs6457130,6,11167481,rs9393963,0.121
6,11227246,rs6457130,6,11167923,rs4713224,0.121
6,11227246,rs6457130,6,11167995,rs4711188,0.121
6,11227246,rs6457130,6,11168296,rs7766869,0.121
6,11227246,rs6457130,6,11168376,rs4711189,0.121
6,11227246,rs6457130,6,11168429,rs4713225,0.121
6,11227246,rs6457130,6,11168512,rs4711190,0.121
6,11227246,rs6457130,6,11168910,rs4363033,0.274
6,11227246,rs6457130,6,11168975,rs1007742,0.121
6,11227246,rs6457130,6,11169113,rs1570375,0.113
6,11227246,rs6457130,6,11169117,rs1570376,0.101
6,11227246,rs6457130,6,11170245,rs1570377,0.121
6,11227246,rs6457130,6,11170339,rs1570378,0.12
6,11227246,rs6457130,6,11170424,rs1467585,0.121
6,11227246,rs6457130,6,11170620,rs1007247,0.121
6,11227246,rs6457130,6,11171111,rs10946993,0.101
6,11227246,rs6457130,6,11171163,rs12663441,0.279
6,11227246,rs6457130,6,11171212,rs4711191,0.121
6,11227246,rs6457130,6,11171359,rs12213813,0.113
6,11227246,rs6457130,6,11171412,rs12212397,0.113
6,11227246,rs6457130,6,11171686,rs9393965,0.121
6,11227246,rs6457130,6,11171697,rs9368602,0.121
6,11227246,rs6457130,6,11171750,rs9393966,0.121
6,11227246,rs6457130,6,11171764,rs9380127,0.121
6,11227246,rs6457130,6,11171771,rs34067686,0.101
6,11227246,rs6457130,6,11171887,rs9461525,0.121
6,11227246,rs6457130,6,11171999,rs9461526,0.123
6,11227246,rs6457130,6,11172054,rs9766378,0.123
6,11227246,rs6457130,6,11172182,rs9348830,0.123
6,11227246,rs6457130,6,11172308,rs9366746,0.123
6,11227246,rs6457130,6,11172361,rs9357081,0.123
6,11227246,rs6457130,6,11172457,rs6907887,0.123
6,11227246,rs6457130,6,11172536,rs59242399,0.086
6,11227246,rs6457130,6,11172556,rs9468535,0.123
6,11227246,rs6457130,6,11172620,rs73435033,0.279
6,11227246,rs6457130,6,11172645,chr6_11172645_C_T,0.123
6,11227246,rs6457130,6,11172970,rs1467586,0.101
6,11227246,rs6457130,6,11173624,chr6_11173624_A_G,0.277
6,11227246,rs6457130,6,11173734,rs79153222,0.279
6,11227246,rs6457130,6,11173922,rs76664070,0.051
6,11227246,rs6457130,6,11175288,rs7775001,0.28
6,11227246,rs6457130,6,11175386,rs6942217,0.101
6,11227246,rs6457130,6,11175556,rs56181008,0.101
6,11227246,rs6457130,6,11177324,rs12213689,0.051
6,11227246,rs6457130,6,11178045,rs12194681,0.051
6,11227246,rs6457130,6,11178282,rs10484448,0.051
6,11227246,rs6457130,6,11181365,chr6_11181365_C_T,0.282
6,11227246,rs6457130,6,11183880,rs34467611,0.282
6,11227246,rs6457130,6,11184801,rs12211539,0.051
6,11227246,rs6457130,6,11185161,rs1908,0.051
6,11227246,rs6457130,6,11185184,rs1911,0.283
6,11227246,rs6457130,6,11186044,rs12193702,0.051
6,11227246,rs6457130,6,11187252,rs11759939,0.051
6,11227246,rs6457130,6,11189087,rs11751998,0.052
6,11227246,rs6457130,6,11189218,rs10947002,0.052
6,11227246,rs6457130,6,11189360,rs12199551,0.054
6,11227246,rs6457130,6,11192829,rs58511834,0.127
6,11227246,rs6457130,6,11193410,rs141854786,0.055
6,11227246,rs6457130,6,11193597,rs139170448,0.058
6,11227246,rs6457130,6,11194242,rs12205037,0.058
6,11227246,rs6457130,6,11194511,rs3798727,0.207
6,11227246,rs6457130,6,11194628,rs3798728,0.096
6,11227246,rs6457130,6,11195691,rs58470402,0.134
6,11227246,rs6457130,6,11196086,rs10947005,0.122
6,11227246,rs6457130,6,11196425,rs9380135,0.212
6,11227246,rs6457130,6,11198498,rs10947009,0.138
6,11227246,rs6457130,6,11198763,rs9393968,0.211
6,11227246,rs6457130,6,11200574,rs726230,0.054
6,11227246,rs6457130,6,11200856,rs2034,0.055
6,11227246,rs6457130,6,11201135,rs3798733,0.055
6,11227246,rs6457130,6,11201157,rs3798734,0.055
6,11227246,rs6457130,6,11201527,rs3798736,0.055
6,11227246,rs6457130,6,11201902,rs3778169,0.055
6,11227246,rs6457130,6,11202061,rs371332418,0.065
6,11227246,rs6457130,6,11202277,rs3834296,0.055
6,11227246,rs6457130,6,11202558,rs111868822,0.065
6,11227246,rs6457130,6,11202559,rs1570373,0.132
6,11227246,rs6457130,6,11202562,rs116264686,0.065
6,11227246,rs6457130,6,11202604,rs3756966,0.055
6,11227246,rs6457130,6,11203025,rs9295813,0.055
6,11227246,rs6457130,6,11203204,rs3798737,0.065
6,11227246,rs6457130,6,11203342,rs3798738,0.065
6,11227246,rs6457130,6,11203906,rs1570374,0.242
6,11227246,rs6457130,6,11204208,6:11204208:TAA:T,0.066
6,11227246,rs6457130,6,11204680,rs3778170,0.065
6,11227246,rs6457130,6,11204750,rs10947017,0.065
6,11227246,rs6457130,6,11204902,rs3778171,0.065
6,11227246,rs6457130,6,11204971,rs4713249,0.111
6,11227246,rs6457130,6,11205011,rs10947019,0.065
6,11227246,rs6457130,6,11205012,chr6_11205012_A_G,0.065
6,11227246,rs6457130,6,11205040,rs10947021,0.065
6,11227246,rs6457130,6,11206113,rs12190858,0.065
6,11227246,rs6457130,6,11208357,rs10807059,0.065
6,11227246,rs6457130,6,11208880,rs3102,0.065
6,11227246,rs6457130,6,11210334,rs10947026,0.066
6,11227246,rs6457130,6,11210568,rs34801872,0.25
6,11227246,rs6457130,6,11210999,rs147934321,0.158
6,11227246,rs6457130,6,11211099,rs3823016,0.115
6,11227246,rs6457130,6,11212754,rs6912916,0.054
6,11227246,rs6457130,6,11212959,rs3798743,0.054
6,11227246,rs6457130,6,11213347,rs6937575,0.055
6,11227246,rs6457130,6,11213468,rs12215094,0.055
6,11227246,rs6457130,6,11213832,rs3734404,0.208
6,11227246,rs6457130,6,11214092,rs9368612,0.266
6,11227246,rs6457130,6,11214705,rs1009667,0.141
6,11227246,rs6457130,6,11216726,rs12200095,0.077
6,11227246,rs6457130,6,11216977,rs2182335,0.09
6,11227246,rs6457130,6,11217021,rs12215491,0.078
6,11227246,rs6457130,6,11217843,rs2018334,0.271
6,11227246,rs6457130,6,11217876,rs729747,0.073
6,11227246,rs6457130,6,11217897,rs2018336,0.835
6,11227246,rs6457130,6,11218124,rs2327332,0.078
6,11227246,rs6457130,6,11218161,rs10947036,0.078
6,11227246,rs6457130,6,11218166,rs10947037,0.078
6,11227246,rs6457130,6,11218541,rs12190771,0.078
6,11227246,rs6457130,6,11219030,rs4713266,0.275
6,11227246,rs6457130,6,11219420,rs3734405,0.078
6,11227246,rs6457130,6,11221615,rs35887409,0.321
6,11227246,rs6457130,6,11223383,rs4711205,0.184
6,11227246,rs6457130,6,11223730,rs7740156,0.295
6,11227246,rs6457130,6,11224082,rs2281874,0.182
6,11227246,rs6457130,6,11224677,chr6_11224677_C_G,0.329
6,11227246,rs6457130,6,11224713,rs7769369,0.372
6,11227246,rs6457130,6,11224748,rs7769173,0.316
6,11227246,rs6457130,6,11225795,rs7740424,0.812
6,11227246,rs6457130,6,11225955,rs2094175,0.071
6,11227246,rs6457130,6,11226029,rs7755280,0.978
6,11227246,rs6457130,6,11226033,rs5874311,0.311
6,11227246,rs6457130,6,11226300,rs7755778,0.957
6,11227246,rs6457130,6,11226848,rs61589208,0.989
6,11227246,rs6457130,6,11227164,rs6457129,0.071
6,11227246,rs6457130,6,11227246,rs6457130,1
6,11227246,rs6457130,6,11227328,rs6457131,0.987
6,11227246,rs6457130,6,11227385,rs2182336,0.071
6,11227246,rs6457130,6,11227969,rs4713282,0.086
6,11227246,rs6457130,6,11227987,rs9348836,0.34
6,11227246,rs6457130,6,11228037,rs70991100,0.34
6,11227246,rs6457130,6,11228108,rs9295828,0.345
6,11227246,rs6457130,6,11228163,rs9380149,0.085
6,11227246,rs6457130,6,11228185,rs9357093,0.344
6,11227246,rs6457130,6,11228299,rs4713284,0.32
6,11227246,rs6457130,6,11228302,rs4713285,0.358
6,11227246,rs6457130,6,11228339,rs4713286,0.356
6,11227246,rs6457130,6,11228656,rs1967812,0.07
6,11227246,rs6457130,6,11228663,rs6457134,0.458
6,11227246,rs6457130,6,11228855,rs5874312,0.07
6,11227246,rs6457130,6,11228993,rs1475344,0.21
6,11227246,rs6457130,6,11230402,rs1475345,0.133
