CHR_A,BP_A,SNP_A,CHR_B,BP_B,SNP_B,R2
7,97816327,rs6465657,7,97634876,rs1180779,0.451
7,97816327,rs6465657,7,97634963,rs58823769,0.159
7,97816327,rs6465657,7,97635080,rs1180778,0.425
7,97816327,rs6465657,7,97635249,rs79033652,0.152
7,97816327,rs6465657,7,97635251,rs1180777,0.266
7,97816327,rs6465657,7,97635459,rs77792498,0.12
7,97816327,rs6465657,7,97635479,rs12536234,0.151
7,97816327,rs6465657,7,97635539,rs143250879,0.15
7,97816327,rs6465657,7,97635841,rs12672767,0.149
7,97816327,rs6465657,7,97635847,rs12670761,0.149
7,97816327,rs6465657,7,97636006,rs12668544,0.149
7,97816327,rs6465657,7,97636476,rs1180776,0.369
7,97816327,rs6465657,7,97636673,rs11974355,0.149
7,97816327,rs6465657,7,97636776,rs10282535,0.149
7,97816327,rs6465657,7,97636830,rs10282648,0.149
7,97816327,rs6465657,7,97636992,rs1180775,0.369
7,97816327,rs6465657,7,97637176,rs10085505,0.149
7,97816327,rs6465657,7,97637747,rs73140987,0.149
7,97816327,rs6465657,7,97637823,rs1180774,0.257
7,97816327,rs6465657,7,97637975,rs1180773,0.414
7,97816327,rs6465657,7,97638118,rs150786027,0.149
7,97816327,rs6465657,7,97638429,rs35588960,0.15
7,97816327,rs6465657,7,97638650,rs1180772,0.368
7,97816327,rs6465657,7,97638713,rs10247262,0.368
7,97816327,rs6465657,7,97638714,rs10231766,0.15
7,97816327,rs6465657,7,97639635,rs147189016,0.428
7,97816327,rs6465657,7,97639679,rs61191325,0.077
7,97816327,rs6465657,7,97640326,rs1799051,0.077
7,97816327,rs6465657,7,97640967,rs61045241,0.079
7,97816327,rs6465657,7,97641107,rs2394816,0.384
7,97816327,rs6465657,7,97641847,rs200729471,0.129
7,97816327,rs6465657,7,97642076,rs1799050,0.385
7,97816327,rs6465657,7,97642138,rs12669030,0.118
7,97816327,rs6465657,7,97642397,rs12669058,0.384
7,97816327,rs6465657,7,97642684,rs2108047,0.384
7,97816327,rs6465657,7,97642988,rs1815102,0.078
7,97816327,rs6465657,7,97643598,rs1636532,0.434
7,97816327,rs6465657,7,97644351,rs71964667,0.384
7,97816327,rs6465657,7,97644571,rs4507702,0.385
7,97816327,rs6465657,7,97646171,rs13309936,0.387
7,97816327,rs6465657,7,97646562,rs201440129,0.384
7,97816327,rs6465657,7,97647191,rs1799041,0.076
7,97816327,rs6465657,7,97647208,rs1799040,0.077
7,97816327,rs6465657,7,97647848,rs1636529,0.385
7,97816327,rs6465657,7,97648127,rs117600008,0.077
7,97816327,rs6465657,7,97648464,rs33998037,0.254
7,97816327,rs6465657,7,97650041,rs12530974,0.118
7,97816327,rs6465657,7,97650161,rs56385004,0.116
7,97816327,rs6465657,7,97650618,rs1180771,0.454
7,97816327,rs6465657,7,97650696,rs76945674,0.119
7,97816327,rs6465657,7,97650991,rs1180770,0.116
7,97816327,rs6465657,7,97651194,rs12531742,0.119
7,97816327,rs6465657,7,97651473,rs1180769,0.117
7,97816327,rs6465657,7,97651712,rs1180768,0.407
7,97816327,rs6465657,7,97651737,rs1180767,0.456
7,97816327,rs6465657,7,97651858,rs1180766,0.406
7,97816327,rs6465657,7,97651975,rs1180765,0.408
7,97816327,rs6465657,7,97652030,rs1180764,0.408
7,97816327,rs6465657,7,97652678,rs12672398,0.151
7,97816327,rs6465657,7,97653318,rs67562842,0.134
7,97816327,rs6465657,7,97653404,rs17169244,0.124
7,97816327,rs6465657,7,97653512,rs73140997,0.12
7,97816327,rs6465657,7,97653811,rs740209,0.117
7,97816327,rs6465657,7,97653968,rs150209260,0.118
7,97816327,rs6465657,7,97655005,rs11772494,0.478
7,97816327,rs6465657,7,97657377,rs34941373,0.399
7,97816327,rs6465657,7,97657453,rs13233148,0.448
7,97816327,rs6465657,7,97657457,rs71552573,0.492
7,97816327,rs6465657,7,97657462,rs71108263,0.495
7,97816327,rs6465657,7,97657516,rs13232956,0.54
7,97816327,rs6465657,7,97657562,rs12540847,0.354
7,97816327,rs6465657,7,97658446,rs62477937,0.351
7,97816327,rs6465657,7,97659425,rs56156790,0.416
7,97816327,rs6465657,7,97660027,rs11266827,0.361
7,97816327,rs6465657,7,97660194,rs7788612,0.395
7,97816327,rs6465657,7,97661004,rs28516798,0.359
7,97816327,rs6465657,7,97661143,rs6960808,0.37
7,97816327,rs6465657,7,97661414,rs6961433,0.372
7,97816327,rs6465657,7,97665261,rs60499683,0.662
7,97816327,rs6465657,7,97666168,rs55893808,0.359
7,97816327,rs6465657,7,97666578,rs7807218,0.569
7,97816327,rs6465657,7,97668012,rs12667763,0.363
7,97816327,rs6465657,7,97668127,rs146634400,0.641
7,97816327,rs6465657,7,97668693,rs200699089,0.395
7,97816327,rs6465657,7,97669145,rs59356672,0.089
7,97816327,rs6465657,7,97670154,rs847580,0.626
7,97816327,rs6465657,7,97670903,rs6465644,0.648
7,97816327,rs6465657,7,97671460,rs78874154,0.09
7,97816327,rs6465657,7,97673213,rs62477950,0.658
7,97816327,rs6465657,7,97675148,rs34262838,0.405
7,97816327,rs6465657,7,97675201,rs1799052,0.059
7,97816327,rs6465657,7,97675415,rs76165495,0.075
7,97816327,rs6465657,7,97675814,rs60374843,0.53
7,97816327,rs6465657,7,97676259,rs10953238,0.838
7,97816327,rs6465657,7,97676379,rs141996715,0.795
7,97816327,rs6465657,7,97679493,rs35841683,0.053
7,97816327,rs6465657,7,97679811,rs11973371,0.059
7,97816327,rs6465657,7,97680080,rs13311684,0.584
7,97816327,rs6465657,7,97680356,rs3847054,0.116
7,97816327,rs6465657,7,97680412,rs58699092,0.053
7,97816327,rs6465657,7,97680542,rs36051940,0.058
7,97816327,rs6465657,7,97680645,rs3847055,0.402
7,97816327,rs6465657,7,97680802,rs7779795,0.059
7,97816327,rs6465657,7,97681444,rs17169254,0.119
7,97816327,rs6465657,7,97681693,rs76721068,0.413
7,97816327,rs6465657,7,97681761,rs847573,0.44
7,97816327,rs6465657,7,97682647,rs59372489,0.119
7,97816327,rs6465657,7,97682908,rs34249863,0.842
7,97816327,rs6465657,7,97684131,rs989481,0.843
7,97816327,rs6465657,7,97684468,rs12538837,0.402
7,97816327,rs6465657,7,97687127,rs12536528,0.063
7,97816327,rs6465657,7,97687466,rs11765311,0.117
7,97816327,rs6465657,7,97687576,rs17169258,0.063
7,97816327,rs6465657,7,97687986,rs847560,0.9
7,97816327,rs6465657,7,97688326,rs4727385,0.117
7,97816327,rs6465657,7,97688440,rs4727386,0.876
7,97816327,rs6465657,7,97688936,rs7777145,0.062
7,97816327,rs6465657,7,97690438,rs2394817,0.867
7,97816327,rs6465657,7,97690501,rs74313504,0.182
7,97816327,rs6465657,7,97690573,rs76612702,0.334
7,97816327,rs6465657,7,97690630,rs1799044,0.069
7,97816327,rs6465657,7,97690666,rs113802988,0.182
7,97816327,rs6465657,7,97690794,rs1799045,0.051
7,97816327,rs6465657,7,97691046,rs13225951,0.07
7,97816327,rs6465657,7,97691079,rs12704959,0.052
7,97816327,rs6465657,7,97691080,rs12704960,0.051
7,97816327,rs6465657,7,97691432,rs62477953,0.178
7,97816327,rs6465657,7,97691505,rs1799047,0.068
7,97816327,rs6465657,7,97691836,rs1799048,0.051
7,97816327,rs6465657,7,97691889,rs1799049,0.05
7,97816327,rs6465657,7,97692148,rs10263095,0.278
7,97816327,rs6465657,7,97693026,rs62477954,0.171
7,97816327,rs6465657,7,97693179,rs199697229,0.164
7,97816327,rs6465657,7,97693662,rs66706435,0.051
7,97816327,rs6465657,7,97693811,rs74299610,0.181
7,97816327,rs6465657,7,97694394,rs73143018,0.333
7,97816327,rs6465657,7,97694493,rs13240869,0.87
7,97816327,rs6465657,7,97694676,rs10275160,0.181
7,97816327,rs6465657,7,97694858,rs847577,0.751
7,97816327,rs6465657,7,97694888,rs860207,0.272
7,97816327,rs6465657,7,97694910,rs147058774,0.052
7,97816327,rs6465657,7,97695363,rs705308,0.915
7,97816327,rs6465657,7,97695888,rs35101190,0.869
7,97816327,rs6465657,7,97696027,rs10279735,0.053
7,97816327,rs6465657,7,97696034,rs112688915,0.181
7,97816327,rs6465657,7,97696334,rs12674083,0.871
7,97816327,rs6465657,7,97696963,rs112683978,0.18
7,97816327,rs6465657,7,97697406,rs28731384,0.18
7,97816327,rs6465657,7,97697445,rs11769855,0.332
7,97816327,rs6465657,7,97697513,rs34675530,0.872
7,97816327,rs6465657,7,97697901,rs56134009,0.333
7,97816327,rs6465657,7,97698000,rs372278614,0.872
7,97816327,rs6465657,7,97698375,rs12538041,0.18
7,97816327,rs6465657,7,97699292,rs17169261,0.177
7,97816327,rs6465657,7,97701263,rs10278845,0.18
7,97816327,rs6465657,7,97701575,rs34796934,0.875
7,97816327,rs6465657,7,97703683,rs4308664,0.053
7,97816327,rs6465657,7,97704822,rs6465647,0.878
7,97816327,rs6465657,7,97706249,rs740208,0.332
7,97816327,rs6465657,7,97706846,rs57830341,0.181
7,97816327,rs6465657,7,97707069,rs1799068,0.689
7,97816327,rs6465657,7,97707731,rs4729402,0.642
7,97816327,rs6465657,7,97707841,rs4729403,0.645
7,97816327,rs6465657,7,97707855,rs73710326,0.18
7,97816327,rs6465657,7,97708363,rs62479765,0.156
7,97816327,rs6465657,7,97708397,rs12670686,0.884
7,97816327,rs6465657,7,97708990,rs10230795,0.183
7,97816327,rs6465657,7,97709256,rs61369258,0.183
7,97816327,rs6465657,7,97709345,rs1013887,0.848
7,97816327,rs6465657,7,97709861,rs1013886,0.848
7,97816327,rs6465657,7,97710147,rs11762810,0.328
7,97816327,rs6465657,7,97710832,rs12333559,0.054
7,97816327,rs6465657,7,97711340,rs6946915,0.926
7,97816327,rs6465657,7,97711386,rs60687247,0.186
7,97816327,rs6465657,7,97711783,rs6951277,0.848
7,97816327,rs6465657,7,97712537,rs75621600,0.872
7,97816327,rs6465657,7,97712664,rs76802117,0.849
7,97816327,rs6465657,7,97712831,rs7790120,0.848
7,97816327,rs6465657,7,97713039,rs7790736,0.848
7,97816327,rs6465657,7,97713101,rs7790479,0.849
7,97816327,rs6465657,7,97713514,rs12704963,0.852
7,97816327,rs6465657,7,97713843,rs78898349,0.184
7,97816327,rs6465657,7,97714386,rs10252338,0.054
7,97816327,rs6465657,7,97714458,rs6465648,0.856
7,97816327,rs6465657,7,97714474,rs6465649,0.856
7,97816327,rs6465657,7,97714506,rs10953239,0.654
7,97816327,rs6465657,7,97715088,rs6967926,0.935
7,97816327,rs6465657,7,97715215,rs6968345,0.122
7,97816327,rs6465657,7,97715319,rs10464490,0.863
7,97816327,rs6465657,7,97715892,rs62479768,0.333
7,97816327,rs6465657,7,97716483,rs940432,0.863
7,97816327,rs6465657,7,97716495,rs940431,0.864
7,97816327,rs6465657,7,97716540,rs940430,0.864
7,97816327,rs6465657,7,97716656,rs111719847,0.189
7,97816327,rs6465657,7,97718201,rs55784506,0.865
7,97816327,rs6465657,7,97718378,rs35641135,0.865
7,97816327,rs6465657,7,97718650,rs35763039,0.476
7,97816327,rs6465657,7,97719676,rs12665986,0.66
7,97816327,rs6465657,7,97719699,rs13221897,0.866
7,97816327,rs6465657,7,97719806,rs13221758,0.946
7,97816327,rs6465657,7,97720428,rs12704966,0.059
7,97816327,rs6465657,7,97721425,rs7808528,0.947
7,97816327,rs6465657,7,97722597,rs34353490,0.059
7,97816327,rs6465657,7,97722987,rs13247901,0.059
7,97816327,rs6465657,7,97723787,rs10227681,0.059
7,97816327,rs6465657,7,97724363,rs72615156,0.19
7,97816327,rs6465657,7,97724503,rs6465650,0.946
7,97816327,rs6465657,7,97725197,rs56174823,0.333
7,97816327,rs6465657,7,97725713,rs12540334,0.192
7,97816327,rs6465657,7,97726723,rs62479773,0.333
7,97816327,rs6465657,7,97727480,rs6980318,0.059
7,97816327,rs6465657,7,97728449,rs34307903,0.948
7,97816327,rs6465657,7,97728917,rs201515619,0.942
7,97816327,rs6465657,7,97730220,rs6974059,0.192
7,97816327,rs6465657,7,97730557,rs62479774,0.174
7,97816327,rs6465657,7,97731500,rs10238491,0.191
7,97816327,rs6465657,7,97731700,rs10282336,0.058
7,97816327,rs6465657,7,97732653,rs6465651,0.192
7,97816327,rs6465657,7,97732842,rs6969384,0.948
7,97816327,rs6465657,7,97733207,rs56006208,0.332
7,97816327,rs6465657,7,97733384,rs28415802,0.059
7,97816327,rs6465657,7,97734424,rs73149199,0.332
7,97816327,rs6465657,7,97734732,rs11366171,0.665
7,97816327,rs6465657,7,97735124,rs55765204,0.332
7,97816327,rs6465657,7,97736577,rs3735252,0.059
7,97816327,rs6465657,7,97737088,rs36081491,0.059
7,97816327,rs6465657,7,97738489,rs10230017,0.072
7,97816327,rs6465657,7,97739317,rs2394824,0.33
7,97816327,rs6465657,7,97739918,rs10499940,0.197
7,97816327,rs6465657,7,97740412,rs10235547,0.197
7,97816327,rs6465657,7,97740991,rs10254594,0.197
7,97816327,rs6465657,7,97741043,rs10254691,0.197
7,97816327,rs6465657,7,97741795,rs10242903,0.67
7,97816327,rs6465657,7,97741945,rs55761857,0.33
7,97816327,rs6465657,7,97742454,rs13241860,0.059
7,97816327,rs6465657,7,97742606,rs10246861,0.072
7,97816327,rs6465657,7,97743359,rs73404144,0.197
7,97816327,rs6465657,7,97743449,rs10216274,0.059
7,97816327,rs6465657,7,97743469,rs10215577,0.058
7,97816327,rs6465657,7,97746387,rs11768678,0.329
7,97816327,rs6465657,7,97747557,rs4729404,0.33
7,97816327,rs6465657,7,97748084,rs75314014,0.051
7,97816327,rs6465657,7,97748313,rs7788997,0.059
7,97816327,rs6465657,7,97750383,rs17169317,0.059
7,97816327,rs6465657,7,97751315,rs10258913,0.196
7,97816327,rs6465657,7,97753016,rs10282640,0.059
7,97816327,rs6465657,7,97753594,rs56389625,0.33
7,97816327,rs6465657,7,97754074,rs73404162,0.196
7,97816327,rs6465657,7,97754097,rs386410791,0.982
7,97816327,rs6465657,7,97755098,rs17169325,0.33
7,97816327,rs6465657,7,97756719,rs10231625,0.059
7,97816327,rs6465657,7,97756777,rs17169328,0.059
7,97816327,rs6465657,7,97757101,rs10261777,0.059
7,97816327,rs6465657,7,97757283,rs62479795,0.331
7,97816327,rs6465657,7,97758335,rs16869462,0.094
7,97816327,rs6465657,7,97762395,rs951987,0.059
7,97816327,rs6465657,7,97762474,rs951988,0.671
7,97816327,rs6465657,7,97763497,rs11761896,0.33
7,97816327,rs6465657,7,97764162,rs10232153,0.06
7,97816327,rs6465657,7,97767083,rs7341519,0.194
7,97816327,rs6465657,7,97767488,rs74636425,0.053
7,97816327,rs6465657,7,97769695,rs62479797,0.331
7,97816327,rs6465657,7,97769953,rs73404186,0.059
7,97816327,rs6465657,7,97771220,rs10276472,0.06
7,97816327,rs6465657,7,97771608,rs56088922,0.33
7,97816327,rs6465657,7,97772004,rs34320281,0.06
7,97816327,rs6465657,7,97772658,rs4729408,0.335
7,97816327,rs6465657,7,97773812,rs11768309,0.993
7,97816327,rs6465657,7,97774300,rs10275267,0.196
7,97816327,rs6465657,7,97774378,rs62479798,0.199
7,97816327,rs6465657,7,97774843,rs77787457,0.056
7,97816327,rs6465657,7,97774859,rs6977321,0.985
7,97816327,rs6465657,7,97775922,rs11980911,0.118
7,97816327,rs6465657,7,97777817,rs10224176,0.282
7,97816327,rs6465657,7,97778576,rs11767962,0.994
7,97816327,rs6465657,7,97780558,rs2272184,0.196
7,97816327,rs6465657,7,97781243,rs67300176,0.235
7,97816327,rs6465657,7,97781645,rs10270280,0.055
7,97816327,rs6465657,7,97781799,rs10270222,0.678
7,97816327,rs6465657,7,97781944,rs62479799,0.155
7,97816327,rs6465657,7,97782116,rs10241172,0.06
7,97816327,rs6465657,7,97782821,rs11772060,0.331
7,97816327,rs6465657,7,97784061,rs17435590,0.993
7,97816327,rs6465657,7,97784367,rs11773169,0.333
7,97816327,rs6465657,7,97785500,rs34320230,0.993
7,97816327,rs6465657,7,97785669,rs10243469,0.327
7,97816327,rs6465657,7,97786282,rs6465654,0.939
7,97816327,rs6465657,7,97786359,rs6465655,0.061
7,97816327,rs6465657,7,97786952,rs34715220,0.339
7,97816327,rs6465657,7,97788042,rs10243993,0.061
7,97816327,rs6465657,7,97788216,rs9656054,0.198
7,97816327,rs6465657,7,97788764,rs10499944,0.197
7,97816327,rs6465657,7,97788809,rs17169406,0.198
7,97816327,rs6465657,7,97789233,rs6958785,0.062
7,97816327,rs6465657,7,97789351,rs6958572,0.931
7,97816327,rs6465657,7,97790925,rs10256262,0.062
7,97816327,rs6465657,7,97790991,rs12666406,0.994
7,97816327,rs6465657,7,97792014,rs10215815,0.197
7,97816327,rs6465657,7,97792576,rs11762771,0.331
7,97816327,rs6465657,7,97792603,rs149910891,0.2
7,97816327,rs6465657,7,97792820,rs17435847,0.985
7,97816327,rs6465657,7,97793026,rs28681561,0.062
7,97816327,rs6465657,7,97793209,rs1039057,0.333
7,97816327,rs6465657,7,97794422,rs72494441,0.196
7,97816327,rs6465657,7,97794801,rs58911561,0.335
7,97816327,rs6465657,7,97795173,rs10259449,0.196
7,97816327,rs6465657,7,97795912,rs34961918,0.196
7,97816327,rs6465657,7,97796093,rs10248229,0.194
7,97816327,rs6465657,7,97796635,rs7804318,0.967
7,97816327,rs6465657,7,97797778,rs11762534,0.746
7,97816327,rs6465657,7,97798117,rs884897,0.282
7,97816327,rs6465657,7,97800003,rs62479802,0.154
7,97816327,rs6465657,7,97803416,rs11351887,0.769
7,97816327,rs6465657,7,97805409,rs12532406,0.2
7,97816327,rs6465657,7,97806434,rs79795720,0.197
7,97816327,rs6465657,7,97807882,rs6965016,0.998
7,97816327,rs6465657,7,97809258,rs73151153,0.117
7,97816327,rs6465657,7,97811109,rs72578568,0.197
7,97816327,rs6465657,7,97813089,rs12539490,0.199
7,97816327,rs6465657,7,97815343,rs13221480,0.063
7,97816327,rs6465657,7,97815999,rs41278842,0.68
7,97816327,rs6465657,7,97816327,rs6465657,1
7,97816327,rs6465657,7,97816638,rs6465658,0.999
7,97816327,rs6465657,7,97817321,rs11763970,0.991
7,97816327,rs6465657,7,97818246,rs62479818,0.156
7,97816327,rs6465657,7,97819047,rs7791463,0.999
7,97816327,rs6465657,7,97822115,rs11765552,0.991
7,97816327,rs6465657,7,97822210,rs3801294,0.99
7,97816327,rs6465657,7,97825134,rs73406026,0.198
7,97816327,rs6465657,7,97825188,rs11764933,0.99
7,97816327,rs6465657,7,97826232,rs1495525,0.673
7,97816327,rs6465657,7,97826331,rs79055671,0.197
7,97816327,rs6465657,7,97826340,rs2132276,0.991
7,97816327,rs6465657,7,97830588,rs13228463,0.062
7,97816327,rs6465657,7,97832154,rs73406034,0.197
7,97816327,rs6465657,7,97834704,rs35428901,0.062
7,97816327,rs6465657,7,97835640,rs2291748,0.196
7,97816327,rs6465657,7,97835885,rs1532380,0.334
7,97816327,rs6465657,7,97838142,rs13221415,0.063
7,97816327,rs6465657,7,97838146,rs13221419,0.063
7,97816327,rs6465657,7,97838200,rs3735253,0.195
7,97816327,rs6465657,7,97838313,rs3735256,0.195
7,97816327,rs6465657,7,97839140,rs17169462,0.166
7,97816327,rs6465657,7,97840024,rs1532381,0.062
7,97816327,rs6465657,7,97840144,rs34616135,0.99
7,97816327,rs6465657,7,97840315,rs117643288,0.321
7,97816327,rs6465657,7,97841051,rs74427781,0.195
7,97816327,rs6465657,7,97841318,rs56034325,0.331
7,97816327,rs6465657,7,97842668,rs754464,0.235
7,97816327,rs6465657,7,97842791,rs10230846,0.071
7,97816327,rs6465657,7,97843979,rs12704976,0.068
7,97816327,rs6465657,7,97844578,rs3148,0.056
7,97816327,rs6465657,7,97845713,rs11551890,0.488
7,97816327,rs6465657,7,97846435,rs74672857,0.227
7,97816327,rs6465657,7,97847459,rs56009323,0.162
7,97816327,rs6465657,7,97847522,rs6951913,0.214
7,97816327,rs6465657,7,97847619,rs56153131,0.161
7,97816327,rs6465657,7,97847738,rs73151174,0.214
7,97816327,rs6465657,7,97848681,rs59932969,0.16
7,97816327,rs6465657,7,97849359,rs34649939,0.479
7,97816327,rs6465657,7,97849451,rs145452014,0.158
7,97816327,rs6465657,7,97849461,rs12540613,0.158
7,97816327,rs6465657,7,97849464,rs35527492,0.479
7,97816327,rs6465657,7,97849648,rs12533016,0.485
7,97816327,rs6465657,7,97849652,rs112086726,0.21
7,97816327,rs6465657,7,97850340,rs73151177,0.475
7,97816327,rs6465657,7,97850383,rs62479822,0.472
7,97816327,rs6465657,7,97850406,rs62479823,0.475
7,97816327,rs6465657,7,97850599,rs67420939,0.447
7,97816327,rs6465657,7,97850794,rs71532099,0.442
7,97816327,rs6465657,7,97850822,rs28566958,0.477
7,97816327,rs6465657,7,97852399,rs11762014,0.153
7,97816327,rs6465657,7,97852586,rs11762703,0.153
7,97816327,rs6465657,7,97852698,rs55738918,0.201
7,97816327,rs6465657,7,97852895,rs2270596,0.152
7,97816327,rs6465657,7,97853184,rs3816943,0.152
7,97816327,rs6465657,7,97853489,rs60997612,0.2
7,97816327,rs6465657,7,97853795,rs2291747,0.462
7,97816327,rs6465657,7,97853845,rs2291746,0.199
7,97816327,rs6465657,7,97854393,rs2291745,0.195
7,97816327,rs6465657,7,97855462,rs10953245,0.458
7,97816327,rs6465657,7,97857675,rs2270604,0.454
7,97816327,rs6465657,7,97858647,rs2270603,0.148
7,97816327,rs6465657,7,97858973,rs142786157,0.196
7,97816327,rs6465657,7,97859060,rs747632,0.451
7,97816327,rs6465657,7,97859182,rs747631,0.455
7,97816327,rs6465657,7,97859277,rs60327699,0.15
7,97816327,rs6465657,7,97859287,rs747630,0.196
7,97816327,rs6465657,7,97859387,rs747633,0.455
7,97816327,rs6465657,7,97860182,rs2270601,0.196
7,97816327,rs6465657,7,97860939,rs2270600,0.458
7,97816327,rs6465657,7,97861407,rs34304553,0.452
7,97816327,rs6465657,7,97863145,rs2291750,0.196
7,97816327,rs6465657,7,97864269,rs11761574,0.454
7,97816327,rs6465657,7,97864398,rs11768456,0.15
7,97816327,rs6465657,7,97864666,rs10953247,0.456
7,97816327,rs6465657,7,97864792,rs76754817,0.129
7,97816327,rs6465657,7,97864868,rs80292432,0.134
7,97816327,rs6465657,7,97865153,rs78761769,0.436
7,97816327,rs6465657,7,97865458,rs4727388,0.451
7,97816327,rs6465657,7,97865757,rs7777991,0.134
7,97816327,rs6465657,7,97865936,rs56229643,0.456
7,97816327,rs6465657,7,97866291,rs3735258,0.211
7,97816327,rs6465657,7,97866480,rs77968419,0.134
7,97816327,rs6465657,7,97866884,rs12531433,0.213
7,97816327,rs6465657,7,97868033,rs17169479,0.133
7,97816327,rs6465657,7,97868727,rs6963518,0.186
7,97816327,rs6465657,7,97869192,rs10953248,0.455
7,97816327,rs6465657,7,97871985,rs75070716,0.133
7,97816327,rs6465657,7,97873467,rs35603430,0.455
7,97816327,rs6465657,7,97873994,rs1874344,0.225
7,97816327,rs6465657,7,97874094,rs903592,0.225
7,97816327,rs6465657,7,97874143,rs3816944,0.455
7,97816327,rs6465657,7,97874625,rs34789614,0.455
7,97816327,rs6465657,7,97874656,rs2270597,0.225
7,97816327,rs6465657,7,97874693,rs35272066,0.186
7,97816327,rs6465657,7,97874849,rs12539998,0.224
7,97816327,rs6465657,7,97875582,rs36097167,0.212
7,97816327,rs6465657,7,97875775,rs4729419,0.225
7,97816327,rs6465657,7,97876593,rs4727390,0.473
7,97816327,rs6465657,7,97876704,rs58699591,0.135
7,97816327,rs6465657,7,97876742,rs62479835,0.115
7,97816327,rs6465657,7,97876980,rs4729421,0.471
7,97816327,rs6465657,7,97877968,rs62479836,0.473
7,97816327,rs6465657,7,97877992,rs72145133,0.135
7,97816327,rs6465657,7,97878153,rs80195155,0.134
7,97816327,rs6465657,7,97878157,rs144253259,0.455
7,97816327,rs6465657,7,97878195,rs7796762,0.455
7,97816327,rs6465657,7,97878504,rs13237878,0.455
7,97816327,rs6465657,7,97878671,rs12704977,0.454
7,97816327,rs6465657,7,97878710,rs11771397,0.471
7,97816327,rs6465657,7,97879698,rs56098787,0.472
7,97816327,rs6465657,7,97880226,rs954050,0.468
7,97816327,rs6465657,7,97880623,rs139651945,0.224
7,97816327,rs6465657,7,97881868,rs1874343,0.469
7,97816327,rs6465657,7,97882336,rs17169486,0.224
7,97816327,rs6465657,7,97882561,rs11982193,0.132
7,97816327,rs6465657,7,97883069,rs12704978,0.46
7,97816327,rs6465657,7,97883069,rs12704978,0.461
7,97816327,rs6465657,7,97883146,rs62479838,0.46
7,97816327,rs6465657,7,97883459,rs17436977,0.444
7,97816327,rs6465657,7,97883912,rs2394827,0.46
7,97816327,rs6465657,7,97884915,rs11984183,0.46
7,97816327,rs6465657,7,97885213,rs6465661,0.445
7,97816327,rs6465657,7,97885253,rs11773779,0.46
7,97816327,rs6465657,7,97885725,rs12536125,0.219
7,97816327,rs6465657,7,97887051,rs34817002,0.444
7,97816327,rs6465657,7,97887872,rs6950994,0.44
7,97816327,rs6465657,7,97888121,rs6951479,0.458
7,97816327,rs6465657,7,97888478,rs12539676,0.459
7,97816327,rs6465657,7,97888798,rs7789440,0.445
7,97816327,rs6465657,7,97889050,rs11772438,0.462
7,97816327,rs6465657,7,97889758,rs7794187,0.444
7,97816327,rs6465657,7,97890297,rs7795059,0.46
7,97816327,rs6465657,7,97890297,rs7795059,0.461
7,97816327,rs6465657,7,97891512,rs11768214,0.225
7,97816327,rs6465657,7,97892356,rs6955259,0.443
7,97816327,rs6465657,7,97894087,rs74890108,0.131
7,97816327,rs6465657,7,97894157,rs61575270,0.46
7,97816327,rs6465657,7,97894172,rs76976120,0.131
7,97816327,rs6465657,7,97894195,rs66871217,0.277
7,97816327,rs6465657,7,97895254,rs73709460,0.131
7,97816327,rs6465657,7,97895938,rs200729270,0.444
7,97816327,rs6465657,7,97896175,rs35216698,0.444
7,97816327,rs6465657,7,97897120,rs56694862,0.131
7,97816327,rs6465657,7,97897760,rs59597713,0.131
7,97816327,rs6465657,7,97898356,rs4364578,0.223
7,97816327,rs6465657,7,97898810,rs34838763,0.435
7,97816327,rs6465657,7,97899086,7:97899086:CTTTT:C,0.274
7,97816327,rs6465657,7,97899535,rs34830366,0.443
7,97816327,rs6465657,7,97899777,rs12704981,0.457
7,97816327,rs6465657,7,97899873,rs34776142,0.443
7,97816327,rs6465657,7,97900698,rs11771953,0.459
7,97816327,rs6465657,7,97900826,rs7787309,0.46
7,97816327,rs6465657,7,97901565,rs12669622,0.46
7,97816327,rs6465657,7,97901622,rs58477839,0.131
7,97816327,rs6465657,7,97901860,rs10249366,0.46
7,97816327,rs6465657,7,97901962,rs138136617,0.459
7,97816327,rs6465657,7,97902142,rs150063393,0.131
7,97816327,rs6465657,7,97903074,rs61446268,0.459
7,97816327,rs6465657,7,97903642,rs7802382,0.444
7,97816327,rs6465657,7,97903788,rs62479844,0.226
7,97816327,rs6465657,7,97903806,rs7802560,0.444
7,97816327,rs6465657,7,97904505,rs28662014,0.456
7,97816327,rs6465657,7,97904898,rs199773685,0.456
7,97816327,rs6465657,7,97904898,rs199773685,0.458
7,97816327,rs6465657,7,97905782,rs56168872,0.226
7,97816327,rs6465657,7,97907468,rs7795432,0.181
7,97816327,rs6465657,7,97907610,7:97907610:TGG:TGGG,0.188
7,97816327,rs6465657,7,97908223,rs7796611,0.428
7,97816327,rs6465657,7,97909277,rs13238610,0.43
7,97816327,rs6465657,7,97909739,rs144345781,0.429
7,97816327,rs6465657,7,97910637,rs12113294,0.19
7,97816327,rs6465657,7,97910800,7:97910800:C:CGGCGG,0.144
7,97816327,rs6465657,7,97911618,rs111849767,0.376
7,97816327,rs6465657,7,97912204,rs6947208,0.422
7,97816327,rs6465657,7,97912221,rs6967457,0.423
7,97816327,rs6465657,7,97912241,rs6947340,0.42
7,97816327,rs6465657,7,97912364,rs67667885,0.421
7,97816327,rs6465657,7,97913196,rs4506131,0.135
7,97816327,rs6465657,7,97914305,rs10953254,0.152
7,97816327,rs6465657,7,97914898,rs13246725,0.421
7,97816327,rs6465657,7,97915021,rs13246942,0.422
7,97816327,rs6465657,7,97915376,rs11766808,0.421
7,97816327,rs6465657,7,97915635,rs6950023,0.16
7,97816327,rs6465657,7,97915637,rs6967728,0.157
7,97816327,rs6465657,7,97915697,rs6968144,0.422
7,97816327,rs6465657,7,97915789,rs11760930,0.421
7,97816327,rs6465657,7,97915902,rs6968193,0.423
7,97816327,rs6465657,7,97916461,rs35983874,0.422
7,97816327,rs6465657,7,97917158,rs62479853,0.421
7,97816327,rs6465657,7,97917801,rs6465662,0.421
7,97816327,rs6465657,7,97917910,chr7_97917911_CA_INDEL,0.146
7,97816327,rs6465657,7,97918159,rs35941058,0.422
7,97816327,rs6465657,7,97918448,rs4075057,0.422
7,97816327,rs6465657,7,97918883,rs6465663,0.421
7,97816327,rs6465657,7,97919338,rs7790229,0.415
7,97816327,rs6465657,7,97919569,rs35944487,0.423
7,97816327,rs6465657,7,97919974,rs117066569,0.122
7,97816327,rs6465657,7,97920072,rs7794612,0.423
7,97816327,rs6465657,7,97920270,rs7778015,0.421
7,97816327,rs6465657,7,97920623,rs7015,0.159
7,97816327,rs6465657,7,97920871,rs34534766,0.421
7,97816327,rs6465657,7,97921533,rs1132971,0.421
7,97816327,rs6465657,7,97921834,rs6465664,0.421
7,97816327,rs6465657,7,97922773,rs12873,0.421
7,97816327,rs6465657,7,97922851,rs12728,0.422
7,97816327,rs6465657,7,97922875,rs13008,0.375
7,97816327,rs6465657,7,97923198,rs10953255,0.422
7,97816327,rs6465657,7,97924226,rs62479858,0.146
7,97816327,rs6465657,7,97924483,rs6949718,0.422
7,97816327,rs6465657,7,97924571,rs6969731,0.42
7,97816327,rs6465657,7,97925240,rs6970801,0.421
7,97816327,rs6465657,7,97925382,rs6970990,0.422
7,97816327,rs6465657,7,97925534,rs6975156,0.421
7,97816327,rs6465657,7,97925931,rs11772293,0.422
7,97816327,rs6465657,7,97926053,rs12704982,0.421
7,97816327,rs6465657,7,97926416,rs11761158,0.421
7,97816327,rs6465657,7,97926464,rs34129434,0.421
7,97816327,rs6465657,7,97927045,rs12704983,0.42
7,97816327,rs6465657,7,97928610,rs66548074,0.422
7,97816327,rs6465657,7,97928722,rs73147342,0.422
7,97816327,rs6465657,7,97929081,rs13232861,0.153
7,97816327,rs6465657,7,97929183,rs62478160,0.149
7,97816327,rs6465657,7,97929573,rs11290747,0.16
7,97816327,rs6465657,7,97929738,rs7781916,0.421
7,97816327,rs6465657,7,97930300,rs73147343,0.108
7,97816327,rs6465657,7,97931062,rs34695842,0.423
7,97816327,rs6465657,7,97931489,rs736753,0.421
7,97816327,rs6465657,7,97931559,rs736754,0.421
7,97816327,rs6465657,7,97931900,chr7_97931901_GGAACGCAGAAA_INDEL,0.421
7,97816327,rs6465657,7,97933601,rs1045916,0.066
7,97816327,rs6465657,7,97933855,rs7802541,0.438
7,97816327,rs6465657,7,97933867,rs7785612,0.439
7,97816327,rs6465657,7,97933911,rs7802794,0.414
7,97816327,rs6465657,7,97934150,rs6465665,0.41
7,97816327,rs6465657,7,97934633,rs374542511,0.139
7,97816327,rs6465657,7,97935671,rs13232181,0.411
7,97816327,rs6465657,7,97936481,rs12673586,0.411
7,97816327,rs6465657,7,97937258,rs6465666,0.412
7,97816327,rs6465657,7,97937981,rs4729431,0.4
7,97816327,rs6465657,7,97938443,rs1006169,0.14
7,97816327,rs6465657,7,97938618,rs1985593,0.14
7,97816327,rs6465657,7,97939222,rs6951286,0.134
7,97816327,rs6465657,7,97939987,rs2906184,0.158
7,97816327,rs6465657,7,97940472,rs62478168,0.095
7,97816327,rs6465657,7,97940814,rs75139799,0.112
7,97816327,rs6465657,7,97942436,rs11270106,0.107
7,97816327,rs6465657,7,97943575,rs2394852,0.408
7,97816327,rs6465657,7,97944125,rs7791321,0.408
7,97816327,rs6465657,7,97944744,rs2107716,0.409
7,97816327,rs6465657,7,97944935,rs374517924,0.388
7,97816327,rs6465657,7,97944986,rs6963210,0.408
7,97816327,rs6465657,7,97945115,rs9648907,0.362
7,97816327,rs6465657,7,97945236,rs9648908,0.408
7,97816327,rs6465657,7,97946299,rs34785619,0.159
7,97816327,rs6465657,7,97946902,rs7797943,0.408
7,97816327,rs6465657,7,97947055,rs4729432,0.139
7,97816327,rs6465657,7,97949814,rs1635609,0.159
7,97816327,rs6465657,7,97950175,rs10608649,0.409
7,97816327,rs6465657,7,97950620,rs3801264,0.407
7,97816327,rs6465657,7,97951118,rs1468338,0.407
7,97816327,rs6465657,7,97951131,rs2158553,0.407
7,97816327,rs6465657,7,97951242,rs12112351,0.407
7,97816327,rs6465657,7,97951321,rs1688607,0.159
7,97816327,rs6465657,7,97951671,rs10808107,0.407
7,97816327,rs6465657,7,97951886,rs10953256,0.407
7,97816327,rs6465657,7,97952011,rs2286074,0.407
7,97816327,rs6465657,7,97952167,rs7458551,0.408
7,97816327,rs6465657,7,97956180,rs7789380,0.408
7,97816327,rs6465657,7,97956184,rs76222115,0.148
7,97816327,rs6465657,7,97956758,rs55946416,0.14
7,97816327,rs6465657,7,97957104,rs3823740,0.408
7,97816327,rs6465657,7,97957517,rs7807555,0.408
7,97816327,rs6465657,7,97957622,rs7807455,0.409
7,97816327,rs6465657,7,97957885,rs6465667,0.408
7,97816327,rs6465657,7,97959025,rs36085425,0.41
7,97816327,rs6465657,7,97959214,rs7777415,0.408
7,97816327,rs6465657,7,97959768,rs6968321,0.408
7,97816327,rs6465657,7,97959956,rs6948346,0.396
7,97816327,rs6465657,7,97960066,rs6948540,0.408
7,97816327,rs6465657,7,97960146,rs3062613,0.14
7,97816327,rs6465657,7,97960233,rs6949214,0.409
7,97816327,rs6465657,7,97960664,rs10953257,0.408
7,97816327,rs6465657,7,97960800,rs55648546,0.14
7,97816327,rs6465657,7,97960850,rs7787418,0.41
7,97816327,rs6465657,7,97961469,rs6465668,0.407
7,97816327,rs6465657,7,97961501,rs6465669,0.407
7,97816327,rs6465657,7,97961512,rs6465670,0.407
7,97816327,rs6465657,7,97961603,rs6465671,0.406
7,97816327,rs6465657,7,97961844,rs6979373,0.408
7,97816327,rs6465657,7,97961897,rs6959506,0.408
7,97816327,rs6465657,7,97962271,rs34717219,0.407
7,97816327,rs6465657,7,97962319,rs35535338,0.409
7,97816327,rs6465657,7,97962648,rs34835415,0.407
7,97816327,rs6465657,7,97963717,rs6465672,0.407
7,97816327,rs6465657,7,97964019,rs11761206,0.407
7,97816327,rs6465657,7,97964148,rs62478174,0.407
7,97816327,rs6465657,7,97964244,rs62478175,0.409
7,97816327,rs6465657,7,97964611,rs62478177,0.408
7,97816327,rs6465657,7,97964626,rs67400516,0.408
7,97816327,rs6465657,7,97965016,rs3801263,0.408
7,97816327,rs6465657,7,97965442,rs12667634,0.408
7,97816327,rs6465657,7,97965566,rs35997266,0.409
7,97816327,rs6465657,7,97965821,rs11769950,0.14
7,97816327,rs6465657,7,97967229,rs72004613,0.407
7,97816327,rs6465657,7,97967556,rs12671301,0.406
7,97816327,rs6465657,7,97967685,rs146844005,0.139
7,97816327,rs6465657,7,97968243,rs6974943,0.407
7,97816327,rs6465657,7,97968887,rs6465673,0.405
7,97816327,rs6465657,7,97969140,rs7812180,0.406
7,97816327,rs6465657,7,97970105,rs11455938,0.376
7,97816327,rs6465657,7,97970137,rs60077733,0.408
7,97816327,rs6465657,7,97970697,rs34547845,0.407
7,97816327,rs6465657,7,97971643,rs11765794,0.406
7,97816327,rs6465657,7,97972639,rs10953258,0.134
7,97816327,rs6465657,7,97972946,rs6945554,0.409
7,97816327,rs6465657,7,97974203,rs7801992,0.409
7,97816327,rs6465657,7,97974555,rs11768599,0.139
7,97816327,rs6465657,7,97974617,rs36017146,0.409
7,97816327,rs6465657,7,97974851,rs1688606,0.156
7,97816327,rs6465657,7,97974910,rs36019673,0.41
7,97816327,rs6465657,7,97975542,rs6961129,0.408
7,97816327,rs6465657,7,97976306,rs142838483,0.409
7,97816327,rs6465657,7,97977268,rs112758337,0.156
7,97816327,rs6465657,7,97977670,rs4727392,0.133
7,97816327,rs6465657,7,97977895,rs6465674,0.403
7,97816327,rs6465657,7,97978287,rs7795176,0.408
7,97816327,rs6465657,7,97979238,rs6967934,0.408
7,97816327,rs6465657,7,97979428,rs6971915,0.408
7,97816327,rs6465657,7,97979548,rs6971825,0.408
7,97816327,rs6465657,7,97980045,rs62478200,0.408
7,97816327,rs6465657,7,97980294,rs7805267,0.408
7,97816327,rs6465657,7,97981393,rs11390193,0.396
7,97816327,rs6465657,7,97982103,rs6465675,0.408
7,97816327,rs6465657,7,97983774,rs1859482,0.408
7,97816327,rs6465657,7,97984077,rs2240348,0.137
7,97816327,rs6465657,7,97984321,rs78830925,0.156
7,97816327,rs6465657,7,97984663,rs2240349,0.408
7,97816327,rs6465657,7,97984884,rs76375414,0.409
7,97816327,rs6465657,7,97985415,rs6944262,0.408
7,97816327,rs6465657,7,97986146,rs13307593,0.408
7,97816327,rs6465657,7,97986430,rs12704986,0.158
7,97816327,rs6465657,7,97986453,rs13246868,0.408
7,97816327,rs6465657,7,97986557,rs12672092,0.408
7,97816327,rs6465657,7,97987676,rs1468340,0.408
7,97816327,rs6465657,7,97987696,rs1468341,0.408
7,97816327,rs6465657,7,97987986,rs6969234,0.408
7,97816327,rs6465657,7,97988428,rs3801258,0.139
7,97816327,rs6465657,7,97989237,rs34672324,0.399
7,97816327,rs6465657,7,97990106,rs3779196,0.158
7,97816327,rs6465657,7,97991125,rs6965424,0.158
7,97816327,rs6465657,7,97991792,rs3801257,0.407
7,97816327,rs6465657,7,97992095,rs3801256,0.408
7,97816327,rs6465657,7,97992257,rs7803372,0.407
7,97816327,rs6465657,7,97993330,rs34058753,0.381
7,97816327,rs6465657,7,97993362,rs3779195,0.156
7,97816327,rs6465657,7,97993506,rs7776638,0.407
7,97816327,rs6465657,7,97994298,7:97994298:C:CAAAAAAA,0.253
7,97816327,rs6465657,7,97994988,rs9769767,0.407
7,97816327,rs6465657,7,97996370,rs71292948,0.399
7,97816327,rs6465657,7,97996593,rs4236537,0.137
7,97816327,rs6465657,7,97996864,rs34472020,0.36
7,97816327,rs6465657,7,97997164,rs62478201,0.139
7,97816327,rs6465657,7,97997945,rs6956686,0.408
7,97816327,rs6465657,7,97998124,rs9641236,0.14
7,97816327,rs6465657,7,98000929,rs3801255,0.408
7,97816327,rs6465657,7,98001241,rs71563562,0.408
7,97816327,rs6465657,7,98001484,rs62478203,0.408
7,97816327,rs6465657,7,98002045,rs34330041,0.065
7,97816327,rs6465657,7,98002331,rs36099592,0.408
7,97816327,rs6465657,7,98002661,rs13246843,0.408
7,97816327,rs6465657,7,98003552,rs6465677,0.408
7,97816327,rs6465657,7,98004057,rs6465678,0.407
7,97816327,rs6465657,7,98004562,rs6955647,0.408
7,97816327,rs6465657,7,98004685,rs6973775,0.408
7,97816327,rs6465657,7,98004843,rs12704988,0.405
7,97816327,rs6465657,7,98004997,rs7806524,0.376
7,97816327,rs6465657,7,98005235,rs4439053,0.11
7,97816327,rs6465657,7,98005332,rs7806739,0.406
7,97816327,rs6465657,7,98005398,rs2107717,0.144
7,97816327,rs6465657,7,98005462,rs2107718,0.134
7,97816327,rs6465657,7,98005538,rs4268041,0.155
7,97816327,rs6465657,7,98005617,rs6465679,0.162
7,97816327,rs6465657,7,98005766,rs3944111,0.139
7,97816327,rs6465657,7,98005778,rs6465680,0.407
7,97816327,rs6465657,7,98005849,rs6961438,0.407
7,97816327,rs6465657,7,98007279,rs71112149,0.402
7,97816327,rs6465657,7,98007541,rs5886063,0.156
7,97816327,rs6465657,7,98007993,rs6961790,0.407
7,97816327,rs6465657,7,98009224,rs56997921,0.138
7,97816327,rs6465657,7,98009914,rs7787858,0.408
7,97816327,rs6465657,7,98010048,rs11293027,0.317
7,97816327,rs6465657,7,98010277,rs3779194,0.407
7,97816327,rs6465657,7,98010811,rs3801254,0.407
7,97816327,rs6465657,7,98011362,rs13245076,0.407
7,97816327,rs6465657,7,98012501,rs138233070,0.138
7,97816327,rs6465657,7,98012595,rs112746004,0.359
7,97816327,rs6465657,7,98013039,rs55825602,0.408
7,97816327,rs6465657,7,98013107,rs10953259,0.157
7,97816327,rs6465657,7,98013839,rs12539761,0.135
7,97816327,rs6465657,7,98014041,rs11772432,0.138
7,97816327,rs6465657,7,98014900,rs67132564,0.407
7,97816327,rs6465657,7,98015049,rs1635612,0.165
7,97816327,rs6465657,7,98015435,rs62478228,0.138
7,97816327,rs6465657,7,98015868,rs9641237,0.135
7,97816327,rs6465657,7,98016246,rs6465681,0.407
7,97816327,rs6465657,7,98016373,rs6967576,0.408
7,97816327,rs6465657,7,98016417,rs6465682,0.407
7,97816327,rs6465657,7,98017015,rs5886064,0.384
7,97816327,rs6465657,7,98017099,rs9640655,0.138
7,97816327,rs6465657,7,98017192,rs35754545,0.138
7,97816327,rs6465657,7,98017730,rs59120980,0.138
7,97816327,rs6465657,7,98017805,rs142448000,0.405
7,97816327,rs6465657,7,98018182,rs13237102,0.408
7,97816327,rs6465657,7,98018297,rs7783127,0.407
7,97816327,rs6465657,7,98018299,rs141061986,0.407
7,97816327,rs6465657,7,98019522,rs56286037,0.408
7,97816327,rs6465657,7,98020043,rs11464141,0.408
7,97816327,rs6465657,7,98020312,rs10538495,0.408
7,97816327,rs6465657,7,98021020,rs374322832,0.314
7,97816327,rs6465657,7,98021211,rs9649213,0.129
7,97816327,rs6465657,7,98022182,rs146586268,0.408
7,97816327,rs6465657,7,98022262,rs78110452,0.123
7,97816327,rs6465657,7,98022364,rs144248203,0.397
7,97816327,rs6465657,7,98022390,rs369866566,0.397
7,97816327,rs6465657,7,98022508,rs138791419,0.408
7,97816327,rs6465657,7,98023092,rs62478233,0.408
7,97816327,rs6465657,7,98023153,rs13310668,0.157
7,97816327,rs6465657,7,98026092,rs6465683,0.409
7,97816327,rs6465657,7,98026554,rs79518236,0.123
7,97816327,rs6465657,7,98027306,rs2394854,0.409
7,97816327,rs6465657,7,98027580,rs1541409,0.121
7,97816327,rs6465657,7,98027618,rs3801251,0.409
7,97816327,rs6465657,7,98027787,rs34124383,0.378
7,97816327,rs6465657,7,98028466,rs3779193,0.409
7,97816327,rs6465657,7,98029438,rs12704989,0.41
7,97816327,rs6465657,7,98030349,rs62478235,0.124
7,97816327,rs6465657,7,98030377,rs62478236,0.412
7,97816327,rs6465657,7,98030513,rs12533982,0.124
7,97816327,rs6465657,7,98031005,rs1076272,0.412
7,97816327,rs6465657,7,98033492,rs10953260,0.162
7,97816327,rs6465657,7,98034770,rs62478237,0.418
7,97816327,rs6465657,7,98036628,rs12154723,0.417
7,97816327,rs6465657,7,98037034,rs11496115,0.418
7,97816327,rs6465657,7,98038351,rs57098456,0.201
7,97816327,rs6465657,7,98038609,rs10953261,0.394
7,97816327,rs6465657,7,98038670,rs10808108,0.199
7,97816327,rs6465657,7,98039459,rs7787009,0.381
7,97816327,rs6465657,7,98039846,rs1688605,0.079
7,97816327,rs6465657,7,98042130,rs112816873,0.063
7,97816327,rs6465657,7,98042267,rs10268092,0.063
7,97816327,rs6465657,7,98042527,rs7783611,0.112
7,97816327,rs6465657,7,98042899,rs11971850,0.063
7,97816327,rs6465657,7,98043504,rs72467379,0.058
7,97816327,rs6465657,7,98043959,rs111984569,0.062
7,97816327,rs6465657,7,98046675,rs937131,0.061
7,97816327,rs6465657,7,98048964,rs10274983,0.061
7,97816327,rs6465657,7,98050791,rs10224125,0.06
7,97816327,rs6465657,7,98051932,rs2023971,0.06
7,97816327,rs6465657,7,98053054,rs11972830,0.06
7,97816327,rs6465657,7,98054504,rs10240312,0.057
7,97816327,rs6465657,7,98055174,rs1635605,0.059
7,97816327,rs6465657,7,98055912,rs1635606,0.059
7,97816327,rs6465657,7,98056510,rs111681257,0.059
7,97816327,rs6465657,7,98059060,rs12667648,0.059
7,97816327,rs6465657,7,98059788,rs113141431,0.059
7,97816327,rs6465657,7,98061047,rs79091574,0.06
7,97816327,rs6465657,7,98065982,rs113221360,0.059
7,97816327,rs6465657,7,98074344,rs112264398,0.27
7,97816327,rs6465657,7,98074744,rs4294119,0.158
7,97816327,rs6465657,7,98075594,rs4729445,0.087
7,97816327,rs6465657,7,98075975,rs7809920,0.108
7,97816327,rs6465657,7,98077040,rs11772157,0.154
7,97816327,rs6465657,7,98077856,rs10953265,0.085
7,97816327,rs6465657,7,98079099,rs28568981,0.106
7,97816327,rs6465657,7,98080047,rs9656055,0.078
7,97816327,rs6465657,7,98085012,rs6960079,0.206
7,97816327,rs6465657,7,98085907,rs4729447,0.066
7,97816327,rs6465657,7,98086044,rs4729448,0.078
7,97816327,rs6465657,7,98086820,rs2015092,0.206
7,97816327,rs6465657,7,98086903,rs2015101,0.207
7,97816327,rs6465657,7,98087278,rs4729449,0.078
7,97816327,rs6465657,7,98089273,rs34373391,0.206
7,97816327,rs6465657,7,98090441,rs143596383,0.116
7,97816327,rs6465657,7,98091895,rs903449,0.207
7,97816327,rs6465657,7,98092054,rs6969001,0.079
7,97816327,rs6465657,7,98092150,rs2394866,0.206
7,97816327,rs6465657,7,98092350,rs1994937,0.053
7,97816327,rs6465657,7,98092506,rs2161,0.079
7,97816327,rs6465657,7,98095655,rs6951985,0.207
7,97816327,rs6465657,7,98096165,rs861009,0.066
7,97816327,rs6465657,7,98096200,rs860156,0.066
7,97816327,rs6465657,7,98097170,rs705321,0.066
7,97816327,rs6465657,7,98097907,rs1809794,0.079
7,97816327,rs6465657,7,98100066,rs817929,0.205
7,97816327,rs6465657,7,98100497,rs817930,0.205
7,97816327,rs6465657,7,98103831,rs817931,0.065
7,97816327,rs6465657,7,98104264,rs2697489,0.192
7,97816327,rs6465657,7,98107580,rs71515222,0.061
7,97816327,rs6465657,7,98111235,rs4358738,0.092
7,97816327,rs6465657,7,98116480,chr7_98116480_A_G,0.146
7,97816327,rs6465657,7,98118223,rs66762870,0.159
7,97816327,rs6465657,7,98118387,rs2642884,0.156
7,97817321,rs11763970,7,97634876,rs1180779,0.459
7,97817321,rs11763970,7,97634963,rs58823769,0.161
7,97817321,rs11763970,7,97635080,rs1180778,0.432
7,97817321,rs11763970,7,97635249,rs79033652,0.155
7,97817321,rs11763970,7,97635251,rs1180777,0.264
7,97817321,rs11763970,7,97635459,rs77792498,0.122
7,97817321,rs11763970,7,97635479,rs12536234,0.154
7,97817321,rs11763970,7,97635539,rs143250879,0.152
7,97817321,rs11763970,7,97635841,rs12672767,0.151
7,97817321,rs11763970,7,97635847,rs12670761,0.152
7,97817321,rs11763970,7,97636006,rs12668544,0.152
7,97817321,rs11763970,7,97636476,rs1180776,0.375
7,97817321,rs11763970,7,97636673,rs11974355,0.152
7,97817321,rs11763970,7,97636776,rs10282535,0.152
7,97817321,rs11763970,7,97636830,rs10282648,0.152
7,97817321,rs11763970,7,97636992,rs1180775,0.375
7,97817321,rs11763970,7,97637176,rs10085505,0.152
7,97817321,rs11763970,7,97637747,rs73140987,0.152
7,97817321,rs11763970,7,97637823,rs1180774,0.256
7,97817321,rs11763970,7,97637975,rs1180773,0.421
7,97817321,rs11763970,7,97638118,rs150786027,0.152
7,97817321,rs11763970,7,97638429,rs35588960,0.153
7,97817321,rs11763970,7,97638650,rs1180772,0.375
7,97817321,rs11763970,7,97638713,rs10247262,0.375
7,97817321,rs11763970,7,97638714,rs10231766,0.152
7,97817321,rs11763970,7,97639635,rs147189016,0.435
7,97817321,rs11763970,7,97639679,rs61191325,0.078
7,97817321,rs11763970,7,97640326,rs1799051,0.078
7,97817321,rs11763970,7,97640967,rs61045241,0.08
7,97817321,rs11763970,7,97641107,rs2394816,0.391
7,97817321,rs11763970,7,97641847,rs200729471,0.131
7,97817321,rs11763970,7,97642076,rs1799050,0.392
7,97817321,rs11763970,7,97642138,rs12669030,0.12
7,97817321,rs11763970,7,97642397,rs12669058,0.391
7,97817321,rs11763970,7,97642684,rs2108047,0.39
7,97817321,rs11763970,7,97642988,rs1815102,0.079
7,97817321,rs11763970,7,97643598,rs1636532,0.442
7,97817321,rs11763970,7,97644351,rs71964667,0.391
7,97817321,rs11763970,7,97644571,rs4507702,0.391
7,97817321,rs11763970,7,97646171,rs13309936,0.393
7,97817321,rs11763970,7,97646562,rs201440129,0.39
7,97817321,rs11763970,7,97647191,rs1799041,0.077
7,97817321,rs11763970,7,97647208,rs1799040,0.078
7,97817321,rs11763970,7,97647848,rs1636529,0.391
7,97817321,rs11763970,7,97648127,rs117600008,0.078
7,97817321,rs11763970,7,97648464,rs33998037,0.257
7,97817321,rs11763970,7,97650041,rs12530974,0.12
7,97817321,rs11763970,7,97650161,rs56385004,0.118
7,97817321,rs11763970,7,97650618,rs1180771,0.462
7,97817321,rs11763970,7,97650696,rs76945674,0.121
7,97817321,rs11763970,7,97650991,rs1180770,0.118
7,97817321,rs11763970,7,97651194,rs12531742,0.121
7,97817321,rs11763970,7,97651473,rs1180769,0.118
7,97817321,rs11763970,7,97651712,rs1180768,0.414
7,97817321,rs11763970,7,97651737,rs1180767,0.464
7,97817321,rs11763970,7,97651858,rs1180766,0.413
7,97817321,rs11763970,7,97651975,rs1180765,0.415
7,97817321,rs11763970,7,97652030,rs1180764,0.415
7,97817321,rs11763970,7,97652678,rs12672398,0.154
7,97817321,rs11763970,7,97653318,rs67562842,0.137
7,97817321,rs11763970,7,97653404,rs17169244,0.126
7,97817321,rs11763970,7,97653512,rs73140997,0.122
7,97817321,rs11763970,7,97653811,rs740209,0.119
7,97817321,rs11763970,7,97653968,rs150209260,0.12
7,97817321,rs11763970,7,97655005,rs11772494,0.486
7,97817321,rs11763970,7,97657377,rs34941373,0.406
7,97817321,rs11763970,7,97657453,rs13233148,0.455
7,97817321,rs11763970,7,97657457,rs71552573,0.499
7,97817321,rs11763970,7,97657462,rs71108263,0.503
7,97817321,rs11763970,7,97657516,rs13232956,0.548
7,97817321,rs11763970,7,97657562,rs12540847,0.359
7,97817321,rs11763970,7,97658446,rs62477937,0.355
7,97817321,rs11763970,7,97659425,rs56156790,0.422
7,97817321,rs11763970,7,97660027,rs11266827,0.366
7,97817321,rs11763970,7,97660194,rs7788612,0.4
7,97817321,rs11763970,7,97661004,rs28516798,0.364
7,97817321,rs11763970,7,97661143,rs6960808,0.376
7,97817321,rs11763970,7,97661414,rs6961433,0.378
7,97817321,rs11763970,7,97665261,rs60499683,0.671
7,97817321,rs11763970,7,97666168,rs55893808,0.364
7,97817321,rs11763970,7,97666578,rs7807218,0.578
7,97817321,rs11763970,7,97668012,rs12667763,0.367
7,97817321,rs11763970,7,97668127,rs146634400,0.649
7,97817321,rs11763970,7,97668693,rs200699089,0.4
7,97817321,rs11763970,7,97669145,rs59356672,0.09
7,97817321,rs11763970,7,97670154,rs847580,0.634
7,97817321,rs11763970,7,97670903,rs6465644,0.656
7,97817321,rs11763970,7,97671460,rs78874154,0.09
7,97817321,rs11763970,7,97673213,rs62477950,0.666
7,97817321,rs11763970,7,97675148,rs34262838,0.41
7,97817321,rs11763970,7,97675201,rs1799052,0.059
7,97817321,rs11763970,7,97675415,rs76165495,0.076
7,97817321,rs11763970,7,97675814,rs60374843,0.536
7,97817321,rs11763970,7,97676259,rs10953238,0.847
7,97817321,rs11763970,7,97676379,rs141996715,0.804
7,97817321,rs11763970,7,97679493,rs35841683,0.054
7,97817321,rs11763970,7,97679811,rs11973371,0.06
7,97817321,rs11763970,7,97680080,rs13311684,0.591
7,97817321,rs11763970,7,97680356,rs3847054,0.117
7,97817321,rs11763970,7,97680412,rs58699092,0.053
7,97817321,rs11763970,7,97680542,rs36051940,0.058
7,97817321,rs11763970,7,97680645,rs3847055,0.407
7,97817321,rs11763970,7,97680802,rs7779795,0.059
7,97817321,rs11763970,7,97681444,rs17169254,0.12
7,97817321,rs11763970,7,97681693,rs76721068,0.418
7,97817321,rs11763970,7,97681761,rs847573,0.445
7,97817321,rs11763970,7,97682647,rs59372489,0.12
7,97817321,rs11763970,7,97682908,rs34249863,0.851
7,97817321,rs11763970,7,97684131,rs989481,0.852
7,97817321,rs11763970,7,97684468,rs12538837,0.407
7,97817321,rs11763970,7,97687127,rs12536528,0.063
7,97817321,rs11763970,7,97687466,rs11765311,0.118
7,97817321,rs11763970,7,97687576,rs17169258,0.063
7,97817321,rs11763970,7,97687986,rs847560,0.909
7,97817321,rs11763970,7,97688326,rs4727385,0.118
7,97817321,rs11763970,7,97688440,rs4727386,0.885
7,97817321,rs11763970,7,97688936,rs7777145,0.062
7,97817321,rs11763970,7,97690438,rs2394817,0.876
7,97817321,rs11763970,7,97690501,rs74313504,0.184
7,97817321,rs11763970,7,97690573,rs76612702,0.337
7,97817321,rs11763970,7,97690630,rs1799044,0.069
7,97817321,rs11763970,7,97690666,rs113802988,0.184
7,97817321,rs11763970,7,97690794,rs1799045,0.051
7,97817321,rs11763970,7,97691046,rs13225951,0.07
7,97817321,rs11763970,7,97691079,rs12704959,0.052
7,97817321,rs11763970,7,97691080,rs12704960,0.051
7,97817321,rs11763970,7,97691432,rs62477953,0.18
7,97817321,rs11763970,7,97691505,rs1799047,0.069
7,97817321,rs11763970,7,97691836,rs1799048,0.051
7,97817321,rs11763970,7,97691889,rs1799049,0.05
7,97817321,rs11763970,7,97692148,rs10263095,0.28
7,97817321,rs11763970,7,97693026,rs62477954,0.173
7,97817321,rs11763970,7,97693179,rs199697229,0.166
7,97817321,rs11763970,7,97693662,rs66706435,0.051
7,97817321,rs11763970,7,97693811,rs74299610,0.183
7,97817321,rs11763970,7,97694394,rs73143018,0.336
7,97817321,rs11763970,7,97694493,rs13240869,0.878
7,97817321,rs11763970,7,97694676,rs10275160,0.183
7,97817321,rs11763970,7,97694858,rs847577,0.759
7,97817321,rs11763970,7,97694888,rs860207,0.275
7,97817321,rs11763970,7,97694910,rs147058774,0.052
7,97817321,rs11763970,7,97695363,rs705308,0.924
7,97817321,rs11763970,7,97695888,rs35101190,0.877
7,97817321,rs11763970,7,97696027,rs10279735,0.053
7,97817321,rs11763970,7,97696034,rs112688915,0.183
7,97817321,rs11763970,7,97696334,rs12674083,0.88
7,97817321,rs11763970,7,97696963,rs112683978,0.183
7,97817321,rs11763970,7,97697406,rs28731384,0.182
7,97817321,rs11763970,7,97697445,rs11769855,0.336
7,97817321,rs11763970,7,97697513,rs34675530,0.88
7,97817321,rs11763970,7,97697901,rs56134009,0.336
7,97817321,rs11763970,7,97698000,rs372278614,0.88
7,97817321,rs11763970,7,97698375,rs12538041,0.182
7,97817321,rs11763970,7,97699292,rs17169261,0.179
7,97817321,rs11763970,7,97701263,rs10278845,0.182
7,97817321,rs11763970,7,97701575,rs34796934,0.883
7,97817321,rs11763970,7,97703683,rs4308664,0.053
7,97817321,rs11763970,7,97704822,rs6465647,0.886
7,97817321,rs11763970,7,97706249,rs740208,0.335
7,97817321,rs11763970,7,97706846,rs57830341,0.183
7,97817321,rs11763970,7,97707069,rs1799068,0.696
7,97817321,rs11763970,7,97707731,rs4729402,0.649
7,97817321,rs11763970,7,97707841,rs4729403,0.652
7,97817321,rs11763970,7,97707855,rs73710326,0.182
7,97817321,rs11763970,7,97708363,rs62479765,0.158
7,97817321,rs11763970,7,97708397,rs12670686,0.892
7,97817321,rs11763970,7,97708990,rs10230795,0.185
7,97817321,rs11763970,7,97709256,rs61369258,0.185
7,97817321,rs11763970,7,97709345,rs1013887,0.855
7,97817321,rs11763970,7,97709861,rs1013886,0.856
7,97817321,rs11763970,7,97710147,rs11762810,0.331
7,97817321,rs11763970,7,97710832,rs12333559,0.054
7,97817321,rs11763970,7,97711340,rs6946915,0.934
7,97817321,rs11763970,7,97711386,rs60687247,0.189
7,97817321,rs11763970,7,97711783,rs6951277,0.855
7,97817321,rs11763970,7,97712537,rs75621600,0.882
7,97817321,rs11763970,7,97712664,rs76802117,0.857
7,97817321,rs11763970,7,97712831,rs7790120,0.856
7,97817321,rs11763970,7,97713039,rs7790736,0.856
7,97817321,rs11763970,7,97713101,rs7790479,0.857
7,97817321,rs11763970,7,97713514,rs12704963,0.86
7,97817321,rs11763970,7,97713843,rs78898349,0.187
7,97817321,rs11763970,7,97714386,rs10252338,0.054
7,97817321,rs11763970,7,97714458,rs6465648,0.863
7,97817321,rs11763970,7,97714474,rs6465649,0.863
7,97817321,rs11763970,7,97714506,rs10953239,0.661
7,97817321,rs11763970,7,97715088,rs6967926,0.944
7,97817321,rs11763970,7,97715215,rs6968345,0.121
7,97817321,rs11763970,7,97715319,rs10464490,0.87
7,97817321,rs11763970,7,97715892,rs62479768,0.336
7,97817321,rs11763970,7,97716483,rs940432,0.87
7,97817321,rs11763970,7,97716495,rs940431,0.871
7,97817321,rs11763970,7,97716540,rs940430,0.871
7,97817321,rs11763970,7,97716656,rs111719847,0.191
7,97817321,rs11763970,7,97718201,rs55784506,0.873
7,97817321,rs11763970,7,97718378,rs35641135,0.873
7,97817321,rs11763970,7,97718650,rs35763039,0.48
7,97817321,rs11763970,7,97719676,rs12665986,0.667
7,97817321,rs11763970,7,97719699,rs13221897,0.873
7,97817321,rs11763970,7,97719806,rs13221758,0.955
7,97817321,rs11763970,7,97720428,rs12704966,0.059
7,97817321,rs11763970,7,97721425,rs7808528,0.956
7,97817321,rs11763970,7,97722597,rs34353490,0.059
7,97817321,rs11763970,7,97722987,rs13247901,0.059
7,97817321,rs11763970,7,97723787,rs10227681,0.059
7,97817321,rs11763970,7,97724363,rs72615156,0.192
7,97817321,rs11763970,7,97724503,rs6465650,0.955
7,97817321,rs11763970,7,97725197,rs56174823,0.336
7,97817321,rs11763970,7,97725713,rs12540334,0.194
7,97817321,rs11763970,7,97726723,rs62479773,0.336
7,97817321,rs11763970,7,97727480,rs6980318,0.059
7,97817321,rs11763970,7,97728449,rs34307903,0.956
7,97817321,rs11763970,7,97728917,rs201515619,0.951
7,97817321,rs11763970,7,97730220,rs6974059,0.194
7,97817321,rs11763970,7,97730557,rs62479774,0.176
7,97817321,rs11763970,7,97731500,rs10238491,0.194
7,97817321,rs11763970,7,97731700,rs10282336,0.058
7,97817321,rs11763970,7,97732653,rs6465651,0.194
7,97817321,rs11763970,7,97732842,rs6969384,0.957
7,97817321,rs11763970,7,97733207,rs56006208,0.335
7,97817321,rs11763970,7,97733384,rs28415802,0.059
7,97817321,rs11763970,7,97734424,rs73149199,0.335
7,97817321,rs11763970,7,97734732,rs11366171,0.672
7,97817321,rs11763970,7,97735124,rs55765204,0.335
7,97817321,rs11763970,7,97736577,rs3735252,0.059
7,97817321,rs11763970,7,97737088,rs36081491,0.059
7,97817321,rs11763970,7,97738489,rs10230017,0.072
7,97817321,rs11763970,7,97739317,rs2394824,0.333
7,97817321,rs11763970,7,97739918,rs10499940,0.2
7,97817321,rs11763970,7,97740412,rs10235547,0.2
7,97817321,rs11763970,7,97740991,rs10254594,0.2
7,97817321,rs11763970,7,97741043,rs10254691,0.2
7,97817321,rs11763970,7,97741795,rs10242903,0.677
7,97817321,rs11763970,7,97741945,rs55761857,0.333
7,97817321,rs11763970,7,97742454,rs13241860,0.059
7,97817321,rs11763970,7,97742606,rs10246861,0.072
7,97817321,rs11763970,7,97743359,rs73404144,0.199
7,97817321,rs11763970,7,97743449,rs10216274,0.059
7,97817321,rs11763970,7,97743469,rs10215577,0.058
7,97817321,rs11763970,7,97746387,rs11768678,0.333
7,97817321,rs11763970,7,97747557,rs4729404,0.333
7,97817321,rs11763970,7,97748084,rs75314014,0.051
7,97817321,rs11763970,7,97748313,rs7788997,0.059
7,97817321,rs11763970,7,97750383,rs17169317,0.059
7,97817321,rs11763970,7,97751315,rs10258913,0.199
7,97817321,rs11763970,7,97753016,rs10282640,0.059
7,97817321,rs11763970,7,97753594,rs56389625,0.333
7,97817321,rs11763970,7,97754074,rs73404162,0.199
7,97817321,rs11763970,7,97754097,rs386410791,0.991
7,97817321,rs11763970,7,97755098,rs17169325,0.333
7,97817321,rs11763970,7,97756719,rs10231625,0.059
7,97817321,rs11763970,7,97756777,rs17169328,0.059
7,97817321,rs11763970,7,97757101,rs10261777,0.059
7,97817321,rs11763970,7,97757283,rs62479795,0.334
7,97817321,rs11763970,7,97758335,rs16869462,0.094
7,97817321,rs11763970,7,97762395,rs951987,0.059
7,97817321,rs11763970,7,97762474,rs951988,0.678
7,97817321,rs11763970,7,97763497,rs11761896,0.333
7,97817321,rs11763970,7,97764162,rs10232153,0.059
7,97817321,rs11763970,7,97767083,rs7341519,0.197
7,97817321,rs11763970,7,97767488,rs74636425,0.054
7,97817321,rs11763970,7,97769695,rs62479797,0.334
7,97817321,rs11763970,7,97769953,rs73404186,0.059
7,97817321,rs11763970,7,97771220,rs10276472,0.06
7,97817321,rs11763970,7,97771608,rs56088922,0.333
7,97817321,rs11763970,7,97772004,rs34320281,0.059
7,97817321,rs11763970,7,97772658,rs4729408,0.327
7,97817321,rs11763970,7,97773812,rs11768309,0.986
7,97817321,rs11763970,7,97774300,rs10275267,0.198
7,97817321,rs11763970,7,97774378,rs62479798,0.201
7,97817321,rs11763970,7,97774843,rs77787457,0.056
7,97817321,rs11763970,7,97774859,rs6977321,0.993
7,97817321,rs11763970,7,97775922,rs11980911,0.118
7,97817321,rs11763970,7,97777817,rs10224176,0.275
7,97817321,rs11763970,7,97778576,rs11767962,0.987
7,97817321,rs11763970,7,97780558,rs2272184,0.199
7,97817321,rs11763970,7,97781243,rs67300176,0.238
7,97817321,rs11763970,7,97781645,rs10270280,0.054
7,97817321,rs11763970,7,97781799,rs10270222,0.672
7,97817321,rs11763970,7,97781944,rs62479799,0.157
7,97817321,rs11763970,7,97782116,rs10241172,0.06
7,97817321,rs11763970,7,97782821,rs11772060,0.334
7,97817321,rs11763970,7,97784061,rs17435590,0.986
7,97817321,rs11763970,7,97784367,rs11773169,0.336
7,97817321,rs11763970,7,97785500,rs34320230,0.986
7,97817321,rs11763970,7,97785669,rs10243469,0.33
7,97817321,rs11763970,7,97786282,rs6465654,0.933
7,97817321,rs11763970,7,97786359,rs6465655,0.061
7,97817321,rs11763970,7,97786952,rs34715220,0.343
7,97817321,rs11763970,7,97788042,rs10243993,0.061
7,97817321,rs11763970,7,97788216,rs9656054,0.2
7,97817321,rs11763970,7,97788764,rs10499944,0.2
7,97817321,rs11763970,7,97788809,rs17169406,0.2
7,97817321,rs11763970,7,97789233,rs6958785,0.061
7,97817321,rs11763970,7,97789351,rs6958572,0.94
7,97817321,rs11763970,7,97790925,rs10256262,0.061
7,97817321,rs11763970,7,97790991,rs12666406,0.987
7,97817321,rs11763970,7,97792014,rs10215815,0.199
7,97817321,rs11763970,7,97792576,rs11762771,0.334
7,97817321,rs11763970,7,97792603,rs149910891,0.203
7,97817321,rs11763970,7,97792820,rs17435847,0.994
7,97817321,rs11763970,7,97793026,rs28681561,0.062
7,97817321,rs11763970,7,97793209,rs1039057,0.336
7,97817321,rs11763970,7,97794422,rs72494441,0.199
7,97817321,rs11763970,7,97794801,rs58911561,0.327
7,97817321,rs11763970,7,97795173,rs10259449,0.199
7,97817321,rs11763970,7,97795912,rs34961918,0.199
7,97817321,rs11763970,7,97796093,rs10248229,0.197
7,97817321,rs11763970,7,97796635,rs7804318,0.96
7,97817321,rs11763970,7,97797778,rs11762534,0.755
7,97817321,rs11763970,7,97798117,rs884897,0.285
7,97817321,rs11763970,7,97800003,rs62479802,0.156
7,97817321,rs11763970,7,97803416,rs11351887,0.776
7,97817321,rs11763970,7,97805409,rs12532406,0.203
7,97817321,rs11763970,7,97806434,rs79795720,0.2
7,97817321,rs11763970,7,97807882,rs6965016,0.991
7,97817321,rs11763970,7,97809258,rs73151153,0.117
7,97817321,rs11763970,7,97811109,rs72578568,0.199
7,97817321,rs11763970,7,97813089,rs12539490,0.201
7,97817321,rs11763970,7,97815343,rs13221480,0.063
7,97817321,rs11763970,7,97815999,rs41278842,0.674
7,97817321,rs11763970,7,97816327,rs6465657,0.991
7,97817321,rs11763970,7,97816638,rs6465658,0.992
7,97817321,rs11763970,7,97817321,rs11763970,1
7,97817321,rs11763970,7,97818246,rs62479818,0.158
7,97817321,rs11763970,7,97819047,rs7791463,0.992
7,97817321,rs11763970,7,97822115,rs11765552,0.999
7,97817321,rs11763970,7,97822210,rs3801294,0.999
7,97817321,rs11763970,7,97825134,rs73406026,0.2
7,97817321,rs11763970,7,97825188,rs11764933,0.999
7,97817321,rs11763970,7,97826232,rs1495525,0.68
7,97817321,rs11763970,7,97826331,rs79055671,0.2
7,97817321,rs11763970,7,97826340,rs2132276,0.999
7,97817321,rs11763970,7,97830588,rs13228463,0.062
7,97817321,rs11763970,7,97832154,rs73406034,0.199
7,97817321,rs11763970,7,97834704,rs35428901,0.061
7,97817321,rs11763970,7,97835640,rs2291748,0.198
7,97817321,rs11763970,7,97835885,rs1532380,0.327
7,97817321,rs11763970,7,97838142,rs13221415,0.062
7,97817321,rs11763970,7,97838146,rs13221419,0.062
7,97817321,rs11763970,7,97838200,rs3735253,0.198
7,97817321,rs11763970,7,97838313,rs3735256,0.197
7,97817321,rs11763970,7,97839140,rs17169462,0.169
7,97817321,rs11763970,7,97840024,rs1532381,0.061
7,97817321,rs11763970,7,97840144,rs34616135,0.983
7,97817321,rs11763970,7,97840315,rs117643288,0.314
7,97817321,rs11763970,7,97841051,rs74427781,0.198
7,97817321,rs11763970,7,97841318,rs56034325,0.324
7,97817321,rs11763970,7,97842668,rs754464,0.238
7,97817321,rs11763970,7,97842791,rs10230846,0.071
7,97817321,rs11763970,7,97843979,rs12704976,0.068
7,97817321,rs11763970,7,97844578,rs3148,0.056
7,97817321,rs11763970,7,97845713,rs11551890,0.484
7,97817321,rs11763970,7,97846435,rs74672857,0.231
7,97817321,rs11763970,7,97847459,rs56009323,0.164
7,97817321,rs11763970,7,97847522,rs6951913,0.217
7,97817321,rs11763970,7,97847619,rs56153131,0.164
7,97817321,rs11763970,7,97847738,rs73151174,0.217
7,97817321,rs11763970,7,97848681,rs59932969,0.162
7,97817321,rs11763970,7,97849359,rs34649939,0.476
7,97817321,rs11763970,7,97849451,rs145452014,0.161
7,97817321,rs11763970,7,97849461,rs12540613,0.161
7,97817321,rs11763970,7,97849464,rs35527492,0.476
7,97817321,rs11763970,7,97849648,rs12533016,0.492
7,97817321,rs11763970,7,97849652,rs112086726,0.212
7,97817321,rs11763970,7,97850340,rs73151177,0.472
7,97817321,rs11763970,7,97850383,rs62479822,0.47
7,97817321,rs11763970,7,97850406,rs62479823,0.472
7,97817321,rs11763970,7,97850599,rs67420939,0.444
7,97817321,rs11763970,7,97850794,rs71532099,0.439
7,97817321,rs11763970,7,97850822,rs28566958,0.484
7,97817321,rs11763970,7,97852399,rs11762014,0.156
7,97817321,rs11763970,7,97852586,rs11762703,0.155
7,97817321,rs11763970,7,97852698,rs55738918,0.204
7,97817321,rs11763970,7,97852895,rs2270596,0.155
7,97817321,rs11763970,7,97853184,rs3816943,0.154
7,97817321,rs11763970,7,97853489,rs60997612,0.202
7,97817321,rs11763970,7,97853795,rs2291747,0.459
7,97817321,rs11763970,7,97853845,rs2291746,0.202
7,97817321,rs11763970,7,97854393,rs2291745,0.198
7,97817321,rs11763970,7,97855462,rs10953245,0.455
7,97817321,rs11763970,7,97857675,rs2270604,0.46
7,97817321,rs11763970,7,97858647,rs2270603,0.15
7,97817321,rs11763970,7,97858973,rs142786157,0.199
7,97817321,rs11763970,7,97859060,rs747632,0.458
7,97817321,rs11763970,7,97859182,rs747631,0.462
7,97817321,rs11763970,7,97859277,rs60327699,0.152
7,97817321,rs11763970,7,97859287,rs747630,0.199
7,97817321,rs11763970,7,97859387,rs747633,0.452
7,97817321,rs11763970,7,97860182,rs2270601,0.199
7,97817321,rs11763970,7,97860939,rs2270600,0.465
7,97817321,rs11763970,7,97861407,rs34304553,0.449
7,97817321,rs11763970,7,97863145,rs2291750,0.199
7,97817321,rs11763970,7,97864269,rs11761574,0.461
7,97817321,rs11763970,7,97864398,rs11768456,0.152
7,97817321,rs11763970,7,97864666,rs10953247,0.463
7,97817321,rs11763970,7,97864792,rs76754817,0.131
7,97817321,rs11763970,7,97864868,rs80292432,0.136
7,97817321,rs11763970,7,97865153,rs78761769,0.443
7,97817321,rs11763970,7,97865458,rs4727388,0.458
7,97817321,rs11763970,7,97865757,rs7777991,0.136
7,97817321,rs11763970,7,97865936,rs56229643,0.453
7,97817321,rs11763970,7,97866291,rs3735258,0.214
7,97817321,rs11763970,7,97866480,rs77968419,0.136
7,97817321,rs11763970,7,97866884,rs12531433,0.217
7,97817321,rs11763970,7,97868033,rs17169479,0.135
7,97817321,rs11763970,7,97868727,rs6963518,0.182
7,97817321,rs11763970,7,97869192,rs10953248,0.452
7,97817321,rs11763970,7,97871985,rs75070716,0.135
7,97817321,rs11763970,7,97873467,rs35603430,0.453
7,97817321,rs11763970,7,97873994,rs1874344,0.229
7,97817321,rs11763970,7,97874094,rs903592,0.228
7,97817321,rs11763970,7,97874143,rs3816944,0.453
7,97817321,rs11763970,7,97874625,rs34789614,0.452
7,97817321,rs11763970,7,97874656,rs2270597,0.229
7,97817321,rs11763970,7,97874693,rs35272066,0.182
7,97817321,rs11763970,7,97874849,rs12539998,0.228
7,97817321,rs11763970,7,97875582,rs36097167,0.215
7,97817321,rs11763970,7,97875775,rs4729419,0.229
7,97817321,rs11763970,7,97876593,rs4727390,0.48
7,97817321,rs11763970,7,97876704,rs58699591,0.137
7,97817321,rs11763970,7,97876742,rs62479835,0.117
7,97817321,rs11763970,7,97876980,rs4729421,0.478
7,97817321,rs11763970,7,97877968,rs62479836,0.48
7,97817321,rs11763970,7,97877992,rs72145133,0.137
7,97817321,rs11763970,7,97878153,rs80195155,0.136
7,97817321,rs11763970,7,97878157,rs144253259,0.452
7,97817321,rs11763970,7,97878195,rs7796762,0.453
7,97817321,rs11763970,7,97878504,rs13237878,0.452
7,97817321,rs11763970,7,97878671,rs12704977,0.452
7,97817321,rs11763970,7,97878710,rs11771397,0.478
7,97817321,rs11763970,7,97879698,rs56098787,0.479
7,97817321,rs11763970,7,97880226,rs954050,0.475
7,97817321,rs11763970,7,97880623,rs139651945,0.227
7,97817321,rs11763970,7,97881868,rs1874343,0.476
7,97817321,rs11763970,7,97882336,rs17169486,0.227
7,97817321,rs11763970,7,97882561,rs11982193,0.134
7,97817321,rs11763970,7,97883069,rs12704978,0.468
7,97817321,rs11763970,7,97883069,rs12704978,0.467
7,97817321,rs11763970,7,97883146,rs62479838,0.467
7,97817321,rs11763970,7,97883459,rs17436977,0.442
7,97817321,rs11763970,7,97883912,rs2394827,0.467
7,97817321,rs11763970,7,97884915,rs11984183,0.467
7,97817321,rs11763970,7,97885213,rs6465661,0.442
7,97817321,rs11763970,7,97885253,rs11773779,0.467
7,97817321,rs11763970,7,97885725,rs12536125,0.222
7,97817321,rs11763970,7,97887051,rs34817002,0.442
7,97817321,rs11763970,7,97887872,rs6950994,0.437
7,97817321,rs11763970,7,97888121,rs6951479,0.465
7,97817321,rs11763970,7,97888478,rs12539676,0.466
7,97817321,rs11763970,7,97888798,rs7789440,0.442
7,97817321,rs11763970,7,97889050,rs11772438,0.469
7,97817321,rs11763970,7,97889758,rs7794187,0.441
7,97817321,rs11763970,7,97890297,rs7795059,0.467
7,97817321,rs11763970,7,97890297,rs7795059,0.468
7,97817321,rs11763970,7,97891512,rs11768214,0.228
7,97817321,rs11763970,7,97892356,rs6955259,0.44
7,97817321,rs11763970,7,97894087,rs74890108,0.133
7,97817321,rs11763970,7,97894157,rs61575270,0.466
7,97817321,rs11763970,7,97894172,rs76976120,0.133
7,97817321,rs11763970,7,97894195,rs66871217,0.273
7,97817321,rs11763970,7,97895254,rs73709460,0.133
7,97817321,rs11763970,7,97895938,rs200729270,0.451
7,97817321,rs11763970,7,97896175,rs35216698,0.441
7,97817321,rs11763970,7,97897120,rs56694862,0.133
7,97817321,rs11763970,7,97897760,rs59597713,0.133
7,97817321,rs11763970,7,97898356,rs4364578,0.227
7,97817321,rs11763970,7,97898810,rs34838763,0.432
7,97817321,rs11763970,7,97899086,7:97899086:CTTTT:C,0.279
7,97817321,rs11763970,7,97899535,rs34830366,0.441
7,97817321,rs11763970,7,97899777,rs12704981,0.464
7,97817321,rs11763970,7,97899873,rs34776142,0.44
7,97817321,rs11763970,7,97900698,rs11771953,0.466
7,97817321,rs11763970,7,97900826,rs7787309,0.467
7,97817321,rs11763970,7,97901565,rs12669622,0.467
7,97817321,rs11763970,7,97901622,rs58477839,0.133
7,97817321,rs11763970,7,97901860,rs10249366,0.467
7,97817321,rs11763970,7,97901962,rs138136617,0.466
7,97817321,rs11763970,7,97902142,rs150063393,0.133
7,97817321,rs11763970,7,97903074,rs61446268,0.465
7,97817321,rs11763970,7,97903642,rs7802382,0.441
7,97817321,rs11763970,7,97903788,rs62479844,0.229
7,97817321,rs11763970,7,97903806,rs7802560,0.441
7,97817321,rs11763970,7,97904505,rs28662014,0.463
7,97817321,rs11763970,7,97904898,rs199773685,0.465
7,97817321,rs11763970,7,97904898,rs199773685,0.463
7,97817321,rs11763970,7,97905782,rs56168872,0.23
7,97817321,rs11763970,7,97907468,rs7795432,0.178
7,97817321,rs11763970,7,97907610,7:97907610:TGG:TGGG,0.185
7,97817321,rs11763970,7,97908223,rs7796611,0.425
7,97817321,rs11763970,7,97909277,rs13238610,0.428
7,97817321,rs11763970,7,97909739,rs144345781,0.426
7,97817321,rs11763970,7,97910637,rs12113294,0.186
7,97817321,rs11763970,7,97910800,7:97910800:C:CGGCGG,0.146
7,97817321,rs11763970,7,97911618,rs111849767,0.374
7,97817321,rs11763970,7,97912204,rs6947208,0.42
7,97817321,rs11763970,7,97912221,rs6967457,0.421
7,97817321,rs11763970,7,97912241,rs6947340,0.417
7,97817321,rs11763970,7,97912364,rs67667885,0.419
7,97817321,rs11763970,7,97913196,rs4506131,0.131
7,97817321,rs11763970,7,97914305,rs10953254,0.155
7,97817321,rs11763970,7,97914898,rs13246725,0.418
7,97817321,rs11763970,7,97915021,rs13246942,0.419
7,97817321,rs11763970,7,97915376,rs11766808,0.418
7,97817321,rs11763970,7,97915635,rs6950023,0.162
7,97817321,rs11763970,7,97915637,rs6967728,0.16
7,97817321,rs11763970,7,97915697,rs6968144,0.419
7,97817321,rs11763970,7,97915789,rs11760930,0.419
7,97817321,rs11763970,7,97915902,rs6968193,0.42
7,97817321,rs11763970,7,97916461,rs35983874,0.419
7,97817321,rs11763970,7,97917158,rs62479853,0.419
7,97817321,rs11763970,7,97917801,rs6465662,0.419
7,97817321,rs11763970,7,97917910,chr7_97917911_CA_INDEL,0.149
7,97817321,rs11763970,7,97918159,rs35941058,0.42
7,97817321,rs11763970,7,97918448,rs4075057,0.42
7,97817321,rs11763970,7,97918883,rs6465663,0.419
7,97817321,rs11763970,7,97919338,rs7790229,0.413
7,97817321,rs11763970,7,97919569,rs35944487,0.421
7,97817321,rs11763970,7,97919974,rs117066569,0.124
7,97817321,rs11763970,7,97920072,rs7794612,0.421
7,97817321,rs11763970,7,97920270,rs7778015,0.419
7,97817321,rs11763970,7,97920623,rs7015,0.161
7,97817321,rs11763970,7,97920871,rs34534766,0.419
7,97817321,rs11763970,7,97921533,rs1132971,0.418
7,97817321,rs11763970,7,97921834,rs6465664,0.419
7,97817321,rs11763970,7,97922773,rs12873,0.418
7,97817321,rs11763970,7,97922851,rs12728,0.419
7,97817321,rs11763970,7,97922875,rs13008,0.373
7,97817321,rs11763970,7,97923198,rs10953255,0.419
7,97817321,rs11763970,7,97924226,rs62479858,0.149
7,97817321,rs11763970,7,97924483,rs6949718,0.419
7,97817321,rs11763970,7,97924571,rs6969731,0.418
7,97817321,rs11763970,7,97925240,rs6970801,0.419
7,97817321,rs11763970,7,97925382,rs6970990,0.419
7,97817321,rs11763970,7,97925534,rs6975156,0.419
7,97817321,rs11763970,7,97925931,rs11772293,0.419
7,97817321,rs11763970,7,97926053,rs12704982,0.418
7,97817321,rs11763970,7,97926416,rs11761158,0.419
7,97817321,rs11763970,7,97926464,rs34129434,0.419
7,97817321,rs11763970,7,97927045,rs12704983,0.418
7,97817321,rs11763970,7,97928610,rs66548074,0.419
7,97817321,rs11763970,7,97928722,rs73147342,0.419
7,97817321,rs11763970,7,97929081,rs13232861,0.155
7,97817321,rs11763970,7,97929183,rs62478160,0.151
7,97817321,rs11763970,7,97929573,rs11290747,0.162
7,97817321,rs11763970,7,97929738,rs7781916,0.418
7,97817321,rs11763970,7,97930300,rs73147343,0.11
7,97817321,rs11763970,7,97931062,rs34695842,0.42
7,97817321,rs11763970,7,97931489,rs736753,0.418
7,97817321,rs11763970,7,97931559,rs736754,0.418
7,97817321,rs11763970,7,97931900,chr7_97931901_GGAACGCAGAAA_INDEL,0.418
7,97817321,rs11763970,7,97933601,rs1045916,0.063
7,97817321,rs11763970,7,97933855,rs7802541,0.435
7,97817321,rs11763970,7,97933867,rs7785612,0.436
7,97817321,rs11763970,7,97933911,rs7802794,0.412
7,97817321,rs11763970,7,97934150,rs6465665,0.408
7,97817321,rs11763970,7,97934633,rs374542511,0.136
7,97817321,rs11763970,7,97935671,rs13232181,0.409
7,97817321,rs11763970,7,97936481,rs12673586,0.409
7,97817321,rs11763970,7,97937258,rs6465666,0.409
7,97817321,rs11763970,7,97937981,rs4729431,0.406
7,97817321,rs11763970,7,97938443,rs1006169,0.143
7,97817321,rs11763970,7,97938618,rs1985593,0.143
7,97817321,rs11763970,7,97939222,rs6951286,0.13
7,97817321,rs11763970,7,97939987,rs2906184,0.16
7,97817321,rs11763970,7,97940472,rs62478168,0.097
7,97817321,rs11763970,7,97940814,rs75139799,0.114
7,97817321,rs11763970,7,97942436,rs11270106,0.109
7,97817321,rs11763970,7,97943575,rs2394852,0.405
7,97817321,rs11763970,7,97944125,rs7791321,0.406
7,97817321,rs11763970,7,97944744,rs2107716,0.407
7,97817321,rs11763970,7,97944935,rs374517924,0.386
7,97817321,rs11763970,7,97944986,rs6963210,0.405
7,97817321,rs11763970,7,97945115,rs9648907,0.36
7,97817321,rs11763970,7,97945236,rs9648908,0.406
7,97817321,rs11763970,7,97946299,rs34785619,0.161
7,97817321,rs11763970,7,97946902,rs7797943,0.406
7,97817321,rs11763970,7,97947055,rs4729432,0.141
7,97817321,rs11763970,7,97949814,rs1635609,0.161
7,97817321,rs11763970,7,97950175,rs10608649,0.407
7,97817321,rs11763970,7,97950620,rs3801264,0.405
7,97817321,rs11763970,7,97951118,rs1468338,0.405
7,97817321,rs11763970,7,97951131,rs2158553,0.405
7,97817321,rs11763970,7,97951242,rs12112351,0.405
7,97817321,rs11763970,7,97951321,rs1688607,0.161
7,97817321,rs11763970,7,97951671,rs10808107,0.405
7,97817321,rs11763970,7,97951886,rs10953256,0.405
7,97817321,rs11763970,7,97952011,rs2286074,0.405
7,97817321,rs11763970,7,97952167,rs7458551,0.405
7,97817321,rs11763970,7,97956180,rs7789380,0.405
7,97817321,rs11763970,7,97956184,rs76222115,0.151
7,97817321,rs11763970,7,97956758,rs55946416,0.142
7,97817321,rs11763970,7,97957104,rs3823740,0.405
7,97817321,rs11763970,7,97957517,rs7807555,0.405
7,97817321,rs11763970,7,97957622,rs7807455,0.407
7,97817321,rs11763970,7,97957885,rs6465667,0.405
7,97817321,rs11763970,7,97959025,rs36085425,0.408
7,97817321,rs11763970,7,97959214,rs7777415,0.405
7,97817321,rs11763970,7,97959768,rs6968321,0.405
7,97817321,rs11763970,7,97959956,rs6948346,0.393
7,97817321,rs11763970,7,97960066,rs6948540,0.405
7,97817321,rs11763970,7,97960146,rs3062613,0.142
7,97817321,rs11763970,7,97960233,rs6949214,0.407
7,97817321,rs11763970,7,97960664,rs10953257,0.405
7,97817321,rs11763970,7,97960800,rs55648546,0.142
7,97817321,rs11763970,7,97960850,rs7787418,0.407
7,97817321,rs11763970,7,97961469,rs6465668,0.404
7,97817321,rs11763970,7,97961501,rs6465669,0.405
7,97817321,rs11763970,7,97961512,rs6465670,0.405
7,97817321,rs11763970,7,97961603,rs6465671,0.404
7,97817321,rs11763970,7,97961844,rs6979373,0.405
7,97817321,rs11763970,7,97961897,rs6959506,0.405
7,97817321,rs11763970,7,97962271,rs34717219,0.405
7,97817321,rs11763970,7,97962319,rs35535338,0.407
7,97817321,rs11763970,7,97962648,rs34835415,0.405
7,97817321,rs11763970,7,97963717,rs6465672,0.405
7,97817321,rs11763970,7,97964019,rs11761206,0.405
7,97817321,rs11763970,7,97964148,rs62478174,0.405
7,97817321,rs11763970,7,97964244,rs62478175,0.406
7,97817321,rs11763970,7,97964611,rs62478177,0.405
7,97817321,rs11763970,7,97964626,rs67400516,0.405
7,97817321,rs11763970,7,97965016,rs3801263,0.405
7,97817321,rs11763970,7,97965442,rs12667634,0.405
7,97817321,rs11763970,7,97965566,rs35997266,0.407
7,97817321,rs11763970,7,97965821,rs11769950,0.142
7,97817321,rs11763970,7,97967229,rs72004613,0.404
7,97817321,rs11763970,7,97967556,rs12671301,0.404
7,97817321,rs11763970,7,97967685,rs146844005,0.142
7,97817321,rs11763970,7,97968243,rs6974943,0.405
7,97817321,rs11763970,7,97968887,rs6465673,0.402
7,97817321,rs11763970,7,97969140,rs7812180,0.403
7,97817321,rs11763970,7,97970105,rs11455938,0.373
7,97817321,rs11763970,7,97970137,rs60077733,0.406
7,97817321,rs11763970,7,97970697,rs34547845,0.405
7,97817321,rs11763970,7,97971643,rs11765794,0.404
7,97817321,rs11763970,7,97972639,rs10953258,0.13
7,97817321,rs11763970,7,97972946,rs6945554,0.406
7,97817321,rs11763970,7,97974203,rs7801992,0.406
7,97817321,rs11763970,7,97974555,rs11768599,0.141
7,97817321,rs11763970,7,97974617,rs36017146,0.406
7,97817321,rs11763970,7,97974851,rs1688606,0.159
7,97817321,rs11763970,7,97974910,rs36019673,0.408
7,97817321,rs11763970,7,97975542,rs6961129,0.405
7,97817321,rs11763970,7,97976306,rs142838483,0.406
7,97817321,rs11763970,7,97977268,rs112758337,0.158
7,97817321,rs11763970,7,97977670,rs4727392,0.129
7,97817321,rs11763970,7,97977895,rs6465674,0.401
7,97817321,rs11763970,7,97978287,rs7795176,0.406
7,97817321,rs11763970,7,97979238,rs6967934,0.406
7,97817321,rs11763970,7,97979428,rs6971915,0.406
7,97817321,rs11763970,7,97979548,rs6971825,0.406
7,97817321,rs11763970,7,97980045,rs62478200,0.406
7,97817321,rs11763970,7,97980294,rs7805267,0.406
7,97817321,rs11763970,7,97981393,rs11390193,0.394
7,97817321,rs11763970,7,97982103,rs6465675,0.405
7,97817321,rs11763970,7,97983774,rs1859482,0.405
7,97817321,rs11763970,7,97984077,rs2240348,0.139
7,97817321,rs11763970,7,97984321,rs78830925,0.158
7,97817321,rs11763970,7,97984663,rs2240349,0.406
7,97817321,rs11763970,7,97984884,rs76375414,0.407
7,97817321,rs11763970,7,97985415,rs6944262,0.406
7,97817321,rs11763970,7,97986146,rs13307593,0.406
7,97817321,rs11763970,7,97986430,rs12704986,0.16
7,97817321,rs11763970,7,97986453,rs13246868,0.405
7,97817321,rs11763970,7,97986557,rs12672092,0.405
7,97817321,rs11763970,7,97987676,rs1468340,0.406
7,97817321,rs11763970,7,97987696,rs1468341,0.405
7,97817321,rs11763970,7,97987986,rs6969234,0.405
7,97817321,rs11763970,7,97988428,rs3801258,0.141
7,97817321,rs11763970,7,97989237,rs34672324,0.397
7,97817321,rs11763970,7,97990106,rs3779196,0.16
7,97817321,rs11763970,7,97991125,rs6965424,0.16
7,97817321,rs11763970,7,97991792,rs3801257,0.405
7,97817321,rs11763970,7,97992095,rs3801256,0.406
7,97817321,rs11763970,7,97992257,rs7803372,0.405
7,97817321,rs11763970,7,97993330,rs34058753,0.378
7,97817321,rs11763970,7,97993362,rs3779195,0.158
7,97817321,rs11763970,7,97993506,rs7776638,0.405
7,97817321,rs11763970,7,97994298,7:97994298:C:CAAAAAAA,0.257
7,97817321,rs11763970,7,97994988,rs9769767,0.405
7,97817321,rs11763970,7,97996370,rs71292948,0.396
7,97817321,rs11763970,7,97996593,rs4236537,0.139
7,97817321,rs11763970,7,97996864,rs34472020,0.357
7,97817321,rs11763970,7,97997164,rs62478201,0.141
7,97817321,rs11763970,7,97997945,rs6956686,0.405
7,97817321,rs11763970,7,97998124,rs9641236,0.142
7,97817321,rs11763970,7,98000929,rs3801255,0.405
7,97817321,rs11763970,7,98001241,rs71563562,0.405
7,97817321,rs11763970,7,98001484,rs62478203,0.405
7,97817321,rs11763970,7,98002045,rs34330041,0.067
7,97817321,rs11763970,7,98002331,rs36099592,0.405
7,97817321,rs11763970,7,98002661,rs13246843,0.405
7,97817321,rs11763970,7,98003552,rs6465677,0.405
7,97817321,rs11763970,7,98004057,rs6465678,0.405
7,97817321,rs11763970,7,98004562,rs6955647,0.405
7,97817321,rs11763970,7,98004685,rs6973775,0.406
7,97817321,rs11763970,7,98004843,rs12704988,0.402
7,97817321,rs11763970,7,98004997,rs7806524,0.374
7,97817321,rs11763970,7,98005235,rs4439053,0.112
7,97817321,rs11763970,7,98005332,rs7806739,0.403
7,97817321,rs11763970,7,98005398,rs2107717,0.141
7,97817321,rs11763970,7,98005462,rs2107718,0.136
7,97817321,rs11763970,7,98005538,rs4268041,0.157
7,97817321,rs11763970,7,98005617,rs6465679,0.165
7,97817321,rs11763970,7,98005766,rs3944111,0.141
7,97817321,rs11763970,7,98005778,rs6465680,0.404
7,97817321,rs11763970,7,98005849,rs6961438,0.405
7,97817321,rs11763970,7,98007279,rs71112149,0.399
7,97817321,rs11763970,7,98007541,rs5886063,0.158
7,97817321,rs11763970,7,98007993,rs6961790,0.404
7,97817321,rs11763970,7,98009224,rs56997921,0.141
7,97817321,rs11763970,7,98009914,rs7787858,0.405
7,97817321,rs11763970,7,98010048,rs11293027,0.322
7,97817321,rs11763970,7,98010277,rs3779194,0.404
7,97817321,rs11763970,7,98010811,rs3801254,0.404
7,97817321,rs11763970,7,98011362,rs13245076,0.405
7,97817321,rs11763970,7,98012501,rs138233070,0.14
7,97817321,rs11763970,7,98012595,rs112746004,0.356
7,97817321,rs11763970,7,98013039,rs55825602,0.405
7,97817321,rs11763970,7,98013107,rs10953259,0.159
7,97817321,rs11763970,7,98013839,rs12539761,0.138
7,97817321,rs11763970,7,98014041,rs11772432,0.14
7,97817321,rs11763970,7,98014900,rs67132564,0.405
7,97817321,rs11763970,7,98015049,rs1635612,0.167
7,97817321,rs11763970,7,98015435,rs62478228,0.14
7,97817321,rs11763970,7,98015868,rs9641237,0.137
7,97817321,rs11763970,7,98016246,rs6465681,0.405
7,97817321,rs11763970,7,98016373,rs6967576,0.405
7,97817321,rs11763970,7,98016417,rs6465682,0.405
7,97817321,rs11763970,7,98017015,rs5886064,0.382
7,97817321,rs11763970,7,98017099,rs9640655,0.14
7,97817321,rs11763970,7,98017192,rs35754545,0.14
7,97817321,rs11763970,7,98017730,rs59120980,0.14
7,97817321,rs11763970,7,98017805,rs142448000,0.402
7,97817321,rs11763970,7,98018182,rs13237102,0.405
7,97817321,rs11763970,7,98018297,rs7783127,0.404
7,97817321,rs11763970,7,98018299,rs141061986,0.405
7,97817321,rs11763970,7,98019522,rs56286037,0.405
7,97817321,rs11763970,7,98020043,rs11464141,0.405
7,97817321,rs11763970,7,98020312,rs10538495,0.405
7,97817321,rs11763970,7,98021020,rs374322832,0.319
7,97817321,rs11763970,7,98021211,rs9649213,0.126
7,97817321,rs11763970,7,98022182,rs146586268,0.406
7,97817321,rs11763970,7,98022262,rs78110452,0.125
7,97817321,rs11763970,7,98022364,rs144248203,0.394
7,97817321,rs11763970,7,98022390,rs369866566,0.394
7,97817321,rs11763970,7,98022508,rs138791419,0.405
7,97817321,rs11763970,7,98023092,rs62478233,0.405
7,97817321,rs11763970,7,98023153,rs13310668,0.159
7,97817321,rs11763970,7,98026092,rs6465683,0.406
7,97817321,rs11763970,7,98026554,rs79518236,0.125
7,97817321,rs11763970,7,98027306,rs2394854,0.406
7,97817321,rs11763970,7,98027580,rs1541409,0.124
7,97817321,rs11763970,7,98027618,rs3801251,0.406
7,97817321,rs11763970,7,98027787,rs34124383,0.376
7,97817321,rs11763970,7,98028466,rs3779193,0.406
7,97817321,rs11763970,7,98029438,rs12704989,0.408
7,97817321,rs11763970,7,98030349,rs62478235,0.126
7,97817321,rs11763970,7,98030377,rs62478236,0.409
7,97817321,rs11763970,7,98030513,rs12533982,0.126
7,97817321,rs11763970,7,98031005,rs1076272,0.409
7,97817321,rs11763970,7,98033492,rs10953260,0.164
7,97817321,rs11763970,7,98034770,rs62478237,0.415
7,97817321,rs11763970,7,98036628,rs12154723,0.415
7,97817321,rs11763970,7,98037034,rs11496115,0.416
7,97817321,rs11763970,7,98038351,rs57098456,0.204
7,97817321,rs11763970,7,98038609,rs10953261,0.392
7,97817321,rs11763970,7,98038670,rs10808108,0.203
7,97817321,rs11763970,7,98039459,rs7787009,0.379
7,97817321,rs11763970,7,98039846,rs1688605,0.081
7,97817321,rs11763970,7,98042130,rs112816873,0.065
7,97817321,rs11763970,7,98042267,rs10268092,0.064
7,97817321,rs11763970,7,98042527,rs7783611,0.109
7,97817321,rs11763970,7,98042899,rs11971850,0.064
7,97817321,rs11763970,7,98043504,rs72467379,0.056
7,97817321,rs11763970,7,98043959,rs111984569,0.064
7,97817321,rs11763970,7,98046675,rs937131,0.063
7,97817321,rs11763970,7,98048964,rs10274983,0.062
7,97817321,rs11763970,7,98050791,rs10224125,0.061
7,97817321,rs11763970,7,98051932,rs2023971,0.062
7,97817321,rs11763970,7,98053054,rs11972830,0.061
7,97817321,rs11763970,7,98054504,rs10240312,0.058
7,97817321,rs11763970,7,98055174,rs1635605,0.06
7,97817321,rs11763970,7,98055912,rs1635606,0.06
7,97817321,rs11763970,7,98056510,rs111681257,0.061
7,97817321,rs11763970,7,98059060,rs12667648,0.06
7,97817321,rs11763970,7,98059788,rs113141431,0.06
7,97817321,rs11763970,7,98061047,rs79091574,0.061
7,97817321,rs11763970,7,98065982,rs113221360,0.06
7,97817321,rs11763970,7,98074344,rs112264398,0.276
7,97817321,rs11763970,7,98074744,rs4294119,0.162
7,97817321,rs11763970,7,98075594,rs4729445,0.089
7,97817321,rs11763970,7,98075975,rs7809920,0.111
7,97817321,rs11763970,7,98077040,rs11772157,0.157
7,97817321,rs11763970,7,98077856,rs10953265,0.088
7,97817321,rs11763970,7,98079099,rs28568981,0.109
7,97817321,rs11763970,7,98080047,rs9656055,0.08
7,97817321,rs11763970,7,98082036,rs13233174,0.051
7,97817321,rs11763970,7,98085012,rs6960079,0.21
7,97817321,rs11763970,7,98085907,rs4729447,0.067
7,97817321,rs11763970,7,98086044,rs4729448,0.081
7,97817321,rs11763970,7,98086820,rs2015092,0.211
7,97817321,rs11763970,7,98086903,rs2015101,0.211
7,97817321,rs11763970,7,98087278,rs4729449,0.08
7,97817321,rs11763970,7,98089273,rs34373391,0.211
7,97817321,rs11763970,7,98090441,rs143596383,0.118
7,97817321,rs11763970,7,98091895,rs903449,0.212
7,97817321,rs11763970,7,98092054,rs6969001,0.081
7,97817321,rs11763970,7,98092150,rs2394866,0.211
7,97817321,rs11763970,7,98092350,rs1994937,0.054
7,97817321,rs11763970,7,98092506,rs2161,0.081
7,97817321,rs11763970,7,98095655,rs6951985,0.211
7,97817321,rs11763970,7,98096165,rs861009,0.067
7,97817321,rs11763970,7,98096200,rs860156,0.067
7,97817321,rs11763970,7,98097170,rs705321,0.067
7,97817321,rs11763970,7,98097907,rs1809794,0.081
7,97817321,rs11763970,7,98100066,rs817929,0.21
7,97817321,rs11763970,7,98100497,rs817930,0.21
7,97817321,rs11763970,7,98103831,rs817931,0.066
7,97817321,rs11763970,7,98104264,rs2697489,0.196
7,97817321,rs11763970,7,98107580,rs71515222,0.062
7,97817321,rs11763970,7,98111235,rs4358738,0.094
7,97817321,rs11763970,7,98116480,chr7_98116480_A_G,0.149
7,97817321,rs11763970,7,98118223,rs66762870,0.163
7,97817321,rs11763970,7,98118387,rs2642884,0.16
