CHR_A,BP_A,SNP_A,CHR_B,BP_B,SNP_B,R2
7,20994491,rs12155172,7,20762609,rs73085689,0.077
7,20994491,rs12155172,7,20762646,exm607987,0.077
7,20994491,rs12155172,7,20762937,rs62453385,0.076
7,20994491,rs12155172,7,20762984,rs143135378,0.076
7,20994491,rs12155172,7,20765311,rs73085700,0.075
7,20994491,rs12155172,7,20767815,chr7_20767815_C_T,0.065
7,20994491,rs12155172,7,20780454,rs62453390,0.167
7,20994491,rs12155172,7,20781192,rs34221966,0.074
7,20994491,rs12155172,7,20781414,rs62453391,0.167
7,20994491,rs12155172,7,20782094,chr7_20782094_C_T,0.063
7,20994491,rs12155172,7,20782474,chr7_20782474_C_T,0.074
7,20994491,rs12155172,7,20787273,rs6461517,0.149
7,20994491,rs12155172,7,20787452,rs6461518,0.149
7,20994491,rs12155172,7,20787715,rs10263244,0.149
7,20994491,rs12155172,7,20787989,rs56202111,0.146
7,20994491,rs12155172,7,20787990,rs199790883,0.146
7,20994491,rs12155172,7,20787993,rs66953410,0.146
7,20994491,rs12155172,7,20788056,rs67971133,0.149
7,20994491,rs12155172,7,20788089,rs6978285,0.149
7,20994491,rs12155172,7,20788683,rs10238150,0.148
7,20994491,rs12155172,7,20788762,rs57764976,0.154
7,20994491,rs12155172,7,20788844,rs10253914,0.149
7,20994491,rs12155172,7,20788845,rs10238284,0.151
7,20994491,rs12155172,7,20789108,rs12533204,0.152
7,20994491,rs12155172,7,20789950,chr7_20789950_CC_INDEL,0.105
7,20994491,rs12155172,7,20790342,rs1023540,0.15
7,20994491,rs12155172,7,20790604,rs7788898,0.152
7,20994491,rs12155172,7,20790767,rs4721944,0.157
7,20994491,rs12155172,7,20790880,rs11387863,0.153
7,20994491,rs12155172,7,20791042,rs4721945,0.158
7,20994491,rs12155172,7,20791190,rs4721946,0.154
7,20994491,rs12155172,7,20791801,rs10266329,0.158
7,20994491,rs12155172,7,20792107,rs2528800,0.159
7,20994491,rs12155172,7,20793720,rs1015646,0.157
7,20994491,rs12155172,7,20794396,rs2709747,0.157
7,20994491,rs12155172,7,20794680,rs2528801,0.158
7,20994491,rs12155172,7,20796144,rs12112555,0.159
7,20994491,rs12155172,7,20796487,kgp1598850,0.161
7,20994491,rs12155172,7,20796585,kgp129516,0.162
7,20994491,rs12155172,7,20797030,rs2528803,0.159
7,20994491,rs12155172,7,20797689,rs10224104,0.159
7,20994491,rs12155172,7,20797907,rs7457697,0.159
7,20994491,rs12155172,7,20798022,rs11767200,0.162
7,20994491,rs12155172,7,20798913,rs10258121,0.166
7,20994491,rs12155172,7,20801220,rs6944200,0.164
7,20994491,rs12155172,7,20801290,rs6944093,0.164
7,20994491,rs12155172,7,20801627,chr7_20801627_A_G,0.181
7,20994491,rs12155172,7,20801732,rs10270264,0.16
7,20994491,rs12155172,7,20804394,rs10255288,0.168
7,20994491,rs12155172,7,20804573,rs16872614,0.165
7,20994491,rs12155172,7,20804949,rs12536156,0.068
7,20994491,rs12155172,7,20805622,rs13239621,0.158
7,20994491,rs12155172,7,20806534,rs2528797,0.165
7,20994491,rs12155172,7,20807298,chr7_20807298_A_G,0.168
7,20994491,rs12155172,7,20808548,rs62453406,0.163
7,20994491,rs12155172,7,20808626,rs59683536,0.163
7,20994491,rs12155172,7,20808728,rs4721948,0.16
7,20994491,rs12155172,7,20809175,rs10452778,0.163
7,20994491,rs12155172,7,20813677,rs11351918,0.165
7,20994491,rs12155172,7,20815352,rs1029595,0.167
7,20994491,rs12155172,7,20815803,rs56090439,0.144
7,20994491,rs12155172,7,20818439,rs67763760,0.051
7,20994491,rs12155172,7,20820129,chr7_20820129_C_T,0.174
7,20994491,rs12155172,7,20820577,rs34661314,0.055
7,20994491,rs12155172,7,20821273,rs2286260,0.055
7,20994491,rs12155172,7,20822462,7:20822462:CAA:C,0.056
7,20994491,rs12155172,7,20824614,chr7_20824614_C_T,0.063
7,20994491,rs12155172,7,20824940,rs372591893,0.216
7,20994491,rs12155172,7,20826452,chr7_20826452_G_T,0.064
7,20994491,rs12155172,7,20830507,rs62453409,0.188
7,20994491,rs12155172,7,20830754,chr7_20830754_A_G,0.074
7,20994491,rs12155172,7,20830970,rs61698652,0.071
7,20994491,rs12155172,7,20831744,rs34168465,0.188
7,20994491,rs12155172,7,20834050,rs958196,0.083
7,20994491,rs12155172,7,20838951,rs2529753,0.074
7,20994491,rs12155172,7,20840374,chr7_20840374_A_T,0.094
7,20994491,rs12155172,7,20842465,rs2390366,0.135
7,20994491,rs12155172,7,20842686,rs62453410,0.051
7,20994491,rs12155172,7,20843007,rs10273758,0.205
7,20994491,rs12155172,7,20843119,rs10273899,0.205
7,20994491,rs12155172,7,20844094,rs2108520,0.128
7,20994491,rs12155172,7,20844736,rs147414004,0.119
7,20994491,rs12155172,7,20844779,rs34572999,0.121
7,20994491,rs12155172,7,20844897,rs2529754,0.204
7,20994491,rs12155172,7,20844991,rs2529755,0.116
7,20994491,rs12155172,7,20845278,rs2529756,0.116
7,20994491,rs12155172,7,20846391,chr7_20846391_A_G,0.194
7,20994491,rs12155172,7,20847652,rs2529757,0.204
7,20994491,rs12155172,7,20848979,chr7_20848979_C_T,0.115
7,20994491,rs12155172,7,20849136,rs7790436,0.21
7,20994491,rs12155172,7,20851129,rs2529758,0.118
7,20994491,rs12155172,7,20852635,rs10234049,0.23
7,20994491,rs12155172,7,20852699,rs80072508,0.156
7,20994491,rs12155172,7,20853175,rs10691569,0.132
7,20994491,rs12155172,7,20855010,rs62439285,0.239
7,20994491,rs12155172,7,20855889,rs10224799,0.133
7,20994491,rs12155172,7,20856873,rs10244534,0.241
7,20994491,rs12155172,7,20857172,rs10229452,0.125
7,20994491,rs12155172,7,20857335,rs10229390,0.124
7,20994491,rs12155172,7,20857386,rs59672156,0.234
7,20994491,rs12155172,7,20857732,rs2529759,0.234
7,20994491,rs12155172,7,20857947,rs2529760,0.125
7,20994491,rs12155172,7,20858319,rs2709744,0.125
7,20994491,rs12155172,7,20860064,rs6949470,0.133
7,20994491,rs12155172,7,20860341,rs4001000,0.24
7,20994491,rs12155172,7,20860898,rs201846393,0.219
7,20994491,rs12155172,7,20861740,rs28884817,0.134
7,20994491,rs12155172,7,20861752,rs28827829,0.138
7,20994491,rs12155172,7,20861904,rs35864379,0.133
7,20994491,rs12155172,7,20862302,rs2709736,0.132
7,20994491,rs12155172,7,20862370,rs28608742,0.24
7,20994491,rs12155172,7,20862866,rs4721954,0.133
7,20994491,rs12155172,7,20862988,rs6965781,0.133
7,20994491,rs12155172,7,20863143,chr7_20863143_A_G,0.154
7,20994491,rs12155172,7,20863153,rs6947890,0.133
7,20994491,rs12155172,7,20863687,rs10257661,0.235
7,20994491,rs12155172,7,20864139,rs10273969,0.236
7,20994491,rs12155172,7,20865556,rs62439287,0.068
7,20994491,rs12155172,7,20866097,chr7_20866097_A_C,0.133
7,20994491,rs12155172,7,20866321,rs10274248,0.133
7,20994491,rs12155172,7,20867808,rs2709722,0.133
7,20994491,rs12155172,7,20868133,rs2709723,0.231
7,20994491,rs12155172,7,20868181,rs2709724,0.235
7,20994491,rs12155172,7,20868521,rs10256428,0.241
7,20994491,rs12155172,7,20869239,rs10272835,0.236
7,20994491,rs12155172,7,20871868,rs9691964,0.227
7,20994491,rs12155172,7,20872098,chr7_20872098_A_G,0.226
7,20994491,rs12155172,7,20872203,rs2709743,0.228
7,20994491,rs12155172,7,20872340,rs2709742,0.135
7,20994491,rs12155172,7,20872641,rs59332628,0.135
7,20994491,rs12155172,7,20872854,rs2709741,0.134
7,20994491,rs12155172,7,20873586,rs2529761,0.135
7,20994491,rs12155172,7,20873653,chr7_20873653_C_T,0.228
7,20994491,rs12155172,7,20874879,rs9692249,0.115
7,20994491,rs12155172,7,20875624,rs7809782,0.108
7,20994491,rs12155172,7,20875934,rs11270448,0.109
7,20994491,rs12155172,7,20876862,rs7779724,0.105
7,20994491,rs12155172,7,20878886,rs10276458,0.109
7,20994491,rs12155172,7,20878995,rs2529763,0.182
7,20994491,rs12155172,7,20880676,rs117302599,0.069
7,20994491,rs12155172,7,20882231,rs71020699,0.169
7,20994491,rs12155172,7,20883078,rs2709716,0.107
7,20994491,rs12155172,7,20883269,rs6960772,0.109
7,20994491,rs12155172,7,20883724,chr7_20883724_A_G,0.109
7,20994491,rs12155172,7,20884432,chr7_20884432_A_T,0.195
7,20994491,rs12155172,7,20887499,rs55712420,0.108
7,20994491,rs12155172,7,20888011,rs140104259,0.184
7,20994491,rs12155172,7,20888300,rs4719628,0.104
7,20994491,rs12155172,7,20888550,rs4719631,0.108
7,20994491,rs12155172,7,20888879,rs35908739,0.184
7,20994491,rs12155172,7,20889315,chr7_20889315_C_G,0.078
7,20994491,rs12155172,7,20889509,rs974212,0.108
7,20994491,rs12155172,7,20889658,rs974213,0.108
7,20994491,rs12155172,7,20890009,rs2041095,0.109
7,20994491,rs12155172,7,20890275,rs726560,0.108
7,20994491,rs12155172,7,20890609,rs10274471,0.108
7,20994491,rs12155172,7,20891119,rs5882782,0.108
7,20994491,rs12155172,7,20891121,rs2248278,0.103
7,20994491,rs12155172,7,20891520,chr7_20891520_C_T,0.053
7,20994491,rs12155172,7,20891706,7:20891706:CTTTTTT:C,0.102
7,20994491,rs12155172,7,20892015,rs12535135,0.108
7,20994491,rs12155172,7,20892145,rs12537837,0.108
7,20994491,rs12155172,7,20892784,chr7_20892784_A_T,0.108
7,20994491,rs12155172,7,20893118,rs4721955,0.108
7,20994491,rs12155172,7,20893466,rs4721956,0.116
7,20994491,rs12155172,7,20894270,rs1981618,0.11
7,20994491,rs12155172,7,20894322,rs1981619,0.11
7,20994491,rs12155172,7,20894396,rs1981620,0.11
7,20994491,rs12155172,7,20896148,rs28579261,0.217
7,20994491,rs12155172,7,20896317,rs2058075,0.122
7,20994491,rs12155172,7,20897862,rs10252529,0.122
7,20994491,rs12155172,7,20897865,rs10281881,0.216
7,20994491,rs12155172,7,20897909,rs204575,0.122
7,20994491,rs12155172,7,20899659,rs204576,0.122
7,20994491,rs12155172,7,20899682,rs204577,0.122
7,20994491,rs12155172,7,20900476,rs204578,0.122
7,20994491,rs12155172,7,20900534,rs35197546,0.122
7,20994491,rs12155172,7,20900564,rs204579,0.122
7,20994491,rs12155172,7,20900883,rs204580,0.122
7,20994491,rs12155172,7,20901398,rs204581,0.216
7,20994491,rs12155172,7,20901770,rs204582,0.122
7,20994491,rs12155172,7,20901913,rs204583,0.122
7,20994491,rs12155172,7,20902044,rs204584,0.122
7,20994491,rs12155172,7,20902288,rs204585,0.215
7,20994491,rs12155172,7,20902962,rs204586,0.122
7,20994491,rs12155172,7,20903542,rs116973,0.122
7,20994491,rs12155172,7,20903663,rs5882783,0.112
7,20994491,rs12155172,7,20904270,rs204587,0.122
7,20994491,rs12155172,7,20905485,chr7_20905485_A_G,0.216
7,20994491,rs12155172,7,20906028,rs204589,0.122
7,20994491,rs12155172,7,20907551,rs201908915,0.133
7,20994491,rs12155172,7,20909611,rs204591,0.122
7,20994491,rs12155172,7,20909622,rs204592,0.12
7,20994491,rs12155172,7,20909666,rs204593,0.122
7,20994491,rs12155172,7,20911212,rs204594,0.116
7,20994491,rs12155172,7,20911427,chr7_20911427_C_G,0.215
7,20994491,rs12155172,7,20912112,rs2529768,0.079
7,20994491,rs12155172,7,20912394,rs204597,0.123
7,20994491,rs12155172,7,20912566,rs34821641,0.121
7,20994491,rs12155172,7,20913511,7:20913511:C:G,0.102
7,20994491,rs12155172,7,20914744,rs204598,0.122
7,20994491,rs12155172,7,20915043,rs204600,0.122
7,20994491,rs12155172,7,20915168,rs204601,0.122
7,20994491,rs12155172,7,20917255,rs2709731,0.088
7,20994491,rs12155172,7,20917389,rs204602,0.122
7,20994491,rs12155172,7,20917820,rs60563952,0.122
7,20994491,rs12155172,7,20918567,rs2709717,0.122
7,20994491,rs12155172,7,20918568,rs2709718,0.122
7,20994491,rs12155172,7,20918755,rs2539955,0.122
7,20994491,rs12155172,7,20918862,rs2709719,0.123
7,20994491,rs12155172,7,20919407,rs2539957,0.121
7,20994491,rs12155172,7,20920583,rs2539960,0.123
7,20994491,rs12155172,7,20921918,rs34321862,0.127
7,20994491,rs12155172,7,20921947,rs2709720,0.123
7,20994491,rs12155172,7,20922617,rs2539961,0.123
7,20994491,rs12155172,7,20923092,rs2192466,0.118
7,20994491,rs12155172,7,20923457,rs10265998,0.21
7,20994491,rs12155172,7,20924406,rs2893019,0.123
7,20994491,rs12155172,7,20926006,rs2709729,0.123
7,20994491,rs12155172,7,20926716,rs2709730,0.217
7,20994491,rs12155172,7,20926921,rs6969508,0.088
7,20994491,rs12155172,7,20927079,rs6969840,0.216
7,20994491,rs12155172,7,20928024,rs2215855,0.121
7,20994491,rs12155172,7,20928106,rs2192464,0.123
7,20994491,rs12155172,7,20929403,rs2465056,0.123
7,20994491,rs12155172,7,20929424,rs2430384,0.217
7,20994491,rs12155172,7,20929496,rs2430385,0.088
7,20994491,rs12155172,7,20930987,rs2539956,0.12
7,20994491,rs12155172,7,20931325,rs7787115,0.125
7,20994491,rs12155172,7,20931375,rs11315639,0.156
7,20994491,rs12155172,7,20931791,rs11315638,0.12
7,20994491,rs12155172,7,20932894,rs2709734,0.132
7,20994491,rs12155172,7,20933149,rs2110466,0.13
7,20994491,rs12155172,7,20933185,rs2390403,0.132
7,20994491,rs12155172,7,20938815,rs56879499,0.123
7,20994491,rs12155172,7,20940484,rs1155095,0.128
7,20994491,rs12155172,7,20940950,rs1155096,0.13
7,20994491,rs12155172,7,20941262,rs4140783,0.215
7,20994491,rs12155172,7,20942383,chr7_20942383_C_T,0.128
7,20994491,rs12155172,7,20944522,rs6461521,0.217
7,20994491,rs12155172,7,20945115,chr7_20945115_A_G,0.184
7,20994491,rs12155172,7,20947478,rs75367756,0.067
7,20994491,rs12155172,7,20949546,chr7_20949546_A_G,0.2
7,20994491,rs12155172,7,20950496,rs2160093,0.065
7,20994491,rs12155172,7,20951278,rs2110467,0.065
7,20994491,rs12155172,7,20954622,rs79447064,0.12
7,20994491,rs12155172,7,20954729,chr7_20954729_A_T,0.317
7,20994491,rs12155172,7,20955370,chr7_20955370_A_G,0.187
7,20994491,rs12155172,7,20955795,rs7796980,0.068
7,20994491,rs12155172,7,20956964,rs2714479,0.223
7,20994491,rs12155172,7,20957366,chr7_20957366_A_G,0.119
7,20994491,rs12155172,7,20960488,chr7_20960488_A_G,0.206
7,20994491,rs12155172,7,20960966,rs1008132,0.364
7,20994491,rs12155172,7,20961711,rs10248211,0.122
7,20994491,rs12155172,7,20962571,rs6461522,0.206
7,20994491,rs12155172,7,20962732,rs4463317,0.206
7,20994491,rs12155172,7,20962776,rs4291155,0.206
7,20994491,rs12155172,7,20963958,rs144382713,0.182
7,20994491,rs12155172,7,20964195,rs2080218,0.207
7,20994491,rs12155172,7,20964439,rs2080219,0.207
7,20994491,rs12155172,7,20964704,rs2709728,0.206
7,20994491,rs12155172,7,20966381,rs2893020,0.179
7,20994491,rs12155172,7,20966385,rs7789400,0.179
7,20994491,rs12155172,7,20966736,rs2390405,0.179
7,20994491,rs12155172,7,20966800,rs4000997,0.207
7,20994491,rs12155172,7,20967324,rs35679511,0.162
7,20994491,rs12155172,7,20968084,chr7_20968084_A_T,0.179
7,20994491,rs12155172,7,20970137,rs6973043,0.174
7,20994491,rs12155172,7,20970872,rs2110468,0.178
7,20994491,rs12155172,7,20971092,chr7_20971092_C_T,0.24
7,20994491,rs12155172,7,20972111,chr7_20972111_A_C,0.133
7,20994491,rs12155172,7,20974238,rs6957210,0.133
7,20994491,rs12155172,7,20975370,rs2709727,0.136
7,20994491,rs12155172,7,20975498,rs2539963,0.136
7,20994491,rs12155172,7,20975552,rs2714476,0.136
7,20994491,rs12155172,7,20976078,rs2539964,0.368
7,20994491,rs12155172,7,20976771,rs2539965,0.116
7,20994491,rs12155172,7,20976839,rs2539966,0.136
7,20994491,rs12155172,7,20977211,rs2539967,0.136
7,20994491,rs12155172,7,20977480,rs2709726,0.116
7,20994491,rs12155172,7,20977572,rs2539968,0.372
7,20994491,rs12155172,7,20978000,rs2709725,0.135
7,20994491,rs12155172,7,20978139,chr7_20978139_A_T,0.097
7,20994491,rs12155172,7,20979192,rs10275740,0.133
7,20994491,rs12155172,7,20979759,rs2539969,0.133
7,20994491,rs12155172,7,20980246,rs35533647,0.085
7,20994491,rs12155172,7,20981264,rs4455743,0.134
7,20994491,rs12155172,7,20982307,rs62439344,0.134
7,20994491,rs12155172,7,20982390,rs151169105,0.134
7,20994491,rs12155172,7,20982824,rs36050299,0.134
7,20994491,rs12155172,7,20983011,rs6976248,0.135
7,20994491,rs12155172,7,20983505,rs199618253,0.135
7,20994491,rs12155172,7,20983528,rs6942939,0.135
7,20994491,rs12155172,7,20984145,rs35931142,0.353
7,20994491,rs12155172,7,20984337,rs138111242,0.064
7,20994491,rs12155172,7,20985926,rs73263867,0.063
7,20994491,rs12155172,7,20986026,rs4721958,0.353
7,20994491,rs12155172,7,20986251,rs73263870,0.063
7,20994491,rs12155172,7,20986511,rs12700246,0.062
7,20994491,rs12155172,7,20988272,rs7807307,0.063
7,20994491,rs12155172,7,20988432,rs7794375,0.063
7,20994491,rs12155172,7,20988977,rs11973650,0.063
7,20994491,rs12155172,7,20989545,rs73263882,0.063
7,20994491,rs12155172,7,20989862,chr7_20989862_C_T,0.062
7,20994491,rs12155172,7,20990385,chr7_20990385_A_G,0.353
7,20994491,rs12155172,7,20990451,chr7_20990451_A_C,0.085
7,20994491,rs12155172,7,20990761,rs138185716,0.063
7,20994491,rs12155172,7,20991006,rs35524401,0.299
7,20994491,rs12155172,7,20993726,chr7_20993726_G_T,0.123
7,20994491,rs12155172,7,20993727,rs5011826,0.14
7,20994491,rs12155172,7,20994491,rs12155172,1
7,20994491,rs12155172,7,20996952,rs10713532,0.991
7,20994491,rs12155172,7,20996954,chr7_20996954_G_INDEL,0.979
7,20994491,rs12155172,7,20998686,chr7_20998686_C_T,0.114
7,20994491,rs12155172,7,20999211,rs9655205,0.982
7,20994491,rs12155172,7,21000345,rs2390409,0.095
7,20994491,rs12155172,7,21002599,rs33975388,0.224
7,20994491,rs12155172,7,21005042,rs35831036,0.052
7,20994491,rs12155172,7,21005249,rs7779016,0.077
7,20994491,rs12155172,7,21005298,rs7779289,0.078
7,20994491,rs12155172,7,21008057,rs59331294,0.129
7,20994491,rs12155172,7,21008688,rs10254353,0.225
7,20994491,rs12155172,7,21012029,rs6944183,0.624
7,20994491,rs12155172,7,21012144,chr7_21012144_A_G,0.62
7,20994491,rs12155172,7,21013709,rs7788251,0.088
7,20994491,rs12155172,7,21021284,rs10223978,0.211
7,20994491,rs12155172,7,21021498,rs12111744,0.059
7,20994491,rs12155172,7,21026748,rs35892627,0.075
7,20994491,rs12155172,7,21026899,rs71526346,0.051
7,20994491,rs12155172,7,21027080,chr7_21027080_A_G,0.21
7,20994491,rs12155172,7,21027606,rs10245794,0.087
7,20994491,rs12155172,7,21028456,rs35462998,0.068
7,20994491,rs12155172,7,21029434,rs4401743,0.076
7,20994491,rs12155172,7,21032355,rs4598145,0.068
7,20994491,rs12155172,7,21032538,rs12113935,0.068
7,20994491,rs12155172,7,21032767,rs6944042,0.087
7,20994491,rs12155172,7,21033571,rs6461526,0.088
7,20994491,rs12155172,7,21033584,rs7799567,0.087
7,20994491,rs12155172,7,21033870,rs10156011,0.204
7,20994491,rs12155172,7,21034095,rs75751458,0.068
7,20994491,rs12155172,7,21034141,rs10226277,0.087
7,20994491,rs12155172,7,21034290,rs10271640,0.086
7,20994491,rs12155172,7,21034296,rs145561287,0.218
7,20994491,rs12155172,7,21034352,rs7777542,0.205
7,20994491,rs12155172,7,21034616,rs2390408,0.087
7,20994491,rs12155172,7,21035064,rs6944551,0.068
7,20994491,rs12155172,7,21035468,rs140961749,0.086
7,20994491,rs12155172,7,21035658,rs13224362,0.087
7,20994491,rs12155172,7,21040435,rs13228761,0.068
7,20994491,rs12155172,7,21045336,rs34341463,0.223
7,20994491,rs12155172,7,21045679,rs2192056,0.078
7,20994491,rs12155172,7,21046826,rs35312925,0.067
7,20994491,rs12155172,7,21049057,rs12666907,0.077
7,20994491,rs12155172,7,21049148,rs12673253,0.077
7,20994491,rs12155172,7,21049679,rs10248290,0.077
7,20994491,rs12155172,7,21050155,rs6461528,0.067
7,20994491,rs12155172,7,21051042,chr7_21051042_G_T,0.076
7,20994491,rs12155172,7,21051101,rs2215678,0.076
7,20994491,rs12155172,7,21051137,chr7_21051137_A_T,0.317
7,20994491,rs12155172,7,21052503,rs1860872,0.075
7,20994491,rs12155172,7,21053970,chr7_21053970_C_T,0.207
7,20994491,rs12155172,7,21054682,rs80002262,0.072
7,20994491,rs12155172,7,21057179,chr7_21057179_C_T,0.211
7,20994491,rs12155172,7,21057473,chr7_21057473_A_C,0.56
7,20994491,rs12155172,7,21057846,rs7788453,0.156
7,20994491,rs12155172,7,21058161,chr7_21058161_A_G,0.562
7,20994491,rs12155172,7,21058463,rs75583840,0.081
7,20994491,rs12155172,7,21059022,chr7_21059022_A_G,0.562
7,20994491,rs12155172,7,21059378,chr7_21059378_A_G,0.073
7,20994491,rs12155172,7,21060304,rs6946302,0.496
7,20994491,rs12155172,7,21061180,rs143991966,0.073
7,20994491,rs12155172,7,21061360,rs917810,0.154
7,20994491,rs12155172,7,21062746,chr7_21062746_C_T,0.551
7,20994491,rs12155172,7,21062826,chr7_21062826_C_T,0.553
7,20994491,rs12155172,7,21063226,rs7795247,0.153
7,20994491,rs12155172,7,21063559,chr7_21063559_C_T,0.554
7,20994491,rs12155172,7,21064647,chr7_21064647_C_T,0.529
7,20994491,rs12155172,7,21066684,rs6954678,0.152
7,20994491,rs12155172,7,21073960,rs10245578,0.066
7,20994491,rs12155172,7,21078846,rs10230330,0.051
