CHR_A,BP_A,SNP_A,CHR_B,BP_B,SNP_B,R2
7,47437244,rs56232506,7,47350614,rs58252305,0.05
7,47437244,rs56232506,7,47354584,rs6980455,0.05
7,47437244,rs56232506,7,47354660,rs6960170,0.054
7,47437244,rs56232506,7,47359101,rs7791098,0.051
7,47437244,rs56232506,7,47360501,rs6463413,0.051
7,47437244,rs56232506,7,47375200,rs7809597,0.05
7,47437244,rs56232506,7,47377691,rs71818316,0.056
7,47437244,rs56232506,7,47378641,rs2462642,0.054
7,47437244,rs56232506,7,47379554,rs35991026,0.063
7,47437244,rs56232506,7,47379905,rs7807583,0.055
7,47437244,rs56232506,7,47381111,rs2462644,0.055
7,47437244,rs56232506,7,47382518,rs12375125,0.055
7,47437244,rs56232506,7,47383988,rs112712097,0.055
7,47437244,rs56232506,7,47385201,rs17522996,0.101
7,47437244,rs56232506,7,47386422,rs2462645,0.101
7,47437244,rs56232506,7,47390394,rs2470992,0.104
7,47437244,rs56232506,7,47390395,rs2462646,0.104
7,47437244,rs56232506,7,47396050,rs2462647,0.113
7,47437244,rs56232506,7,47405166,rs4724566,0.131
7,47437244,rs56232506,7,47405231,rs149803933,0.063
7,47437244,rs56232506,7,47405373,rs34177994,0.13
7,47437244,rs56232506,7,47405453,rs2949816,0.131
7,47437244,rs56232506,7,47406323,rs6150095,0.13
7,47437244,rs56232506,7,47406335,rs17523258,0.064
7,47437244,rs56232506,7,47407212,rs2462625,0.131
7,47437244,rs56232506,7,47407888,rs2255749,0.13
7,47437244,rs56232506,7,47412489,rs4724567,0.133
7,47437244,rs56232506,7,47412856,rs10279935,0.134
7,47437244,rs56232506,7,47413238,rs2462628,0.134
7,47437244,rs56232506,7,47414171,rs2470991,0.13
7,47437244,rs56232506,7,47415320,rs7808433,0.132
7,47437244,rs56232506,7,47417356,rs73111052,0.092
7,47437244,rs56232506,7,47419180,rs113685733,0.097
7,47437244,rs56232506,7,47419299,rs17523891,0.093
7,47437244,rs56232506,7,47419888,rs2462631,0.182
7,47437244,rs56232506,7,47420365,rs3801084,0.098
7,47437244,rs56232506,7,47420367,rs3801083,0.098
7,47437244,rs56232506,7,47420521,rs3801082,0.096
7,47437244,rs56232506,7,47421540,chr7_47421540_C_T,0.189
7,47437244,rs56232506,7,47422049,chr7_47422049_C_T,0.098
7,47437244,rs56232506,7,47422796,rs2471000,0.18
7,47437244,rs56232506,7,47422848,chr7_47422848_A_G,0.096
7,47437244,rs56232506,7,47423565,chr7_47423565_G_T,0.108
7,47437244,rs56232506,7,47427582,rs34065821,0.105
7,47437244,rs56232506,7,47427643,rs12537130,0.131
7,47437244,rs56232506,7,47427866,rs75563335,0.205
7,47437244,rs56232506,7,47427910,rs79920368,0.245
7,47437244,rs56232506,7,47428096,rs4724569,0.215
7,47437244,rs56232506,7,47428546,rs62446289,0.284
7,47437244,rs56232506,7,47428905,rs140267691,0.109
7,47437244,rs56232506,7,47428909,rs73695324,0.141
7,47437244,rs56232506,7,47429054,rs6976292,0.089
7,47437244,rs56232506,7,47429202,rs35444571,0.109
7,47437244,rs56232506,7,47430626,rs2470994,0.109
7,47437244,rs56232506,7,47431174,rs12670539,0.143
7,47437244,rs56232506,7,47431317,chr7_47431317_C_G,0.177
7,47437244,rs56232506,7,47431511,rs4724573,0.219
7,47437244,rs56232506,7,47432669,rs2470996,0.249
7,47437244,rs56232506,7,47432942,rs2470997,0.097
7,47437244,rs56232506,7,47433003,rs58192148,0.379
7,47437244,rs56232506,7,47433094,rs13230267,0.498
7,47437244,rs56232506,7,47433246,rs10263527,0.25
7,47437244,rs56232506,7,47433628,rs2462634,0.251
7,47437244,rs56232506,7,47433733,rs2462635,0.097
7,47437244,rs56232506,7,47433750,chr7_47433750_C_T,0.21
7,47437244,rs56232506,7,47433960,rs10267539,0.498
7,47437244,rs56232506,7,47434418,rs75787905,0.052
7,47437244,rs56232506,7,47436497,chr7_47436497_A_G,0.148
7,47437244,rs56232506,7,47436783,chr7_47436783_A_G,0.455
7,47437244,rs56232506,7,47436838,rs17626611,0.24
7,47437244,rs56232506,7,47437072,rs17626629,0.772
7,47437244,rs56232506,7,47437150,rs12540482,0.296
7,47437244,rs56232506,7,47437244,rs56232506,1
7,47437244,rs56232506,7,47437962,rs374776727,0.052
7,47437244,rs56232506,7,47437966,rs370723267,0.052
7,47437244,rs56232506,7,47438356,rs62446317,0.052
7,47437244,rs56232506,7,47438522,rs12374754,0.052
7,47437244,rs56232506,7,47438527,rs12374755,0.052
7,47437244,rs56232506,7,47438559,rs6976881,0.1
7,47437244,rs56232506,7,47438616,rs12375046,0.052
7,47437244,rs56232506,7,47438677,rs145227737,0.807
7,47437244,rs56232506,7,47438893,rs10951903,0.052
7,47437244,rs56232506,7,47439151,rs79241472,0.052
7,47437244,rs56232506,7,47439428,rs10266922,0.15
7,47437244,rs56232506,7,47440225,chr7_47440225_C_T,0.598
7,47437244,rs56232506,7,47440815,rs79919769,0.051
7,47437244,rs56232506,7,47442633,rs7776701,0.77
7,47437244,rs56232506,7,47443627,rs78859629,0.103
7,47437244,rs56232506,7,47444053,rs12702337,0.256
7,47437244,rs56232506,7,47444250,rs13225337,0.873
7,47437244,rs56232506,7,47444538,rs74850476,0.051
7,47437244,rs56232506,7,47444807,rs11761475,0.979
7,47437244,rs56232506,7,47445108,rs75816823,0.051
7,47437244,rs56232506,7,47445641,rs700755,0.841
7,47437244,rs56232506,7,47445812,rs834601,0.841
7,47437244,rs56232506,7,47446215,chr7_47446215_A_C,0.478
7,47437244,rs56232506,7,47446629,rs79186979,0.051
7,47437244,rs56232506,7,47447215,rs7801481,0.975
7,47437244,rs56232506,7,47447541,rs11764365,0.975
7,47437244,rs56232506,7,47447598,rs79593345,0.051
7,47437244,rs56232506,7,47447921,rs834603,0.84
7,47437244,rs56232506,7,47448401,rs74939598,0.052
7,47437244,rs56232506,7,47448623,rs76925740,0.051
7,47437244,rs56232506,7,47448640,rs865031,0.531
7,47437244,rs56232506,7,47449099,rs76668076,0.051
7,47437244,rs56232506,7,47449829,rs79377949,0.083
7,47437244,rs56232506,7,47450271,rs834604,0.399
7,47437244,rs56232506,7,47450456,rs834605,0.529
7,47437244,rs56232506,7,47450632,rs834606,0.528
7,47437244,rs56232506,7,47451572,rs17544073,0.916
7,47437244,rs56232506,7,47451654,rs78673708,0.051
7,47437244,rs56232506,7,47451918,rs834608,0.513
7,47437244,rs56232506,7,47452522,rs2692539,0.399
7,47437244,rs56232506,7,47455309,rs117944008,0.051
7,47437244,rs56232506,7,47455310,rs117604349,0.051
7,47437244,rs56232506,7,47455337,rs12216624,0.051
7,47437244,rs56232506,7,47455780,rs75433723,0.068
7,47437244,rs56232506,7,47455916,rs12216631,0.149
7,47437244,rs56232506,7,47456114,rs140655203,0.051
7,47437244,rs56232506,7,47456458,rs17626664,0.051
7,47437244,rs56232506,7,47456846,rs834609,0.523
7,47437244,rs56232506,7,47456851,rs78789952,0.051
7,47437244,rs56232506,7,47457359,rs146846028,0.086
7,47437244,rs56232506,7,47458848,rs76988120,0.148
7,47437244,rs56232506,7,47458865,rs78676173,0.148
7,47437244,rs56232506,7,47460794,rs74801584,0.068
7,47437244,rs56232506,7,47460795,rs78195281,0.068
7,47437244,rs56232506,7,47460983,rs11509902,0.05
7,47437244,rs56232506,7,47462236,rs367630469,0.515
7,47437244,rs56232506,7,47462468,rs398047648,0.521
7,47437244,rs56232506,7,47462488,rs80049378,0.05
7,47437244,rs56232506,7,47462990,rs78981484,0.068
7,47437244,rs56232506,7,47463842,rs834599,0.518
7,47437244,rs56232506,7,47463937,rs834598,0.518
7,47437244,rs56232506,7,47464488,rs834597,0.518
7,47437244,rs56232506,7,47464674,rs834596,0.518
7,47437244,rs56232506,7,47465325,rs2692540,0.516
7,47437244,rs56232506,7,47465387,rs2665775,0.516
7,47437244,rs56232506,7,47465824,rs2665774,0.359
7,47437244,rs56232506,7,47466201,rs74533798,0.051
7,47437244,rs56232506,7,47466512,rs1704970,0.513
7,47437244,rs56232506,7,47467178,rs10280277,0.888
7,47437244,rs56232506,7,47467436,rs1799371,0.508
7,47437244,rs56232506,7,47467609,rs1612394,0.508
7,47437244,rs56232506,7,47467787,rs1704969,0.508
7,47437244,rs56232506,7,47467864,rs1799370,0.508
7,47437244,rs56232506,7,47468231,rs1704968,0.508
7,47437244,rs56232506,7,47468970,rs555535306,0.458
7,47437244,rs56232506,7,47469152,rs2136769,0.889
7,47437244,rs56232506,7,47469429,rs940861,0.508
7,47437244,rs56232506,7,47469692,rs1704967,0.121
7,47437244,rs56232506,7,47469709,rs1799369,0.121
7,47437244,rs56232506,7,47469729,rs34003202,0.514
7,47437244,rs56232506,7,47469948,rs1704966,0.507
7,47437244,rs56232506,7,47470215,rs1704965,0.508
7,47437244,rs56232506,7,47470325,rs34682970,0.347
7,47437244,rs56232506,7,47470995,rs112298276,0.508
7,47437244,rs56232506,7,47471286,rs2462638,0.508
7,47437244,rs56232506,7,47472276,rs834595,0.508
7,47437244,rs56232506,7,47473096,rs834594,0.303
7,47437244,rs56232506,7,47473907,rs397764654,0.878
7,47437244,rs56232506,7,47474328,rs834592,0.508
7,47437244,rs56232506,7,47474486,rs834591,0.351
7,47437244,rs56232506,7,47474713,rs567940591,0.508
7,47437244,rs56232506,7,47475441,rs60858142,0.067
7,47437244,rs56232506,7,47476657,rs78708206,0.051
7,47437244,rs56232506,7,47477399,rs67953251,0.351
7,47437244,rs56232506,7,47477469,rs2949817,0.3
7,47437244,rs56232506,7,47477550,rs1799372,0.35
7,47437244,rs56232506,7,47477995,rs58500328,0.067
7,47437244,rs56232506,7,47478124,rs76552224,0.066
7,47437244,rs56232506,7,47478154,rs113252629,0.067
7,47437244,rs56232506,7,47478366,rs61478763,0.067
7,47437244,rs56232506,7,47478590,rs56910399,0.067
7,47437244,rs56232506,7,47478712,rs57518323,0.067
7,47437244,rs56232506,7,47478736,rs1799374,0.35
7,47437244,rs56232506,7,47479335,rs17172859,0.068
7,47437244,rs56232506,7,47479363,rs1810137,0.349
7,47437244,rs56232506,7,47479377,rs17172860,0.065
7,47437244,rs56232506,7,47479492,rs1810136,0.348
7,47437244,rs56232506,7,47479572,rs1799375,0.345
7,47437244,rs56232506,7,47479583,rs1799376,0.502
7,47437244,rs56232506,7,47479589,rs76412039,0.066
7,47437244,rs56232506,7,47479675,rs1799377,0.348
7,47437244,rs56232506,7,47479913,rs79627380,0.066
7,47437244,rs56232506,7,47479963,rs1799378,0.348
7,47437244,rs56232506,7,47480001,rs76077911,0.059
7,47437244,rs56232506,7,47480817,rs1704972,0.348
7,47437244,rs56232506,7,47480999,rs1704971,0.502
7,47437244,rs56232506,7,47481211,rs13231464,0.88
7,47437244,rs56232506,7,47481602,rs11763044,0.879
7,47437244,rs56232506,7,47481628,rs16881490,0.066
7,47437244,rs56232506,7,47481786,rs1620852,0.502
7,47437244,rs56232506,7,47481875,rs1621656,0.348
7,47437244,rs56232506,7,47481881,rs1631084,0.12
7,47437244,rs56232506,7,47482057,rs1623328,0.465
7,47437244,rs56232506,7,47482716,chr7_47482716_C_T,0.228
7,47437244,rs56232506,7,47482719,rs1534137,0.502
7,47437244,rs56232506,7,47482750,rs1534138,0.502
7,47437244,rs56232506,7,47482829,rs4724578,0.879
7,47437244,rs56232506,7,47483112,rs2692541,0.363
7,47437244,rs56232506,7,47483410,rs1799380,0.348
7,47437244,rs56232506,7,47483624,rs1799381,0.36
7,47437244,rs56232506,7,47483677,rs77422904,0.058
7,47437244,rs56232506,7,47483705,rs1704973,0.498
7,47437244,rs56232506,7,47483713,rs80173493,0.058
7,47437244,rs56232506,7,47483997,rs1704974,0.121
7,47437244,rs56232506,7,47484288,rs5884001,0.345
7,47437244,rs56232506,7,47484299,rs869170,0.481
7,47437244,rs56232506,7,47484901,rs867927,0.288
7,47437244,rs56232506,7,47485377,rs1110925,0.326
7,47437244,rs56232506,7,47485642,rs3037441,0.324
7,47437244,rs56232506,7,47485840,rs1704976,0.323
7,47437244,rs56232506,7,47485866,rs1799383,0.285
7,47437244,rs56232506,7,47485884,chr7_47485884_A_G,0.357
7,47437244,rs56232506,7,47486259,rs3037443,0.53
7,47437244,rs56232506,7,47486463,rs58375628,0.241
7,47437244,rs56232506,7,47486662,7:47486662:G:GCCATTTTGTCATGGGCCCCATGGGCC,0.328
7,47437244,rs56232506,7,47486666,7:47486666:A:ATGACC,0.327
7,47437244,rs56232506,7,47486944,rs1320421,0.241
7,47437244,rs56232506,7,47486951,rs869144,0.106
7,47437244,rs56232506,7,47487070,rs73095122,0.092
7,47437244,rs56232506,7,47487613,rs940857,0.108
7,47437244,rs56232506,7,47487766,chr7_47487766_A_G,0.091
7,47437244,rs56232506,7,47487797,rs73328512,0.103
7,47437244,rs56232506,7,47487916,rs73095123,0.092
7,47437244,rs56232506,7,47488074,7:47488074:ATTTT:A,0.203
7,47437244,rs56232506,7,47488127,rs141731235,0.092
7,47437244,rs56232506,7,47488467,chr7_47488467_A_G,0.236
7,47437244,rs56232506,7,47488468,rs1704978,0.236
7,47437244,rs56232506,7,47488569,rs73328514,0.101
7,47437244,rs56232506,7,47488903,rs78417682,0.101
7,47437244,rs56232506,7,47489348,rs62446326,0.092
7,47437244,rs56232506,7,47489384,rs147967711,0.092
7,47437244,rs56232506,7,47489472,rs2692542,0.348
7,47437244,rs56232506,7,47489909,rs1467070,0.161
7,47437244,rs56232506,7,47490226,rs80115080,0.056
7,47437244,rs56232506,7,47492762,rs2941526,0.145
7,47437244,rs56232506,7,47494693,rs2941527,0.165
7,47437244,rs56232506,7,47494959,rs2941528,0.183
7,47437244,rs56232506,7,47495614,rs953264,0.164
7,47437244,rs56232506,7,47496200,rs4724580,0.168
7,47437244,rs56232506,7,47496258,rs4724581,0.168
7,47437244,rs56232506,7,47497698,rs142375899,0.169
7,47437244,rs56232506,7,47498364,chr7_47498364_A_G,0.192
7,47437244,rs56232506,7,47499904,rs1027926,0.239
7,47437244,rs56232506,7,47500360,rs12702340,0.238
7,47437244,rs56232506,7,47502291,chr7_47502291_A_G,0.204
7,47437244,rs56232506,7,47503866,rs7798679,0.228
7,47437244,rs56232506,7,47505048,rs2347787,0.232
7,47437244,rs56232506,7,47505510,rs2960227,0.15
7,47437244,rs56232506,7,47505664,rs68140522,0.15
7,47437244,rs56232506,7,47507816,rs10270829,0.162
7,47437244,rs56232506,7,47509447,rs4724582,0.207
7,47437244,rs56232506,7,47510548,rs11770952,0.208
7,47437244,rs56232506,7,47510577,rs11770955,0.059
7,47437244,rs56232506,7,47510741,rs6948177,0.059
7,47437244,rs56232506,7,47511161,rs3801081,0.058
7,47437244,rs56232506,7,47512042,rs1533086,0.06
7,47437244,rs56232506,7,47513877,rs150891872,0.054
7,47437244,rs56232506,7,47514012,rs373736448,0.055
7,47437244,rs56232506,7,47514360,rs143411064,0.061
7,47437244,rs56232506,7,47518165,rs884479,0.098
7,47437244,rs56232506,7,47518295,rs76499196,0.053
7,47437244,rs56232506,7,47518446,rs2941539,0.094
7,47437244,rs56232506,7,47520850,rs1543035,0.05
7,47437244,rs56232506,7,47521863,rs2964955,0.053
7,47437244,rs56232506,7,47522176,rs2941541,0.098
7,47437244,rs56232506,7,47523302,rs2960228,0.133
7,47437244,rs56232506,7,47524387,rs6463417,0.051
7,47437244,rs56232506,7,47525636,rs73328560,0.096
7,47437244,rs56232506,7,47525903,rs2964959,0.096
7,47437244,rs56232506,7,47526059,rs2941544,0.096
7,47437244,rs56232506,7,47526623,rs1973590,0.096
7,47437244,rs56232506,7,47527328,rs73328562,0.051
7,47437244,rs56232506,7,47528273,rs2941547,0.096
7,47437244,rs56232506,7,47529258,rs2941538,0.098
7,47437244,rs56232506,7,47529463,rs56754945,0.051
7,47437244,rs56232506,7,47529511,rs2964960,0.097
7,47437244,rs56232506,7,47531634,rs2960232,0.097
7,47437244,rs56232506,7,47531959,rs2960233,0.051
7,47437244,rs56232506,7,47532020,rs2960234,0.051
7,47437244,rs56232506,7,47532503,rs2941529,0.101
7,47444250,rs13225337,7,47337530,rs10252457,0.057
7,47444250,rs13225337,7,47344056,rs2204485,0.053
7,47444250,rs13225337,7,47345002,rs6959554,0.052
7,47444250,rs13225337,7,47347089,rs4720591,0.056
7,47444250,rs13225337,7,47347221,rs4720592,0.056
7,47444250,rs13225337,7,47348878,rs4720593,0.053
7,47444250,rs13225337,7,47349940,rs13437785,0.052
7,47444250,rs13225337,7,47350614,rs58252305,0.056
7,47444250,rs13225337,7,47350615,rs11456524,0.056
7,47444250,rs13225337,7,47351958,rs12672674,0.056
7,47444250,rs13225337,7,47352090,rs1976916,0.056
7,47444250,rs13225337,7,47352265,rs1976915,0.056
7,47444250,rs13225337,7,47354584,rs6980455,0.058
7,47444250,rs13225337,7,47354660,rs6960170,0.062
7,47444250,rs13225337,7,47354931,rs6964772,0.056
7,47444250,rs13225337,7,47355186,rs6463412,0.058
7,47444250,rs13225337,7,47355581,rs7798507,0.058
7,47444250,rs13225337,7,47358377,rs10215395,0.057
7,47444250,rs13225337,7,47359101,rs7791098,0.059
7,47444250,rs13225337,7,47360501,rs6463413,0.059
7,47444250,rs13225337,7,47361059,rs7801107,0.057
7,47444250,rs13225337,7,47361887,rs12539717,0.056
7,47444250,rs13225337,7,47362484,rs12537098,0.056
7,47444250,rs13225337,7,47364673,rs7781509,0.057
7,47444250,rs13225337,7,47365691,rs1464920,0.055
7,47444250,rs13225337,7,47366909,rs4724564,0.056
7,47444250,rs13225337,7,47367818,rs11766862,0.058
7,47444250,rs13225337,7,47369751,rs4724565,0.058
7,47444250,rs13225337,7,47370119,rs6950527,0.056
7,47444250,rs13225337,7,47370322,rs6970849,0.058
7,47444250,rs13225337,7,47370352,rs6951146,0.056
7,47444250,rs13225337,7,47371718,rs10276993,0.056
7,47444250,rs13225337,7,47373153,rs10225497,0.056
7,47444250,rs13225337,7,47374770,rs1464921,0.056
7,47444250,rs13225337,7,47375200,rs7809597,0.058
7,47444250,rs13225337,7,47375850,rs11762661,0.059
7,47444250,rs13225337,7,47377691,rs71818316,0.056
7,47444250,rs13225337,7,47378641,rs2462642,0.056
7,47444250,rs13225337,7,47379554,rs35991026,0.072
7,47444250,rs13225337,7,47379905,rs7807583,0.056
7,47444250,rs13225337,7,47381111,rs2462644,0.056
7,47444250,rs13225337,7,47382518,rs12375125,0.056
7,47444250,rs13225337,7,47383988,rs112712097,0.056
7,47444250,rs13225337,7,47385201,rs17522996,0.101
7,47444250,rs13225337,7,47386422,rs2462645,0.101
7,47444250,rs13225337,7,47390394,rs2470992,0.104
7,47444250,rs13225337,7,47390395,rs2462646,0.104
7,47444250,rs13225337,7,47396050,rs2462647,0.114
7,47444250,rs13225337,7,47396591,rs2471004,0.054
7,47444250,rs13225337,7,47398265,rs2471003,0.054
7,47444250,rs13225337,7,47405166,rs4724566,0.126
7,47444250,rs13225337,7,47405231,rs149803933,0.054
7,47444250,rs13225337,7,47405373,rs34177994,0.125
7,47444250,rs13225337,7,47405453,rs2949816,0.126
7,47444250,rs13225337,7,47406323,rs6150095,0.126
7,47444250,rs13225337,7,47406335,rs17523258,0.055
7,47444250,rs13225337,7,47407212,rs2462625,0.127
7,47444250,rs13225337,7,47407888,rs2255749,0.126
7,47444250,rs13225337,7,47412489,rs4724567,0.129
7,47444250,rs13225337,7,47412856,rs10279935,0.129
7,47444250,rs13225337,7,47413238,rs2462628,0.125
7,47444250,rs13225337,7,47414171,rs2470991,0.123
7,47444250,rs13225337,7,47415320,rs7808433,0.125
7,47444250,rs13225337,7,47417356,rs73111052,0.081
7,47444250,rs13225337,7,47419180,rs113685733,0.086
7,47444250,rs13225337,7,47419299,rs17523891,0.082
7,47444250,rs13225337,7,47419888,rs2462631,0.177
7,47444250,rs13225337,7,47420365,rs3801084,0.087
7,47444250,rs13225337,7,47420367,rs3801083,0.087
7,47444250,rs13225337,7,47420521,rs3801082,0.086
7,47444250,rs13225337,7,47421540,chr7_47421540_C_T,0.186
7,47444250,rs13225337,7,47422049,chr7_47422049_C_T,0.088
7,47444250,rs13225337,7,47422796,rs2471000,0.176
7,47444250,rs13225337,7,47422848,chr7_47422848_A_G,0.085
7,47444250,rs13225337,7,47423565,chr7_47423565_G_T,0.09
7,47444250,rs13225337,7,47427582,rs34065821,0.078
7,47444250,rs13225337,7,47427643,rs12537130,0.145
7,47444250,rs13225337,7,47427866,rs75563335,0.227
7,47444250,rs13225337,7,47427910,rs79920368,0.268
7,47444250,rs13225337,7,47428096,rs4724569,0.238
7,47444250,rs13225337,7,47428546,rs62446289,0.284
7,47444250,rs13225337,7,47428905,rs140267691,0.083
7,47444250,rs13225337,7,47428909,rs73695324,0.154
7,47444250,rs13225337,7,47429054,rs6976292,0.067
7,47444250,rs13225337,7,47429202,rs35444571,0.083
7,47444250,rs13225337,7,47430626,rs2470994,0.083
7,47444250,rs13225337,7,47431174,rs12670539,0.157
7,47444250,rs13225337,7,47431317,chr7_47431317_C_G,0.123
7,47444250,rs13225337,7,47431511,rs4724573,0.244
7,47444250,rs13225337,7,47432669,rs2470996,0.198
7,47444250,rs13225337,7,47432942,rs2470997,0.074
7,47444250,rs13225337,7,47433003,rs58192148,0.398
7,47444250,rs13225337,7,47433094,rs13230267,0.529
7,47444250,rs13225337,7,47433246,rs10263527,0.2
7,47444250,rs13225337,7,47433628,rs2462634,0.201
7,47444250,rs13225337,7,47433733,rs2462635,0.074
7,47444250,rs13225337,7,47433750,chr7_47433750_C_T,0.216
7,47444250,rs13225337,7,47433960,rs10267539,0.531
7,47444250,rs13225337,7,47434418,rs75787905,0.06
7,47444250,rs13225337,7,47436497,chr7_47436497_A_G,0.16
7,47444250,rs13225337,7,47436783,chr7_47436783_A_G,0.386
7,47444250,rs13225337,7,47436838,rs17626611,0.214
7,47444250,rs13225337,7,47437072,rs17626629,0.645
7,47444250,rs13225337,7,47437150,rs12540482,0.33
7,47444250,rs13225337,7,47437244,rs56232506,0.873
7,47444250,rs13225337,7,47437962,rs374776727,0.06
7,47444250,rs13225337,7,47437966,rs370723267,0.06
7,47444250,rs13225337,7,47438356,rs62446317,0.06
7,47444250,rs13225337,7,47438522,rs12374754,0.06
7,47444250,rs13225337,7,47438527,rs12374755,0.06
7,47444250,rs13225337,7,47438559,rs6976881,0.111
7,47444250,rs13225337,7,47438616,rs12375046,0.06
7,47444250,rs13225337,7,47438677,rs145227737,0.767
7,47444250,rs13225337,7,47438893,rs10951903,0.06
7,47444250,rs13225337,7,47439151,rs79241472,0.061
7,47444250,rs13225337,7,47439428,rs10266922,0.161
7,47444250,rs13225337,7,47440225,chr7_47440225_C_T,0.657
7,47444250,rs13225337,7,47440815,rs79919769,0.06
7,47444250,rs13225337,7,47442633,rs7776701,0.675
7,47444250,rs13225337,7,47443627,rs78859629,0.117
7,47444250,rs13225337,7,47444053,rs12702337,0.238
7,47444250,rs13225337,7,47444250,rs13225337,1
7,47444250,rs13225337,7,47444538,rs74850476,0.06
7,47444250,rs13225337,7,47444807,rs11761475,0.891
7,47444250,rs13225337,7,47445108,rs75816823,0.06
7,47444250,rs13225337,7,47445641,rs700755,0.752
7,47444250,rs13225337,7,47445812,rs834601,0.753
7,47444250,rs13225337,7,47446215,chr7_47446215_A_C,0.553
7,47444250,rs13225337,7,47446629,rs79186979,0.06
7,47444250,rs13225337,7,47447215,rs7801481,0.889
7,47444250,rs13225337,7,47447541,rs11764365,0.889
7,47444250,rs13225337,7,47447598,rs79593345,0.06
7,47444250,rs13225337,7,47447921,rs834603,0.751
7,47444250,rs13225337,7,47448401,rs74939598,0.061
7,47444250,rs13225337,7,47448623,rs76925740,0.06
7,47444250,rs13225337,7,47448640,rs865031,0.447
7,47444250,rs13225337,7,47449099,rs76668076,0.06
7,47444250,rs13225337,7,47449829,rs79377949,0.095
7,47444250,rs13225337,7,47450271,rs834604,0.315
7,47444250,rs13225337,7,47450456,rs834605,0.446
7,47444250,rs13225337,7,47450632,rs834606,0.444
7,47444250,rs13225337,7,47451572,rs17544073,0.835
7,47444250,rs13225337,7,47451654,rs78673708,0.06
7,47444250,rs13225337,7,47451918,rs834608,0.43
7,47444250,rs13225337,7,47452522,rs2692539,0.315
7,47444250,rs13225337,7,47455309,rs117944008,0.06
7,47444250,rs13225337,7,47455310,rs117604349,0.06
7,47444250,rs13225337,7,47455337,rs12216624,0.06
7,47444250,rs13225337,7,47455916,rs12216631,0.063
7,47444250,rs13225337,7,47456114,rs140655203,0.06
7,47444250,rs13225337,7,47456458,rs17626664,0.06
7,47444250,rs13225337,7,47456846,rs834609,0.44
7,47444250,rs13225337,7,47456851,rs78789952,0.06
7,47444250,rs13225337,7,47458848,rs76988120,0.062
7,47444250,rs13225337,7,47458865,rs78676173,0.062
7,47444250,rs13225337,7,47460983,rs11509902,0.059
7,47444250,rs13225337,7,47462236,rs367630469,0.433
7,47444250,rs13225337,7,47462468,rs398047648,0.438
7,47444250,rs13225337,7,47462488,rs80049378,0.059
7,47444250,rs13225337,7,47463842,rs834599,0.435
7,47444250,rs13225337,7,47463937,rs834598,0.435
7,47444250,rs13225337,7,47464488,rs834597,0.435
7,47444250,rs13225337,7,47464674,rs834596,0.435
7,47444250,rs13225337,7,47465325,rs2692540,0.433
7,47444250,rs13225337,7,47465387,rs2665775,0.433
7,47444250,rs13225337,7,47465824,rs2665774,0.279
7,47444250,rs13225337,7,47466201,rs74533798,0.058
7,47444250,rs13225337,7,47466512,rs1704970,0.431
7,47444250,rs13225337,7,47467178,rs10280277,0.808
7,47444250,rs13225337,7,47467436,rs1799371,0.426
7,47444250,rs13225337,7,47467609,rs1612394,0.426
7,47444250,rs13225337,7,47467787,rs1704969,0.426
7,47444250,rs13225337,7,47467864,rs1799370,0.426
7,47444250,rs13225337,7,47468231,rs1704968,0.426
7,47444250,rs13225337,7,47468970,rs555535306,0.374
7,47444250,rs13225337,7,47469152,rs2136769,0.809
7,47444250,rs13225337,7,47469429,rs940861,0.426
7,47444250,rs13225337,7,47469692,rs1704967,0.138
7,47444250,rs13225337,7,47469709,rs1799369,0.138
7,47444250,rs13225337,7,47469729,rs34003202,0.431
7,47444250,rs13225337,7,47469948,rs1704966,0.426
7,47444250,rs13225337,7,47470215,rs1704965,0.426
7,47444250,rs13225337,7,47470325,rs34682970,0.27
7,47444250,rs13225337,7,47470995,rs112298276,0.426
7,47444250,rs13225337,7,47471286,rs2462638,0.426
7,47444250,rs13225337,7,47472276,rs834595,0.426
7,47444250,rs13225337,7,47473096,rs834594,0.354
7,47444250,rs13225337,7,47473907,rs397764654,0.798
7,47444250,rs13225337,7,47474328,rs834592,0.426
7,47444250,rs13225337,7,47474486,rs834591,0.272
7,47444250,rs13225337,7,47474713,rs567940591,0.426
7,47444250,rs13225337,7,47475441,rs60858142,0.075
7,47444250,rs13225337,7,47476657,rs78708206,0.058
7,47444250,rs13225337,7,47477293,rs117643933,0.056
7,47444250,rs13225337,7,47477399,rs67953251,0.272
7,47444250,rs13225337,7,47477469,rs2949817,0.35
7,47444250,rs13225337,7,47477550,rs1799372,0.271
7,47444250,rs13225337,7,47477995,rs58500328,0.075
7,47444250,rs13225337,7,47478124,rs76552224,0.075
7,47444250,rs13225337,7,47478154,rs113252629,0.075
7,47444250,rs13225337,7,47478366,rs61478763,0.075
7,47444250,rs13225337,7,47478590,rs56910399,0.075
7,47444250,rs13225337,7,47478712,rs57518323,0.075
7,47444250,rs13225337,7,47478736,rs1799374,0.271
7,47444250,rs13225337,7,47479335,rs17172859,0.077
7,47444250,rs13225337,7,47479363,rs1810137,0.27
7,47444250,rs13225337,7,47479377,rs17172860,0.072
7,47444250,rs13225337,7,47479492,rs1810136,0.269
7,47444250,rs13225337,7,47479572,rs1799375,0.273
7,47444250,rs13225337,7,47479583,rs1799376,0.421
7,47444250,rs13225337,7,47479589,rs76412039,0.075
7,47444250,rs13225337,7,47479675,rs1799377,0.269
7,47444250,rs13225337,7,47479913,rs79627380,0.075
7,47444250,rs13225337,7,47479963,rs1799378,0.269
7,47444250,rs13225337,7,47480001,rs76077911,0.066
7,47444250,rs13225337,7,47480817,rs1704972,0.269
7,47444250,rs13225337,7,47480999,rs1704971,0.421
7,47444250,rs13225337,7,47481211,rs13231464,0.801
7,47444250,rs13225337,7,47481602,rs11763044,0.8
7,47444250,rs13225337,7,47481628,rs16881490,0.074
7,47444250,rs13225337,7,47481786,rs1620852,0.421
7,47444250,rs13225337,7,47481875,rs1621656,0.269
7,47444250,rs13225337,7,47481881,rs1631084,0.137
7,47444250,rs13225337,7,47482057,rs1623328,0.384
7,47444250,rs13225337,7,47482716,chr7_47482716_C_T,0.271
7,47444250,rs13225337,7,47482719,rs1534137,0.421
7,47444250,rs13225337,7,47482750,rs1534138,0.421
7,47444250,rs13225337,7,47482829,rs4724578,0.799
7,47444250,rs13225337,7,47483112,rs2692541,0.284
7,47444250,rs13225337,7,47483410,rs1799380,0.27
7,47444250,rs13225337,7,47483624,rs1799381,0.281
7,47444250,rs13225337,7,47483677,rs77422904,0.066
7,47444250,rs13225337,7,47483705,rs1704973,0.417
7,47444250,rs13225337,7,47483713,rs80173493,0.066
7,47444250,rs13225337,7,47483997,rs1704974,0.138
7,47444250,rs13225337,7,47484288,rs5884001,0.267
7,47444250,rs13225337,7,47484299,rs869170,0.401
7,47444250,rs13225337,7,47484425,chr7_47484425_C_T,0.053
7,47444250,rs13225337,7,47484901,rs867927,0.338
7,47444250,rs13225337,7,47485377,rs1110925,0.253
7,47444250,rs13225337,7,47485642,rs3037441,0.252
7,47444250,rs13225337,7,47485840,rs1704976,0.251
7,47444250,rs13225337,7,47485866,rs1799383,0.334
7,47444250,rs13225337,7,47485884,chr7_47485884_A_G,0.321
7,47444250,rs13225337,7,47486259,rs3037443,0.485
7,47444250,rs13225337,7,47486463,rs58375628,0.2
7,47444250,rs13225337,7,47486662,7:47486662:G:GCCATTTTGTCATGGGCCCCATGGGCC,0.256
7,47444250,rs13225337,7,47486666,7:47486666:A:ATGACC,0.255
7,47444250,rs13225337,7,47486944,rs1320421,0.2
7,47444250,rs13225337,7,47486951,rs869144,0.08
7,47444250,rs13225337,7,47487070,rs73095122,0.089
7,47444250,rs13225337,7,47487613,rs940857,0.082
7,47444250,rs13225337,7,47487766,chr7_47487766_A_G,0.088
7,47444250,rs13225337,7,47487797,rs73328512,0.117
7,47444250,rs13225337,7,47487916,rs73095123,0.089
7,47444250,rs13225337,7,47488074,7:47488074:ATTTT:A,0.162
7,47444250,rs13225337,7,47488127,rs141731235,0.089
7,47444250,rs13225337,7,47488467,chr7_47488467_A_G,0.195
7,47444250,rs13225337,7,47488468,rs1704978,0.196
7,47444250,rs13225337,7,47488569,rs73328514,0.115
7,47444250,rs13225337,7,47488903,rs78417682,0.115
7,47444250,rs13225337,7,47489348,rs62446326,0.089
7,47444250,rs13225337,7,47489384,rs147967711,0.089
7,47444250,rs13225337,7,47489472,rs2692542,0.312
7,47444250,rs13225337,7,47489909,rs1467070,0.123
7,47444250,rs13225337,7,47490226,rs80115080,0.063
7,47444250,rs13225337,7,47492762,rs2941526,0.084
7,47444250,rs13225337,7,47494693,rs2941527,0.14
7,47444250,rs13225337,7,47494959,rs2941528,0.119
7,47444250,rs13225337,7,47495614,rs953264,0.139
7,47444250,rs13225337,7,47496200,rs4724580,0.143
7,47444250,rs13225337,7,47496258,rs4724581,0.143
7,47444250,rs13225337,7,47497698,rs142375899,0.143
7,47444250,rs13225337,7,47498364,chr7_47498364_A_G,0.133
7,47444250,rs13225337,7,47499904,rs1027926,0.178
7,47444250,rs13225337,7,47500360,rs12702340,0.177
7,47444250,rs13225337,7,47502291,chr7_47502291_A_G,0.164
7,47444250,rs13225337,7,47503866,rs7798679,0.168
7,47444250,rs13225337,7,47505048,rs2347787,0.17
7,47444250,rs13225337,7,47505510,rs2960227,0.18
7,47444250,rs13225337,7,47505664,rs68140522,0.181
7,47444250,rs13225337,7,47506994,rs2964944,0.051
7,47444250,rs13225337,7,47507089,rs2964942,0.051
7,47444250,rs13225337,7,47507816,rs10270829,0.122
7,47444250,rs13225337,7,47509447,rs4724582,0.166
7,47444250,rs13225337,7,47510548,rs11770952,0.167
7,47444250,rs13225337,7,47510577,rs11770955,0.082
7,47444250,rs13225337,7,47510741,rs6948177,0.082
7,47444250,rs13225337,7,47511161,rs3801081,0.08
7,47444250,rs13225337,7,47512042,rs1533086,0.083
7,47444250,rs13225337,7,47514360,rs143411064,0.084
7,47444250,rs13225337,7,47515004,rs3111214,0.051
7,47444250,rs13225337,7,47518165,rs884479,0.06
7,47444250,rs13225337,7,47518446,rs2941539,0.057
7,47444250,rs13225337,7,47518536,rs145018052,0.056
7,47444250,rs13225337,7,47522176,rs2941541,0.059
7,47444250,rs13225337,7,47523302,rs2960228,0.092
7,47444250,rs13225337,7,47524798,rs2941542,0.054
7,47444250,rs13225337,7,47524929,rs11770032,0.054
7,47444250,rs13225337,7,47525903,rs2964959,0.058
7,47444250,rs13225337,7,47526059,rs2941544,0.058
7,47444250,rs13225337,7,47526623,rs1973590,0.058
7,47444250,rs13225337,7,47527738,rs2941545,0.053
7,47444250,rs13225337,7,47528239,rs2941546,0.053
7,47444250,rs13225337,7,47528273,rs2941547,0.058
7,47444250,rs13225337,7,47528294,rs73695348,0.054
7,47444250,rs13225337,7,47529258,rs2941538,0.059
7,47444250,rs13225337,7,47529511,rs2964960,0.059
7,47444250,rs13225337,7,47530475,rs73695349,0.054
7,47444250,rs13225337,7,47531634,rs2960232,0.059
7,47444250,rs13225337,7,47532503,rs2941529,0.062
7,47444250,rs13225337,7,47532716,rs7803908,0.053
7,47444250,rs13225337,7,47533071,rs57573970,0.053
7,47445641,rs700755,7,47385201,rs17522996,0.057
7,47445641,rs700755,7,47386422,rs2462645,0.057
7,47445641,rs700755,7,47390394,rs2470992,0.059
7,47445641,rs700755,7,47390395,rs2462646,0.059
7,47445641,rs700755,7,47396050,rs2462647,0.063
7,47445641,rs700755,7,47405166,rs4724566,0.07
7,47445641,rs700755,7,47405231,rs149803933,0.055
7,47445641,rs700755,7,47405373,rs34177994,0.069
7,47445641,rs700755,7,47405453,rs2949816,0.07
7,47445641,rs700755,7,47406323,rs6150095,0.07
7,47445641,rs700755,7,47406335,rs17523258,0.055
7,47445641,rs700755,7,47407212,rs2462625,0.07
7,47445641,rs700755,7,47407888,rs2255749,0.069
7,47445641,rs700755,7,47412489,rs4724567,0.071
7,47445641,rs700755,7,47412856,rs10279935,0.072
7,47445641,rs700755,7,47413238,rs2462628,0.072
7,47445641,rs700755,7,47414171,rs2470991,0.07
7,47445641,rs700755,7,47415320,rs7808433,0.071
7,47445641,rs700755,7,47417356,rs73111052,0.086
7,47445641,rs700755,7,47419180,rs113685733,0.09
7,47445641,rs700755,7,47419299,rs17523891,0.087
7,47445641,rs700755,7,47419888,rs2462631,0.113
7,47445641,rs700755,7,47420365,rs3801084,0.091
7,47445641,rs700755,7,47420367,rs3801083,0.091
7,47445641,rs700755,7,47420521,rs3801082,0.09
7,47445641,rs700755,7,47421540,chr7_47421540_C_T,0.121
7,47445641,rs700755,7,47422049,chr7_47422049_C_T,0.092
7,47445641,rs700755,7,47422796,rs2471000,0.112
7,47445641,rs700755,7,47422848,chr7_47422848_A_G,0.089
7,47445641,rs700755,7,47423565,chr7_47423565_G_T,0.119
7,47445641,rs700755,7,47427582,rs34065821,0.074
7,47445641,rs700755,7,47427866,rs75563335,0.107
7,47445641,rs700755,7,47427910,rs79920368,0.145
7,47445641,rs700755,7,47428096,rs4724569,0.118
7,47445641,rs700755,7,47428546,rs62446289,0.23
7,47445641,rs700755,7,47428905,rs140267691,0.078
7,47445641,rs700755,7,47428909,rs73695324,0.053
7,47445641,rs700755,7,47429054,rs6976292,0.063
7,47445641,rs700755,7,47429202,rs35444571,0.078
7,47445641,rs700755,7,47430626,rs2470994,0.078
7,47445641,rs700755,7,47431174,rs12670539,0.054
7,47445641,rs700755,7,47431317,chr7_47431317_C_G,0.185
7,47445641,rs700755,7,47431511,rs4724573,0.122
7,47445641,rs700755,7,47432669,rs2470996,0.333
7,47445641,rs700755,7,47432942,rs2470997,0.068
7,47445641,rs700755,7,47433003,rs58192148,0.403
7,47445641,rs700755,7,47433094,rs13230267,0.537
7,47445641,rs700755,7,47433246,rs10263527,0.334
7,47445641,rs700755,7,47433628,rs2462634,0.335
7,47445641,rs700755,7,47433733,rs2462635,0.069
7,47445641,rs700755,7,47433750,chr7_47433750_C_T,0.214
7,47445641,rs700755,7,47433960,rs10267539,0.538
7,47445641,rs700755,7,47434418,rs75787905,0.061
7,47445641,rs700755,7,47436497,chr7_47436497_A_G,0.165
7,47445641,rs700755,7,47436783,chr7_47436783_A_G,0.373
7,47445641,rs700755,7,47436838,rs17626611,0.207
7,47445641,rs700755,7,47437072,rs17626629,0.617
7,47445641,rs700755,7,47437150,rs12540482,0.338
7,47445641,rs700755,7,47437244,rs56232506,0.841
7,47445641,rs700755,7,47437962,rs374776727,0.061
7,47445641,rs700755,7,47437966,rs370723267,0.061
7,47445641,rs700755,7,47438356,rs62446317,0.061
7,47445641,rs700755,7,47438522,rs12374754,0.061
7,47445641,rs700755,7,47438527,rs12374755,0.061
7,47445641,rs700755,7,47438559,rs6976881,0.115
7,47445641,rs700755,7,47438616,rs12375046,0.061
7,47445641,rs700755,7,47438677,rs145227737,0.656
7,47445641,rs700755,7,47438893,rs10951903,0.061
7,47445641,rs700755,7,47439151,rs79241472,0.061
7,47445641,rs700755,7,47440225,chr7_47440225_C_T,0.681
7,47445641,rs700755,7,47440815,rs79919769,0.061
7,47445641,rs700755,7,47442633,rs7776701,0.648
7,47445641,rs700755,7,47443627,rs78859629,0.122
7,47445641,rs700755,7,47444053,rs12702337,0.229
7,47445641,rs700755,7,47444250,rs13225337,0.752
7,47445641,rs700755,7,47444538,rs74850476,0.061
7,47445641,rs700755,7,47444807,rs11761475,0.861
7,47445641,rs700755,7,47445108,rs75816823,0.061
7,47445641,rs700755,7,47445641,rs700755,1
7,47445641,rs700755,7,47445812,rs834601,1
7,47445641,rs700755,7,47446215,chr7_47446215_A_C,0.57
7,47445641,rs700755,7,47446629,rs79186979,0.061
7,47445641,rs700755,7,47447215,rs7801481,0.861
7,47445641,rs700755,7,47447541,rs11764365,0.861
7,47445641,rs700755,7,47447598,rs79593345,0.061
7,47445641,rs700755,7,47447921,rs834603,0.999
7,47445641,rs700755,7,47448401,rs74939598,0.062
7,47445641,rs700755,7,47448623,rs76925740,0.061
7,47445641,rs700755,7,47448640,rs865031,0.639
7,47445641,rs700755,7,47449099,rs76668076,0.061
7,47445641,rs700755,7,47449829,rs79377949,0.1
7,47445641,rs700755,7,47450271,rs834604,0.481
7,47445641,rs700755,7,47450456,rs834605,0.635
7,47445641,rs700755,7,47450632,rs834606,0.634
7,47445641,rs700755,7,47451572,rs17544073,0.808
7,47445641,rs700755,7,47451654,rs78673708,0.061
7,47445641,rs700755,7,47451918,rs834608,0.616
7,47445641,rs700755,7,47452522,rs2692539,0.481
7,47445641,rs700755,7,47455309,rs117944008,0.061
7,47445641,rs700755,7,47455310,rs117604349,0.061
7,47445641,rs700755,7,47455337,rs12216624,0.061
7,47445641,rs700755,7,47455780,rs75433723,0.081
7,47445641,rs700755,7,47455916,rs12216631,0.176
7,47445641,rs700755,7,47456114,rs140655203,0.06
7,47445641,rs700755,7,47456458,rs17626664,0.06
7,47445641,rs700755,7,47456846,rs834609,0.629
7,47445641,rs700755,7,47456851,rs78789952,0.06
7,47445641,rs700755,7,47457359,rs146846028,0.101
7,47445641,rs700755,7,47458848,rs76988120,0.175
7,47445641,rs700755,7,47458865,rs78676173,0.175
7,47445641,rs700755,7,47460794,rs74801584,0.081
7,47445641,rs700755,7,47460795,rs78195281,0.081
7,47445641,rs700755,7,47460983,rs11509902,0.06
7,47445641,rs700755,7,47462236,rs367630469,0.619
7,47445641,rs700755,7,47462468,rs398047648,0.627
7,47445641,rs700755,7,47462488,rs80049378,0.06
7,47445641,rs700755,7,47462990,rs78981484,0.081
7,47445641,rs700755,7,47463842,rs834599,0.623
7,47445641,rs700755,7,47463937,rs834598,0.623
7,47445641,rs700755,7,47464488,rs834597,0.623
7,47445641,rs700755,7,47464674,rs834596,0.623
7,47445641,rs700755,7,47465325,rs2692540,0.621
7,47445641,rs700755,7,47465387,rs2665775,0.621
7,47445641,rs700755,7,47465824,rs2665774,0.434
7,47445641,rs700755,7,47466201,rs74533798,0.06
7,47445641,rs700755,7,47466512,rs1704970,0.618
7,47445641,rs700755,7,47467178,rs10280277,0.783
7,47445641,rs700755,7,47467436,rs1799371,0.612
7,47445641,rs700755,7,47467609,rs1612394,0.612
7,47445641,rs700755,7,47467787,rs1704969,0.612
7,47445641,rs700755,7,47467864,rs1799370,0.612
7,47445641,rs700755,7,47468231,rs1704968,0.612
7,47445641,rs700755,7,47468970,rs555535306,0.555
7,47445641,rs700755,7,47469152,rs2136769,0.784
7,47445641,rs700755,7,47469429,rs940861,0.612
7,47445641,rs700755,7,47469729,rs34003202,0.619
7,47445641,rs700755,7,47469948,rs1704966,0.612
7,47445641,rs700755,7,47470215,rs1704965,0.612
7,47445641,rs700755,7,47470325,rs34682970,0.421
7,47445641,rs700755,7,47470995,rs112298276,0.612
7,47445641,rs700755,7,47471286,rs2462638,0.612
7,47445641,rs700755,7,47472276,rs834595,0.612
7,47445641,rs700755,7,47473096,rs834594,0.368
7,47445641,rs700755,7,47473907,rs397764654,0.8
7,47445641,rs700755,7,47474328,rs834592,0.612
7,47445641,rs700755,7,47474486,rs834591,0.425
7,47445641,rs700755,7,47474713,rs567940591,0.612
7,47445641,rs700755,7,47475441,rs60858142,0.079
7,47445641,rs700755,7,47476657,rs78708206,0.06
7,47445641,rs700755,7,47477293,rs117643933,0.057
7,47445641,rs700755,7,47477399,rs67953251,0.425
7,47445641,rs700755,7,47477469,rs2949817,0.364
7,47445641,rs700755,7,47477550,rs1799372,0.424
7,47445641,rs700755,7,47477995,rs58500328,0.079
7,47445641,rs700755,7,47478124,rs76552224,0.078
7,47445641,rs700755,7,47478154,rs113252629,0.079
7,47445641,rs700755,7,47478366,rs61478763,0.079
7,47445641,rs700755,7,47478590,rs56910399,0.078
7,47445641,rs700755,7,47478712,rs57518323,0.078
7,47445641,rs700755,7,47478736,rs1799374,0.424
7,47445641,rs700755,7,47479335,rs17172859,0.08
7,47445641,rs700755,7,47479363,rs1810137,0.423
7,47445641,rs700755,7,47479377,rs17172860,0.075
7,47445641,rs700755,7,47479492,rs1810136,0.422
7,47445641,rs700755,7,47479572,rs1799375,0.418
7,47445641,rs700755,7,47479583,rs1799376,0.605
7,47445641,rs700755,7,47479589,rs76412039,0.078
7,47445641,rs700755,7,47479675,rs1799377,0.422
7,47445641,rs700755,7,47479913,rs79627380,0.078
7,47445641,rs700755,7,47479963,rs1799378,0.422
7,47445641,rs700755,7,47480001,rs76077911,0.069
7,47445641,rs700755,7,47480817,rs1704972,0.422
7,47445641,rs700755,7,47480999,rs1704971,0.606
7,47445641,rs700755,7,47481211,rs13231464,0.776
7,47445641,rs700755,7,47481602,rs11763044,0.775
7,47445641,rs700755,7,47481628,rs16881490,0.078
7,47445641,rs700755,7,47481786,rs1620852,0.606
7,47445641,rs700755,7,47481875,rs1621656,0.422
7,47445641,rs700755,7,47482057,rs1623328,0.561
7,47445641,rs700755,7,47482716,chr7_47482716_C_T,0.278
7,47445641,rs700755,7,47482719,rs1534137,0.605
7,47445641,rs700755,7,47482750,rs1534138,0.605
7,47445641,rs700755,7,47482829,rs4724578,0.775
7,47445641,rs700755,7,47483112,rs2692541,0.44
7,47445641,rs700755,7,47483410,rs1799380,0.422
7,47445641,rs700755,7,47483624,rs1799381,0.436
7,47445641,rs700755,7,47483677,rs77422904,0.069
7,47445641,rs700755,7,47483705,rs1704973,0.601
7,47445641,rs700755,7,47483713,rs80173493,0.069
7,47445641,rs700755,7,47484288,rs5884001,0.418
7,47445641,rs700755,7,47484299,rs869170,0.581
7,47445641,rs700755,7,47484425,chr7_47484425_C_T,0.055
7,47445641,rs700755,7,47484901,rs867927,0.351
7,47445641,rs700755,7,47485377,rs1110925,0.398
7,47445641,rs700755,7,47485642,rs3037441,0.396
7,47445641,rs700755,7,47485840,rs1704976,0.394
7,47445641,rs700755,7,47485866,rs1799383,0.348
7,47445641,rs700755,7,47485884,chr7_47485884_A_G,0.311
7,47445641,rs700755,7,47486259,rs3037443,0.469
7,47445641,rs700755,7,47486463,rs58375628,0.329
7,47445641,rs700755,7,47486662,7:47486662:G:GCCATTTTGTCATGGGCCCCATGGGCC,0.399
7,47445641,rs700755,7,47486666,7:47486666:A:ATGACC,0.399
7,47445641,rs700755,7,47486944,rs1320421,0.33
7,47445641,rs700755,7,47486951,rs869144,0.173
7,47445641,rs700755,7,47487070,rs73095122,0.086
7,47445641,rs700755,7,47487613,rs940857,0.176
7,47445641,rs700755,7,47487766,chr7_47487766_A_G,0.085
7,47445641,rs700755,7,47487916,rs73095123,0.086
7,47445641,rs700755,7,47488074,7:47488074:ATTTT:A,0.282
7,47445641,rs700755,7,47488127,rs141731235,0.086
7,47445641,rs700755,7,47488467,chr7_47488467_A_G,0.323
7,47445641,rs700755,7,47488468,rs1704978,0.324
7,47445641,rs700755,7,47489348,rs62446326,0.086
7,47445641,rs700755,7,47489384,rs147967711,0.086
7,47445641,rs700755,7,47489472,rs2692542,0.318
7,47445641,rs700755,7,47489909,rs1467070,0.226
7,47445641,rs700755,7,47490226,rs80115080,0.066
7,47445641,rs700755,7,47492762,rs2941526,0.181
7,47445641,rs700755,7,47494693,rs2941527,0.161
7,47445641,rs700755,7,47494959,rs2941528,0.22
7,47445641,rs700755,7,47495614,rs953264,0.161
7,47445641,rs700755,7,47496200,rs4724580,0.159
7,47445641,rs700755,7,47496258,rs4724581,0.158
7,47445641,rs700755,7,47497698,rs142375899,0.159
7,47445641,rs700755,7,47498364,chr7_47498364_A_G,0.234
7,47445641,rs700755,7,47499904,rs1027926,0.287
7,47445641,rs700755,7,47500360,rs12702340,0.286
7,47445641,rs700755,7,47502291,chr7_47502291_A_G,0.265
7,47445641,rs700755,7,47503866,rs7798679,0.275
7,47445641,rs700755,7,47505048,rs2347787,0.265
7,47445641,rs700755,7,47505510,rs2960227,0.173
7,47445641,rs700755,7,47505664,rs68140522,0.173
7,47445641,rs700755,7,47507816,rs10270829,0.127
7,47445641,rs700755,7,47509447,rs4724582,0.173
7,47445641,rs700755,7,47510548,rs11770952,0.175
7,47445641,rs700755,7,47513877,rs150891872,0.059
7,47445641,rs700755,7,47514012,rs373736448,0.059
7,47445641,rs700755,7,47518165,rs884479,0.065
7,47445641,rs700755,7,47518295,rs76499196,0.057
7,47445641,rs700755,7,47518446,rs2941539,0.062
7,47445641,rs700755,7,47520850,rs1543035,0.054
7,47445641,rs700755,7,47522176,rs2941541,0.065
7,47445641,rs700755,7,47523302,rs2960228,0.099
7,47445641,rs700755,7,47524387,rs6463417,0.055
7,47445641,rs700755,7,47525636,rs73328560,0.103
7,47445641,rs700755,7,47525903,rs2964959,0.064
7,47445641,rs700755,7,47526059,rs2941544,0.064
7,47445641,rs700755,7,47526623,rs1973590,0.064
7,47445641,rs700755,7,47527328,rs73328562,0.055
7,47445641,rs700755,7,47528273,rs2941547,0.064
7,47445641,rs700755,7,47529258,rs2941538,0.067
7,47445641,rs700755,7,47529463,rs56754945,0.055
7,47445641,rs700755,7,47529511,rs2964960,0.064
7,47445641,rs700755,7,47531634,rs2960232,0.064
7,47445641,rs700755,7,47531959,rs2960233,0.055
7,47445641,rs700755,7,47532020,rs2960234,0.055
7,47445641,rs700755,7,47532503,rs2941529,0.068
7,47447215,rs7801481,7,47377691,rs71818316,0.052
7,47447215,rs7801481,7,47378641,rs2462642,0.05
7,47447215,rs7801481,7,47379554,rs35991026,0.06
7,47447215,rs7801481,7,47379905,rs7807583,0.051
7,47447215,rs7801481,7,47381111,rs2462644,0.051
7,47447215,rs7801481,7,47382518,rs12375125,0.051
7,47447215,rs7801481,7,47383988,rs112712097,0.051
7,47447215,rs7801481,7,47385201,rs17522996,0.094
7,47447215,rs7801481,7,47386422,rs2462645,0.093
7,47447215,rs7801481,7,47390394,rs2470992,0.097
7,47447215,rs7801481,7,47390395,rs2462646,0.097
7,47447215,rs7801481,7,47396050,rs2462647,0.105
7,47447215,rs7801481,7,47405166,rs4724566,0.121
7,47447215,rs7801481,7,47405231,rs149803933,0.058
7,47447215,rs7801481,7,47405373,rs34177994,0.12
7,47447215,rs7801481,7,47405453,rs2949816,0.121
7,47447215,rs7801481,7,47406323,rs6150095,0.121
7,47447215,rs7801481,7,47406335,rs17523258,0.058
7,47447215,rs7801481,7,47407212,rs2462625,0.122
7,47447215,rs7801481,7,47407888,rs2255749,0.121
7,47447215,rs7801481,7,47412489,rs4724567,0.123
7,47447215,rs7801481,7,47412856,rs10279935,0.124
7,47447215,rs7801481,7,47413238,rs2462628,0.124
7,47447215,rs7801481,7,47414171,rs2470991,0.121
7,47447215,rs7801481,7,47415320,rs7808433,0.123
7,47447215,rs7801481,7,47417356,rs73111052,0.085
7,47447215,rs7801481,7,47419180,rs113685733,0.09
7,47447215,rs7801481,7,47419299,rs17523891,0.086
7,47447215,rs7801481,7,47419888,rs2462631,0.17
7,47447215,rs7801481,7,47420365,rs3801084,0.091
7,47447215,rs7801481,7,47420367,rs3801083,0.091
7,47447215,rs7801481,7,47420521,rs3801082,0.089
7,47447215,rs7801481,7,47421540,chr7_47421540_C_T,0.177
7,47447215,rs7801481,7,47422049,chr7_47422049_C_T,0.091
7,47447215,rs7801481,7,47422796,rs2471000,0.168
7,47447215,rs7801481,7,47422848,chr7_47422848_A_G,0.088
7,47447215,rs7801481,7,47423565,chr7_47423565_G_T,0.099
7,47447215,rs7801481,7,47427582,rs34065821,0.102
7,47447215,rs7801481,7,47427643,rs12537130,0.127
7,47447215,rs7801481,7,47427866,rs75563335,0.2
7,47447215,rs7801481,7,47427910,rs79920368,0.239
7,47447215,rs7801481,7,47428096,rs4724569,0.21
7,47447215,rs7801481,7,47428546,rs62446289,0.268
7,47447215,rs7801481,7,47428905,rs140267691,0.106
7,47447215,rs7801481,7,47428909,rs73695324,0.136
7,47447215,rs7801481,7,47429054,rs6976292,0.086
7,47447215,rs7801481,7,47429202,rs35444571,0.106
7,47447215,rs7801481,7,47430626,rs2470994,0.106
7,47447215,rs7801481,7,47431174,rs12670539,0.139
7,47447215,rs7801481,7,47431317,chr7_47431317_C_G,0.163
7,47447215,rs7801481,7,47431511,rs4724573,0.215
7,47447215,rs7801481,7,47432669,rs2470996,0.235
7,47447215,rs7801481,7,47432942,rs2470997,0.095
7,47447215,rs7801481,7,47433003,rs58192148,0.357
7,47447215,rs7801481,7,47433094,rs13230267,0.474
7,47447215,rs7801481,7,47433246,rs10263527,0.236
7,47447215,rs7801481,7,47433628,rs2462634,0.237
7,47447215,rs7801481,7,47433733,rs2462635,0.095
7,47447215,rs7801481,7,47433750,chr7_47433750_C_T,0.193
7,47447215,rs7801481,7,47433960,rs10267539,0.475
7,47447215,rs7801481,7,47434418,rs75787905,0.053
7,47447215,rs7801481,7,47436497,chr7_47436497_A_G,0.141
7,47447215,rs7801481,7,47436783,chr7_47436783_A_G,0.43
7,47447215,rs7801481,7,47436838,rs17626611,0.24
7,47447215,rs7801481,7,47437072,rs17626629,0.745
7,47447215,rs7801481,7,47437150,rs12540482,0.291
7,47447215,rs7801481,7,47437244,rs56232506,0.975
7,47447215,rs7801481,7,47437962,rs374776727,0.053
7,47447215,rs7801481,7,47437966,rs370723267,0.053
7,47447215,rs7801481,7,47438356,rs62446317,0.053
7,47447215,rs7801481,7,47438522,rs12374754,0.053
7,47447215,rs7801481,7,47438527,rs12374755,0.053
7,47447215,rs7801481,7,47438559,rs6976881,0.099
7,47447215,rs7801481,7,47438616,rs12375046,0.053
7,47447215,rs7801481,7,47438677,rs145227737,0.789
7,47447215,rs7801481,7,47438893,rs10951903,0.053
7,47447215,rs7801481,7,47439151,rs79241472,0.053
7,47447215,rs7801481,7,47439428,rs10266922,0.144
7,47447215,rs7801481,7,47440225,chr7_47440225_C_T,0.584
7,47447215,rs7801481,7,47440815,rs79919769,0.052
7,47447215,rs7801481,7,47442633,rs7776701,0.782
7,47447215,rs7801481,7,47443627,rs78859629,0.105
7,47447215,rs7801481,7,47444053,rs12702337,0.267
7,47447215,rs7801481,7,47444250,rs13225337,0.889
7,47447215,rs7801481,7,47444538,rs74850476,0.053
7,47447215,rs7801481,7,47444807,rs11761475,0.999
7,47447215,rs7801481,7,47445108,rs75816823,0.053
7,47447215,rs7801481,7,47445641,rs700755,0.861
7,47447215,rs7801481,7,47445812,rs834601,0.86
7,47447215,rs7801481,7,47446215,chr7_47446215_A_C,0.491
7,47447215,rs7801481,7,47446629,rs79186979,0.053
7,47447215,rs7801481,7,47447215,rs7801481,1
7,47447215,rs7801481,7,47447541,rs11764365,0.999
7,47447215,rs7801481,7,47447598,rs79593345,0.052
7,47447215,rs7801481,7,47447921,rs834603,0.861
7,47447215,rs7801481,7,47448401,rs74939598,0.053
7,47447215,rs7801481,7,47448623,rs76925740,0.052
7,47447215,rs7801481,7,47448640,rs865031,0.545
7,47447215,rs7801481,7,47449099,rs76668076,0.052
7,47447215,rs7801481,7,47449829,rs79377949,0.085
7,47447215,rs7801481,7,47450271,rs834604,0.41
7,47447215,rs7801481,7,47450456,rs834605,0.543
7,47447215,rs7801481,7,47450632,rs834606,0.541
7,47447215,rs7801481,7,47451572,rs17544073,0.939
7,47447215,rs7801481,7,47451654,rs78673708,0.052
7,47447215,rs7801481,7,47451918,rs834608,0.527
7,47447215,rs7801481,7,47452522,rs2692539,0.41
7,47447215,rs7801481,7,47455309,rs117944008,0.052
7,47447215,rs7801481,7,47455310,rs117604349,0.052
7,47447215,rs7801481,7,47455337,rs12216624,0.052
7,47447215,rs7801481,7,47455780,rs75433723,0.069
7,47447215,rs7801481,7,47455916,rs12216631,0.151
7,47447215,rs7801481,7,47456114,rs140655203,0.052
7,47447215,rs7801481,7,47456458,rs17626664,0.052
7,47447215,rs7801481,7,47456846,rs834609,0.537
7,47447215,rs7801481,7,47456851,rs78789952,0.052
7,47447215,rs7801481,7,47457359,rs146846028,0.087
7,47447215,rs7801481,7,47458848,rs76988120,0.15
7,47447215,rs7801481,7,47458865,rs78676173,0.15
7,47447215,rs7801481,7,47460794,rs74801584,0.068
7,47447215,rs7801481,7,47460795,rs78195281,0.068
7,47447215,rs7801481,7,47460983,rs11509902,0.051
7,47447215,rs7801481,7,47462236,rs367630469,0.528
7,47447215,rs7801481,7,47462468,rs398047648,0.534
7,47447215,rs7801481,7,47462488,rs80049378,0.051
7,47447215,rs7801481,7,47462990,rs78981484,0.068
7,47447215,rs7801481,7,47463842,rs834599,0.531
7,47447215,rs7801481,7,47463937,rs834598,0.531
7,47447215,rs7801481,7,47464488,rs834597,0.531
7,47447215,rs7801481,7,47464674,rs834596,0.531
7,47447215,rs7801481,7,47465325,rs2692540,0.529
7,47447215,rs7801481,7,47465387,rs2665775,0.529
7,47447215,rs7801481,7,47465824,rs2665774,0.369
7,47447215,rs7801481,7,47466201,rs74533798,0.052
7,47447215,rs7801481,7,47466512,rs1704970,0.526
7,47447215,rs7801481,7,47467178,rs10280277,0.91
7,47447215,rs7801481,7,47467436,rs1799371,0.521
7,47447215,rs7801481,7,47467609,rs1612394,0.521
7,47447215,rs7801481,7,47467787,rs1704969,0.521
7,47447215,rs7801481,7,47467864,rs1799370,0.521
7,47447215,rs7801481,7,47468231,rs1704968,0.521
7,47447215,rs7801481,7,47468970,rs555535306,0.471
7,47447215,rs7801481,7,47469152,rs2136769,0.911
7,47447215,rs7801481,7,47469429,rs940861,0.521
7,47447215,rs7801481,7,47469692,rs1704967,0.123
7,47447215,rs7801481,7,47469709,rs1799369,0.124
7,47447215,rs7801481,7,47469729,rs34003202,0.527
7,47447215,rs7801481,7,47469948,rs1704966,0.52
7,47447215,rs7801481,7,47470215,rs1704965,0.52
7,47447215,rs7801481,7,47470325,rs34682970,0.357
7,47447215,rs7801481,7,47470995,rs112298276,0.521
7,47447215,rs7801481,7,47471286,rs2462638,0.521
7,47447215,rs7801481,7,47472276,rs834595,0.521
7,47447215,rs7801481,7,47473096,rs834594,0.312
7,47447215,rs7801481,7,47473907,rs397764654,0.9
7,47447215,rs7801481,7,47474328,rs834592,0.521
7,47447215,rs7801481,7,47474486,rs834591,0.36
7,47447215,rs7801481,7,47474713,rs567940591,0.52
7,47447215,rs7801481,7,47475441,rs60858142,0.068
7,47447215,rs7801481,7,47476657,rs78708206,0.052
7,47447215,rs7801481,7,47477399,rs67953251,0.36
7,47447215,rs7801481,7,47477469,rs2949817,0.308
7,47447215,rs7801481,7,47477550,rs1799372,0.36
7,47447215,rs7801481,7,47477995,rs58500328,0.068
7,47447215,rs7801481,7,47478124,rs76552224,0.068
7,47447215,rs7801481,7,47478154,rs113252629,0.068
7,47447215,rs7801481,7,47478366,rs61478763,0.068
7,47447215,rs7801481,7,47478590,rs56910399,0.068
7,47447215,rs7801481,7,47478712,rs57518323,0.068
7,47447215,rs7801481,7,47478736,rs1799374,0.359
7,47447215,rs7801481,7,47479335,rs17172859,0.069
7,47447215,rs7801481,7,47479363,rs1810137,0.358
7,47447215,rs7801481,7,47479377,rs17172860,0.065
7,47447215,rs7801481,7,47479492,rs1810136,0.357
7,47447215,rs7801481,7,47479572,rs1799375,0.354
7,47447215,rs7801481,7,47479583,rs1799376,0.515
7,47447215,rs7801481,7,47479589,rs76412039,0.067
7,47447215,rs7801481,7,47479675,rs1799377,0.357
7,47447215,rs7801481,7,47479913,rs79627380,0.067
7,47447215,rs7801481,7,47479963,rs1799378,0.357
7,47447215,rs7801481,7,47480001,rs76077911,0.06
7,47447215,rs7801481,7,47480817,rs1704972,0.357
7,47447215,rs7801481,7,47480999,rs1704971,0.515
7,47447215,rs7801481,7,47481211,rs13231464,0.902
7,47447215,rs7801481,7,47481602,rs11763044,0.901
7,47447215,rs7801481,7,47481628,rs16881490,0.067
7,47447215,rs7801481,7,47481786,rs1620852,0.515
7,47447215,rs7801481,7,47481875,rs1621656,0.357
7,47447215,rs7801481,7,47481881,rs1631084,0.122
7,47447215,rs7801481,7,47482057,rs1623328,0.476
7,47447215,rs7801481,7,47482716,chr7_47482716_C_T,0.236
7,47447215,rs7801481,7,47482719,rs1534137,0.514
7,47447215,rs7801481,7,47482750,rs1534138,0.514
7,47447215,rs7801481,7,47482829,rs4724578,0.901
7,47447215,rs7801481,7,47483112,rs2692541,0.373
7,47447215,rs7801481,7,47483410,rs1799380,0.358
7,47447215,rs7801481,7,47483624,rs1799381,0.37
7,47447215,rs7801481,7,47483677,rs77422904,0.06
7,47447215,rs7801481,7,47483705,rs1704973,0.51
7,47447215,rs7801481,7,47483713,rs80173493,0.06
7,47447215,rs7801481,7,47483997,rs1704974,0.124
7,47447215,rs7801481,7,47484288,rs5884001,0.355
7,47447215,rs7801481,7,47484299,rs869170,0.494
7,47447215,rs7801481,7,47484901,rs867927,0.296
7,47447215,rs7801481,7,47485377,rs1110925,0.334
7,47447215,rs7801481,7,47485642,rs3037441,0.333
7,47447215,rs7801481,7,47485840,rs1704976,0.332
7,47447215,rs7801481,7,47485866,rs1799383,0.293
7,47447215,rs7801481,7,47485884,chr7_47485884_A_G,0.36
7,47447215,rs7801481,7,47486259,rs3037443,0.545
7,47447215,rs7801481,7,47486463,rs58375628,0.249
7,47447215,rs7801481,7,47486662,7:47486662:G:GCCATTTTGTCATGGGCCCCATGGGCC,0.337
7,47447215,rs7801481,7,47486666,7:47486666:A:ATGACC,0.336
7,47447215,rs7801481,7,47486944,rs1320421,0.249
7,47447215,rs7801481,7,47486951,rs869144,0.106
7,47447215,rs7801481,7,47487070,rs73095122,0.1
7,47447215,rs7801481,7,47487613,rs940857,0.109
7,47447215,rs7801481,7,47487766,chr7_47487766_A_G,0.099
7,47447215,rs7801481,7,47487797,rs73328512,0.104
7,47447215,rs7801481,7,47487916,rs73095123,0.1
7,47447215,rs7801481,7,47488074,7:47488074:ATTTT:A,0.209
7,47447215,rs7801481,7,47488127,rs141731235,0.1
7,47447215,rs7801481,7,47488467,chr7_47488467_A_G,0.243
7,47447215,rs7801481,7,47488468,rs1704978,0.244
7,47447215,rs7801481,7,47488569,rs73328514,0.103
7,47447215,rs7801481,7,47488903,rs78417682,0.103
7,47447215,rs7801481,7,47489348,rs62446326,0.1
7,47447215,rs7801481,7,47489384,rs147967711,0.1
7,47447215,rs7801481,7,47489472,rs2692542,0.35
7,47447215,rs7801481,7,47489909,rs1467070,0.166
7,47447215,rs7801481,7,47490226,rs80115080,0.057
7,47447215,rs7801481,7,47492762,rs2941526,0.151
7,47447215,rs7801481,7,47494693,rs2941527,0.167
7,47447215,rs7801481,7,47494959,rs2941528,0.188
7,47447215,rs7801481,7,47495614,rs953264,0.166
7,47447215,rs7801481,7,47496200,rs4724580,0.17
7,47447215,rs7801481,7,47496258,rs4724581,0.17
7,47447215,rs7801481,7,47497698,rs142375899,0.17
7,47447215,rs7801481,7,47498364,chr7_47498364_A_G,0.199
7,47447215,rs7801481,7,47499904,rs1027926,0.247
7,47447215,rs7801481,7,47500360,rs12702340,0.246
7,47447215,rs7801481,7,47502291,chr7_47502291_A_G,0.21
7,47447215,rs7801481,7,47503866,rs7798679,0.236
7,47447215,rs7801481,7,47505048,rs2347787,0.239
7,47447215,rs7801481,7,47505510,rs2960227,0.156
7,47447215,rs7801481,7,47505664,rs68140522,0.156
7,47447215,rs7801481,7,47507816,rs10270829,0.166
7,47447215,rs7801481,7,47509447,rs4724582,0.212
7,47447215,rs7801481,7,47510548,rs11770952,0.213
7,47447215,rs7801481,7,47510577,rs11770955,0.061
7,47447215,rs7801481,7,47510741,rs6948177,0.061
7,47447215,rs7801481,7,47511161,rs3801081,0.06
7,47447215,rs7801481,7,47512042,rs1533086,0.062
7,47447215,rs7801481,7,47513877,rs150891872,0.054
7,47447215,rs7801481,7,47514012,rs373736448,0.055
7,47447215,rs7801481,7,47514360,rs143411064,0.063
7,47447215,rs7801481,7,47518165,rs884479,0.1
7,47447215,rs7801481,7,47518295,rs76499196,0.053
7,47447215,rs7801481,7,47518446,rs2941539,0.096
7,47447215,rs7801481,7,47521863,rs2964955,0.054
7,47447215,rs7801481,7,47522176,rs2941541,0.099
7,47447215,rs7801481,7,47523302,rs2960228,0.136
7,47447215,rs7801481,7,47524387,rs6463417,0.051
7,47447215,rs7801481,7,47525636,rs73328560,0.096
7,47447215,rs7801481,7,47525903,rs2964959,0.098
7,47447215,rs7801481,7,47526059,rs2941544,0.097
7,47447215,rs7801481,7,47526623,rs1973590,0.098
7,47447215,rs7801481,7,47527328,rs73328562,0.051
7,47447215,rs7801481,7,47528273,rs2941547,0.098
7,47447215,rs7801481,7,47529258,rs2941538,0.1
7,47447215,rs7801481,7,47529463,rs56754945,0.051
7,47447215,rs7801481,7,47529511,rs2964960,0.098
7,47447215,rs7801481,7,47531634,rs2960232,0.098
7,47447215,rs7801481,7,47531959,rs2960233,0.051
7,47447215,rs7801481,7,47532020,rs2960234,0.051
7,47447215,rs7801481,7,47532503,rs2941529,0.102
7,47448640,rs865031,7,47405231,rs149803933,0.092
7,47448640,rs865031,7,47406335,rs17523258,0.092
7,47448640,rs865031,7,47413362,rs17172855,0.063
7,47448640,rs865031,7,47417356,rs73111052,0.14
7,47448640,rs865031,7,47419180,rs113685733,0.145
7,47448640,rs865031,7,47419299,rs17523891,0.14
7,47448640,rs865031,7,47420365,rs3801084,0.146
7,47448640,rs865031,7,47420367,rs3801083,0.146
7,47448640,rs865031,7,47420521,rs3801082,0.145
7,47448640,rs865031,7,47422049,chr7_47422049_C_T,0.147
7,47448640,rs865031,7,47422848,chr7_47422848_A_G,0.144
7,47448640,rs865031,7,47423565,chr7_47423565_G_T,0.169
7,47448640,rs865031,7,47428546,rs62446289,0.131
7,47448640,rs865031,7,47431317,chr7_47431317_C_G,0.253
7,47448640,rs865031,7,47432669,rs2470996,0.19
7,47448640,rs865031,7,47433003,rs58192148,0.144
7,47448640,rs865031,7,47433094,rs13230267,0.257
7,47448640,rs865031,7,47433246,rs10263527,0.192
7,47448640,rs865031,7,47433628,rs2462634,0.192
7,47448640,rs865031,7,47433750,chr7_47433750_C_T,0.288
7,47448640,rs865031,7,47433960,rs10267539,0.257
7,47448640,rs865031,7,47434418,rs75787905,0.082
7,47448640,rs865031,7,47436497,chr7_47436497_A_G,0.218
7,47448640,rs865031,7,47436783,chr7_47436783_A_G,0.209
7,47448640,rs865031,7,47436838,rs17626611,0.151
7,47448640,rs865031,7,47437072,rs17626629,0.334
7,47448640,rs865031,7,47437150,rs12540482,0.451
7,47448640,rs865031,7,47437244,rs56232506,0.531
7,47448640,rs865031,7,47437962,rs374776727,0.084
7,47448640,rs865031,7,47437966,rs370723267,0.084
7,47448640,rs865031,7,47438356,rs62446317,0.084
7,47448640,rs865031,7,47438522,rs12374754,0.083
7,47448640,rs865031,7,47438527,rs12374755,0.083
7,47448640,rs865031,7,47438616,rs12375046,0.083
7,47448640,rs865031,7,47438677,rs145227737,0.359
7,47448640,rs865031,7,47438893,rs10951903,0.083
7,47448640,rs865031,7,47439151,rs79241472,0.084
7,47448640,rs865031,7,47439428,rs10266922,0.059
7,47448640,rs865031,7,47440225,chr7_47440225_C_T,0.353
7,47448640,rs865031,7,47440815,rs79919769,0.083
7,47448640,rs865031,7,47442633,rs7776701,0.354
7,47448640,rs865031,7,47444053,rs12702337,0.168
7,47448640,rs865031,7,47444250,rs13225337,0.447
7,47448640,rs865031,7,47444538,rs74850476,0.084
7,47448640,rs865031,7,47444807,rs11761475,0.544
7,47448640,rs865031,7,47445108,rs75816823,0.084
7,47448640,rs865031,7,47445641,rs700755,0.639
7,47448640,rs865031,7,47445812,rs834601,0.638
7,47448640,rs865031,7,47446215,chr7_47446215_A_C,0.251
7,47448640,rs865031,7,47446358,rs74580496,0.067
7,47448640,rs865031,7,47446629,rs79186979,0.084
7,47448640,rs865031,7,47447215,rs7801481,0.545
7,47448640,rs865031,7,47447541,rs11764365,0.545
7,47448640,rs865031,7,47447598,rs79593345,0.083
7,47448640,rs865031,7,47447921,rs834603,0.642
7,47448640,rs865031,7,47448401,rs74939598,0.085
7,47448640,rs865031,7,47448623,rs76925740,0.083
7,47448640,rs865031,7,47448640,rs865031,1
7,47448640,rs865031,7,47449099,rs76668076,0.083
7,47448640,rs865031,7,47449829,rs79377949,0.072
7,47448640,rs865031,7,47450271,rs834604,0.769
7,47448640,rs865031,7,47450456,rs834605,0.994
7,47448640,rs865031,7,47450632,rs834606,0.993
7,47448640,rs865031,7,47451572,rs17544073,0.596
7,47448640,rs865031,7,47451654,rs78673708,0.083
7,47448640,rs865031,7,47451918,rs834608,0.969
7,47448640,rs865031,7,47452522,rs2692539,0.769
7,47448640,rs865031,7,47453927,rs77589356,0.067
7,47448640,rs865031,7,47455309,rs117944008,0.083
7,47448640,rs865031,7,47455310,rs117604349,0.083
7,47448640,rs865031,7,47455337,rs12216624,0.083
7,47448640,rs865031,7,47455780,rs75433723,0.111
7,47448640,rs865031,7,47455916,rs12216631,0.242
7,47448640,rs865031,7,47456114,rs140655203,0.083
7,47448640,rs865031,7,47456458,rs17626664,0.082
7,47448640,rs865031,7,47456846,rs834609,0.986
7,47448640,rs865031,7,47456851,rs78789952,0.083
7,47448640,rs865031,7,47457359,rs146846028,0.139
7,47448640,rs865031,7,47458848,rs76988120,0.241
7,47448640,rs865031,7,47458865,rs78676173,0.241
7,47448640,rs865031,7,47460794,rs74801584,0.11
7,47448640,rs865031,7,47460795,rs78195281,0.11
7,47448640,rs865031,7,47460983,rs11509902,0.082
7,47448640,rs865031,7,47462236,rs367630469,0.972
7,47448640,rs865031,7,47462468,rs398047648,0.977
7,47448640,rs865031,7,47462488,rs80049378,0.082
7,47448640,rs865031,7,47462990,rs78981484,0.11
7,47448640,rs865031,7,47463842,rs834599,0.977
7,47448640,rs865031,7,47463937,rs834598,0.977
7,47448640,rs865031,7,47464488,rs834597,0.977
7,47448640,rs865031,7,47464674,rs834596,0.977
7,47448640,rs865031,7,47465325,rs2692540,0.975
7,47448640,rs865031,7,47465387,rs2665775,0.975
7,47448640,rs865031,7,47465824,rs2665774,0.701
7,47448640,rs865031,7,47466201,rs74533798,0.083
7,47448640,rs865031,7,47466512,rs1704970,0.972
7,47448640,rs865031,7,47466721,rs61383259,0.212
7,47448640,rs865031,7,47467178,rs10280277,0.579
7,47448640,rs865031,7,47467436,rs1799371,0.965
7,47448640,rs865031,7,47467609,rs1612394,0.965
7,47448640,rs865031,7,47467787,rs1704969,0.965
7,47448640,rs865031,7,47467864,rs1799370,0.964
7,47448640,rs865031,7,47468231,rs1704968,0.965
7,47448640,rs865031,7,47468970,rs555535306,0.883
7,47448640,rs865031,7,47469152,rs2136769,0.58
7,47448640,rs865031,7,47469429,rs940861,0.964
7,47448640,rs865031,7,47469692,rs1704967,0.102
7,47448640,rs865031,7,47469709,rs1799369,0.103
7,47448640,rs865031,7,47469729,rs34003202,0.961
7,47448640,rs865031,7,47469948,rs1704966,0.964
7,47448640,rs865031,7,47470215,rs1704965,0.964
7,47448640,rs865031,7,47470325,rs34682970,0.681
7,47448640,rs865031,7,47470995,rs112298276,0.964
7,47448640,rs865031,7,47471286,rs2462638,0.964
7,47448640,rs865031,7,47472276,rs834595,0.964
7,47448640,rs865031,7,47473096,rs834594,0.608
7,47448640,rs865031,7,47473907,rs397764654,0.565
7,47448640,rs865031,7,47474328,rs834592,0.964
7,47448640,rs865031,7,47474486,rs834591,0.69
7,47448640,rs865031,7,47474713,rs567940591,0.964
7,47448640,rs865031,7,47475441,rs60858142,0.109
7,47448640,rs865031,7,47476657,rs78708206,0.083
7,47448640,rs865031,7,47477293,rs117643933,0.078
7,47448640,rs865031,7,47477399,rs67953251,0.691
7,47448640,rs865031,7,47477469,rs2949817,0.602
7,47448640,rs865031,7,47477550,rs1799372,0.689
7,47448640,rs865031,7,47477995,rs58500328,0.109
7,47448640,rs865031,7,47478124,rs76552224,0.109
7,47448640,rs865031,7,47478154,rs113252629,0.109
7,47448640,rs865031,7,47478366,rs61478763,0.109
7,47448640,rs865031,7,47478590,rs56910399,0.109
7,47448640,rs865031,7,47478712,rs57518323,0.109
7,47448640,rs865031,7,47478736,rs1799374,0.689
7,47448640,rs865031,7,47479335,rs17172859,0.111
7,47448640,rs865031,7,47479363,rs1810137,0.687
7,47448640,rs865031,7,47479377,rs17172860,0.105
7,47448640,rs865031,7,47479492,rs1810136,0.686
7,47448640,rs865031,7,47479572,rs1799375,0.682
7,47448640,rs865031,7,47479583,rs1799376,0.956
7,47448640,rs865031,7,47479589,rs76412039,0.108
7,47448640,rs865031,7,47479675,rs1799377,0.685
7,47448640,rs865031,7,47479913,rs79627380,0.108
7,47448640,rs865031,7,47479963,rs1799378,0.686
7,47448640,rs865031,7,47480001,rs76077911,0.096
7,47448640,rs865031,7,47480817,rs1704972,0.686
7,47448640,rs865031,7,47480999,rs1704971,0.956
7,47448640,rs865031,7,47481211,rs13231464,0.575
7,47448640,rs865031,7,47481602,rs11763044,0.574
7,47448640,rs865031,7,47481628,rs16881490,0.108
7,47448640,rs865031,7,47481786,rs1620852,0.955
7,47448640,rs865031,7,47481875,rs1621656,0.686
7,47448640,rs865031,7,47481881,rs1631084,0.102
7,47448640,rs865031,7,47482057,rs1623328,0.893
7,47448640,rs865031,7,47482716,chr7_47482716_C_T,0.476
7,47448640,rs865031,7,47482719,rs1534137,0.955
7,47448640,rs865031,7,47482750,rs1534138,0.955
7,47448640,rs865031,7,47482829,rs4724578,0.574
7,47448640,rs865031,7,47483063,rs78668701,0.066
7,47448640,rs865031,7,47483112,rs2692541,0.712
7,47448640,rs865031,7,47483410,rs1799380,0.684
7,47448640,rs865031,7,47483624,rs1799381,0.705
7,47448640,rs865031,7,47483677,rs77422904,0.096
7,47448640,rs865031,7,47483705,rs1704973,0.945
7,47448640,rs865031,7,47483713,rs80173493,0.096
7,47448640,rs865031,7,47483997,rs1704974,0.097
7,47448640,rs865031,7,47484288,rs5884001,0.678
7,47448640,rs865031,7,47484299,rs869170,0.917
7,47448640,rs865031,7,47484425,chr7_47484425_C_T,0.074
7,47448640,rs865031,7,47484901,rs867927,0.584
7,47448640,rs865031,7,47485377,rs1110925,0.655
7,47448640,rs865031,7,47485642,rs3037441,0.652
7,47448640,rs865031,7,47485840,rs1704976,0.649
7,47448640,rs865031,7,47485866,rs1799383,0.579
7,47448640,rs865031,7,47485884,chr7_47485884_A_G,0.226
7,47448640,rs865031,7,47485965,rs1799384,0.126
7,47448640,rs865031,7,47486259,rs3037443,0.343
7,47448640,rs865031,7,47486463,rs58375628,0.239
7,47448640,rs865031,7,47486662,7:47486662:G:GCCATTTTGTCATGGGCCCCATGGGCC,0.653
7,47448640,rs865031,7,47486666,7:47486666:A:ATGACC,0.653
7,47448640,rs865031,7,47486944,rs1320421,0.239
7,47448640,rs865031,7,47486951,rs869144,0.125
7,47448640,rs865031,7,47487070,rs73095122,0.063
7,47448640,rs865031,7,47487613,rs940857,0.127
7,47448640,rs865031,7,47487766,chr7_47487766_A_G,0.063
7,47448640,rs865031,7,47487916,rs73095123,0.063
7,47448640,rs865031,7,47488074,7:47488074:ATTTT:A,0.187
7,47448640,rs865031,7,47488127,rs141731235,0.063
7,47448640,rs865031,7,47488467,chr7_47488467_A_G,0.234
7,47448640,rs865031,7,47488468,rs1704978,0.235
7,47448640,rs865031,7,47488901,rs13241485,0.136
7,47448640,rs865031,7,47489348,rs62446326,0.063
7,47448640,rs865031,7,47489384,rs147967711,0.063
7,47448640,rs865031,7,47489472,rs2692542,0.235
7,47448640,rs865031,7,47489909,rs1467070,0.272
7,47448640,rs865031,7,47490226,rs80115080,0.092
7,47448640,rs865031,7,47492762,rs2941526,0.332
7,47448640,rs865031,7,47494033,rs7778450,0.118
7,47448640,rs865031,7,47494290,rs7779248,0.117
7,47448640,rs865031,7,47494693,rs2941527,0.125
7,47448640,rs865031,7,47494959,rs2941528,0.387
7,47448640,rs865031,7,47495614,rs953264,0.124
7,47448640,rs865031,7,47496200,rs4724580,0.122
7,47448640,rs865031,7,47496258,rs4724581,0.122
7,47448640,rs865031,7,47497698,rs142375899,0.122
7,47448640,rs865031,7,47498364,chr7_47498364_A_G,0.41
7,47448640,rs865031,7,47499904,rs1027926,0.487
7,47448640,rs865031,7,47500360,rs12702340,0.484
7,47448640,rs865031,7,47502291,chr7_47502291_A_G,0.415
7,47448640,rs865031,7,47503866,rs7798679,0.464
7,47448640,rs865031,7,47505048,rs2347787,0.412
7,47448640,rs865031,7,47505510,rs2960227,0.274
7,47448640,rs865031,7,47505664,rs68140522,0.275
7,47448640,rs865031,7,47507816,rs10270829,0.162
7,47448640,rs865031,7,47509447,rs4724582,0.109
7,47448640,rs865031,7,47510548,rs11770952,0.112
7,47448640,rs865031,7,47513877,rs150891872,0.058
7,47448640,rs865031,7,47514012,rs373736448,0.057
7,47448640,rs865031,7,47518165,rs884479,0.066
7,47448640,rs865031,7,47518295,rs76499196,0.056
7,47448640,rs865031,7,47518446,rs2941539,0.063
7,47448640,rs865031,7,47520850,rs1543035,0.053
7,47448640,rs865031,7,47522176,rs2941541,0.065
7,47448640,rs865031,7,47524387,rs6463417,0.053
7,47448640,rs865031,7,47525636,rs73328560,0.122
7,47448640,rs865031,7,47525903,rs2964959,0.064
7,47448640,rs865031,7,47526059,rs2941544,0.064
7,47448640,rs865031,7,47526623,rs1973590,0.064
7,47448640,rs865031,7,47527328,rs73328562,0.053
7,47448640,rs865031,7,47528273,rs2941547,0.064
7,47448640,rs865031,7,47529258,rs2941538,0.067
7,47448640,rs865031,7,47529463,rs56754945,0.054
7,47448640,rs865031,7,47529511,rs2964960,0.064
7,47448640,rs865031,7,47531634,rs2960232,0.065
7,47448640,rs865031,7,47531959,rs2960233,0.053
7,47448640,rs865031,7,47532020,rs2960234,0.053
7,47448640,rs865031,7,47532503,rs2941529,0.069
7,47468970,rs555535306,7,47405231,rs149803933,0.08
7,47468970,rs555535306,7,47406335,rs17523258,0.08
7,47468970,rs555535306,7,47417356,rs73111052,0.109
7,47468970,rs555535306,7,47419180,rs113685733,0.111
7,47468970,rs555535306,7,47419299,rs17523891,0.11
7,47468970,rs555535306,7,47420365,rs3801084,0.115
7,47468970,rs555535306,7,47420367,rs3801083,0.115
7,47468970,rs555535306,7,47420521,rs3801082,0.114
7,47468970,rs555535306,7,47422049,chr7_47422049_C_T,0.117
7,47468970,rs555535306,7,47422848,chr7_47422848_A_G,0.114
7,47468970,rs555535306,7,47423565,chr7_47423565_G_T,0.13
7,47468970,rs555535306,7,47428546,rs62446289,0.109
7,47468970,rs555535306,7,47431317,chr7_47431317_C_G,0.205
7,47468970,rs555535306,7,47432669,rs2470996,0.214
7,47468970,rs555535306,7,47433003,rs58192148,0.132
7,47468970,rs555535306,7,47433094,rs13230267,0.25
7,47468970,rs555535306,7,47433246,rs10263527,0.216
7,47468970,rs555535306,7,47433628,rs2462634,0.216
7,47468970,rs555535306,7,47433750,chr7_47433750_C_T,0.263
7,47468970,rs555535306,7,47433960,rs10267539,0.248
7,47468970,rs555535306,7,47434418,rs75787905,0.093
7,47468970,rs555535306,7,47436497,chr7_47436497_A_G,0.187
7,47468970,rs555535306,7,47436783,chr7_47436783_A_G,0.177
7,47468970,rs555535306,7,47436838,rs17626611,0.137
7,47468970,rs555535306,7,47437072,rs17626629,0.269
7,47468970,rs555535306,7,47437150,rs12540482,0.432
7,47468970,rs555535306,7,47437244,rs56232506,0.458
7,47468970,rs555535306,7,47437962,rs374776727,0.094
7,47468970,rs555535306,7,47437966,rs370723267,0.094
7,47468970,rs555535306,7,47438356,rs62446317,0.094
7,47468970,rs555535306,7,47438522,rs12374754,0.094
7,47468970,rs555535306,7,47438527,rs12374755,0.094
7,47468970,rs555535306,7,47438559,rs6976881,0.074
7,47468970,rs555535306,7,47438616,rs12375046,0.094
7,47468970,rs555535306,7,47438677,rs145227737,0.32
7,47468970,rs555535306,7,47438893,rs10951903,0.094
7,47468970,rs555535306,7,47439151,rs79241472,0.095
7,47468970,rs555535306,7,47439428,rs10266922,0.071
7,47468970,rs555535306,7,47440225,chr7_47440225_C_T,0.277
7,47468970,rs555535306,7,47440815,rs79919769,0.094
7,47468970,rs555535306,7,47442633,rs7776701,0.286
7,47468970,rs555535306,7,47443627,rs78859629,0.08
7,47468970,rs555535306,7,47444053,rs12702337,0.152
7,47468970,rs555535306,7,47444250,rs13225337,0.374
7,47468970,rs555535306,7,47444538,rs74850476,0.094
7,47468970,rs555535306,7,47444807,rs11761475,0.47
7,47468970,rs555535306,7,47445108,rs75816823,0.094
7,47468970,rs555535306,7,47445641,rs700755,0.555
7,47468970,rs555535306,7,47445812,rs834601,0.554
7,47468970,rs555535306,7,47446215,chr7_47446215_A_C,0.181
7,47468970,rs555535306,7,47446358,rs74580496,0.074
7,47468970,rs555535306,7,47446629,rs79186979,0.094
7,47468970,rs555535306,7,47447215,rs7801481,0.471
7,47468970,rs555535306,7,47447541,rs11764365,0.471
7,47468970,rs555535306,7,47447598,rs79593345,0.094
7,47468970,rs555535306,7,47447921,rs834603,0.558
7,47468970,rs555535306,7,47448401,rs74939598,0.096
7,47468970,rs555535306,7,47448623,rs76925740,0.094
7,47468970,rs555535306,7,47448640,rs865031,0.883
7,47468970,rs555535306,7,47449099,rs76668076,0.094
7,47468970,rs555535306,7,47449829,rs79377949,0.068
7,47468970,rs555535306,7,47450271,rs834604,0.658
7,47468970,rs555535306,7,47450456,rs834605,0.887
7,47468970,rs555535306,7,47450632,rs834606,0.886
7,47468970,rs555535306,7,47451572,rs17544073,0.523
7,47468970,rs555535306,7,47451654,rs78673708,0.095
7,47468970,rs555535306,7,47451918,rs834608,0.863
7,47468970,rs555535306,7,47452522,rs2692539,0.662
7,47468970,rs555535306,7,47453927,rs77589356,0.075
7,47468970,rs555535306,7,47455309,rs117944008,0.095
7,47468970,rs555535306,7,47455310,rs117604349,0.095
7,47468970,rs555535306,7,47455337,rs12216624,0.095
7,47468970,rs555535306,7,47455780,rs75433723,0.126
7,47468970,rs555535306,7,47455916,rs12216631,0.186
7,47468970,rs555535306,7,47456114,rs140655203,0.096
7,47468970,rs555535306,7,47456458,rs17626664,0.096
7,47468970,rs555535306,7,47456846,rs834609,0.902
7,47468970,rs555535306,7,47456851,rs78789952,0.097
7,47468970,rs555535306,7,47457359,rs146846028,0.079
7,47468970,rs555535306,7,47458848,rs76988120,0.186
7,47468970,rs555535306,7,47458865,rs78676173,0.186
7,47468970,rs555535306,7,47460794,rs74801584,0.127
7,47468970,rs555535306,7,47460795,rs78195281,0.127
7,47468970,rs555535306,7,47460983,rs11509902,0.096
7,47468970,rs555535306,7,47462236,rs367630469,0.896
7,47468970,rs555535306,7,47462468,rs398047648,0.904
7,47468970,rs555535306,7,47462488,rs80049378,0.097
7,47468970,rs555535306,7,47462990,rs78981484,0.127
7,47468970,rs555535306,7,47463842,rs834599,0.905
7,47468970,rs555535306,7,47463937,rs834598,0.905
7,47468970,rs555535306,7,47464488,rs834597,0.904
7,47468970,rs555535306,7,47464674,rs834596,0.904
7,47468970,rs555535306,7,47465325,rs2692540,0.905
7,47468970,rs555535306,7,47465387,rs2665775,0.905
7,47468970,rs555535306,7,47465824,rs2665774,0.735
7,47468970,rs555535306,7,47466201,rs74533798,0.098
7,47468970,rs555535306,7,47466512,rs1704970,0.912
7,47468970,rs555535306,7,47466721,rs61383259,0.269
7,47468970,rs555535306,7,47467178,rs10280277,0.543
7,47468970,rs555535306,7,47467436,rs1799371,0.916
7,47468970,rs555535306,7,47467609,rs1612394,0.916
7,47468970,rs555535306,7,47467787,rs1704969,0.916
7,47468970,rs555535306,7,47467864,rs1799370,0.916
7,47468970,rs555535306,7,47468231,rs1704968,0.916
7,47468970,rs555535306,7,47468970,rs555535306,1
7,47468970,rs555535306,7,47469152,rs2136769,0.545
7,47468970,rs555535306,7,47469429,rs940861,0.916
7,47468970,rs555535306,7,47469692,rs1704967,0.1
7,47468970,rs555535306,7,47469709,rs1799369,0.101
7,47468970,rs555535306,7,47469729,rs34003202,0.912
7,47468970,rs555535306,7,47469948,rs1704966,0.916
7,47468970,rs555535306,7,47470215,rs1704965,0.916
7,47468970,rs555535306,7,47470325,rs34682970,0.729
7,47468970,rs555535306,7,47470995,rs112298276,0.916
7,47468970,rs555535306,7,47471286,rs2462638,0.916
7,47468970,rs555535306,7,47472276,rs834595,0.916
7,47468970,rs555535306,7,47473096,rs834594,0.649
7,47468970,rs555535306,7,47473907,rs397764654,0.531
7,47468970,rs555535306,7,47474328,rs834592,0.916
7,47468970,rs555535306,7,47474486,rs834591,0.743
7,47468970,rs555535306,7,47474713,rs567940591,0.915
7,47468970,rs555535306,7,47475441,rs60858142,0.055
7,47468970,rs555535306,7,47476657,rs78708206,0.097
7,47468970,rs555535306,7,47477399,rs67953251,0.743
7,47468970,rs555535306,7,47477469,rs2949817,0.641
7,47468970,rs555535306,7,47477550,rs1799372,0.742
7,47468970,rs555535306,7,47477995,rs58500328,0.053
7,47468970,rs555535306,7,47478124,rs76552224,0.054
7,47468970,rs555535306,7,47478154,rs113252629,0.053
7,47468970,rs555535306,7,47478366,rs61478763,0.053
7,47468970,rs555535306,7,47478590,rs56910399,0.053
7,47468970,rs555535306,7,47478712,rs57518323,0.053
7,47468970,rs555535306,7,47478736,rs1799374,0.741
7,47468970,rs555535306,7,47479335,rs17172859,0.054
7,47468970,rs555535306,7,47479363,rs1810137,0.74
7,47468970,rs555535306,7,47479377,rs17172860,0.05
7,47468970,rs555535306,7,47479492,rs1810136,0.738
7,47468970,rs555535306,7,47479572,rs1799375,0.733
7,47468970,rs555535306,7,47479583,rs1799376,0.908
7,47468970,rs555535306,7,47479589,rs76412039,0.052
7,47468970,rs555535306,7,47479675,rs1799377,0.738
7,47468970,rs555535306,7,47479913,rs79627380,0.052
7,47468970,rs555535306,7,47479963,rs1799378,0.738
7,47468970,rs555535306,7,47480001,rs76077911,0.072
7,47468970,rs555535306,7,47480817,rs1704972,0.738
7,47468970,rs555535306,7,47480999,rs1704971,0.907
7,47468970,rs555535306,7,47481211,rs13231464,0.541
7,47468970,rs555535306,7,47481602,rs11763044,0.54
7,47468970,rs555535306,7,47481628,rs16881490,0.052
7,47468970,rs555535306,7,47481786,rs1620852,0.907
7,47468970,rs555535306,7,47481875,rs1621656,0.738
7,47468970,rs555535306,7,47481881,rs1631084,0.099
7,47468970,rs555535306,7,47482057,rs1623328,0.837
7,47468970,rs555535306,7,47482716,chr7_47482716_C_T,0.501
7,47468970,rs555535306,7,47482719,rs1534137,0.906
7,47468970,rs555535306,7,47482750,rs1534138,0.906
7,47468970,rs555535306,7,47482829,rs4724578,0.54
7,47468970,rs555535306,7,47483063,rs78668701,0.076
7,47468970,rs555535306,7,47483112,rs2692541,0.705
7,47468970,rs555535306,7,47483410,rs1799380,0.736
7,47468970,rs555535306,7,47483624,rs1799381,0.712
7,47468970,rs555535306,7,47483677,rs77422904,0.072
7,47468970,rs555535306,7,47483705,rs1704973,0.912
7,47468970,rs555535306,7,47483713,rs80173493,0.072
7,47468970,rs555535306,7,47483997,rs1704974,0.102
7,47468970,rs555535306,7,47484288,rs5884001,0.729
7,47468970,rs555535306,7,47484299,rs869170,0.932
7,47468970,rs555535306,7,47484901,rs867927,0.623
7,47468970,rs555535306,7,47485377,rs1110925,0.704
7,47468970,rs555535306,7,47485642,rs3037441,0.701
7,47468970,rs555535306,7,47485840,rs1704976,0.699
7,47468970,rs555535306,7,47485866,rs1799383,0.617
7,47468970,rs555535306,7,47485884,chr7_47485884_A_G,0.232
7,47468970,rs555535306,7,47485965,rs1799384,0.144
7,47468970,rs555535306,7,47486259,rs3037443,0.348
7,47468970,rs555535306,7,47486463,rs58375628,0.271
7,47468970,rs555535306,7,47486662,7:47486662:G:GCCATTTTGTCATGGGCCCCATGGGCC,0.703
7,47468970,rs555535306,7,47486666,7:47486666:A:ATGACC,0.702
7,47468970,rs555535306,7,47486944,rs1320421,0.27
7,47468970,rs555535306,7,47486951,rs869144,0.149
7,47468970,rs555535306,7,47487070,rs73095122,0.062
7,47468970,rs555535306,7,47487613,rs940857,0.152
7,47468970,rs555535306,7,47487766,chr7_47487766_A_G,0.061
7,47468970,rs555535306,7,47487916,rs73095123,0.062
7,47468970,rs555535306,7,47488074,7:47488074:ATTTT:A,0.211
7,47468970,rs555535306,7,47488127,rs141731235,0.062
7,47468970,rs555535306,7,47488467,chr7_47488467_A_G,0.265
7,47468970,rs555535306,7,47488468,rs1704978,0.266
7,47468970,rs555535306,7,47488901,rs13241485,0.133
7,47468970,rs555535306,7,47489348,rs62446326,0.062
7,47468970,rs555535306,7,47489384,rs147967711,0.062
7,47468970,rs555535306,7,47489472,rs2692542,0.241
7,47468970,rs555535306,7,47489909,rs1467070,0.299
7,47468970,rs555535306,7,47490226,rs80115080,0.069
7,47468970,rs555535306,7,47492762,rs2941526,0.341
7,47468970,rs555535306,7,47494033,rs7778450,0.122
7,47468970,rs555535306,7,47494290,rs7779248,0.12
7,47468970,rs555535306,7,47494693,rs2941527,0.124
7,47468970,rs555535306,7,47494959,rs2941528,0.403
7,47468970,rs555535306,7,47495614,rs953264,0.124
7,47468970,rs555535306,7,47496200,rs4724580,0.122
7,47468970,rs555535306,7,47496258,rs4724581,0.121
7,47468970,rs555535306,7,47497698,rs142375899,0.121
7,47468970,rs555535306,7,47498364,chr7_47498364_A_G,0.392
7,47468970,rs555535306,7,47499904,rs1027926,0.474
7,47468970,rs555535306,7,47500360,rs12702340,0.471
7,47468970,rs555535306,7,47502291,chr7_47502291_A_G,0.423
7,47468970,rs555535306,7,47503866,rs7798679,0.438
7,47468970,rs555535306,7,47505048,rs2347787,0.426
7,47468970,rs555535306,7,47505510,rs2960227,0.271
7,47468970,rs555535306,7,47505664,rs68140522,0.27
7,47468970,rs555535306,7,47507816,rs10270829,0.154
7,47468970,rs555535306,7,47509447,rs4724582,0.104
7,47468970,rs555535306,7,47510548,rs11770952,0.108
7,47468970,rs555535306,7,47513877,rs150891872,0.068
7,47468970,rs555535306,7,47514012,rs373736448,0.067
7,47468970,rs555535306,7,47518165,rs884479,0.05
7,47468970,rs555535306,7,47518295,rs76499196,0.065
7,47468970,rs555535306,7,47520850,rs1543035,0.061
7,47468970,rs555535306,7,47524387,rs6463417,0.062
7,47468970,rs555535306,7,47525636,rs73328560,0.128
7,47468970,rs555535306,7,47527328,rs73328562,0.062
7,47468970,rs555535306,7,47529258,rs2941538,0.053
7,47468970,rs555535306,7,47529463,rs56754945,0.062
7,47468970,rs555535306,7,47531959,rs2960233,0.062
7,47468970,rs555535306,7,47532020,rs2960234,0.062
7,47468970,rs555535306,7,47532503,rs2941529,0.053
7,47486259,rs3037443,7,47343874,rs2222625,0.056
7,47486259,rs3037443,7,47344056,rs2204485,0.064
7,47486259,rs3037443,7,47345002,rs6959554,0.062
7,47486259,rs3037443,7,47348878,rs4720593,0.063
7,47486259,rs3037443,7,47349940,rs13437785,0.062
7,47486259,rs3037443,7,47351958,rs12672674,0.059
7,47486259,rs3037443,7,47352090,rs1976916,0.059
7,47486259,rs3037443,7,47352265,rs1976915,0.059
7,47486259,rs3037443,7,47354931,rs6964772,0.059
7,47486259,rs3037443,7,47358377,rs10215395,0.062
7,47486259,rs3037443,7,47361887,rs12539717,0.059
7,47486259,rs3037443,7,47362484,rs12537098,0.059
7,47486259,rs3037443,7,47365691,rs1464920,0.059
7,47486259,rs3037443,7,47366909,rs4724564,0.059
7,47486259,rs3037443,7,47370119,rs6950527,0.059
7,47486259,rs3037443,7,47370352,rs6951146,0.059
7,47486259,rs3037443,7,47371718,rs10276993,0.059
7,47486259,rs3037443,7,47373153,rs10225497,0.059
7,47486259,rs3037443,7,47374770,rs1464921,0.059
7,47486259,rs3037443,7,47375850,rs11762661,0.062
7,47486259,rs3037443,7,47377691,rs71818316,0.065
7,47486259,rs3037443,7,47378641,rs2462642,0.065
7,47486259,rs3037443,7,47379554,rs35991026,0.067
7,47486259,rs3037443,7,47379905,rs7807583,0.065
7,47486259,rs3037443,7,47381111,rs2462644,0.065
7,47486259,rs3037443,7,47382518,rs12375125,0.065
7,47486259,rs3037443,7,47383988,rs112712097,0.063
7,47486259,rs3037443,7,47385201,rs17522996,0.051
7,47486259,rs3037443,7,47386422,rs2462645,0.051
7,47486259,rs3037443,7,47390394,rs2470992,0.053
7,47486259,rs3037443,7,47390395,rs2462646,0.053
7,47486259,rs3037443,7,47396050,rs2462647,0.073
7,47486259,rs3037443,7,47405166,rs4724566,0.068
7,47486259,rs3037443,7,47405373,rs34177994,0.068
7,47486259,rs3037443,7,47405453,rs2949816,0.068
7,47486259,rs3037443,7,47406323,rs6150095,0.068
7,47486259,rs3037443,7,47407212,rs2462625,0.069
7,47486259,rs3037443,7,47407888,rs2255749,0.068
7,47486259,rs3037443,7,47412489,rs4724567,0.07
7,47486259,rs3037443,7,47412856,rs10279935,0.07
7,47486259,rs3037443,7,47413238,rs2462628,0.07
7,47486259,rs3037443,7,47414171,rs2470991,0.068
7,47486259,rs3037443,7,47415320,rs7808433,0.069
7,47486259,rs3037443,7,47419888,rs2462631,0.095
7,47486259,rs3037443,7,47421540,chr7_47421540_C_T,0.102
7,47486259,rs3037443,7,47422796,rs2471000,0.096
7,47486259,rs3037443,7,47423565,chr7_47423565_G_T,0.061
7,47486259,rs3037443,7,47427643,rs12537130,0.073
7,47486259,rs3037443,7,47427866,rs75563335,0.117
7,47486259,rs3037443,7,47427910,rs79920368,0.141
7,47486259,rs3037443,7,47428096,rs4724569,0.124
7,47486259,rs3037443,7,47428546,rs62446289,0.311
7,47486259,rs3037443,7,47428909,rs73695324,0.078
7,47486259,rs3037443,7,47431174,rs12670539,0.08
7,47486259,rs3037443,7,47431317,chr7_47431317_C_G,0.094
7,47486259,rs3037443,7,47431511,rs4724573,0.126
7,47486259,rs3037443,7,47432669,rs2470996,0.312
7,47486259,rs3037443,7,47433003,rs58192148,0.204
7,47486259,rs3037443,7,47433094,rs13230267,0.273
7,47486259,rs3037443,7,47433246,rs10263527,0.314
7,47486259,rs3037443,7,47433628,rs2462634,0.315
7,47486259,rs3037443,7,47433750,chr7_47433750_C_T,0.111
7,47486259,rs3037443,7,47433960,rs10267539,0.273
7,47486259,rs3037443,7,47436497,chr7_47436497_A_G,0.082
7,47486259,rs3037443,7,47436783,chr7_47436783_A_G,0.489
7,47486259,rs3037443,7,47437072,rs17626629,0.392
7,47486259,rs3037443,7,47437150,rs12540482,0.169
7,47486259,rs3037443,7,47437244,rs56232506,0.53
7,47486259,rs3037443,7,47438677,rs145227737,0.484
7,47486259,rs3037443,7,47439428,rs10266922,0.084
7,47486259,rs3037443,7,47440225,chr7_47440225_C_T,0.312
7,47486259,rs3037443,7,47442633,rs7776701,0.42
7,47486259,rs3037443,7,47444250,rs13225337,0.485
7,47486259,rs3037443,7,47444807,rs11761475,0.544
7,47486259,rs3037443,7,47445641,rs700755,0.469
7,47486259,rs3037443,7,47445812,rs834601,0.469
7,47486259,rs3037443,7,47446215,chr7_47446215_A_C,0.259
7,47486259,rs3037443,7,47447215,rs7801481,0.545
7,47486259,rs3037443,7,47447541,rs11764365,0.545
7,47486259,rs3037443,7,47447921,rs834603,0.47
7,47486259,rs3037443,7,47448640,rs865031,0.343
7,47486259,rs3037443,7,47450271,rs834604,0.261
7,47486259,rs3037443,7,47450456,rs834605,0.343
7,47486259,rs3037443,7,47450632,rs834606,0.342
7,47486259,rs3037443,7,47451572,rs17544073,0.579
7,47486259,rs3037443,7,47451918,rs834608,0.333
7,47486259,rs3037443,7,47452522,rs2692539,0.263
7,47486259,rs3037443,7,47455916,rs12216631,0.072
7,47486259,rs3037443,7,47456846,rs834609,0.347
7,47486259,rs3037443,7,47458848,rs76988120,0.072
7,47486259,rs3037443,7,47458865,rs78676173,0.072
7,47486259,rs3037443,7,47462236,rs367630469,0.344
7,47486259,rs3037443,7,47462468,rs398047648,0.349
7,47486259,rs3037443,7,47463842,rs834599,0.347
7,47486259,rs3037443,7,47463937,rs834598,0.347
7,47486259,rs3037443,7,47464488,rs834597,0.347
7,47486259,rs3037443,7,47464674,rs834596,0.346
7,47486259,rs3037443,7,47465325,rs2692540,0.347
7,47486259,rs3037443,7,47465387,rs2665775,0.347
7,47486259,rs3037443,7,47465824,rs2665774,0.272
7,47486259,rs3037443,7,47466512,rs1704970,0.349
7,47486259,rs3037443,7,47467178,rs10280277,0.592
7,47486259,rs3037443,7,47467436,rs1799371,0.35
7,47486259,rs3037443,7,47467609,rs1612394,0.35
7,47486259,rs3037443,7,47467787,rs1704969,0.35
7,47486259,rs3037443,7,47467864,rs1799370,0.349
7,47486259,rs3037443,7,47468231,rs1704968,0.35
7,47486259,rs3037443,7,47468970,rs555535306,0.348
7,47486259,rs3037443,7,47469152,rs2136769,0.593
7,47486259,rs3037443,7,47469429,rs940861,0.35
7,47486259,rs3037443,7,47469692,rs1704967,0.073
7,47486259,rs3037443,7,47469709,rs1799369,0.073
7,47486259,rs3037443,7,47469729,rs34003202,0.349
7,47486259,rs3037443,7,47469948,rs1704966,0.35
7,47486259,rs3037443,7,47470215,rs1704965,0.35
7,47486259,rs3037443,7,47470325,rs34682970,0.284
7,47486259,rs3037443,7,47470995,rs112298276,0.35
7,47486259,rs3037443,7,47471286,rs2462638,0.35
7,47486259,rs3037443,7,47472276,rs834595,0.35
7,47486259,rs3037443,7,47473096,rs834594,0.243
7,47486259,rs3037443,7,47473907,rs397764654,0.549
7,47486259,rs3037443,7,47474328,rs834592,0.35
7,47486259,rs3037443,7,47474486,rs834591,0.274
7,47486259,rs3037443,7,47474713,rs567940591,0.35
7,47486259,rs3037443,7,47477399,rs67953251,0.274
7,47486259,rs3037443,7,47477469,rs2949817,0.242
7,47486259,rs3037443,7,47477550,rs1799372,0.274
7,47486259,rs3037443,7,47478736,rs1799374,0.275
7,47486259,rs3037443,7,47479363,rs1810137,0.276
7,47486259,rs3037443,7,47479492,rs1810136,0.275
7,47486259,rs3037443,7,47479572,rs1799375,0.273
7,47486259,rs3037443,7,47479583,rs1799376,0.352
7,47486259,rs3037443,7,47479675,rs1799377,0.275
7,47486259,rs3037443,7,47479963,rs1799378,0.275
7,47486259,rs3037443,7,47480817,rs1704972,0.276
7,47486259,rs3037443,7,47480999,rs1704971,0.352
7,47486259,rs3037443,7,47481211,rs13231464,0.597
7,47486259,rs3037443,7,47481602,rs11763044,0.597
7,47486259,rs3037443,7,47481786,rs1620852,0.352
7,47486259,rs3037443,7,47481875,rs1621656,0.276
7,47486259,rs3037443,7,47481881,rs1631084,0.073
7,47486259,rs3037443,7,47482057,rs1623328,0.328
7,47486259,rs3037443,7,47482716,chr7_47482716_C_T,0.195
7,47486259,rs3037443,7,47482719,rs1534137,0.352
7,47486259,rs3037443,7,47482750,rs1534138,0.352
7,47486259,rs3037443,7,47482829,rs4724578,0.597
7,47486259,rs3037443,7,47483112,rs2692541,0.258
7,47486259,rs3037443,7,47483410,rs1799380,0.277
7,47486259,rs3037443,7,47483624,rs1799381,0.256
7,47486259,rs3037443,7,47483705,rs1704973,0.35
7,47486259,rs3037443,7,47483997,rs1704974,0.075
7,47486259,rs3037443,7,47484288,rs5884001,0.285
7,47486259,rs3037443,7,47484299,rs869170,0.384
7,47486259,rs3037443,7,47484901,rs867927,0.259
7,47486259,rs3037443,7,47485377,rs1110925,0.3
7,47486259,rs3037443,7,47485642,rs3037441,0.302
7,47486259,rs3037443,7,47485840,rs1704976,0.304
7,47486259,rs3037443,7,47485866,rs1799383,0.264
7,47486259,rs3037443,7,47485884,chr7_47485884_A_G,0.658
7,47486259,rs3037443,7,47486259,rs3037443,1
7,47486259,rs3037443,7,47486463,rs58375628,0.593
7,47486259,rs3037443,7,47486662,7:47486662:G:GCCATTTTGTCATGGGCCCCATGGGCC,0.301
7,47486259,rs3037443,7,47486666,7:47486666:A:ATGACC,0.301
7,47486259,rs3037443,7,47486944,rs1320421,0.591
7,47486259,rs3037443,7,47486951,rs869144,0.31
7,47486259,rs3037443,7,47487070,rs73095122,0.171
7,47486259,rs3037443,7,47487613,rs940857,0.3
7,47486259,rs3037443,7,47487766,chr7_47487766_A_G,0.17
7,47486259,rs3037443,7,47487797,rs73328512,0.072
7,47486259,rs3037443,7,47487916,rs73095123,0.17
7,47486259,rs3037443,7,47488074,7:47488074:ATTTT:A,0.526
7,47486259,rs3037443,7,47488127,rs141731235,0.17
7,47486259,rs3037443,7,47488467,chr7_47488467_A_G,0.57
7,47486259,rs3037443,7,47488468,rs1704978,0.573
7,47486259,rs3037443,7,47488569,rs73328514,0.071
7,47486259,rs3037443,7,47488901,rs13241485,0.11
7,47486259,rs3037443,7,47488903,rs78417682,0.072
7,47486259,rs3037443,7,47489348,rs62446326,0.17
7,47486259,rs3037443,7,47489384,rs147967711,0.17
7,47486259,rs3037443,7,47489472,rs2692542,0.646
7,47486259,rs3037443,7,47489909,rs1467070,0.479
7,47486259,rs3037443,7,47492762,rs2941526,0.154
7,47486259,rs3037443,7,47494033,rs7778450,0.113
7,47486259,rs3037443,7,47494290,rs7779248,0.112
7,47486259,rs3037443,7,47494693,rs2941527,0.362
7,47486259,rs3037443,7,47494959,rs2941528,0.177
7,47486259,rs3037443,7,47495614,rs953264,0.361
7,47486259,rs3037443,7,47496200,rs4724580,0.365
7,47486259,rs3037443,7,47496258,rs4724581,0.363
7,47486259,rs3037443,7,47497698,rs142375899,0.364
7,47486259,rs3037443,7,47498364,chr7_47498364_A_G,0.196
7,47486259,rs3037443,7,47499904,rs1027926,0.232
7,47486259,rs3037443,7,47500360,rs12702340,0.23
7,47486259,rs3037443,7,47502291,chr7_47502291_A_G,0.14
7,47486259,rs3037443,7,47503866,rs7798679,0.205
7,47486259,rs3037443,7,47505048,rs2347787,0.22
7,47486259,rs3037443,7,47505510,rs2960227,0.141
7,47486259,rs3037443,7,47505664,rs68140522,0.141
7,47486259,rs3037443,7,47506994,rs2964944,0.133
7,47486259,rs3037443,7,47507089,rs2964942,0.133
7,47486259,rs3037443,7,47507816,rs10270829,0.279
7,47486259,rs3037443,7,47509447,rs4724582,0.324
7,47486259,rs3037443,7,47510548,rs11770952,0.322
7,47486259,rs3037443,7,47510577,rs11770955,0.161
7,47486259,rs3037443,7,47510741,rs6948177,0.161
7,47486259,rs3037443,7,47511161,rs3801081,0.158
7,47486259,rs3037443,7,47512042,rs1533086,0.161
7,47486259,rs3037443,7,47514360,rs143411064,0.168
7,47486259,rs3037443,7,47515004,rs3111214,0.135
7,47486259,rs3037443,7,47518165,rs884479,0.185
7,47486259,rs3037443,7,47518446,rs2941539,0.184
7,47486259,rs3037443,7,47518536,rs145018052,0.121
7,47486259,rs3037443,7,47521863,rs2964955,0.114
7,47486259,rs3037443,7,47522138,rs78396335,0.071
7,47486259,rs3037443,7,47522176,rs2941541,0.16
7,47486259,rs3037443,7,47522340,rs138509243,0.068
7,47486259,rs3037443,7,47522983,rs2964956,0.067
7,47486259,rs3037443,7,47523014,rs2964957,0.067
7,47486259,rs3037443,7,47523302,rs2960228,0.193
7,47486259,rs3037443,7,47524798,rs2941542,0.106
7,47486259,rs3037443,7,47524929,rs11770032,0.106
7,47486259,rs3037443,7,47525389,rs11766543,0.07
7,47486259,rs3037443,7,47525636,rs73328560,0.065
7,47486259,rs3037443,7,47525740,rs2941543,0.066
7,47486259,rs3037443,7,47525903,rs2964959,0.157
7,47486259,rs3037443,7,47525951,rs73695346,0.07
7,47486259,rs3037443,7,47526059,rs2941544,0.157
7,47486259,rs3037443,7,47526623,rs1973590,0.157
7,47486259,rs3037443,7,47526895,rs11423288,0.054
7,47486259,rs3037443,7,47527738,rs2941545,0.101
7,47486259,rs3037443,7,47528239,rs2941546,0.102
7,47486259,rs3037443,7,47528273,rs2941547,0.157
7,47486259,rs3037443,7,47528294,rs73695348,0.106
7,47486259,rs3037443,7,47529258,rs2941538,0.162
7,47486259,rs3037443,7,47529511,rs2964960,0.157
7,47486259,rs3037443,7,47530475,rs73695349,0.106
7,47486259,rs3037443,7,47531634,rs2960232,0.158
7,47486259,rs3037443,7,47532503,rs2941529,0.161
7,47486259,rs3037443,7,47532716,rs7803908,0.101
7,47486259,rs3037443,7,47533071,rs57573970,0.102
