CHR_A,BP_A,SNP_A,CHR_B,BP_B,SNP_B,R2
8,25892142,rs11135910,8,25810869,chr8_25810869_A_C,0.057
8,25892142,rs11135910,8,25834151,rs5890272,0.072
8,25892142,rs11135910,8,25834167,rs883771,0.074
8,25892142,rs11135910,8,25834716,chr8_25834716_A_G,0.067
8,25892142,rs11135910,8,25835942,chr8_25835942_C_T,0.087
8,25892142,rs11135910,8,25844992,rs12675395,0.058
8,25892142,rs11135910,8,25845224,chr8_25845224_C_T,0.163
8,25892142,rs11135910,8,25846604,rs6987894,0.058
8,25892142,rs11135910,8,25846741,rs7006324,0.058
8,25892142,rs11135910,8,25847271,rs4276697,0.058
8,25892142,rs11135910,8,25860082,rs33923692,0.104
8,25892142,rs11135910,8,25860709,rs4573292,0.104
8,25892142,rs11135910,8,25861724,rs62499122,0.114
8,25892142,rs11135910,8,25861978,rs13254210,0.099
8,25892142,rs11135910,8,25862355,rs58293411,0.114
8,25892142,rs11135910,8,25862499,rs62499124,0.114
8,25892142,rs11135910,8,25862812,8:25862812:T:A,0.111
8,25892142,rs11135910,8,25863992,chr8_25863992_A_C,0.1
8,25892142,rs11135910,8,25864344,rs1385730,0.098
8,25892142,rs11135910,8,25864344,rs1385730,0.114
8,25892142,rs11135910,8,25867198,chr8_25867198_C_G,0.117
8,25892142,rs11135910,8,25867383,rs901177,0.117
8,25892142,rs11135910,8,25868690,rs116904792,0.061
8,25892142,rs11135910,8,25869330,rs117473730,0.111
8,25892142,rs11135910,8,25869361,rs77714359,0.061
8,25892142,rs11135910,8,25869608,chr8_25869608_C_T,0.26
8,25892142,rs11135910,8,25869711,chr8_25869711_C_T,0.109
8,25892142,rs11135910,8,25869935,chr8_25869935_A_C,0.262
8,25892142,rs11135910,8,25870252,rs1485748,0.105
8,25892142,rs11135910,8,25871311,rs77506904,0.062
8,25892142,rs11135910,8,25871350,rs7003404,0.303
8,25892142,rs11135910,8,25871721,chr8_25871721_G_T,0.263
8,25892142,rs11135910,8,25871881,rs11775594,0.052
8,25892142,rs11135910,8,25872634,chr8_25872634_A_G,0.303
8,25892142,rs11135910,8,25875310,rs1485749,0.085
8,25892142,rs11135910,8,25875628,rs71730646,0.286
8,25892142,rs11135910,8,25876812,rs11412417,0.268
8,25892142,rs11135910,8,25877050,chr8_25877050_C_T,0.094
8,25892142,rs11135910,8,25877217,chr8_25877217_C_T,0.088
8,25892142,rs11135910,8,25877317,rs140792874,0.065
8,25892142,rs11135910,8,25877319,rs56084268,0.337
8,25892142,rs11135910,8,25878272,rs139732530,0.579
8,25892142,rs11135910,8,25878995,rs951914,0.073
8,25892142,rs11135910,8,25879850,rs138894125,0.069
8,25892142,rs11135910,8,25880400,rs7008914,0.061
8,25892142,rs11135910,8,25880422,rs77347510,0.069
8,25892142,rs11135910,8,25881623,chr8_25881623_C_T,0.555
8,25892142,rs11135910,8,25881938,chr8_25881938_C_T,0.706
8,25892142,rs11135910,8,25883604,rs62499129,0.557
8,25892142,rs11135910,8,25883701,8:25883701:AT:ATT,0.619
8,25892142,rs11135910,8,25883802,chr8_25883802_C_T,0.617
8,25892142,rs11135910,8,25884577,chr8_25884577_C_T,0.617
8,25892142,rs11135910,8,25887959,rs75027094,0.626
8,25892142,rs11135910,8,25888110,rs10086575,0.063
8,25892142,rs11135910,8,25888395,rs117094185,0.069
8,25892142,rs11135910,8,25888552,chr8_25888552_A_G,0.624
8,25892142,rs11135910,8,25889267,rs7834679,0.063
8,25892142,rs11135910,8,25889309,chr8_25889309_A_C,0.624
8,25892142,rs11135910,8,25889446,rs7821832,0.063
8,25892142,rs11135910,8,25889501,rs7835016,0.057
8,25892142,rs11135910,8,25889606,rs34726834,0.063
8,25892142,rs11135910,8,25889944,rs36125326,0.627
8,25892142,rs11135910,8,25890497,rs149736539,0.069
8,25892142,rs11135910,8,25890549,rs7826952,0.063
8,25892142,rs11135910,8,25890997,rs190470683,0.069
8,25892142,rs11135910,8,25891261,rs78557218,0.629
8,25892142,rs11135910,8,25891439,rs74663537,0.069
8,25892142,rs11135910,8,25891653,rs6997996,0.063
8,25892142,rs11135910,8,25891729,rs1485744,0.903
8,25892142,rs11135910,8,25891729,rs1485744,0.693
8,25892142,rs11135910,8,25891748,rs1485743,0.16
8,25892142,rs11135910,8,25891983,rs17818797,0.16
8,25892142,rs11135910,8,25892142,rs11135910,1
8,25892142,rs11135910,8,25892154,rs80110395,0.069
8,25892142,rs11135910,8,25892684,rs13256044,0.159
8,25892142,rs11135910,8,25892919,rs28692966,0.063
8,25892142,rs11135910,8,25893271,chr8_25893271_C_T,0.271
8,25892142,rs11135910,8,25894064,rs67789849,0.068
8,25892142,rs11135910,8,25894201,rs74273823,0.88
8,25892142,rs11135910,8,25894275,rs901178,0.063
8,25892142,rs11135910,8,25894943,chr8_25894943_C_T,0.071
8,25892142,rs11135910,8,25895899,rs1352026,0.062
8,25892142,rs11135910,8,25896005,chr8_25896005_G_T,0.216
8,25892142,rs11135910,8,25898316,rs12544694,0.061
8,25892142,rs11135910,8,25898565,chr8_25898565_G_T,0.849
8,25892142,rs11135910,8,25900405,rs73563812,0.059
8,25892142,rs11135910,8,25900675,rs6557876,0.063
8,25892142,rs11135910,8,25900778,chr8_25900778_A_C,0.839
8,25892142,rs11135910,8,25900969,rs7002640,0.062
8,25892142,rs11135910,8,25901557,chr8_25901557_A_G,0.839
8,25892142,rs11135910,8,25901579,rs1466562,0.062
8,25892142,rs11135910,8,25901840,rs4872386,0.062
8,25892142,rs11135910,8,25901967,8:25901967:CT:C,0.067
8,25892142,rs11135910,8,25901972,8:25901972:T:A,0.067
8,25892142,rs11135910,8,25902171,rs11135911,0.062
8,25892142,rs11135910,8,25902501,rs7007677,0.062
8,25892142,rs11135910,8,25902792,rs34475366,0.061
8,25892142,rs11135910,8,25902876,rs372748122,0.068
8,25892142,rs11135910,8,25903178,rs901176,0.062
8,25892142,rs11135910,8,25903179,rs901175,0.062
8,25892142,rs11135910,8,25903383,rs1077670,0.062
8,25892142,rs11135910,8,25903453,rs1077669,0.062
8,25892142,rs11135910,8,25903639,rs1077668,0.062
8,25892142,rs11135910,8,25903768,rs1077671,0.062
8,25892142,rs11135910,8,25904388,rs9314318,0.062
8,25892142,rs11135910,8,25904488,rs1008974,0.062
8,25892142,rs11135910,8,25904764,rs1008975,0.078
8,25892142,rs11135910,8,25905606,rs10105669,0.061
8,25892142,rs11135910,8,25905963,rs28416181,0.061
8,25892142,rs11135910,8,25906097,rs2874611,0.061
8,25892142,rs11135910,8,25907873,chr8_25907873_C_T,0.054
8,25892142,rs11135910,8,25908380,rs114460530,0.067
8,25892142,rs11135910,8,25908617,rs146289970,0.067
8,25892142,rs11135910,8,25908797,rs4871964,0.061
8,25892142,rs11135910,8,25908804,rs1471809,0.076
8,25892142,rs11135910,8,25909499,rs4872389,0.056
8,25892142,rs11135910,8,25909617,rs138687682,0.067
8,25892142,rs11135910,8,25910156,rs6984769,0.926
8,25892142,rs11135910,8,25910246,rs35297414,0.146
8,25892142,rs11135910,8,25910583,rs71216411,0.095
8,25892142,rs11135910,8,25910863,rs149344647,0.067
8,25892142,rs11135910,8,25910975,rs4872390,0.18
8,25892142,rs11135910,8,25911192,rs11135913,0.183
8,25892142,rs11135910,8,25911467,rs11135915,0.063
8,25892142,rs11135910,8,25911841,rs57228146,0.241
8,25892142,rs11135910,8,25911903,rs2321724,0.241
8,25892142,rs11135910,8,25911975,rs73227978,0.144
8,25892142,rs11135910,8,25912059,rs2321725,0.241
8,25892142,rs11135910,8,25912284,rs5890282,0.409
8,25892142,rs11135910,8,25912666,chr8_25912666_A_T,0.143
8,25892142,rs11135910,8,25913258,rs11778076,0.062
8,25892142,rs11135910,8,25913909,rs60605919,0.052
8,25892142,rs11135910,8,25914256,rs146714349,0.065
8,25892142,rs11135910,8,25914671,rs36068679,0.138
8,25892142,rs11135910,8,25914928,rs7011265,0.806
8,25892142,rs11135910,8,25915378,chr8_25915378_A_G,0.802
8,25892142,rs11135910,8,25916018,rs4612354,0.063
8,25892142,rs11135910,8,25916162,rs35819048,0.136
8,25892142,rs11135910,8,25916873,rs17241099,0.137
8,25892142,rs11135910,8,25916964,rs7824253,0.801
8,25892142,rs11135910,8,25917314,rs5890284,0.066
8,25892142,rs11135910,8,25917508,rs6557877,0.802
8,25892142,rs11135910,8,25917711,rs4872393,0.053
8,25892142,rs11135910,8,25917876,chr8_25917876_C_T,0.801
8,25892142,rs11135910,8,25917995,chr8_25917995_A_G,0.801
8,25892142,rs11135910,8,25918120,chr8_25918120_C_T,0.801
8,25892142,rs11135910,8,25918463,rs1843400,0.136
8,25892142,rs11135910,8,25918507,rs980723,0.062
8,25892142,rs11135910,8,25918684,rs2321727,0.062
8,25892142,rs11135910,8,25918732,rs980724,0.052
8,25892142,rs11135910,8,25919475,chr8_25919475_C_G,0.659
8,25892142,rs11135910,8,25919515,chr8_25919515_C_T,0.661
8,25892142,rs11135910,8,25920003,rs57222145,0.803
8,25892142,rs11135910,8,25920295,rs6557880,0.154
8,25892142,rs11135910,8,25921153,rs34188729,0.155
8,25892142,rs11135910,8,25922078,chr8_25922078_C_T,0.656
8,25892142,rs11135910,8,25922546,chr8_25922546_C_T,0.655
8,25892142,rs11135910,8,25922641,rs2321728,0.155
8,25892142,rs11135910,8,25922911,rs7836754,0.056
8,25892142,rs11135910,8,25923948,rs7016871,0.056
8,25892142,rs11135910,8,25924029,rs6993325,0.454
8,25892142,rs11135910,8,25924157,chr8_25924157_C_G,0.656
8,25892142,rs11135910,8,25924207,chr8_25924207_C_G,0.656
8,25892142,rs11135910,8,25924420,chr8_25924420_C_T,0.656
8,25892142,rs11135910,8,25924981,rs7815775,0.057
8,25892142,rs11135910,8,25925835,rs55641392,0.16
8,25892142,rs11135910,8,25925883,rs62499151,0.654
8,25892142,rs11135910,8,25926560,chr8_25926560_G_T,0.795
8,25892142,rs11135910,8,25926986,rs6557881,0.057
8,25892142,rs11135910,8,25927697,chr8_25927697_C_T,0.655
8,25892142,rs11135910,8,25927763,chr8_25927764_C_INDEL,0.655
8,25892142,rs11135910,8,25927863,chr8_25927863_A_G,0.646
8,25892142,rs11135910,8,25928283,rs62501775,0.647
8,25892142,rs11135910,8,25928397,rs7815594,0.057
8,25892142,rs11135910,8,25928431,rs7828852,0.05
8,25892142,rs11135910,8,25929365,chr8_25929365_A_C,0.646
8,25892142,rs11135910,8,25929867,rs62501776,0.787
8,25892142,rs11135910,8,25930846,rs62501777,0.056
8,25892142,rs11135910,8,25931974,rs57771175,0.062
8,25892142,rs11135910,8,25932748,rs35856884,0.152
8,25892142,rs11135910,8,25932777,rs62501779,0.46
8,25892142,rs11135910,8,25933140,chr8_25933140_C_T,0.783
8,25892142,rs11135910,8,25933255,chr8_25933255_C_G,0.784
8,25892142,rs11135910,8,25933257,rs936825,0.213
8,25892142,rs11135910,8,25933347,rs936826,0.156
8,25892142,rs11135910,8,25933389,rs62501780,0.786
8,25892142,rs11135910,8,25934423,chr8_25934423_A_G,0.519
8,25892142,rs11135910,8,25934684,rs17819816,0.784
8,25892142,rs11135910,8,25935021,rs35469333,0.158
8,25892142,rs11135910,8,25985226,chr8_25985226_A_C,0.073
8,25894201,rs74273823,8,25794471,chr8_25794471_A_INDEL,0.053
8,25894201,rs74273823,8,25810869,chr8_25810869_A_C,0.064
8,25894201,rs74273823,8,25834151,rs5890272,0.069
8,25894201,rs74273823,8,25834167,rs883771,0.07
8,25894201,rs74273823,8,25834716,chr8_25834716_A_G,0.081
8,25894201,rs74273823,8,25835942,chr8_25835942_C_T,0.104
8,25894201,rs74273823,8,25845224,chr8_25845224_C_T,0.173
8,25894201,rs74273823,8,25860082,rs33923692,0.086
8,25894201,rs74273823,8,25860709,rs4573292,0.084
8,25894201,rs74273823,8,25861724,rs62499122,0.139
8,25894201,rs74273823,8,25861978,rs13254210,0.08
8,25894201,rs74273823,8,25862355,rs58293411,0.139
8,25894201,rs74273823,8,25862499,rs62499124,0.139
8,25894201,rs74273823,8,25862812,8:25862812:T:A,0.135
8,25894201,rs74273823,8,25863992,chr8_25863992_A_C,0.081
8,25894201,rs74273823,8,25864344,rs1385730,0.139
8,25894201,rs74273823,8,25864344,rs1385730,0.08
8,25894201,rs74273823,8,25867198,chr8_25867198_C_G,0.142
8,25894201,rs74273823,8,25867383,rs901177,0.142
8,25894201,rs74273823,8,25869330,rs117473730,0.099
8,25894201,rs74273823,8,25869608,chr8_25869608_C_T,0.3
8,25894201,rs74273823,8,25869711,chr8_25869711_C_T,0.093
8,25894201,rs74273823,8,25869935,chr8_25869935_A_C,0.293
8,25894201,rs74273823,8,25870252,rs1485748,0.082
8,25894201,rs74273823,8,25871350,rs7003404,0.245
8,25894201,rs74273823,8,25871721,chr8_25871721_G_T,0.292
8,25894201,rs74273823,8,25872634,chr8_25872634_A_G,0.245
8,25894201,rs74273823,8,25875310,rs1485749,0.072
8,25894201,rs74273823,8,25875628,rs71730646,0.231
8,25894201,rs74273823,8,25876812,rs11412417,0.298
8,25894201,rs74273823,8,25877050,chr8_25877050_C_T,0.103
8,25894201,rs74273823,8,25877217,chr8_25877217_C_T,0.075
8,25894201,rs74273823,8,25877319,rs56084268,0.274
8,25894201,rs74273823,8,25878272,rs139732530,0.479
8,25894201,rs74273823,8,25878995,rs951914,0.067
8,25894201,rs74273823,8,25880400,rs7008914,0.056
8,25894201,rs74273823,8,25881623,chr8_25881623_C_T,0.604
8,25894201,rs74273823,8,25881938,chr8_25881938_C_T,0.579
8,25894201,rs74273823,8,25883604,rs62499129,0.606
8,25894201,rs74273823,8,25883701,8:25883701:AT:ATT,0.671
8,25894201,rs74273823,8,25883802,chr8_25883802_C_T,0.668
8,25894201,rs74273823,8,25884577,chr8_25884577_C_T,0.668
8,25894201,rs74273823,8,25887959,rs75027094,0.678
8,25894201,rs74273823,8,25888110,rs10086575,0.057
8,25894201,rs74273823,8,25888552,chr8_25888552_A_G,0.676
8,25894201,rs74273823,8,25889267,rs7834679,0.058
8,25894201,rs74273823,8,25889309,chr8_25889309_A_C,0.675
8,25894201,rs74273823,8,25889446,rs7821832,0.058
8,25894201,rs74273823,8,25889501,rs7835016,0.052
8,25894201,rs74273823,8,25889606,rs34726834,0.057
8,25894201,rs74273823,8,25889944,rs36125326,0.68
8,25894201,rs74273823,8,25890549,rs7826952,0.057
8,25894201,rs74273823,8,25891261,rs78557218,0.682
8,25894201,rs74273823,8,25891653,rs6997996,0.057
8,25894201,rs74273823,8,25891729,rs1485744,0.753
8,25894201,rs74273823,8,25891729,rs1485744,0.975
8,25894201,rs74273823,8,25891748,rs1485743,0.148
8,25894201,rs74273823,8,25891983,rs17818797,0.148
8,25894201,rs74273823,8,25892142,rs11135910,0.88
8,25894201,rs74273823,8,25892684,rs13256044,0.147
8,25894201,rs74273823,8,25892919,rs28692966,0.057
8,25894201,rs74273823,8,25893271,chr8_25893271_C_T,0.287
8,25894201,rs74273823,8,25894201,rs74273823,1
8,25894201,rs74273823,8,25894275,rs901178,0.058
8,25894201,rs74273823,8,25894943,chr8_25894943_C_T,0.065
8,25894201,rs74273823,8,25895899,rs1352026,0.057
8,25894201,rs74273823,8,25896005,chr8_25896005_G_T,0.201
8,25894201,rs74273823,8,25898316,rs12544694,0.056
8,25894201,rs74273823,8,25898565,chr8_25898565_G_T,0.923
8,25894201,rs74273823,8,25900405,rs73563812,0.054
8,25894201,rs74273823,8,25900675,rs6557876,0.058
8,25894201,rs74273823,8,25900778,chr8_25900778_A_C,0.914
8,25894201,rs74273823,8,25900969,rs7002640,0.057
8,25894201,rs74273823,8,25901557,chr8_25901557_A_G,0.913
8,25894201,rs74273823,8,25901579,rs1466562,0.057
8,25894201,rs74273823,8,25901840,rs4872386,0.057
8,25894201,rs74273823,8,25902171,rs11135911,0.057
8,25894201,rs74273823,8,25902501,rs7007677,0.057
8,25894201,rs74273823,8,25902792,rs34475366,0.056
8,25894201,rs74273823,8,25903178,rs901176,0.057
8,25894201,rs74273823,8,25903179,rs901175,0.057
8,25894201,rs74273823,8,25903383,rs1077670,0.057
8,25894201,rs74273823,8,25903453,rs1077669,0.057
8,25894201,rs74273823,8,25903639,rs1077668,0.057
8,25894201,rs74273823,8,25903768,rs1077671,0.057
8,25894201,rs74273823,8,25904388,rs9314318,0.057
8,25894201,rs74273823,8,25904488,rs1008974,0.057
8,25894201,rs74273823,8,25904764,rs1008975,0.103
8,25894201,rs74273823,8,25905606,rs10105669,0.057
8,25894201,rs74273823,8,25905963,rs28416181,0.056
8,25894201,rs74273823,8,25906097,rs2874611,0.057
8,25894201,rs74273823,8,25907873,chr8_25907873_C_T,0.078
8,25894201,rs74273823,8,25908797,rs4871964,0.056
8,25894201,rs74273823,8,25908804,rs1471809,0.101
8,25894201,rs74273823,8,25909499,rs4872389,0.051
8,25894201,rs74273823,8,25910156,rs6984769,0.82
8,25894201,rs74273823,8,25910246,rs35297414,0.135
8,25894201,rs74273823,8,25910583,rs71216411,0.084
8,25894201,rs74273823,8,25910975,rs4872390,0.151
8,25894201,rs74273823,8,25911192,rs11135913,0.153
8,25894201,rs74273823,8,25911467,rs11135915,0.058
8,25894201,rs74273823,8,25911841,rs57228146,0.211
8,25894201,rs74273823,8,25911903,rs2321724,0.211
8,25894201,rs74273823,8,25911975,rs73227978,0.132
8,25894201,rs74273823,8,25912059,rs2321725,0.211
8,25894201,rs74273823,8,25912284,rs5890282,0.378
8,25894201,rs74273823,8,25912666,chr8_25912666_A_T,0.131
8,25894201,rs74273823,8,25913258,rs11778076,0.058
8,25894201,rs74273823,8,25914671,rs36068679,0.126
8,25894201,rs74273823,8,25914928,rs7011265,0.878
8,25894201,rs74273823,8,25915378,chr8_25915378_A_G,0.873
8,25894201,rs74273823,8,25916018,rs4612354,0.059
8,25894201,rs74273823,8,25916162,rs35819048,0.125
8,25894201,rs74273823,8,25916873,rs17241099,0.125
8,25894201,rs74273823,8,25916964,rs7824253,0.872
8,25894201,rs74273823,8,25917314,rs5890284,0.092
8,25894201,rs74273823,8,25917508,rs6557877,0.873
8,25894201,rs74273823,8,25917711,rs4872393,0.05
8,25894201,rs74273823,8,25917876,chr8_25917876_C_T,0.872
8,25894201,rs74273823,8,25917995,chr8_25917995_A_G,0.872
8,25894201,rs74273823,8,25918120,chr8_25918120_C_T,0.872
8,25894201,rs74273823,8,25918463,rs1843400,0.125
8,25894201,rs74273823,8,25918507,rs980723,0.087
8,25894201,rs74273823,8,25918684,rs2321727,0.088
8,25894201,rs74273823,8,25918732,rs980724,0.051
8,25894201,rs74273823,8,25919475,chr8_25919475_C_G,0.722
8,25894201,rs74273823,8,25919515,chr8_25919515_C_T,0.723
8,25894201,rs74273823,8,25920003,rs57222145,0.874
8,25894201,rs74273823,8,25920295,rs6557880,0.14
8,25894201,rs74273823,8,25921153,rs34188729,0.142
8,25894201,rs74273823,8,25922078,chr8_25922078_C_T,0.718
8,25894201,rs74273823,8,25922546,chr8_25922546_C_T,0.718
8,25894201,rs74273823,8,25922641,rs2321728,0.142
8,25894201,rs74273823,8,25922911,rs7836754,0.054
8,25894201,rs74273823,8,25923948,rs7016871,0.054
8,25894201,rs74273823,8,25924029,rs6993325,0.422
8,25894201,rs74273823,8,25924157,chr8_25924157_C_G,0.718
8,25894201,rs74273823,8,25924207,chr8_25924207_C_G,0.718
8,25894201,rs74273823,8,25924420,chr8_25924420_C_T,0.718
8,25894201,rs74273823,8,25924981,rs7815775,0.054
8,25894201,rs74273823,8,25925835,rs55641392,0.176
8,25894201,rs74273823,8,25925883,rs62499151,0.716
8,25894201,rs74273823,8,25926560,chr8_25926560_G_T,0.865
8,25894201,rs74273823,8,25926986,rs6557881,0.055
8,25894201,rs74273823,8,25927697,chr8_25927697_C_T,0.717
8,25894201,rs74273823,8,25927763,chr8_25927764_C_INDEL,0.717
8,25894201,rs74273823,8,25927863,chr8_25927863_A_G,0.707
8,25894201,rs74273823,8,25928283,rs62501775,0.708
8,25894201,rs74273823,8,25928397,rs7815594,0.055
8,25894201,rs74273823,8,25929365,chr8_25929365_A_C,0.707
8,25894201,rs74273823,8,25929867,rs62501776,0.857
8,25894201,rs74273823,8,25930846,rs62501777,0.057
8,25894201,rs74273823,8,25931974,rs57771175,0.059
8,25894201,rs74273823,8,25932748,rs35856884,0.14
8,25894201,rs74273823,8,25932777,rs62501779,0.528
8,25894201,rs74273823,8,25933140,chr8_25933140_C_T,0.853
8,25894201,rs74273823,8,25933255,chr8_25933255_C_G,0.853
8,25894201,rs74273823,8,25933257,rs936825,0.186
8,25894201,rs74273823,8,25933347,rs936826,0.143
8,25894201,rs74273823,8,25933389,rs62501780,0.856
8,25894201,rs74273823,8,25934423,chr8_25934423_A_G,0.573
8,25894201,rs74273823,8,25934684,rs17819816,0.853
8,25894201,rs74273823,8,25935021,rs35469333,0.147
8,25894201,rs74273823,8,25985226,chr8_25985226_A_C,0.079
