CHR_A,BP_A,SNP_A,CHR_B,BP_B,SNP_B,R2
9,110145833,rs138284905,9,110105592,rs817850,0.054
9,110145833,rs138284905,9,110105646,rs200177775,0.05
9,110145833,rs138284905,9,110106222,rs817852,0.052
9,110145833,rs138284905,9,110142648,rs817864,0.998
9,110145833,rs138284905,9,110142681,rs151209162,0.508
9,110145833,rs138284905,9,110142697,rs60716660,0.991
9,110145833,rs138284905,9,110143361,rs11791699,0.505
9,110145833,rs138284905,9,110143699,rs817865,1
9,110145833,rs138284905,9,110143731,rs817866,1
9,110145833,rs138284905,9,110143885,rs843866,1
9,110145833,rs138284905,9,110144071,rs817867,1
9,110145833,rs138284905,9,110144292,rs1746814,1
9,110145833,rs138284905,9,110144296,rs1771721,0.941
9,110145833,rs138284905,9,110144329,rs11792269,0.505
9,110145833,rs138284905,9,110144387,rs817868,1
9,110145833,rs138284905,9,110144435,rs817869,1
9,110145833,rs138284905,9,110144688,rs817870,0.999
9,110145833,rs138284905,9,110144872,rs817871,1
9,110145833,rs138284905,9,110144887,rs817872,0.999
9,110145833,rs138284905,9,110144946,rs7870307,1
9,110145833,rs138284905,9,110145061,rs4366138,1
9,110145833,rs138284905,9,110145097,rs2417788,1
9,110145833,rs138284905,9,110145201,rs1746815,1
9,110145833,rs138284905,9,110145221,rs75989251,0.102
9,110145833,rs138284905,9,110145326,rs1746816,1
9,110145833,rs138284905,9,110145381,rs1746817,1
9,110145833,rs138284905,9,110145733,rs1771727,1
9,110145833,rs138284905,9,110145833,rs138284905,1
9,110145833,rs138284905,9,110145834,rs67131978,1
9,110145833,rs138284905,9,110145836,rs10978819,0.565
9,110145833,rs138284905,9,110145836,rs557940182,1
9,110145833,rs138284905,9,110146233,rs1323804,1
9,110145833,rs138284905,9,110146297,rs1323805,1
9,110145833,rs138284905,9,110146469,rs12348903,0.997
9,110145833,rs138284905,9,110146479,rs12336356,0.997
9,110145833,rs138284905,9,110146489,rs10978820,0.996
9,110145833,rs138284905,9,110146630,rs4978922,1
9,110145833,rs138284905,9,110146778,rs4978923,0.999
9,110145833,rs138284905,9,110146838,rs4978924,0.999
9,110145833,rs138284905,9,110147014,rs72740111,0.507
9,110145833,rs138284905,9,110147054,rs10114711,1
9,110145833,rs138284905,9,110147240,rs10123735,0.998
9,110145833,rs138284905,9,110147391,rs28649013,0.974
9,110145833,rs138284905,9,110147395,rs28483240,0.932
9,110145833,rs138284905,9,110147447,rs12156485,0.975
9,110145833,rs138284905,9,110147502,rs12156453,0.975
9,110145833,rs138284905,9,110147558,rs1746818,0.293
9,110145833,rs138284905,9,110147599,rs11794415,0.998
9,110145833,rs138284905,9,110147625,rs1617227,0.975
9,110145833,rs138284905,9,110147803,rs1746820,0.293
9,110145833,rs138284905,9,110147905,rs1746821,0.975
9,110145833,rs138284905,9,110148185,rs1746822,0.975
9,110145833,rs138284905,9,110148310,rs1746823,0.973
9,110145833,rs138284905,9,110148372,rs1746824,0.975
9,110145833,rs138284905,9,110148556,rs1746825,0.975
9,110145833,rs138284905,9,110148591,rs1771726,0.975
9,110145833,rs138284905,9,110148813,rs1771725,0.975
9,110145833,rs138284905,9,110148891,rs1746826,0.975
9,110145833,rs138284905,9,110149168,rs1746827,0.974
9,110145833,rs138284905,9,110149253,rs1771724,0.998
9,110145833,rs138284905,9,110149312,rs1746828,0.997
9,110145833,rs138284905,9,110149342,rs1746829,0.974
9,110145833,rs138284905,9,110149386,rs1746830,0.997
9,110145833,rs138284905,9,110149469,rs10978825,0.502
9,110145833,rs138284905,9,110149852,rs11792584,0.516
9,110145833,rs138284905,9,110149961,rs11792566,0.518
9,110145833,rs138284905,9,110149962,rs11792608,0.517
9,110145833,rs138284905,9,110149993,rs11792618,0.518
9,110145833,rs138284905,9,110150168,rs1771723,0.921
9,110145833,rs138284905,9,110150220,rs201208169,0.318
9,110145833,rs138284905,9,110150343,rs34230749,0.498
9,110145833,rs138284905,9,110150659,rs1622267,0.315
9,110145833,rs138284905,9,110151135,rs1771720,0.315
9,110145833,rs138284905,9,110151379,rs1771718,0.913
9,110145833,rs138284905,9,110151512,rs1771717,0.292
9,110145833,rs138284905,9,110151573,rs1771716,0.309
9,110145833,rs138284905,9,110151614,rs1746831,0.986
9,110145833,rs138284905,9,110151668,rs1771715,0.314
9,110145833,rs138284905,9,110151771,rs817834,0.291
9,110145833,rs138284905,9,110152533,rs7029300,0.298
9,110145833,rs138284905,9,110152904,rs35164983,0.109
9,110145833,rs138284905,9,110152977,rs817833,0.244
9,110145833,rs138284905,9,110153336,rs817832,0.467
9,110145833,rs138284905,9,110154421,rs817830,0.07
9,110145833,rs138284905,9,110154852,rs7032948,0.188
9,110145833,rs138284905,9,110155185,rs1746832,0.269
9,110145833,rs138284905,9,110155188,rs1771714,0.071
9,110145833,rs138284905,9,110155358,rs817829,0.235
9,110145833,rs138284905,9,110155741,rs72607152,0.193
9,110145833,rs138284905,9,110156151,rs817828,0.055
9,110145833,rs138284905,9,110156279,rs817827,0.219
9,110145833,rs138284905,9,110156984,rs817825,0.222
9,110145833,rs138284905,9,110157834,rs10978829,0.09
9,110145833,rs138284905,9,110158681,rs72607153,0.125
9,110145833,rs138284905,9,110159566,rs817824,0.302
9,110145833,rs138284905,9,110159597,chr9_110159598_INDEL_T,0.087
9,110145833,rs138284905,9,110163363,rs77594017,0.204
9,110145833,rs138284905,9,110165440,rs10978832,0.138
9,110145833,rs138284905,9,110166357,rs10816501,0.253
9,110145833,rs138284905,9,110166613,rs58560378,0.112
9,110145833,rs138284905,9,110166661,rs1891024,0.253
9,110145833,rs138284905,9,110166861,rs1891025,0.233
9,110145833,rs138284905,9,110167768,rs947125,0.109
9,110145833,rs138284905,9,110168081,rs10123682,0.09
9,110145833,rs138284905,9,110168263,rs35184701,0.19
9,110145833,rs138284905,9,110168438,rs10978837,0.056
9,110145833,rs138284905,9,110168559,rs67372670,0.127
9,110145833,rs138284905,9,110168617,rs16912495,0.063
9,110145833,rs138284905,9,110168751,rs72607154,0.099
9,110145833,rs138284905,9,110169147,9:110169147:C:CA,0.082
9,110145833,rs138284905,9,110169470,rs7867845,0.115
9,110145833,rs138284905,9,110170018,rs10816503,0.05
9,110145833,rs138284905,9,110170825,rs10978839,0.198
9,110145833,rs138284905,9,110171650,rs145631354,0.165
9,110145833,rs138284905,9,110172896,rs72607155,0.16
9,110145833,rs138284905,9,110173777,rs10816504,0.182
9,110145833,rs138284905,9,110174199,rs7047540,0.182
9,110145833,rs138284905,9,110174842,rs61530205,0.102
9,110145833,rs138284905,9,110174991,rs16912496,0.118
9,110145833,rs138284905,9,110179537,rs2417790,0.12
9,110145833,rs138284905,9,110179986,rs3983595,0.172
9,110145833,rs138284905,9,110181680,rs113082198,0.1
9,110145833,rs138284905,9,110181705,rs7036360,0.235
9,110145833,rs138284905,9,110182049,rs60026892,0.072
9,110145833,rs138284905,9,110182183,rs57905593,0.073
9,110145833,rs138284905,9,110185695,rs12336348,0.067
9,110156300,rs817826,9,110010028,rs7873080,0.056
9,110156300,rs817826,9,110010029,rs7873081,0.056
9,110156300,rs817826,9,110010468,rs10978770,0.056
9,110156300,rs817826,9,110012041,rs1535766,0.057
9,110156300,rs817826,9,110062591,rs11573660,0.074
9,110156300,rs817826,9,110111785,rs12336418,0.262
9,110156300,rs817826,9,110136458,rs74877358,0.114
9,110156300,rs817826,9,110152904,rs35164983,0.059
9,110156300,rs817826,9,110156151,rs817828,0.46
9,110156300,rs817826,9,110156279,rs817827,0.198
9,110156300,rs817826,9,110156300,rs817826,1
9,110156300,rs817826,9,110185017,rs35936672,0.06
9,110156300,rs817826,9,110187599,rs74876868,0.247
9,110156300,rs817826,9,110192344,rs79831360,0.252
9,110156300,rs817826,9,110214347,rs10759237,0.07
9,110156300,rs817826,9,110214615,rs12555837,0.08
9,110156300,rs817826,9,110221958,rs61070358,0.058
