CHR_A,BP_A,SNP_A,CHR_B,BP_B,SNP_B,R2
9,21956230,rs9657608,9,21948666,rs10965197,0.08
9,21956230,rs9657608,9,21949527,rs2106117,0.148
9,21956230,rs9657608,9,21949528,rs2106118,0.148
9,21956230,rs9657608,9,21950523,rs2382894,0.153
9,21956230,rs9657608,9,21951902,rs12349081,0.938
9,21956230,rs9657608,9,21953137,chr9_21953137_A_G,0.176
9,21956230,rs9657608,9,21954071,c9_pos21944071,0.895
9,21956230,rs9657608,9,21954953,rs10757261,0.156
9,21956230,rs9657608,9,21955460,rs12335859,0.94
9,21956230,rs9657608,9,21955669,chr9_21955669_A_G,0.176
9,21956230,rs9657608,9,21956230,rs9657608,1
9,21956230,rs9657608,9,21958524,rs717326,0.98
9,21956230,rs9657608,9,21959751,rs2518717,0.162
9,21956230,rs9657608,9,21959860,rs148891771,0.946
9,21956230,rs9657608,9,21961227,rs1985742,0.183
9,21956230,rs9657608,9,21962977,rs145546943,0.897
9,21956230,rs9657608,9,21963048,rs2263146,0.161
9,21956230,rs9657608,9,21964331,rs140938832,0.896
9,21956230,rs9657608,9,21964866,rs77560034,0.897
9,21956230,rs9657608,9,21964882,rs3057314,0.185
9,21956230,rs9657608,9,21968159,rs3088440,0.89
9,21956230,rs9657608,9,21975017,chr9_21975017_C_T,0.144
9,21956230,rs9657608,9,21978979,chr9_21978979_C_T,0.156
9,21956230,rs9657608,9,21981583,rs4074785,0.873
9,21956230,rs9657608,9,21991371,rs3731197,0.146
9,21956230,rs9657608,9,21991923,rs2811710,0.149
9,21956230,rs9657608,9,21995882,rs2518723,0.066
9,21956230,rs9657608,9,21998660,rs3218012,0.087
9,21956230,rs9657608,9,22003223,rs3217992,0.055
9,21956230,rs9657608,9,22003298,rs34503303,0.054
9,21956230,rs9657608,9,22005330,rs3217986,0.835
9,21956230,rs9657608,9,22007357,rs3217977,0.055
9,21956230,rs9657608,9,22009698,rs2069418,0.053
9,21956230,rs9657608,9,22012422,rs545226,0.062
9,21956230,rs9657608,9,22013411,rs10811640,0.084
9,21956230,rs9657608,9,22013805,rs10757263,0.084
9,21956230,rs9657608,9,22014137,rs10811641,0.051
9,21956230,rs9657608,9,22016173,rs10217269,0.726
9,21956230,rs9657608,9,22016617,rs10217281,0.084
9,21956230,rs9657608,9,22017101,rs2106120,0.084
9,21956230,rs9657608,9,22017550,rs2106119,0.083
9,21956230,rs9657608,9,22017836,rs643319,0.061
9,21956230,rs9657608,9,22018781,rs7044859,0.084
9,21956230,rs9657608,9,22019129,rs523096,0.052
9,21956230,rs9657608,9,22019673,rs518394,0.051
9,21956230,rs9657608,9,22019732,rs10757264,0.071
9,21956230,rs9657608,9,22020493,rs490005,0.069
9,21956230,rs9657608,9,22021615,rs568447,0.068
9,21956230,rs9657608,9,22021737,rs567453,0.061
9,21956230,rs9657608,9,22023795,rs10965212,0.074
9,21956230,rs9657608,9,22024023,rs504318,0.06
9,21956230,rs9657608,9,22024351,rs496892,0.061
9,21956230,rs9657608,9,22024966,rs10811643,0.082
9,21956230,rs9657608,9,22025067,rs10811644,0.082
9,21956230,rs9657608,9,22025240,rs7035484,0.082
9,21956230,rs9657608,9,22025493,rs10738604,0.051
9,21956230,rs9657608,9,22026077,rs615552,0.05
9,21956230,rs9657608,9,22026834,rs1591136,0.074
9,21956230,rs9657608,9,22028801,rs7049105,0.074
9,21956230,rs9657608,9,22029057,rs201049435,0.066
9,21956230,rs9657608,9,22029445,rs10965215,0.075
9,21956230,rs9657608,9,22030027,rs4977753,0.075
9,21956230,rs9657608,9,22030827,chr9_22030827_A_C,0.099
9,21956230,rs9657608,9,22032119,rs10115049,0.074
9,21956230,rs9657608,9,22034719,OncoSet2151280,0.075
9,21956230,rs9657608,9,22041443,rs1360590,0.074
9,21956230,rs9657608,9,22042086,rs12352425,0.825
9,21956230,rs9657608,9,22043819,rs1333036,0.075
9,21956230,rs9657608,9,22047945,rs10120806,0.074
9,21956230,rs9657608,9,22048391,rs7027950,0.074
9,21956230,rs9657608,9,22048414,rs7028268,0.057
9,21956230,rs9657608,9,22048683,rs7028570,0.074
9,21956230,rs9657608,9,22048859,rs10757265,0.074
9,21956230,rs9657608,9,22049130,rs10738605,0.077
9,21956230,rs9657608,9,22049555,rs10757266,0.074
9,21956230,rs9657608,9,22049656,rs10811645,0.073
9,21956230,rs9657608,9,22049891,rs34360807,0.074
9,21956230,rs9657608,9,22050613,rs944799,0.073
9,21956230,rs9657608,9,22052068,rs62560775,0.757
9,21956230,rs9657608,9,22052810,rs10757267,0.072
9,21956230,rs9657608,9,22053687,rs10965219,0.072
9,21956230,rs9657608,9,22053709,rs7027048,0.072
9,21956230,rs9657608,9,22054690,rs7874604,0.072
9,21956230,rs9657608,9,22055048,rs2383204,0.072
9,21956230,rs9657608,9,22056499,rs10120688,0.068
9,21956230,rs9657608,9,22060833,rs77283072,0.264
9,21956230,rs9657608,9,22062012,rs4977754,0.252
9,21956230,rs9657608,9,22062134,chr9_22062134_G_T,0.25
9,21956230,rs9657608,9,22064562,rs76106677,0.207
9,21956230,rs9657608,9,22066572,rs28557075,0.606
9,21956230,rs9657608,9,22069144,rs16905599,0.608
9,21956230,rs9657608,9,22071750,rs4451405,0.051
9,21956230,rs9657608,9,22071751,rs4645630,0.051
9,21956230,rs9657608,9,22081796,rs10965227,0.151
9,21956230,rs9657608,9,22083209,rs62555368,0.062
9,21956230,rs9657608,9,22086826,rs66478960,0.169
9,22041998,rs17694493,9,21710618,rs113781284,0.052
9,22041998,rs17694493,9,21772086,rs80026621,0.081
9,22041998,rs17694493,9,21865929,rs80226037,0.082
9,22041998,rs17694493,9,21893252,rs75723156,0.083
9,22041998,rs17694493,9,21941315,rs74903566,0.226
9,22041998,rs17694493,9,21944317,rs4977750,0.204
9,22041998,rs17694493,9,21944627,rs4246843,0.219
9,22041998,rs17694493,9,21944818,rs4382559,0.222
9,22041998,rs17694493,9,21946322,rs2811717,0.201
9,22041998,rs17694493,9,21946891,rs2811718,0.232
9,22041998,rs17694493,9,21949527,rs2106117,0.066
9,22041998,rs17694493,9,21949528,rs2106118,0.066
9,22041998,rs17694493,9,21950472,rs2427853,0.379
9,22041998,rs17694493,9,21950523,rs2382894,0.066
9,22041998,rs17694493,9,21950782,rs2891092,0.108
9,22041998,rs17694493,9,21950879,rs4503179,0.108
9,22041998,rs17694493,9,21952926,rs2518722,0.114
9,22041998,rs17694493,9,21953137,chr9_21953137_A_G,0.063
9,22041998,rs17694493,9,21954953,rs10757261,0.066
9,22041998,rs17694493,9,21955669,chr9_21955669_A_G,0.063
9,22041998,rs17694493,9,21956078,rs2027938,0.137
9,22041998,rs17694493,9,21956470,rs2518716,0.383
9,22041998,rs17694493,9,21959751,rs2518717,0.068
9,22041998,rs17694493,9,21959900,rs2106115,0.112
9,22041998,rs17694493,9,21959966,rs2106116,0.112
9,22041998,rs17694493,9,21961227,rs1985742,0.065
9,22041998,rs17694493,9,21961866,rs7041637,0.05
9,22041998,rs17694493,9,21962012,c9_pos21952012,0.432
9,22041998,rs17694493,9,21962016,rs200823813,0.43
9,22041998,rs17694493,9,21962024,chr9_21962025_G_INDEL,0.432
9,22041998,rs17694493,9,21962025,chr9_21962025_A_G,0.431
9,22041998,rs17694493,9,21963048,rs2263146,0.068
9,22041998,rs17694493,9,21966527,rs56018935,0.485
9,22041998,rs17694493,9,21968199,GA007396,0.314
9,22041998,rs17694493,9,21970916,rs3731249,0.084
9,22041998,rs17694493,9,21971989,rs3731246,0.47
9,22041998,rs17694493,9,21973422,rs2811708,0.119
9,22041998,rs17694493,9,21975017,chr9_21975017_C_T,0.052
9,22041998,rs17694493,9,21975319,rs36228834,0.085
9,22041998,rs17694493,9,21976402,rs113650570,0.085
9,22041998,rs17694493,9,21978979,chr9_21978979_C_T,0.059
9,22041998,rs17694493,9,21979204,rs2518721,0.426
9,22041998,rs17694493,9,21980151,rs2811709,0.428
9,22041998,rs17694493,9,21980944,rs7874405,0.102
9,22041998,rs17694493,9,21980969,rs36168473,0.102
9,22041998,rs17694493,9,21981157,rs67497861,0.127
9,22041998,rs17694493,9,21981630,rs5896958,0.092
9,22041998,rs17694493,9,21986847,rs3731211,0.108
9,22041998,rs17694493,9,21987874,rs10757262,0.337
9,22041998,rs17694493,9,21988896,rs3731201,0.334
9,22041998,rs17694493,9,21990457,rs7036656,0.108
9,22041998,rs17694493,9,21991371,rs3731197,0.053
9,22041998,rs17694493,9,21991923,rs2811710,0.056
9,22041998,rs17694493,9,21995882,rs2518723,0.152
9,22041998,rs17694493,9,21995941,rs78545330,0.547
9,22041998,rs17694493,9,21996645,rs113646886,0.568
9,22041998,rs17694493,9,21997872,rs3218020,0.086
9,22041998,rs17694493,9,21998035,rs2811712,0.515
9,22041998,rs17694493,9,21998139,rs3218018,0.62
9,22041998,rs17694493,9,21998660,rs3218012,0.125
9,22041998,rs17694493,9,21998891,rs3218008,0.572
9,22041998,rs17694493,9,21999800,rs3218007,0.57
9,22041998,rs17694493,9,22000247,rs3218005,0.57
9,22041998,rs17694493,9,22000841,rs3218002,0.57
9,22041998,rs17694493,9,22003223,rs3217992,0.097
9,22041998,rs17694493,9,22003298,rs34503303,0.097
9,22041998,rs17694493,9,22006273,rs2069426,0.619
9,22041998,rs17694493,9,22006348,rs974336,0.569
9,22041998,rs17694493,9,22008026,rs2069422,0.559
9,22041998,rs17694493,9,22009987,rs2069417,0.576
9,22041998,rs17694493,9,22010004,rs2069416,0.081
9,22041998,rs17694493,9,22011083,rs76959412,0.096
9,22041998,rs17694493,9,22012422,rs545226,0.108
9,22041998,rs17694493,9,22012441,rs77920300,0.621
9,22041998,rs17694493,9,22012789,chr9_22012790_A_INDEL,0.571
9,22041998,rs17694493,9,22013411,rs10811640,0.13
9,22041998,rs17694493,9,22013805,rs10757263,0.13
9,22041998,rs17694493,9,22014137,rs10811641,0.091
9,22041998,rs17694493,9,22016617,rs10217281,0.128
9,22041998,rs17694493,9,22017101,rs2106120,0.13
9,22041998,rs17694493,9,22017332,chr9_22017333_A_INDEL,0.619
9,22041998,rs17694493,9,22017550,rs2106119,0.13
9,22041998,rs17694493,9,22017836,rs643319,0.169
9,22041998,rs17694493,9,22018781,rs7044859,0.13
9,22041998,rs17694493,9,22019732,rs10757264,0.148
9,22041998,rs17694493,9,22020493,rs490005,0.153
9,22041998,rs17694493,9,22021615,rs568447,0.12
9,22041998,rs17694493,9,22021737,rs567453,0.168
9,22041998,rs17694493,9,22023795,rs10965212,0.143
9,22041998,rs17694493,9,22024023,rs504318,0.168
9,22041998,rs17694493,9,22024351,rs496892,0.169
9,22041998,rs17694493,9,22024966,rs10811643,0.132
9,22041998,rs17694493,9,22025067,rs10811644,0.132
9,22041998,rs17694493,9,22025240,rs7035484,0.132
9,22041998,rs17694493,9,22025432,rs116729641,0.623
9,22041998,rs17694493,9,22025493,rs10738604,0.088
9,22041998,rs17694493,9,22025885,rs77284052,0.623
9,22041998,rs17694493,9,22026834,rs1591136,0.144
9,22041998,rs17694493,9,22027551,rs598664,0.56
9,22041998,rs17694493,9,22028801,rs7049105,0.144
9,22041998,rs17694493,9,22029057,rs201049435,0.142
9,22041998,rs17694493,9,22029445,rs10965215,0.142
9,22041998,rs17694493,9,22030027,rs4977753,0.143
9,22041998,rs17694493,9,22030438,rs662463,0.559
9,22041998,rs17694493,9,22032119,rs10115049,0.139
9,22041998,rs17694493,9,22033824,rs79985856,0.623
9,22041998,rs17694493,9,22034267,rs79182326,0.623
9,22041998,rs17694493,9,22034719,OncoSet2151280,0.142
9,22041998,rs17694493,9,22035579,rs78266932,0.13
9,22041998,rs17694493,9,22036055,rs78572337,0.13
9,22041998,rs17694493,9,22040839,rs76213463,0.624
9,22041998,rs17694493,9,22041155,rs80166549,0.625
9,22041998,rs17694493,9,22041443,rs1360590,0.145
9,22041998,rs17694493,9,22041998,rs17694493,1
9,22041998,rs17694493,9,22043612,rs1412830,0.092
9,22041998,rs17694493,9,22043819,rs1333036,0.145
9,22041998,rs17694493,9,22044059,rs1333035,0.52
9,22041998,rs17694493,9,22044122,rs1333034,0.562
9,22041998,rs17694493,9,22047945,rs10120806,0.143
9,22041998,rs17694493,9,22048391,rs7027950,0.142
9,22041998,rs17694493,9,22048414,rs7028268,0.097
9,22041998,rs17694493,9,22048683,rs7028570,0.142
9,22041998,rs17694493,9,22048859,rs10757265,0.142
9,22041998,rs17694493,9,22049130,rs10738605,0.14
9,22041998,rs17694493,9,22049555,rs10757266,0.143
9,22041998,rs17694493,9,22049656,rs10811645,0.144
9,22041998,rs17694493,9,22049891,rs34360807,0.143
9,22041998,rs17694493,9,22050613,rs944799,0.134
9,22041998,rs17694493,9,22051295,rs17694555,0.585
9,22041998,rs17694493,9,22052810,rs10757267,0.135
9,22041998,rs17694493,9,22053687,rs10965219,0.135
9,22041998,rs17694493,9,22053709,rs7027048,0.135
9,22041998,rs17694493,9,22053895,rs17756311,0.598
9,22041998,rs17694493,9,22054164,rs74655961,0.6
9,22041998,rs17694493,9,22054356,rs17694572,0.597
9,22041998,rs17694493,9,22054690,rs7874604,0.135
9,22041998,rs17694493,9,22054821,rs115939893,0.6
9,22041998,rs17694493,9,22055048,rs2383204,0.134
9,22041998,rs17694493,9,22056246,9:22056246:T:TC,0.613
9,22041998,rs17694493,9,22056499,rs10120688,0.092
9,22041998,rs17694493,9,22057530,rs77728904,0.503
9,22041998,rs17694493,9,22059061,rs115574830,0.57
9,22041998,rs17694493,9,22060833,rs77283072,0.227
9,22041998,rs17694493,9,22062134,chr9_22062134_G_T,0.242
9,22041998,rs17694493,9,22065002,rs10811647,0.066
9,22041998,rs17694493,9,22067593,rs10811650,0.067
9,22041998,rs17694493,9,22072719,rs10757270,0.061
9,22041998,rs17694493,9,22083994,rs72652409,0.267
9,22041998,rs17694493,9,22085028,rs72652411,0.25
9,22041998,rs17694493,9,22089106,rs72652428,0.118
9,22041998,rs17694493,9,22090530,9:22090530:C:G,0.264
9,22041998,rs17694493,9,22093462,9:22093462:T:G,0.212
9,22041998,rs17694493,9,22101267,rs202154206,0.259
9,22041998,rs17694493,9,22101270,rs200405832,0.259
9,22041998,rs17694493,9,22103183,rs1537372,0.051
9,22041998,rs17694493,9,22121357,rs72654280,0.406
9,22041998,rs17694493,9,22125913,rs1333050,0.064
9,22042086,rs12352425,9,21948666,rs10965197,0.077
9,22042086,rs12352425,9,21949527,rs2106117,0.12
9,22042086,rs12352425,9,21949528,rs2106118,0.12
9,22042086,rs12352425,9,21950523,rs2382894,0.124
9,22042086,rs12352425,9,21951902,rs12349081,0.776
9,22042086,rs12352425,9,21953137,chr9_21953137_A_G,0.145
9,22042086,rs12352425,9,21954071,c9_pos21944071,0.811
9,22042086,rs12352425,9,21954953,rs10757261,0.126
9,22042086,rs12352425,9,21955460,rs12335859,0.771
9,22042086,rs12352425,9,21955669,chr9_21955669_A_G,0.146
9,22042086,rs12352425,9,21956230,rs9657608,0.825
9,22042086,rs12352425,9,21958524,rs717326,0.815
9,22042086,rs12352425,9,21959751,rs2518717,0.133
9,22042086,rs12352425,9,21959860,rs148891771,0.783
9,22042086,rs12352425,9,21961227,rs1985742,0.154
9,22042086,rs12352425,9,21962977,rs145546943,0.828
9,22042086,rs12352425,9,21963048,rs2263146,0.134
9,22042086,rs12352425,9,21964331,rs140938832,0.831
9,22042086,rs12352425,9,21964866,rs77560034,0.833
9,22042086,rs12352425,9,21964882,rs3057314,0.159
9,22042086,rs12352425,9,21968159,rs3088440,0.838
9,22042086,rs12352425,9,21974218,rs3731239,0.052
9,22042086,rs12352425,9,21975017,chr9_21975017_C_T,0.147
9,22042086,rs12352425,9,21978979,chr9_21978979_C_T,0.154
9,22042086,rs12352425,9,21981583,rs4074785,0.932
9,22042086,rs12352425,9,21991371,rs3731197,0.148
9,22042086,rs12352425,9,21991923,rs2811710,0.152
9,22042086,rs12352425,9,21995882,rs2518723,0.086
9,22042086,rs12352425,9,21996623,rs35158895,0.061
9,22042086,rs12352425,9,21997479,rs34297943,0.062
9,22042086,rs12352425,9,21998660,rs3218012,0.116
9,22042086,rs12352425,9,21999328,9:21999328:GTATGT:ATATGT,0.059
9,22042086,rs12352425,9,22003223,rs3217992,0.055
9,22042086,rs12352425,9,22003298,rs34503303,0.054
9,22042086,rs12352425,9,22003367,rs1063192,0.071
9,22042086,rs12352425,9,22005330,rs3217986,0.975
9,22042086,rs12352425,9,22007357,rs3217977,0.079
9,22042086,rs12352425,9,22009698,rs2069418,0.076
9,22042086,rs12352425,9,22011642,rs573687,0.056
9,22042086,rs12352425,9,22012422,rs545226,0.062
9,22042086,rs12352425,9,22013411,rs10811640,0.113
9,22042086,rs12352425,9,22013805,rs10757263,0.113
9,22042086,rs12352425,9,22014137,rs10811641,0.05
9,22042086,rs12352425,9,22015465,rs1101330,0.059
9,22042086,rs12352425,9,22015997,rs1101329,0.065
9,22042086,rs12352425,9,22016173,rs10217269,0.862
9,22042086,rs12352425,9,22016617,rs10217281,0.113
9,22042086,rs12352425,9,22017101,rs2106120,0.113
9,22042086,rs12352425,9,22017550,rs2106119,0.113
9,22042086,rs12352425,9,22017836,rs643319,0.087
9,22042086,rs12352425,9,22018781,rs7044859,0.113
9,22042086,rs12352425,9,22019129,rs523096,0.075
9,22042086,rs12352425,9,22019673,rs518394,0.075
9,22042086,rs12352425,9,22019732,rs10757264,0.098
9,22042086,rs12352425,9,22020493,rs490005,0.096
9,22042086,rs12352425,9,22021172,rs597816,0.065
9,22042086,rs12352425,9,22021615,rs568447,0.067
9,22042086,rs12352425,9,22021737,rs567453,0.086
9,22042086,rs12352425,9,22022376,rs581876,0.059
9,22042086,rs12352425,9,22023795,rs10965212,0.102
9,22042086,rs12352425,9,22024023,rs504318,0.086
9,22042086,rs12352425,9,22024351,rs496892,0.086
9,22042086,rs12352425,9,22024966,rs10811643,0.112
9,22042086,rs12352425,9,22025067,rs10811644,0.111
9,22042086,rs12352425,9,22025240,rs7035484,0.111
9,22042086,rs12352425,9,22025493,rs10738604,0.052
9,22042086,rs12352425,9,22026077,rs615552,0.074
9,22042086,rs12352425,9,22026594,rs613312,0.068
9,22042086,rs12352425,9,22026639,rs543830,0.068
9,22042086,rs12352425,9,22026834,rs1591136,0.102
9,22042086,rs12352425,9,22027402,rs599452,0.068
9,22042086,rs12352425,9,22028212,rs142048183,0.068
9,22042086,rs12352425,9,22028801,rs7049105,0.102
9,22042086,rs12352425,9,22029057,rs201049435,0.092
9,22042086,rs12352425,9,22029080,rs679038,0.068
9,22042086,rs12352425,9,22029445,rs10965215,0.102
9,22042086,rs12352425,9,22029547,rs564398,0.068
9,22042086,rs12352425,9,22030027,rs4977753,0.103
9,22042086,rs12352425,9,22030827,chr9_22030827_A_C,0.114
9,22042086,rs12352425,9,22031005,rs7865618,0.07
9,22042086,rs12352425,9,22032119,rs10115049,0.101
9,22042086,rs12352425,9,22032152,rs634537,0.068
9,22042086,rs12352425,9,22033366,rs2157719,0.069
9,22042086,rs12352425,9,22034719,OncoSet2151280,0.102
9,22042086,rs12352425,9,22036112,rs1008878,0.07
9,22042086,rs12352425,9,22036367,rs1556515,0.07
9,22042086,rs12352425,9,22040765,rs1333037,0.07
9,22042086,rs12352425,9,22041443,rs1360590,0.103
9,22042086,rs12352425,9,22042086,rs12352425,1
9,22042086,rs12352425,9,22043612,rs1412830,0.056
9,22042086,rs12352425,9,22043819,rs1333036,0.103
9,22042086,rs12352425,9,22043926,rs1412829,0.068
9,22042086,rs12352425,9,22045317,rs1360589,0.069
9,22042086,rs12352425,9,22047945,rs10120806,0.101
9,22042086,rs12352425,9,22048391,rs7027950,0.102
9,22042086,rs12352425,9,22048414,rs7028268,0.058
9,22042086,rs12352425,9,22048683,rs7028570,0.101
9,22042086,rs12352425,9,22048859,rs10757265,0.101
9,22042086,rs12352425,9,22049130,rs10738605,0.105
9,22042086,rs12352425,9,22049482,rs34713115,0.068
9,22042086,rs12352425,9,22049555,rs10757266,0.101
9,22042086,rs12352425,9,22049656,rs10811645,0.1
9,22042086,rs12352425,9,22049891,rs34360807,0.1
9,22042086,rs12352425,9,22050613,rs944799,0.1
9,22042086,rs12352425,9,22051670,rs944801,0.068
9,22042086,rs12352425,9,22052068,rs62560775,0.899
9,22042086,rs12352425,9,22052734,rs6475604,0.068
9,22042086,rs12352425,9,22052810,rs10757267,0.099
9,22042086,rs12352425,9,22053687,rs10965219,0.099
9,22042086,rs12352425,9,22053709,rs7027048,0.099
9,22042086,rs12352425,9,22053956,rs10712703,0.068
9,22042086,rs12352425,9,22054040,rs7030641,0.069
9,22042086,rs12352425,9,22054690,rs7874604,0.099
9,22042086,rs12352425,9,22055048,rs2383204,0.099
9,22042086,rs12352425,9,22056295,rs7853090,0.067
9,22042086,rs12352425,9,22056359,rs7866783,0.066
9,22042086,rs12352425,9,22056499,rs10120688,0.094
9,22042086,rs12352425,9,22060833,rs77283072,0.327
9,22042086,rs12352425,9,22060935,rs2383205,0.059
9,22042086,rs12352425,9,22061562,rs2184061,0.06
9,22042086,rs12352425,9,22061614,rs1537378,0.059
9,22042086,rs12352425,9,22062012,rs4977754,0.3
9,22042086,rs12352425,9,22062134,chr9_22062134_G_T,0.311
9,22042086,rs12352425,9,22064391,rs8181050,0.059
9,22042086,rs12352425,9,22064562,rs76106677,0.245
9,22042086,rs12352425,9,22065657,rs1333039,0.06
9,22042086,rs12352425,9,22066211,rs145929329,0.06
9,22042086,rs12352425,9,22066363,rs4977755,0.06
9,22042086,rs12352425,9,22066572,rs28557075,0.735
9,22042086,rs12352425,9,22067004,rs10965223,0.06
9,22042086,rs12352425,9,22067276,rs10965224,0.06
9,22042086,rs12352425,9,22067542,rs10811648,0.06
9,22042086,rs12352425,9,22067554,rs10811649,0.06
9,22042086,rs12352425,9,22067830,rs10811651,0.06
9,22042086,rs12352425,9,22068652,rs4977756,0.06
9,22042086,rs12352425,9,22069144,rs16905599,0.737
9,22042086,rs12352425,9,22069354,rs35572758,0.06
9,22042086,rs12352425,9,22071750,rs4451405,0.061
9,22042086,rs12352425,9,22071751,rs4645630,0.062
9,22042086,rs12352425,9,22081796,rs10965227,0.187
9,22042086,rs12352425,9,22083209,rs62555368,0.071
9,22042086,rs12352425,9,22083404,rs1333040,0.052
9,22042086,rs12352425,9,22086826,rs66478960,0.209
9,22042086,rs12352425,9,22125913,rs1333050,0.056
