CHR_A,BP_A,SNP_A,CHR_B,BP_B,SNP_B,R2
23,52695895,rs5943724,23,52586545,rs5986148,0.946
23,52695895,rs5943724,23,52593207,rs6643518,0.819
23,52695895,rs5943724,23,52611810,rs12852971,0.819
23,52695895,rs5943724,23,52613835,rs5943648,0.126
23,52695895,rs5943724,23,52666564,rs5943715,0.976
23,52695895,rs5943724,23,52694660,rs5943723,0.997
23,52695895,rs5943724,23,52695895,rs5943724,1
23,52695895,rs5943724,23,52826118,rs6643562,0.436
23,52695895,rs5943724,23,52846508,rs4543711,0.101
23,52695895,rs5943724,23,52874735,rs142306807,0.101
23,52695895,rs5943724,23,52875887,rs113191483,0.101
23,52695895,rs5943724,23,52876371,rs201564676,0.101
23,52695895,rs5943724,23,52877918,rs143470704,0.101
23,52695895,rs5943724,23,52878147,rs111720584,0.101
23,52695895,rs5943724,23,52878272,rs113968011,0.101
23,52695895,rs5943724,23,52879413,rs112771604,0.101
23,52695895,rs5943724,23,52880664,rs112851863,0.101
23,52695895,rs5943724,23,52882194,rs144581553,0.1
23,52695895,rs5943724,23,52882590,rs111524826,0.101
23,52695895,rs5943724,23,52883540,rs112661327,0.102
23,52695895,rs5943724,23,52885291,rs17002009,0.102
23,52695895,rs5943724,23,52885367,rs112753185,0.102
23,52695895,rs5943724,23,52885496,rs113974379,0.102
23,52695895,rs5943724,23,52885883,rs2806849,0.127
23,52695895,rs5943724,23,52886633,rs112917082,0.102
23,52695895,rs5943724,23,52888000,rs113276965,0.102
23,52695895,rs5943724,23,52890898,rs112503205,0.102
23,52695895,rs5943724,23,52893118,rs112142195,0.102
23,52695895,rs5943724,23,52895849,rs113953610,0.102
23,52695895,rs5943724,23,52896377,rs41306369,0.102
23,52695895,rs5943724,23,52896949,rs2807031,0.127
23,52695895,rs5943724,23,52897406,rs148944285,0.101
23,52695895,rs5943724,23,52897578,rs2491155,0.127
23,52695895,rs5943724,23,52897595,rs2491154,0.127
23,52695895,rs5943724,23,52898212,rs377245430,0.102
23,52695895,rs5943724,23,52898753,rs2806851,0.126
23,52695895,rs5943724,23,52899235,rs4291438,0.102
23,52695895,rs5943724,23,52899379,rs4291439,0.102
23,52695895,rs5943724,23,52903490,rs200370637,0.1
23,52695895,rs5943724,23,52904529,rs2807030,0.114
23,52695895,rs5943724,23,52905324,rs112651013,0.097
23,52695895,rs5943724,23,52905649,rs112046678,0.096
23,52695895,rs5943724,23,52905679,rs112043338,0.096
23,52695895,rs5943724,23,52910700,rs113429311,0.096
23,52695895,rs5943724,23,52949499,rs112970152,0.097
23,52695895,rs5943724,23,52950810,rs193131910,0.097
23,52695895,rs5943724,23,52951462,rs5991840,0.123
23,52695895,rs5943724,23,52953296,rs201324628,0.097
23,52695895,rs5943724,23,52955248,rs113352673,0.097
23,52695895,rs5943724,23,52955522,rs113211974,0.097
23,52695895,rs5943724,23,52956501,rs111986216,0.097
23,52695895,rs5943724,23,52958474,rs376735673,0.097
23,52695895,rs5943724,23,53003418,rs7051664,0.121
23,52695895,rs5943724,23,53003983,rs5951142,0.096
23,52695895,rs5943724,23,53004072,rs5951162,0.118
23,52695895,rs5943724,23,53004364,rs5951164,0.095
23,52695895,rs5943724,23,53004994,rs5951165,0.095
23,52695895,rs5943724,23,53011648,rs5951166,0.095
23,52695895,rs5943724,23,53012757,rs77252891,0.095
23,52695895,rs5943724,23,53013021,rs4986583,0.121
23,52695895,rs5943724,23,53014150,rs5951167,0.121
23,52695895,rs5943724,23,53014681,rs56048298,0.123
23,52695895,rs5943724,23,53017141,rs6643589,0.095
23,52695895,rs5943724,23,53017555,rs57979901,0.121
23,52695895,rs5943724,23,53017633,rs4986585,0.127
23,52695895,rs5943724,23,53018409,rs5951168,0.121
23,52695895,rs5943724,23,53020368,rs4986586,0.12
23,52695895,rs5943724,23,53020839,rs5951143,0.084
23,52695895,rs5943724,23,53022887,rs5991846,0.113
23,52695895,rs5943724,23,53024926,rs5991828,0.086
23,52695895,rs5943724,23,53029008,rs5951144,0.086
23,52695895,rs5943724,23,53030163,rs4986584,0.138
23,52695895,rs5943724,23,53032280,rs5951170,0.137
23,52695895,rs5943724,23,53033392,rs6643592,0.137
23,52695895,rs5943724,23,53035603,rs6643514,0.136
23,52695895,rs5943724,23,53035924,rs5951171,0.136
23,52695895,rs5943724,23,53036360,rs5951145,0.086
23,52695895,rs5943724,23,53039090,rs4986587,0.086
23,52695895,rs5943724,23,53040646,rs12834684,0.144
23,52695895,rs5943724,23,53040897,rs12840297,0.136
23,52695895,rs5943724,23,53044145,rs5951148,0.088
23,52695895,rs5943724,23,53044825,rs4986582,0.088
23,52695895,rs5943724,23,53045870,rs5991831,0.088
23,52695895,rs5943724,23,53045948,rs5991832,0.088
23,52695895,rs5943724,23,53049271,rs5951137,0.088
23,52695895,rs5943724,23,53051705,rs5951152,0.088
23,52695895,rs5943724,23,53052155,rs5951139,0.088
23,52695895,rs5943724,23,53052302,rs5951140,0.089
23,52695895,rs5943724,23,53052559,rs375006593,0.088
23,52695895,rs5943724,23,53053254,rs6643517,0.088
23,52695895,rs5943724,23,53053897,rs73488291,0.088
23,52695895,rs5943724,23,53055500,rs9724071,0.088
23,52695895,rs5943724,23,53055916,rs5951155,0.089
23,52695895,rs5943724,23,53056259,rs6643602,0.088
23,52695895,rs5943724,23,53059319,rs12011862,0.154
23,52695895,rs5943724,23,53060045,chrX_53060045_A_C,0.155
23,52695895,rs5943724,23,53061671,rs73208432,0.179
23,52695895,rs5943724,23,53061949,rs55841313,0.155
23,52695895,rs5943724,23,53064548,rs12689423,0.152
23,52695895,rs5943724,23,53065162,rs73208433,0.176
23,52695895,rs5943724,23,53065809,rs12014182,0.152
23,52695895,rs5943724,23,53067732,chrX:53067732:D,0.173
23,52695895,rs5943724,23,53068267,rs12399670,0.173
23,52695895,rs5943724,23,53068371,rs73208435,0.173
23,52695895,rs5943724,23,53068405,rs73208437,0.176
23,52695895,rs5943724,23,53068695,rs111566735,0.173
23,52695895,rs5943724,23,53069876,rs73208440,0.173
23,52695895,rs5943724,23,53071117,rs7877051,0.173
23,52695895,rs5943724,23,53071395,rs12399047,0.174
23,52695895,rs5943724,23,53071739,rs12399101,0.173
23,52695895,rs5943724,23,53072170,rs12399506,0.176
23,52695895,rs5943724,23,53072247,rs12400638,0.173
23,52695895,rs5943724,23,53072602,rs73208441,0.173
23,52695895,rs5943724,23,53073113,rs73208442,0.171
23,52695895,rs5943724,23,53073908,chrX:53073908:D,0.169
23,52695895,rs5943724,23,53074480,rs112815541,0.169
23,52695895,rs5943724,23,53074894,rs112413992,0.169
23,52695895,rs5943724,23,53074944,chrX:53074944:I,0.168
23,52695895,rs5943724,23,53076374,rs7886006,0.169
23,52695895,rs5943724,23,53076497,chrX:53076497:D,0.17
23,52695895,rs5943724,23,53076716,rs7880612,0.169
23,52695895,rs5943724,23,53077514,chrX:53077514:I,0.17
23,52695895,rs5943724,23,53077747,rs113951189,0.17
23,52695895,rs5943724,23,53079157,rs73208446,0.157
23,52695895,rs5943724,23,53081414,rs55850908,0.147
23,52695895,rs5943724,23,53081558,rs59180338,0.147
23,52695895,rs5943724,23,53081970,rs67450314,0.153
23,52695895,rs5943724,23,53082046,chrX:53082046:D,0.155
23,52695895,rs5943724,23,53082363,rs12392162,0.153
23,52695895,rs5943724,23,53084492,rs12007081,0.146
23,52695895,rs5943724,23,53084568,rs12013318,0.146
23,52695895,rs5943724,23,53084799,rs7473078,0.146
23,52695895,rs5943724,23,53085169,rs67457527,0.146
23,52695895,rs5943724,23,53085633,rs73208449,0.168
23,52695895,rs5943724,23,53086749,rs12389147,0.152
23,52695895,rs5943724,23,53087476,rs12390489,0.146
23,52695895,rs5943724,23,53087835,rs67171574,0.146
23,52695895,rs5943724,23,53089211,rs183981514,0.136
23,52695895,rs5943724,23,53089213,rs189101417,0.125
23,52695895,rs5943724,23,53090536,rs10855213,0.146
23,52695895,rs5943724,23,53091746,chrX:53091746:D,0.146
23,52695895,rs5943724,23,53095639,rs73634281,0.146
23,52695895,rs5943724,23,53096176,rs67733752,0.146
23,52695895,rs5943724,23,53098061,rs28585589,0.164
23,52695895,rs5943724,23,53098327,rs111655908,0.164
23,52695895,rs5943724,23,53100196,rs112167847,0.163
23,52695895,rs5943724,23,53100590,rs12389413,0.145
23,52695895,rs5943724,23,53101228,chrX_53101228_A_G,0.155
23,52695895,rs5943724,23,53101477,rs13440883,0.144
23,52695895,rs5943724,23,53101684,rs7881236,0.154
23,52695895,rs5943724,23,53101934,rs7883255,0.138
23,52695895,rs5943724,23,53102956,rs7473421,0.14
23,52695895,rs5943724,23,53105196,rs12388258,0.124
23,52695895,rs5943724,23,53105890,rs17850567,0.134
23,52695895,rs5943724,23,53106865,chrX_53106865_C_T,0.124
23,52695895,rs5943724,23,53107941,rs56157110,0.127
23,52695895,rs5943724,23,53109075,chrX_53109075_A_G,0.128
23,52695895,rs5943724,23,53111428,chrX:53111428:D,0.129
23,52695895,rs5943724,23,53114327,rs7885663,0.128
23,52695895,rs5943724,23,53115705,rs12400540,0.125
23,52695895,rs5943724,23,53115858,rs7891342,0.125
23,52695895,rs5943724,23,53115909,rs7891374,0.125
23,52695895,rs5943724,23,53116492,chrX:53116492:I,0.125
23,52695895,rs5943724,23,53116730,rs111433517,0.127
23,52695895,rs5943724,23,53120346,rs5933619,0.125
23,52695895,rs5943724,23,53124816,rs5933603,0.125
23,52695895,rs5943724,23,53126941,rs5978191,0.125
23,52695895,rs5943724,23,53126952,rs5978192,0.125
23,52695895,rs5943724,23,53128816,rs5933553,0.126
23,52695895,rs5943724,23,53129352,rs5933621,0.124
23,52695895,rs5943724,23,53129515,rs5933554,0.124
23,52695895,rs5943724,23,53129884,rs10126628,0.135
23,52695895,rs5943724,23,53130157,rs5978141,0.124
23,52695895,rs5943724,23,53130337,rs5978142,0.123
23,52695895,rs5943724,23,53132293,rs12689246,0.123
23,52695895,rs5943724,23,53132776,rs12689326,0.123
23,52695895,rs5943724,23,53133539,rs4830359,0.135
23,52695895,rs5943724,23,53135233,rs5933561,0.13
23,52695895,rs5943724,23,53136271,rs12689040,0.134
23,52695895,rs5943724,23,53136339,rs5933535,0.131
23,52695895,rs5943724,23,53137853,rs9778636,0.13
23,52695895,rs5943724,23,53138654,rs9782463,0.135
23,52695895,rs5943724,23,53139510,chrX_53139510_A_G,0.131
23,52695895,rs5943724,23,53140367,rs9778610,0.131
23,52695895,rs5943724,23,53143553,rs12385331,0.13
23,52695895,rs5943724,23,53144107,chrX_53144107_C_G,0.131
23,52695895,rs5943724,23,53144309,rs5978159,0.127
23,52695895,rs5943724,23,53144658,rs10284139,0.132
23,52695895,rs5943724,23,53145835,chrX_53145835_C_G,0.13
23,52695895,rs5943724,23,53146790,chrX:53146790:D,0.154
23,52695895,rs5943724,23,53147763,rs4830345,0.117
23,52695895,rs5943724,23,53149259,rs5933581,0.127
23,52695895,rs5943724,23,53149567,rs1925924,0.127
23,52695895,rs5943724,23,53150744,rs2182284,0.128
23,52695895,rs5943724,23,53150837,rs2148098,0.13
23,52695895,rs5943724,23,53150943,rs2148099,0.128
23,52695895,rs5943724,23,53151176,rs2182286,0.131
23,52695895,rs5943724,23,53151395,rs12383976,0.131
23,52695895,rs5943724,23,53152096,rs10127016,0.131
23,52695895,rs5943724,23,53156780,rs4830374,0.13
23,52695895,rs5943724,23,53157798,rs5978165,0.127
23,52695895,rs5943724,23,53157862,rs6638393,0.128
23,52695895,rs5943724,23,53158049,chrX:53158049:I,0.119
23,52695895,rs5943724,23,53158342,rs5978168,0.147
23,52695895,rs5943724,23,53159208,rs4830350,0.128
23,52695895,rs5943724,23,53159646,chrX:53159646:I,0.12
23,52695895,rs5943724,23,53161347,rs5933591,0.128
23,52695895,rs5943724,23,53161981,rs5933593,0.128
23,52695895,rs5943724,23,53166152,rs5933597,0.129
23,52695895,rs5943724,23,53167529,rs62595617,0.128
23,52695895,rs5943724,23,53167938,rs6529687,0.128
23,52695895,rs5943724,23,53168125,rs5978175,0.128
23,52695895,rs5943724,23,53168357,rs5978176,0.126
23,52695895,rs5943724,23,53168854,rs2315867,0.139
23,52695895,rs5943724,23,53173526,rs78900791,0.129
23,52896949,rs2807031,23,52568231,rs5986143,0.126
23,52896949,rs2807031,23,52568585,rs137907990,0.127
23,52896949,rs2807031,23,52571912,rs149652807,0.127
23,52896949,rs2807031,23,52571928,rs4301578,0.126
23,52896949,rs2807031,23,52571958,rs4317744,0.126
23,52896949,rs2807031,23,52573035,rs55824086,0.126
23,52896949,rs2807031,23,52573145,rs55828736,0.127
23,52896949,rs2807031,23,52573529,rs144613318,0.126
23,52896949,rs2807031,23,52573822,rs5986144,0.126
23,52896949,rs2807031,23,52574503,rs148151683,0.126
23,52896949,rs2807031,23,52575673,rs141046715,0.126
23,52896949,rs2807031,23,52578230,rs12388624,0.127
23,52896949,rs2807031,23,52578856,rs5986146,0.126
23,52896949,rs2807031,23,52582609,rs5986147,0.127
23,52896949,rs2807031,23,52584259,rs12389950,0.126
23,52896949,rs2807031,23,52584511,rs12390047,0.126
23,52896949,rs2807031,23,52586545,rs5986148,0.1
23,52896949,rs2807031,23,52586777,rs144242029,0.126
23,52896949,rs2807031,23,52589455,chrX:52589455:I,0.126
23,52896949,rs2807031,23,52590909,chrX:52590909:D,0.126
23,52896949,rs2807031,23,52591752,rs10218149,0.126
23,52896949,rs2807031,23,52592407,chrX:52592407:D,0.123
23,52896949,rs2807031,23,52592469,rs138747868,0.126
23,52896949,rs2807031,23,52593397,rs10217919,0.126
23,52896949,rs2807031,23,52596281,rs145647678,0.126
23,52896949,rs2807031,23,52597933,rs5986150,0.127
23,52896949,rs2807031,23,52603555,rs5986151,0.127
23,52896949,rs2807031,23,52603667,rs143306875,0.127
23,52896949,rs2807031,23,52605420,rs12388696,0.126
23,52896949,rs2807031,23,52605832,rs142895416,0.126
23,52896949,rs2807031,23,52606697,rs28464985,0.126
23,52896949,rs2807031,23,52606750,rs28695691,0.126
23,52896949,rs2807031,23,52607317,rs148642745,0.127
23,52896949,rs2807031,23,52608238,rs5986152,0.126
23,52896949,rs2807031,23,52608242,rs5986153,0.126
23,52896949,rs2807031,23,52608532,rs5986154,0.127
23,52896949,rs2807031,23,52608622,rs5986155,0.127
23,52896949,rs2807031,23,52610311,rs5986157,0.127
23,52896949,rs2807031,23,52610489,rs149284337,0.127
23,52896949,rs2807031,23,52610615,rs186183177,0.127
23,52896949,rs2807031,23,52610859,rs144377105,0.126
23,52896949,rs2807031,23,52611053,rs148801091,0.123
23,52896949,rs2807031,23,52611060,chrX:52611060:D,0.126
23,52896949,rs2807031,23,52611906,rs184426759,0.126
23,52896949,rs2807031,23,52612233,rs5986159,0.126
23,52896949,rs2807031,23,52614592,rs5986160,0.127
23,52896949,rs2807031,23,52615200,chrX:52615200:I,0.127
23,52896949,rs2807031,23,52615469,rs5986161,0.127
23,52896949,rs2807031,23,52617138,chrX:52617138:I,0.127
23,52896949,rs2807031,23,52617198,rs28694298,0.127
23,52896949,rs2807031,23,52617969,rs12395234,0.127
23,52896949,rs2807031,23,52618413,rs140378510,0.127
23,52896949,rs2807031,23,52621426,chrX:52621426:D,0.127
23,52896949,rs2807031,23,52621476,chrX:52621476:D,0.127
23,52896949,rs2807031,23,52622043,rs144055552,0.127
23,52896949,rs2807031,23,52623635,rs148670944,0.127
23,52896949,rs2807031,23,52624512,rs5986162,0.127
23,52896949,rs2807031,23,52625143,rs143769092,0.127
23,52896949,rs2807031,23,52625979,rs5986015,0.127
23,52896949,rs2807031,23,52626092,rs5986163,0.127
23,52896949,rs2807031,23,52626330,rs5986164,0.127
23,52896949,rs2807031,23,52627118,rs5986165,0.127
23,52896949,rs2807031,23,52627482,rs5986166,0.126
23,52896949,rs2807031,23,52627896,rs181942768,0.135
23,52896949,rs2807031,23,52627904,rs141085284,0.127
23,52896949,rs2807031,23,52628392,rs5986016,0.126
23,52896949,rs2807031,23,52628654,rs183701824,0.127
23,52896949,rs2807031,23,52628870,rs12353736,0.127
23,52896949,rs2807031,23,52629006,rs12353882,0.127
23,52896949,rs2807031,23,52629060,rs12353674,0.127
23,52896949,rs2807031,23,52629178,rs12353884,0.127
23,52896949,rs2807031,23,52631608,rs184894022,0.127
23,52896949,rs2807031,23,52632541,rs4571894,0.127
23,52896949,rs2807031,23,52632868,rs4399087,0.128
23,52896949,rs2807031,23,52632982,rs142537739,0.127
23,52896949,rs2807031,23,52634004,rs148400879,0.127
23,52896949,rs2807031,23,52634690,rs5986168,0.127
23,52896949,rs2807031,23,52634797,rs5986169,0.127
23,52896949,rs2807031,23,52636003,rs5986170,0.127
23,52896949,rs2807031,23,52636145,rs5986017,0.127
23,52896949,rs2807031,23,52636764,rs5986171,0.127
23,52896949,rs2807031,23,52636848,rs5986172,0.127
23,52896949,rs2807031,23,52636966,rs144259195,0.127
23,52896949,rs2807031,23,52637062,rs192476090,0.127
23,52896949,rs2807031,23,52637618,rs5986173,0.127
23,52896949,rs2807031,23,52637796,rs5986018,0.127
23,52896949,rs2807031,23,52637851,rs5986019,0.127
23,52896949,rs2807031,23,52638309,rs149291317,0.127
23,52896949,rs2807031,23,52638326,rs144531542,0.127
23,52896949,rs2807031,23,52638397,rs148065331,0.127
23,52896949,rs2807031,23,52638399,rs143692426,0.127
23,52896949,rs2807031,23,52638772,rs144350444,0.127
23,52896949,rs2807031,23,52639108,rs150741255,0.127
23,52896949,rs2807031,23,52639401,rs193204258,0.127
23,52896949,rs2807031,23,52639410,rs182600849,0.127
23,52896949,rs2807031,23,52639424,rs187737769,0.127
23,52896949,rs2807031,23,52639428,rs150041623,0.127
23,52896949,rs2807031,23,52641515,rs142538606,0.127
23,52896949,rs2807031,23,52641722,rs143934530,0.127
23,52896949,rs2807031,23,52643019,rs142163129,0.127
23,52896949,rs2807031,23,52643160,rs146351590,0.127
23,52896949,rs2807031,23,52643436,rs5986020,0.125
23,52896949,rs2807031,23,52643450,rs5986021,0.127
23,52896949,rs2807031,23,52643510,rs5986022,0.127
23,52896949,rs2807031,23,52644206,rs190140252,0.126
23,52896949,rs2807031,23,52645167,rs141621257,0.127
23,52896949,rs2807031,23,52645502,rs148915178,0.127
23,52896949,rs2807031,23,52647536,rs146366311,0.127
23,52896949,rs2807031,23,52648903,rs142284772,0.127
23,52896949,rs2807031,23,52649510,rs5986023,0.127
23,52896949,rs2807031,23,52649606,rs5986174,0.127
23,52896949,rs2807031,23,52651004,rs5986024,0.127
23,52896949,rs2807031,23,52651705,rs5986025,0.127
23,52896949,rs2807031,23,52652261,rs5986026,0.128
23,52896949,rs2807031,23,52652287,rs5986175,0.128
23,52896949,rs2807031,23,52652410,rs5986027,0.127
23,52896949,rs2807031,23,52652840,rs148736009,0.127
23,52896949,rs2807031,23,52653686,chrX:52653686:I,0.127
23,52896949,rs2807031,23,52654260,rs140227343,0.127
23,52896949,rs2807031,23,52654852,rs145379065,0.128
23,52896949,rs2807031,23,52654897,rs34480708,0.128
23,52896949,rs2807031,23,52655542,rs147532224,0.128
23,52896949,rs2807031,23,52656727,rs5986177,0.128
23,52896949,rs2807031,23,52658342,rs147080628,0.128
23,52896949,rs2807031,23,52659250,rs12396477,0.128
23,52896949,rs2807031,23,52660553,rs141193839,0.129
23,52896949,rs2807031,23,52660747,rs5986178,0.129
23,52896949,rs2807031,23,52660970,rs5986179,0.129
23,52896949,rs2807031,23,52661031,rs4893635,0.124
23,52896949,rs2807031,23,52661811,rs5986180,0.129
23,52896949,rs2807031,23,52662338,rs139301421,0.129
23,52896949,rs2807031,23,52662670,rs139608161,0.129
23,52896949,rs2807031,23,52663733,rs142519178,0.128
23,52896949,rs2807031,23,52663763,rs151332171,0.129
23,52896949,rs2807031,23,52663810,rs140587499,0.129
23,52896949,rs2807031,23,52664260,rs141323117,0.129
23,52896949,rs2807031,23,52664709,rs145050436,0.129
23,52896949,rs2807031,23,52664975,rs189628805,0.129
23,52896949,rs2807031,23,52665080,rs5943649,0.129
23,52896949,rs2807031,23,52665387,rs149515621,0.13
23,52896949,rs2807031,23,52665998,rs4292878,0.125
23,52896949,rs2807031,23,52666564,rs5943715,0.121
23,52896949,rs2807031,23,52666732,rs180866178,0.129
23,52896949,rs2807031,23,52667917,rs145793544,0.129
23,52896949,rs2807031,23,52668213,rs12391572,0.129
23,52896949,rs2807031,23,52668241,rs12012771,0.126
23,52896949,rs2807031,23,52669883,rs147426591,0.129
23,52896949,rs2807031,23,52670502,rs17215299,0.129
23,52896949,rs2807031,23,52670924,rs144545313,0.129
23,52896949,rs2807031,23,52671486,rs5986181,0.129
23,52896949,rs2807031,23,52671526,rs5986029,0.129
23,52896949,rs2807031,23,52673957,rs5986031,0.129
23,52896949,rs2807031,23,52674516,chrX:52674516,0.129
23,52896949,rs2807031,23,52675731,rs143896403,0.129
23,52896949,rs2807031,23,52675854,rs139243696,0.129
23,52896949,rs2807031,23,52676179,rs150016590,0.129
23,52896949,rs2807031,23,52677684,rs146132657,0.129
23,52896949,rs2807031,23,52678650,rs137986601,0.129
23,52896949,rs2807031,23,52678655,rs5986183,0.129
23,52896949,rs2807031,23,52679150,rs144827258,0.129
23,52896949,rs2807031,23,52679429,rs148578012,0.129
23,52896949,rs2807031,23,52679724,rs150604898,0.129
23,52896949,rs2807031,23,52680818,rs5986184,0.13
23,52896949,rs2807031,23,52681446,rs5986185,0.129
23,52896949,rs2807031,23,52681976,rs3122210,0.129
23,52896949,rs2807031,23,52682094,rs5986186,0.129
23,52896949,rs2807031,23,52683136,rs142163120,0.129
23,52896949,rs2807031,23,52683459,rs28372319,0.129
23,52896949,rs2807031,23,52683509,rs12392208,0.13
23,52896949,rs2807031,23,52683758,rs5986187,0.121
23,52896949,rs2807031,23,52684534,rs185668885,0.119
23,52896949,rs2807031,23,52684594,kgp22779647,0.129
23,52896949,rs2807031,23,52685377,rs12388040,0.129
23,52896949,rs2807031,23,52685860,rs184611724,0.129
23,52896949,rs2807031,23,52685915,rs149955038,0.13
23,52896949,rs2807031,23,52685959,rs146432816,0.13
23,52896949,rs2807031,23,52686253,rs138601319,0.13
23,52896949,rs2807031,23,52686269,chrX:52686269:I,0.13
23,52896949,rs2807031,23,52686364,rs142031537,0.13
23,52896949,rs2807031,23,52687242,rs5986032,0.13
23,52896949,rs2807031,23,52688975,rs148451261,0.132
23,52896949,rs2807031,23,52690170,rs140245361,0.132
23,52896949,rs2807031,23,52691602,rs139367255,0.132
23,52896949,rs2807031,23,52691882,rs143265828,0.133
23,52896949,rs2807031,23,52691951,rs148084292,0.132
23,52896949,rs2807031,23,52692165,rs150634599,0.132
23,52896949,rs2807031,23,52694660,rs5943723,0.125
23,52896949,rs2807031,23,52694738,rs5986033,0.132
23,52896949,rs2807031,23,52694924,rs5986188,0.133
23,52896949,rs2807031,23,52695392,rs5986189,0.132
23,52896949,rs2807031,23,52695895,rs5943724,0.127
23,52896949,rs2807031,23,52698386,rs5943726,0.133
23,52896949,rs2807031,23,52698418,rs145521994,0.132
23,52896949,rs2807031,23,52818567,rs2998175,0.129
23,52896949,rs2807031,23,52818709,rs2806827,0.133
23,52896949,rs2807031,23,52820556,rs2806831,0.132
23,52896949,rs2807031,23,52821870,rs2806834,0.129
23,52896949,rs2807031,23,52822296,rs2806835,0.133
23,52896949,rs2807031,23,52823645,rs2806836,0.13
23,52896949,rs2807031,23,52824873,rs2807019,0.134
23,52896949,rs2807031,23,52825471,rs2806837,0.133
23,52896949,rs2807031,23,52826118,rs6643562,0.165
23,52896949,rs2807031,23,52827684,rs5943744,0.136
23,52896949,rs2807031,23,52827873,rs28691608,0.136
23,52896949,rs2807031,23,52833945,rs2807014,0.136
23,52896949,rs2807031,23,52837481,rs2807038,0.136
23,52896949,rs2807031,23,52839930,rs2807037,0.136
23,52896949,rs2807031,23,52839943,rs2807036,0.145
23,52896949,rs2807031,23,52846508,rs4543711,0.772
23,52896949,rs2807031,23,52850213,chrX_52850213_A_G,0.262
23,52896949,rs2807031,23,52857663,chrX:52857663:D,0.142
23,52896949,rs2807031,23,52859401,rs2807034,0.137
23,52896949,rs2807031,23,52863021,rs2807033,0.139
23,52896949,rs2807031,23,52871209,rs2806846,0.142
23,52896949,rs2807031,23,52874735,rs142306807,0.789
23,52896949,rs2807031,23,52875602,rs5986217,0.142
23,52896949,rs2807031,23,52875887,rs113191483,0.789
23,52896949,rs2807031,23,52876371,rs201564676,0.789
23,52896949,rs2807031,23,52876666,rs142881125,0.142
23,52896949,rs2807031,23,52877918,rs143470704,0.793
23,52896949,rs2807031,23,52878147,rs111720584,0.793
23,52896949,rs2807031,23,52878272,rs113968011,0.79
23,52896949,rs2807031,23,52879413,rs112771604,0.793
23,52896949,rs2807031,23,52880664,rs112851863,0.79
23,52896949,rs2807031,23,52882194,rs144581553,0.781
23,52896949,rs2807031,23,52882350,rs146698283,0.299
23,52896949,rs2807031,23,52882590,rs111524826,0.79
23,52896949,rs2807031,23,52883006,rs2806847,0.142
23,52896949,rs2807031,23,52883412,rs2806848,0.143
23,52896949,rs2807031,23,52883540,rs112661327,0.801
23,52896949,rs2807031,23,52885291,rs17002009,0.804
23,52896949,rs2807031,23,52885367,rs112753185,0.804
23,52896949,rs2807031,23,52885496,rs113974379,0.804
23,52896949,rs2807031,23,52885883,rs2806849,0.999
23,52896949,rs2807031,23,52886633,rs112917082,0.801
23,52896949,rs2807031,23,52888000,rs113276965,0.804
23,52896949,rs2807031,23,52888362,rs144524060,0.141
23,52896949,rs2807031,23,52890841,rs2806850,0.142
23,52896949,rs2807031,23,52890898,rs112503205,0.801
23,52896949,rs2807031,23,52893118,rs112142195,0.804
23,52896949,rs2807031,23,52895849,rs113953610,0.801
23,52896949,rs2807031,23,52896377,rs41306369,0.801
23,52896949,rs2807031,23,52896949,rs2807031,1
23,52896949,rs2807031,23,52897406,rs148944285,0.793
23,52896949,rs2807031,23,52897578,rs2491155,1
23,52896949,rs2807031,23,52897595,rs2491154,1
23,52896949,rs2807031,23,52898212,rs377245430,0.801
23,52896949,rs2807031,23,52898753,rs2806851,1
23,52896949,rs2807031,23,52899235,rs4291438,0.804
23,52896949,rs2807031,23,52899379,rs4291439,0.804
23,52896949,rs2807031,23,52903481,rs2806845,0.143
23,52896949,rs2807031,23,52903490,rs200370637,0.755
23,52896949,rs2807031,23,52904529,rs2807030,0.925
23,52896949,rs2807031,23,52905324,rs112651013,0.76
23,52896949,rs2807031,23,52905649,rs112046678,0.757
23,52896949,rs2807031,23,52905679,rs112043338,0.757
23,52896949,rs2807031,23,52910700,rs113429311,0.758
23,52896949,rs2807031,23,52949499,rs112970152,0.721
23,52896949,rs2807031,23,52950810,rs193131910,0.721
23,52896949,rs2807031,23,52951462,rs5991840,0.927
23,52896949,rs2807031,23,52952462,chrX:52952462:D,0.152
23,52896949,rs2807031,23,52953296,rs201324628,0.72
23,52896949,rs2807031,23,52955248,rs113352673,0.72
23,52896949,rs2807031,23,52955522,rs113211974,0.72
23,52896949,rs2807031,23,52956501,rs111986216,0.718
23,52896949,rs2807031,23,52958474,rs376735673,0.72
23,52896949,rs2807031,23,53003418,rs7051664,0.914
23,52896949,rs2807031,23,53003983,rs5951142,0.709
23,52896949,rs2807031,23,53004072,rs5951162,0.894
23,52896949,rs2807031,23,53004364,rs5951164,0.709
23,52896949,rs2807031,23,53004994,rs5951165,0.706
23,52896949,rs2807031,23,53005677,rs113616169,0.153
23,52896949,rs2807031,23,53011648,rs5951166,0.706
23,52896949,rs2807031,23,53012744,rs112068518,0.153
23,52896949,rs2807031,23,53012757,rs77252891,0.705
23,52896949,rs2807031,23,53013021,rs4986583,0.911
23,52896949,rs2807031,23,53014150,rs5951167,0.911
23,52896949,rs2807031,23,53014681,rs56048298,0.906
23,52896949,rs2807031,23,53017141,rs6643589,0.706
23,52896949,rs2807031,23,53017555,rs57979901,0.876
23,52896949,rs2807031,23,53017633,rs4986585,0.885
23,52896949,rs2807031,23,53018409,rs5951168,0.911
23,52896949,rs2807031,23,53020368,rs4986586,0.906
23,52896949,rs2807031,23,53020619,rs150507183,0.152
23,52896949,rs2807031,23,53020839,rs5951143,0.668
23,52896949,rs2807031,23,53022887,rs5991846,0.888
23,52896949,rs2807031,23,53024926,rs5991828,0.669
23,52896949,rs2807031,23,53024954,rs5991847,0.151
23,52896949,rs2807031,23,53029008,rs5951144,0.668
23,52896949,rs2807031,23,53030163,rs4986584,0.684
23,52896949,rs2807031,23,53032280,rs5951170,0.676
23,52896949,rs2807031,23,53033392,rs6643592,0.681
23,52896949,rs2807031,23,53035603,rs6643514,0.681
23,52896949,rs2807031,23,53035924,rs5951171,0.681
23,52896949,rs2807031,23,53036360,rs5951145,0.664
23,52896949,rs2807031,23,53039090,rs4986587,0.664
23,52896949,rs2807031,23,53040646,rs12834684,0.671
23,52896949,rs2807031,23,53040897,rs12840297,0.681
23,52896949,rs2807031,23,53044145,rs5951148,0.663
23,52896949,rs2807031,23,53044825,rs4986582,0.664
23,52896949,rs2807031,23,53045870,rs5991831,0.664
23,52896949,rs2807031,23,53045948,rs5991832,0.663
23,52896949,rs2807031,23,53049271,rs5951137,0.663
23,52896949,rs2807031,23,53051705,rs5951152,0.663
23,52896949,rs2807031,23,53052155,rs5951139,0.664
23,52896949,rs2807031,23,53052302,rs5951140,0.66
23,52896949,rs2807031,23,53052559,rs375006593,0.661
23,52896949,rs2807031,23,53053254,rs6643517,0.663
23,52896949,rs2807031,23,53053897,rs73488291,0.663
23,52896949,rs2807031,23,53055500,rs9724071,0.662
23,52896949,rs2807031,23,53055916,rs5951155,0.656
23,52896949,rs2807031,23,53056259,rs6643602,0.661
