CHR_A,BP_A,SNP_A,CHR_B,BP_B,SNP_B,R2
23,9805806,rs6640523,23,9783206,rs5934688,0.279
23,9805806,rs6640523,23,9784377,rs6530322,0.324
23,9805806,rs6640523,23,9785879,rs5934689,0.264
23,9805806,rs6640523,23,9787331,rs5934690,0.276
23,9805806,rs6640523,23,9789469,chrX_9789469_AAG_INDEL,0.476
23,9805806,rs6640523,23,9790311,rs6530324,0.273
23,9805806,rs6640523,23,9790986,chrX_9790986_A_G,0.073
23,9805806,rs6640523,23,9791017,chrX:9791017:D,0.31
23,9805806,rs6640523,23,9792092,rs12689381,0.361
23,9805806,rs6640523,23,9792109,rs12689264,0.361
23,9805806,rs6640523,23,9792339,rs6638965,0.362
23,9805806,rs6640523,23,9794171,rs5979186,0.322
23,9805806,rs6640523,23,9794541,rs6530326,0.365
23,9805806,rs6640523,23,9795214,rs976245,0.364
23,9805806,rs6640523,23,9795487,rs12398289,0.364
23,9805806,rs6640523,23,9795492,rs5934692,0.127
23,9805806,rs6640523,23,9795725,rs5934693,0.362
23,9805806,rs6640523,23,9795751,rs5934694,0.363
23,9805806,rs6640523,23,9796263,rs5934695,0.368
23,9805806,rs6640523,23,9799195,rs5934697,0.367
23,9805806,rs6640523,23,9799513,rs5934698,0.392
23,9805806,rs6640523,23,9799721,rs6640522,0.37
23,9805806,rs6640523,23,9803494,rs5933761,0.372
23,9805806,rs6640523,23,9803544,rs2405940,0.378
23,9805806,rs6640523,23,9803745,rs1859013,0.375
23,9805806,rs6640523,23,9804342,rs6530329,0.382
23,9805806,rs6640523,23,9804711,rs6530330,0.387
23,9805806,rs6640523,23,9805806,rs6640523,1
23,9805806,rs6640523,23,9805931,rs6638967,0.146
23,9805806,rs6640523,23,9806794,rs6638968,0.816
23,9805806,rs6640523,23,9807559,rs4830659,0.896
23,9805806,rs6640523,23,9807589,rs4830660,0.765
23,9805806,rs6640523,23,9807693,rs4830661,0.762
23,9805806,rs6640523,23,9808102,rs6530331,0.542
23,9805806,rs6640523,23,9808866,rs5933762,0.134
23,9805806,rs6640523,23,9810641,rs6530332,0.541
23,9805806,rs6640523,23,9811095,rs960417,0.767
23,9805806,rs6640523,23,9812529,rs10442483,0.448
23,9805806,rs6640523,23,9812869,rs4830417,0.485
23,9805806,rs6640523,23,9813947,rs35330386,0.535
23,9805806,rs6640523,23,9814135,rs2405942,0.535
23,9805806,rs6640523,23,9814284,rs2405943,0.534
23,9805806,rs6640523,23,9814932,rs6530333,0.466
23,9805806,rs6640523,23,9815365,rs5933763,0.464
23,9805806,rs6640523,23,9815521,rs5933764,0.463
23,9805806,rs6640523,23,9815802,rs5933765,0.485
23,9805806,rs6640523,23,9815904,chrX_9815904_A_G,0.054
23,9805806,rs6640523,23,9816785,rs16985736,0.063
23,9805806,rs6640523,23,9816815,rs73474506,0.059
23,9805806,rs6640523,23,9817039,rs17327496,0.059
23,9805806,rs6640523,23,9817463,rs5934701,0.112
23,9805806,rs6640523,23,9817513,rs5934702,0.673
23,9805806,rs6640523,23,9817579,rs5934703,0.673
23,9805806,rs6640523,23,9817683,rs16985744,0.111
23,9805806,rs6640523,23,9817747,rs4830418,0.673
23,9805806,rs6640523,23,9817979,rs4830419,0.673
23,9805806,rs6640523,23,9818678,rs5933767,0.672
23,9805806,rs6640523,23,9818715,rs5933768,0.648
23,9805806,rs6640523,23,9818764,rs6640530,0.487
23,9805806,rs6640523,23,9819547,rs4830420,0.672
23,9805806,rs6640523,23,9820216,chrX:9820216:I,0.667
23,9805806,rs6640523,23,9820217,chrX_9820217_A_INDEL,0.665
23,9805806,rs6640523,23,9821399,rs5934705,0.666
23,9805806,rs6640523,23,9822645,rs12395679,0.063
23,9805806,rs6640523,23,9822921,rs12395804,0.056
23,9805806,rs6640523,23,9826825,rs5933771,0.073
23,9805806,rs6640523,23,9827090,rs4830662,0.073
23,9805806,rs6640523,23,9827333,chrX:9827333:I,0.073
23,9805806,rs6640523,23,9827437,rs7062290,0.072
23,9805806,rs6640523,23,9827969,rs5979192,0.072
23,9805806,rs6640523,23,9831101,rs1016625,0.063
23,9805806,rs6640523,23,9831426,rs1016626,0.092
23,9805806,rs6640523,23,9833398,rs5934707,0.083
23,9805806,rs6640523,23,9833671,rs7066212,0.094
23,9805806,rs6640523,23,9833802,rs7066384,0.094
23,9805806,rs6640523,23,9833813,rs7064785,0.095
23,9805806,rs6640523,23,9834319,rs5934708,0.083
23,9805806,rs6640523,23,9835292,rs5933773,0.094
23,9805806,rs6640523,23,9835862,rs4830663,0.094
23,9805806,rs6640523,23,9836552,rs10856487,0.089
23,9805806,rs6640523,23,9837585,rs5934710,0.09
23,9805806,rs6640523,23,9839198,rs723259,0.09
23,9805806,rs6640523,23,9839671,rs723260,0.094
23,9805806,rs6640523,23,9839710,rs723261,0.09
23,9805806,rs6640523,23,9839872,rs5933775,0.09
23,9805806,rs6640523,23,9840685,rs5934712,0.089
23,9805806,rs6640523,23,9841088,rs5934713,0.09
23,9805806,rs6640523,23,9841384,rs5979197,0.089
23,9805806,rs6640523,23,9841538,rs763375,0.089
23,9805806,rs6640523,23,9842513,rs2239416,0.089
23,9805806,rs6640523,23,9844232,rs4830667,0.089
23,9805806,rs6640523,23,9844590,rs2283699,0.089
23,9805806,rs6640523,23,9845713,rs4830668,0.089
23,9805806,rs6640523,23,9846194,rs5933777,0.089
23,9805806,rs6640523,23,9859098,rs6640543,0.1
23,9805806,rs6640523,23,9859197,rs6640544,0.099
23,9805806,rs6640523,23,9859947,rs5933780,0.098
23,9805806,rs6640523,23,9871584,rs2405947,0.06
23,9805806,rs6640523,23,9880690,rs41297285,0.061
23,9805806,rs6640523,23,9880816,rs41309547,0.061
23,9805806,rs6640523,23,9881031,rs5978349,0.061
23,9805806,rs6640523,23,9881483,rs41311483,0.059
23,9806794,rs6638968,23,9783206,rs5934688,0.232
23,9806794,rs6638968,23,9784377,rs6530322,0.354
23,9806794,rs6638968,23,9785879,rs5934689,0.297
23,9806794,rs6638968,23,9787331,rs5934690,0.229
23,9806794,rs6638968,23,9789469,chrX_9789469_AAG_INDEL,0.514
23,9806794,rs6638968,23,9790311,rs6530324,0.307
23,9806794,rs6638968,23,9790986,chrX_9790986_A_G,0.084
23,9806794,rs6638968,23,9791017,chrX:9791017:D,0.345
23,9806794,rs6638968,23,9792092,rs12689381,0.394
23,9806794,rs6638968,23,9792109,rs12689264,0.395
23,9806794,rs6638968,23,9792339,rs6638965,0.395
23,9806794,rs6638968,23,9794171,rs5979186,0.357
23,9806794,rs6638968,23,9794541,rs6530326,0.308
23,9806794,rs6638968,23,9795214,rs976245,0.307
23,9806794,rs6638968,23,9795487,rs12398289,0.308
23,9806794,rs6638968,23,9795492,rs5934692,0.126
23,9806794,rs6638968,23,9795725,rs5934693,0.305
23,9806794,rs6638968,23,9795751,rs5934694,0.307
23,9806794,rs6638968,23,9796263,rs5934695,0.31
23,9806794,rs6638968,23,9799195,rs5934697,0.31
23,9806794,rs6638968,23,9799513,rs5934698,0.33
23,9806794,rs6638968,23,9799721,rs6640522,0.313
23,9806794,rs6638968,23,9803494,rs5933761,0.314
23,9806794,rs6638968,23,9803544,rs2405940,0.319
23,9806794,rs6638968,23,9803745,rs1859013,0.316
23,9806794,rs6638968,23,9804342,rs6530329,0.321
23,9806794,rs6638968,23,9804711,rs6530330,0.326
23,9806794,rs6638968,23,9805806,rs6640523,0.816
23,9806794,rs6638968,23,9805931,rs6638967,0.141
23,9806794,rs6638968,23,9806794,rs6638968,1
23,9806794,rs6638968,23,9807559,rs4830659,0.9
23,9806794,rs6638968,23,9807589,rs4830660,0.769
23,9806794,rs6638968,23,9807693,rs4830661,0.766
23,9806794,rs6638968,23,9808102,rs6530331,0.53
23,9806794,rs6638968,23,9808866,rs5933762,0.139
23,9806794,rs6638968,23,9810641,rs6530332,0.537
23,9806794,rs6638968,23,9811095,rs960417,0.768
23,9806794,rs6638968,23,9812529,rs10442483,0.591
23,9806794,rs6638968,23,9812869,rs4830417,0.479
23,9806794,rs6638968,23,9813947,rs35330386,0.532
23,9806794,rs6638968,23,9814135,rs2405942,0.532
23,9806794,rs6638968,23,9814284,rs2405943,0.531
23,9806794,rs6638968,23,9814932,rs6530333,0.458
23,9806794,rs6638968,23,9815365,rs5933763,0.457
23,9806794,rs6638968,23,9815521,rs5933764,0.456
23,9806794,rs6638968,23,9815802,rs5933765,0.477
23,9806794,rs6638968,23,9815904,chrX_9815904_A_G,0.052
23,9806794,rs6638968,23,9816785,rs16985736,0.067
23,9806794,rs6638968,23,9816815,rs73474506,0.063
23,9806794,rs6638968,23,9817039,rs17327496,0.062
23,9806794,rs6638968,23,9817463,rs5934701,0.114
23,9806794,rs6638968,23,9817513,rs5934702,0.665
23,9806794,rs6638968,23,9817579,rs5934703,0.664
23,9806794,rs6638968,23,9817683,rs16985744,0.113
23,9806794,rs6638968,23,9817747,rs4830418,0.665
23,9806794,rs6638968,23,9817979,rs4830419,0.664
23,9806794,rs6638968,23,9818678,rs5933767,0.663
23,9806794,rs6638968,23,9818715,rs5933768,0.639
23,9806794,rs6638968,23,9818764,rs6640530,0.476
23,9806794,rs6638968,23,9819547,rs4830420,0.663
23,9806794,rs6638968,23,9820216,chrX:9820216:I,0.657
23,9806794,rs6638968,23,9820217,chrX_9820217_A_INDEL,0.656
23,9806794,rs6638968,23,9821399,rs5934705,0.657
23,9806794,rs6638968,23,9822645,rs12395679,0.067
23,9806794,rs6638968,23,9822921,rs12395804,0.059
23,9806794,rs6638968,23,9826825,rs5933771,0.071
23,9806794,rs6638968,23,9827090,rs4830662,0.071
23,9806794,rs6638968,23,9827333,chrX:9827333:I,0.07
23,9806794,rs6638968,23,9827437,rs7062290,0.07
23,9806794,rs6638968,23,9827969,rs5979192,0.069
23,9806794,rs6638968,23,9831101,rs1016625,0.06
23,9806794,rs6638968,23,9831426,rs1016626,0.092
23,9806794,rs6638968,23,9833398,rs5934707,0.079
23,9806794,rs6638968,23,9833671,rs7066212,0.095
23,9806794,rs6638968,23,9833802,rs7066384,0.096
23,9806794,rs6638968,23,9833813,rs7064785,0.096
23,9806794,rs6638968,23,9834319,rs5934708,0.079
23,9806794,rs6638968,23,9835292,rs5933773,0.093
23,9806794,rs6638968,23,9835862,rs4830663,0.093
23,9806794,rs6638968,23,9836552,rs10856487,0.088
23,9806794,rs6638968,23,9837585,rs5934710,0.09
23,9806794,rs6638968,23,9839198,rs723259,0.09
23,9806794,rs6638968,23,9839671,rs723260,0.093
23,9806794,rs6638968,23,9839710,rs723261,0.09
23,9806794,rs6638968,23,9839872,rs5933775,0.09
23,9806794,rs6638968,23,9840638,rs5934711,0.081
23,9806794,rs6638968,23,9840685,rs5934712,0.089
23,9806794,rs6638968,23,9841088,rs5934713,0.09
23,9806794,rs6638968,23,9841384,rs5979197,0.088
23,9806794,rs6638968,23,9841538,rs763375,0.089
23,9806794,rs6638968,23,9842513,rs2239416,0.089
23,9806794,rs6638968,23,9844232,rs4830667,0.089
23,9806794,rs6638968,23,9844590,rs2283699,0.089
23,9806794,rs6638968,23,9845713,rs4830668,0.089
23,9806794,rs6638968,23,9845812,rs4830669,0.08
23,9806794,rs6638968,23,9846194,rs5933777,0.089
23,9806794,rs6638968,23,9846499,rs5933778,0.079
23,9806794,rs6638968,23,9846539,rs17327510,0.061
23,9806794,rs6638968,23,9849301,rs2051687,0.085
23,9806794,rs6638968,23,9859098,rs6640543,0.101
23,9806794,rs6638968,23,9859197,rs6640544,0.1
23,9806794,rs6638968,23,9859947,rs5933780,0.098
23,9806794,rs6638968,23,9866420,rs2073944,0.055
23,9806794,rs6638968,23,9867007,rs2012821,0.054
23,9806794,rs6638968,23,9867237,rs756833,0.052
23,9806794,rs6638968,23,9867387,rs4830674,0.052
23,9806794,rs6638968,23,9867511,rs1076167,0.052
23,9806794,rs6638968,23,9867941,rs4830675,0.051
23,9806794,rs6638968,23,9871584,rs2405947,0.062
23,9806794,rs6638968,23,9880690,rs41297285,0.062
23,9806794,rs6638968,23,9880816,rs41309547,0.061
23,9806794,rs6638968,23,9881031,rs5978349,0.061
23,9806794,rs6638968,23,9881483,rs41311483,0.06
23,9807559,rs4830659,23,9783206,rs5934688,0.268
23,9807559,rs4830659,23,9784377,rs6530322,0.311
23,9807559,rs4830659,23,9785879,rs5934689,0.253
23,9807559,rs4830659,23,9787331,rs5934690,0.265
23,9807559,rs4830659,23,9789469,chrX_9789469_AAG_INDEL,0.457
23,9807559,rs4830659,23,9790311,rs6530324,0.26
23,9807559,rs4830659,23,9790986,chrX_9790986_A_G,0.076
23,9807559,rs4830659,23,9791017,chrX:9791017:D,0.299
23,9807559,rs4830659,23,9792092,rs12689381,0.349
23,9807559,rs4830659,23,9792109,rs12689264,0.349
23,9807559,rs4830659,23,9792339,rs6638965,0.349
23,9807559,rs4830659,23,9794171,rs5979186,0.31
23,9807559,rs4830659,23,9794541,rs6530326,0.351
23,9807559,rs4830659,23,9795214,rs976245,0.35
23,9807559,rs4830659,23,9795487,rs12398289,0.351
23,9807559,rs4830659,23,9795492,rs5934692,0.125
23,9807559,rs4830659,23,9795725,rs5934693,0.348
23,9807559,rs4830659,23,9795751,rs5934694,0.35
23,9807559,rs4830659,23,9796263,rs5934695,0.354
23,9807559,rs4830659,23,9799195,rs5934697,0.354
23,9807559,rs4830659,23,9799513,rs5934698,0.377
23,9807559,rs4830659,23,9799721,rs6640522,0.357
23,9807559,rs4830659,23,9803494,rs5933761,0.359
23,9807559,rs4830659,23,9803544,rs2405940,0.364
23,9807559,rs4830659,23,9803745,rs1859013,0.361
23,9807559,rs4830659,23,9804342,rs6530329,0.366
23,9807559,rs4830659,23,9804711,rs6530330,0.372
23,9807559,rs4830659,23,9805806,rs6640523,0.896
23,9807559,rs4830659,23,9805931,rs6638967,0.156
23,9807559,rs4830659,23,9806794,rs6638968,0.9
23,9807559,rs4830659,23,9807559,rs4830659,1
23,9807559,rs4830659,23,9807589,rs4830660,0.85
23,9807559,rs4830659,23,9807693,rs4830661,0.851
23,9807559,rs4830659,23,9808102,rs6530331,0.588
23,9807559,rs4830659,23,9808866,rs5933762,0.154
23,9807559,rs4830659,23,9810641,rs6530332,0.59
23,9807559,rs4830659,23,9811095,rs960417,0.845
23,9807559,rs4830659,23,9812529,rs10442483,0.49
23,9807559,rs4830659,23,9812869,rs4830417,0.551
23,9807559,rs4830659,23,9813947,rs35330386,0.584
23,9807559,rs4830659,23,9814135,rs2405942,0.583
23,9807559,rs4830659,23,9814284,rs2405943,0.583
23,9807559,rs4830659,23,9814932,rs6530333,0.507
23,9807559,rs4830659,23,9815365,rs5933763,0.505
23,9807559,rs4830659,23,9815521,rs5933764,0.503
23,9807559,rs4830659,23,9815802,rs5933765,0.527
23,9807559,rs4830659,23,9815904,chrX_9815904_A_G,0.058
23,9807559,rs4830659,23,9816785,rs16985736,0.074
23,9807559,rs4830659,23,9816815,rs73474506,0.069
23,9807559,rs4830659,23,9817039,rs17327496,0.069
23,9807559,rs4830659,23,9817463,rs5934701,0.126
23,9807559,rs4830659,23,9817513,rs5934702,0.734
23,9807559,rs4830659,23,9817579,rs5934703,0.734
23,9807559,rs4830659,23,9817683,rs16985744,0.125
23,9807559,rs4830659,23,9817747,rs4830418,0.734
23,9807559,rs4830659,23,9817979,rs4830419,0.733
23,9807559,rs4830659,23,9818678,rs5933767,0.733
23,9807559,rs4830659,23,9818715,rs5933768,0.709
23,9807559,rs4830659,23,9818764,rs6640530,0.527
23,9807559,rs4830659,23,9819547,rs4830420,0.732
23,9807559,rs4830659,23,9820216,chrX:9820216:I,0.727
23,9807559,rs4830659,23,9820217,chrX_9820217_A_INDEL,0.726
23,9807559,rs4830659,23,9821399,rs5934705,0.727
23,9807559,rs4830659,23,9822645,rs12395679,0.073
23,9807559,rs4830659,23,9822921,rs12395804,0.066
23,9807559,rs4830659,23,9826825,rs5933771,0.087
23,9807559,rs4830659,23,9827090,rs4830662,0.087
23,9807559,rs4830659,23,9827333,chrX:9827333:I,0.086
23,9807559,rs4830659,23,9827437,rs7062290,0.085
23,9807559,rs4830659,23,9827895,rs12847912,0.06
23,9807559,rs4830659,23,9827969,rs5979192,0.085
23,9807559,rs4830659,23,9831101,rs1016625,0.075
23,9807559,rs4830659,23,9831426,rs1016626,0.102
23,9807559,rs4830659,23,9833398,rs5934707,0.096
23,9807559,rs4830659,23,9833671,rs7066212,0.106
23,9807559,rs4830659,23,9833802,rs7066384,0.108
23,9807559,rs4830659,23,9833813,rs7064785,0.108
23,9807559,rs4830659,23,9834319,rs5934708,0.096
23,9807559,rs4830659,23,9835292,rs5933773,0.105
23,9807559,rs4830659,23,9835862,rs4830663,0.105
23,9807559,rs4830659,23,9836552,rs10856487,0.099
23,9807559,rs4830659,23,9837585,rs5934710,0.101
23,9807559,rs4830659,23,9839198,rs723259,0.101
23,9807559,rs4830659,23,9839671,rs723260,0.104
23,9807559,rs4830659,23,9839710,rs723261,0.101
23,9807559,rs4830659,23,9839872,rs5933775,0.101
23,9807559,rs4830659,23,9840685,rs5934712,0.1
23,9807559,rs4830659,23,9841088,rs5934713,0.1
23,9807559,rs4830659,23,9841384,rs5979197,0.099
23,9807559,rs4830659,23,9841538,rs763375,0.1
23,9807559,rs4830659,23,9842513,rs2239416,0.1
23,9807559,rs4830659,23,9844232,rs4830667,0.1
23,9807559,rs4830659,23,9844590,rs2283699,0.1
23,9807559,rs4830659,23,9845713,rs4830668,0.1
23,9807559,rs4830659,23,9846194,rs5933777,0.1
23,9807559,rs4830659,23,9859098,rs6640543,0.112
23,9807559,rs4830659,23,9859197,rs6640544,0.111
23,9807559,rs4830659,23,9859947,rs5933780,0.11
23,9807559,rs4830659,23,9871584,rs2405947,0.068
23,9807559,rs4830659,23,9880690,rs41297285,0.068
23,9807559,rs4830659,23,9880816,rs41309547,0.068
23,9807559,rs4830659,23,9881031,rs5978349,0.068
23,9807559,rs4830659,23,9881483,rs41311483,0.066
23,9807589,rs4830660,23,9783206,rs5934688,0.239
23,9807589,rs4830660,23,9784377,rs6530322,0.307
23,9807589,rs4830660,23,9785879,rs5934689,0.226
23,9807589,rs4830660,23,9787331,rs5934690,0.236
23,9807589,rs4830660,23,9789469,chrX_9789469_AAG_INDEL,0.443
23,9807589,rs4830660,23,9790311,rs6530324,0.237
23,9807589,rs4830660,23,9790986,chrX_9790986_A_G,0.064
23,9807589,rs4830660,23,9791017,chrX:9791017:D,0.277
23,9807589,rs4830660,23,9792092,rs12689381,0.268
23,9807589,rs4830660,23,9792109,rs12689264,0.268
23,9807589,rs4830660,23,9792339,rs6638965,0.269
23,9807589,rs4830660,23,9794171,rs5979186,0.29
23,9807589,rs4830660,23,9794541,rs6530326,0.328
23,9807589,rs4830660,23,9795214,rs976245,0.326
23,9807589,rs4830660,23,9795487,rs12398289,0.326
23,9807589,rs4830660,23,9795492,rs5934692,0.143
23,9807589,rs4830660,23,9795725,rs5934693,0.325
23,9807589,rs4830660,23,9795751,rs5934694,0.326
23,9807589,rs4830660,23,9796263,rs5934695,0.327
23,9807589,rs4830660,23,9799195,rs5934697,0.332
23,9807589,rs4830660,23,9799513,rs5934698,0.355
23,9807589,rs4830660,23,9799721,rs6640522,0.334
23,9807589,rs4830660,23,9803494,rs5933761,0.335
23,9807589,rs4830660,23,9803544,rs2405940,0.336
23,9807589,rs4830660,23,9803745,rs1859013,0.338
23,9807589,rs4830660,23,9804342,rs6530329,0.342
23,9807589,rs4830660,23,9804711,rs6530330,0.347
23,9807589,rs4830660,23,9805806,rs6640523,0.765
23,9807589,rs4830660,23,9805931,rs6638967,0.182
23,9807589,rs4830660,23,9806794,rs6638968,0.769
23,9807589,rs4830660,23,9807559,rs4830659,0.85
23,9807589,rs4830660,23,9807589,rs4830660,1
23,9807589,rs4830660,23,9807693,rs4830661,0.991
23,9807589,rs4830660,23,9808102,rs6530331,0.685
23,9807589,rs4830660,23,9808866,rs5933762,0.182
23,9807589,rs4830660,23,9810641,rs6530332,0.692
23,9807589,rs4830660,23,9811095,rs960417,0.988
23,9807589,rs4830660,23,9812529,rs10442483,0.581
23,9807589,rs4830660,23,9812869,rs4830417,0.682
23,9807589,rs4830660,23,9813947,rs35330386,0.679
23,9807589,rs4830660,23,9814135,rs2405942,0.679
23,9807589,rs4830660,23,9814284,rs2405943,0.679
23,9807589,rs4830660,23,9814932,rs6530333,0.598
23,9807589,rs4830660,23,9815365,rs5933763,0.597
23,9807589,rs4830660,23,9815521,rs5933764,0.594
23,9807589,rs4830660,23,9815802,rs5933765,0.622
23,9807589,rs4830660,23,9815904,chrX_9815904_A_G,0.068
23,9807589,rs4830660,23,9817463,rs5934701,0.147
23,9807589,rs4830660,23,9817513,rs5934702,0.868
23,9807589,rs4830660,23,9817579,rs5934703,0.867
23,9807589,rs4830660,23,9817683,rs16985744,0.145
23,9807589,rs4830660,23,9817747,rs4830418,0.867
23,9807589,rs4830660,23,9817979,rs4830419,0.866
23,9807589,rs4830660,23,9818678,rs5933767,0.865
23,9807589,rs4830660,23,9818715,rs5933768,0.842
23,9807589,rs4830660,23,9818764,rs6640530,0.623
23,9807589,rs4830660,23,9819547,rs4830420,0.863
23,9807589,rs4830660,23,9820216,chrX:9820216:I,0.857
23,9807589,rs4830660,23,9820217,chrX_9820217_A_INDEL,0.855
23,9807589,rs4830660,23,9821399,rs5934705,0.856
23,9807589,rs4830660,23,9831426,rs1016626,0.118
23,9807589,rs4830660,23,9833671,rs7066212,0.117
23,9807589,rs4830660,23,9833802,rs7066384,0.118
23,9807589,rs4830660,23,9833813,rs7064785,0.117
23,9807589,rs4830660,23,9835292,rs5933773,0.122
23,9807589,rs4830660,23,9835862,rs4830663,0.122
23,9807589,rs4830660,23,9836082,rs4830664,0.06
23,9807589,rs4830660,23,9836119,rs4830665,0.06
23,9807589,rs4830660,23,9836552,rs10856487,0.115
23,9807589,rs4830660,23,9837244,rs4830666,0.06
23,9807589,rs4830660,23,9837492,rs5934709,0.06
23,9807589,rs4830660,23,9837585,rs5934710,0.111
23,9807589,rs4830660,23,9837995,rs4830422,0.06
23,9807589,rs4830660,23,9838042,rs4830423,0.06
23,9807589,rs4830660,23,9838356,rs5933774,0.06
23,9807589,rs4830660,23,9839198,rs723259,0.111
23,9807589,rs4830660,23,9839671,rs723260,0.121
23,9807589,rs4830660,23,9839710,rs723261,0.111
23,9807589,rs4830660,23,9839872,rs5933775,0.111
23,9807589,rs4830660,23,9840685,rs5934712,0.111
23,9807589,rs4830660,23,9841088,rs5934713,0.112
23,9807589,rs4830660,23,9841384,rs5979197,0.115
23,9807589,rs4830660,23,9841538,rs763375,0.111
23,9807589,rs4830660,23,9842513,rs2239416,0.111
23,9807589,rs4830660,23,9844232,rs4830667,0.111
23,9807589,rs4830660,23,9844590,rs2283699,0.111
23,9807589,rs4830660,23,9845713,rs4830668,0.111
23,9807589,rs4830660,23,9846194,rs5933777,0.11
23,9807589,rs4830660,23,9859098,rs6640543,0.124
23,9807589,rs4830660,23,9859197,rs6640544,0.123
23,9807589,rs4830660,23,9859947,rs5933780,0.115
23,9807589,rs4830660,23,9871584,rs2405947,0.076
23,9807589,rs4830660,23,9880690,rs41297285,0.076
23,9807589,rs4830660,23,9880816,rs41309547,0.076
23,9807589,rs4830660,23,9881031,rs5978349,0.076
23,9807589,rs4830660,23,9881483,rs41311483,0.074
23,9807589,rs4830660,23,9901055,rs5934719,0.056
23,9807589,rs4830660,23,9902376,rs2238886,0.053
23,9813947,rs35330386,23,9783206,rs5934688,0.39
23,9813947,rs35330386,23,9784377,rs6530322,0.198
23,9813947,rs35330386,23,9785879,rs5934689,0.373
23,9813947,rs35330386,23,9787331,rs5934690,0.389
23,9813947,rs35330386,23,9789469,chrX_9789469_AAG_INDEL,0.289
23,9813947,rs35330386,23,9790311,rs6530324,0.397
23,9813947,rs35330386,23,9791017,chrX:9791017:D,0.463
23,9813947,rs35330386,23,9792092,rs12689381,0.453
23,9813947,rs35330386,23,9792109,rs12689264,0.452
23,9813947,rs35330386,23,9792339,rs6638965,0.453
23,9813947,rs35330386,23,9794171,rs5979186,0.485
23,9813947,rs35330386,23,9794541,rs6530326,0.533
23,9813947,rs35330386,23,9795214,rs976245,0.532
23,9813947,rs35330386,23,9795487,rs12398289,0.532
23,9813947,rs35330386,23,9795725,rs5934693,0.529
23,9813947,rs35330386,23,9795751,rs5934694,0.531
23,9813947,rs35330386,23,9796263,rs5934695,0.531
23,9813947,rs35330386,23,9799195,rs5934697,0.534
23,9813947,rs35330386,23,9799513,rs5934698,0.526
23,9813947,rs35330386,23,9799721,rs6640522,0.535
23,9813947,rs35330386,23,9803494,rs5933761,0.545
23,9813947,rs35330386,23,9803544,rs2405940,0.546
23,9813947,rs35330386,23,9803745,rs1859013,0.549
23,9813947,rs35330386,23,9804342,rs6530329,0.558
23,9813947,rs35330386,23,9804711,rs6530330,0.565
23,9813947,rs35330386,23,9805806,rs6640523,0.535
23,9813947,rs35330386,23,9806794,rs6638968,0.532
23,9813947,rs35330386,23,9807559,rs4830659,0.584
23,9813947,rs35330386,23,9807589,rs4830660,0.679
23,9813947,rs35330386,23,9807693,rs4830661,0.684
23,9813947,rs35330386,23,9808102,rs6530331,0.975
23,9813947,rs35330386,23,9810641,rs6530332,0.982
23,9813947,rs35330386,23,9811095,rs960417,0.681
23,9813947,rs35330386,23,9812529,rs10442483,0.865
23,9813947,rs35330386,23,9812869,rs4830417,0.481
23,9813947,rs35330386,23,9813947,rs35330386,1
23,9813947,rs35330386,23,9814135,rs2405942,1
23,9813947,rs35330386,23,9814284,rs2405943,0.999
23,9813947,rs35330386,23,9814932,rs6530333,0.898
23,9813947,rs35330386,23,9815365,rs5933763,0.893
23,9813947,rs35330386,23,9815521,rs5933764,0.878
23,9813947,rs35330386,23,9815802,rs5933765,0.843
23,9813947,rs35330386,23,9815904,chrX_9815904_A_G,0.098
23,9813947,rs35330386,23,9817513,rs5934702,0.639
23,9813947,rs35330386,23,9817579,rs5934703,0.638
23,9813947,rs35330386,23,9817747,rs4830418,0.639
23,9813947,rs35330386,23,9817979,rs4830419,0.639
23,9813947,rs35330386,23,9818678,rs5933767,0.64
23,9813947,rs35330386,23,9818715,rs5933768,0.622
23,9813947,rs35330386,23,9818764,rs6640530,0.851
23,9813947,rs35330386,23,9819547,rs4830420,0.641
23,9813947,rs35330386,23,9820216,chrX:9820216:I,0.637
23,9813947,rs35330386,23,9820217,chrX_9820217_A_INDEL,0.636
23,9813947,rs35330386,23,9821399,rs5934705,0.634
23,9813947,rs35330386,23,9901055,rs5934719,0.069
23,9813947,rs35330386,23,9902376,rs2238886,0.065
23,9814135,rs2405942,23,9783206,rs5934688,0.39
23,9814135,rs2405942,23,9784377,rs6530322,0.198
23,9814135,rs2405942,23,9785879,rs5934689,0.373
23,9814135,rs2405942,23,9787331,rs5934690,0.389
23,9814135,rs2405942,23,9789469,chrX_9789469_AAG_INDEL,0.289
23,9814135,rs2405942,23,9790311,rs6530324,0.397
23,9814135,rs2405942,23,9791017,chrX:9791017:D,0.462
23,9814135,rs2405942,23,9792092,rs12689381,0.452
23,9814135,rs2405942,23,9792109,rs12689264,0.452
23,9814135,rs2405942,23,9792339,rs6638965,0.453
23,9814135,rs2405942,23,9794171,rs5979186,0.484
23,9814135,rs2405942,23,9794541,rs6530326,0.532
23,9814135,rs2405942,23,9795214,rs976245,0.531
23,9814135,rs2405942,23,9795487,rs12398289,0.531
23,9814135,rs2405942,23,9795725,rs5934693,0.529
23,9814135,rs2405942,23,9795751,rs5934694,0.531
23,9814135,rs2405942,23,9796263,rs5934695,0.531
23,9814135,rs2405942,23,9799195,rs5934697,0.534
23,9814135,rs2405942,23,9799513,rs5934698,0.526
23,9814135,rs2405942,23,9799721,rs6640522,0.535
23,9814135,rs2405942,23,9803494,rs5933761,0.545
23,9814135,rs2405942,23,9803544,rs2405940,0.545
23,9814135,rs2405942,23,9803745,rs1859013,0.549
23,9814135,rs2405942,23,9804342,rs6530329,0.557
23,9814135,rs2405942,23,9804711,rs6530330,0.565
23,9814135,rs2405942,23,9805806,rs6640523,0.535
23,9814135,rs2405942,23,9806794,rs6638968,0.532
23,9814135,rs2405942,23,9807559,rs4830659,0.583
23,9814135,rs2405942,23,9807589,rs4830660,0.679
23,9814135,rs2405942,23,9807693,rs4830661,0.683
23,9814135,rs2405942,23,9808102,rs6530331,0.974
23,9814135,rs2405942,23,9810641,rs6530332,0.981
23,9814135,rs2405942,23,9811095,rs960417,0.68
23,9814135,rs2405942,23,9812529,rs10442483,0.864
23,9814135,rs2405942,23,9812869,rs4830417,0.481
23,9814135,rs2405942,23,9813947,rs35330386,1
23,9814135,rs2405942,23,9814135,rs2405942,1
23,9814135,rs2405942,23,9814284,rs2405943,0.999
23,9814135,rs2405942,23,9814932,rs6530333,0.898
23,9814135,rs2405942,23,9815365,rs5933763,0.893
23,9814135,rs2405942,23,9815521,rs5933764,0.878
23,9814135,rs2405942,23,9815802,rs5933765,0.843
23,9814135,rs2405942,23,9815904,chrX_9815904_A_G,0.098
23,9814135,rs2405942,23,9817513,rs5934702,0.639
23,9814135,rs2405942,23,9817579,rs5934703,0.638
23,9814135,rs2405942,23,9817747,rs4830418,0.639
23,9814135,rs2405942,23,9817979,rs4830419,0.639
23,9814135,rs2405942,23,9818678,rs5933767,0.64
23,9814135,rs2405942,23,9818715,rs5933768,0.623
23,9814135,rs2405942,23,9818764,rs6640530,0.851
23,9814135,rs2405942,23,9819547,rs4830420,0.641
23,9814135,rs2405942,23,9820216,chrX:9820216:I,0.637
23,9814135,rs2405942,23,9820217,chrX_9820217_A_INDEL,0.636
23,9814135,rs2405942,23,9821399,rs5934705,0.634
23,9814135,rs2405942,23,9901055,rs5934719,0.069
23,9814135,rs2405942,23,9902376,rs2238886,0.065
