SNP,rsid,BP,PP_best_tag,PP_tag_r2,PostProb,BF,JAM99
rs201564676,chrX:52876371:D,52876371,NA,NA,NA,NA,0
rs377245430,chrX:52898212:I,52898212,NA,NA,NA,NA,0
rs200370637,chrX:52903490:D,52903490,NA,NA,NA,NA,0
rs201324628,chrX:52953296:I,52953296,NA,NA,NA,NA,0
rs376735673,chrX:52958474:D,52958474,NA,NA,NA,NA,0
rs77252891,chrX:53012757:I,53012757,NA,NA,NA,NA,0
rs56048298,chrX:53014681:I,53014681,NA,NA,NA,NA,0
rs57979901,chrX:53017555:I,53017555,NA,NA,NA,NA,0
rs375006593,chrX:53052559:D,53052559,NA,NA,NA,NA,0
rs2806849,chrX_52885883_A_C,52885883,NA,NA,NA,NA,0
rs112503205,chrX_52890898_C_T,52890898,NA,NA,NA,NA,0
rs2807031,chrX_52896949_C_T,52896949,NA,NA,NA,NA,0
rs2491154,chrX_52897595_A_G,52897595,NA,NA,NA,NA,0
rs5951168,chrX_53018409_C_G,53018409,NA,NA,NA,NA,0
rs111986216,kgp22811166,52956501,NA,NA,NA,NA,0
rs111524826,rs111524826,52882590,NA,NA,NA,NA,0
rs111720584,rs111720584,52878147,NA,NA,NA,NA,0
rs112043338,rs112043338,52905679,NA,NA,NA,NA,0
rs112046678,rs112046678,52905649,NA,NA,NA,NA,0
rs112142195,rs112142195,52893118,NA,NA,NA,NA,0
rs112651013,rs112651013,52905324,NA,NA,NA,NA,0
rs112661327,rs112661327,52883540,NA,NA,NA,NA,0
rs112753185,rs112753185,52885367,NA,NA,NA,NA,0
rs112771604,rs112771604,52879413,NA,NA,NA,NA,0
rs112851863,rs112851863,52880664,NA,NA,NA,NA,0
rs112917082,rs112917082,52886633,NA,NA,NA,NA,0
rs112970152,rs112970152,52949499,NA,NA,NA,NA,0
rs113211974,rs113211974,52955522,NA,NA,NA,NA,0
rs113276965,rs113276965,52888000,NA,NA,NA,NA,0
rs113352673,rs113352673,52955248,NA,NA,NA,NA,0
rs113429311,rs113429311,52910700,NA,NA,NA,NA,0
rs113953610,rs113953610,52895849,NA,NA,NA,NA,0
rs113968011,rs113968011,52878272,NA,NA,NA,NA,0
rs113974379,rs113974379,52885496,NA,NA,NA,NA,0
rs12834684,rs12834684,53040646,NA,NA,NA,NA,0
rs12840297,rs12840297,53040897,NA,NA,NA,NA,0
rs12852971,rs12852971,52611810,NA,NA,NA,NA,0
rs142306807,rs142306807,52874735,NA,NA,NA,NA,0
rs143470704,rs143470704,52877918,NA,NA,NA,NA,0
rs113191483,rs144359158,52875887,NA,NA,NA,NA,0
rs144581553,rs144581553,52882194,NA,NA,NA,NA,0
rs148944285,rs148944285,52897406,NA,NA,NA,NA,0
rs17002009,rs17002009,52885291,NA,NA,NA,NA,0
rs193131910,rs193131910,52950810,NA,NA,NA,NA,0
rs2491155,rs2491155,52897578,NA,NA,NA,NA,0
rs2806851,rs2806851,52898753,NA,NA,NA,NA,0
rs2807030,rs2807030,52904529,NA,NA,NA,NA,0
rs41306369,rs41306369,52896377,NA,NA,NA,NA,0
rs4291438,rs4291438,52899235,NA,NA,NA,NA,0
rs4291439,rs4291439,52899379,NA,NA,NA,NA,0
rs4543711,rs4543711,52846508,NA,NA,NA,NA,0
rs4986582,rs4986582,53044825,NA,NA,NA,NA,0
rs4986583,rs4986583,53013021,NA,NA,NA,NA,0
rs4986584,rs4986584,53030163,NA,NA,NA,NA,0
rs4986585,rs4986585,53017633,NA,NA,NA,NA,0
rs4986586,rs4986586,53020368,NA,NA,NA,NA,0
rs4986587,rs4986587,53039090,NA,NA,NA,NA,0
rs5943648,rs5943648,52613835,NA,NA,NA,NA,0
rs5943715,rs5943715,52666564,NA,NA,NA,NA,0
rs5943723,rs5943723,52694660,NA,NA,NA,NA,0
rs5943724,rs5943724,52695895,rs5943724,NA,1,Inf,1
rs5951137,rs5951137,53049271,NA,NA,NA,NA,0
rs5951139,rs5951139,53052155,NA,NA,NA,NA,0
rs5951140,rs5951140,53052302,NA,NA,NA,NA,0
rs5951142,rs5951142,53003983,NA,NA,NA,NA,0
rs5951143,rs5951143,53020839,NA,NA,NA,NA,0
rs5951144,rs5951144,53029008,NA,NA,NA,NA,0
rs5951145,rs5951145,53036360,NA,NA,NA,NA,0
rs5951148,rs5951148,53044145,NA,NA,NA,NA,0
rs5951152,rs5951152,53051705,NA,NA,NA,NA,0
rs5951155,rs5951155,53055916,NA,NA,NA,NA,0
rs5951162,rs5951162,53004072,NA,NA,NA,NA,0
rs5951164,rs5951164,53004364,NA,NA,NA,NA,0
rs5951165,rs5951165,53004994,NA,NA,NA,NA,0
rs5951166,rs5951166,53011648,NA,NA,NA,NA,0
rs5951167,rs5951167,53014150,NA,NA,NA,NA,0
rs5951170,rs5951170,53032280,NA,NA,NA,NA,0
rs5951171,rs5951171,53035924,NA,NA,NA,NA,0
rs5986148,rs5986148,52586545,NA,NA,NA,NA,0
rs5991828,rs5991828,53024926,NA,NA,NA,NA,0
rs5991831,rs5991831,53045870,NA,NA,NA,NA,0
rs5991832,rs5991832,53045948,NA,NA,NA,NA,0
rs5991840,rs5991840,52951462,NA,NA,NA,NA,0
rs5991846,rs5991846,53022887,NA,NA,NA,NA,0
rs6643514,rs6643514,53035603,NA,NA,NA,NA,0
rs6643517,rs6643517,53053254,NA,NA,NA,NA,0
rs6643518,rs6643518,52593207,NA,NA,NA,NA,0
rs6643589,rs6643589,53017141,NA,NA,NA,NA,0
rs6643592,rs6643592,53033392,NA,NA,NA,NA,0
rs6643602,rs6643602,53056259,NA,NA,NA,NA,0
rs7051664,rs7051664,53003418,NA,NA,NA,NA,0
rs73488291,rs73488291,53053897,NA,NA,NA,NA,0
rs9724071,rs9724071,53055500,NA,NA,NA,NA,0
