CHR_A	BP_A	SNP_A	CHR_B	BP_B	SNP_B	R2
2	173309618	rs13410475	2	172827293	rs148800555	0.0906124
2	173309618	rs13410475	2	172849315	rs115101293	0.0900419
2	173309618	rs13410475	2	173039927	rs10930522	0.100329
2	173309618	rs13410475	2	173110755	rs72894812	0.112165
2	173309618	rs13410475	2	173110756	rs72894814	0.113267
2	173309618	rs13410475	2	173111008	rs199850764	0.11662
2	173309618	rs13410475	2	173112288	rs4972461	0.115515
2	173309618	rs13410475	2	173138562	rs4972759	0.105346
2	173309618	rs13410475	2	173149939	rs61548167	0.129298
2	173309618	rs13410475	2	173150639	rs60062172	0.127319
2	173309618	rs13410475	2	173150720	rs59586512	0.13169
2	173309618	rs13410475	2	173150972	rs12619466	0.129181
2	173309618	rs13410475	2	173155623	rs61007555	0.119855
2	173309618	rs13410475	2	173157649	rs143023402	0.114414
2	173309618	rs13410475	2	173164158	rs57053949	0.117036
2	173309618	rs13410475	2	173166595	rs59911001	0.116621
2	173309618	rs13410475	2	173167558	rs10207045	0.09461
2	173309618	rs13410475	2	173168503	rs12620834	0.11279
2	173309618	rs13410475	2	173168867	rs3934991	0.109962
2	173309618	rs13410475	2	173170168	rs12622656	0.108371
2	173309618	rs13410475	2	173173201	rs75861406	0.10873
2	173309618	rs13410475	2	173174903	rs59319074	0.11591
2	173309618	rs13410475	2	173179864	rs61123840	0.097437
2	173309618	rs13410475	2	173193150	rs79975503	0.101761
2	173309618	rs13410475	2	173201650	rs12614920	0.0903881
2	173309618	rs13410475	2	173272900	rs3033183	0.109525
2	173309618	rs13410475	2	173272901	rs80336719	0.117236
2	173309618	rs13410475	2	173273546	rs6707676	0.106679
2	173309618	rs13410475	2	173274643	rs66572984	0.0963777
2	173309618	rs13410475	2	173275293	rs7424223	0.0995514
2	173309618	rs13410475	2	173276394	rs145181801	0.123992
2	173309618	rs13410475	2	173276408	rs149224720	0.120192
2	173309618	rs13410475	2	173276569	rs60795268	0.101166
2	173309618	rs13410475	2	173276627	rs138698248	0.0987845
2	173309618	rs13410475	2	173276628	rs201253893	0.0993159
2	173309618	rs13410475	2	173277361	rs16860321	0.0989878
2	173309618	rs13410475	2	173278777	rs2884179	0.099086
2	173309618	rs13410475	2	173279824	rs76698112	0.134706
2	173309618	rs13410475	2	173285361	rs79688163	0.159517
2	173309618	rs13410475	2	173286318	rs76709934	0.28663
2	173309618	rs13410475	2	173286319	rs76733736	0.217252
2	173309618	rs13410475	2	173288337	rs2008518	0.354259
2	173309618	rs13410475	2	173288615	rs140189316	0.35716
2	173309618	rs13410475	2	173288817	rs2178476	0.35716
2	173309618	rs13410475	2	173289239	rs1001926	0.35716
2	173309618	rs13410475	2	173289625	rs78582092	0.354259
2	173309618	rs13410475	2	173290287	rs2272496	0.35716
2	173309618	rs13410475	2	173290562	rs76058534	0.35139
2	173309618	rs13410475	2	173292379	rs144682022	0.315795
2	173309618	rs13410475	2	173292709	rs6744873	0.127911
2	173309618	rs13410475	2	173292713	rs6716540	0.134371
2	173309618	rs13410475	2	173292728	rs6731763	0.130244
2	173309618	rs13410475	2	173292885	rs6716781	0.141004
2	173309618	rs13410475	2	173293419	rs12475433	0.0982203
2	173309618	rs13410475	2	173293562	rs79121204	0.330302
2	173309618	rs13410475	2	173293584	rs76862931	0.304841
2	173309618	rs13410475	2	173295405	rs12053442	0.631183
2	173309618	rs13410475	2	173296252	rs76264695	0.607535
2	173309618	rs13410475	2	173296624	rs3115745	0.0929607
2	173309618	rs13410475	2	173297783	rs75166599	0.657043
2	173309618	rs13410475	2	173297871	rs77282844	0.540576
2	173309618	rs13410475	2	173298891	rs116789570	0.0918343
2	173309618	rs13410475	2	173299266	rs75979419	0.705541
2	173309618	rs13410475	2	173300053	rs7608097	0.226045
2	173309618	rs13410475	2	173300939	rs75689576	0.847116
2	173309618	rs13410475	2	173301275	rs59454075	0.696518
2	173309618	rs13410475	2	173302006	rs79160711	0.847116
2	173309618	rs13410475	2	173303031	rs28485589	0.797031
2	173309618	rs13410475	2	173303047	rs57878744	0.689698
2	173309618	rs13410475	2	173303065	rs56892098	0.689698
2	173309618	rs13410475	2	173303251	rs74483274	0.689698
2	173309618	rs13410475	2	173303310	rs80010354	0.686583
2	173309618	rs13410475	2	173303391	rs76837457	0.686583
2	173309618	rs13410475	2	173303484	rs141195656	0.68349
2	173309618	rs13410475	2	173303531	rs78181761	0.748064
2	173309618	rs13410475	2	173303800	rs79416408	0.686583
2	173309618	rs13410475	2	173304302	rs13414928	0.686241
2	173309618	rs13410475	2	173305173	rs58514604	0.185076
2	173309618	rs13410475	2	173305382	rs4405725	0.673435
2	173309618	rs13410475	2	173305731	rs7596259	0.174635
2	173309618	rs13410475	2	173305795	rs11316268	0.18516
2	173309618	rs13410475	2	173305847	rs3762618	0.748745
2	173309618	rs13410475	2	173306284	rs201928460	0.532729
2	173309618	rs13410475	2	173307573	rs9287954	0.258832
2	173309618	rs13410475	2	173307726	rs10207640	1
2	173309618	rs13410475	2	173307756	rs10207654	1
2	173309618	rs13410475	2	173308194	rs16860397	0.727784
2	173309618	rs13410475	2	173308318	rs7604404	0.271342
2	173309618	rs13410475	2	173308615	rs10187564	1
2	173309618	rs13410475	2	173309316	rs67923340	0.265449
2	173309618	rs13410475	2	173309330	rs148644163	0.842441
2	173309618	rs13410475	2	173309402	rs80353656	0.727784
2	173309618	rs13410475	2	173309618	rs13410475	1
2	173309618	rs13410475	2	173309691	rs142858678	0.264793
2	173309618	rs13410475	2	173309803	rs146618443	1
2	173309618	rs13410475	2	173309819	rs111728262	0.232718
2	173309618	rs13410475	2	173311553	rs12621278	0.851419
2	173309618	rs13410475	2	173311682	rs12615596	0.626894
2	173309618	rs13410475	2	173311774	rs149590445	0.119137
2	173309618	rs13410475	2	173313453	rs1574259	0.851419
2	173309618	rs13410475	2	173313965	rs1574256	0.851419
2	173309618	rs13410475	2	173314081	rs7607084	0.107771
2	173309618	rs13410475	2	173314339	rs10210544	0.272902
2	173309618	rs13410475	2	173314713	rs12052253	0.855637
2	173309618	rs13410475	2	173315717	rs13387602	0.297612
2	173309618	rs13410475	2	173316217	rs12052385	0.723622
2	173309618	rs13410475	2	173316419	rs79653957	0.112441
2	173309618	rs13410475	2	173316788	rs16860416	0.253271
2	173309618	rs13410475	2	173317497	rs118181990	0.119137
2	173309618	rs13410475	2	173317826	rs16860419	0.723622
2	173309618	rs13410475	2	173318179	rs115112210	0.847031
2	173309618	rs13410475	2	173318244	rs114161133	0.847031
2	173309618	rs13410475	2	173318571	rs13421350	0.296191
2	173309618	rs13410475	2	173319112	rs16860426	0.833665
2	173309618	rs13410475	2	173319930	rs77167534	0.795839
2	173309618	rs13410475	2	173320380	rs6726739	0.245473
2	173309618	rs13410475	2	173320805	rs75745863	0.109044
2	173309618	rs13410475	2	173320956	rs28595036	0.245473
2	173309618	rs13410475	2	173321413	rs16860438	0.795839
2	173309618	rs13410475	2	173321791	rs116532339	0.795839
2	173309618	rs13410475	2	173321883	rs10208194	0.243996
2	173309618	rs13410475	2	173322326	rs7564416	0.253407
2	173309618	rs13410475	2	173322705	rs34679972	0.229094
2	173309618	rs13410475	2	173322927	rs35783685	0.243293
2	173309618	rs13410475	2	173323005	rs35821653	0.236634
2	173309618	rs13410475	2	173323113	rs117974080	0.106856
2	173309618	rs13410475	2	173323184	rs201386644	0.104202
2	173309618	rs13410475	2	173323838	rs12464480	0.230469
2	173309618	rs13410475	2	173323989	rs35180608	0.228534
2	173309618	rs13410475	2	173323998	rs36040769	0.228679
2	173309618	rs13410475	2	173324013	rs35700760	0.228679
2	173309618	rs13410475	2	173324218	rs68069880	0.227936
2	173309618	rs13410475	2	173324256	rs75888567	0.72016
2	173309618	rs13410475	2	173324272	rs34526119	0.225721
2	173309618	rs13410475	2	173324357	rs35861954	0.227936
2	173309618	rs13410475	2	173324817	rs16860450	0.227936
2	173309618	rs13410475	2	173324908	rs12622724	0.72016
2	173309618	rs13410475	2	173325122	rs12616256	0.227936
2	173309618	rs13410475	2	173325198	rs12622816	0.227936
2	173309618	rs13410475	2	173325244	rs12613307	0.72016
2	173309618	rs13410475	2	173325876	rs35288169	0.227936
2	173309618	rs13410475	2	173326436	rs1076594	0.117905
2	173309618	rs13410475	2	173326919	rs2357411	0.124636
2	173309618	rs13410475	2	173327249	rs1076596	0.228537
2	173309618	rs13410475	2	173327273	rs1076597	0.100722
2	173309618	rs13410475	2	173327823	rs74461567	0.735698
2	173309618	rs13410475	2	173329714	rs12620581	0.241465
2	173309618	rs13410475	2	173329965	rs12471315	0.133862
2	173309618	rs13410475	2	173331076	rs116108611	0.699586
2	173309618	rs13410475	2	173331275	rs146479038	0.105705
2	173309618	rs13410475	2	173331436	rs12616959	0.167151
2	173309618	rs13410475	2	173331972	rs2272497	0.105705
2	173309618	rs13410475	2	173332115	rs2272499	0.109799
2	173309618	rs13410475	2	173332690	rs59386043	0.168158
2	173309618	rs13410475	2	173332706	rs7584971	0.151778
2	173309618	rs13410475	2	173332725	rs7584977	0.152687
2	173309618	rs13410475	2	173332829	rs3792254	0.169406
2	173309618	rs13410475	2	173334161	rs201122947	0.100917
2	173309618	rs13410475	2	173334716	rs16860478	0.707965
2	173309618	rs13410475	2	173334826	rs6743724	0.0984319
2	173309618	rs13410475	2	173337495	rs16860497	0.148909
2	173309618	rs13410475	2	173340209	rs55867175	0.703791
2	173309618	rs13410475	2	173341396	rs55667609	0.105705
2	173309618	rs13410475	2	173342367	rs16860513	0.564265
2	173309618	rs13410475	2	173342416	rs16860515	0.707965
2	173309618	rs13410475	2	173344128	rs9636257	0.707965
2	173309618	rs13410475	2	173344680	rs2293647	0.591926
2	173309618	rs13410475	2	173344846	rs55767844	0.105705
2	173309618	rs13410475	2	173347338	rs72085754	0.149184
2	173309618	rs13410475	2	173347698	rs116873711	0.105705
2	173309618	rs13410475	2	173349025	rs10930558	0.119982
2	173309618	rs13410475	2	173351199	rs2701268	0.19582
2	173309618	rs13410475	2	173352157	rs2293648	0.691497
2	173309618	rs13410475	2	173352824	rs10930559	0.679531
2	173309618	rs13410475	2	173353000	rs34069971	0.54001
2	173309618	rs13410475	2	173362046	rs79474289	0.695636
2	173309618	rs13410475	2	173366960	rs2293645	0.663871
2	173309618	rs13410475	2	173368358	rs16860634	0.691497
2	173309618	rs13410475	2	173370689	rs71744051	0.582904
2	173309618	rs13410475	2	173371278	rs16860643	0.607257
2	173309618	rs13410475	2	173371508	rs199505421	0.274076
2	173309618	rs13410475	2	173371510	rs66549862	0.206645
2	173309618	rs13410475	2	173373190	rs1574257	0.150461
2	173309618	rs13410475	2	173373831	rs114997784	0.582904
2	173309618	rs13410475	2	173374424	rs78534109	0.687473
2	173309618	rs13410475	2	173375391	rs60096331	0.592719
2	173309618	rs13410475	2	173375690	rs10205409	0.257608
2	173309618	rs13410475	2	173376319	rs59476799	0.643351
2	173309618	rs13410475	2	173377277	rs57404607	0.588412
2	173309618	rs13410475	2	173377302	rs59374567	0.588412
2	173309618	rs13410475	2	173377384	rs10803874	0.276889
2	173309618	rs13410475	2	173378344	rs59970483	0.557061
2	173309618	rs13410475	2	173378821	rs13398175	0.151371
2	173309618	rs13410475	2	173379230	rs78623829	0.588412
2	173309618	rs13410475	2	173379845	rs61194109	0.115865
2	173309618	rs13410475	2	173382777	rs115142421	0.613364
2	173309618	rs13410475	2	173382986	rs76738244	0.588412
2	173309618	rs13410475	2	173387668	rs4075604	0.153148
2	173309618	rs13410475	2	173390343	rs12052921	0.169326
2	173309618	rs13410475	2	173390454	rs57121294	0.617336
2	173309618	rs13410475	2	173390783	rs59300838	0.170768
2	173309618	rs13410475	2	173391851	rs142975632	0.441665
2	173309618	rs13410475	2	173392502	rs151185243	0.115865
2	173309618	rs13410475	2	173392942	rs183141927	0.690862
2	173309618	rs13410475	2	173393605	rs116907782	0.695636
2	173309618	rs13410475	2	173393903	rs147233048	0.695636
2	173309618	rs13410475	2	173394201	rs142731545	0.613364
2	173309618	rs13410475	2	173395373	rs75669437	0.695636
2	173309618	rs13410475	2	173396150	rs10208469	0.260586
2	173309618	rs13410475	2	173396823	rs75073297	0.257986
2	173309618	rs13410475	2	173397690	rs12615584	0.695636
2	173309618	rs13410475	2	173398027	rs2178477	0.259313
2	173309618	rs13410475	2	173399117	rs7589362	0.256728
2	173309618	rs13410475	2	173399767	rs57587465	0.695636
2	173309618	rs13410475	2	173400156	rs145463827	0.638026
2	173309618	rs13410475	2	173401080	rs149549027	0.260586
2	173309618	rs13410475	2	173401123	rs6741759	0.613364
2	173309618	rs13410475	2	173401264	rs79481012	0.588412
2	173309618	rs13410475	2	173401348	rs56882727	0.695636
2	173309618	rs13410475	2	173401494	rs6727229	0.259313
2	173309618	rs13410475	2	173401666	rs6730284	0.613364
2	173309618	rs13410475	2	173401903	rs6730763	0.153367
2	173309618	rs13410475	2	173403028	rs7557674	0.12465
2	173309618	rs13410475	2	173403101	rs181480655	0.47765
2	173309618	rs13410475	2	173403181	rs185475817	0.548693
2	173309618	rs13410475	2	173403330	rs188148040	0.486252
2	173309618	rs13410475	2	173403802	rs200462793	0.0923262
2	173309618	rs13410475	2	173404804	rs12052479	0.153807
2	173309618	rs13410475	2	173404886	rs7591769	0.213648
2	173309618	rs13410475	2	173405330	rs6743174	0.638026
2	173309618	rs13410475	2	173406018	rs147340898	0.588412
2	173309618	rs13410475	2	173408345	rs56832945	0.15269
2	173309618	rs13410475	2	173408545	rs61194385	0.152253
2	173309618	rs13410475	2	173408637	rs71403312	0.128419
2	173309618	rs13410475	2	173408788	rs55966259	0.15269
2	173309618	rs13410475	2	173409320	rs138822454	0.588412
2	173309618	rs13410475	2	173410168	rs74355465	0.613364
2	173309618	rs13410475	2	173410420	rs34871211	0.152678
2	173309618	rs13410475	2	173410530	rs150496972	0.115865
2	173309618	rs13410475	2	173411004	rs115160117	0.613364
2	173309618	rs13410475	2	173412858	rs35022330	0.15269
2	173309618	rs13410475	2	173413146	rs12469537	0.152317
2	173309618	rs13410475	2	173414959	rs116860308	0.105705
2	173309618	rs13410475	2	173415706	rs78647569	0.541072
2	173309618	rs13410475	2	173417671	rs35077188	0.371142
2	173309618	rs13410475	2	173419009	rs74807097	0.108066
2	173309618	rs13410475	2	173419805	rs10181851	0.101238
2	173309618	rs13410475	2	173420024	rs3835124	0.476387
2	173309618	rs13410475	2	173420254	rs3765065	0.102368
2	173309618	rs13410475	2	173421249	rs10930561	0.459885
2	173309618	rs13410475	2	173423066	rs8179584	0.400756
2	173309618	rs13410475	2	173424075	rs78279758	0.459885
2	173309618	rs13410475	2	173424407	rs151175749	0.400756
2	173309618	rs13410475	2	173425349	rs6752386	0.0974387
2	173309618	rs13410475	2	173427727	rs74265085	0.108066
2	173309618	rs13410475	2	173428874	rs6433368	0.0935521
2	173309618	rs13410475	2	173431040	rs10930563	0.459885
2	173309618	rs13410475	2	173433186	rs2290563	0.0969865
2	173309618	rs13410475	2	173437490	rs59990001	0.108066
2	173309618	rs13410475	2	173440945	rs12467086	0.352241
2	173309618	rs13410475	2	173441448	rs62167835	0.0926783
2	173309618	rs13410475	2	173444462	rs6738196	0.0951876
2	173309618	rs13410475	2	173444805	rs34421752	0.104375
2	173309618	rs13410475	2	173445325	rs12476089	0.0965002
2	173309618	rs13410475	2	173446115	rs10930564	0.352241
2	173309618	rs13410475	2	173446350	rs139756689	0.459885
2	173309618	rs13410475	2	173448383	rs74265086	0.459885
2	173309618	rs13410475	2	173448940	2:173448940	0.453245
2	173309618	rs13410475	2	173450756	rs11884789	0.0953768
2	173309618	rs13410475	2	173452006	rs118107311	0.459885
2	173309618	rs13410475	2	173452754	rs6710129	0.0951876
2	173309618	rs13410475	2	173453278	rs16860693	0.400756
2	173309618	rs13410475	2	173453471	rs117897460	0.459885
2	173309618	rs13410475	2	173454235	rs10930565	0.091966
2	173309618	rs13410475	2	173454364	rs76624092	0.459885
2	173309618	rs13410475	2	173455878	rs79246370	0.424995
2	173309618	rs13410475	2	173456039	rs77843385	0.386619
2	173309618	rs13410475	2	173456679	rs34051646	0.0905498
2	173309618	rs13410475	2	173457309	rs76751608	0.317166
2	173309618	rs13410475	2	173460336	rs79485922	0.108066
2	173309618	rs13410475	2	173460803	rs1530864	0.424995
2	173309618	rs13410475	2	173461090	rs1530865	0.372403
2	173309618	rs13410475	2	173461799	rs70937083	0.424995
2	173309618	rs13410475	2	173461820	rs11904158	0.0902021
2	173309618	rs13410475	2	173462593	rs70937084	0.424995
2	173309618	rs13410475	2	173463138	rs2357637	0.317166
2	173309618	rs13410475	2	173463646	rs70937086	0.108066
2	173309618	rs13410475	2	173467213	rs12693006	0.0933167
2	173309618	rs13410475	2	173467301	rs13019331	0.0902021
2	173309618	rs13410475	2	173469332	rs61505737	0.369962
2	173309618	rs13410475	2	173470186	rs77271607	0.424995
2	173309618	rs13410475	2	173470781	rs79037658	0.419057
2	173309618	rs13410475	2	173471302	rs75740747	0.0977323
2	173309618	rs13410475	2	173474018	rs75202749	0.310367
2	173309618	rs13410475	2	173480713	rs78205119	0.304002
2	173309618	rs13410475	2	173480714	rs77511817	0.307738
2	173309618	rs13410475	2	173482108	rs78132475	0.326958
2	173309618	rs13410475	2	173482678	rs1010752	0.311936
2	173309618	rs13410475	2	173485683	rs35046889	0.0906784
2	173309618	rs13410475	2	173486622	rs187504991	0.104568
2	173309618	rs13410475	2	173487365	rs199864598	0.0946678
2	173309618	rs13410475	2	173489046	rs12465512	0.335387
2	173309618	rs13410475	2	173491479	rs10930566	0.335387
2	173309618	rs13410475	2	173491591	rs10930567	0.335387
2	173309618	rs13410475	2	173493107	rs836590	0.0914932
2	173309618	rs13410475	2	173493886	rs1531149	0.316037
2	173309618	rs13410475	2	173493892	rs1531148	0.316037
2	173309618	rs13410475	2	173494214	rs6718681	0.326958
2	173309618	rs13410475	2	173494375	rs6719140	0.314775
2	173309618	rs13410475	2	173496753	rs147080643	0.329039
2	173309618	rs13410475	2	173501069	rs836628	0.221067
2	173309618	rs13410475	2	173501364	rs141701620	0.0958155
2	173309618	rs13410475	2	173501568	rs836626	0.132061
2	173309618	rs13410475	2	173505742	rs61410699	0.0957252
2	173309618	rs13410475	2	173506589	rs836623	0.102429
2	173309618	rs13410475	2	173507270	rs836622	0.101379
2	173309618	rs13410475	2	173507354	rs836621	0.101379
2	173309618	rs13410475	2	173507816	rs836620	0.118296
2	173309618	rs13410475	2	173508467	rs60127617	0.326879
2	173309618	rs13410475	2	173510140	rs836618	0.0967488
2	173309618	rs13410475	2	173510520	rs77437224	0.326879
2	173309618	rs13410475	2	173512112	rs80158804	0.326879
2	173309618	rs13410475	2	173512297	rs836617	0.130211
2	173309618	rs13410475	2	173512549	rs2122833	0.227822
2	173309618	rs13410475	2	173512756	rs836616	0.130211
2	173309618	rs13410475	2	173513266	rs836615	0.0960451
2	173309618	rs13410475	2	173513370	rs836614	0.102952
2	173309618	rs13410475	2	173514201	rs1097478	0.117535
2	173309618	rs13410475	2	173514355	rs12617037	0.326879
2	173309618	rs13410475	2	173514953	rs137897332	0.326879
2	173309618	rs13410475	2	173515608	rs150114371	0.321446
2	173309618	rs13410475	2	173516236	rs146117549	0.0988141
2	173309618	rs13410475	2	173517103	rs1097475	0.0954465
2	173309618	rs13410475	2	173517732	rs1097474	0.0920918
2	173309618	rs13410475	2	173518104	rs12620518	0.326879
2	173309618	rs13410475	2	173520084	rs34043892	0.103203
2	173309618	rs13410475	2	173520412	rs79060028	0.326879
2	173309618	rs13410475	2	173522044	rs61121406	0.317763
2	173309618	rs13410475	2	173522073	rs10930568	0.326879
2	173309618	rs13410475	2	173522194	rs836609	0.0967488
2	173309618	rs13410475	2	173522281	rs836608	0.106234
2	173309618	rs13410475	2	173522525	rs58324965	0.328982
2	173309618	rs13410475	2	173525089	rs59685886	0.0988141
2	173309618	rs13410475	2	173528547	rs836603	0.0925042
2	173309618	rs13410475	2	173528947	rs139394539	0.227822
2	173309618	rs13410475	2	173530209	rs16860781	0.326879
2	173309618	rs13410475	2	173531476	rs836643	0.25748
2	173309618	rs13410475	2	173531721	rs78370943	0.322724
2	173309618	rs13410475	2	173532650	rs78373236	0.223986
2	173309618	rs13410475	2	173533322	rs16860789	0.312011
2	173309618	rs13410475	2	173535585	rs12052531	0.312011
2	173309618	rs13410475	2	173537366	rs12052642	0.103437
2	173309618	rs13410475	2	173537624	rs76262493	0.307981
2	173309618	rs13410475	2	173541814	rs836639	0.0938705
2	173309618	rs13410475	2	173542006	rs6743273	0.102826
2	173309618	rs13410475	2	173544598	rs202155687	0.250496
2	173309618	rs13410475	2	173544881	rs80179683	0.17443
2	173309618	rs13410475	2	173546061	rs113863115	0.0994636
2	173309618	rs13410475	2	173546667	rs144216493	0.312011
2	173309618	rs13410475	2	173547593	rs142624099	0.312011
2	173309618	rs13410475	2	173553609	rs12621044	0.223986
2	173309618	rs13410475	2	173554470	esv2672444	0.308783
2	173309618	rs13410475	2	173556458	rs72489033	0.308783
2	173309618	rs13410475	2	173556523	rs77048077	0.308783
2	173309618	rs13410475	2	173557204	rs59578456	0.308783
2	173309618	rs13410475	2	173557656	rs74791596	0.308783
2	173309618	rs13410475	2	173558117	rs12464110	0.308783
2	173309618	rs13410475	2	173559068	rs6733671	0.303559
2	173309618	rs13410475	2	173559952	rs836601	0.18058
2	173309618	rs13410475	2	173560676	rs77771090	0.305566
2	173309618	rs13410475	2	173562031	rs6709144	0.305566
2	173309618	rs13410475	2	173562516	rs201446138	0.290467
2	173309618	rs13410475	2	173562517	rs146021188	0.290467
2	173309618	rs13410475	2	173564487	rs149913877	0.285497
2	173309618	rs13410475	2	173564638	rs12465795	0.305566
2	173309618	rs13410475	2	173566933	rs74265101	0.305566
2	173309618	rs13410475	2	173568165	rs12469378	0.305566
2	173309618	rs13410475	2	173568964	rs77143891	0.305566
2	173309618	rs13410475	2	173569663	rs12617921	0.303559
2	173309618	rs13410475	2	173570074	rs12618078	0.305566
2	173309618	rs13410475	2	173570130	rs12618102	0.0969453
2	173309618	rs13410475	2	173570239	rs12618132	0.305566
2	173309618	rs13410475	2	173578794	rs16860834	0.226283
2	173309618	rs13410475	2	173583334	rs12613850	0.122013
2	173309618	rs13410475	2	173585255	rs79134870	0.14661
2	173309618	rs13410475	2	173588663	rs12612754	0.148385
2	173309618	rs13410475	2	173589239	rs1376556	0.148385
2	173311553	rs12621278	2	172814255	rs17615352	0.12035
2	173311553	rs12621278	2	172816253	rs17581481	0.12035
2	173311553	rs12621278	2	172817287	rs76484787	0.11639
2	173311553	rs12621278	2	172825343	rs12624292	0.118638
2	173311553	rs12621278	2	172827293	rs148800555	0.123257
2	173311553	rs12621278	2	172845890	rs58955804	0.112742
2	173311553	rs12621278	2	172849315	rs115101293	0.122727
2	173311553	rs12621278	2	172853413	rs17581509	0.12035
2	173311553	rs12621278	2	172855694	rs77233471	0.12035
2	173311553	rs12621278	2	172857354	rs35079645	0.115377
2	173311553	rs12621278	2	172857356	rs199891876	0.115767
2	173311553	rs12621278	2	172861395	rs146208171	0.111829
2	173311553	rs12621278	2	172863132	rs57377675	0.113829
2	173311553	rs12621278	2	172864675	rs117653441	0.108305
2	173311553	rs12621278	2	172866276	rs141659267	0.092917
2	173311553	rs12621278	2	172866774	rs139356313	0.105896
2	173311553	rs12621278	2	172914293	rs10167594	0.0931476
2	173311553	rs12621278	2	172915526	rs10171214	0.0913817
2	173311553	rs12621278	2	172915822	rs10209911	0.0967759
2	173311553	rs12621278	2	172915976	rs73976544	0.0973934
2	173311553	rs12621278	2	172919206	rs12052482	0.0913817
2	173311553	rs12621278	2	172919713	rs10930503	0.0913817
2	173311553	rs12621278	2	172920423	rs1038564	0.0913817
2	173311553	rs12621278	2	172920464	rs1344393	0.0902217
2	173311553	rs12621278	2	172922039	rs72089517	0.0906965
2	173311553	rs12621278	2	172923452	rs12622144	0.0913817
2	173311553	rs12621278	2	172923787	rs57656367	0.0919668
2	173311553	rs12621278	2	172924168	rs73976547	0.0919668
2	173311553	rs12621278	2	172924558	rs143747318	0.0948948
2	173311553	rs12621278	2	172924787	rs117240463	0.0943595
2	173311553	rs12621278	2	172926226	rs10497377	0.102471
2	173311553	rs12621278	2	172930550	rs17615589	0.0986398
2	173311553	rs12621278	2	172932102	rs17615607	0.0986398
2	173311553	rs12621278	2	172932784	rs12616766	0.103107
2	173311553	rs12621278	2	172933585	rs57352446	0.0999229
2	173311553	rs12621278	2	172941078	rs2357323	0.105191
2	173311553	rs12621278	2	172942149	rs56923699	0.104517
2	173311553	rs12621278	2	172969552	rs79061070	0.100335
2	173311553	rs12621278	2	172976852	rs12621285	0.0905555
2	173311553	rs12621278	2	173039927	rs10930522	0.142997
2	173311553	rs12621278	2	173057429	rs142107540	0.0978279
2	173311553	rs12621278	2	173058217	rs10930525	0.106063
2	173311553	rs12621278	2	173058709	rs11678566	0.108322
2	173311553	rs12621278	2	173062727	rs4972705	0.104909
2	173311553	rs12621278	2	173084426	rs2357319	0.120943
2	173311553	rs12621278	2	173088653	rs58318675	0.123839
2	173311553	rs12621278	2	173108443	rs4972740	0.108184
2	173311553	rs12621278	2	173110755	rs72894812	0.141788
2	173311553	rs12621278	2	173110756	rs72894814	0.143137
2	173311553	rs12621278	2	173111008	rs199850764	0.149457
2	173311553	rs12621278	2	173112288	rs4972461	0.147281
2	173311553	rs12621278	2	173113143	rs6757886	0.102709
2	173311553	rs12621278	2	173116283	rs4972462	0.117493
2	173311553	rs12621278	2	173138562	rs4972759	0.130906
2	173311553	rs12621278	2	173142571	rs11682242	0.110937
2	173311553	rs12621278	2	173149939	rs61548167	0.173012
2	173311553	rs12621278	2	173150639	rs60062172	0.146172
2	173311553	rs12621278	2	173150720	rs59586512	0.149142
2	173311553	rs12621278	2	173150972	rs12619466	0.177212
2	173311553	rs12621278	2	173155623	rs61007555	0.162966
2	173311553	rs12621278	2	173157649	rs143023402	0.155842
2	173311553	rs12621278	2	173164158	rs57053949	0.149443
2	173311553	rs12621278	2	173166595	rs59911001	0.149009
2	173311553	rs12621278	2	173167558	rs10207045	0.106004
2	173311553	rs12621278	2	173168503	rs12620834	0.137228
2	173311553	rs12621278	2	173168867	rs3934991	0.147941
2	173311553	rs12621278	2	173170168	rs12622656	0.138475
2	173311553	rs12621278	2	173173201	rs75861406	0.146607
2	173311553	rs12621278	2	173174903	rs59319074	0.155385
2	173311553	rs12621278	2	173179864	rs61123840	0.123882
2	173311553	rs12621278	2	173193150	rs79975503	0.130616
2	173311553	rs12621278	2	173201650	rs12614920	0.118703
2	173311553	rs12621278	2	173203581	rs60223509	0.109207
2	173311553	rs12621278	2	173205214	rs12614473	0.102284
2	173311553	rs12621278	2	173207242	rs76561584	0.112485
2	173311553	rs12621278	2	173211191	rs72886087	0.0910527
2	173311553	rs12621278	2	173216181	rs58082800	0.107138
2	173311553	rs12621278	2	173216979	rs4972808	0.0920937
2	173311553	rs12621278	2	173217091	rs4972809	0.0943306
2	173311553	rs12621278	2	173217889	rs4972810	0.101523
2	173311553	rs12621278	2	173233008	rs4595936	0.103706
2	173311553	rs12621278	2	173239058	rs4246627	0.117866
2	173311553	rs12621278	2	173240147	rs6736756	0.107054
2	173311553	rs12621278	2	173246705	rs4972816	0.105506
2	173311553	rs12621278	2	173247471	rs9752420	0.116328
2	173311553	rs12621278	2	173249153	rs7581662	0.114039
2	173311553	rs12621278	2	173255930	rs1997435	0.0974604
2	173311553	rs12621278	2	173257612	rs6743261	0.100725
2	173311553	rs12621278	2	173262339	rs12373564	0.0966914
2	173311553	rs12621278	2	173262978	rs1920980	0.102953
2	173311553	rs12621278	2	173265462	rs10497382	0.0960038
2	173311553	rs12621278	2	173272900	rs3033183	0.153223
2	173311553	rs12621278	2	173272901	rs80336719	0.163068
2	173311553	rs12621278	2	173273546	rs6707676	0.13278
2	173311553	rs12621278	2	173274643	rs66572984	0.130552
2	173311553	rs12621278	2	173275293	rs7424223	0.134368
2	173311553	rs12621278	2	173276394	rs145181801	0.12901
2	173311553	rs12621278	2	173276408	rs149224720	0.159248
2	173311553	rs12621278	2	173276569	rs60795268	0.136356
2	173311553	rs12621278	2	173276627	rs138698248	0.133429
2	173311553	rs12621278	2	173276628	rs201253893	0.133959
2	173311553	rs12621278	2	173277361	rs16860321	0.131371
2	173311553	rs12621278	2	173278777	rs2884179	0.105201
2	173311553	rs12621278	2	173279824	rs76698112	0.166257
2	173311553	rs12621278	2	173285361	rs79688163	0.165756
2	173311553	rs12621278	2	173286318	rs76709934	0.342795
2	173311553	rs12621278	2	173286319	rs76733736	0.250175
2	173311553	rs12621278	2	173288337	rs2008518	0.422972
2	173311553	rs12621278	2	173288615	rs140189316	0.426186
2	173311553	rs12621278	2	173288817	rs2178476	0.426186
2	173311553	rs12621278	2	173289239	rs1001926	0.426186
2	173311553	rs12621278	2	173289625	rs78582092	0.422972
2	173311553	rs12621278	2	173290287	rs2272496	0.426186
2	173311553	rs12621278	2	173290562	rs76058534	0.419794
2	173311553	rs12621278	2	173292379	rs144682022	0.374299
2	173311553	rs12621278	2	173292709	rs6744873	0.121565
2	173311553	rs12621278	2	173292713	rs6716540	0.127797
2	173311553	rs12621278	2	173292728	rs6731763	0.12366
2	173311553	rs12621278	2	173292885	rs6716781	0.133758
2	173311553	rs12621278	2	173293419	rs12475433	0.132362
2	173311553	rs12621278	2	173293562	rs79121204	0.377966
2	173311553	rs12621278	2	173293584	rs76862931	0.36203
2	173311553	rs12621278	2	173295405	rs12053442	0.742802
2	173311553	rs12621278	2	173296252	rs76264695	0.716694
2	173311553	rs12621278	2	173296624	rs3115745	0.0925382
2	173311553	rs12621278	2	173297206	rs10930556	0.128992
2	173311553	rs12621278	2	173297783	rs75166599	0.773318
2	173311553	rs12621278	2	173297871	rs77282844	0.646873
2	173311553	rs12621278	2	173298891	rs116789570	0.101431
2	173311553	rs12621278	2	173299266	rs75979419	0.82161
2	173311553	rs12621278	2	173300053	rs7608097	0.216685
2	173311553	rs12621278	2	173300939	rs75689576	0.995042
2	173311553	rs12621278	2	173301275	rs59454075	0.804165
2	173311553	rs12621278	2	173302006	rs79160711	0.995042
2	173311553	rs12621278	2	173303031	rs28485589	0.675425
2	173311553	rs12621278	2	173303047	rs57878744	0.796815
2	173311553	rs12621278	2	173303065	rs56892098	0.796815
2	173311553	rs12621278	2	173303251	rs74483274	0.796815
2	173311553	rs12621278	2	173303310	rs80010354	0.793467
2	173311553	rs12621278	2	173303391	rs76837457	0.793467
2	173311553	rs12621278	2	173303484	rs141195656	0.790142
2	173311553	rs12621278	2	173303531	rs78181761	0.8769
2	173311553	rs12621278	2	173303800	rs79416408	0.793467
2	173311553	rs12621278	2	173304302	rs13414928	0.582452
2	173311553	rs12621278	2	173305173	rs58514604	0.24912
2	173311553	rs12621278	2	173305382	rs4405725	0.778874
2	173311553	rs12621278	2	173305731	rs7596259	0.235281
2	173311553	rs12621278	2	173305795	rs11316268	0.248454
2	173311553	rs12621278	2	173305847	rs3762618	0.877994
2	173311553	rs12621278	2	173306284	rs201928460	0.469903
2	173311553	rs12621278	2	173307573	rs9287954	0.242814
2	173311553	rs12621278	2	173307726	rs10207640	0.851419
2	173311553	rs12621278	2	173307756	rs10207654	0.851419
2	173311553	rs12621278	2	173308194	rs16860397	0.852789
2	173311553	rs12621278	2	173308318	rs7604404	0.251637
2	173311553	rs12621278	2	173308615	rs10187564	0.851419
2	173311553	rs12621278	2	173309316	rs67923340	0.25055
2	173311553	rs12621278	2	173309330	rs148644163	0.989908
2	173311553	rs12621278	2	173309402	rs80353656	0.852789
2	173311553	rs12621278	2	173309618	rs13410475	0.851419
2	173311553	rs12621278	2	173309691	rs142858678	0.250583
2	173311553	rs12621278	2	173309803	rs146618443	0.851419
2	173311553	rs12621278	2	173309819	rs111728262	0.220005
2	173311553	rs12621278	2	173311553	rs12621278	1
2	173311553	rs12621278	2	173311682	rs12615596	0.523814
2	173311553	rs12621278	2	173311774	rs149590445	0.14189
2	173311553	rs12621278	2	173313453	rs1574259	1
2	173311553	rs12621278	2	173313965	rs1574256	1
2	173311553	rs12621278	2	173314339	rs10210544	0.307425
2	173311553	rs12621278	2	173314713	rs12052253	0.994976
2	173311553	rs12621278	2	173315717	rs13387602	0.221855
2	173311553	rs12621278	2	173316217	rs12052385	0.84802
2	173311553	rs12621278	2	173316788	rs16860416	0.293876
2	173311553	rs12621278	2	173317497	rs118181990	0.14189
2	173311553	rs12621278	2	173317826	rs16860419	0.84802
2	173311553	rs12621278	2	173318179	rs115112210	0.994976
2	173311553	rs12621278	2	173318244	rs114161133	0.994976
2	173311553	rs12621278	2	173318571	rs13421350	0.347675
2	173311553	rs12621278	2	173319112	rs16860426	0.980011
2	173311553	rs12621278	2	173319930	rs77167534	0.935132
2	173311553	rs12621278	2	173320380	rs6726739	0.277171
2	173311553	rs12621278	2	173320956	rs28595036	0.277171
2	173311553	rs12621278	2	173321413	rs16860438	0.935132
2	173311553	rs12621278	2	173321791	rs116532339	0.935132
2	173311553	rs12621278	2	173321883	rs10208194	0.27571
2	173311553	rs12621278	2	173322326	rs7564416	0.285705
2	173311553	rs12621278	2	173322705	rs34679972	0.293181
2	173311553	rs12621278	2	173322927	rs35783685	0.308795
2	173311553	rs12621278	2	173323005	rs35821653	0.294545
2	173311553	rs12621278	2	173323113	rs117974080	0.12819
2	173311553	rs12621278	2	173323184	rs201386644	0.109517
2	173311553	rs12621278	2	173323838	rs12464480	0.29045
2	173311553	rs12621278	2	173323989	rs35180608	0.288165
2	173311553	rs12621278	2	173323998	rs36040769	0.288115
2	173311553	rs12621278	2	173324013	rs35700760	0.288115
2	173311553	rs12621278	2	173324218	rs68069880	0.287333
2	173311553	rs12621278	2	173324256	rs75888567	0.850239
2	173311553	rs12621278	2	173324272	rs34526119	0.285002
2	173311553	rs12621278	2	173324357	rs35861954	0.287333
2	173311553	rs12621278	2	173324817	rs16860450	0.287333
2	173311553	rs12621278	2	173324908	rs12622724	0.850239
2	173311553	rs12621278	2	173325122	rs12616256	0.287333
2	173311553	rs12621278	2	173325198	rs12622816	0.287333
2	173311553	rs12621278	2	173325244	rs12613307	0.850239
2	173311553	rs12621278	2	173325876	rs35288169	0.287333
2	173311553	rs12621278	2	173326436	rs1076594	0.149902
2	173311553	rs12621278	2	173326919	rs2357411	0.157137
2	173311553	rs12621278	2	173327249	rs1076596	0.287475
2	173311553	rs12621278	2	173327273	rs1076597	0.155988
2	173311553	rs12621278	2	173327823	rs74461567	0.865282
2	173311553	rs12621278	2	173329714	rs12620581	0.218884
2	173311553	rs12621278	2	173329965	rs12471315	0.120053
2	173311553	rs12621278	2	173331076	rs116108611	0.824097
2	173311553	rs12621278	2	173331275	rs146479038	0.127113
2	173311553	rs12621278	2	173331436	rs12616959	0.145012
2	173311553	rs12621278	2	173331972	rs2272497	0.127113
2	173311553	rs12621278	2	173332115	rs2272499	0.0932231
2	173311553	rs12621278	2	173332690	rs59386043	0.145876
2	173311553	rs12621278	2	173332706	rs7584971	0.128717
2	173311553	rs12621278	2	173332725	rs7584977	0.129486
2	173311553	rs12621278	2	173332829	rs3792254	0.146953
2	173311553	rs12621278	2	173334716	rs16860478	0.832968
2	173311553	rs12621278	2	173337495	rs16860497	0.205422
2	173311553	rs12621278	2	173340209	rs55867175	0.828362
2	173311553	rs12621278	2	173341396	rs55667609	0.127113
2	173311553	rs12621278	2	173342367	rs16860513	0.66678
2	173311553	rs12621278	2	173342416	rs16860515	0.832968
2	173311553	rs12621278	2	173343788	rs7587940	0.0938987
2	173311553	rs12621278	2	173344128	rs9636257	0.832968
2	173311553	rs12621278	2	173344680	rs2293647	0.694116
2	173311553	rs12621278	2	173344846	rs55767844	0.127113
2	173311553	rs12621278	2	173347338	rs72085754	0.176801
2	173311553	rs12621278	2	173347698	rs116873711	0.127113
2	173311553	rs12621278	2	173349025	rs10930558	0.175827
2	173311553	rs12621278	2	173351199	rs2701268	0.14317
2	173311553	rs12621278	2	173352157	rs2293648	0.814791
2	173311553	rs12621278	2	173352824	rs10930559	0.801583
2	173311553	rs12621278	2	173353000	rs34069971	0.632172
2	173311553	rs12621278	2	173355337	rs2737086	0.106844
2	173311553	rs12621278	2	173362046	rs79474289	0.818983
2	173311553	rs12621278	2	173366960	rs2293645	0.78392
2	173311553	rs12621278	2	173368358	rs16860634	0.814791
2	173311553	rs12621278	2	173370689	rs71744051	0.684143
2	173311553	rs12621278	2	173371278	rs16860643	0.721798
2	173311553	rs12621278	2	173371508	rs199505421	0.212845
2	173311553	rs12621278	2	173371510	rs66549862	0.162576
2	173311553	rs12621278	2	173373190	rs1574257	0.129186
2	173311553	rs12621278	2	173373831	rs114997784	0.684143
2	173311553	rs12621278	2	173374424	rs78534109	0.810349
2	173311553	rs12621278	2	173375391	rs60096331	0.694639
2	173311553	rs12621278	2	173375690	rs10205409	0.235318
2	173311553	rs12621278	2	173376319	rs59476799	0.515702
2	173311553	rs12621278	2	173377277	rs57404607	0.689697
2	173311553	rs12621278	2	173377302	rs59374567	0.689697
2	173311553	rs12621278	2	173377384	rs10803874	0.246251
2	173311553	rs12621278	2	173378344	rs59970483	0.655024
2	173311553	rs12621278	2	173378821	rs13398175	0.128254
2	173311553	rs12621278	2	173379230	rs78623829	0.689697
2	173311553	rs12621278	2	173379845	rs61194109	0.139039
2	173311553	rs12621278	2	173382777	rs115142421	0.728165
2	173311553	rs12621278	2	173382986	rs76738244	0.689697
2	173311553	rs12621278	2	173387668	rs4075604	0.13148
2	173311553	rs12621278	2	173390343	rs12052921	0.213457
2	173311553	rs12621278	2	173390454	rs57121294	0.732925
2	173311553	rs12621278	2	173390783	rs59300838	0.215144
2	173311553	rs12621278	2	173391851	rs142975632	0.52357
2	173311553	rs12621278	2	173392502	rs151185243	0.139039
2	173311553	rs12621278	2	173392942	rs183141927	0.813503
2	173311553	rs12621278	2	173393605	rs116907782	0.818983
2	173311553	rs12621278	2	173393903	rs147233048	0.818983
2	173311553	rs12621278	2	173394201	rs142731545	0.728165
2	173311553	rs12621278	2	173395373	rs75669437	0.818983
2	173311553	rs12621278	2	173396150	rs10208469	0.237978
2	173311553	rs12621278	2	173396823	rs75073297	0.235684
2	173311553	rs12621278	2	173397690	rs12615584	0.818983
2	173311553	rs12621278	2	173398027	rs2178477	0.236836
2	173311553	rs12621278	2	173399117	rs7589362	0.234554
2	173311553	rs12621278	2	173399767	rs57587465	0.818983
2	173311553	rs12621278	2	173400156	rs145463827	0.511376
2	173311553	rs12621278	2	173401080	rs149549027	0.237978
2	173311553	rs12621278	2	173401123	rs6741759	0.728165
2	173311553	rs12621278	2	173401264	rs79481012	0.689697
2	173311553	rs12621278	2	173401348	rs56882727	0.818983
2	173311553	rs12621278	2	173401494	rs6727229	0.236836
2	173311553	rs12621278	2	173401666	rs6730284	0.728165
2	173311553	rs12621278	2	173401903	rs6730763	0.131665
2	173311553	rs12621278	2	173403028	rs7557674	0.104687
2	173311553	rs12621278	2	173403101	rs181480655	0.539457
2	173311553	rs12621278	2	173403181	rs185475817	0.648155
2	173311553	rs12621278	2	173403330	rs188148040	0.573147
2	173311553	rs12621278	2	173404804	rs12052479	0.132037
2	173311553	rs12621278	2	173404886	rs7591769	0.268699
2	173311553	rs12621278	2	173405330	rs6743174	0.511376
2	173311553	rs12621278	2	173406018	rs147340898	0.689697
2	173311553	rs12621278	2	173408345	rs56832945	0.131087
2	173311553	rs12621278	2	173408545	rs61194385	0.130718
2	173311553	rs12621278	2	173408637	rs71403312	0.106899
2	173311553	rs12621278	2	173408788	rs55966259	0.131087
2	173311553	rs12621278	2	173409320	rs138822454	0.689697
2	173311553	rs12621278	2	173410168	rs74355465	0.728165
2	173311553	rs12621278	2	173410420	rs34871211	0.134543
2	173311553	rs12621278	2	173410530	rs150496972	0.139039
2	173311553	rs12621278	2	173411004	rs115160117	0.728165
2	173311553	rs12621278	2	173412858	rs35022330	0.131087
2	173311553	rs12621278	2	173413146	rs12469537	0.131189
2	173311553	rs12621278	2	173414959	rs116860308	0.127113
2	173311553	rs12621278	2	173415706	rs78647569	0.641146
2	173311553	rs12621278	2	173417671	rs35077188	0.445747
2	173311553	rs12621278	2	173419009	rs74807097	0.129353
2	173311553	rs12621278	2	173420024	rs3835124	0.572304
2	173311553	rs12621278	2	173421249	rs10930561	0.552459
2	173311553	rs12621278	2	173423066	rs8179584	0.472481
2	173311553	rs12621278	2	173424075	rs78279758	0.552459
2	173311553	rs12621278	2	173424337	rs143004280	0.0968989
2	173311553	rs12621278	2	173424407	rs151175749	0.472481
2	173311553	rs12621278	2	173427727	rs74265085	0.129353
2	173311553	rs12621278	2	173431040	rs10930563	0.552459
2	173311553	rs12621278	2	173437490	rs59990001	0.129353
2	173311553	rs12621278	2	173440945	rs12467086	0.423577
2	173311553	rs12621278	2	173444805	rs34421752	0.0937608
2	173311553	rs12621278	2	173446115	rs10930564	0.423577
2	173311553	rs12621278	2	173446350	rs139756689	0.552459
2	173311553	rs12621278	2	173448383	rs74265086	0.552459
2	173311553	rs12621278	2	173448940	2:173448940	0.545038
2	173311553	rs12621278	2	173452006	rs118107311	0.552459
2	173311553	rs12621278	2	173453278	rs16860693	0.472481
2	173311553	rs12621278	2	173453471	rs117897460	0.552459
2	173311553	rs12621278	2	173454364	rs76624092	0.552459
2	173311553	rs12621278	2	173455878	rs79246370	0.513452
2	173311553	rs12621278	2	173456039	rs77843385	0.463718
2	173311553	rs12621278	2	173457309	rs76751608	0.384207
2	173311553	rs12621278	2	173460336	rs79485922	0.129353
2	173311553	rs12621278	2	173460803	rs1530864	0.513452
2	173311553	rs12621278	2	173461090	rs1530865	0.441485
2	173311553	rs12621278	2	173461799	rs70937083	0.513452
2	173311553	rs12621278	2	173462593	rs70937084	0.513452
2	173311553	rs12621278	2	173463138	rs2357637	0.384207
2	173311553	rs12621278	2	173463646	rs70937086	0.129353
2	173311553	rs12621278	2	173469332	rs61505737	0.438815
2	173311553	rs12621278	2	173470186	rs77271607	0.513452
2	173311553	rs12621278	2	173470781	rs79037658	0.50681
2	173311553	rs12621278	2	173471302	rs75740747	0.117236
2	173311553	rs12621278	2	173474018	rs75202749	0.373671
2	173311553	rs12621278	2	173480713	rs78205119	0.366014
2	173311553	rs12621278	2	173480714	rs77511817	0.370102
2	173311553	rs12621278	2	173482108	rs78132475	0.402893
2	173311553	rs12621278	2	173482678	rs1010752	0.266511
2	173311553	rs12621278	2	173487365	rs199864598	0.112907
2	173311553	rs12621278	2	173489046	rs12465512	0.412327
2	173311553	rs12621278	2	173491479	rs10930566	0.412327
2	173311553	rs12621278	2	173491591	rs10930567	0.412327
2	173311553	rs12621278	2	173491709	rs117300790	0.0935776
2	173311553	rs12621278	2	173493107	rs836590	0.117241
2	173311553	rs12621278	2	173493886	rs1531149	0.389455
2	173311553	rs12621278	2	173493892	rs1531148	0.389455
2	173311553	rs12621278	2	173494214	rs6718681	0.402893
2	173311553	rs12621278	2	173494375	rs6719140	0.330346
2	173311553	rs12621278	2	173496753	rs147080643	0.405223
2	173311553	rs12621278	2	173501069	rs836628	0.187224
2	173311553	rs12621278	2	173501364	rs141701620	0.115492
2	173311553	rs12621278	2	173501568	rs836626	0.168936
2	173311553	rs12621278	2	173505730	rs202222533	0.0960034
2	173311553	rs12621278	2	173505742	rs61410699	0.0924135
2	173311553	rs12621278	2	173506589	rs836623	0.102926
2	173311553	rs12621278	2	173507270	rs836622	0.10193
2	173311553	rs12621278	2	173507354	rs836621	0.10193
2	173311553	rs12621278	2	173507816	rs836620	0.16827
2	173311553	rs12621278	2	173508467	rs60127617	0.402859
2	173311553	rs12621278	2	173510140	rs836618	0.0974672
2	173311553	rs12621278	2	173510520	rs77437224	0.402859
2	173311553	rs12621278	2	173512112	rs80158804	0.402859
2	173311553	rs12621278	2	173512297	rs836617	0.166601
2	173311553	rs12621278	2	173512549	rs2122833	0.282742
2	173311553	rs12621278	2	173512756	rs836616	0.166601
2	173311553	rs12621278	2	173513266	rs836615	0.0968162
2	173311553	rs12621278	2	173513370	rs836614	0.131174
2	173311553	rs12621278	2	173514201	rs1097478	0.150284
2	173311553	rs12621278	2	173514355	rs12617037	0.402859
2	173311553	rs12621278	2	173514953	rs137897332	0.402859
2	173311553	rs12621278	2	173515608	rs150114371	0.396526
2	173311553	rs12621278	2	173516236	rs146117549	0.119099
2	173311553	rs12621278	2	173517103	rs1097475	0.0963001
2	173311553	rs12621278	2	173517732	rs1097474	0.0919608
2	173311553	rs12621278	2	173518104	rs12620518	0.402859
2	173311553	rs12621278	2	173520084	rs34043892	0.131754
2	173311553	rs12621278	2	173520412	rs79060028	0.402859
2	173311553	rs12621278	2	173522044	rs61121406	0.392247
2	173311553	rs12621278	2	173522073	rs10930568	0.402859
2	173311553	rs12621278	2	173522194	rs836609	0.0974672
2	173311553	rs12621278	2	173522281	rs836608	0.13507
2	173311553	rs12621278	2	173522525	rs58324965	0.405215
2	173311553	rs12621278	2	173525089	rs59685886	0.119099
2	173311553	rs12621278	2	173528547	rs836603	0.0917174
2	173311553	rs12621278	2	173528947	rs139394539	0.282742
2	173311553	rs12621278	2	173530209	rs16860781	0.402859
2	173311553	rs12621278	2	173531476	rs836643	0.31907
2	173311553	rs12621278	2	173531721	rs78370943	0.398205
2	173311553	rs12621278	2	173532650	rs78373236	0.278418
2	173311553	rs12621278	2	173533322	rs16860789	0.385647
2	173311553	rs12621278	2	173535585	rs12052531	0.385647
2	173311553	rs12621278	2	173537366	rs12052642	0.103303
2	173311553	rs12621278	2	173537624	rs76262493	0.381129
2	173311553	rs12621278	2	173541814	rs836639	0.0929698
2	173311553	rs12621278	2	173542006	rs6743273	0.102863
2	173311553	rs12621278	2	173544598	rs202155687	0.280598
2	173311553	rs12621278	2	173544881	rs80179683	0.239925
2	173311553	rs12621278	2	173546061	rs113863115	0.0990497
2	173311553	rs12621278	2	173546667	rs144216493	0.385647
2	173311553	rs12621278	2	173547593	rs142624099	0.385647
2	173311553	rs12621278	2	173552534	rs59606385	0.105922
2	173311553	rs12621278	2	173553609	rs12621044	0.278418
2	173311553	rs12621278	2	173554470	esv2672444	0.381728
2	173311553	rs12621278	2	173556458	rs72489033	0.381728
2	173311553	rs12621278	2	173556523	rs77048077	0.381728
2	173311553	rs12621278	2	173557204	rs59578456	0.381728
2	173311553	rs12621278	2	173557656	rs74791596	0.381728
2	173311553	rs12621278	2	173558117	rs12464110	0.381728
2	173311553	rs12621278	2	173559068	rs6733671	0.375571
2	173311553	rs12621278	2	173559952	rs836601	0.192362
2	173311553	rs12621278	2	173560676	rs77771090	0.377821
2	173311553	rs12621278	2	173562031	rs6709144	0.377821
2	173311553	rs12621278	2	173562516	rs201446138	0.359115
2	173311553	rs12621278	2	173562517	rs146021188	0.359115
2	173311553	rs12621278	2	173564487	rs149913877	0.25155
2	173311553	rs12621278	2	173564638	rs12465795	0.377821
2	173311553	rs12621278	2	173566933	rs74265101	0.377821
2	173311553	rs12621278	2	173568165	rs12469378	0.377821
2	173311553	rs12621278	2	173568964	rs77143891	0.377821
2	173311553	rs12621278	2	173569663	rs12617921	0.375571
2	173311553	rs12621278	2	173570074	rs12618078	0.377821
2	173311553	rs12621278	2	173570130	rs12618102	0.100247
2	173311553	rs12621278	2	173570239	rs12618132	0.377821
2	173311553	rs12621278	2	173578794	rs16860834	0.287788
2	173311553	rs12621278	2	173583334	rs12613850	0.156363
2	173311553	rs12621278	2	173585255	rs79134870	0.187841
2	173311553	rs12621278	2	173588663	rs12612754	0.189874
2	173311553	rs12621278	2	173589239	rs1376556	0.189874
2	173311553	rs12621278	2	173625787	rs61604340	0.107211
2	173415560	rs12151618	2	172836677	rs10930501	0.0930261
2	173415560	rs12151618	2	172953977	rs788174	0.102898
2	173415560	rs12151618	2	172960310	rs2631807	0.102888
2	173415560	rs12151618	2	172961947	rs1531999	0.101633
2	173415560	rs12151618	2	172964638	rs10930504	0.104172
2	173415560	rs12151618	2	172992896	rs7585344	0.0986758
2	173415560	rs12151618	2	172993436	rs10179179	0.0986758
2	173415560	rs12151618	2	172993505	rs10202930	0.0986758
2	173415560	rs12151618	2	173000909	rs66515978	0.0986758
2	173415560	rs12151618	2	173001533	rs10164848	0.110772
2	173415560	rs12151618	2	173004239	rs79648668	0.0938041
2	173415560	rs12151618	2	173004326	rs78550885	0.102604
2	173415560	rs12151618	2	173006131	rs59291252	0.0981577
2	173415560	rs12151618	2	173006808	rs59708189	0.112245
2	173415560	rs12151618	2	173008084	rs10187941	0.0987682
2	173415560	rs12151618	2	173009076	rs13410748	0.0987197
2	173415560	rs12151618	2	173036081	rs13400011	0.103678
2	173415560	rs12151618	2	173038099	rs7607929	0.105965
2	173415560	rs12151618	2	173038675	rs6706297	0.102553
2	173415560	rs12151618	2	173039858	rs6738987	0.104618
2	173415560	rs12151618	2	173042190	rs57982896	0.0992513
2	173415560	rs12151618	2	173042497	rs11892244	0.0995258
2	173415560	rs12151618	2	173043822	rs73976573	0.0984923
2	173415560	rs12151618	2	173047346	rs10176551	0.158882
2	173415560	rs12151618	2	173047982	rs6730323	0.0902112
2	173415560	rs12151618	2	173048023	rs6730339	0.0985064
2	173415560	rs12151618	2	173048574	rs1906182	0.0971492
2	173415560	rs12151618	2	173048644	rs1906183	0.10207
2	173415560	rs12151618	2	173048944	rs6433334	0.0916691
2	173415560	rs12151618	2	173049074	rs6433335	0.091526
2	173415560	rs12151618	2	173049165	rs6721163	0.0922477
2	173415560	rs12151618	2	173049387	rs6705994	0.0982926
2	173415560	rs12151618	2	173049531	rs1486956	0.0924034
2	173415560	rs12151618	2	173049819	rs1531998	0.0975517
2	173415560	rs12151618	2	173050655	rs78580759	0.0972863
2	173415560	rs12151618	2	173050800	rs9752188	0.108584
2	173415560	rs12151618	2	173050806	rs9752202	0.0975734
2	173415560	rs12151618	2	173050869	rs9752190	0.0971991
2	173415560	rs12151618	2	173051282	rs2357315	0.103489
2	173415560	rs12151618	2	173051796	rs10198906	0.103145
2	173415560	rs12151618	2	173052148	rs13009470	0.0903771
2	173415560	rs12151618	2	173052841	rs75540240	0.0936141
2	173415560	rs12151618	2	173053602	rs4538168	0.0983258
2	173415560	rs12151618	2	173055943	rs79473945	0.0989445
2	173415560	rs12151618	2	173057068	rs145826074	0.099832
2	173415560	rs12151618	2	173057239	rs146131494	0.0908402
2	173415560	rs12151618	2	173057424	rs9749991	0.0983605
2	173415560	rs12151618	2	173057442	rs4563191	0.106152
2	173415560	rs12151618	2	173057667	rs13000610	0.0927577
2	173415560	rs12151618	2	173057724	rs12692986	0.103078
2	173415560	rs12151618	2	173057785	rs12692987	0.112772
2	173415560	rs12151618	2	173057797	rs12692988	0.103997
2	173415560	rs12151618	2	173057854	rs12692991	0.0972218
2	173415560	rs12151618	2	173057914	rs12692992	0.102168
2	173415560	rs12151618	2	173058020	rs12692994	0.102035
2	173415560	rs12151618	2	173058655	rs4621143	0.100187
2	173415560	rs12151618	2	173058672	rs4539764	0.101913
2	173415560	rs12151618	2	173058850	rs60758744	0.0971114
2	173415560	rs12151618	2	173059159	rs34366279	0.102677
2	173415560	rs12151618	2	173059248	rs13393795	0.102677
2	173415560	rs12151618	2	173059261	rs13393977	0.102677
2	173415560	rs12151618	2	173059269	rs13407236	0.102677
2	173415560	rs12151618	2	173059440	rs2129476	0.102697
2	173415560	rs12151618	2	173059636	rs2129477	0.102718
2	173415560	rs12151618	2	173059672	rs2129478	0.101269
2	173415560	rs12151618	2	173059917	rs7592807	0.0998518
2	173415560	rs12151618	2	173060526	rs1038565	0.100544
2	173415560	rs12151618	2	173060756	rs1038566	0.0980154
2	173415560	rs12151618	2	173060807	rs1038567	0.101609
2	173415560	rs12151618	2	173060838	rs6711418	0.101609
2	173415560	rs12151618	2	173060938	rs6739805	0.103743
2	173415560	rs12151618	2	173061000	rs6711450	0.101951
2	173415560	rs12151618	2	173061764	rs4306685	0.101951
2	173415560	rs12151618	2	173062001	rs9287949	0.102293
2	173415560	rs12151618	2	173062076	rs10179896	0.103083
2	173415560	rs12151618	2	173062159	rs9287950	0.101951
2	173415560	rs12151618	2	173062261	rs10191165	0.102293
2	173415560	rs12151618	2	173062313	rs9287951	0.101951
2	173415560	rs12151618	2	173062549	rs76981470	0.101537
2	173415560	rs12151618	2	173062602	rs12998734	0.099344
2	173415560	rs12151618	2	173062803	rs34961322	0.102293
2	173415560	rs12151618	2	173062828	rs12999168	0.101951
2	173415560	rs12151618	2	173063116	rs35482192	0.101951
2	173415560	rs12151618	2	173063212	rs12692995	0.101951
2	173415560	rs12151618	2	173063240	rs12692996	0.102293
2	173415560	rs12151618	2	173063269	rs6720175	0.10274
2	173415560	rs12151618	2	173063489	rs6720217	0.101951
2	173415560	rs12151618	2	173063608	rs6720539	0.101951
2	173415560	rs12151618	2	173063931	rs6723670	0.101186
2	173415560	rs12151618	2	173064393	rs4359606	0.0973497
2	173415560	rs12151618	2	173064428	rs4347787	0.107994
2	173415560	rs12151618	2	173064435	rs4335914	0.106744
2	173415560	rs12151618	2	173064685	rs4566334	0.105158
2	173415560	rs12151618	2	173064686	rs4353612	0.104193
2	173415560	rs12151618	2	173065234	rs12467851	0.101609
2	173415560	rs12151618	2	173065342	rs12472179	0.101609
2	173415560	rs12151618	2	173065352	rs12475912	0.101609
2	173415560	rs12151618	2	173065413	rs12472208	0.103788
2	173415560	rs12151618	2	173065600	rs12468728	0.101902
2	173415560	rs12151618	2	173065724	rs13019996	0.10106
2	173415560	rs12151618	2	173065943	rs10497380	0.101828
2	173415560	rs12151618	2	173066455	rs57328387	0.101828
2	173415560	rs12151618	2	173066758	rs6706443	0.102718
2	173415560	rs12151618	2	173066799	rs6735491	0.102168
2	173415560	rs12151618	2	173066847	rs6735511	0.102168
2	173415560	rs12151618	2	173066933	rs6735783	0.102168
2	173415560	rs12151618	2	173067030	rs6750823	0.104583
2	173415560	rs12151618	2	173067085	rs6750923	0.10381
2	173415560	rs12151618	2	173067091	rs6736020	0.105358
2	173415560	rs12151618	2	173067107	rs6736027	0.10381
2	173415560	rs12151618	2	173067803	rs6739670	0.102285
2	173415560	rs12151618	2	173067860	rs61033913	0.0987704
2	173415560	rs12151618	2	173067892	rs56183851	0.122459
2	173415560	rs12151618	2	173067987	rs112252233	0.118626
2	173415560	rs12151618	2	173068180	rs10210968	0.101828
2	173415560	rs12151618	2	173068201	rs10187668	0.101828
2	173415560	rs12151618	2	173068403	rs10211286	0.101828
2	173415560	rs12151618	2	173068570	rs10188182	0.0925985
2	173415560	rs12151618	2	173069442	rs10930526	0.12046
2	173415560	rs12151618	2	173070406	rs4972711	0.0931588
2	173415560	rs12151618	2	173070413	rs4972712	0.0931588
2	173415560	rs12151618	2	173070436	rs4972713	0.11421
2	173415560	rs12151618	2	173070849	rs62168965	0.0906638
2	173415560	rs12151618	2	173071162	rs55919266	0.0913601
2	173415560	rs12151618	2	173071238	rs13019357	0.0913601
2	173415560	rs12151618	2	173071433	rs4571029	0.0913423
2	173415560	rs12151618	2	173072323	rs1812500	0.124255
2	173415560	rs12151618	2	173072462	rs963307	0.102614
2	173415560	rs12151618	2	173075418	rs2884154	0.112691
2	173415560	rs12151618	2	173084370	rs2357320	0.11751
2	173415560	rs12151618	2	173087091	rs4972730	0.115206
2	173415560	rs12151618	2	173114555	rs13409308	0.0965402
2	173415560	rs12151618	2	173244480	rs6712051	0.0935604
2	173415560	rs12151618	2	173245780	rs7557725	0.0989709
2	173415560	rs12151618	2	173246998	rs7573993	0.0982143
2	173415560	rs12151618	2	173247741	rs12693000	0.0957444
2	173415560	rs12151618	2	173249050	rs7608333	0.127845
2	173415560	rs12151618	2	173279580	rs16860334	0.132004
2	173415560	rs12151618	2	173279611	rs16860336	0.0922774
2	173415560	rs12151618	2	173287607	rs11686909	0.140754
2	173415560	rs12151618	2	173287832	rs11687010	0.140754
2	173415560	rs12151618	2	173289736	rs10930555	0.105314
2	173415560	rs12151618	2	173296850	rs36055280	0.124347
2	173415560	rs12151618	2	173303031	rs28485589	0.104247
2	173415560	rs12151618	2	173303672	rs28703731	0.101895
2	173415560	rs12151618	2	173304302	rs13414928	0.127752
2	173415560	rs12151618	2	173311682	rs12615596	0.196392
2	173415560	rs12151618	2	173312576	rs113754714	0.0973078
2	173415560	rs12151618	2	173312955	rs12469788	0.100619
2	173415560	rs12151618	2	173314589	rs10202179	0.178333
2	173415560	rs12151618	2	173314608	rs2178471	0.171562
2	173415560	rs12151618	2	173315717	rs13387602	0.138329
2	173415560	rs12151618	2	173315752	rs7587375	0.172934
2	173415560	rs12151618	2	173317373	rs7565670	0.181824
2	173415560	rs12151618	2	173317827	rs7594889	0.18008
2	173415560	rs12151618	2	173317864	rs6717877	0.100619
2	173415560	rs12151618	2	173317946	rs6433358	0.192722
2	173415560	rs12151618	2	173318061	rs6718033	0.18008
2	173415560	rs12151618	2	173320380	rs6726739	0.0926216
2	173415560	rs12151618	2	173320956	rs28595036	0.0926216
2	173415560	rs12151618	2	173321883	rs10208194	0.0907754
2	173415560	rs12151618	2	173322705	rs34679972	0.2005
2	173415560	rs12151618	2	173322809	rs17676243	0.0966632
2	173415560	rs12151618	2	173322927	rs35783685	0.198856
2	173415560	rs12151618	2	173323005	rs35821653	0.238356
2	173415560	rs12151618	2	173323194	rs12693001	0.229367
2	173415560	rs12151618	2	173323838	rs12464480	0.229528
2	173415560	rs12151618	2	173323989	rs35180608	0.232844
2	173415560	rs12151618	2	173323998	rs36040769	0.228578
2	173415560	rs12151618	2	173324013	rs35700760	0.230595
2	173415560	rs12151618	2	173324218	rs68069880	0.231071
2	173415560	rs12151618	2	173324272	rs34526119	0.22847
2	173415560	rs12151618	2	173324357	rs35861954	0.231071
2	173415560	rs12151618	2	173324817	rs16860450	0.231071
2	173415560	rs12151618	2	173324987	rs34134342	0.126759
2	173415560	rs12151618	2	173325122	rs12616256	0.231071
2	173415560	rs12151618	2	173325198	rs12622816	0.231071
2	173415560	rs12151618	2	173325356	rs12477594	0.0914727
2	173415560	rs12151618	2	173325876	rs35288169	0.231071
2	173415560	rs12151618	2	173326199	rs36002642	0.127722
2	173415560	rs12151618	2	173326436	rs1076594	0.185982
2	173415560	rs12151618	2	173326919	rs2357411	0.175761
2	173415560	rs12151618	2	173327249	rs1076596	0.218897
2	173415560	rs12151618	2	173329965	rs12471315	0.120238
2	173415560	rs12151618	2	173330871	rs13391669	0.109178
2	173415560	rs12151618	2	173331139	rs6728123	0.14866
2	173415560	rs12151618	2	173331510	rs201786261	0.153321
2	173415560	rs12151618	2	173331545	rs6728419	0.155263
2	173415560	rs12151618	2	173331754	rs6731691	0.152412
2	173415560	rs12151618	2	173331936	rs6433359	0.155481
2	173415560	rs12151618	2	173331957	rs16860458	0.135551
2	173415560	rs12151618	2	173331974	rs2272498	0.155481
2	173415560	rs12151618	2	173332015	rs6433360	0.155481
2	173415560	rs12151618	2	173332947	rs3792255	0.155481
2	173415560	rs12151618	2	173333047	rs3792256	0.155481
2	173415560	rs12151618	2	173333199	rs3828342	0.156929
2	173415560	rs12151618	2	173333227	rs17727678	0.155481
2	173415560	rs12151618	2	173333347	rs10497383	0.155481
2	173415560	rs12151618	2	173333424	rs10497384	0.155481
2	173415560	rs12151618	2	173333463	rs17727732	0.155481
2	173415560	rs12151618	2	173333720	rs17676773	0.154329
2	173415560	rs12151618	2	173334161	rs201122947	0.127757
2	173415560	rs12151618	2	173334505	rs6755605	0.162707
2	173415560	rs12151618	2	173334826	rs6743724	0.135928
2	173415560	rs12151618	2	173335120	rs6715294	0.148871
2	173415560	rs12151618	2	173336636	rs138518904	0.271824
2	173415560	rs12151618	2	173336792	rs6723030	0.307988
2	173415560	rs12151618	2	173337141	rs4972832	0.145034
2	173415560	rs12151618	2	173338045	rs11898288	0.321284
2	173415560	rs12151618	2	173338486	rs6714597	0.249256
2	173415560	rs12151618	2	173338653	rs78359722	0.109178
2	173415560	rs12151618	2	173339216	rs62167774	0.164798
2	173415560	rs12151618	2	173339233	rs147476134	0.151844
2	173415560	rs12151618	2	173339808	rs11895564	0.215702
2	173415560	rs12151618	2	173340198	rs3792257	0.106583
2	173415560	rs12151618	2	173340200	rs11464370	0.154798
2	173415560	rs12151618	2	173341984	rs6759316	0.100648
2	173415560	rs12151618	2	173342163	rs72889963	0.150955
2	173415560	rs12151618	2	173342788	rs68048766	0.216163
2	173415560	rs12151618	2	173343631	rs16860523	0.130683
2	173415560	rs12151618	2	173343788	rs7587940	0.46682
2	173415560	rs12151618	2	173343823	rs3828343	0.231222
2	173415560	rs12151618	2	173344474	rs1920979	0.490398
2	173415560	rs12151618	2	173345396	rs17677404	0.139927
2	173415560	rs12151618	2	173345469	rs6433362	0.325576
2	173415560	rs12151618	2	173345518	rs77935471	0.136826
2	173415560	rs12151618	2	173346359	rs11896937	0.146846
2	173415560	rs12151618	2	173346361	rs79437690	0.100264
2	173415560	rs12151618	2	173346522	rs11897024	0.149872
2	173415560	rs12151618	2	173347338	rs72085754	0.228097
2	173415560	rs12151618	2	173347593	rs111978429	0.120742
2	173415560	rs12151618	2	173348550	2:173348550	0.0947176
2	173415560	rs12151618	2	173348835	rs13398305	0.219765
2	173415560	rs12151618	2	173350494	rs2701270	0.204897
2	173415560	rs12151618	2	173350781	rs3108778	0.324574
2	173415560	rs12151618	2	173350831	rs13412041	0.162167
2	173415560	rs12151618	2	173351104	rs16860538	0.135826
2	173415560	rs12151618	2	173351169	rs2701269	0.105414
2	173415560	rs12151618	2	173351176	rs16860543	0.112304
2	173415560	rs12151618	2	173351199	rs2701268	0.34057
2	173415560	rs12151618	2	173351390	rs2737084	0.0955779
2	173415560	rs12151618	2	173352259	rs13429563	0.19051
2	173415560	rs12151618	2	173352446	rs56347492	0.125787
2	173415560	rs12151618	2	173353000	rs34069971	0.12159
2	173415560	rs12151618	2	173353060	rs1319059	0.326691
2	173415560	rs12151618	2	173353834	rs10167416	0.140132
2	173415560	rs12151618	2	173353853	rs2178475	0.147455
2	173415560	rs12151618	2	173353856	rs10178563	0.140132
2	173415560	rs12151618	2	173354113	rs151222234	0.135826
2	173415560	rs12151618	2	173354977	rs13426548	0.0939501
2	173415560	rs12151618	2	173355059	rs60275829	0.101598
2	173415560	rs12151618	2	173355103	rs13389355	0.140132
2	173415560	rs12151618	2	173355104	rs17739735	0.147455
2	173415560	rs12151618	2	173355337	rs2737086	0.0958903
2	173415560	rs12151618	2	173355456	rs75748683	0.140132
2	173415560	rs12151618	2	173355907	rs56084828	0.111395
2	173415560	rs12151618	2	173355958	rs10209072	0.130368
2	173415560	rs12151618	2	173356100	rs10209090	0.0939501
2	173415560	rs12151618	2	173356903	rs4972510	0.158436
2	173415560	rs12151618	2	173357266	rs78340400	0.0926936
2	173415560	rs12151618	2	173358225	rs2357635	0.328292
2	173415560	rs12151618	2	173358257	rs2357634	0.329219
2	173415560	rs12151618	2	173358524	rs16860569	0.184747
2	173415560	rs12151618	2	173358734	rs17739946	0.150955
2	173415560	rs12151618	2	173359458	rs10195845	0.0991625
2	173415560	rs12151618	2	173361380	rs71641698	0.148732
2	173415560	rs12151618	2	173361566	rs12693002	0.151716
2	173415560	rs12151618	2	173361567	rs12693003	0.148477
2	173415560	rs12151618	2	173361931	rs13012115	0.189709
2	173415560	rs12151618	2	173362970	rs3792259	0.179105
2	173415560	rs12151618	2	173363917	rs7596665	0.175491
2	173415560	rs12151618	2	173364048	rs7570417	0.336899
2	173415560	rs12151618	2	173364100	rs11419012	0.176071
2	173415560	rs12151618	2	173364385	rs5015856	0.29284
2	173415560	rs12151618	2	173364675	rs201752587	0.111651
2	173415560	rs12151618	2	173365235	rs28537646	0.101332
2	173415560	rs12151618	2	173365408	rs28463972	0.176668
2	173415560	rs12151618	2	173365538	rs28480655	0.172739
2	173415560	rs12151618	2	173366869	rs2293646	0.111032
2	173415560	rs12151618	2	173367159	rs13021042	0.0957781
2	173415560	rs12151618	2	173367226	rs78441629	0.101332
2	173415560	rs12151618	2	173367693	rs3838596	0.155767
2	173415560	rs12151618	2	173367801	rs3792260	0.0927024
2	173415560	rs12151618	2	173369231	rs17664	0.265284
2	173415560	rs12151618	2	173371347	rs2884226	0.175992
2	173415560	rs12151618	2	173371390	rs141898737	0.326489
2	173415560	rs12151618	2	173371462	rs201362294	0.128183
2	173415560	rs12151618	2	173371496	rs201540921	0.128589
2	173415560	rs12151618	2	173371508	rs199505421	0.206574
2	173415560	rs12151618	2	173371510	rs66549862	0.190359
2	173415560	rs12151618	2	173371570	rs34226532	0.180088
2	173415560	rs12151618	2	173371620	rs10576240	0.275614
2	173415560	rs12151618	2	173371626	rs200465809	0.182231
2	173415560	rs12151618	2	173371838	rs7580589	0.0977834
2	173415560	rs12151618	2	173372109	rs78785265	0.101598
2	173415560	rs12151618	2	173372751	rs4972511	0.15341
2	173415560	rs12151618	2	173372993	rs2357415	0.101598
2	173415560	rs12151618	2	173373441	rs1574258	0.16406
2	173415560	rs12151618	2	173373790	rs4074913	0.16406
2	173415560	rs12151618	2	173374076	rs1574247	0.0907836
2	173415560	rs12151618	2	173374179	rs1574246	0.369249
2	173415560	rs12151618	2	173374255	rs80321693	0.0914482
2	173415560	rs12151618	2	173374992	rs5836385	0.337798
2	173415560	rs12151618	2	173375915	rs10193201	0.29463
2	173415560	rs12151618	2	173376035	rs12622687	0.0924814
2	173415560	rs12151618	2	173376230	rs76262416	0.0924814
2	173415560	rs12151618	2	173376319	rs59476799	0.149326
2	173415560	rs12151618	2	173377761	rs76258544	0.0924814
2	173415560	rs12151618	2	173378038	rs12467358	0.0909194
2	173415560	rs12151618	2	173378148	rs10451559	0.110667
2	173415560	rs12151618	2	173378190	rs72892573	0.142167
2	173415560	rs12151618	2	173378539	rs13395403	0.0914482
2	173415560	rs12151618	2	173379258	rs58044442	0.0924814
2	173415560	rs12151618	2	173379286	rs72892577	0.160065
2	173415560	rs12151618	2	173380152	rs79095690	0.0924814
2	173415560	rs12151618	2	173381436	rs6746243	0.0979085
2	173415560	rs12151618	2	173381549	rs57957394	0.110163
2	173415560	rs12151618	2	173381748	rs149866896	0.0937934
2	173415560	rs12151618	2	173382300	rs11688498	0.165441
2	173415560	rs12151618	2	173382401	rs13416167	0.0914482
2	173415560	rs12151618	2	173382404	rs12474168	0.0924814
2	173415560	rs12151618	2	173382583	rs12474995	0.0933157
2	173415560	rs12151618	2	173382746	rs7575064	0.33769
2	173415560	rs12151618	2	173383041	rs4972834	0.315185
2	173415560	rs12151618	2	173383074	rs4972835	0.314941
2	173415560	rs12151618	2	173383808	rs115820287	0.0944837
2	173415560	rs12151618	2	173383809	rs114460497	0.0944316
2	173415560	rs12151618	2	173384741	rs12465442	0.092522
2	173415560	rs12151618	2	173385946	rs12478465	0.0933157
2	173415560	rs12151618	2	173386819	rs11883720	0.165256
2	173415560	rs12151618	2	173387743	rs10168313	0.0914482
2	173415560	rs12151618	2	173387994	rs4246629	0.339819
2	173415560	rs12151618	2	173388099	rs76246006	0.0929467
2	173415560	rs12151618	2	173388148	rs77655885	0.0929467
2	173415560	rs12151618	2	173388341	rs4246630	0.335461
2	173415560	rs12151618	2	173388357	rs112715894	0.0914482
2	173415560	rs12151618	2	173388962	rs11892462	0.102044
2	173415560	rs12151618	2	173389645	rs77403951	0.0929467
2	173415560	rs12151618	2	173390343	rs12052921	0.37505
2	173415560	rs12151618	2	173390468	rs113135404	0.0914482
2	173415560	rs12151618	2	173390471	rs111818535	0.0914482
2	173415560	rs12151618	2	173390775	rs4308101	0.0933157
2	173415560	rs12151618	2	173390783	rs59300838	0.373767
2	173415560	rs12151618	2	173391025	rs59610589	0.11458
2	173415560	rs12151618	2	173391126	rs58016698	0.0933157
2	173415560	rs12151618	2	173391172	rs72892596	0.243703
2	173415560	rs12151618	2	173391467	rs13411765	0.0914584
2	173415560	rs12151618	2	173391734	rs72892601	0.237938
2	173415560	rs12151618	2	173391917	rs149848643	0.152213
2	173415560	rs12151618	2	173392235	rs145485190	0.225908
2	173415560	rs12151618	2	173392236	rs186345866	0.0933157
2	173415560	rs12151618	2	173392657	rs77055029	0.0908771
2	173415560	rs12151618	2	173392703	rs11887938	0.244909
2	173415560	rs12151618	2	173392797	rs13033614	0.175788
2	173415560	rs12151618	2	173392830	rs11898822	0.242728
2	173415560	rs12151618	2	173393326	rs7566921	0.244909
2	173415560	rs12151618	2	173393889	rs145368532	0.135759
2	173415560	rs12151618	2	173395052	rs11886058	0.171556
2	173415560	rs12151618	2	173395365	rs72894305	0.245868
2	173415560	rs12151618	2	173395763	rs4972836	0.245868
2	173415560	rs12151618	2	173396329	rs4972837	0.1532
2	173415560	rs12151618	2	173397098	rs200238352	0.187381
2	173415560	rs12151618	2	173397099	rs13012842	0.359113
2	173415560	rs12151618	2	173397100	rs12986606	0.36422
2	173415560	rs12151618	2	173397375	rs201779068	0.124793
2	173415560	rs12151618	2	173397674	rs59391745	0.378629
2	173415560	rs12151618	2	173398271	rs80350104	0.0924814
2	173415560	rs12151618	2	173398691	rs6710725	0.320833
2	173415560	rs12151618	2	173398740	rs11892037	0.1532
2	173415560	rs12151618	2	173398759	rs6739419	0.102312
2	173415560	rs12151618	2	173399122	rs200372395	0.0952915
2	173415560	rs12151618	2	173399129	rs199687907	0.135993
2	173415560	rs12151618	2	173399343	rs34839347	0.378629
2	173415560	rs12151618	2	173400156	rs145463827	0.164074
2	173415560	rs12151618	2	173400178	rs75365533	0.0910855
2	173415560	rs12151618	2	173400192	rs6715425	0.320833
2	173415560	rs12151618	2	173400500	rs72894375	0.161838
2	173415560	rs12151618	2	173401053	rs80025953	0.0914482
2	173415560	rs12151618	2	173401228	rs13027362	0.102312
2	173415560	rs12151618	2	173402091	rs4405727	0.160856
2	173415560	rs12151618	2	173402181	rs7580740	0.116961
2	173415560	rs12151618	2	173402313	rs1645790	0.092694
2	173415560	rs12151618	2	173402381	rs6433364	0.254587
2	173415560	rs12151618	2	173403183	rs112350513	0.158317
2	173415560	rs12151618	2	173403330	rs188148040	0.102639
2	173415560	rs12151618	2	173404262	rs55802347	0.16406
2	173415560	rs12151618	2	173404886	rs7591769	0.272446
2	173415560	rs12151618	2	173405330	rs6743174	0.164074
2	173415560	rs12151618	2	173405445	rs74615753	0.0924814
2	173415560	rs12151618	2	173405525	rs6743214	0.0910855
2	173415560	rs12151618	2	173405587	rs79341997	0.0924814
2	173415560	rs12151618	2	173405721	rs75623910	0.0924814
2	173415560	rs12151618	2	173405918	rs11679477	0.12508
2	173415560	rs12151618	2	173406153	rs12988961	0.301873
2	173415560	rs12151618	2	173406154	rs113815251	0.233619
2	173415560	rs12151618	2	173406336	rs62167825	0.340025
2	173415560	rs12151618	2	173406396	rs79916089	0.091328
2	173415560	rs12151618	2	173406444	rs72894389	0.245587
2	173415560	rs12151618	2	173407137	rs6433365	0.176131
2	173415560	rs12151618	2	173407248	rs113098645	0.246832
2	173415560	rs12151618	2	173407281	rs7560501	0.163307
2	173415560	rs12151618	2	173407444	rs138935309	0.0908544
2	173415560	rs12151618	2	173407462	rs112226569	0.239173
2	173415560	rs12151618	2	173407978	rs35968313	0.315565
2	173415560	rs12151618	2	173408133	rs112667335	0.161624
2	173415560	rs12151618	2	173408807	rs59020762	0.0908239
2	173415560	rs12151618	2	173408980	rs55978548	0.315779
2	173415560	rs12151618	2	173408993	rs72894396	0.149297
2	173415560	rs12151618	2	173410108	rs11685833	0.163878
2	173415560	rs12151618	2	173410163	rs76382989	0.0924814
2	173415560	rs12151618	2	173410756	rs80176582	0.0924814
2	173415560	rs12151618	2	173411514	rs72894400	0.161624
2	173415560	rs12151618	2	173411566	rs6746138	0.245587
2	173415560	rs12151618	2	173411740	rs6749369	0.317481
2	173415560	rs12151618	2	173411774	rs112660314	0.164826
2	173415560	rs12151618	2	173411957	rs112509861	0.228842
2	173415560	rs12151618	2	173412163	rs75612195	0.0924814
2	173415560	rs12151618	2	173413399	rs61307152	0.0904046
2	173415560	rs12151618	2	173413411	rs34970908	0.103123
2	173415560	rs12151618	2	173413478	rs4972841	0.163065
2	173415560	rs12151618	2	173413646	rs72896105	0.244351
2	173415560	rs12151618	2	173414077	rs10460364	0.320833
2	173415560	rs12151618	2	173414693	rs12475916	0.115594
2	173415560	rs12151618	2	173415560	rs12151618	1
2	173415560	rs12151618	2	173415706	rs78647569	0.107236
2	173415560	rs12151618	2	173415896	rs1920978	0.159542
2	173415560	rs12151618	2	173417420	rs59165764	0.0990227
2	173415560	rs12151618	2	173417651	rs61542159	0.106931
2	173415560	rs12151618	2	173419805	rs10181851	0.311447
2	173415560	rs12151618	2	173420024	rs3835124	0.0906674
2	173415560	rs12151618	2	173420254	rs3765065	0.311416
2	173415560	rs12151618	2	173421865	rs77842539	0.12622
2	173415560	rs12151618	2	173422385	rs12465704	0.249688
2	173415560	rs12151618	2	173422459	rs79289120	0.102474
2	173415560	rs12151618	2	173423066	rs8179584	0.0908529
2	173415560	rs12151618	2	173424407	rs151175749	0.0908529
2	173415560	rs12151618	2	173425255	rs6752257	0.137782
2	173415560	rs12151618	2	173425349	rs6752386	0.29249
2	173415560	rs12151618	2	173426286	rs6728257	0.130694
2	173415560	rs12151618	2	173428871	rs80228609	0.0946824
2	173415560	rs12151618	2	173428874	rs6433368	0.269519
2	173415560	rs12151618	2	173430707	rs10930562	0.220776
2	173415560	rs12151618	2	173432354	rs3769321	0.319445
2	173415560	rs12151618	2	173435092	rs57418091	0.125954
2	173415560	rs12151618	2	173435658	rs141130222	0.145517
2	173415560	rs12151618	2	173436507	rs79334759	0.121376
2	173415560	rs12151618	2	173436552	rs59004833	0.125956
2	173415560	rs12151618	2	173441448	rs62167835	0.306903
2	173415560	rs12151618	2	173442410	rs59373129	0.0935577
2	173415560	rs12151618	2	173444462	rs6738196	0.29475
2	173415560	rs12151618	2	173446286	rs11686903	0.121323
2	173415560	rs12151618	2	173446638	rs36118221	0.154706
2	173415560	rs12151618	2	173447128	rs35880823	0.135707
2	173415560	rs12151618	2	173448901	rs13385403	0.158335
2	173415560	rs12151618	2	173448940	2:173448940	0.0911413
2	173415560	rs12151618	2	173452354	rs74747026	0.125576
2	173415560	rs12151618	2	173452754	rs6710129	0.29475
2	173415560	rs12151618	2	173453018	rs6723872	0.158335
2	173415560	rs12151618	2	173453278	rs16860693	0.0908529
2	173415560	rs12151618	2	173454199	rs75188224	0.121376
2	173415560	rs12151618	2	173454204	rs79046117	0.118802
2	173415560	rs12151618	2	173454235	rs10930565	0.308337
2	173415560	rs12151618	2	173454491	rs16860696	0.138543
2	173415560	rs12151618	2	173455243	rs11891127	0.160065
2	173415560	rs12151618	2	173455878	rs79246370	0.0924633
2	173415560	rs12151618	2	173456039	rs77843385	0.114532
2	173415560	rs12151618	2	173456627	rs115013471	0.12183
2	173415560	rs12151618	2	173456679	rs34051646	0.303078
2	173415560	rs12151618	2	173457165	rs147018019	0.123
2	173415560	rs12151618	2	173457903	rs2290564	0.158335
2	173415560	rs12151618	2	173458834	rs6719527	0.125364
2	173415560	rs12151618	2	173459108	rs113080851	0.131111
2	173415560	rs12151618	2	173459471	rs16860697	0.158335
2	173415560	rs12151618	2	173460803	rs1530864	0.0924633
2	173415560	rs12151618	2	173461090	rs1530865	0.0964439
2	173415560	rs12151618	2	173461799	rs70937083	0.0924633
2	173415560	rs12151618	2	173461820	rs11904158	0.301679
2	173415560	rs12151618	2	173462230	rs11904366	0.0952767
2	173415560	rs12151618	2	173462593	rs70937084	0.0924633
2	173415560	rs12151618	2	173463514	rs77515302	0.125364
2	173415560	rs12151618	2	173463786	rs66460331	0.155801
2	173415560	rs12151618	2	173463900	rs201005889	0.127177
2	173415560	rs12151618	2	173463901	rs187934926	0.122682
2	173415560	rs12151618	2	173463901	2:173463901	0.131111
2	173415560	rs12151618	2	173465196	rs1075638	0.318598
2	173415560	rs12151618	2	173467301	rs13019331	0.305721
2	173415560	rs12151618	2	173468284	rs7584769	0.298616
2	173415560	rs12151618	2	173469243	rs56293809	0.117069
2	173415560	rs12151618	2	173469332	rs61505737	0.0966231
2	173415560	rs12151618	2	173470186	rs77271607	0.0924633
2	173415560	rs12151618	2	173473281	rs13401676	0.268677
2	173415560	rs12151618	2	173475843	rs11901586	0.160794
2	173415560	rs12151618	2	173478971	rs12476204	0.256849
2	173415560	rs12151618	2	173479274	rs1133602	0.271306
2	173415560	rs12151618	2	173479793	rs113943750	0.134491
2	173415560	rs12151618	2	173479797	rs1868901	0.254888
2	173415560	rs12151618	2	173479902	rs79387665	0.13436
2	173415560	rs12151618	2	173480576	rs13024563	0.256708
2	173415560	rs12151618	2	173482678	rs1010752	0.106635
2	173415560	rs12151618	2	173484283	rs13015260	0.258906
2	173415560	rs12151618	2	173484390	rs16860737	0.259397
2	173415560	rs12151618	2	173485683	rs35046889	0.210072
2	173415560	rs12151618	2	173486143	rs34382224	0.101076
2	173415560	rs12151618	2	173486335	rs35892983	0.244951
2	173415560	rs12151618	2	173486622	rs187504991	0.317356
2	173415560	rs12151618	2	173486721	rs16860741	0.258923
2	173415560	rs12151618	2	173486861	rs200942637	0.137999
2	173415560	rs12151618	2	173487221	rs200782430	0.0929338
2	173415560	rs12151618	2	173487451	rs139956681	0.1022
2	173415560	rs12151618	2	173490385	rs12693008	0.25668
2	173415560	rs12151618	2	173493078	rs836589	0.115012
2	173415560	rs12151618	2	173493107	rs836590	0.0963636
2	173415560	rs12151618	2	173493879	rs1531150	0.219827
2	173415560	rs12151618	2	173494143	rs6733679	0.209669
2	173415560	rs12151618	2	173494422	rs2599268	0.162647
2	173415560	rs12151618	2	173494489	rs2606070	0.195456
2	173415560	rs12151618	2	173494525	rs2606069	0.106841
2	173415560	rs12151618	2	173494732	rs1869923	0.184354
2	173415560	rs12151618	2	173495142	rs2599267	0.130835
2	173415560	rs12151618	2	173495629	rs2599266	0.184775
2	173415560	rs12151618	2	173495678	rs2606067	0.219068
2	173415560	rs12151618	2	173495868	rs2606066	0.274479
2	173415560	rs12151618	2	173495909	rs2606065	0.219068
2	173415560	rs12151618	2	173495983	rs2599265	0.219068
2	173415560	rs12151618	2	173496136	rs2599264	0.219068
2	173415560	rs12151618	2	173496139	rs73977612	0.101285
2	173415560	rs12151618	2	173496145	rs2599263	0.219068
2	173415560	rs12151618	2	173496557	rs2599262	0.187511
2	173415560	rs12151618	2	173496752	rs2599261	0.215855
2	173415560	rs12151618	2	173497147	rs2606064	0.218523
2	173415560	rs12151618	2	173497396	rs2606063	0.219068
2	173415560	rs12151618	2	173497441	rs2599260	0.209917
2	173415560	rs12151618	2	173497492	rs2606062	0.210812
2	173415560	rs12151618	2	173497640	rs6731354	0.211294
2	173415560	rs12151618	2	173498025	rs836634	0.230493
2	173415560	rs12151618	2	173498303	rs142440161	0.186319
2	173415560	rs12151618	2	173498305	2:173498305	0.156851
2	173415560	rs12151618	2	173499275	rs836632	0.173441
2	173415560	rs12151618	2	173499572	rs836631	0.274479
2	173415560	rs12151618	2	173500035	rs55774730	0.108734
2	173415560	rs12151618	2	173500048	rs836630	0.184145
2	173415560	rs12151618	2	173500225	rs836629	0.206587
2	173415560	rs12151618	2	173500421	rs202051111	0.146747
2	173415560	rs12151618	2	173500422	rs200242518	0.147624
2	173415560	rs12151618	2	173500423	rs2606073	0.173755
2	173415560	rs12151618	2	173500425	rs201362485	0.148047
2	173415560	rs12151618	2	173500426	rs2606074	0.204869
2	173415560	rs12151618	2	173501069	rs836628	0.174158
2	173415560	rs12151618	2	173505747	rs201651840	0.14742
2	173415560	rs12151618	2	173505748	rs145190450	0.15331
2	173415560	rs12151618	2	173505829	rs111660931	0.0989533
2	173415560	rs12151618	2	173506695	rs73040802	0.202391
2	173415560	rs12151618	2	173507413	rs16860762	0.199728
2	173415560	rs12151618	2	173508009	rs16860768	0.217476
2	173415560	rs12151618	2	173508468	rs73977622	0.213692
2	173415560	rs12151618	2	173508641	rs73042910	0.108734
2	173415560	rs12151618	2	173508866	rs16860769	0.121325
2	173415560	rs12151618	2	173509233	rs73042913	0.217476
2	173415560	rs12151618	2	173509987	rs59074037	0.192177
2	173415560	rs12151618	2	173510088	rs111316716	0.214824
2	173415560	rs12151618	2	173511235	rs73042916	0.217476
2	173415560	rs12151618	2	173511552	rs58329616	0.121325
2	173415560	rs12151618	2	173515620	rs184906716	0.213692
2	173415560	rs12151618	2	173517195	rs199752972	0.0977928
2	173415560	rs12151618	2	173517823	rs145038988	0.118398
2	173415560	rs12151618	2	173520605	rs60845738	0.108734
2	173415560	rs12151618	2	173524755	rs73977647	0.121325
2	173415560	rs12151618	2	173526582	rs55967205	0.121325
2	173415560	rs12151618	2	173528300	rs75030659	0.121325
2	173415560	rs12151618	2	173528837	rs113228628	0.108549
2	173415560	rs12151618	2	173533225	rs2054162	0.0912799
2	173415560	rs12151618	2	173533829	rs6736977	0.173722
2	173415560	rs12151618	2	173534259	rs4313941	0.0912799
2	173415560	rs12151618	2	173537789	rs78726056	0.0920996
2	173415560	rs12151618	2	173538877	rs6757567	0.156922
2	173415560	rs12151618	2	173539517	rs11288613	0.162287
2	173415560	rs12151618	2	173540064	rs73042972	0.0922594
2	173415560	rs12151618	2	173540854	rs2084732	0.0920996
2	173415560	rs12151618	2	173542161	rs78972754	0.0912957
2	173415560	rs12151618	2	173542635	rs12615889	0.0920996
2	173415560	rs12151618	2	173542899	rs836638	0.157315
2	173415560	rs12151618	2	173543380	rs3816536	0.140322
2	173415560	rs12151618	2	173545999	rs4972850	0.0932501
2	173415560	rs12151618	2	173546313	rs733331	0.0932501
2	173415560	rs12151618	2	173547634	rs4972851	0.0932501
2	173415560	rs12151618	2	173549272	rs13384609	0.0912522
2	173415560	rs12151618	2	173549394	rs13422388	0.0912522
2	173415560	rs12151618	2	173549549	rs28670307	0.0912522
2	173415560	rs12151618	2	173549793	rs13425350	0.0912522
2	173415560	rs12151618	2	173549822	rs13387816	0.0912522
2	173415560	rs12151618	2	173549830	rs78910115	0.0928543
2	173415560	rs12151618	2	173550622	rs10190099	0.0925998
2	173415560	rs12151618	2	173551857	rs71018514	0.126111
2	173415560	rs12151618	2	173552642	rs10172894	0.0945259
2	173415560	rs12151618	2	173553474	rs11898565	0.0901404
2	173415560	rs12151618	2	173553567	rs10930569	0.180124
2	173415560	rs12151618	2	173558667	rs75551158	0.0916071
2	173415560	rs12151618	2	173560671	rs13389072	0.0956701
2	173415560	rs12151618	2	173562901	rs6741433	0.0968041
2	173415560	rs12151618	2	173563270	rs1451447	0.0968041
2	173415560	rs12151618	2	173563856	rs11891071	0.101837
2	173415560	rs12151618	2	173564133	rs6717366	0.0968041
2	173415560	rs12151618	2	173564454	rs141483353	0.090837
2	173415560	rs12151618	2	173564511	rs6717851	0.097199
2	173415560	rs12151618	2	173564514	rs6433376	0.253268
2	173415560	rs12151618	2	173564557	rs112305733	0.0981471
2	173415560	rs12151618	2	173564951	rs148104771	0.0984895
2	173415560	rs12151618	2	173565333	rs116202650	0.0956418
2	173415560	rs12151618	2	173565376	rs75294794	0.098189
2	173415560	rs12151618	2	173565470	rs79378387	0.0968041
2	173415560	rs12151618	2	173566133	rs11888564	0.0968041
2	173415560	rs12151618	2	173566367	rs201156114	0.217376
2	173415560	rs12151618	2	173566403	rs73044819	0.0981471
2	173415560	rs12151618	2	173566930	rs113671052	0.0981471
2	173415560	rs12151618	2	173567033	rs12328781	0.0940461
2	173415560	rs12151618	2	173567130	rs13423020	0.157759
2	173415560	rs12151618	2	173567307	rs13411408	0.0956452
2	173415560	rs12151618	2	173567360	rs13423248	0.0968041
2	173415560	rs12151618	2	173567675	rs13400719	0.10385
2	173415560	rs12151618	2	173568028	rs11902043	0.0965257
2	173415560	rs12151618	2	173568296	rs11897396	0.0991118
2	173415560	rs12151618	2	173568451	rs12329241	0.0968041
2	173415560	rs12151618	2	173568556	rs2167374	0.0954232
2	173415560	rs12151618	2	173568994	rs12328591	0.0968041
2	173415560	rs12151618	2	173569393	rs10198425	0.0968041
2	173415560	rs12151618	2	173569402	rs10198426	0.0968041
2	173415560	rs12151618	2	173570573	rs13408965	0.0950695
2	173415560	rs12151618	2	173570908	rs6724116	0.14541
2	173415560	rs12151618	2	173572142	rs28541707	0.0940671
2	173415560	rs12151618	2	173573588	rs62168072	0.1523
2	173415560	rs12151618	2	173573776	rs79542292	0.0920294
2	173415560	rs12151618	2	173574330	rs4395226	0.234476
2	173415560	rs12151618	2	173574348	rs28690076	0.151043
2	173415560	rs12151618	2	173576973	rs12999512	0.121918
2	173415560	rs12151618	2	173577115	rs13428122	0.143488
2	173415560	rs12151618	2	173577528	rs836598	0.32035
2	173415560	rs12151618	2	173577894	rs7573946	0.197402
2	173415560	rs12151618	2	173599844	rs75787175	0.121253
2	173415560	rs12151618	2	173608098	rs1451450	0.114847
2	173415560	rs12151618	2	173614286	rs6755495	0.122378
2	173415560	rs12151618	2	173615636	rs1823611	0.104274
2	173415560	rs12151618	2	173616815	rs6433378	0.110089
2	173415560	rs12151618	2	173620465	rs6433379	0.115906
2	173415560	rs12151618	2	173620524	rs6433380	0.146657
2	173415560	rs12151618	2	173622098	rs2113806	0.132039
2	173415560	rs12151618	2	173622459	rs12619176	0.143013
2	173415560	rs12151618	2	173628580	rs4972854	0.156171
2	173415560	rs12151618	2	173635424	rs7563076	0.128577
2	173415560	rs12151618	2	173636245	rs13007746	0.15471
2	173415560	rs12151618	2	173637369	rs2042563	0.101496
2	173415560	rs12151618	2	173637947	rs2042562	0.156398
2	173415560	rs12151618	2	173640756	rs7573201	0.115912
2	173415560	rs12151618	2	173642371	rs1863172	0.148345
2	173415560	rs12151618	2	173642780	rs13398940	0.115937
2	173415560	rs12151618	2	173644123	rs7584737	0.156398
2	173415560	rs12151618	2	173645199	rs4972856	0.159899
2	173415560	rs12151618	2	173646413	rs1863170	0.112416
2	173415560	rs12151618	2	173754402	rs11904533	0.111669
2	173415560	rs12151618	2	173764392	rs2553014	0.096074
2	173415560	rs12151618	2	173771537	rs72280646	0.111699
2	173415560	rs12151618	2	173784658	rs2113807	0.115173
2	173415560	rs12151618	2	173799003	rs1974922	0.10771
2	173415560	rs12151618	2	173800195	rs12465032	0.108434
2	173415560	rs12151618	2	173801466	rs4972519	0.11542
2	173415560	rs12151618	2	173802495	rs10754979	0.111241
2	173415560	rs12151618	2	173803681	rs12986507	0.112626
